649 24 25 650 780 490 491 648 21 22 20 19 23 542 779 492 647 18 17 565 645 499 760 502 762 16 14 15 501 500 761 13 646 607 498 493 593 12 503 506 504 628 10 11 507 509 508 9 505 497 494 496 495 4 7 763 765 594 8 510 511 766 520 512 521 518 515 516 517 514 513 519 5 6 764 3 523 522 524 2 525 1 0 489 485 483 484 
616 477 615 782 653 28 575 468 476 748 29 32 31 30 617 467 540 747 33 576 541 479 794 26 478 795 27 652 487 480 488 614 486 482 481 469 474 470 473 471 472 475 459 654 682 36 749 34 35 697 37 696 783 466 465 605 463 464 683 693 694 461 462 699 460 698 550 702 40 38 39 800 700 695 458 557 457 456 44 801 42 43 548 41 455 701 539 45 
804 453 454 854 716 882 891 887 452 885 881 47 48 883 853 848 704 623 579 432 433 558 849 878 560 436 438 437 656 434 435 884 893 802 888 439 876 877 440 892 890 879 441 451 875 880 450 444 889 443 442 445 449 448 446 447 546 850 848 704 623 579 432 433 558 849 878 560 436 438 437 656 434 435 893 802 888 439 876 877 440 892 890 879 441 451 875 880 450 444 889 443 442 445 449 448 446 447 431 684 431 684 805 46 
49 872 873 791 852 851 790 789 691 690 666 667 788 665 638 670 184 186 185 188 187 668 189 664 637 190 171 785 786 179 180 182 604 681 183 787 547 669 792 793 640 170 176 173 175 174 172 177 178 181 871 870 530 571 169 168 48 883 853 884 546 850 871 870 530 571 169 168 191 886 51 50 869 167 886 51 50 869 167 
154 146 635 145 600 767 774 65 768 634 534 69 144 772 68 67 66 770 777 778 61 62 155 156 834 157 158 532 771 63 64 769 833 159 773 776 60 59 843 58 841 143 153 148 147 152 149 151 150 572 868 845 54 52 53 838 166 165 842 531 840 844 56 57 55 836 161 160 835 162 163 839 164 874 837 572 868 845 54 52 53 838 166 165 842 531 840 844 56 57 55 836 161 160 835 162 163 839 164 874 837 775 659 142 70 599 629 630 71 141 135 136 140 
596 133 633 784 73 74 132 595 612 75 533 597 125 573 78 76 77 130 127 129 128 126 131 591 84 121 755 83 627 122 123 82 81 563 598 124 613 80 79 120 116 756 115 87 86 85 757 114 88 119 118 117 582 113 624 89 93 90 753 102 110 112 111 94 99 100 752 101 92 91 109 104 107 106 108 105 103 98 95 96 97 72 632 631 134 137 139 138 
636 687 688 798 677 661 621 622 680 712 545 679 672 673 676 639 674 655 692 529 707 705 703 799 689 663 544 711 193 660 194 195 196 551 796 797 865 655 692 529 707 705 703 799 689 601 662 192 663 544 711 601 662 192 803 803 430 706 706 429 428 427 559 559 425 671 426 
818 816 821 825 830 829 737 826 822 817 709 738 828 823 827 806 857 819 820 736 740 856 809 855 860 549 807 678 808 739 741 675 602 686 424 864 
205 203 651 204 609 566 281 280 846 611 734 730 733 527 847 732 291 201 610 526 608 284 282 283 285 202 735 290 731 286 288 289 287 863 200 781 862 199 198 292 294 197 861 858 859 824 568 
720 751 225 224 257 258 226 256 750 227 255 254 562 221 222 832 259 260 261 223 265 581 253 229 228 233 230 231 232 235 249 250 234 252 251 247 237 248 236 246 238 245 239 240 244 243 242 241 263 262 220 
297 815 814 330 866 742 298 810 811 528 570 313 312 619 316 314 315 299 812 813 329 618 577 318 317 543 620 320 319 580 328 578 322 321 325 326 327 324 323 300 306 303 302 585 301 305 304 569 745 308 307 743 744 311 309 310 331 293 296 295 535 
421 657 536 713 336 626 710 555 333 335 715 714 708 334 590 625 553 337 342 339 340 341 338 658 685 422 867 332 603 423 420 537 584 343 344 589 583 419 556 345 346 
754 348 588 347 587 746 413 351 353 352 349 350 586 354 574 412 418 831 538 414 417 416 415 554 359 403 404 360 643 642 411 410 355 409 408 356 644 357 358 606 407 641 405 406 
366 365 895 374 394 373 395 894 372 396 371 592 368 397 398 370 758 402 401 367 759 399 400 369 721 376 375 393 391 392 377 564 390 389 378 388 722 381 387 379 380 385 386 383 382 384 364 362 363 361 
896 729 727 724 209 275 264 561 218 219 272 271 213 211 719 215 270 266 210 274 726 725 276 277 728 206 207 208 567 723 278 279 552 273 212 268 269 217 718 717 216 214 267 
