700 12 452 11 13 451 14 450 699 10 453 8 9 696 7 455 456 454 697 698 6 457 694 464 4 2 3 1 5 466 0 465 695 458 463 460 459 461 462 693 447 16 448 449 15 17 692 445 18 446 444 443 20 19 
488 432 431 31 645 644 430 32 642 429 428 646 36 34 35 33 592 638 30 434 433 435 29 591 636 635 436 28 24 479 637 23 691 438 439 440 437 688 442 690 441 689 22 21 25 26 27 643 427 426 478 508 38 504 39 506 425 423 424 37 
513 477 521 409 517 410 411 48 512 514 520 412 47 475 525 414 416 415 413 493 40 503 43 41 42 476 505 422 420 421 507 419 511 46 44 45 510 532 417 418 597 49 516 408 406 518 407 
529 619 402 617 489 534 587 162 519 522 524 523 405 403 404 620 400 401 588 468 618 584 586 589 163 574 399 398 580 165 164 625 530 526 515 161 626 484 627 160 527 159 158 531 397 585 582 579 583 
598 533 615 153 51 50 472 601 528 155 154 535 156 157 596 603 610 56 469 606 142 144 143 58 57 602 605 54 55 604 145 53 608 146 147 148 600 52 471 609 149 612 151 599 152 150 616 
660 663 130 69 68 656 131 132 67 658 133 135 134 614 657 66 65 640 64 63 62 639 136 659 129 128 661 127 664 72 70 71 470 662 125 124 126 665 75 73 74 682 122 121 683 77 76 78 123 139 613 61 490 138 137 141 611 59 607 140 60 
681 114 84 115 83 85 113 680 86 112 111 687 116 82 117 81 119 684 118 80 679 89 110 87 88 676 108 92 90 91 109 675 98 99 93 677 678 674 107 101 102 105 103 104 106 100 95 94 96 97 685 79 686 120 
481 557 555 554 556 622 559 553 563 548 542 545 628 485 486 550 549 551 482 552 480 558 578 568 577 561 576 564 546 265 629 590 581 298 
648 174 567 256 255 254 575 258 257 178 250 666 177 647 252 175 176 251 649 253 565 171 173 566 467 624 261 259 260 262 560 263 172 167 168 169 170 166 570 623 641 621 569 264 
672 189 239 241 240 188 670 187 242 671 185 186 673 191 238 190 668 181 247 245 246 180 669 244 184 243 182 183 248 667 249 179 
196 233 232 197 231 198 209 229 536 230 199 208 202 203 201 200 207 204 206 205 210 227 228 214 222 213 224 223 212 225 211 226 221 215 216 220 217 219 218 235 195 234 194 236 193 237 192 
593 293 499 634 270 497 273 272 271 473 502 282 491 274 280 281 276 277 278 279 275 500 492 284 283 292 290 501 287 289 288 286 285 291 631 267 630 633 295 294 632 268 269 498 296 266 297 
539 390 572 303 304 494 309 308 495 389 483 573 305 307 306 540 543 391 562 299 474 571 301 302 300 541 392 396 394 395 393 487 387 386 312 311 310 388 547 544 
651 652 378 319 379 318 594 317 380 509 315 383 314 595 381 382 316 496 313 384 324 650 320 377 376 321 375 653 322 374 323 654 373 385 
371 370 369 328 327 368 329 367 330 538 365 364 333 331 332 366 354 362 361 537 363 353 336 335 334 360 355 359 356 358 357 340 349 350 339 351 338 352 337 348 341 342 347 343 344 346 345 655 326 325 372 
