16 15 425 424 14 426 13 427 10 430 11 429 428 12 9 431 475 432 3 2 4 7 6 5 8 1 434 433 435 0 436 
405 559 36 35 449 37 557 404 403 651 402 489 38 477 401 400 399 448 476 528 465 398 530 41 40 39 517 546 547 397 395 396 394 42 516 511 515 510 539 545 393 392 529 538 540 391 513 542 544 389 390 388 43 514 512 543 387 589 505 45 44 384 385 633 386 441 452 591 
590 46 471 588 600 126 125 124 555 128 127 587 440 558 602 132 130 131 598 599 601 129 552 50 444 640 121 122 49 47 48 597 641 123 526 479 490 469 134 133 135 478 136 527 493 492 638 119 118 553 52 51 120 445 554 53 639 117 
649 67 103 68 102 650 101 69 71 70 100 99 72 648 65 105 66 104 107 106 64 647 108 63 109 62 61 644 110 60 646 645 59 111 58 113 112 466 114 57 56 550 551 55 115 116 54 
79 92 470 86 87 89 88 90 91 84 82 81 85 80 83 96 75 97 74 98 73 76 95 77 94 93 78 
534 541 615 614 616 617 502 613 532 592 632 637 618 468 635 382 383 626 627 619 624 642 371 460 630 374 372 373 631 378 628 375 376 377 629 381 379 380 461 596 692 682 691 696 152 695 150 149 151 595 147 148 145 146 519 537 535 520 522 139 140 141 138 536 593 142 463 594 144 143 634 518 504 525 501 521 523 533 453 524 689 693 153 680 681 622 690 683 549 623 621 548 459 699 698 370 620 451 625 503 531 636 491 462 137 509 689 693 153 680 681 622 690 683 549 623 621 548 699 698 620 451 625 
584 240 582 577 671 670 579 580 576 578 438 609 159 605 669 158 686 676 675 673 568 565 567 672 569 570 154 694 679 439 678 437 705 706 703 687 155 156 704 697 707 450 674 668 702 688 685 157 684 677 700 701 561 572 154 694 679 643 369 439 678 437 705 706 703 687 155 156 708 367 368 704 697 707 710 366 365 712 709 450 674 668 702 688 685 157 684 677 700 701 
612 238 237 583 610 236 235 234 606 162 163 443 607 164 611 233 232 741 740 165 239 464 581 608 604 585 161 160 
184 183 212 213 753 214 182 181 215 188 208 189 207 206 190 187 209 186 210 185 211 192 204 205 191 203 193 202 194 197 195 196 201 198 199 200 
485 484 275 274 481 474 264 266 265 497 273 498 270 271 268 269 272 456 499 267 442 482 454 480 586 247 245 246 507 248 249 455 473 487 250 472 259 260 261 556 262 263 467 257 255 254 258 256 488 253 252 251 571 458 242 560 494 506 241 564 562 575 574 563 283 282 281 280 508 573 243 244 496 495 483 457 500 276 278 277 486 603 279 
447 718 716 292 666 658 361 360 359 659 289 657 290 287 288 665 664 291 358 667 362 363 446 656 286 662 652 660 663 655 285 566 654 653 284 713 364 711 661 459 643 369 370 708 367 368 710 366 365 712 709 
341 340 338 313 339 317 334 314 337 336 315 316 335 331 320 319 332 318 333 330 321 322 329 323 328 326 327 324 325 310 311 312 
754 231 167 748 175 177 219 178 744 743 230 742 169 226 747 171 173 224 750 222 739 166 228 168 229 170 227 746 225 745 172 223 752 180 216 217 179 221 220 176 751 218 749 174 
755 733 302 304 737 344 343 306 305 735 301 730 350 299 738 308 734 349 351 300 731 298 732 352 296 297 715 717 295 355 356 294 293 357 714 354 353 309 348 347 303 307 342 345 736 346 
756 32 728 20 727 21 417 416 25 725 26 23 722 412 27 723 30 719 409 720 407 721 34 31 33 406 29 411 724 410 408 414 413 28 421 19 420 422 18 419 418 726 24 415 22 729 17 423 
