19 486 487 488 18 17 489 16 490 15 491 541 495 496 11 494 493 13 12 587 14 492 20 533 497 8 10 9 498 664 665 499 7 500 663 667 507 1 508 0 6 666 506 501 5 2 4 3 502 504 503 505 673 485 21 484 
633 471 36 470 469 37 34 35 472 634 468 38 566 473 33 32 521 31 476 30 474 475 657 656 29 477 668 43 41 42 670 463 464 462 648 40 465 466 467 39 672 22 483 23 482 671 24 481 479 480 655 27 28 478 26 25 
642 644 453 643 54 651 624 55 615 646 57 59 58 60 61 56 44 669 461 460 522 45 46 459 678 47 677 458 457 456 674 49 48 676 675 50 455 454 645 53 51 52 520 631 62 632 618 
578 331 559 625 65 622 580 621 514 63 64 619 620 616 623 512 67 577 330 66 636 626 527 579 329 327 328 627 69 581 68 70 509 560 555 332 326 557 333 
593 591 589 640 639 516 597 595 599 598 526 602 605 611 608 601 630 629 603 325 511 628 519 647 606 607 324 610 609 71 323 600 
162 649 167 82 83 166 652 84 165 653 163 86 164 85 87 168 81 638 80 169 596 171 170 79 78 76 75 77 74 592 594 604 73 72 654 161 88 
157 92 156 93 94 155 95 154 153 96 149 100 101 148 102 147 99 150 151 98 152 97 90 159 89 160 158 91 
112 117 553 136 118 135 113 115 114 116 130 132 131 120 119 133 134 125 122 121 129 124 123 126 128 127 107 142 109 140 108 141 110 139 111 138 137 143 106 144 105 145 104 146 103 
552 510 582 175 539 529 180 176 179 518 546 186 185 532 184 181 182 183 535 187 545 199 551 198 190 188 549 543 540 515 550 189 531 174 172 173 588 191 197 192 196 195 193 194 534 544 200 201 542 208 202 209 205 203 207 206 204 177 178 637 590 548 
307 233 308 232 230 310 309 231 229 311 315 225 650 224 223 312 228 227 313 314 226 641 316 222 219 220 221 317 318 320 319 321 322 218 217 210 216 211 215 213 214 212 
242 298 299 241 297 243 296 244 295 245 294 246 300 240 239 301 238 302 303 237 293 247 248 292 234 306 305 235 304 236 
288 252 287 253 286 254 285 255 256 284 257 258 554 259 283 277 276 260 261 282 278 279 281 280 530 275 262 265 263 264 274 273 266 269 267 268 272 270 271 251 289 250 290 249 291 
613 614 451 612 564 565 342 562 558 517 556 561 336 341 563 335 334 339 337 338 340 537 448 528 347 346 348 536 345 513 344 343 450 449 585 350 444 538 547 445 349 447 446 617 452 351 583 443 442 352 
567 357 437 356 358 436 435 568 359 434 569 361 432 433 360 362 431 570 363 430 365 364 429 428 420 524 372 422 374 373 421 659 660 423 371 424 658 425 370 426 662 368 367 369 661 366 427 586 353 354 584 441 523 355 440 438 439 
572 408 385 407 384 410 409 635 383 411 382 381 413 412 525 388 406 386 387 574 405 575 389 573 398 403 404 576 396 397 390 402 399 401 400 393 392 394 395 391 377 417 376 378 416 379 415 380 414 418 419 571 375 
