20 21 467 535 16 15 471 469 18 634 7 479 8 478 9 658 477 10 476 11 555 12 475 474 13 511 473 472 14 510 482 480 481 6 5 483 534 4 488 485 486 487 484 489 2 490 1 0 3 19 633 466 470 17 574 468 465 
504 46 47 648 494 441 587 52 51 613 53 650 533 573 48 49 614 50 592 615 521 583 342 591 345 594 612 588 54 55 524 56 59 561 647 58 57 562 62 620 522 61 60 493 45 442 
599 598 497 500 602 600 606 326 605 661 601 662 663 499 664 65 63 64 603 665 666 324 323 325 492 678 679 322 321 675 682 320 704 68 66 67 660 518 671 673 71 70 69 604 617 327 328 585 645 676 677 319 670 
691 685 506 693 695 690 160 689 686 688 687 692 230 227 163 228 162 705 229 161 643 694 644 674 684 681 231 672 159 226 164 589 158 
701 703 145 88 89 90 144 699 702 91 92 700 141 143 142 140 491 581 93 557 139 517 582 138 102 136 137 558 95 94 559 135 97 99 98 100 96 101 146 147 87 626 86 
109 128 127 110 553 111 126 505 114 124 112 113 125 115 120 123 122 121 116 118 117 119 129 108 130 107 106 131 132 105 133 104 134 103 
175 178 181 528 571 182 525 540 590 165 576 166 168 174 575 169 183 187 531 569 570 659 200 530 199 192 190 191 568 189 188 180 179 577 578 527 567 225 566 220 224 222 221 526 565 203 201 202 208 204 564 529 216 209 219 218 217 213 215 212 210 211 214 205 207 206 198 193 197 194 196 195 186 184 185 176 177 173 172 170 171 167 
683 314 547 546 697 235 313 232 233 234 242 712 240 308 239 309 241 307 306 713 310 238 698 312 237 311 236 680 316 315 318 317 223 
710 711 244 304 303 245 706 302 707 301 300 708 248 246 247 249 495 718 299 715 250 251 719 714 252 717 297 298 290 291 292 295 293 294 296 716 254 253 289 255 709 305 243 
264 282 281 265 280 263 262 283 261 284 260 285 572 266 279 278 277 267 532 268 276 271 270 269 275 273 272 274 286 259 287 258 256 257 288 
642 368 367 366 513 418 419 417 636 365 637 420 638 422 423 421 363 364 635 416 512 424 425 362 652 359 651 426 653 360 361 357 358 655 355 354 657 430 356 548 428 429 427 549 656 353 550 433 431 432 436 434 496 350 654 352 351 348 437 520 435 349 580 439 552 346 438 551 347 
640 376 409 378 377 669 407 379 408 536 403 382 381 380 405 406 404 514 402 383 398 400 401 399 556 384 385 396 397 516 395 393 394 386 391 387 392 389 388 390 369 641 415 414 370 515 371 413 373 372 639 374 411 412 375 410 
720 440 616 597 338 579 343 341 344 560 498 335 336 584 696 621 649 563 593 337 339 340 595 596 611 609 333 332 608 334 331 607 519 618 610 586 501 619 330 329 
721 630 631 459 508 28 31 32 667 668 554 27 461 25 23 464 37 538 542 36 34 35 507 541 450 453 451 452 457 30 458 29 455 629 456 33 454 39 537 448 543 38 449 40 502 539 544 41 42 646 443 444 545 43 44 523 447 445 446 460 26 509 462 24 463 632 22 
722 76 624 78 73 75 627 148 149 503 150 622 152 80 154 155 153 157 77 74 628 85 84 83 151 81 82 623 79 156 625 72 
