589 18 400 401 17 16 571 402 15 512 405 13 12 406 14 404 403 602 9 411 410 409 408 10 438 407 11 7 8 466 6 414 412 413 465 1 415 5 0 418 419 416 417 4 2 3 
641 32 640 385 31 386 30 633 387 388 634 635 389 29 618 395 617 23 21 22 393 394 391 624 390 28 27 626 625 26 392 24 616 25 399 609 398 608 19 20 396 607 397 383 636 35 34 33 384 382 
637 638 36 38 37 464 39 40 425 639 379 380 381 378 457 444 377 453 43 41 42 481 423 443 45 44 376 458 477 47 46 51 478 460 454 501 459 49 48 50 472 375 471 479 52 53 54 
470 484 272 485 487 270 271 483 469 432 448 482 273 275 274 497 505 494 498 490 434 489 58 57 59 496 60 495 492 276 424 502 473 488 56 507 508 503 480 433 509 449 55 541 486 504 269 268 532 542 446 575 534 540 266 265 267 527 533 491 493 528 63 62 61 525 64 
543 436 558 547 559 545 422 549 551 552 537 421 524 530 536 526 546 429 523 531 522 535 430 548 554 544 431 538 553 148 579 150 149 
569 570 77 562 74 463 140 141 73 561 76 138 137 75 139 455 447 144 142 143 72 578 146 435 145 147 461 71 520 70 68 67 69 65 66 577 462 521 529 78 
132 131 511 82 81 133 437 85 130 83 84 128 129 510 127 88 86 87 565 90 125 89 126 566 124 91 123 136 135 567 79 80 568 134 
102 114 99 115 101 100 103 113 104 112 105 111 106 110 109 107 108 121 120 94 98 116 117 97 96 118 95 119 92 122 93 
563 180 151 476 179 499 178 177 176 152 153 451 474 156 158 157 519 175 174 173 475 154 155 420 450 172 171 456 160 159 452 162 442 170 168 169 161 166 167 164 165 163 181 
594 595 596 185 186 259 260 555 183 184 560 182 557 550 556 261 539 262 263 264 593 598 190 257 258 576 597 188 187 189 513 256 191 192 255 515 254 514 193 
610 200 247 612 249 611 199 248 198 439 194 253 251 252 603 197 250 195 196 619 202 201 620 245 246 243 242 244 204 203 627 241 205 206 
628 239 207 240 208 238 210 237 209 213 234 235 212 211 236 214 233 232 215 216 229 231 217 230 228 218 219 227 220 226 225 221 224 222 223 
580 373 584 291 426 289 290 583 288 586 581 582 574 283 282 573 374 564 587 599 286 287 285 284 518 500 506 428 445 281 600 371 370 369 585 293 294 292 372 427 601 588 295 280 279 278 277 
614 357 615 305 306 358 356 604 307 304 359 613 360 623 622 361 303 366 630 364 363 621 302 301 362 629 365 631 300 298 299 632 297 605 308 606 355 311 310 309 441 353 354 352 351 591 312 590 368 296 367 
468 338 339 324 336 337 325 440 340 321 323 322 516 343 320 342 341 319 345 344 467 334 335 326 330 329 328 327 331 332 333 592 314 315 313 350 572 316 349 347 348 317 517 346 318 
