564 493 546 556 15 17 16 629 666 20 18 19 626 627 21 491 492 555 498 625 494 497 496 495 577 13 576 617 500 499 14 770 11 10 12 523 771 766 503 9 501 502 504 772 765 774 505 514 767 8 768 515 769 5 1 517 0 2 3 4 516 6 7 773 506 513 511 509 510 512 508 507 
714 490 488 489 586 26 25 24 539 628 23 22 587 487 486 524 585 27 547 482 485 483 484 637 568 28 31 30 29 571 633 39 40 670 474 475 472 473 38 522 635 476 632 37 36 636 673 32 33 671 480 479 672 481 567 34 35 634 478 477 544 45 43 42 44 520 638 471 469 470 543 41 468 594 467 592 466 593 48 47 49 46 
685 612 661 59 60 61 688 664 686 521 464 545 58 56 57 631 54 55 600 465 584 598 50 51 599 566 53 52 533 663 687 
699 759 64 63 704 702 65 677 346 647 348 347 678 692 693 698 697 518 662 713 349 350 711 712 541 640 578 342 343 341 579 691 646 344 345 700 525 694 701 67 66 548 68 69 70 644 532 760 62 
642 641 645 674 676 690 604 611 161 659 658 252 696 684 580 557 581 535 657 254 253 595 569 601 251 162 250 247 246 588 167 163 166 534 602 536 603 164 165 249 248 675 643 610 519 160 245 669 656 168 689 549 
720 145 146 86 85 706 84 147 148 705 149 83 81 82 538 80 152 150 151 605 77 78 79 153 154 608 75 76 607 74 542 159 158 156 606 155 157 73 71 72 
106 125 126 105 103 128 104 127 107 124 108 123 112 120 109 122 121 110 111 119 113 114 115 118 117 116 129 102 
665 172 175 179 171 170 682 561 618 180 683 758 652 757 756 195 176 178 177 558 654 565 667 668 169 630 624 208 623 200 622 199 196 198 197 206 207 201 205 202 204 203 173 174 209 212 562 680 681 216 213 215 582 228 234 648 679 695 221 703 653 560 559 655 583 650 243 651 227 222 226 224 225 223 220 217 219 218 229 233 230 231 232 210 211 649 242 238 235 563 236 237 241 239 240 214 181 186 194 620 187 619 621 192 188 191 189 190 193 182 184 183 185 244 
286 308 287 307 288 306 305 289 304 290 291 301 303 292 302 300 294 293 295 298 299 296 297 285 309 
761 371 764 373 752 754 374 375 449 450 528 753 451 452 750 378 376 377 747 447 448 741 745 385 439 440 384 530 746 383 382 742 442 441 744 751 379 380 749 381 743 445 443 444 446 762 755 438 748 386 387 763 454 372 453 455 527 552 368 370 369 367 707 458 457 456 
728 426 425 424 529 735 402 731 429 734 729 398 427 428 397 732 730 399 400 401 725 414 736 726 423 416 415 418 417 419 727 422 420 421 738 737 413 404 403 407 409 410 408 411 412 406 405 553 391 393 392 531 574 434 433 390 573 639 436 435 740 394 396 395 739 432 430 431 733 537 437 575 389 388 
775 340 339 326 660 265 540 261 609 331 330 259 260 334 258 338 255 256 333 570 335 591 257 267 264 263 715 327 328 268 266 329 332 262 336 337 590 
776 616 613 551 360 462 710 358 357 572 366 459 526 362 589 365 463 614 709 355 356 354 353 615 361 359 461 724 708 597 550 460 596 363 364 554 352 351 
717 272 271 270 315 279 278 277 316 719 276 317 275 718 320 274 318 319 321 322 323 273 314 280 313 281 282 312 283 311 284 310 716 324 777 269 325 
778 97 134 99 98 100 101 96 95 723 93 89 141 140 92 90 88 135 132 133 131 130 136 137 94 138 721 142 722 91 139 143 87 144 
