731 493 735 20 728 469 727 471 472 470 734 11 16 15 14 13 17 18 19 12 730 473 10 733 476 9 474 475 477 700 478 483 8 482 479 480 481 701 484 6 7 487 5 486 485 4 488 3 489 0 1 2 740 22 23 732 738 21 729 467 468 466 465 
454 34 702 705 31 457 458 497 707 33 32 703 456 737 25 741 461 742 706 29 496 27 26 28 704 459 460 30 743 24 739 464 463 462 736 688 455 
511 682 56 666 665 667 358 357 55 57 651 361 649 650 360 662 54 53 663 359 507 684 683 699 363 652 648 362 647 508 661 495 506 680 52 51 364 679 677 681 50 356 58 694 355 685 686 59 692 60 664 689 668 354 
595 609 583 607 594 621 608 490 630 691 687 492 623 610 596 521 597 502 629 624 690 622 626 582 693 557 
519 157 158 156 69 70 634 73 153 152 72 633 71 155 154 159 74 68 531 160 67 631 161 64 62 63 66 65 61 593 581 695 162 164 167 166 165 163 75 
535 86 140 142 143 534 82 639 144 85 84 83 141 88 138 139 87 696 76 150 533 148 147 146 149 78 77 79 80 512 145 81 90 137 89 151 
527 130 94 96 131 132 134 93 133 553 129 97 98 128 95 92 135 91 136 539 127 99 101 102 100 517 126 103 125 124 123 104 122 105 121 120 106 119 107 110 117 118 108 109 111 115 116 112 114 113 
598 254 510 605 604 606 591 617 625 585 618 170 628 169 564 600 601 253 491 586 578 577 503 613 209 576 580 171 616 505 592 551 590 550 518 544 172 181 575 579 552 522 208 207 547 546 182 574 573 206 545 549 204 203 572 202 201 205 183 548 200 571 197 198 199 184 186 192 193 194 589 195 185 196 187 190 191 188 189 526 180 173 178 179 175 176 177 174 252 563 248 247 523 246 612 611 210 603 542 504 587 602 509 636 218 565 615 525 614 212 211 637 217 214 215 213 216 543 570 588 558 227 220 532 638 219 245 566 567 232 230 231 229 524 569 228 226 221 225 223 224 222 251 249 250 568 233 234 244 243 235 242 236 240 241 239 237 238 168 
540 337 276 336 513 282 330 284 283 332 331 520 279 280 335 635 334 333 541 281 277 278 530 285 329 328 286 556 327 338 287 326 288 
294 320 514 323 291 292 293 322 321 324 290 300 313 314 299 298 315 528 297 316 317 296 318 319 295 312 301 310 303 311 302 304 309 305 308 306 307 325 289 
640 559 374 373 641 643 378 376 377 536 375 379 516 500 538 371 561 642 674 369 368 370 367 366 452 372 654 560 655 365 537 646 653 
498 719 386 723 444 720 384 385 721 446 445 725 449 447 448 717 718 388 387 726 442 443 441 389 390 644 450 501 722 383 382 381 698 380 451 
714 393 711 712 437 710 515 713 435 432 433 434 436 404 709 401 396 399 397 398 400 402 403 708 716 395 394 555 431 405 554 428 406 427 429 430 529 426 423 407 425 424 420 409 408 421 422 410 419 411 418 417 412 416 413 414 415 440 724 439 438 499 715 391 392 
348 350 632 344 342 271 343 627 269 345 346 347 349 270 584 273 341 272 340 267 268 266 599 256 262 261 263 255 257 260 258 259 353 264 744 265 352 351 562 274 620 619 339 275 
745 645 697 453 669 494 40 672 41 659 658 43 44 673 38 36 676 42 47 48 45 46 671 39 37 35 675 656 657 670 660 49 678 
