524 8 480 483 482 481 580 485 6 7 484 2 3 4 5 581 486 1 0 490 489 488 487 536 15 473 14 16 472 548 17 471 18 537 477 10 12 11 476 511 475 13 474 9 479 478 470 
562 24 561 465 509 466 22 20 21 23 672 26 28 27 671 461 459 460 673 29 560 463 464 462 25 469 557 19 468 467 670 32 669 457 34 33 668 458 30 31 534 535 453 35 454 510 455 456 508 36 452 37 40 449 665 450 448 39 666 38 667 451 695 446 42 43 445 44 696 697 41 447 
553 642 505 64 641 631 638 637 653 652 65 517 643 687 71 654 68 66 67 70 69 568 570 308 309 569 310 632 307 633 519 523 311 312 493 644 559 635 496 552 63 
604 492 603 601 624 623 501 613 621 500 588 607 611 612 614 605 606 502 503 615 617 618 616 619 567 630 625 622 516 
658 159 90 89 659 92 157 91 158 93 156 661 96 153 151 152 97 154 95 660 94 155 663 150 98 99 656 163 86 162 87 657 88 161 160 85 164 100 149 
506 142 107 143 108 140 141 530 139 109 138 529 110 137 119 111 121 133 134 120 135 136 118 113 112 117 114 116 115 122 130 132 131 123 129 128 124 127 126 125 147 546 146 102 104 103 531 105 144 106 145 664 148 101 
545 592 184 591 183 181 182 585 589 180 587 177 179 178 556 498 544 191 193 192 525 190 186 187 185 189 188 586 595 491 515 203 597 206 204 205 596 209 207 208 598 566 577 578 579 202 200 201 522 196 199 198 197 576 195 194 499 176 
278 237 279 236 532 282 233 232 283 234 281 547 235 280 507 231 284 229 230 533 287 228 285 286 293 646 223 292 225 224 584 290 226 227 289 288 291 238 
240 276 239 277 241 275 274 272 244 242 273 243 263 246 271 245 262 248 249 247 264 270 269 265 268 266 267 261 250 260 253 251 252 259 255 257 256 258 254 
433 571 574 640 319 520 320 322 321 497 572 432 527 327 326 328 521 325 323 324 555 573 504 639 317 318 316 634 636 315 314 436 435 313 438 495 437 678 331 329 330 332 333 675 681 426 427 425 424 528 583 428 429 575 430 431 
686 417 683 340 415 414 416 512 342 341 682 339 338 676 337 677 420 674 335 422 336 421 419 418 564 565 410 346 411 412 514 345 344 348 563 409 408 347 685 413 684 343 680 423 679 334 693 407 694 349 351 350 692 691 353 404 403 690 405 352 406 645 399 359 398 688 355 402 354 689 400 401 358 356 357 
582 396 361 395 362 360 526 363 394 393 513 392 366 364 365 538 368 367 390 391 369 389 388 549 387 384 370 385 386 558 383 372 371 594 378 373 374 376 375 377 382 381 379 380 397 
704 554 434 593 518 59 541 540 494 56 57 48 698 703 699 439 542 50 53 550 543 551 60 61 58 62 54 539 55 52 47 441 49 440 51 444 700 443 701 46 45 442 702 
705 628 627 602 600 210 211 626 303 647 294 222 651 216 217 218 219 296 300 214 301 213 599 212 302 629 304 305 306 221 299 298 662 297 295 220 215 
706 174 175 608 77 173 75 74 72 655 84 83 650 81 78 172 648 80 168 590 620 609 76 73 165 82 166 167 610 649 171 170 169 79 
