9 479 478 477 10 476 11 12 563 483 5 481 482 607 480 7 8 6 484 533 490 4 486 489 485 2 3 492 1 493 0 491 487 488 537 15 14 13 475 507 16 17 600 472 18 469 471 470 474 473 
449 38 662 39 674 40 673 448 664 451 663 37 450 560 455 33 453 454 34 515 35 452 36 32 456 540 461 462 26 25 506 463 24 23 27 559 457 31 29 30 516 28 460 458 459 536 22 465 464 21 20 466 547 19 467 468 
611 438 575 647 646 649 63 64 578 650 52 579 60 648 61 62 582 53 59 57 55 56 54 58 669 442 670 46 45 443 668 44 444 440 441 41 446 671 447 42 675 43 672 445 656 655 439 50 48 654 47 49 504 51 501 437 610 65 
572 566 541 564 314 571 574 499 591 580 596 308 496 589 72 73 592 585 595 542 309 584 586 71 581 593 550 313 512 551 519 312 311 310 511 588 69 70 583 576 590 645 67 66 68 565 494 567 316 315 
620 500 618 627 502 666 503 638 626 630 518 613 643 76 77 621 622 303 304 644 78 615 624 619 616 628 301 302 640 80 617 625 79 629 495 635 636 652 82 81 637 614 594 307 623 305 306 612 587 74 75 631 169 
653 83 497 534 164 168 535 163 167 166 165 505 162 86 87 161 159 524 88 160 85 84 
97 98 151 99 150 149 599 146 102 101 147 100 148 96 152 95 153 94 154 93 155 91 157 92 156 158 90 89 
597 106 142 105 107 141 544 108 140 139 109 521 138 137 136 113 135 112 110 111 114 134 115 133 132 116 131 121 130 117 119 120 118 122 129 123 128 124 127 125 126 598 104 103 145 143 144 
639 207 173 206 641 174 187 520 513 548 205 184 549 195 539 201 642 530 528 532 183 531 179 175 180 181 182 197 196 199 200 198 177 178 176 188 189 190 191 192 193 543 514 194 202 204 203 186 185 171 632 208 172 209 210 170 
667 298 297 498 527 216 634 211 665 212 561 220 221 292 291 562 222 219 293 517 218 294 295 526 525 296 217 299 213 215 214 300 633 
228 285 227 286 287 226 224 289 223 288 225 229 284 230 282 283 280 232 281 231 279 234 233 235 278 277 290 
522 241 271 268 270 269 246 266 247 265 248 245 244 243 242 267 259 250 264 249 260 262 261 263 251 258 252 257 253 256 254 255 552 237 275 236 276 545 239 273 274 238 272 240 
429 338 337 657 430 336 433 432 510 434 332 658 335 659 431 333 334 605 606 331 435 329 330 570 328 608 609 436 558 326 323 324 325 322 321 327 320 569 318 319 568 573 577 317 428 660 339 661 
557 344 343 422 423 421 420 346 345 509 419 347 418 348 602 426 425 340 341 604 424 603 342 508 414 351 352 353 413 555 412 354 538 417 349 350 416 415 554 357 410 356 411 355 409 408 358 553 407 359 427 404 546 405 362 360 361 406 363 
397 369 370 396 395 371 394 372 651 373 393 601 390 375 391 392 374 376 389 556 377 383 388 387 385 386 384 379 378 382 381 380 368 529 364 398 523 366 367 365 403 402 400 399 401 
