538 23 22 622 21 497 496 498 591 590 20 16 501 502 19 18 17 500 499 567 15 503 14 8 592 509 593 7 504 507 506 505 508 13 10 12 11 9 595 510 594 6 517 700 516 511 512 515 514 513 701 518 5 2 1 521 0 3 520 4 519 
798 36 485 484 483 801 38 802 482 37 586 711 43 560 476 529 618 41 42 39 40 803 480 481 479 776 478 477 580 623 49 611 472 471 526 710 45 44 46 585 473 475 474 612 47 48 33 773 488 34 799 800 35 487 486 774 489 775 32 491 490 558 31 30 29 577 26 493 607 492 606 28 27 495 605 24 25 494 
613 525 549 466 465 548 50 52 51 609 610 470 468 467 469 546 553 58 57 615 463 625 61 770 60 59 581 617 464 574 614 55 56 601 53 54 460 461 616 524 462 769 772 63 771 64 62 628 627 626 65 
562 670 672 671 561 587 328 326 327 566 325 619 324 523 673 589 620 323 624 721 629 631 630 714 533 718 717 71 713 72 712 70 547 633 716 69 68 67 66 678 684 316 679 568 575 75 727 728 676 319 320 675 677 317 318 729 719 73 715 669 720 74 674 730 621 321 322 534 76 77 698 78 678 679 568 575 727 728 676 320 675 677 729 719 715 669 720 674 730 534 698 684 621 
750 530 668 689 695 747 757 752 765 751 686 683 691 688 690 536 687 692 693 706 745 748 763 746 686 683 691 688 690 536 687 692 693 756 764 741 706 759 171 745 748 763 746 
110 145 111 144 149 106 107 148 146 109 147 108 105 150 151 639 152 104 153 154 98 99 537 155 100 102 101 103 554 97 157 646 582 156 162 557 161 94 93 651 160 95 158 159 96 
115 140 139 138 116 137 117 118 122 134 121 133 123 132 135 120 119 136 125 130 124 131 129 126 128 127 143 112 113 142 114 141 
782 213 779 522 564 212 598 600 181 707 179 180 705 781 777 599 597 783 191 786 184 182 183 532 784 189 188 190 787 185 187 186 545 596 198 663 211 207 208 209 210 573 199 552 206 205 203 204 202 201 200 570 196 197 195 193 194 192 785 749 215 214 780 778 702 704 178 177 740 744 703 709 172 173 175 174 176 749 214 780 778 740 744 702 215 708 758 708 
640 242 241 240 239 288 295 578 293 294 237 236 540 238 292 290 291 289 652 299 300 231 296 297 724 298 232 539 235 234 233 230 301 244 286 287 243 
246 284 285 245 247 283 248 282 251 279 280 278 252 253 281 249 250 277 254 256 275 276 255 273 258 257 274 272 271 259 270 260 261 269 262 268 263 267 266 264 265 
531 551 350 349 603 444 602 446 447 445 576 726 448 571 348 346 347 527 725 449 450 604 345 344 637 458 528 638 563 330 655 332 331 329 662 660 457 636 656 550 722 337 657 336 565 333 334 335 658 645 343 723 338 644 451 661 456 659 453 454 452 455 342 341 340 339 459 632 635 634 588 443 
355 356 541 666 438 439 437 436 665 667 440 791 357 790 435 788 433 434 792 789 432 360 430 431 358 359 370 424 579 369 425 608 367 427 542 366 365 364 428 368 426 643 429 642 363 361 641 362 572 442 441 664 353 351 352 354 
418 569 422 544 377 373 374 376 375 417 768 767 416 386 378 408 766 794 795 387 406 407 385 380 384 382 383 381 379 421 419 420 415 409 414 410 413 411 412 388 793 405 797 397 404 796 396 389 401 402 400 403 399 398 392 391 393 390 394 395 543 372 423 371 
804 555 164 89 88 167 650 168 583 90 91 733 755 754 731 742 556 87 85 83 84 75 73 74 76 78 165 648 647 649 166 584 163 86 82 753 732 79 170 734 81 80 77 169 764 741 759 758 171 704 178 177 703 709 172 173 175 174 176 694 694 92 
805 653 302 303 228 762 226 743 223 225 681 682 308 312 309 218 735 736 685 739 222 219 221 319 317 322 229 559 227 761 304 224 305 307 310 311 306 315 699 314 313 216 217 535 697 737 738 220 316 318 321 760 654 680 696 
