543 6 488 7 487 5 489 562 495 4 490 491 493 492 494 2 0 1 497 496 3 649 16 478 14 15 512 486 8 484 485 9 629 13 480 479 12 11 606 483 10 481 482 17 477 
604 22 21 602 470 472 471 23 605 24 603 469 467 468 509 26 27 25 598 597 466 28 30 29 600 462 599 31 461 460 508 32 684 683 459 35 33 34 510 464 463 465 698 699 456 38 37 682 36 458 457 40 39 454 697 455 41 453 701 702 452 42 511 473 20 19 475 474 601 476 18 703 447 448 706 45 46 44 700 43 705 449 451 450 545 707 47 49 48 704 446 445 585 444 563 50 51 
498 544 52 577 443 521 55 53 54 564 58 56 567 442 57 546 565 547 59 580 60 61 703 447 448 706 45 46 44 700 43 705 449 451 450 545 707 47 49 48 704 446 445 585 444 563 50 51 441 581 
573 556 654 499 574 648 322 504 323 320 321 643 645 584 646 589 590 324 572 66 571 569 539 527 68 69 67 647 319 318 317 570 628 644 503 641 316 638 325 566 575 578 63 64 65 576 62 572 571 569 539 527 647 319 318 317 570 628 644 503 641 316 638 
542 550 625 624 501 618 626 222 617 616 505 615 612 223 620 221 506 165 549 548 639 500 640 315 637 627 614 622 536 623 555 522 535 167 220 166 218 551 164 537 555 522 535 70 71 
650 151 82 152 81 150 83 642 80 153 78 79 154 621 77 155 76 531 160 159 156 158 157 554 75 507 552 161 162 74 72 73 66 68 69 67 70 71 538 163 
97 136 99 134 98 135 100 133 132 101 105 128 129 130 104 103 131 102 127 106 114 107 126 115 125 113 109 108 112 110 111 124 116 123 117 122 118 119 121 120 137 
526 169 168 519 672 528 558 516 524 192 193 607 534 631 191 190 189 188 560 202 541 559 557 204 208 203 561 209 518 540 219 532 210 217 525 609 194 610 199 197 198 196 195 201 200 215 211 216 214 213 212 207 205 206 520 517 174 533 182 183 608 187 630 184 186 185 173 170 175 179 181 180 176 177 178 172 171 
634 302 236 303 235 633 304 234 233 305 632 306 232 231 611 230 308 307 529 226 309 310 229 227 613 619 225 311 228 312 224 314 313 
288 251 287 553 252 286 285 253 530 284 254 257 281 283 255 256 282 271 278 279 259 280 258 272 277 273 275 274 276 270 261 260 262 269 268 263 267 264 266 265 568 250 
583 582 440 587 588 330 593 439 502 591 333 331 332 523 595 329 327 328 515 688 434 339 340 686 687 433 341 431 432 673 338 336 337 674 436 435 437 596 335 334 592 438 326 594 344 430 343 685 342 515 688 434 339 340 686 687 433 341 431 432 673 338 336 337 674 436 435 437 596 335 334 592 438 
665 413 666 361 362 415 414 661 359 360 668 662 416 358 356 357 355 659 660 420 354 419 418 513 417 667 363 663 412 411 664 410 409 408 514 421 353 658 422 352 690 691 351 423 349 350 689 696 426 695 348 346 347 424 425 693 429 694 345 692 428 427 669 406 670 671 407 367 365 364 366 368 
655 381 387 393 392 391 389 390 388 383 385 384 386 382 680 402 373 372 371 678 403 656 394 380 379 378 657 377 397 395 396 374 675 401 400 399 677 676 398 376 375 404 370 679 369 681 405 
708 299 242 297 240 239 579 290 295 586 292 245 244 289 635 238 300 296 241 636 298 237 301 248 247 243 246 293 294 291 249 
709 148 140 92 139 95 143 142 144 653 88 87 86 93 141 94 138 90 91 89 145 146 652 147 85 651 149 84 96 
