578 565 519 613 530 622 9 615 526 524 523 525 521 522 527 520 599 528 529 614 8 532 531 7 679 6 533 1 534 0 2 5 4 3 877 513 514 512 569 748 18 16 17 674 15 14 13 590 515 602 12 511 601 673 517 516 518 11 10 705 706 510 19 20 21 
882 491 492 905 631 885 38 37 883 937 493 633 494 888 36 35 630 34 33 629 768 741 495 32 894 503 682 632 913 498 496 497 500 501 502 499 652 24 655 504 707 684 683 31 545 896 895 583 702 25 26 29 27 28 30 654 505 704 653 703 23 22 507 508 506 39 906 544 489 884 40 886 887 41 42 911 488 490 509 
572 46 45 591 47 48 675 485 909 603 717 676 49 760 484 482 483 718 617 63 600 618 616 771 475 561 880 546 725 588 59 60 62 611 562 756 758 476 610 677 54 55 577 56 57 58 61 537 753 759 481 480 479 678 719 51 50 754 757 612 598 52 53 755 772 478 581 477 729 738 731 623 65 722 726 724 64 66 735 912 44 910 486 43 907 908 487 
763 761 773 721 728 933 934 935 72 71 776 774 730 727 762 723 681 720 936 576 70 68 67 680 69 558 778 765 841 785 798 766 541 900 775 802 713 800 801 930 932 777 557 931 73 74 786 782 559 586 77 76 78 751 658 75 787 770 628 842 625 626 899 627 764 734 736 343 621 596 344 345 733 779 850 793 806 624 737 767 346 347 607 348 789 791 747 783 799 752 
834 536 825 852 845 822 797 823 821 832 229 815 824 792 790 788 795 844 538 808 816 231 807 230 796 811 553 698 176 175 543 804 805 851 587 650 177 833 228 794 803 
579 81 700 158 157 651 701 160 159 699 80 582 164 161 163 162 697 542 643 166 79 165 644 646 168 167 645 694 696 695 174 780 648 560 172 173 647 170 171 169 769 649 781 82 
104 134 115 130 131 132 914 133 114 105 113 108 111 109 110 112 107 106 118 127 117 128 116 129 125 119 126 120 124 121 122 123 942 101 943 102 135 137 136 103 100 138 139 953 941 99 140 98 
836 835 669 847 179 226 848 221 670 671 535 570 205 204 672 715 926 207 206 609 716 220 224 223 225 222 597 209 208 608 219 216 213 214 212 211 210 215 218 217 180 635 878 202 203 668 667 201 685 193 183 182 181 595 552 200 197 666 194 199 198 195 196 187 184 190 188 189 192 191 185 186 846 227 178 
247 333 838 828 837 245 619 606 849 246 332 331 330 248 250 251 249 820 829 335 810 817 235 236 813 826 237 814 334 547 818 238 239 819 242 244 243 827 241 240 840 340 339 338 839 337 336 341 843 555 831 554 812 233 232 234 809 830 342 
951 273 310 311 272 950 312 271 313 270 314 315 276 309 274 275 642 278 277 308 297 280 580 279 307 298 305 306 299 304 303 300 302 301 295 284 296 282 283 281 285 294 286 287 293 288 290 292 291 289 948 269 268 
870 901 473 873 863 858 467 468 860 861 362 864 872 469 563 866 857 859 359 358 361 360 556 856 357 355 356 868 865 867 871 881 352 740 585 354 353 472 471 470 539 869 784 474 689 461 637 686 371 369 370 640 744 462 687 898 365 363 364 366 897 688 368 367 693 464 463 746 465 540 745 862 571 902 466 350 732 349 620 739 351 639 372 460 
692 454 641 377 378 743 453 452 711 381 382 657 742 575 379 380 584 383 550 890 384 712 749 451 450 444 445 446 447 448 634 750 449 662 392 891 442 892 551 710 386 889 708 893 443 709 385 656 390 388 389 387 391 594 663 393 664 441 394 438 440 439 456 691 457 574 375 376 549 455 636 638 373 573 690 459 374 458 
925 924 427 404 405 426 923 406 568 921 417 922 419 418 425 919 415 407 416 920 413 408 414 411 412 410 409 422 423 424 421 420 665 714 435 397 929 399 398 927 400 401 402 928 434 433 661 592 403 432 428 429 431 430 436 396 437 395 
952 261 854 855 323 567 604 325 259 258 266 949 316 947 264 262 946 320 853 321 324 322 918 326 260 328 327 548 593 256 257 879 605 329 253 254 255 944 265 317 267 945 318 566 263 319 252 
141 97 143 94 92 145 146 939 940 938 142 916 917 147 93 564 148 915 95 96 144 660 149 659 91 89 90 875 87 876 151 150 589 88 86 903 904 155 153 154 85 83 84 874 152 156 
