816 404 403 799 812 13 14 12 405 800 406 801 11 10 731 9 732 412 411 613 407 612 410 409 408 794 795 417 8 454 414 415 416 413 6 4 3 5 2 793 419 418 420 0 421 1 7 811 16 401 399 814 430 815 498 15 17 19 497 20 21 494 398 397 396 
757 700 762 758 696 447 687 686 695 697 698 552 699 517 551 282 576 550 575 281 471 279 280 690 67 688 431 691 68 592 693 685 694 448 548 591 66 462 689 65 684 702 283 278 761 763 559 
605 597 596 603 594 711 769 768 767 515 716 720 593 549 608 607 717 719 770 710 606 725 675 574 516 572 598 595 609 771 571 570 573 604 457 460 727 718 610 611 590 692 547 
701 98 125 127 126 97 766 128 96 95 94 129 528 123 100 99 124 122 102 101 776 93 130 131 782 92 106 103 478 121 120 119 485 118 107 117 116 110 109 115 113 111 112 114 108 105 104 132 
461 218 219 248 249 220 247 624 250 216 217 500 246 245 244 221 222 237 225 224 540 223 243 236 227 226 238 242 239 240 241 235 228 229 234 231 233 232 230 251 
330 790 329 331 372 809 332 808 371 369 370 806 336 807 366 810 334 333 335 805 368 367 337 796 338 364 363 365 797 339 798 362 455 358 361 359 360 803 804 353 342 341 787 788 357 340 355 786 354 356 802 351 343 352 345 346 347 348 349 350 344 813 670 402 400 18 373 
817 489 177 519 182 733 181 178 481 482 175 174 170 173 520 474 168 166 162 621 615 459 618 443 553 452 159 614 617 185 180 179 453 169 176 473 171 172 518 167 165 619 616 622 524 424 620 522 525 468 546 444 
818 545 189 512 187 186 183 184 569 514 508 505 193 506 195 191 190 188 275 507 513 274 273 272 194 196 192 458 466 435 503 464 197 270 198 271 199 502 541 819 504 433 268 266 501 269 200 201 267 465 434 277 276 789 202 
206 205 436 674 264 263 779 204 673 529 480 203 262 207 784 260 261 208 778 783 210 256 777 209 258 257 259 772 212 211 734 214 253 252 215 255 254 213 672 265 
820 730 724 709 442 157 155 521 160 161 164 163 712 723 729 728 713 152 706 154 523 158 156 623 456 722 708 70 71 153 72 726 427 707 151 74 581 490 715 149 150 583 148 73 714 821 560 76 147 582 146 75 561 426 580 77 721 69 584 78 145 
488 536 479 143 141 144 140 142 537 80 425 562 82 534 83 81 533 86 85 84 486 138 487 535 137 139 87 88 136 780 133 90 134 785 89 781 135 91 79 
822 774 658 526 54 739 556 51 49 527 653 52 554 555 446 654 652 648 773 644 636 639 302 638 756 755 676 46 50 47 476 53 775 753 428 765 445 678 679 56 55 677 57 58 651 643 645 642 646 760 680 683 60 64 63 62 61 759 681 682 59 635 304 647 449 45 764 
823 704 423 736 32 39 34 33 747 626 631 395 491 750 432 392 23 587 664 588 568 319 317 602 315 740 742 422 667 746 42 737 43 627 40 35 387 31 29 496 492 632 389 390 650 384 657 385 441 661 633 383 599 318 601 305 306 309 314 311 668 744 439 735 630 751 37 705 625 30 749 394 22 495 538 391 493 24 451 663 659 543 589 586 585 472 600 316 313 44 
824 656 48 662 469 754 483 292 530 294 655 752 641 299 637 291 703 577 470 477 293 287 288 579 557 475 285 286 284 484 289 290 531 532 741 296 295 297 298 649 303 558 578 640 300 301 
825 386 628 36 463 669 388 393 429 666 566 567 565 307 312 375 671 511 376 322 323 381 544 379 378 539 437 382 321 440 743 745 629 738 38 41 748 28 26 27 25 660 665 634 450 308 310 564 374 792 791 328 325 327 326 438 499 324 467 510 377 380 509 320 542 563 
