557 526 9 520 590 589 530 529 527 522 521 524 523 525 528 556 531 7 5 6 532 8 643 4 533 534 0 1 2 3 512 577 516 598 13 517 511 510 599 518 11 10 12 519 16 17 18 14 15 513 515 514 698 20 21 19 
578 502 30 500 501 728 499 32 31 498 33 642 497 34 496 700 509 699 550 24 22 508 23 701 505 504 503 704 28 29 27 506 703 702 26 507 25 542 45 44 723 487 486 488 741 493 740 39 38 494 555 37 495 35 36 41 40 739 492 42 491 490 743 742 489 43 
619 632 477 633 635 64 537 624 634 59 63 638 60 62 61 538 720 482 483 481 716 50 48 49 52 51 715 53 54 714 718 55 57 56 721 480 479 584 58 621 478 617 476 618 616 475 540 620 717 722 484 719 47 46 485 
566 66 65 627 636 736 67 652 653 353 541 637 565 726 348 725 347 712 734 71 639 69 70 737 68 735 724 551 727 349 352 350 351 72 
672 184 549 684 87 86 85 670 686 84 669 685 535 682 656 546 658 662 679 689 690 337 570 660 661 545 665 663 673 187 185 186 664 666 671 674 189 543 675 188 667 668 678 613 547 603 688 680 681 612 581 83 81 82 614 708 711 344 343 571 345 691 339 338 342 341 340 738 346 713 536 709 710 732 731 74 707 73 601 76 75 615 602 77 548 600 80 78 79 733 
640 173 97 172 96 174 554 175 95 94 597 177 93 176 178 683 687 90 89 88 91 182 676 183 576 179 180 92 181 
585 156 113 112 157 154 155 115 114 552 158 111 588 161 109 159 160 110 553 163 108 162 164 641 171 99 98 169 170 101 100 102 587 168 166 167 103 586 104 165 107 105 106 
153 116 152 117 118 151 119 150 149 122 147 146 120 148 121 582 145 125 123 124 131 126 132 144 143 133 141 142 127 130 129 128 137 134 140 138 139 136 135 
574 193 190 651 649 227 650 232 677 228 230 231 194 611 195 539 648 226 219 224 225 201 196 564 218 610 596 211 696 213 214 215 217 216 575 609 202 206 205 204 203 697 210 207 208 209 220 223 222 221 212 200 198 199 197 229 191 192 
604 322 250 323 251 644 244 243 329 327 328 559 247 326 248 325 245 246 591 249 324 558 331 239 240 241 645 242 330 657 659 332 333 730 238 334 237 335 336 235 236 233 234 
272 302 271 270 303 304 305 269 301 273 274 298 275 300 299 276 297 277 296 583 295 278 294 291 290 279 293 292 289 281 280 286 285 282 283 284 287 288 
544 567 372 371 593 468 469 594 470 606 471 569 368 366 367 595 370 369 608 473 472 474 607 630 365 626 363 364 361 362 625 360 631 622 623 357 359 358 629 356 354 355 628 
695 393 694 448 449 392 447 395 394 573 396 445 446 561 450 391 390 647 452 389 451 388 453 693 385 386 456 455 562 454 387 457 462 379 378 572 460 380 459 381 461 692 458 383 382 384 444 397 568 465 466 467 463 464 654 375 374 373 655 377 376 
435 408 434 580 410 424 428 706 409 432 433 427 425 426 429 431 430 705 422 423 412 411 421 414 413 420 419 418 417 416 415 605 443 399 398 400 442 592 401 441 439 438 440 436 407 406 404 405 563 437 403 402 
744 646 262 310 729 309 308 265 315 258 259 312 260 317 319 579 253 252 316 257 560 314 313 256 318 255 254 320 321 267 306 311 263 261 264 307 266 268 
