834 835 511 517 826 16 510 15 516 514 515 513 512 836 13 520 519 12 839 521 14 837 518 838 11 840 524 522 523 10 743 3 527 5 4 7 6 8 562 526 9 525 529 1 530 0 2 528 22 503 502 827 17 828 508 18 509 744 507 19 505 506 563 504 745 20 21 23 25 24 615 26 
655 656 539 602 600 601 39 550 643 41 40 582 589 31 30 596 37 38 34 35 36 32 33 616 657 490 654 587 488 487 489 675 567 750 486 484 485 603 559 614 497 597 29 644 613 576 491 653 495 496 493 492 494 673 672 825 581 824 45 805 47 46 823 43 44 42 571 499 500 642 540 612 498 27 28 501 483 
784 477 759 758 755 795 56 55 783 479 761 804 760 566 763 52 565 50 51 762 54 53 478 482 481 796 49 532 674 480 48 63 64 62 61 705 57 58 706 555 574 60 599 752 59 594 
714 712 700 711 716 710 709 686 689 546 704 696 713 707 732 731 352 722 730 350 351 349 575 629 356 739 353 354 355 628 630 358 357 556 359 715 766 538 664 688 698 348 683 684 547 681 75 74 76 682 699 687 695 785 69 67 68 573 685 70 697 73 71 72 708 66 593 65 347 
636 667 595 236 185 641 634 631 557 639 638 548 633 635 737 184 558 736 182 183 663 662 679 640 637 186 235 693 234 577 821 560 
851 102 153 101 854 856 100 156 157 154 155 841 166 843 90 88 89 862 92 865 164 165 91 162 861 163 161 864 863 160 95 93 94 855 158 159 591 857 96 99 98 97 845 169 168 86 842 87 844 167 
118 115 114 122 127 742 111 112 138 128 604 113 121 119 120 123 125 124 126 116 117 129 136 137 130 135 131 133 132 134 147 148 741 107 108 109 110 740 146 139 150 105 561 106 149 145 140 144 142 143 141 852 151 853 103 152 104 
671 694 187 570 190 188 189 233 231 649 191 536 670 230 232 648 197 192 647 669 610 229 668 652 227 228 223 222 569 221 535 646 198 220 605 611 568 645 204 200 202 201 199 203 592 219 598 206 205 216 212 218 217 210 207 211 209 208 215 213 214 193 196 195 194 226 225 224 
263 324 869 262 325 874 875 326 261 260 328 327 329 259 872 258 876 330 873 257 866 255 256 254 849 846 335 334 336 251 252 867 333 868 253 331 332 871 870 264 323 847 250 848 337 249 338 339 
281 273 579 314 313 588 282 312 590 311 310 295 294 283 302 296 305 309 304 303 306 308 307 301 298 300 299 297 293 284 291 286 285 292 290 287 289 288 280 275 279 276 277 278 274 858 266 578 317 318 270 269 271 617 272 316 315 860 268 859 319 320 267 265 322 321 
788 473 787 543 792 793 372 748 374 373 799 746 580 370 371 791 749 375 789 572 775 470 472 471 361 360 767 769 778 531 627 776 363 362 802 475 794 474 801 780 797 367 798 369 368 777 779 364 366 365 800 781 765 756 764 803 476 757 768 754 533 753 751 586 661 
606 395 545 608 452 451 814 394 815 816 453 818 811 552 618 456 454 455 396 623 622 381 382 383 659 384 660 812 393 551 817 813 388 387 392 782 386 385 391 390 389 544 676 619 620 583 460 459 458 457 553 772 464 465 621 461 463 462 378 678 554 677 658 585 379 380 624 790 625 771 466 584 626 377 376 469 747 774 468 467 773 
832 833 441 407 806 809 434 807 435 440 438 437 436 439 808 433 408 432 810 431 409 410 650 651 427 413 411 412 564 429 428 430 609 414 415 416 417 424 425 426 423 421 419 420 422 418 400 770 446 445 402 403 447 831 830 444 404 829 443 442 405 406 607 448 401 399 398 449 450 397 
877 180 691 701 692 735 178 179 703 82 725 175 173 171 786 84 726 534 80 734 690 78 79 733 666 181 680 77 665 723 81 174 172 724 83 176 702 177 537 85 170 
878 718 549 346 632 345 820 241 238 822 248 727 738 246 729 720 541 243 242 343 719 819 237 239 240 717 341 542 340 247 721 245 344 728 244 342 850 
