16 15 841 842 14 487 882 18 840 486 485 17 885 484 881 19 483 565 7 8 494 6 492 493 577 491 490 10 535 11 12 13 489 488 9 614 5 4 496 495 767 3 505 497 1 506 2 503 499 500 502 501 498 504 0 507 
793 792 42 511 41 789 458 788 797 795 475 812 455 813 457 456 791 540 474 462 712 461 460 459 711 464 463 23 802 804 33 794 536 40 817 38 39 798 720 796 34 36 35 37 801 476 818 32 31 25 24 26 29 27 28 30 473 465 472 466 471 467 468 470 469 454 453 825 816 44 43 717 776 482 884 481 883 20 21 800 22 799 803 478 480 479 551 477 
55 672 665 683 706 668 431 430 666 520 687 707 54 640 638 639 708 545 432 613 442 563 611 434 433 612 443 439 437 438 435 436 440 441 533 637 641 52 53 529 633 444 445 643 642 644 50 51 634 450 446 777 452 778 790 546 47 45 46 635 636 451 669 523 670 48 49 449 447 448 673 674 429 676 688 
685 693 690 615 180 671 567 691 584 587 568 176 175 645 177 179 178 814 779 646 771 768 181 770 531 559 769 183 184 182 625 624 418 783 821 782 785 784 656 592 420 419 623 705 703 704 699 698 700 701 702 422 667 697 695 696 694 526 692 780 815 657 622 530 421 781 428 425 424 423 427 426 686 832 185 828 829 417 174 
729 734 86 572 727 77 542 732 879 140 139 547 74 581 76 75 861 517 68 806 738 148 149 862 70 69 737 543 147 146 573 736 735 72 73 71 878 877 141 880 145 143 144 142 726 78 85 79 84 80 81 83 82 858 859 66 65 850 541 851 152 153 849 805 150 151 67 730 88 539 134 87 728 731 136 135 137 733 138 89 
846 847 132 91 92 130 843 131 93 844 845 94 128 129 90 133 571 127 124 538 96 97 95 98 125 126 580 99 123 100 618 101 122 102 121 648 120 103 104 564 110 105 119 107 106 109 108 725 117 112 113 116 115 114 111 118 
741 749 744 755 759 809 754 760 743 752 747 756 748 753 810 808 552 823 830 811 807 824 661 512 786 513 819 826 827 822 659 658 553 763 761 764 660 626 831 820 742 745 750 751 746 593 
654 193 516 652 651 273 838 191 192 619 650 274 655 195 196 548 268 194 653 269 272 275 277 278 276 649 279 583 834 839 837 190 835 508 740 833 836 188 189 270 271 578 566 283 284 285 280 281 582 286 287 282 187 186 261 259 874 262 203 263 872 201 199 198 197 265 266 
205 876 254 875 206 221 569 616 217 247 218 570 245 246 244 243 222 537 250 249 248 216 215 514 208 714 253 252 715 212 209 210 211 713 251 716 214 213 219 220 227 224 240 241 239 591 242 223 225 226 228 238 230 236 237 229 235 231 232 234 233 
588 289 532 599 558 313 312 600 288 608 606 318 510 620 589 586 528 605 315 314 607 316 317 597 590 293 598 664 311 310 621 291 292 290 515 594 307 308 305 306 628 309 596 294 554 299 298 304 301 302 303 300 595 296 297 295 527 319 320 585 
399 398 344 343 561 723 350 391 766 348 349 347 609 345 724 394 393 392 395 342 380 575 356 355 739 574 385 354 387 388 386 550 352 353 721 351 722 389 390 383 381 382 384 358 379 357 378 359 374 376 375 362 377 361 360 373 371 364 372 363 369 367 368 366 370 365 
886 414 416 662 411 323 627 663 868 864 403 630 330 406 407 332 408 522 329 603 602 328 324 325 415 521 632 412 322 413 758 321 757 762 765 604 334 404 331 775 556 333 631 409 629 410 601 327 555 326 338 337 341 401 
887 509 524 684 679 56 677 647 557 576 167 169 170 680 682 774 164 773 60 856 62 544 58 787 161 157 854 853 852 57 678 617 525 579 173 172 166 168 171 518 689 162 163 772 165 675 155 61 857 681 562 159 160 158 855 156 59 519 860 63 848 64 154 
888 709 710 258 255 256 207 257 260 204 871 202 264 873 549 200 719 718 267 
889 867 865 863 336 405 335 869 870 610 560 339 402 400 534 346 397 396 340 866 
