673 5 426 433 434 1 2 3 435 0 4 432 429 428 430 431 427 12 13 418 676 11 419 421 420 674 425 6 7 424 8 423 675 9 422 10 679 415 416 678 15 16 677 14 417 413 414 461 17 
642 19 703 412 411 18 460 21 697 410 20 694 692 408 409 22 407 695 406 404 405 443 693 26 25 23 24 27 442 699 30 29 702 401 402 696 403 698 28 400 397 31 33 704 398 399 32 537 395 396 700 34 35 701 36 480 
38 39 45 46 40 41 42 43 44 561 719 465 720 47 48 49 37 718 716 717 535 51 586 559 560 50 436 513 511 516 558 548 52 505 517 549 557 469 610 540 539 53 453 54 507 479 536 506 
58 57 520 626 611 59 521 56 523 61 484 638 60 591 522 614 635 637 620 622 473 474 294 295 621 293 613 627 624 612 632 619 590 470 472 62 550 589 441 563 587 454 588 564 618 298 296 297 658 292 644 499 67 636 450 643 65 66 631 630 486 524 289 290 629 639 646 63 64 645 291 623 628 299 55 562 
566 565 456 570 592 554 489 568 571 616 495 569 615 594 572 600 573 593 496 529 501 449 487 546 528 451 497 440 498 490 492 547 555 567 452 545 530 603 481 500 544 608 
660 77 78 667 79 80 662 437 664 148 663 153 151 152 150 149 659 76 75 494 666 74 665 155 154 661 156 483 439 157 493 531 491 73 482 159 158 160 163 164 162 468 69 68 70 488 71 72 
459 133 95 94 93 135 134 690 97 131 129 130 96 132 101 127 100 691 128 99 98 102 126 125 640 124 109 103 110 123 122 105 108 107 106 104 111 121 113 119 112 120 118 114 115 117 116 656 
671 191 190 189 601 438 165 669 605 604 670 188 606 187 185 186 448 655 175 602 168 166 167 653 654 180 476 607 183 184 182 181 176 178 177 179 477 173 170 169 174 172 171 596 597 617 599 457 192 598 194 161 595 197 
712 221 713 261 220 464 219 218 710 709 264 217 262 263 707 216 266 267 265 215 705 214 268 708 706 211 212 213 269 270 463 271 210 209 272 208 583 273 274 260 
722 227 255 254 228 253 229 230 245 232 641 252 231 246 251 250 247 248 249 244 234 233 243 235 236 242 237 241 238 240 239 721 225 256 226 258 257 224 223 711 259 222 
315 312 311 310 314 313 651 650 309 308 307 306 305 316 649 510 647 648 304 303 512 317 543 542 519 471 515 455 514 652 475 447 508 302 538 518 551 509 634 633 541 301 625 552 300 
740 734 334 333 738 381 382 380 335 736 735 336 379 337 737 383 739 332 681 386 384 385 446 685 329 331 330 387 328 326 682 390 389 683 327 680 388 533 325 324 445 504 323 684 392 534 391 393 466 322 394 378 319 320 321 503 502 532 318 
723 358 351 364 363 362 361 360 359 724 357 352 355 356 354 353 730 373 372 729 343 344 727 371 345 369 370 726 368 347 346 367 348 725 366 349 350 365 374 728 342 341 375 732 733 340 376 338 377 339 731 
741 553 281 196 195 193 485 288 467 284 525 283 581 609 278 582 277 275 580 203 204 199 198 280 668 578 202 574 672 585 526 286 285 527 282 576 200 577 575 444 201 556 287 462 276 579 206 205 279 584 207 
742 89 714 138 91 137 136 715 86 458 140 88 143 687 686 689 145 81 147 85 688 144 84 83 146 82 142 90 139 478 92 87 141 657 
