491 490 494 492 493 495 0 496 497 691 1 6 5 4 3 2 13 484 483 14 693 486 10 11 12 485 9 488 487 692 8 7 489 482 704 15 481 702 17 479 16 480 18 
580 466 579 32 578 464 465 33 30 31 520 29 467 468 696 469 695 28 478 700 19 477 699 24 698 473 22 23 471 472 470 27 694 26 25 703 21 20 701 476 474 475 697 659 34 661 463 660 460 462 461 658 36 35 38 37 456 651 40 39 41 652 654 655 457 459 458 
645 450 635 449 640 519 680 51 54 52 53 500 678 48 46 47 681 639 451 679 50 49 641 642 647 58 57 643 55 56 501 649 455 454 650 42 43 44 646 653 45 648 453 452 448 637 638 608 609 610 636 603 499 535 61 59 60 607 62 605 601 63 
573 511 510 70 503 632 623 332 577 328 329 624 330 331 602 64 612 606 611 547 629 69 65 66 67 68 568 504 71 574 72 615 613 515 327 622 334 333 335 621 614 604 
571 575 569 326 74 570 502 576 325 572 600 526 75 670 634 599 594 598 595 509 596 597 667 224 633 657 590 672 593 592 225 588 587 514 534 324 321 322 320 323 319 76 666 73 223 318 591 226 
689 164 86 85 83 688 166 84 165 167 687 168 669 172 81 668 173 82 665 170 169 171 79 80 175 174 78 77 
103 147 146 104 145 105 143 107 106 144 101 149 102 148 150 100 151 99 142 108 141 109 154 96 155 95 94 156 93 157 153 97 98 152 159 91 92 158 160 90 161 89 690 162 88 163 87 
546 134 116 122 117 132 123 133 121 120 119 118 124 131 130 129 125 126 128 127 111 139 140 110 137 113 138 112 558 114 136 115 135 
673 676 221 176 674 177 518 201 630 631 555 561 178 516 564 675 220 562 505 565 560 541 194 517 542 185 180 182 181 179 556 566 183 184 527 193 554 187 186 190 191 192 189 188 628 195 200 197 198 199 196 552 208 212 532 204 550 217 214 533 213 563 202 203 512 551 513 677 219 218 210 209 211 216 215 206 205 207 671 222 
242 304 241 305 236 310 235 311 312 239 307 240 306 238 308 237 309 559 233 313 234 314 232 548 315 231 230 529 227 589 317 228 229 316 
567 282 264 275 265 280 281 276 279 277 278 274 266 267 273 268 269 272 270 271 285 286 284 283 287 261 260 263 262 
618 447 616 620 540 584 339 617 539 553 348 349 346 347 619 508 538 345 344 525 342 343 341 340 498 644 625 507 656 338 337 626 627 544 356 523 443 441 442 506 531 355 353 354 444 536 545 543 557 352 351 445 524 528 350 446 336 357 
708 379 418 417 380 709 710 378 419 376 375 377 705 583 370 371 522 426 425 424 706 374 372 373 707 423 420 422 421 581 428 427 429 582 368 367 369 521 430 366 431 663 365 664 432 662 434 433 359 358 684 439 438 685 360 361 682 437 436 686 362 683 435 364 363 537 440 
712 414 413 384 383 415 386 411 412 385 410 387 409 388 586 408 389 585 406 390 407 391 405 549 399 404 402 401 400 403 530 392 398 397 394 396 395 393 711 382 416 381 
713 247 300 255 292 253 295 252 248 296 297 256 289 288 303 299 246 301 245 244 302 291 254 293 251 294 298 250 249 290 257 258 259 243 
