663 662 7 480 479 6 513 481 482 588 489 5 587 488 484 486 485 487 483 3 491 492 493 0 1 2 490 4 15 16 692 14 691 473 685 12 11 13 689 471 472 478 661 8 9 686 476 687 10 477 475 474 
535 556 21 557 465 533 463 461 462 464 555 23 24 22 498 554 25 521 459 460 28 26 27 675 455 456 454 678 33 31 32 680 457 676 30 534 29 458 693 17 690 470 18 469 569 19 499 616 468 466 467 20 451 452 677 453 679 35 34 667 38 666 449 36 37 514 450 664 448 447 665 446 39 40 
546 438 544 509 55 53 54 52 560 51 50 49 520 48 545 47 561 439 42 542 43 502 559 445 541 442 540 443 444 441 543 497 440 539 46 45 44 437 571 562 501 558 56 536 57 570 58 668 41 59 
602 506 549 318 603 525 601 565 64 580 551 553 529 320 567 319 552 316 500 315 314 618 566 619 67 66 317 617 65 550 620 598 599 600 62 61 60 63 313 523 68 605 597 583 321 
631 607 610 548 608 172 582 581 628 633 522 527 606 609 629 627 611 612 613 636 637 640 585 632 173 634 496 
586 79 78 163 80 162 161 81 83 158 159 82 160 512 73 168 74 169 537 167 75 511 77 164 76 166 165 170 69 70 71 72 174 177 176 175 630 171 
657 144 510 658 97 659 99 98 532 142 143 141 100 153 89 150 91 152 90 151 660 147 94 93 148 92 149 656 95 96 146 145 156 85 157 84 155 86 87 154 88 
108 135 116 110 133 109 134 115 112 114 113 111 119 129 130 118 117 131 132 120 127 128 126 124 125 123 121 122 106 107 136 140 137 139 138 101 103 102 104 105 
643 187 644 530 195 504 531 647 207 507 526 197 200 198 199 196 651 203 547 202 201 206 205 204 524 194 528 189 190 192 193 191 188 638 652 213 653 655 180 179 178 645 641 505 649 211 212 210 625 654 182 181 639 642 185 650 183 184 186 209 648 208 646 494 
538 306 590 220 221 222 516 223 305 227 301 226 589 303 225 302 224 304 515 218 219 307 299 228 300 217 563 564 308 309 312 311 635 310 614 216 215 214 
294 233 293 234 235 292 236 291 237 290 289 238 295 232 296 231 230 297 229 298 287 240 288 239 286 241 242 244 284 285 243 246 282 245 283 
277 251 252 276 269 253 275 270 274 271 273 272 268 255 254 266 257 258 267 256 263 259 265 264 262 260 261 281 278 250 249 247 280 279 248 
584 572 495 615 508 323 324 325 622 436 623 326 329 575 576 330 577 573 621 331 328 327 709 339 340 707 429 710 341 624 434 503 708 432 431 430 433 579 336 335 338 337 578 574 333 334 332 435 604 568 322 
592 353 595 416 417 352 594 354 355 517 414 415 596 418 420 419 593 351 349 350 519 696 356 358 357 695 413 694 704 411 359 412 410 360 706 361 703 409 362 408 700 705 407 363 701 365 366 702 405 406 404 364 673 348 674 421 672 423 424 346 422 347 699 698 425 345 344 697 343 342 426 427 711 428 
688 378 385 376 377 683 684 394 392 393 681 386 682 387 391 388 390 389 383 379 382 381 380 384 670 671 368 402 401 369 518 400 370 669 403 367 626 396 395 375 591 398 372 371 399 397 374 373 
