435 5 6 580 7 433 432 8 434 436 4 3 437 2 442 441 438 439 440 443 1 444 0 579 431 9 578 11 10 429 430 428 427 12 13 
577 14 426 15 575 18 421 20 19 420 17 576 424 16 422 423 425 569 570 23 417 418 463 21 419 22 24 568 416 415 25 573 572 26 414 571 413 27 412 28 582 408 32 574 29 411 30 410 464 31 409 583 407 
552 541 542 61 60 543 551 554 303 302 304 560 301 555 496 558 298 547 549 66 64 65 546 63 557 449 62 545 556 553 300 299 453 495 497 548 550 67 68 458 523 294 295 559 296 297 293 491 69 70 604 620 448 633 457 638 305 621 631 456 544 59 622 56 57 623 58 624 625 306 308 307 599 636 
537 539 538 534 528 477 492 455 501 536 165 503 531 507 166 459 505 504 532 494 454 488 489 521 490 506 502 447 527 566 656 452 533 
517 82 83 518 153 154 81 471 80 519 155 499 162 446 161 481 79 467 156 157 160 158 159 164 482 493 500 78 163 469 75 76 520 77 476 73 74 498 72 71 
137 99 100 136 133 103 134 102 135 101 98 138 104 132 106 130 131 105 129 107 111 127 128 108 110 109 112 125 126 113 124 116 114 123 115 117 121 122 118 120 119 
487 266 225 223 224 267 475 268 222 221 269 460 270 220 474 273 272 271 219 274 218 217 485 275 216 486 214 276 215 277 465 278 279 213 212 226 265 227 264 263 228 
262 229 260 231 259 232 230 261 258 233 257 235 234 256 236 253 255 254 252 237 238 251 239 240 250 241 247 246 243 245 244 242 249 248 
606 598 403 608 607 451 612 611 613 317 319 318 610 629 315 314 316 626 609 605 614 320 615 322 321 329 402 327 325 326 324 323 328 619 313 630 618 617 468 637 312 311 310 404 601 591 603 597 628 635 46 596 587 405 45 589 34 42 595 584 39 38 41 309 330 401 
650 346 384 383 345 344 386 385 647 387 343 649 648 342 388 389 341 514 390 340 515 339 516 391 337 338 640 394 641 336 392 393 466 642 398 332 397 639 335 396 395 333 334 627 400 399 331 651 382 347 348 349 381 
350 652 351 379 380 653 353 377 376 354 352 378 654 355 375 374 372 358 373 357 356 472 365 370 361 359 371 360 369 366 368 367 364 362 363 
657 561 564 191 445 190 189 172 174 483 176 187 186 178 180 183 179 195 562 169 565 194 168 167 170 192 193 567 188 563 171 173 175 484 473 177 184 181 182 185 
658 592 588 600 590 602 470 593 47 586 462 594 44 634 585 35 43 36 37 40 581 49 480 50 616 478 479 54 51 52 53 632 55 48 33 406 404 601 591 603 597 628 636 49 48 635 46 596 480 50 587 405 45 589 34 42 595 584 39 38 41 604 620 599 448 633 457 638 305 616 478 479 54 51 52 53 621 631 456 544 59 622 56 57 623 58 632 55 
659 287 198 196 508 204 646 284 202 525 200 208 207 655 535 530 289 288 290 291 529 540 522 292 509 209 283 524 203 285 201 205 206 199 450 286 643 282 210 281 644 645 280 211 197 
660 511 89 146 91 513 143 142 93 510 87 85 151 152 88 526 140 147 90 512 145 94 141 92 144 149 86 150 461 84 148 96 95 97 139 
