484 19 483 20 482 21 485 18 17 480 23 22 481 479 486 487 16 488 15 490 14 489 12 13 491 11 10 492 493 9 494 8 1 497 495 496 0 498 7 3 6 5 4 2 
474 29 473 472 30 31 471 36 467 35 468 32 470 33 469 34 40 463 462 41 39 464 38 465 37 466 460 43 42 461 459 44 24 477 26 25 478 28 475 27 476 
457 46 47 456 454 49 455 48 50 453 451 517 56 518 533 53 51 52 452 54 55 45 458 59 516 57 58 
500 515 341 511 64 63 512 507 343 344 342 509 62 60 61 333 539 71 70 69 543 542 334 506 339 340 546 545 66 67 65 338 337 547 336 541 335 544 68 501 548 550 
525 229 524 176 231 230 175 503 535 526 537 540 549 527 499 536 180 225 179 226 224 178 227 177 228 181 
172 82 171 83 169 85 170 84 89 165 163 91 90 164 88 166 167 87 86 168 81 551 80 173 174 73 72 75 538 74 77 76 78 79 
101 153 100 154 99 155 157 97 98 156 162 92 93 161 95 159 96 158 94 160 147 148 106 102 152 103 151 105 149 104 150 
108 146 107 109 145 144 110 143 111 142 112 141 113 114 140 116 138 137 117 115 139 118 136 120 134 119 135 121 133 132 122 123 131 130 124 129 128 126 127 125 
532 505 221 554 192 553 183 557 504 193 556 530 529 213 202 513 508 212 201 198 197 514 196 195 194 200 199 203 207 510 209 208 210 211 204 205 206 214 531 220 219 218 215 216 217 191 188 187 555 185 184 186 189 190 552 182 223 222 
235 320 236 319 318 237 322 233 232 321 234 323 528 332 329 331 330 327 328 326 325 324 
302 253 301 254 304 251 303 252 257 298 256 299 300 255 305 250 306 249 308 247 307 248 312 243 311 244 246 309 245 310 241 314 313 242 240 315 239 316 238 317 
291 264 265 290 292 263 262 293 297 258 296 259 261 294 260 295 266 289 267 288 287 268 286 269 284 271 285 270 283 272 273 282 274 280 276 281 275 279 277 278 
522 352 449 520 349 348 450 351 350 442 359 358 443 444 357 356 445 446 534 447 354 355 353 448 521 345 502 519 347 346 
360 441 361 440 362 439 364 437 438 363 434 367 435 366 436 365 433 368 369 432 370 431 371 376 425 375 426 374 427 430 372 373 429 428 
391 410 392 409 393 408 523 407 402 394 406 403 405 404 395 400 401 399 396 398 397 411 390 387 389 388 421 380 381 420 419 382 383 418 422 379 423 378 424 377 416 385 417 384 386 415 413 412 414 
