569 5 499 491 493 492 497 494 495 496 498 608 4 500 501 0 3 2 1 638 483 13 484 12 607 11 485 482 14 568 487 9 10 486 488 8 521 489 7 6 490 
27 655 652 514 472 471 724 474 723 473 21 698 29 30 520 656 468 466 467 28 654 469 470 26 24 25 23 22 657 462 463 658 465 464 659 31 33 32 614 36 613 458 38 37 660 34 35 519 460 459 461 481 726 18 725 478 722 476 477 475 20 19 647 480 479 16 17 15 39 457 
666 447 663 610 526 639 51 679 55 53 52 54 662 502 541 680 57 56 678 60 59 58 667 668 576 450 507 531 46 45 611 616 617 452 453 451 648 44 43 578 641 42 615 579 454 530 577 609 50 48 47 49 449 448 640 41 40 508 612 456 455 446 665 
671 528 712 66 65 673 672 64 63 707 325 708 504 674 710 67 689 511 709 711 692 661 624 701 702 503 69 699 322 321 323 704 68 700 703 705 706 324 696 70 71 62 669 670 61 664 
650 87 156 157 155 88 651 154 89 86 85 649 84 159 83 158 642 82 161 160 162 621 622 165 164 163 81 80 618 78 619 79 166 620 167 168 75 74 77 76 
91 151 152 90 153 567 94 149 92 150 93 147 148 653 144 100 143 99 98 145 517 97 146 95 96 697 102 142 101 103 141 104 140 105 139 138 107 136 137 106 
108 135 109 134 110 133 111 132 112 131 113 130 114 129 115 116 128 117 127 126 118 119 125 124 120 123 121 122 
221 558 603 548 601 632 547 170 633 602 557 637 604 636 318 575 626 644 583 581 534 510 580 635 527 625 623 319 643 582 533 72 536 169 513 73 219 634 171 220 320 172 
676 175 518 217 216 715 215 176 694 716 675 208 506 695 600 555 543 197 512 554 627 196 193 194 195 677 177 585 540 546 535 184 179 178 584 180 183 181 182 587 185 188 187 186 191 189 192 190 206 599 200 199 198 207 205 203 204 202 201 212 213 211 210 209 214 646 218 173 174 
719 305 234 306 233 718 307 232 308 309 717 310 230 231 522 226 229 228 227 311 225 313 312 588 629 224 223 222 315 317 314 316 
720 303 237 236 235 304 302 238 721 301 239 300 299 240 681 243 297 296 295 294 244 242 241 298 544 293 245 254 284 285 253 283 255 645 252 286 251 288 287 628 250 289 249 586 291 248 290 292 247 246 
282 256 257 281 258 280 259 275 262 263 276 261 277 278 279 260 274 264 265 273 272 266 271 267 270 268 269 
549 589 591 341 590 340 594 444 529 537 443 593 344 592 342 343 505 686 687 336 334 335 566 339 338 337 631 630 445 688 714 331 693 542 333 332 595 691 713 328 330 329 690 327 326 560 349 351 350 596 438 437 509 436 553 352 552 538 347 348 345 346 550 563 597 440 441 442 439 
561 417 416 564 372 371 373 515 374 413 414 415 556 370 367 369 366 683 682 423 365 545 565 418 421 420 419 422 368 353 539 434 433 532 598 354 356 355 605 606 430 359 562 429 360 361 431 551 559 432 357 358 684 362 685 428 425 516 426 427 424 364 363 571 411 376 412 375 377 435 
572 387 573 400 394 524 401 396 398 397 395 399 390 392 391 393 389 388 574 385 402 386 384 403 525 383 404 382 406 405 570 381 407 408 523 379 409 380 378 410 
