690 467 7 461 462 466 463 464 465 691 468 469 6 5 470 471 4 472 3 473 2 474 0 1 695 16 450 697 451 14 453 452 15 458 544 12 10 11 455 457 528 454 13 692 8 460 459 9 456 449 696 18 17 448 501 447 19 
602 22 445 23 444 443 669 24 442 687 26 440 25 441 27 439 446 603 20 21 437 438 500 28 532 494 33 531 29 32 30 31 593 435 436 589 433 434 590 431 430 426 429 427 428 432 662 586 592 35 594 34 581 661 38 39 480 591 587 37 36 583 588 421 420 486 585 663 423 422 425 424 576 582 
41 418 563 558 487 685 54 55 659 656 50 48 49 657 660 51 53 52 524 417 571 568 658 45 47 577 508 42 580 574 570 554 552 579 556 527 316 521 584 40 419 
539 549 498 58 59 557 515 301 303 302 536 304 510 545 475 63 538 300 522 546 514 61 60 62 481 551 550 694 57 537 653 305 306 308 654 310 311 633 644 643 67 68 641 293 529 635 642 66 64 65 547 548 299 679 634 646 295 294 530 297 296 298 314 564 56 
478 600 623 626 599 489 621 622 625 202 668 624 162 645 601 637 636 627 485 667 161 638 491 160 628 629 699 630 70 484 69 631 639 483 640 632 490 495 163 201 
709 153 80 79 78 155 154 710 82 150 151 81 152 83 149 711 84 148 147 85 77 74 680 76 681 159 708 707 157 158 75 73 71 72 706 156 
595 131 106 130 129 102 101 105 100 103 104 124 111 113 122 112 123 110 125 109 126 108 127 128 107 121 114 115 120 116 117 119 118 132 
541 164 199 198 165 523 166 197 200 496 540 196 516 167 170 499 194 195 189 649 477 188 517 175 518 648 173 172 171 174 190 192 191 193 169 168 497 180 176 507 187 183 182 535 181 184 185 186 178 177 179 
215 278 703 279 214 280 213 702 281 212 283 282 700 210 284 211 647 285 513 206 701 208 209 207 205 286 493 620 204 287 693 288 203 291 292 290 289 
664 230 264 231 263 257 261 597 262 232 256 236 598 233 235 234 260 258 259 253 239 252 240 255 238 254 237 242 250 241 251 243 249 244 248 245 247 246 
607 336 337 338 608 395 394 335 396 504 334 397 333 533 534 332 330 331 398 415 671 482 613 327 612 610 615 399 616 329 492 328 322 617 618 323 324 614 619 678 325 326 511 611 400 673 676 413 414 675 402 409 410 401 674 411 412 408 407 405 406 404 403 503 393 339 391 392 604 390 605 340 341 342 
376 651 351 350 650 381 382 377 380 682 347 385 384 348 683 684 383 349 606 343 688 386 346 387 345 502 388 344 389 378 379 519 352 353 375 505 374 354 520 373 367 652 366 355 369 372 371 370 368 357 364 365 356 363 358 362 359 361 360 
716 704 277 705 218 689 273 272 220 271 270 265 665 228 226 224 267 227 217 276 275 274 216 221 222 219 686 223 229 266 666 269 225 268 
717 99 714 95 138 139 140 94 136 97 596 98 133 141 90 143 142 713 144 88 145 87 89 137 715 92 91 93 96 135 134 712 86 146 
718 559 565 562 509 560 307 488 309 512 313 312 572 479 569 46 655 573 44 578 43 698 575 567 566 543 555 561 526 315 525 476 506 317 553 677 542 318 609 670 320 319 321 416 672 
