854 853 8 512 556 522 0 521 680 1 7 5 3 4 6 2 679 513 520 518 517 516 515 514 519 14 15 856 505 855 508 12 507 858 857 506 13 11 509 852 10 510 9 511 16 504 859 17 860 503 619 502 18 
616 563 495 494 498 496 589 21 24 22 23 497 789 32 788 30 31 791 488 793 487 535 787 489 491 490 784 492 786 27 26 28 826 29 783 790 493 785 25 618 500 501 615 20 536 617 499 19 825 671 546 792 33 824 486 485 484 36 37 34 35 813 38 483 482 814 481 812 815 534 673 480 39 479 562 798 40 
571 47 561 734 756 737 464 578 46 48 577 823 796 800 545 532 470 595 795 799 472 801 594 471 593 465 469 467 466 468 476 475 474 473 477 49 461 729 732 755 462 727 733 736 463 730 731 458 459 460 610 41 579 781 45 797 780 43 44 42 728 723 725 722 533 456 457 749 724 726 478 
720 750 706 721 754 452 765 751 454 453 752 753 771 774 748 566 170 764 763 719 538 769 449 451 450 767 768 766 819 527 537 772 539 605 171 634 447 606 448 642 635 820 821 804 176 633 773 641 565 175 172 173 174 446 445 711 718 710 747 705 645 169 708 455 
713 743 744 714 158 745 531 54 739 145 567 576 147 146 746 151 149 148 150 761 715 152 540 762 153 156 154 155 157 548 712 697 558 159 696 757 53 51 52 738 735 50 698 707 699 716 525 160 165 164 163 162 700 161 760 740 742 570 741 770 55 759 58 59 758 57 56 702 676 703 704 167 717 166 701 709 168 144 
627 628 120 81 640 80 79 626 121 559 76 77 624 74 75 600 127 528 599 78 625 122 126 125 124 123 631 71 70 72 581 131 130 129 132 630 629 632 73 128 587 530 133 582 68 69 134 614 583 67 586 585 782 560 584 66 63 588 135 137 136 138 65 64 818 139 612 613 62 61 529 140 817 551 142 60 143 141 
872 871 110 91 100 845 846 99 92 869 101 109 107 106 105 104 103 102 108 97 95 96 98 94 93 868 86 867 115 84 85 873 112 874 88 114 866 113 87 90 870 89 111 807 117 116 808 118 828 83 119 82 
667 524 660 656 661 574 659 833 658 666 829 831 810 830 643 832 644 603 564 652 651 638 657 653 647 655 650 654 663 695 694 662 349 350 351 665 601 608 278 
837 526 183 609 270 835 836 839 575 272 271 273 274 275 550 552 276 840 182 811 834 181 604 809 179 178 177 180 843 844 264 184 185 838 266 265 841 267 268 269 277 186 263 
675 260 674 191 188 190 189 816 262 261 187 248 620 250 249 200 848 851 196 255 549 253 252 254 621 199 197 198 251 849 850 257 193 847 194 195 256 547 258 259 192 
553 206 241 243 242 670 208 239 210 209 207 240 554 204 244 205 203 202 596 201 247 245 246 669 211 238 219 237 218 212 213 214 217 215 216 231 223 222 232 221 233 220 234 235 236 230 224 225 226 229 227 228 
288 285 681 684 557 683 682 280 672 690 688 686 342 289 611 580 318 323 309 806 317 685 592 794 324 523 319 320 321 322 693 687 692 541 691 348 279 344 347 343 345 346 287 286 326 330 590 331 544 689 341 340 591 332 325 327 328 329 333 339 338 337 334 336 335 310 315 316 314 311 313 312 294 290 299 805 308 300 307 301 306 305 302 304 303 295 297 296 298 291 293 292 284 282 281 283 
776 568 359 440 775 361 363 362 360 648 441 827 664 649 639 803 668 354 602 353 357 356 355 802 358 636 637 442 646 607 572 443 352 364 542 439 623 365 622 438 366 598 437 444 
555 432 369 368 865 367 597 433 435 434 436 677 678 371 431 370 430 372 543 429 428 373 778 427 777 374 426 375 569 423 379 861 424 864 863 378 376 377 425 
779 384 419 383 420 573 382 421 422 862 380 381 822 416 386 387 415 418 417 385 407 389 413 408 842 388 414 412 410 411 409 405 393 404 394 403 392 406 391 390 401 396 395 402 397 400 399 398 
