596 541 847 11 570 834 846 530 844 12 586 838 536 540 533 534 535 532 836 531 565 539 538 537 697 543 632 9 544 10 542 611 1 0 545 8 3 4 5 6 7 2 
830 36 825 579 45 758 820 826 497 505 823 496 822 550 754 48 49 658 755 47 46 753 810 495 660 43 37 41 42 39 40 38 661 44 659 824 498 504 502 503 501 500 499 618 517 518 25 24 516 26 641 27 515 513 514 852 18 17 849 523 19 848 522 851 520 521 850 20 21 22 572 23 519 837 16 839 526 524 525 527 551 845 13 835 528 529 840 14 15 832 31 511 30 510 509 32 833 29 512 28 831 508 33 34 507 829 506 35 
773 776 741 772 65 716 720 719 555 715 717 61 777 775 723 722 60 718 488 487 768 769 614 67 66 613 702 701 68 69 70 698 700 71 72 62 64 63 782 489 785 816 817 56 805 54 55 806 58 57 721 59 786 490 552 807 808 53 809 756 51 52 757 50 818 784 491 492 819 493 494 
780 486 774 743 739 615 648 369 745 706 765 770 771 742 744 778 740 365 368 640 616 639 364 361 362 363 714 360 638 763 766 762 712 366 367 708 704 705 699 73 710 767 713 357 711 703 764 359 358 595 669 666 667 675 629 77 76 583 665 355 353 354 696 549 674 352 562 584 75 74 707 709 664 561 356 
646 78 694 695 690 693 668 563 351 691 676 243 564 670 671 673 677 571 569 692 79 681 679 683 198 604 242 760 689 578 685 686 199 600 601 201 603 547 688 200 
859 860 192 83 84 858 190 191 680 80 588 684 196 195 197 761 687 194 193 682 81 82 870 182 183 184 91 90 863 89 185 861 85 188 189 86 187 862 87 186 88 869 180 94 179 92 93 181 867 178 95 96 868 176 177 
737 633 175 104 738 97 634 103 98 612 647 170 174 172 173 171 101 99 100 102 
141 150 132 842 843 151 114 131 113 152 617 164 567 112 140 133 134 139 135 138 136 137 548 106 105 635 169 636 841 107 168 167 108 566 109 166 656 165 657 111 110 142 148 149 147 143 144 146 145 122 130 116 115 129 124 128 125 127 126 123 117 121 118 120 119 161 162 163 153 160 154 159 155 156 158 157 
610 240 239 602 607 590 598 202 203 241 204 599 606 609 608 238 577 576 546 626 628 237 236 205 206 207 582 644 560 222 223 225 235 232 591 625 645 231 226 228 229 230 624 216 208 212 215 214 213 210 211 209 622 621 623 217 221 220 219 218 234 233 
343 256 643 255 344 345 254 620 253 346 252 251 575 250 347 589 672 759 350 585 245 246 247 244 348 627 678 248 249 349 
605 269 331 592 580 631 270 271 272 327 654 276 274 275 553 324 323 277 653 322 321 663 325 662 273 326 855 337 262 261 338 263 336 857 258 341 259 340 856 339 260 342 257 854 335 264 334 265 853 333 266 267 268 332 328 330 329 
290 649 279 652 278 650 320 304 309 581 316 317 594 291 554 651 319 593 318 308 305 307 306 310 315 311 313 314 312 297 293 303 292 296 295 294 302 298 301 299 300 288 287 282 289 281 280 283 286 285 284 
655 749 385 467 747 750 791 391 392 384 748 752 794 478 558 812 811 814 476 789 477 468 790 474 475 469 472 471 473 470 390 388 389 387 386 796 483 556 802 378 484 804 803 374 376 375 800 801 377 795 481 482 797 798 380 381 379 799 480 479 815 751 382 383 781 485 779 746 783 787 788 372 371 557 637 370 373 
559 734 445 731 413 414 444 412 736 447 446 448 735 411 732 410 449 450 865 409 864 451 452 573 453 866 405 408 407 406 793 464 396 813 398 462 460 461 397 463 394 395 792 466 393 465 821 459 400 399 402 401 458 457 827 403 456 828 404 455 454 
728 730 443 442 729 415 416 733 417 619 726 441 727 436 440 642 574 434 435 724 418 630 432 431 433 568 725 419 420 597 429 428 587 421 427 426 425 424 423 422 430 437 439 438 
871 224 227 
