759 432 7 760 433 439 437 436 438 435 434 761 5 440 6 441 0 1 3 4 2 13 425 762 431 429 11 12 9 426 14 8 430 763 428 427 10 
405 404 707 716 715 403 452 709 37 35 36 402 401 714 710 718 39 38 719 42 712 40 41 713 711 442 527 47 474 44 43 528 45 46 400 524 515 525 531 526 731 48 735 468 732 51 49 50 734 52 34 
458 746 631 665 637 305 467 744 302 304 303 741 745 742 629 630 633 306 634 529 748 747 750 451 749 752 757 300 738 464 299 301 751 740 755 754 753 756 465 646 645 58 57 652 648 59 649 743 636 647 56 641 643 632 639 640 642 635 733 54 53 644 55 650 469 60 565 64 61 63 62 679 680 677 298 297 572 
667 673 580 555 578 581 577 576 660 575 662 661 463 586 584 659 579 612 602 583 585 657 481 658 482 666 670 651 671 466 672 678 675 676 669 668 674 582 479 588 556 558 561 681 
615 72 73 71 449 483 614 70 540 537 146 147 69 541 553 485 487 148 478 486 153 152 151 150 149 549 544 543 68 462 542 653 154 546 450 545 654 156 155 566 67 552 554 551 550 548 560 562 563 157 158 567 66 682 557 559 564 65 
504 129 130 505 91 90 128 489 89 131 88 87 620 124 94 123 105 621 95 97 96 107 119 120 121 622 122 106 506 127 92 125 126 93 108 118 109 117 116 115 111 110 112 114 113 104 98 99 103 100 102 101 
702 703 198 684 447 705 160 685 688 162 161 701 197 686 196 687 163 169 690 164 446 689 700 195 692 170 691 188 693 697 699 698 191 190 192 193 189 194 445 694 173 174 171 172 706 185 186 187 696 184 182 183 695 176 175 181 180 178 179 177 167 166 168 165 683 159 655 704 199 200 203 
215 214 283 282 664 216 617 281 619 279 278 454 508 220 221 280 610 611 218 219 217 501 277 499 509 224 222 223 495 507 476 498 225 455 227 226 276 275 273 274 272 271 613 
626 395 457 724 325 394 396 324 323 628 397 625 725 322 511 623 321 624 319 320 518 517 521 312 512 399 523 398 502 513 318 477 314 315 313 514 456 510 316 317 519 311 503 530 516 522 308 638 310 309 520 307 
374 345 768 348 371 347 372 346 373 370 767 369 350 368 349 764 367 351 765 366 360 766 352 359 357 355 356 354 353 358 362 364 363 365 361 
784 604 204 574 573 290 202 201 739 293 736 737 296 295 590 663 587 595 593 597 609 598 211 594 284 616 459 286 607 206 208 210 205 599 605 603 601 589 600 758 480 292 294 291 443 289 596 213 212 484 618 288 287 285 209 207 608 606 592 591 460 
785 470 419 20 18 418 21 417 776 25 23 774 569 15 16 421 420 19 17 777 778 416 775 414 24 22 415 772 26 413 769 28 773 411 412 410 27 424 568 423 422 771 29 30 770 409 717 406 453 407 408 708 32 31 33 
786 722 389 390 329 779 341 340 780 339 336 473 334 385 335 384 383 729 386 332 331 388 721 330 391 392 472 723 627 393 327 328 326 378 379 781 380 337 338 726 730 727 382 381 728 333 387 720 782 376 343 377 783 375 344 342 
787 133 491 444 84 85 82 533 538 142 139 140 494 448 138 136 490 461 539 143 75 74 144 475 488 134 86 83 532 78 535 534 141 79 80 492 137 135 81 493 132 77 536 76 145 547 
788 496 228 570 265 234 264 262 239 238 656 252 229 268 231 232 250 240 242 248 244 247 261 255 258 260 270 497 269 235 233 571 253 263 251 237 236 500 267 230 471 266 241 249 243 246 245 254 259 256 257 
