481 11 433 12 694 693 13 432 430 431 692 14 429 627 9 436 435 10 434 618 5 6 439 438 628 437 8 7 617 4 446 440 448 2 449 1 0 3 447 442 445 444 443 441 15 
648 413 568 502 32 30 31 652 565 26 460 418 24 25 419 416 417 650 415 563 540 29 414 28 651 564 27 713 428 714 17 16 427 711 18 426 566 653 420 23 712 424 425 715 19 423 461 654 422 567 22 20 21 421 34 33 459 411 412 
39 534 533 646 494 493 394 530 553 642 400 478 396 395 554 471 532 462 508 548 393 470 392 399 397 398 504 38 633 645 405 487 35 649 410 409 503 541 37 36 655 408 407 406 488 463 643 403 404 531 644 402 401 391 555 637 
516 509 511 514 513 545 518 521 522 641 139 140 519 517 523 138 525 590 145 552 528 572 384 469 576 579 587 547 386 385 510 546 389 387 388 586 524 456 468 640 141 526 529 527 144 143 142 512 549 137 390 574 520 
695 118 666 45 454 696 116 668 115 674 47 48 46 117 667 671 49 669 114 679 107 105 106 480 677 58 57 676 56 55 673 108 109 672 54 52 53 675 110 111 455 670 51 50 678 680 112 113 691 690 104 102 103 61 62 687 101 60 59 100 
688 689 63 684 69 93 683 91 72 90 73 71 70 92 686 66 68 67 685 96 94 95 65 64 479 98 97 99 682 74 89 88 87 83 86 85 84 681 75 82 76 80 77 79 78 81 
583 571 472 474 544 664 290 538 569 238 507 542 625 289 476 543 467 556 585 589 582 580 466 570 453 588 575 591 577 573 551 578 500 498 557 
701 226 225 699 156 719 720 227 155 698 154 153 159 158 157 718 152 717 230 716 228 229 451 482 231 233 232 594 151 592 489 505 234 235 236 150 584 506 237 149 593 148 147 146 
179 205 208 176 177 207 178 206 198 186 184 200 185 199 183 201 202 182 180 204 203 181 187 197 196 188 195 194 189 193 191 192 190 175 209 
624 239 623 288 622 240 287 286 619 608 621 620 285 475 241 473 600 604 606 603 599 275 274 602 601 253 595 597 244 243 596 251 247 248 250 249 246 245 252 598 242 450 612 464 616 257 255 256 615 254 662 273 607 271 272 613 614 258 259 610 270 269 465 663 260 611 268 265 264 261 263 262 267 266 605 626 284 282 283 276 278 609 281 279 280 277 
490 371 581 458 372 705 302 303 369 370 537 378 291 377 457 499 292 497 293 294 501 486 295 376 559 298 558 297 296 560 539 299 300 562 301 561 374 373 375 647 379 665 381 380 382 383 
319 352 320 351 322 349 321 350 345 326 344 327 347 325 346 324 348 323 343 328 329 342 330 341 331 340 332 333 339 334 338 337 335 336 
721 661 636 515 483 638 660 632 131 130 535 128 629 452 630 124 634 635 495 134 135 550 136 639 536 133 132 484 125 126 123 496 127 129 119 44 41 658 43 659 485 697 120 657 631 122 121 40 656 42 
722 709 356 313 707 361 360 309 359 358 308 364 305 307 710 354 317 316 353 318 357 355 315 314 310 311 362 708 312 706 363 704 365 306 366 304 368 367 
723 703 218 166 216 492 214 168 213 702 164 163 172 173 491 174 167 165 219 217 170 215 169 171 220 221 477 212 211 210 700 222 223 162 161 160 224 
