749 751 490 6 9 544 669 11 10 484 670 489 748 5 498 1 499 500 0 2 3 4 750 496 491 747 497 492 493 494 495 486 488 487 485 8 7 746 14 481 15 745 16 480 17 483 482 13 12 744 478 18 479 477 
568 472 467 610 515 29 609 608 22 569 473 23 469 470 471 468 24 26 27 28 25 534 475 21 20 19 474 476 758 756 458 37 456 457 757 752 39 38 764 765 461 34 459 755 36 35 460 761 32 31 30 760 763 466 465 759 462 463 762 464 33 40 
50 694 577 700 443 440 441 442 697 450 696 46 48 47 512 698 44 43 45 734 452 451 754 455 453 454 753 42 511 695 49 699 447 446 449 448 735 445 444 41 513 540 616 439 438 578 437 729 431 430 429 432 
728 519 733 514 579 436 680 679 168 688 690 678 737 686 687 170 739 684 180 681 724 717 682 689 683 169 692 693 685 435 740 172 178 176 177 171 179 706 423 711 529 712 434 720 713 691 714 715 433 710 428 426 427 425 707 424 727 
673 53 527 162 161 160 596 571 164 501 163 675 573 574 167 165 166 52 674 572 508 575 153 151 152 536 56 57 611 58 55 530 150 576 59 676 54 557 548 155 157 156 154 547 677 158 159 731 51 732 730 174 175 173 612 614 62 61 60 149 
532 65 145 146 66 743 144 742 67 68 615 64 63 613 147 148 526 595 69 619 141 140 143 142 70 593 71 594 139 138 131 134 135 136 531 137 509 592 72 635 637 130 79 545 74 73 636 78 76 75 77 132 133 83 84 525 82 128 126 127 81 129 80 
554 542 96 92 668 119 112 667 553 118 665 97 104 666 111 105 94 95 93 109 108 110 107 106 100 101 102 99 103 98 113 116 117 115 114 125 85 123 124 639 87 122 88 86 121 89 120 90 91 638 
598 518 725 722 721 663 522 723 623 662 632 726 718 716 506 741 719 624 552 620 621 505 631 333 332 660 270 334 664 
671 606 261 182 567 262 266 629 507 263 264 265 672 633 628 630 607 268 267 181 738 736 269 546 260 183 535 185 184 555 556 257 258 259 
563 187 561 504 191 254 253 252 255 562 192 186 256 190 189 188 601 249 195 248 196 627 197 247 194 564 251 193 250 198 246 199 245 200 244 243 201 
242 523 241 203 202 570 205 240 204 238 239 206 524 207 208 237 217 234 235 634 209 236 216 210 215 211 212 214 213 218 233 232 231 221 219 220 230 222 229 227 223 224 225 226 228 
654 650 658 272 655 659 331 587 583 589 541 297 528 618 299 298 273 582 289 581 290 580 295 296 292 293 294 291 521 649 651 590 656 300 586 502 584 287 286 585 277 278 276 279 288 588 275 503 274 617 285 280 283 282 281 284 516 701 303 301 302 702 305 304 306 644 645 657 517 330 316 643 652 653 648 307 520 646 315 647 309 314 312 311 310 313 308 642 317 640 318 641 328 329 533 319 325 326 327 322 323 324 320 321 661 271 
704 422 703 551 538 337 705 336 539 341 338 339 340 559 421 558 537 343 344 510 550 342 708 709 597 622 335 
543 363 400 360 362 361 403 402 401 404 359 358 603 355 408 406 407 356 405 357 602 354 409 591 365 364 399 398 366 397 396 565 350 410 353 351 352 549 599 420 625 418 419 345 560 348 600 417 626 604 349 411 346 347 413 415 416 414 412 
387 394 566 395 367 393 388 392 389 391 390 373 382 371 385 370 372 384 383 605 369 368 386 381 374 375 380 376 377 379 378 
