17 434 435 16 18 433 432 14 437 436 15 11 12 439 440 13 438 610 443 7 6 441 10 8 9 442 609 449 444 5 3 2 1 4 451 0 450 445 448 447 446 
616 429 21 22 617 431 20 430 19 478 25 23 24 428 427 26 502 424 423 542 481 31 29 30 541 27 28 426 425 501 34 629 508 419 32 33 457 488 421 422 420 456 618 413 624 39 38 37 623 36 35 625 480 418 620 415 417 416 414 40 626 621 412 410 
736 730 732 733 714 52 499 411 51 716 48 458 717 719 44 720 47 45 46 50 49 619 628 42 43 627 41 735 557 713 734 54 53 728 729 710 711 712 731 470 708 715 55 58 59 561 553 464 559 718 57 56 
483 310 309 465 600 586 60 511 518 519 520 515 560 459 311 466 545 641 304 639 308 506 516 727 307 584 599 585 540 61 496 491 69 495 512 663 654 656 644 646 507 306 645 649 655 643 647 305 66 65 64 62 68 63 67 70 648 638 509 455 653 
677 679 613 673 675 660 454 650 651 659 661 652 666 658 463 657 634 636 674 665 738 664 631 682 678 668 672 676 694 
579 578 162 582 581 494 637 76 527 157 83 155 156 477 493 160 484 82 81 583 80 161 568 158 159 538 539 79 78 77 72 635 74 75 633 73 722 164 537 726 163 71 632 580 630 
615 86 85 614 151 149 150 152 87 475 153 154 84 525 94 90 89 476 88 148 93 92 91 
139 141 100 140 485 144 96 95 142 143 528 98 99 97 526 147 145 146 136 103 135 737 134 104 105 133 102 137 101 138 125 130 607 131 606 106 132 124 608 108 107 128 126 127 129 111 123 110 109 122 113 112 121 117 120 119 118 115 116 114 
597 192 598 471 725 453 723 165 474 683 577 166 574 576 167 572 535 191 190 490 189 187 188 460 489 176 175 570 186 569 178 181 182 180 179 177 533 183 184 185 575 168 573 571 534 169 640 174 171 172 170 173 704 193 194 195 724 
472 700 204 702 205 690 695 203 696 201 202 701 703 290 289 469 706 292 291 705 461 468 689 697 200 199 198 197 691 685 686 671 293 498 670 492 497 295 294 642 303 536 669 296 667 662 681 196 698 684 688 693 699 692 680 301 302 298 300 299 297 687 
745 213 280 281 742 282 211 210 212 743 744 209 283 473 218 279 277 276 278 746 219 273 275 274 214 216 217 215 749 221 271 220 272 208 284 286 739 740 206 207 741 285 288 287 
240 530 531 260 261 232 241 231 229 486 262 230 239 236 238 237 235 234 233 612 257 256 242 611 255 254 259 258 249 246 248 247 244 245 243 250 253 251 252 226 266 267 225 265 264 227 529 228 263 270 269 750 268 224 222 223 
590 552 594 523 327 592 326 595 563 521 522 324 325 313 315 567 596 316 500 565 321 317 318 566 319 320 562 709 524 323 322 467 564 314 546 312 721 556 707 554 548 555 558 547 452 591 593 605 602 329 328 331 330 
354 353 390 355 748 391 352 392 351 393 747 350 394 395 479 396 349 505 398 397 544 348 347 510 336 589 514 406 344 587 337 517 549 550 335 334 333 603 551 407 408 343 601 338 342 341 340 339 543 345 462 503 403 404 405 588 513 402 504 482 401 399 400 346 409 604 332 
487 365 376 379 377 378 622 373 374 367 366 375 368 370 371 372 369 384 360 359 385 358 386 388 357 387 382 362 383 361 363 532 364 380 381 389 356 
