16 17 461 622 463 15 462 621 13 465 464 14 12 466 620 11 467 652 6 471 5 472 7 514 8 470 469 468 10 9 532 4 473 480 479 481 0 1 2 3 478 475 474 477 476 459 623 18 460 625 19 458 624 
574 665 457 666 21 23 22 519 456 573 647 450 498 572 24 648 448 449 571 28 25 26 27 649 455 451 452 453 454 497 546 444 654 35 445 544 33 34 32 545 518 31 446 548 576 447 575 29 30 441 36 570 442 443 547 653 37 663 440 655 661 38 439 662 438 496 656 39 40 20 
657 659 42 495 628 785 784 432 434 433 629 45 660 435 658 615 517 43 44 634 48 46 47 627 630 638 423 636 534 424 422 631 786 428 425 426 427 783 430 431 429 741 50 51 49 639 633 637 632 641 421 640 420 635 694 419 642 499 643 418 417 41 436 437 
699 667 669 166 167 760 168 520 500 758 759 650 170 169 703 702 704 717 779 778 412 708 502 706 715 172 714 171 488 713 503 707 709 712 746 411 745 410 744 174 173 175 645 705 695 646 697 644 780 777 413 616 781 415 414 720 483 782 416 
560 489 145 146 591 60 539 564 59 58 559 664 147 508 536 150 148 149 151 54 562 55 57 56 563 509 538 511 152 53 565 541 566 584 157 159 158 567 540 558 154 153 537 156 155 742 743 482 593 594 160 161 52 696 701 162 700 698 585 668 164 165 163 
753 70 68 69 749 752 67 66 65 751 138 136 137 491 750 135 626 73 72 549 134 133 651 516 75 74 76 71 525 132 131 130 524 531 77 510 127 129 128 490 582 140 139 592 141 64 80 530 79 78 492 523 125 126 529 123 124 142 63 561 581 62 583 143 144 61 
617 84 120 83 119 118 85 618 86 117 121 690 88 115 87 116 89 90 114 691 91 113 737 111 94 92 93 112 739 740 110 95 738 102 108 109 106 105 104 107 103 96 100 98 99 97 101 512 82 81 122 
603 607 688 504 719 731 577 595 551 588 580 597 598 602 587 604 487 589 599 506 501 600 590 605 579 687 710 711 671 729 716 
734 185 735 184 736 259 183 684 686 182 260 685 262 263 261 677 270 269 484 675 180 683 680 264 181 678 268 682 265 267 266 606 179 676 271 178 177 679 681 608 601 596 674 521 176 
774 200 244 199 245 771 246 198 772 196 773 248 247 197 766 252 193 251 250 194 767 249 195 192 765 254 191 190 189 255 764 188 256 253 258 257 187 186 
215 609 207 237 236 231 219 218 232 217 234 233 610 235 216 230 220 229 221 228 222 223 227 224 226 225 214 210 213 211 212 209 208 776 241 204 239 240 611 238 206 205 243 775 202 242 203 201 
535 553 557 278 306 305 283 533 555 279 507 301 300 569 284 485 542 299 298 515 297 294 296 295 304 303 302 543 568 293 291 292 285 286 288 287 289 290 282 281 280 274 273 554 277 550 307 486 276 275 586 308 578 272 556 552 309 
730 403 493 728 670 311 672 310 723 727 402 724 313 312 721 726 722 314 725 315 494 755 399 400 505 527 526 401 522 321 320 319 528 318 317 316 718 409 408 747 407 748 406 732 405 733 404 673 398 756 323 322 
513 394 326 396 395 324 754 397 757 325 693 388 387 333 763 762 334 386 332 692 390 331 329 330 389 619 392 328 391 327 393 761 385 336 335 337 384 
768 383 338 382 381 340 339 769 380 341 770 342 379 613 345 346 376 614 343 378 344 377 368 375 373 374 612 347 367 369 372 370 371 351 365 689 348 350 349 366 354 362 363 353 352 364 355 361 356 360 359 357 358 
