449 18 618 450 17 16 451 619 453 452 15 14 454 13 10 458 457 456 11 620 455 12 462 461 7 8 460 9 459 6 506 469 463 5 2 3 4 0 471 1 470 464 468 467 465 466 
554 22 555 445 20 21 444 485 24 443 441 442 23 438 440 439 551 552 26 25 437 550 27 486 436 31 28 30 29 487 432 34 553 33 434 433 435 32 625 429 430 38 37 627 36 35 626 431 488 447 19 446 448 
607 423 476 613 47 616 52 588 615 51 48 49 50 609 600 492 630 40 41 629 426 427 612 425 608 611 42 424 614 45 46 43 44 606 421 422 428 628 39 604 605 473 589 
595 585 56 596 582 586 602 321 601 583 594 593 320 592 579 478 58 57 598 597 610 324 323 322 325 587 584 54 53 55 591 580 318 573 577 60 61 319 578 576 581 59 531 62 574 575 564 316 317 477 65 538 63 64 572 315 314 
523 495 535 525 522 474 549 490 491 310 311 306 504 513 512 313 312 472 519 520 565 533 524 540 214 526 527 305 534 215 480 521 514 309 307 308 536 546 532 530 566 503 66 
568 570 569 158 159 496 160 548 542 74 567 157 547 545 73 537 68 71 70 69 72 67 539 161 162 163 77 152 590 155 75 76 153 154 156 80 149 150 79 151 78 81 
92 138 137 93 94 136 91 139 90 140 135 95 96 134 98 132 133 97 142 88 141 89 86 144 143 87 85 145 83 147 84 146 82 148 
128 102 104 103 124 106 107 105 126 127 125 121 122 109 123 108 110 120 111 112 119 118 113 117 114 116 115 131 99 101 129 100 130 
207 208 563 202 201 475 560 559 500 200 167 561 168 571 209 484 558 497 511 173 562 169 171 170 172 634 483 199 196 197 198 635 193 195 194 499 188 192 190 189 191 510 498 175 174 505 529 187 186 482 517 185 509 177 179 178 176 518 183 180 181 182 184 206 205 204 203 543 165 212 211 541 213 164 544 210 166 
226 299 508 301 225 300 224 302 493 223 222 516 220 221 303 304 528 217 515 216 219 218 
287 238 239 286 288 237 236 235 289 290 232 293 292 233 234 291 230 295 294 231 229 296 228 297 227 298 277 248 247 279 278 245 281 246 280 244 243 282 242 283 241 284 285 240 249 250 276 501 275 251 274 253 273 272 252 
254 271 268 257 269 256 255 270 265 258 267 266 264 259 263 260 262 261 
617 637 636 330 419 420 644 642 418 643 338 416 641 417 336 337 640 335 333 334 479 639 332 331 599 328 326 327 638 329 481 603 
649 354 353 648 400 647 352 402 401 398 397 631 399 632 357 358 633 396 395 356 355 650 350 404 403 351 349 348 624 347 407 405 406 408 409 621 345 344 346 645 341 646 414 415 340 339 342 622 623 410 343 489 413 412 411 
494 359 394 360 393 556 361 392 362 391 557 390 363 364 365 388 389 366 387 502 386 367 369 368 370 383 384 385 382 371 507 377 372 381 380 379 378 376 373 374 375 
