676 431 436 6 677 1 5 437 0 435 434 433 432 3 2 4 421 15 14 696 13 422 423 12 695 424 425 11 426 694 427 10 693 429 8 9 428 430 7 637 17 418 416 417 492 19 20 18 419 16 420 415 21 689 22 692 414 
690 25 24 688 691 412 27 26 462 410 411 640 28 639 408 409 407 29 546 406 507 547 30 473 404 405 444 474 32 403 31 33 586 483 34 35 402 400 401 36 560 37 482 38 398 484 399 413 23 
445 516 460 41 40 557 481 47 558 517 43 44 45 42 46 581 585 459 556 667 609 49 53 584 48 559 50 51 52 396 602 395 54 601 55 665 652 443 603 653 57 56 661 518 397 39 
654 296 662 664 666 663 655 659 658 554 514 295 458 294 452 59 532 533 64 491 531 479 293 553 292 555 564 565 656 478 58 515 657 60 61 62 63 660 489 594 530 451 597 614 456 289 480 287 513 596 595 615 498 
611 576 195 552 645 646 442 589 550 197 551 580 196 457 591 572 454 590 549 613 573 570 569 571 574 592 612 593 650 648 651 159 577 598 541 647 158 453 
633 85 84 83 472 140 143 505 441 144 471 82 141 142 89 674 137 636 88 136 635 87 634 139 138 86 145 80 81 670 91 90 438 669 133 134 135 
616 130 95 617 97 98 618 128 129 96 123 101 102 122 124 100 125 126 461 99 127 109 120 104 103 121 105 108 106 107 110 119 118 111 117 112 116 113 115 114 671 94 668 132 131 93 92 
194 632 160 649 629 627 630 542 504 161 165 193 192 190 191 189 162 163 164 626 631 638 166 628 188 673 184 183 672 470 168 167 187 185 186 623 171 169 170 172 440 675 182 624 173 625 180 181 179 178 177 176 175 174 
448 520 271 485 210 273 272 621 620 263 264 221 262 463 643 220 265 217 218 219 487 269 270 476 213 211 212 524 215 214 268 525 267 266 642 216 
619 229 227 228 255 253 230 254 231 252 464 256 226 225 257 622 224 258 223 245 233 251 232 249 246 247 248 250 244 235 234 236 243 237 242 238 241 239 240 259 260 465 261 222 
680 567 568 311 309 310 682 312 394 587 313 449 610 315 314 308 307 306 496 304 495 305 566 497 303 583 681 535 600 301 300 299 608 302 604 607 582 606 298 605 297 455 393 
331 527 384 385 561 324 325 326 383 562 563 382 327 466 381 380 686 330 328 329 685 379 683 378 488 526 386 323 387 322 477 389 494 320 388 321 390 679 391 450 644 318 319 392 317 588 316 678 377 
699 344 364 698 346 362 363 345 361 347 697 360 354 351 352 350 353 349 348 355 357 358 359 356 701 340 369 338 339 371 370 700 367 342 341 368 366 365 343 499 372 337 373 375 336 467 374 335 334 684 376 333 687 332 
702 548 199 512 291 286 599 290 284 283 288 509 447 204 508 202 203 275 208 641 276 521 205 510 534 281 282 511 198 579 279 522 280 475 201 486 519 523 209 277 278 206 207 446 200 274 493 285 
703 539 575 65 528 490 529 70 66 538 469 155 157 153 152 73 76 149 537 500 74 72 71 69 540 502 156 501 154 151 503 536 468 148 75 543 544 578 77 147 78 439 150 68 67 146 545 79 506 
