634 635 440 17 636 444 14 12 13 446 445 571 11 447 448 10 9 633 16 442 441 15 443 570 449 8 569 451 7 450 5 4 6 452 489 3 453 572 460 461 462 0 2 1 454 458 456 457 455 459 
665 429 668 27 667 431 430 485 26 25 24 432 428 666 427 663 426 669 29 28 30 31 630 23 631 433 664 670 425 32 506 35 34 469 33 573 422 421 505 424 423 36 37 496 420 434 628 435 22 20 629 632 437 21 436 488 438 439 19 18 
497 495 504 415 414 40 502 413 508 494 585 586 409 407 408 526 519 587 411 412 410 500 512 511 499 41 501 583 406 405 490 38 419 493 468 503 418 416 417 39 
509 507 516 514 513 518 480 479 530 471 582 400 398 399 517 402 401 584 403 404 481 522 607 146 145 510 521 515 520 486 567 143 581 566 144 142 527 148 147 588 397 529 396 525 524 568 523 
637 639 575 646 132 133 42 464 644 128 129 127 645 130 131 498 642 640 463 574 576 577 134 135 470 578 136 137 579 138 139 580 140 141 
680 681 61 109 107 679 106 108 678 677 58 112 56 57 110 111 676 60 59 672 118 119 675 50 117 671 120 674 48 49 626 627 116 53 487 51 52 114 113 115 625 55 54 638 641 126 43 44 647 45 47 46 465 673 122 123 121 643 124 125 62 63 683 64 684 105 
682 65 103 104 67 66 102 685 101 68 100 99 69 687 72 96 97 71 686 70 98 74 95 73 94 75 93 76 92 77 78 91 79 90 83 81 82 80 89 85 86 88 87 84 
594 531 592 618 596 621 482 598 597 473 302 535 533 483 301 241 615 612 616 391 613 593 617 472 619 610 466 528 474 614 591 393 392 609 608 611 589 395 590 394 297 245 538 298 539 243 244 299 536 300 534 242 
662 164 227 226 228 163 661 229 162 660 159 231 230 161 160 158 659 233 157 235 234 232 650 156 236 651 595 154 155 652 238 237 239 153 240 151 152 149 150 
216 175 176 215 178 213 179 212 214 177 224 167 223 168 222 169 219 172 171 220 221 170 173 218 174 217 166 225 165 
186 205 204 203 190 201 492 202 187 188 189 191 199 200 198 192 193 197 196 194 195 181 210 206 185 184 207 183 208 209 182 211 180 
467 555 259 552 477 544 559 257 258 604 285 286 547 475 554 271 560 478 270 551 553 564 548 565 283 282 284 558 272 562 491 556 280 281 563 276 279 277 278 275 274 273 649 269 648 264 263 561 262 260 261 266 267 268 265 476 557 600 599 287 602 603 545 549 601 296 295 543 550 484 546 246 542 256 540 541 255 247 252 250 251 253 254 249 248 288 290 289 291 292 605 293 606 294 537 
657 382 314 313 656 312 385 383 384 311 653 307 388 655 310 309 308 387 386 624 390 623 303 622 532 620 654 305 306 304 389 315 381 
328 367 368 327 369 326 366 329 371 324 370 325 323 372 373 322 321 374 319 376 320 375 318 377 378 317 379 380 658 316 
353 343 344 352 345 349 346 347 348 351 350 361 360 335 359 336 337 358 338 354 341 340 355 339 357 356 342 332 363 333 362 334 331 364 330 365 
