487 3 451 452 455 457 458 1 0 2 456 453 454 614 442 13 440 441 14 443 12 615 11 444 9 10 513 447 7 446 445 8 512 5 449 448 6 4 450 
604 27 427 426 28 603 425 29 475 420 34 421 33 602 32 422 30 31 424 423 36 35 419 606 432 22 433 21 431 430 611 20 434 436 435 19 18 605 25 429 23 24 26 428 613 15 439 438 16 612 437 17 607 37 417 38 418 
617 618 39 416 616 414 415 413 627 410 409 622 44 43 45 624 412 623 42 41 40 411 625 46 626 408 407 578 48 573 574 563 566 47 562 567 565 400 406 461 397 564 399 398 405 402 401 404 403 576 396 560 561 
568 559 539 579 590 582 160 580 546 459 463 548 162 163 161 538 465 542 392 391 395 394 393 515 168 471 528 167 530 545 558 387 389 388 557 464 537 390 531 540 518 547 549 164 489 166 165 
588 49 585 587 147 575 583 589 156 586 155 157 584 148 152 153 154 149 151 150 473 56 57 139 619 55 620 140 141 54 53 621 142 143 608 144 52 609 51 610 145 146 50 138 577 581 158 159 462 
543 78 118 116 117 77 119 500 120 76 74 75 488 71 125 69 70 127 126 470 123 73 124 72 121 122 514 68 128 67 129 544 66 130 65 64 592 60 61 135 134 62 572 133 63 131 132 58 593 137 136 59 569 115 79 80 81 
477 97 93 103 94 96 95 99 101 100 102 98 570 83 113 82 114 112 111 84 571 110 85 109 86 591 87 88 108 106 105 107 492 91 104 92 89 90 
469 598 532 521 551 467 520 466 522 460 600 526 523 524 468 553 519 527 529 516 517 169 552 555 536 541 533 535 534 525 550 
183 243 182 244 596 179 247 180 246 181 245 248 594 249 178 472 177 176 595 250 252 251 501 254 253 601 175 174 597 599 173 172 170 171 256 255 184 242 
239 187 186 240 185 241 238 188 189 237 190 236 191 235 230 196 231 195 194 232 193 233 192 234 197 229 228 198 
210 206 205 220 204 221 207 209 208 211 218 219 217 212 216 213 215 214 199 226 200 201 224 225 202 203 222 223 227 
484 480 496 293 497 479 508 279 485 277 278 273 493 260 478 499 294 482 481 486 272 495 267 263 266 262 261 282 281 283 280 284 271 268 270 269 274 276 275 288 291 287 292 285 289 290 286 264 265 494 296 295 257 258 259 297 
474 305 377 476 304 302 303 301 498 556 379 380 378 300 299 491 554 381 490 383 382 385 384 298 386 310 373 503 374 309 375 308 502 376 307 306 
319 364 365 507 366 317 318 505 313 370 314 369 371 504 311 372 312 506 368 315 316 367 363 320 321 511 322 361 362 360 323 
509 357 326 356 327 325 358 352 353 331 329 330 483 355 354 328 351 333 350 334 349 335 332 344 348 336 345 347 346 337 343 342 338 341 339 340 510 324 359 
