485 484 9 399 8 400 398 554 486 397 459 425 483 10 12 11 14 13 396 750 5 751 405 413 582 470 752 7 6 411 412 409 410 407 408 406 403 404 401 402 753 4 414 2 3 416 0 1 415 15 460 395 394 
514 539 606 605 36 35 607 537 34 33 611 40 38 37 39 451 572 596 428 602 601 518 309 505 468 42 45 44 43 49 48 504 47 46 575 564 573 563 41 443 565 566 567 32 570 568 50 479 595 
631 630 621 625 637 613 622 619 617 620 440 591 588 590 287 589 592 285 284 286 624 471 623 586 288 289 638 639 633 627 442 642 628 643 649 56 55 653 634 644 51 654 54 52 53 506 645 635 444 577 569 663 574 578 612 614 618 616 615 632 283 629 636 626 424 290 585 583 581 
728 733 703 458 724 457 701 666 730 419 735 732 729 562 736 740 720 721 723 610 714 709 718 664 717 710 712 719 722 725 667 713 715 711 674 675 148 149 734 194 
669 672 60 763 762 423 759 761 677 678 141 700 144 142 143 497 63 755 496 467 134 764 62 760 754 756 135 136 61 758 757 137 437 139 140 138 64 650 656 59 655 646 58 652 57 676 671 668 665 438 670 697 696 702 146 147 145 
95 469 111 552 112 84 90 87 88 86 85 89 96 107 507 109 110 108 91 93 92 94 97 105 104 106 101 98 103 100 99 102 114 83 113 
559 189 560 183 447 153 154 417 511 512 738 739 190 191 475 161 155 474 556 557 558 182 181 731 151 737 476 192 152 448 454 163 162 464 180 179 494 455 170 482 165 164 169 167 166 168 466 171 175 495 178 176 177 174 173 172 184 187 188 186 185 510 156 160 158 157 159 150 193 
686 270 429 689 213 211 212 688 268 269 687 692 214 690 210 209 693 208 685 271 273 274 275 272 767 267 264 265 266 430 770 217 215 216 765 263 766 218 220 219 769 221 222 223 768 262 261 747 260 
493 524 328 327 534 357 525 330 329 358 359 542 325 522 360 361 535 326 434 461 351 352 436 453 331 333 332 492 345 334 521 346 462 353 356 354 355 350 348 347 349 335 336 341 337 338 340 339 593 343 344 342 
771 255 228 227 225 748 259 256 472 254 252 230 473 248 446 249 236 245 246 237 239 241 238 508 509 226 456 749 224 257 258 229 253 231 232 234 233 251 250 235 247 244 243 242 240 
772 571 594 660 659 661 297 579 576 433 604 603 599 598 302 517 306 305 529 293 291 292 587 295 294 584 555 300 463 296 299 298 657 580 658 600 303 662 301 597 304 307 441 308 
773 376 548 547 481 310 314 435 321 533 364 367 318 319 368 544 317 315 370 363 378 377 516 374 312 373 530 432 540 322 366 365 541 320 543 369 549 545 546 316 532 362 523 538 323 324 
774 553 385 24 490 389 388 491 23 20 426 18 390 478 520 26 25 449 383 384 381 513 382 418 515 27 28 536 29 379 477 527 528 31 30 380 375 452 480 313 372 371 431 311 489 387 427 22 21 19 488 519 391 392 386 17 393 16 487 531 
775 502 501 71 745 422 72 74 75 120 118 117 121 741 742 123 744 77 82 81 550 80 128 70 127 129 126 503 743 73 125 124 67 131 133 132 500 421 526 69 68 130 498 499 66 65 445 79 119 746 122 76 78 551 115 116 
776 684 277 691 207 276 682 683 420 698 699 204 705 202 609 199 201 608 196 707 727 279 673 640 647 281 708 641 439 651 282 681 694 278 704 203 206 205 280 195 450 465 716 706 679 648 695 680 726 561 198 197 200 
