781 801 12 767 796 771 417 507 430 465 506 431 798 797 494 803 799 10 8 9 11 802 766 709 765 769 412 414 413 411 461 770 415 416 703 419 418 779 702 477 427 428 429 420 499 426 421 422 423 424 425 502 433 478 5 1 3 4 2 468 800 7 6 435 0 434 432 782 15 445 780 13 14 
764 763 472 738 734 19 768 409 408 407 740 406 682 739 733 786 21 20 783 18 16 17 725 729 727 400 735 27 726 26 730 444 728 23 24 731 25 402 403 732 736 737 404 405 22 401 583 485 604 29 28 539 399 398 397 410 582 395 30 394 396 579 393 447 580 31 32 
581 392 576 575 38 39 40 564 446 484 41 578 34 33 577 538 37 603 35 36 42 516 520 519 517 518 515 43 561 48 49 50 473 45 44 46 47 
624 622 521 707 53 459 677 443 623 596 621 497 51 546 708 52 679 760 812 813 56 57 454 792 761 759 690 676 791 665 681 696 291 678 675 674 491 54 55 668 699 698 294 649 460 697 680 701 293 292 295 
762 793 794 790 788 749 436 795 689 776 774 772 773 655 669 448 756 750 754 775 670 751 
804 65 805 128 129 807 130 131 479 64 63 132 815 62 808 61 816 133 810 139 789 818 59 809 480 138 817 135 134 137 136 60 814 58 811 140 142 141 
528 115 116 439 569 76 77 482 113 112 534 535 78 114 457 536 723 111 570 79 82 81 80 719 121 120 119 568 72 71 73 442 532 74 531 118 530 75 529 117 70 533 123 122 720 721 69 124 441 67 68 806 126 127 125 66 
724 102 100 101 93 94 99 97 95 96 98 572 91 716 717 722 110 440 718 83 573 90 508 88 89 85 87 86 84 571 483 109 105 107 106 104 108 92 574 537 103 
200 199 198 757 755 752 629 653 654 202 143 647 664 566 662 661 527 745 190 601 201 600 673 602 628 197 526 565 194 196 438 567 476 746 192 193 191 195 471 659 556 559 183 672 496 181 182 178 180 179 177 558 185 189 557 505 184 187 186 188 144 619 758 509 753 617 648 618 148 646 645 437 663 615 616 455 595 151 149 150 660 644 658 643 176 671 175 172 173 174 560 612 620 152 511 613 162 163 614 641 594 706 171 489 642 169 170 705 166 165 168 167 704 456 490 164 512 510 157 513 154 153 161 464 155 156 159 160 158 145 146 147 
819 217 283 475 284 285 214 215 820 216 684 286 695 213 288 693 207 449 685 683 692 211 212 209 210 287 208 688 686 694 691 687 206 290 289 204 203 205 
233 714 267 266 713 830 235 234 712 710 265 711 474 257 715 236 470 547 785 549 256 255 784 501 238 548 243 254 242 240 241 239 237 498 263 258 264 261 259 260 262 253 244 252 246 251 247 250 248 249 245 828 827 268 
605 590 657 748 312 631 310 311 309 308 540 314 313 390 666 458 303 667 522 525 599 391 598 523 627 626 597 625 562 563 606 630 656 652 307 306 651 305 524 304 778 650 777 700 296 302 299 300 301 298 297 
635 542 741 325 832 378 380 379 326 743 381 543 541 323 452 321 322 742 382 383 324 588 386 385 544 744 384 584 487 320 319 585 587 318 317 387 586 607 374 373 608 593 609 329 327 328 831 377 787 375 376 634 466 633 636 331 330 332 632 372 389 589 451 388 486 316 315 
469 550 463 640 338 504 552 354 353 545 363 364 611 639 335 336 337 495 365 553 555 637 551 352 467 492 340 503 339 347 344 343 500 493 350 342 348 349 341 351 346 345 514 362 359 357 358 360 361 356 355 591 367 554 453 368 610 592 366 488 638 333 334 462 747 369 370 371 
838 835 834 224 837 836 833 277 824 226 272 826 228 829 450 271 232 225 223 222 278 279 276 275 481 220 221 280 282 281 821 219 218 227 825 273 229 230 231 823 822 270 269 274 
