621 450 9 10 620 11 12 452 451 8 7 544 453 6 454 518 5 456 457 458 459 455 4 461 462 3 460 2 463 0 1 449 448 447 619 13 446 14 618 15 444 445 
443 486 442 18 441 440 16 17 623 439 622 19 437 438 500 21 20 24 23 22 536 436 435 434 481 573 433 529 25 432 491 26 27 469 541 538 33 32 507 30 31 28 29 537 35 492 687 425 36 34 431 508 571 426 430 429 428 427 539 39 38 470 679 420 501 37 686 422 424 423 421 419 
658 638 639 59 599 597 535 68 598 600 616 642 63 479 641 643 688 67 64 65 66 665 670 671 300 666 672 302 301 471 634 635 636 295 296 478 637 297 299 298 668 303 667 504 657 662 663 664 681 640 61 624 60 62 570 69 652 496 58 304 
556 468 168 555 554 613 585 583 601 553 523 467 581 584 612 465 578 580 547 586 490 602 582 615 579 199 
97 96 484 98 137 139 138 525 135 136 100 99 134 559 133 102 101 112 127 106 128 130 104 105 129 103 131 132 111 107 109 110 108 123 115 124 114 113 125 126 122 116 121 117 120 118 119 
557 589 614 196 195 197 169 170 567 494 177 530 194 171 591 175 173 172 176 174 630 193 191 192 472 510 180 178 179 509 190 185 188 187 186 189 493 181 184 183 182 590 198 
684 269 227 228 268 685 267 229 230 231 265 264 232 266 233 263 262 235 234 236 261 260 237 253 238 259 240 252 239 251 241 242 250 243 249 244 248 247 245 246 254 257 258 255 256 
497 475 542 318 317 316 410 411 515 409 408 568 512 593 322 323 514 321 319 320 633 574 595 596 311 594 315 314 575 313 312 659 626 474 676 513 412 511 680 305 674 308 673 495 675 309 310 306 307 660 669 413 628 661 464 648 473 
692 384 383 689 385 345 347 346 682 617 391 393 392 340 390 483 389 341 343 342 690 387 386 691 344 388 394 482 337 338 339 569 336 335 395 476 576 399 531 330 332 331 534 396 398 397 498 334 333 543 402 401 400 532 328 329 327 326 517 577 403 404 533 325 516 407 405 406 324 
519 359 372 370 368 369 371 367 365 360 364 362 363 361 366 348 382 353 378 377 354 355 376 629 373 358 375 356 374 357 352 379 380 351 693 350 381 349 
694 499 72 546 74 548 522 552 166 164 587 159 162 550 551 78 157 80 632 158 70 167 477 71 545 73 75 520 521 165 549 161 160 76 163 480 156 79 588 77 
695 609 466 293 291 607 201 200 563 208 287 207 206 605 288 202 289 203 610 528 210 290 611 292 606 604 603 562 209 286 564 487 608 565 566 205 204 294 285 
696 649 46 656 49 50 51 644 645 655 54 56 417 678 677 654 505 43 631 414 651 47 647 48 646 52 650 625 53 55 502 57 416 415 44 42 41 653 45 40 418 
697 540 154 152 151 558 592 91 92 150 148 87 88 90 572 485 143 142 141 93 94 95 145 144 146 149 86 503 147 89 83 82 155 85 84 153 140 524 526 527 81 
698 212 217 280 213 506 277 278 276 222 274 220 279 214 282 219 218 275 489 223 273 272 221 683 271 224 225 216 281 284 561 627 215 488 211 560 283 270 226 
