19 478 20 477 18 479 480 17 633 481 16 15 601 484 14 482 483 599 491 13 600 485 490 488 487 489 486 516 498 7 500 499 8 497 496 597 9 495 10 598 11 494 12 493 492 6 501 0 1 5 4 2 3 700 474 23 24 475 22 21 476 
696 464 32 465 466 33 463 34 462 461 532 37 35 36 602 42 455 456 41 603 457 40 518 459 39 458 561 560 38 460 699 25 472 471 27 26 697 467 31 29 30 698 28 470 468 469 43 604 454 473 
611 449 608 50 49 634 52 53 51 54 517 453 44 45 452 636 46 47 451 635 48 450 675 55 57 56 
639 640 335 336 507 648 661 62 645 638 641 332 334 333 656 64 63 643 660 637 677 58 59 662 60 61 609 610 676 612 647 337 338 613 631 687 325 506 650 652 653 70 71 649 680 679 327 326 646 657 658 68 69 659 65 67 66 678 330 331 642 329 328 644 525 526 655 651 
573 566 565 583 589 578 503 174 673 672 688 691 218 632 674 172 173 579 588 574 584 585 551 689 690 685 216 176 215 686 217 684 175 219 544 
559 668 670 169 170 577 74 531 167 168 164 166 165 702 82 703 159 80 81 558 557 162 79 161 160 515 77 78 505 556 163 572 76 75 654 72 571 502 671 171 73 587 702 82 703 159 80 81 558 557 162 79 161 160 515 77 78 505 556 163 572 76 75 669 586 
94 148 147 95 149 93 707 150 92 91 151 706 90 152 146 96 97 145 144 98 84 83 701 158 156 157 705 87 88 153 89 86 154 704 155 85 84 83 701 158 156 157 705 87 88 153 89 86 154 704 155 85 
130 590 104 139 591 102 103 140 593 128 107 127 594 595 129 105 106 131 138 137 132 133 136 134 135 513 112 126 116 121 125 117 120 119 118 111 109 596 108 113 115 114 123 122 124 110 592 142 100 99 143 101 141 
504 575 179 180 580 213 581 212 530 207 209 208 210 211 569 555 554 553 205 206 568 187 570 181 184 185 183 186 182 512 514 204 202 203 536 190 188 189 527 563 192 197 196 195 194 193 191 535 200 201 198 199 576 582 177 214 178 
538 319 537 229 230 320 510 546 231 539 316 317 318 542 509 321 552 222 223 541 528 224 228 226 227 225 667 324 323 564 322 550 545 567 221 220 548 549 232 540 543 315 
547 235 234 312 313 236 311 628 310 237 238 629 308 239 309 630 305 241 240 307 306 247 299 246 245 300 301 244 243 302 242 303 304 314 233 
624 264 290 291 626 627 292 252 289 263 253 262 255 261 254 256 260 257 258 259 519 266 278 279 282 533 288 283 625 265 277 274 276 275 273 272 269 268 267 271 270 280 281 287 284 286 285 250 296 295 294 251 293 249 297 248 298 
693 446 694 347 348 345 344 343 617 346 520 447 692 445 349 448 605 511 616 342 341 340 606 508 607 614 339 695 351 352 443 350 444 615 
663 430 366 428 429 618 432 364 431 365 434 433 363 362 361 619 437 438 357 356 664 439 665 355 441 440 354 621 620 436 358 359 523 360 435 522 353 442 682 371 424 683 425 370 369 426 681 427 368 367 
562 405 383 534 406 413 410 412 411 407 408 409 622 387 388 402 401 524 400 399 389 385 386 384 404 403 390 398 397 391 396 392 394 393 395 423 422 373 372 666 421 374 376 375 623 418 377 417 420 419 529 380 416 378 379 381 521 414 382 415 
