736 737 11 448 449 735 447 12 13 446 16 751 15 444 752 14 753 445 10 9 450 732 451 733 8 6 7 734 452 488 597 598 455 5 453 454 4 599 3 464 596 456 463 458 461 462 457 459 460 465 2 466 0 1 
756 757 442 17 18 441 754 759 19 440 755 438 437 758 21 20 22 439 724 727 434 25 435 24 490 23 726 436 712 728 27 28 26 725 432 433 29 431 723 721 30 430 354 43 672 356 479 703 700 33 702 443 350 
571 551 71 73 72 550 497 74 474 527 521 319 526 607 518 75 524 631 317 318 520 632 572 469 582 583 547 552 568 68 529 569 70 69 570 581 498 67 66 577 477 549 324 567 644 584 546 643 525 528 548 321 320 566 323 322 646 499 641 325 649 326 327 476 553 522 55 
621 617 507 537 613 624 609 619 618 620 623 616 612 610 475 523 473 468 512 542 562 510 505 467 563 541 626 625 538 539 501 495 561 496 684 633 622 519 630 615 534 
707 94 150 95 149 151 152 93 696 92 153 91 699 146 99 100 145 147 98 97 708 148 96 687 101 144 142 143 686 141 103 102 685 106 104 138 108 135 109 113 111 502 133 131 130 129 118 117 126 125 121 122 
543 513 556 514 564 208 207 206 216 565 217 545 205 536 185 504 191 176 184 186 190 187 188 189 509 642 486 637 192 193 555 472 487 204 544 500 194 196 195 203 201 533 558 200 557 197 199 198 218 219 202 183 182 181 209 210 211 215 214 212 213 506 535 580 503 559 220 
242 300 301 603 303 239 697 296 246 247 295 683 244 298 297 245 243 299 698 294 248 292 293 688 251 291 250 249 252 253 290 682 302 241 240 
762 415 414 761 374 375 372 373 767 371 370 760 766 417 418 416 763 419 765 369 368 747 367 366 764 421 420 422 426 729 363 749 425 748 423 424 750 365 364 730 731 361 362 427 671 358 470 359 360 357 38 353 352 349 39 40 41 36 428 670 669 355 694 661 704 705 35 722 31 693 701 351 44 42 706 37 695 471 429 34 32 692 679 660 
738 382 381 407 406 742 743 408 380 379 410 741 409 378 740 383 739 405 494 403 404 385 384 606 605 402 386 387 388 389 393 604 394 401 399 396 400 395 398 397 392 390 391 744 413 376 745 377 746 411 412 
768 285 258 257 281 261 260 279 280 277 278 266 267 268 269 272 271 638 289 517 287 255 288 254 286 493 284 256 283 259 516 282 263 262 265 264 276 275 274 273 270 
769 140 139 105 636 137 136 107 132 112 134 110 114 115 116 127 128 119 120 124 123 
770 629 634 628 627 315 227 508 228 226 225 238 304 237 491 308 307 234 236 310 309 601 311 312 230 635 229 313 314 223 224 222 221 492 305 233 515 235 306 681 602 232 231 316 
771 614 81 540 511 165 611 79 76 167 166 680 89 600 87 86 157 639 640 162 489 85 560 163 164 80 78 77 170 168 174 175 177 179 178 180 169 171 173 172 608 155 158 159 88 156 83 84 161 160 82 154 90 
772 478 690 336 648 333 575 593 480 578 594 53 482 481 691 51 667 588 655 656 652 662 657 713 715 339 710 340 719 343 709 342 718 348 678 49 47 664 653 663 677 585 711 335 334 650 668 665 52 50 589 651 658 485 338 714 717 345 341 347 48 659 586 689 332 645 647 330 331 329 337 328 
773 590 59 591 592 58 54 666 676 587 654 483 484 720 344 716 346 45 46 673 674 675 554 57 530 63 64 573 576 574 532 579 61 62 60 65 531 595 56 
