600 12 448 13 447 449 11 587 450 10 454 452 451 453 588 9 455 624 460 8 625 457 456 459 458 6 5 2 4 3 7 1 0 461 533 19 18 442 510 17 443 445 444 484 14 446 16 15 
483 21 440 638 438 439 634 23 636 436 435 437 22 482 637 434 635 26 24 25 441 20 481 35 34 426 425 36 632 37 630 424 422 423 629 633 420 421 631 39 38 661 33 656 427 428 660 31 32 659 430 429 655 431 30 658 29 28 27 657 432 433 467 605 48 537 414 413 606 46 536 47 468 514 41 40 559 418 417 416 419 42 515 539 415 495 45 43 44 
558 574 462 608 58 612 60 59 411 614 617 556 609 61 538 573 554 557 412 555 54 628 57 55 56 504 49 572 53 51 50 52 467 605 48 537 414 413 606 46 536 47 468 514 41 40 559 418 417 416 419 42 515 539 415 495 45 43 44 613 618 619 615 410 616 547 607 569 469 409 
62 66 590 589 598 520 503 295 597 626 596 299 297 298 296 64 65 63 292 522 595 294 591 67 593 592 523 293 546 466 594 610 71 493 290 652 70 69 576 651 586 584 68 291 611 521 300 
472 654 653 72 623 646 622 505 74 73 580 578 544 497 545 474 491 288 564 566 565 567 579 568 463 577 479 543 562 519 563 585 575 494 289 650 518 471 583 492 
649 157 84 85 86 156 83 158 647 162 81 163 648 159 82 161 160 77 76 75 165 645 79 78 644 80 164 166 155 154 87 
137 105 138 104 140 102 103 139 136 106 135 107 134 114 128 113 129 112 130 111 109 132 108 133 110 131 115 127 117 116 126 125 118 124 119 123 120 122 121 532 101 
603 167 517 513 194 195 540 501 488 191 190 500 516 170 171 465 535 193 192 502 169 168 602 189 490 182 187 186 184 185 183 188 473 498 172 173 601 181 496 174 178 179 177 176 175 180 197 541 196 
621 204 278 277 276 205 203 202 620 201 279 561 199 200 280 198 281 285 286 287 542 560 282 499 284 283 207 275 206 
225 256 226 255 227 259 222 258 223 257 224 221 260 261 252 230 231 251 228 254 253 229 233 249 232 250 234 248 235 245 246 247 244 236 243 237 238 242 239 241 240 
530 408 508 527 314 315 313 470 529 318 317 550 405 404 406 407 528 549 316 553 531 478 312 311 310 475 548 604 305 303 304 507 307 306 309 308 526 525 301 524 464 302 551 403 
663 666 333 389 665 664 391 329 392 328 327 476 393 395 394 390 331 332 662 330 640 382 383 380 381 486 341 340 627 342 379 343 599 344 378 377 345 639 384 643 339 338 642 337 336 641 386 387 385 485 335 334 388 582 396 326 571 398 397 581 325 324 489 320 319 402 552 401 570 323 321 322 400 399 
477 347 346 376 374 375 506 349 373 348 534 372 350 368 370 371 369 367 512 351 352 366 487 365 353 362 364 363 511 354 360 361 358 357 356 355 359 
667 264 215 266 217 214 213 212 209 270 271 273 219 263 218 216 265 267 268 269 272 211 210 208 274 262 220 
668 151 152 150 148 149 89 88 147 480 144 146 97 99 143 141 91 90 92 94 93 153 95 145 96 98 509 142 100 
