659 11 12 660 484 482 483 10 485 509 9 8 486 633 1 487 634 7 489 490 488 491 0 493 492 3 5 4 6 2 21 20 475 629 19 476 508 17 478 16 477 18 632 631 15 479 480 14 630 481 13 
645 462 461 647 34 464 463 507 465 646 32 33 31 30 522 460 459 652 458 649 37 456 457 35 36 663 664 472 23 470 471 662 685 469 682 26 468 467 25 24 683 29 684 466 27 681 28 506 22 473 474 537 46 47 551 449 538 451 450 45 44 550 43 41 42 510 552 452 651 455 453 454 648 38 650 40 39 537 46 47 551 449 538 451 450 45 44 550 43 41 42 510 552 452 651 455 453 454 648 38 650 40 39 
555 439 554 514 61 59 60 58 604 600 602 601 495 549 63 62 532 67 66 65 64 48 499 448 534 535 49 50 655 447 446 445 515 442 443 498 533 444 536 51 441 656 553 54 55 56 53 52 563 539 657 57 440 438 613 597 598 48 499 448 534 535 49 50 655 447 446 445 515 442 443 498 533 444 536 51 441 656 553 54 55 56 53 52 563 539 657 57 440 
599 524 593 71 69 70 72 596 592 587 73 496 586 594 310 608 314 595 588 606 615 312 313 311 584 307 306 580 308 589 76 75 500 590 74 585 309 605 77 305 68 
567 572 570 575 547 571 562 573 576 574 577 531 581 80 523 591 560 561 548 304 78 582 578 79 583 494 557 560 561 548 
160 93 92 161 91 89 163 90 162 165 88 164 166 87 86 167 85 84 168 169 170 159 94 158 95 579 83 82 81 
156 96 154 155 97 98 153 99 103 149 104 148 150 102 152 100 151 101 106 146 147 105 107 145 144 142 110 143 108 109 157 
116 135 134 117 120 132 131 133 118 119 129 122 121 130 128 123 127 125 126 124 115 136 114 137 138 113 139 140 112 111 141 
529 521 542 179 178 497 544 545 546 530 171 543 640 202 520 556 207 644 203 206 205 204 176 177 528 173 172 175 174 199 197 661 526 654 195 192 193 194 191 196 639 201 641 541 504 200 642 643 653 190 527 180 505 540 525 188 185 186 187 183 184 182 181 189 198 558 209 566 208 170 559 566 559 
568 211 298 213 296 295 214 292 217 293 216 294 215 212 297 569 300 564 210 299 565 301 302 303 558 209 208 291 218 
288 221 287 222 220 289 290 219 283 226 227 282 281 228 286 223 224 225 285 284 229 280 230 279 231 278 
269 272 628 266 238 271 270 267 268 242 264 241 239 240 265 263 243 244 262 261 245 259 260 258 246 247 257 248 249 256 250 255 254 251 253 252 276 233 235 274 275 234 273 236 237 277 232 
624 436 437 619 620 616 323 322 516 324 325 658 326 327 612 618 609 517 614 501 617 610 320 321 611 319 316 317 318 623 331 622 432 627 332 334 333 503 625 431 429 430 518 335 330 329 433 434 621 435 502 626 328 603 607 315 678 519 428 623 331 622 432 627 332 334 333 503 625 431 429 430 518 335 330 329 433 434 621 435 502 626 328 
693 340 692 424 338 339 680 426 677 427 425 679 337 336 342 343 341 691 423 422 694 344 695 421 420 511 419 418 670 669 414 349 665 415 416 348 667 666 347 417 345 346 638 403 361 360 404 635 405 359 358 357 668 351 350 413 352 673 411 410 412 671 353 355 354 672 409 512 356 408 406 407 362 402 362 402 
689 391 688 374 686 389 390 375 690 382 687 383 388 376 377 378 379 380 381 387 385 386 384 637 401 363 364 365 400 399 636 398 366 397 396 513 368 369 395 367 393 373 371 372 674 392 675 676 370 394 637 401 363 364 365 400 399 636 398 366 397 396 513 368 369 395 367 393 373 371 372 674 392 675 676 370 394 
