707 570 727 600 743 556 21 729 558 559 557 728 555 742 37 741 740 739 632 571 626 18 19 669 20 730 560 567 568 566 561 565 563 564 562 569 748 23 22 749 35 36 33 34 823 26 25 27 32 24 31 28 30 29 572 575 647 658 7 788 17 16 697 9 8 15 13 11 12 14 10 678 576 679 4 3 5 803 6 573 574 648 577 2 580 578 579 677 581 1 593 594 0 583 591 592 582 584 590 585 589 588 586 587 40 942 940 744 611 38 745 553 554 551 552 39 
943 944 547 45 43 44 546 939 945 548 549 941 42 938 937 543 48 545 936 544 46 47 654 541 610 542 783 50 51 49 539 540 653 638 52 53 637 609 538 672 56 54 55 713 655 712 58 57 685 536 537 534 535 684 533 532 41 550 
829 828 66 874 65 849 848 837 861 520 521 851 779 519 64 63 629 836 598 778 850 518 517 516 515 827 68 717 689 807 62 599 780 805 852 522 523 631 781 527 526 524 525 630 875 876 59 806 60 61 711 683 782 529 530 531 617 528 
735 736 725 214 752 753 215 816 220 813 746 751 750 818 810 814 815 221 747 820 698 822 819 817 821 854 832 835 833 508 217 216 218 219 509 737 853 831 222 840 839 812 846 842 857 507 856 838 510 506 754 830 834 755 855 514 824 731 825 513 511 512 
664 84 663 184 85 608 662 186 187 185 188 83 82 670 191 607 190 636 77 78 660 81 79 80 652 661 189 622 700 86 930 183 928 181 182 925 180 926 89 87 88 623 927 178 177 179 929 91 90 92 76 75 193 194 192 93 
872 111 764 98 97 766 109 100 107 108 101 99 110 760 762 763 172 112 871 596 765 867 174 173 113 157 758 761 759 171 935 169 159 170 158 168 167 162 163 166 165 164 161 160 102 106 103 104 105 668 155 153 773 127 775 117 774 616 116 156 114 115 873 119 124 125 126 772 118 123 120 122 121 154 667 148 131 150 149 132 792 133 147 146 134 793 145 135 136 144 137 706 129 705 130 621 128 151 152 143 138 140 142 139 141 870 94 869 868 175 95 96 176 
602 886 883 885 909 914 913 502 859 601 801 881 891 884 895 893 882 799 841 862 922 224 613 863 921 225 866 858 595 865 845 864 910 860 911 503 612 844 912 847 504 505 811 223 843 
790 229 646 314 317 316 315 708 675 319 318 320 645 676 919 920 603 674 795 326 794 321 325 323 324 322 227 228 796 915 797 327 916 917 798 800 918 923 802 226 789 313 880 230 231 
642 243 242 301 241 302 784 303 240 673 245 298 297 246 300 299 244 785 306 237 307 305 304 239 238 877 308 236 235 878 234 233 310 309 620 296 247 295 248 312 665 311 232 
769 770 289 255 290 253 254 256 288 287 619 252 291 618 286 284 285 257 767 283 258 265 260 259 278 267 277 269 268 266 279 280 768 282 281 276 270 271 275 272 274 273 261 264 263 262 294 771 293 249 292 251 250 
701 396 615 710 605 709 639 704 379 380 692 682 695 693 346 657 361 691 363 362 345 723 696 721 333 336 334 335 694 724 809 332 649 702 703 397 680 371 370 378 787 367 651 369 368 681 804 633 641 364 366 365 376 374 375 373 372 377 720 733 358 357 356 347 606 734 359 360 352 350 351 349 348 353 354 355 722 337 339 338 344 343 340 342 341 388 395 394 791 666 381 387 382 385 384 383 386 389 392 393 390 391 888 398 889 331 887 330 399 328 892 400 329 401 
907 499 902 905 415 414 416 924 497 906 417 418 498 500 904 614 900 410 409 411 413 901 412 908 604 897 896 404 403 894 405 501 890 402 898 903 899 408 406 407 
480 434 932 438 933 475 476 436 437 931 479 435 934 477 478 625 441 439 440 474 473 442 472 757 443 471 463 448 446 447 469 756 470 445 444 464 468 467 466 465 451 461 460 459 452 450 462 449 453 458 457 454 456 455 433 
946 495 496 624 420 493 786 487 427 485 483 431 486 432 481 492 879 424 489 491 422 494 419 777 426 428 643 429 484 430 644 482 776 421 490 425 488 423 
947 826 67 719 597 628 205 726 208 69 718 738 732 627 640 71 686 70 199 198 201 808 202 650 659 213 211 212 206 209 207 699 210 635 74 634 671 73 687 714 195 72 656 690 716 715 197 196 688 200 204 203 
