542 7 478 479 6 484 482 481 480 504 485 5 3 4 1 486 0 2 483 631 16 469 17 468 677 467 678 18 632 633 15 470 629 471 14 13 510 475 474 630 12 10 9 11 473 472 8 477 476 
705 704 24 461 460 25 23 462 700 463 22 465 19 676 20 701 21 702 464 466 708 707 457 28 26 703 459 27 458 455 456 714 713 35 450 710 711 454 32 452 453 709 451 34 33 706 30 29 31 41 715 444 717 716 38 447 445 446 40 39 712 448 36 37 449 
650 436 651 652 48 46 47 49 653 50 649 648 668 669 59 490 662 51 654 52 55 53 54 56 663 57 58 719 42 722 443 661 438 491 720 45 721 441 442 718 43 44 439 440 437 644 487 658 61 60 62 
621 592 608 494 554 65 66 620 609 660 659 63 64 495 606 616 318 604 601 317 316 635 637 584 602 603 315 489 565 555 550 67 553 638 636 585 586 314 313 566 570 496 549 70 71 68 69 548 552 72 583 588 312 311 498 310 589 619 618 605 319 
568 561 579 164 501 571 560 567 572 574 634 581 165 216 582 580 590 575 497 499 576 578 569 573 546 545 
519 556 160 78 503 159 156 158 157 557 544 161 162 513 543 76 551 75 74 77 547 163 73 563 152 82 83 151 564 150 84 81 153 541 154 80 155 79 
611 146 88 145 89 87 86 147 599 148 85 149 610 144 90 91 143 594 92 142 558 138 96 137 593 140 94 139 95 93 141 135 99 529 98 136 97 
107 129 509 130 103 106 105 104 109 125 124 110 108 126 127 128 120 115 121 114 113 122 123 111 112 119 116 118 117 525 100 134 516 102 132 131 101 133 
523 488 528 169 514 190 522 192 191 185 187 184 506 520 189 188 534 212 532 535 168 211 524 183 515 527 170 171 173 172 176 181 175 174 182 180 178 179 177 507 521 193 208 209 531 210 204 203 207 508 197 202 199 201 200 198 194 195 196 205 206 186 596 595 214 167 213 559 166 215 
304 613 220 219 612 222 223 224 221 615 614 225 303 597 229 300 299 230 301 598 226 302 228 227 587 308 600 577 218 305 306 500 591 307 607 309 217 
536 241 288 287 242 289 240 537 239 290 538 237 291 238 293 292 236 539 235 294 234 295 530 284 245 283 285 244 533 243 286 540 296 233 232 297 562 231 298 
517 280 249 250 279 511 251 275 278 277 276 256 272 273 271 257 270 258 274 255 254 253 252 268 260 259 269 267 261 262 266 265 263 264 526 282 247 281 248 246 
655 320 321 617 639 645 646 656 322 667 666 333 332 657 324 665 664 323 642 643 434 641 622 331 326 325 330 327 329 328 493 687 428 427 426 689 339 338 340 685 430 429 686 337 336 335 431 640 432 492 688 334 433 647 435 493 687 428 427 426 689 339 338 340 685 430 429 686 337 336 335 431 640 432 492 688 334 433 697 341 696 697 341 696 425 425 
682 357 358 409 408 683 359 684 407 410 356 692 411 693 355 690 353 413 414 352 412 354 627 628 348 418 416 417 505 347 419 691 694 351 415 349 350 698 344 699 422 345 421 346 420 626 343 342 424 695 423 360 406 679 405 361 680 681 362 404 363 673 403 364 402 
385 387 386 388 389 384 518 377 382 381 380 379 378 383 674 675 365 401 400 670 367 366 399 671 672 368 398 624 395 625 371 396 370 397 623 369 502 374 372 373 394 392 393 512 391 376 390 375 
