578 515 516 690 518 517 687 29 689 691 519 24 30 25 28 26 27 11 14 573 526 523 524 572 16 522 521 613 525 15 570 530 8 531 7 529 9 614 528 10 527 696 6 532 533 5 693 520 692 23 22 21 17 20 19 18 12 13 585 4 534 546 1 2 547 3 548 549 0 697 544 545 535 537 536 539 543 538 542 540 541 
630 52 556 604 491 490 603 50 602 49 492 493 51 592 494 569 762 47 48 496 495 53 758 497 498 760 44 759 499 568 43 761 46 45 685 42 682 504 503 501 500 502 574 37 38 509 508 507 684 39 683 506 681 505 40 41 727 510 600 36 588 35 33 34 511 512 555 32 598 513 688 514 31 
702 73 676 674 701 705 74 668 342 667 658 669 344 343 677 633 634 554 80 654 553 698 75 646 657 340 341 619 699 700 76 636 339 79 77 78 587 656 703 
637 659 665 648 743 561 686 550 742 730 728 576 731 644 618 645 564 595 635 651 655 733 729 
164 106 107 163 166 104 105 165 167 103 97 173 172 98 171 99 170 100 96 174 169 101 168 102 108 162 161 109 110 160 
152 118 149 151 150 128 611 120 147 119 148 129 145 146 130 144 127 122 121 126 123 125 124 142 132 131 143 141 133 136 134 135 140 137 139 138 158 112 113 111 159 115 155 156 157 114 116 154 153 117 
707 708 188 189 709 190 192 191 565 622 706 193 194 591 198 197 196 195 567 620 200 199 621 201 203 202 625 639 552 661 663 624 781 623 779 782 205 204 590 780 783 208 206 207 631 212 211 209 210 660 563 672 225 226 566 615 213 214 662 616 224 223 581 215 222 632 218 220 219 221 217 216 626 647 649 
252 310 251 311 253 309 308 254 313 249 250 312 314 248 247 315 316 246 317 244 245 318 243 242 319 241 320 321 307 255 306 256 305 
298 264 297 266 265 612 267 296 286 294 288 287 295 289 293 290 292 291 282 272 271 283 281 273 284 270 285 268 269 274 279 280 275 277 276 278 259 302 303 304 258 257 260 301 300 261 299 262 263 
643 642 557 641 481 640 346 627 749 750 352 349 347 351 350 348 583 479 478 579 748 747 356 584 359 357 358 710 605 477 480 695 751 354 694 355 353 599 483 345 596 670 629 484 715 474 580 716 711 593 476 475 712 362 360 361 363 
717 469 467 468 752 370 471 470 369 714 472 558 589 368 713 601 366 367 365 473 364 753 466 754 373 371 372 465 755 464 462 463 757 374 375 772 460 459 770 376 575 461 768 377 769 457 456 458 771 378 723 383 722 453 452 454 382 560 724 455 725 381 380 379 385 726 384 386 559 451 721 450 
597 606 389 393 720 448 449 446 447 445 388 628 387 392 390 391 765 764 400 441 396 399 778 444 443 442 571 395 777 394 766 437 405 402 763 439 440 438 401 756 432 409 411 410 431 767 407 435 406 436 408 434 433 404 403 397 398 594 429 421 420 430 718 412 719 413 419 415 418 417 416 414 425 423 424 422 428 426 427 
784 737 482 740 775 551 64 734 65 66 61 57 59 774 739 773 485 586 486 487 736 735 562 704 72 738 63 741 680 71 67 69 68 70 577 617 60 58 610 62 608 776 55 609 488 582 56 607 489 54 
785 650 638 732 83 85 184 87 91 90 89 666 88 185 186 84 86 82 652 653 183 92 178 179 181 180 182 81 187 94 176 95 175 93 177 
786 744 329 675 671 229 230 679 745 333 746 331 325 328 236 327 678 232 664 228 673 231 330 334 335 332 336 337 338 227 233 324 237 234 326 235 322 239 238 323 240 
