557 15 449 16 448 450 14 558 451 13 452 12 559 453 11 454 552 8 457 456 553 455 9 10 551 460 5 461 4 7 6 459 458 550 462 3 466 467 0 1 2 465 464 463 631 445 628 19 446 18 485 17 447 
444 443 630 442 441 629 23 484 439 440 21 627 22 20 623 435 30 434 626 625 433 31 621 28 622 26 24 25 27 438 437 436 29 660 429 657 34 430 624 431 432 33 32 428 427 656 36 35 37 659 426 425 658 38 39 471 424 40 651 423 653 41 
655 565 45 650 420 566 47 48 46 610 419 468 564 49 520 518 53 490 52 50 51 521 418 527 56 54 501 479 528 540 55 525 519 42 649 652 654 43 44 422 421 474 504 57 58 59 
522 496 526 618 530 506 308 635 640 60 505 638 637 639 65 63 64 472 578 305 306 641 62 61 617 307 616 531 636 570 66 579 576 615 304 303 302 570 66 579 576 615 304 303 302 300 574 569 572 301 300 574 569 572 301 580 571 580 571 577 577 620 532 583 309 
476 597 584 205 591 590 477 589 596 206 599 602 523 510 588 204 585 575 470 592 568 567 491 575 470 592 568 567 491 586 594 511 166 202 167 514 203 201 163 164 165 593 162 643 475 475 573 573 581 581 199 200 
138 94 137 95 136 96 143 89 142 90 139 93 92 140 91 141 85 147 84 146 86 145 87 144 88 648 83 148 149 
101 131 100 132 102 130 129 103 128 104 127 126 105 106 125 111 124 107 112 123 110 109 108 113 122 121 114 115 120 119 116 118 117 99 133 134 98 97 135 
498 507 509 513 503 177 480 554 482 186 190 189 187 188 512 494 176 515 170 173 172 174 171 175 483 481 555 191 556 193 192 497 198 196 195 194 197 185 502 493 179 178 183 181 182 184 180 508 516 169 168 
607 291 214 213 290 215 608 289 216 605 212 292 295 296 604 603 208 606 210 211 209 293 294 600 601 297 298 299 297 298 299 285 286 219 609 218 287 217 288 207 220 
272 232 231 273 230 274 229 275 276 228 271 233 224 280 225 279 226 278 277 227 223 281 222 282 221 283 284 
266 238 239 265 240 264 241 242 263 257 262 243 258 260 259 261 256 245 244 255 246 254 247 248 253 249 252 251 250 267 237 268 236 270 234 269 235 
544 538 536 478 535 316 315 492 312 539 534 537 318 319 317 541 545 320 322 321 314 313 619 310 311 533 469 323 327 542 415 473 546 543 413 547 326 414 325 324 416 417 
662 406 405 404 632 335 336 633 403 402 634 337 487 401 338 661 407 665 334 332 333 663 409 410 408 664 331 330 486 548 411 412 549 329 328 397 342 343 560 340 399 400 339 341 398 611 395 396 612 344 348 613 392 614 393 347 345 346 489 394 391 
488 353 387 388 352 386 354 563 562 351 389 350 390 499 385 355 384 500 383 382 357 356 524 379 360 380 359 377 378 517 381 358 529 376 363 362 361 364 375 495 365 366 367 368 369 374 373 371 370 372 561 349 
666 642 598 595 158 161 587 644 75 645 77 155 76 72 160 67 582 71 68 69 70 67 582 71 68 69 70 157 154 153 78 156 74 159 73 82 647 81 150 151 80 646 152 79 
