773 774 19 490 488 489 772 21 20 538 18 492 491 17 658 659 493 494 16 15 721 495 660 498 497 496 10 11 662 12 13 547 14 539 501 502 503 499 500 661 9 605 8 604 504 587 506 508 507 505 753 6 4 5 510 509 7 512 513 0 1 2 3 511 775 24 776 485 22 23 777 487 486 484 25 761 26 
569 468 716 43 42 469 598 41 39 40 518 38 568 470 752 37 551 474 471 472 473 577 476 477 570 592 34 35 36 546 33 475 578 478 519 765 29 30 552 32 31 762 481 764 28 480 479 719 464 462 463 652 720 461 654 48 47 46 465 599 466 467 717 45 44 521 49 460 763 483 482 27 
606 687 453 589 597 61 567 68 690 688 694 689 543 681 67 545 62 65 64 63 66 657 520 651 50 458 459 650 656 52 51 655 457 456 455 653 542 55 53 54 590 59 522 57 56 58 541 454 60 452 697 693 695 699 
594 319 531 609 611 610 558 712 320 565 580 72 608 582 71 516 692 601 529 576 595 614 317 318 617 607 581 584 73 629 630 575 613 620 315 530 316 533 628 602 75 74 544 70 76 566 69 691 
641 166 225 226 227 643 165 164 639 163 637 532 586 228 638 635 636 535 631 517 627 622 621 632 626 682 616 623 603 625 624 534 229 536 230 224 168 218 219 633 634 162 
718 86 152 84 85 648 83 155 154 153 640 81 161 160 646 157 156 82 645 159 158 644 80 615 78 77 79 174 175 741 150 88 151 87 
748 136 103 135 101 102 749 105 134 104 106 133 132 747 100 139 140 99 98 137 138 745 95 143 94 93 142 96 746 141 97 743 146 92 144 145 91 149 89 742 148 90 147 
751 129 109 130 108 750 131 107 127 111 112 126 110 128 124 114 123 125 113 561 122 115 119 118 116 117 120 121 
563 169 665 515 677 678 193 666 647 642 167 649 223 537 679 675 676 195 194 573 528 557 197 196 564 205 574 222 560 199 198 204 202 203 201 200 722 527 170 668 183 184 181 180 179 182 669 178 550 191 664 192 670 186 189 190 667 185 188 187 177 171 176 173 172 221 215 214 206 213 207 208 212 209 211 210 217 220 216 
300 244 245 299 731 298 246 247 297 730 248 296 294 295 588 291 253 254 290 252 251 292 686 293 250 249 540 255 289 288 287 257 256 591 286 258 259 285 
264 280 279 265 266 680 278 267 268 277 562 269 276 275 274 271 270 272 273 281 263 663 262 282 261 283 548 260 284 
733 450 700 698 711 330 331 696 451 701 709 710 337 448 732 449 703 332 333 585 708 334 335 336 523 704 329 702 706 713 323 707 325 324 327 326 328 612 596 705 321 322 514 734 445 714 339 447 446 338 
767 364 768 420 421 363 526 571 422 423 593 362 361 723 556 360 359 555 425 424 426 672 673 427 674 428 725 357 358 356 724 355 354 353 559 433 600 352 525 554 429 432 430 431 553 435 434 572 350 348 349 351 579 347 671 438 437 436 524 583 346 345 344 740 439 440 736 739 343 342 715 737 441 442 735 341 340 738 443 444 
778 412 413 372 373 411 782 374 779 410 549 409 408 759 378 376 377 375 758 407 756 405 406 379 380 760 757 404 381 755 398 403 754 401 400 399 402 783 395 784 397 396 382 383 785 393 391 392 384 394 385 390 389 386 388 387 369 370 769 416 415 781 780 414 371 368 771 417 770 367 419 418 766 366 365 
786 618 313 619 311 728 237 727 308 685 234 684 232 231 310 302 729 304 240 241 303 305 239 306 238 307 236 233 235 309 683 726 314 312 243 744 242 301 
