590 508 509 507 12 13 506 14 11 510 512 558 10 9 8 513 7 591 6 5 511 548 4 514 583 527 1 0 528 2 3 775 526 517 516 515 524 523 521 522 520 519 518 525 15 505 504 17 16 503 779 502 18 778 500 20 501 19 499 776 22 497 21 498 23 
550 26 24 25 777 496 495 494 696 493 695 492 27 489 491 487 486 488 547 30 28 29 574 35 36 34 33 484 568 485 573 32 31 490 714 477 476 478 715 41 40 39 709 713 475 710 42 43 474 473 631 44 45 483 482 481 480 559 37 711 712 38 479 
731 52 730 577 614 466 533 561 468 467 732 50 51 592 632 49 48 629 471 469 470 726 729 581 723 455 456 728 724 457 458 764 53 766 572 465 461 460 562 578 459 462 464 463 763 543 54 759 727 454 725 534 716 472 630 47 46 
185 746 774 690 744 692 676 682 603 691 689 451 605 602 608 599 448 450 596 445 447 446 745 186 680 688 683 678 191 679 677 684 192 594 597 443 444 604 681 598 600 595 758 535 542 453 609 756 733 633 452 449 189 187 188 190 439 440 540 193 675 541 601 531 611 442 752 757 184 195 673 
762 55 694 761 760 765 749 753 537 754 747 183 182 56 722 57 536 770 616 582 646 176 748 529 750 751 181 180 179 635 178 177 170 173 174 172 171 615 175 169 560 162 571 63 570 164 163 532 612 61 62 166 165 167 720 60 59 579 580 576 168 721 719 58 
703 151 149 150 73 74 769 768 75 148 76 546 145 77 147 146 704 153 152 556 71 69 70 72 154 705 155 68 67 156 157 83 82 138 552 139 81 700 79 78 702 144 80 701 141 140 143 142 613 159 718 65 66 64 161 160 158 549 
96 126 127 95 94 128 125 557 101 123 104 102 103 98 100 99 780 124 97 706 111 708 122 105 107 106 108 109 110 707 112 118 121 119 115 116 117 114 113 120 135 92 130 93 129 767 134 88 89 133 91 131 132 90 87 699 137 85 84 136 86 
585 273 272 221 222 223 271 274 584 218 275 216 217 220 219 551 277 215 276 270 224 698 281 210 282 283 209 697 279 213 214 278 212 280 211 284 208 
264 229 230 263 566 231 244 262 261 243 232 242 233 241 235 239 240 236 238 237 234 245 259 260 246 258 247 256 249 248 257 255 250 251 252 254 253 226 228 265 266 227 267 269 225 268 
618 622 636 648 637 606 741 638 650 634 624 617 587 530 739 621 623 620 619 607 671 647 610 687 661 662 667 736 
641 659 626 640 545 628 317 642 656 567 326 325 660 657 658 327 644 321 319 318 320 663 324 322 323 639 544 589 655 627 314 316 315 588 625 303 554 313 311 312 310 717 309 307 308 565 306 305 304 735 738 563 771 333 666 329 332 330 331 328 335 334 336 538 643 539 
364 416 365 415 366 414 363 417 418 362 361 419 360 420 358 422 359 421 357 423 424 356 355 425 426 354 353 427 
369 411 410 370 371 409 372 408 407 406 373 393 375 693 374 379 380 391 381 392 378 377 376 383 388 389 390 382 387 384 386 385 394 404 405 395 403 396 402 401 397 400 398 399 367 413 368 412 
781 295 296 649 665 294 197 196 670 198 685 194 686 569 289 287 555 290 669 200 201 292 664 199 755 668 672 586 297 553 302 299 298 301 300 575 207 285 205 206 288 204 286 203 202 293 674 291 
782 742 345 344 654 740 651 436 438 437 645 342 343 593 441 772 430 431 348 346 434 433 652 435 653 564 734 340 341 737 339 337 338 352 428 773 429 351 350 349 743 432 347 
