500 434 3 440 438 436 437 435 439 441 2 442 0 1 675 10 676 428 429 427 9 11 645 8 430 6 7 596 5 432 431 4 433 
677 426 425 491 12 496 424 423 480 422 490 16 14 15 13 471 18 19 478 419 17 489 421 420 695 24 23 697 22 21 699 415 416 450 479 417 418 477 20 698 414 413 412 449 696 25 26 27 671 411 410 667 668 409 28 408 407 29 
658 543 657 43 42 620 662 39 664 40 41 673 399 672 545 547 540 539 536 50 659 398 542 472 443 621 45 44 537 49 46 48 47 447 670 402 401 400 661 34 32 33 35 660 36 37 38 663 674 404 403 665 31 669 448 666 30 405 406 397 555 553 549 558 556 396 
551 649 684 296 683 608 602 651 615 613 57 56 650 610 618 617 55 54 682 293 292 291 679 295 294 678 652 604 612 607 605 606 611 58 59 554 544 622 630 546 454 541 52 51 548 538 53 550 654 655 299 623 300 685 297 653 298 455 656 301 464 614 60 
506 507 144 67 469 141 142 143 140 508 66 512 146 147 145 504 503 139 502 69 138 71 70 68 
75 77 474 135 486 136 487 73 74 76 137 468 72 84 127 497 82 128 83 129 494 80 130 81 79 485 133 134 78 131 132 498 126 125 499 86 85 
122 89 88 87 123 124 91 120 121 90 92 118 119 93 117 114 96 95 115 94 116 113 97 112 98 111 99 100 110 101 109 108 102 107 103 106 104 105 
514 150 523 515 202 467 462 522 524 517 203 532 286 533 525 535 206 205 529 204 527 526 466 513 149 518 516 510 520 681 288 528 619 521 519 287 647 648 461 65 465 505 509 511 148 463 680 290 609 289 599 600 530 603 598 616 62 61 63 64 601 446 594 201 
582 593 459 197 198 643 591 187 583 584 484 589 460 481 165 493 590 595 473 482 156 164 155 159 160 161 162 158 157 163 592 642 184 183 185 634 186 445 457 635 492 166 639 640 169 168 167 171 170 458 636 182 181 641 172 638 176 174 173 175 637 180 179 178 177 644 188 476 194 191 190 193 192 189 195 196 587 152 586 200 199 588 585 483 153 154 151 
531 534 207 285 470 209 210 208 688 687 211 284 694 282 280 281 692 215 693 279 216 213 686 212 214 283 278 
495 272 221 488 219 218 220 273 475 217 274 276 275 277 225 268 223 270 224 269 222 271 265 228 266 227 267 226 229 
264 230 263 262 231 261 232 233 260 259 234 258 235 236 257 237 256 238 239 255 242 252 241 253 254 240 251 243 244 250 245 249 248 246 247 
560 395 451 565 315 561 557 627 559 580 633 310 312 311 570 574 313 314 573 631 307 309 308 566 319 320 452 567 390 389 575 571 388 576 321 562 564 392 391 393 632 317 316 318 563 569 394 552 626 456 624 444 625 628 303 302 629 306 304 305 568 387 572 
708 377 376 379 378 700 701 328 327 329 330 709 331 332 707 711 333 375 702 380 381 581 326 453 703 382 577 578 324 325 579 384 383 385 386 322 323 689 367 340 706 705 339 370 368 369 704 337 338 336 712 373 374 710 335 334 371 372 
349 353 354 501 360 355 358 356 357 359 352 350 351 341 646 344 343 364 365 691 690 342 366 345 363 597 362 346 347 361 348 
