497 4 3 498 2 1 499 503 504 0 500 501 502 10 491 11 490 12 489 13 488 14 487 9 492 8 493 494 7 496 5 6 495 16 485 486 15 549 17 484 
606 470 31 469 30 471 594 472 29 28 605 468 33 32 34 517 19 482 483 480 481 18 584 477 25 26 476 593 27 475 474 473 550 22 479 21 20 24 23 478 604 37 36 603 464 518 462 463 461 39 38 602 35 465 467 466 40 631 630 460 629 42 459 41 43 458 
558 51 509 585 447 586 449 448 633 456 632 44 457 559 452 561 49 451 450 50 562 46 45 568 48 47 587 454 455 453 581 439 441 442 440 443 525 444 555 556 445 446 563 510 579 438 
570 53 564 536 164 565 569 160 159 161 528 162 163 506 534 535 169 168 519 167 166 165 571 578 576 158 54 524 58 520 154 153 155 532 56 57 55 507 523 156 157 560 52 566 557 567 554 60 151 59 533 152 61 514 527 170 573 
609 136 75 135 76 608 134 77 138 139 74 73 137 601 72 140 71 141 600 142 70 69 599 68 144 143 546 63 545 148 64 62 150 149 515 65 147 145 146 67 66 516 85 125 548 128 126 127 607 132 79 78 133 80 81 131 130 547 82 129 84 83 86 
544 105 111 101 102 104 103 110 107 106 109 108 93 118 119 117 94 122 89 90 121 91 120 92 123 88 99 113 98 114 115 97 96 116 95 100 112 87 124 
590 433 589 431 432 591 176 177 508 434 430 616 178 575 172 588 582 175 592 435 174 173 580 583 436 511 437 171 574 572 614 612 429 179 180 428 577 
619 610 628 277 626 618 617 327 278 596 595 328 613 505 326 279 280 325 621 597 622 625 281 181 611 615 
266 194 195 265 267 193 268 192 191 269 270 190 189 271 276 187 188 272 627 274 273 275 182 183 184 185 620 186 
238 222 237 223 221 239 220 240 219 241 218 242 217 243 225 235 236 224 233 228 227 234 226 232 229 231 230 247 214 245 216 213 246 215 244 634 248 211 250 212 249 210 
522 314 538 513 521 283 284 531 282 530 323 322 539 315 543 321 312 551 552 303 542 537 292 512 302 293 541 313 526 300 301 298 299 295 296 297 294 540 291 529 285 287 289 288 290 286 309 311 553 304 308 307 306 305 310 316 320 319 317 318 
329 598 427 423 422 623 330 331 624 332 425 426 424 419 336 420 335 421 334 333 418 339 416 338 417 337 324 415 
408 346 409 345 410 344 341 413 342 412 343 411 340 414 407 348 347 405 350 406 349 351 404 403 352 402 353 401 354 400 
355 356 399 357 398 358 397 394 361 360 359 396 395 389 366 388 367 390 365 392 363 364 391 393 362 383 372 384 371 385 370 386 369 387 368 380 381 382 373 379 375 378 376 377 374 
208 207 206 205 209 204 252 253 254 255 251 201 259 260 200 256 203 257 258 202 198 262 199 261 264 196 197 263 
