506 12 730 11 10 453 454 728 455 729 9 7 8 497 6 725 458 456 457 5 724 459 726 727 468 4 1 2 470 0 3 469 465 462 464 463 461 460 466 467 507 446 505 450 16 449 542 17 448 18 447 15 541 14 13 452 451 
532 533 435 30 29 499 441 440 529 439 438 437 530 25 531 28 26 27 485 579 436 721 431 722 34 430 723 432 496 31 33 32 434 433 536 580 445 444 21 20 19 535 443 534 22 24 23 442 717 720 429 35 36 719 718 37 693 427 695 425 426 428 484 40 41 691 424 423 689 39 38 
48 710 712 716 410 685 471 711 713 714 409 408 696 46 632 417 635 47 697 709 513 412 411 413 631 414 481 633 416 415 688 42 43 422 694 44 687 686 692 421 634 690 419 420 418 45 715 407 406 
603 161 602 604 620 587 611 619 486 616 500 401 538 624 405 403 404 402 489 537 400 618 488 612 475 623 166 167 165 609 610 164 614 163 162 669 677 615 666 399 617 168 613 668 667 491 171 660 663 675 674 395 664 397 661 396 662 698 170 699 169 398 
476 544 145 144 546 55 56 578 51 477 638 152 151 150 50 528 577 149 498 147 146 148 601 53 54 52 49 600 637 636 154 153 515 156 588 568 155 622 621 487 625 567 159 157 158 160 
737 63 734 135 133 134 648 649 68 67 132 131 521 66 65 64 526 130 129 743 69 478 744 72 70 71 647 128 126 127 741 122 740 77 644 121 742 125 738 76 75 739 74 73 124 123 78 736 61 733 136 137 735 138 62 60 139 480 547 59 630 140 141 143 545 586 57 58 512 142 
589 114 594 88 87 590 111 113 112 479 605 91 90 89 110 593 591 109 92 682 99 95 94 97 96 98 93 503 100 108 102 105 104 103 101 106 107 120 522 117 81 118 82 116 645 646 119 80 79 570 115 83 84 592 85 86 
560 565 654 493 607 596 658 670 566 490 492 656 564 650 651 659 657 491 660 663 661 662 698 562 652 684 
701 175 706 599 473 678 264 265 527 268 266 267 495 655 653 700 174 173 702 673 703 576 253 639 516 705 177 176 731 181 732 178 180 179 510 642 263 254 641 704 640 257 519 262 258 260 259 261 255 256 269 672 172 671 667 171 170 169 699 253 639 516 705 177 176 731 181 732 178 180 179 510 642 263 254 641 704 640 257 519 262 258 260 259 261 255 256 
543 190 472 571 245 509 193 517 240 241 191 192 595 242 243 244 239 195 194 569 198 237 197 520 196 238 501 236 626 629 186 185 250 249 508 187 188 189 523 246 248 247 627 251 502 252 628 184 183 182 627 251 502 252 628 184 183 182 
215 204 229 214 205 206 202 232 231 203 230 216 227 228 226 217 225 218 224 219 223 220 222 221 207 213 208 212 209 211 210 234 200 539 233 201 199 235 
608 270 572 597 294 524 293 291 292 290 575 525 272 273 271 474 574 274 573 289 511 275 518 288 643 281 282 283 279 280 278 277 276 285 286 287 284 606 296 295 299 298 297 598 
553 558 303 554 392 391 552 390 550 514 308 309 551 388 386 387 385 483 549 310 311 389 548 307 304 305 306 482 494 393 557 563 561 559 555 302 556 683 301 665 676 394 300 675 674 395 664 397 396 398 
708 384 681 312 707 382 680 315 679 313 314 383 381 584 380 378 379 585 316 540 317 319 318 582 377 376 748 368 328 329 367 327 369 745 370 326 504 747 373 371 372 746 324 325 583 375 374 581 321 320 323 322 
749 331 330 366 750 364 365 332 333 334 363 362 335 351 361 336 352 359 360 358 353 357 354 356 355 338 350 337 348 340 349 339 341 347 342 346 343 345 344 
