520 476 7 10 9 8 486 485 537 480 562 4 550 477 478 6 5 524 479 487 488 0 2 1 3 481 484 483 482 593 15 469 468 572 470 14 471 13 12 472 549 473 11 474 475 467 17 16 
580 453 452 726 451 450 598 32 33 496 727 449 579 34 783 455 456 782 29 31 30 454 497 781 28 26 27 784 457 632 633 19 465 18 523 466 464 463 786 462 461 780 22 20 21 522 23 779 785 460 24 459 458 25 560 597 38 578 36 37 35 577 447 448 576 445 446 621 444 443 495 559 40 39 41 42 
771 770 432 492 767 766 60 738 62 61 758 775 759 761 52 53 54 507 764 55 768 765 58 56 57 59 718 717 712 722 431 514 719 720 737 64 63 513 721 66 714 65 596 442 441 728 440 439 622 535 773 433 774 772 494 769 51 49 48 50 762 760 776 787 763 47 788 777 436 437 435 434 526 534 45 46 43 44 525 778 438 
509 697 696 695 557 307 306 705 305 515 706 715 67 700 713 704 508 698 493 703 304 702 701 735 661 663 671 672 68 638 660 733 301 302 734 303 674 637 658 679 69 665 683 664 662 74 675 680 681 530 635 72 73 70 71 712 722 719 720 737 64 63 513 721 66 714 65 660 674 637 679 665 683 664 662 675 680 681 530 638 658 
673 652 489 645 648 641 656 657 615 668 544 624 590 676 655 678 667 677 684 666 682 503 732 653 649 647 736 654 646 585 545 490 655 678 667 677 684 666 682 503 732 653 649 647 736 654 646 165 585 545 644 531 166 643 642 610 642 
79 567 568 162 543 589 163 730 157 80 518 159 160 161 158 164 546 569 613 78 614 69 529 77 636 74 76 75 635 72 73 634 70 71 531 166 168 167 165 538 169 170 625 82 155 83 156 81 617 84 154 529 77 636 76 75 634 
547 144 94 93 145 143 142 95 570 96 141 591 140 98 97 571 88 150 149 89 548 90 148 91 147 519 92 146 592 86 152 87 151 85 153 99 139 
103 135 134 104 105 133 106 132 108 107 112 125 111 127 126 110 128 131 109 130 129 113 123 122 124 118 116 117 114 121 115 119 120 138 101 102 136 137 616 100 
608 199 506 583 604 603 605 623 629 182 505 599 171 172 582 601 173 175 174 600 517 630 179 181 180 602 176 178 177 609 611 201 504 168 167 584 491 563 538 169 170 610 612 200 203 202 204 198 196 607 195 627 188 521 194 187 186 185 606 729 511 628 184 183 631 192 193 190 191 189 197 611 504 584 491 563 612 
533 685 210 209 640 208 639 687 294 651 512 540 670 298 669 690 297 295 296 293 689 686 213 688 212 211 794 216 795 215 214 292 659 299 300 207 650 733 301 302 734 303 609 731 201 206 200 205 203 202 204 288 796 290 218 219 289 217 291 731 206 205 
273 804 234 274 803 275 233 232 231 276 802 277 230 801 280 228 279 278 229 227 281 798 222 285 286 221 287 284 223 800 226 282 225 799 224 283 797 220 
245 263 264 242 244 239 268 267 240 241 266 265 243 246 262 247 261 248 260 249 250 539 251 259 255 258 257 256 254 253 252 238 269 270 237 805 271 236 235 272 
723 427 428 620 574 724 552 322 573 319 321 320 710 709 619 595 510 551 318 532 315 316 317 711 708 693 516 556 309 429 498 554 555 311 310 553 558 313 312 314 743 330 329 742 528 757 419 420 747 421 422 626 325 527 745 328 326 327 741 739 748 423 594 499 740 716 749 425 424 426 618 323 324 725 430 692 694 699 707 575 308 718 717 431 514 
587 586 343 405 541 403 404 542 347 565 348 691 400 402 401 564 344 346 345 566 588 406 342 341 790 408 407 789 340 339 338 502 754 411 409 410 753 337 746 332 744 756 417 418 331 333 416 500 750 334 755 415 335 414 751 336 752 413 412 808 352 350 349 351 501 809 398 399 353 806 397 396 810 354 807 395 394 791 
811 375 368 381 377 379 378 376 380 812 374 372 373 369 371 370 357 392 561 388 361 359 360 581 391 358 390 389 536 386 362 387 384 385 365 813 383 367 382 366 364 363 393 792 793 355 356 
