494 430 16 15 12 493 434 558 436 10 11 435 431 433 432 14 13 559 438 437 9 8 439 523 440 448 522 480 449 7 446 443 444 445 442 441 447 451 2 5 4 3 6 450 452 0 1 427 19 18 428 17 429 
483 416 30 417 29 27 28 469 26 418 615 24 421 25 616 419 420 425 20 617 21 424 423 23 22 422 415 31 414 32 33 413 623 34 412 411 35 619 408 38 407 37 409 622 36 410 620 621 39 406 40 618 426 
456 536 489 538 461 533 527 64 65 532 482 63 62 546 549 543 548 291 541 290 545 542 292 293 537 539 603 614 612 604 535 462 534 550 551 555 61 537 539 544 544 294 
579 580 611 610 454 574 552 578 496 572 581 194 570 453 585 566 571 195 582 569 497 575 573 567 477 586 
93 131 94 130 92 132 135 89 136 88 134 90 133 91 83 141 84 140 139 85 138 86 137 87 82 142 143 590 144 81 80 79 145 95 129 
96 128 127 97 126 98 125 124 107 100 479 99 123 108 122 102 106 105 103 104 101 109 120 121 119 110 118 113 112 111 115 117 114 116 
192 560 607 191 188 187 495 563 180 606 186 183 181 184 185 182 577 510 588 162 608 609 455 561 179 562 475 174 169 518 520 173 178 176 177 175 519 168 466 163 164 166 165 167 170 172 171 190 189 193 587 161 576 160 
264 223 222 266 220 265 221 267 219 268 218 271 217 269 270 272 215 216 214 273 642 211 275 276 210 277 212 274 213 641 278 262 225 263 224 
250 472 235 253 256 231 230 257 229 258 233 254 234 255 232 251 252 238 236 237 249 248 243 247 244 245 246 239 242 240 241 226 260 227 259 228 261 
515 333 382 334 381 332 514 331 385 330 383 384 391 324 390 517 325 389 474 388 329 326 327 328 386 387 323 392 393 394 322 625 395 321 320 473 399 398 317 318 624 319 397 396 316 315 400 516 335 380 
339 377 374 376 481 373 524 372 345 525 344 340 342 341 343 375 526 346 371 370 635 369 347 634 359 368 348 636 360 367 365 366 363 362 364 361 637 351 357 349 350 358 355 353 354 352 356 338 378 379 337 336 
643 605 287 196 199 197 553 513 512 285 284 283 205 282 206 286 568 565 564 200 198 289 288 203 202 471 554 459 201 209 279 208 207 204 639 640 281 638 280 
644 509 68 508 69 499 460 584 157 529 528 457 153 70 152 589 72 503 504 498 154 502 156 155 66 67 500 505 71 501 159 583 158 511 147 146 148 151 73 506 507 150 75 74 468 76 149 77 78 
645 596 601 633 308 592 613 404 45 521 531 48 46 556 597 600 599 557 300 302 303 314 626 311 313 627 630 402 296 299 304 301 598 305 467 631 310 312 628 309 298 297 463 530 306 547 295 463 556 299 557 304 300 467 302 301 303 632 629 401 
646 487 464 478 52 55 56 491 490 602 403 594 458 591 41 595 42 484 54 486 53 59 58 57 50 465 307 593 44 476 47 43 470 488 51 485 49 492 540 60 596 491 485 50 49 490 601 465 633 602 308 307 592 403 613 593 404 594 45 44 521 458 531 476 48 591 46 47 540 530 597 598 600 306 599 305 405 
