23 422 22 423 421 24 25 420 427 18 17 428 426 19 425 20 424 21 431 14 432 13 12 433 15 430 16 429 434 11 10 435 436 9 5 440 441 6 439 7 438 8 437 453 442 3 4 444 443 1 2 446 0 445 
39 40 540 405 542 41 541 404 402 401 403 537 43 42 44 543 37 407 38 406 36 408 544 409 35 545 33 412 411 34 410 415 30 414 31 413 32 29 416 28 417 26 418 27 419 
493 61 505 504 281 494 62 282 448 492 63 506 280 279 510 523 58 59 522 60 64 278 284 526 507 456 283 499 65 491 518 285 
475 482 150 191 474 495 447 484 490 485 149 486 148 473 511 67 66 483 451 501 502 192 503 497 277 496 489 498 153 152 472 151 190 189 
136 79 78 137 77 138 75 140 139 76 74 141 142 73 143 487 146 145 71 488 144 72 70 80 69 68 147 
122 120 95 121 94 119 96 97 118 117 98 100 115 116 99 101 114 102 112 113 111 103 104 105 110 109 106 107 108 
470 187 469 154 466 460 155 157 156 182 184 183 185 186 181 468 452 462 171 465 160 158 159 457 162 463 169 167 168 170 166 165 164 163 161 459 180 458 172 464 178 176 177 175 174 173 179 471 188 
207 209 208 265 204 205 206 267 202 203 266 268 201 200 525 269 199 198 524 197 271 270 512 195 272 196 194 500 193 273 210 258 274 275 276 
255 256 251 218 252 217 254 216 250 219 249 220 247 222 248 221 246 223 245 224 241 228 244 225 243 226 242 227 240 230 229 237 232 238 239 231 233 236 235 234 257 
513 508 394 514 477 450 509 287 286 478 479 294 392 393 455 291 293 292 476 289 290 288 481 390 391 296 295 389 297 480 298 
376 311 375 312 313 374 314 373 372 315 310 377 378 309 308 379 307 533 306 381 305 382 380 531 304 383 528 302 301 532 384 385 386 303 299 530 387 529 300 388 316 371 317 370 
361 326 360 327 359 328 358 329 357 330 333 353 354 332 355 331 356 325 362 324 363 364 323 319 368 318 369 320 367 321 366 365 322 352 334 335 467 351 336 461 337 349 350 338 348 347 454 339 346 344 343 345 342 341 340 
546 89 90 88 84 130 87 129 124 123 93 133 132 81 126 125 127 131 85 128 86 91 92 82 83 134 135 
547 262 260 261 264 263 214 213 212 259 211 215 253 
548 515 449 527 516 517 521 50 520 56 53 48 397 539 538 400 534 398 399 536 535 46 47 45 49 396 519 57 55 54 395 52 51 
