630 458 16 15 459 643 11 463 462 461 642 460 14 12 13 644 9 465 8 464 10 492 7 467 6 5 466 502 4 474 504 468 473 472 470 471 469 1 475 0 3 2 
593 18 455 457 456 17 594 20 19 454 494 453 21 22 675 450 677 23 452 451 678 25 24 672 676 448 449 447 674 446 673 28 26 27 444 445 33 590 442 441 32 591 443 592 31 491 30 29 629 628 34 35 440 493 651 36 648 437 439 438 647 435 436 649 38 37 40 39 41 433 650 434 
486 595 599 62 63 498 322 538 321 605 64 606 522 603 607 320 604 609 65 600 601 69 67 68 481 567 318 317 525 316 608 66 602 550 319 526 70 553 71 509 551 552 315 314 72 313 324 323 526 553 509 551 527 485 507 528 488 527 73 485 507 528 508 488 74 506 312 310 311 552 508 506 70 71 72 
633 611 557 477 554 555 536 621 616 613 610 612 496 556 537 518 614 521 632 631 617 619 640 618 478 489 511 632 631 617 619 640 618 478 489 511 505 510 505 510 503 503 634 315 500 500 615 
160 95 159 96 158 97 98 157 156 99 100 155 101 154 103 152 102 153 151 104 111 144 108 147 109 146 110 145 148 107 149 106 150 105 
137 132 118 136 135 134 133 130 120 121 131 119 122 126 129 127 128 125 123 124 143 112 113 142 141 114 115 140 116 139 138 117 
533 476 490 182 183 207 180 181 184 186 187 516 191 515 531 534 535 201 206 484 200 199 205 204 203 202 514 192 530 198 193 194 195 196 197 188 189 190 185 209 520 208 519 517 532 179 
228 290 229 289 231 286 287 230 288 285 232 233 278 239 279 238 280 237 236 282 281 235 283 284 234 240 277 241 276 275 242 243 227 291 
255 267 250 254 251 253 252 256 266 265 264 262 257 263 258 261 260 259 274 272 246 271 247 270 273 244 245 248 269 249 268 
568 547 569 578 338 501 577 337 336 545 541 497 524 549 499 669 668 670 332 333 334 671 335 666 331 667 329 328 330 327 326 572 479 561 542 543 626 339 624 343 342 483 575 625 622 341 428 558 623 340 564 429 570 562 587 344 523 544 487 540 546 566 482 539 325 565 44 
351 685 419 350 420 352 693 692 349 421 687 686 353 418 417 427 690 346 689 425 347 426 345 348 688 691 424 422 423 411 652 410 361 680 681 412 360 358 359 357 679 414 415 413 684 356 683 416 354 682 355 657 656 366 406 365 364 408 407 495 362 653 363 654 409 
405 367 655 404 368 658 402 370 401 400 403 369 659 399 373 371 372 660 375 397 374 398 396 395 661 378 394 664 379 376 377 662 665 393 386 384 383 382 385 381 380 663 392 387 390 391 388 389 
694 580 45 571 582 46 627 47 50 560 431 559 430 563 51 548 584 52 581 513 585 55 54 58 57 56 583 53 59 598 60 43 42 579 432 480 588 589 49 48 573 574 586 512 576 61 597 596 
695 304 213 212 211 639 223 638 296 299 298 221 635 302 636 300 217 210 305 314 313 307 306 312 310 311 308 309 305 307 306 308 309 294 224 225 293 292 226 295 222 637 220 219 297 215 301 218 216 303 214 
696 174 81 80 175 93 620 83 170 169 87 84 645 88 92 163 646 164 165 173 176 177 79 78 74 76 77 75 178 79 78 77 76 75 172 171 641 86 168 85 167 89 162 91 90 166 82 161 73 529 529 94 
