672 671 9 441 439 440 482 553 11 13 12 532 10 652 438 771 8 6 7 506 442 769 454 768 453 446 770 5 772 445 443 444 767 4 449 450 451 452 448 447 456 1 457 0 2 455 3 552 492 437 554 14 551 15 16 752 436 435 434 
683 682 421 420 490 31 648 491 422 423 424 517 26 30 646 426 465 647 425 773 25 774 23 24 28 29 27 18 466 750 751 432 433 651 428 430 429 649 579 578 22 21 20 533 427 650 736 431 556 19 555 415 507 36 558 33 35 34 32 680 684 681 418 417 416 685 538 419 37 493 17 
481 614 687 45 704 410 686 48 688 689 46 47 542 618 543 52 51 50 49 596 409 580 595 411 557 581 42 597 464 537 39 40 41 38 598 412 414 413 44 43 617 408 611 573 544 53 514 458 485 55 56 54 407 592 747 406 405 705 
571 484 512 58 57 570 541 513 569 59 60 572 473 559 462 540 61 521 586 608 294 295 590 607 292 293 566 565 563 562 589 62 564 744 588 567 703 568 504 297 587 523 606 296 63 499 702 610 748 
706 600 711 601 716 732 463 713 709 712 708 616 584 585 560 599 714 718 582 583 474 707 
719 461 66 677 154 155 65 530 549 157 158 156 720 749 153 673 139 678 679 574 676 546 675 67 519 459 516 138 545 136 137 68 152 144 674 141 140 143 142 151 145 150 147 149 148 146 159 603 602 69 70 604 518 71 487 135 64 605 561 501 
510 81 122 121 82 539 83 120 635 119 85 84 480 125 123 124 80 79 536 77 78 126 127 76 486 515 131 130 129 535 73 74 72 502 128 534 75 132 133 134 
632 113 89 110 112 111 633 90 91 109 97 92 96 93 95 94 98 107 106 108 99 105 100 104 101 103 102 87 634 116 115 114 88 117 86 118 
730 735 733 734 489 161 162 191 160 731 640 643 460 163 164 644 165 638 180 642 641 166 167 645 168 170 169 475 725 178 179 726 176 177 173 174 175 172 171 727 728 183 184 181 182 190 189 188 187 186 488 729 185 192 
690 691 693 290 637 636 715 194 195 196 697 694 289 701 198 699 467 197 695 692 288 696 656 287 657 737 199 700 658 698 494 655 217 216 215 739 214 200 210 738 213 211 212 209 201 202 207 208 203 206 205 204 591 615 291 193 717 710 609 286 285 
508 509 277 227 276 275 230 228 777 234 271 233 778 779 272 232 478 274 273 231 229 659 505 226 223 577 281 550 495 500 280 278 279 477 531 282 468 654 221 220 222 284 283 225 224 653 219 218 
483 240 239 265 255 244 511 243 263 241 242 256 262 264 257 261 260 258 259 254 245 253 246 247 252 248 251 250 249 781 266 238 267 237 780 236 268 235 269 270 
629 404 626 529 547 308 310 309 476 527 524 526 302 525 528 303 307 548 305 306 304 594 623 619 398 624 316 317 315 576 314 613 400 401 612 399 469 627 628 402 621 575 593 313 312 311 403 746 471 522 520 300 299 298 301 745 
323 631 724 394 622 620 396 395 721 630 723 393 665 470 331 664 660 386 662 666 661 389 387 388 667 330 497 722 392 390 391 496 324 325 326 327 328 329 397 625 322 318 320 321 319 670 334 333 668 335 663 669 740 384 385 383 332 498 741 336 743 338 337 775 382 503 753 776 381 380 379 
479 764 368 370 369 639 352 763 367 347 761 346 758 762 372 371 345 374 373 765 359 353 766 360 366 362 364 363 361 365 357 356 355 354 358 351 348 350 349 339 759 375 757 472 344 343 756 754 755 342 341 376 760 742 340 378 377 
