832 518 517 519 520 521 522 516 815 16 17 831 828 14 13 15 6 7 8 12 9 11 10 614 536 537 0 1 539 538 2 5 4 3 523 524 526 525 528 527 529 568 829 830 535 534 533 532 531 530 19 500 455 515 514 806 513 18 499 456 
758 805 709 679 565 765 766 61 59 60 566 810 723 722 66 65 64 62 63 545 767 768 673 628 548 674 643 678 585 67 554 626 689 677 811 575 641 644 642 594 640 413 412 411 409 410 407 408 559 627 571 415 414 584 672 416 855 
684 696 703 695 690 680 691 700 701 681 702 646 694 651 645 185 698 184 624 699 842 187 188 189 273 275 276 272 271 186 277 274 798 182 183 
175 174 544 821 87 711 710 173 172 162 165 166 164 163 667 688 609 599 581 94 93 95 96 823 820 542 822 91 92 90 88 89 824 171 170 169 168 167 98 97 99 100 101 
849 854 155 156 852 160 159 157 158 850 853 117 119 118 725 615 669 116 114 115 113 112 111 109 110 107 108 570 106 104 105 103 851 154 153 152 147 146 148 149 151 150 125 126 124 123 122 121 120 143 142 145 144 128 127 141 129 131 130 132 133 140 139 138 134 135 137 136 543 666 161 655 102 
541 676 607 560 637 592 207 208 204 205 206 199 203 202 201 200 665 563 586 218 221 219 220 608 606 215 217 216 209 210 211 214 212 213 630 631 589 629 632 580 588 264 263 262 265 256 257 258 261 259 260 248 249 255 250 540 252 251 254 253 636 246 247 633 634 635 613 551 675 611 602 601 612 668 228 230 229 222 223 225 224 226 227 610 600 582 245 244 241 242 243 231 232 233 234 236 235 237 573 238 239 240 192 194 193 190 191 552 638 593 574 639 198 197 195 196 604 687 664 583 269 266 267 268 270 
569 384 386 385 837 288 289 834 833 292 290 291 296 295 294 293 825 387 388 287 285 286 374 373 718 376 375 378 379 377 712 713 382 383 381 380 561 719 717 298 297 300 299 721 720 301 302 371 372 
549 619 618 670 621 620 550 590 310 311 308 309 312 313 307 305 306 304 303 597 598 360 362 361 363 358 359 578 605 591 366 368 367 364 365 369 370 572 671 622 343 342 345 344 335 341 336 338 340 339 337 616 617 321 320 314 315 319 318 317 316 334 324 322 323 333 325 332 328 329 327 326 596 595 576 623 357 356 355 353 354 352 346 347 348 349 351 350 
807 498 497 495 496 808 460 459 458 457 814 494 493 462 461 816 819 467 465 466 464 463 469 468 472 470 471 817 818 475 473 474 477 476 478 479 490 488 489 492 491 480 482 481 483 484 485 486 487 813 20 454 
856 392 390 845 844 841 564 279 826 283 281 835 389 836 284 391 827 846 839 847 843 278 282 848 280 654 653 838 401 402 403 400 399 398 396 397 393 395 394 652 405 404 406 840 683 647 682 
857 714 567 177 83 85 82 86 797 799 181 577 178 79 78 69 75 74 80 716 180 179 77 71 70 76 72 73 68 650 697 649 715 176 84 81 648 
858 750 50 51 794 748 45 46 49 43 42 744 749 745 741 742 737 755 736 432 553 752 52 759 796 48 44 41 751 747 746 757 733 557 735 433 760 761 57 58 55 54 56 53 47 556 
859 778 764 793 777 804 509 512 23 27 29 782 34 547 663 443 444 450 659 656 724 784 785 771 660 763 774 792 36 558 436 693 705 440 438 780 511 812 21 803 24 28 789 32 707 562 658 685 446 449 506 501 503 453 772 770 775 37 686 439 776 708 507 802 25 30 781 33 800 662 442 445 447 448 579 502 40 756 762 435 783 787 739 
860 738 423 791 743 790 546 740 731 727 424 425 704 431 428 753 422 625 809 726 419 420 421 728 417 418 754 729 734 430 427 429 555 732 730 426 795 434 
861 788 437 510 22 31 801 441 451 603 452 39 779 769 786 38 657 508 26 773 35 661 587 505 504 706 692 
