425 465 426 15 526 13 428 12 14 427 9 431 430 10 527 11 429 432 8 481 7 433 482 1 464 0 442 434 439 437 438 440 441 436 435 4 2 3 5 6 
571 572 411 574 29 575 32 30 31 524 414 415 522 25 26 463 27 28 573 412 413 529 21 20 622 421 523 24 22 23 450 420 623 525 416 419 418 417 621 531 424 422 528 530 19 17 18 423 409 410 16 
576 570 449 34 33 35 581 468 407 408 583 584 405 406 578 580 472 402 403 404 582 452 597 599 400 401 399 639 393 395 394 598 398 396 397 579 577 36 592 585 594 591 392 587 37 601 443 588 
593 453 619 620 128 126 127 557 387 630 595 551 590 596 553 129 520 552 550 554 130 547 448 386 558 549 451 631 388 600 390 389 131 385 132 589 391 556 544 555 
606 627 535 39 532 534 536 115 114 466 628 111 113 112 38 607 40 625 109 624 626 110 605 445 604 603 458 533 537 118 116 117 538 121 119 120 586 539 122 123 521 602 124 540 125 460 
641 642 95 94 56 55 54 646 53 52 640 96 97 645 643 98 51 99 478 50 477 644 100 47 48 49 609 632 45 44 635 104 103 105 636 106 107 633 46 634 102 101 608 43 42 108 41 446 462 57 93 92 
517 518 59 91 58 90 515 62 87 86 63 88 61 516 89 60 514 64 85 65 84 513 66 67 83 82 81 76 80 78 79 77 75 74 512 68 73 71 69 70 72 
225 566 561 569 564 629 519 563 565 467 541 545 447 543 227 226 567 228 292 568 649 294 562 548 546 295 293 542 384 383 
162 197 163 196 195 164 193 166 194 165 192 167 169 190 191 168 170 189 171 188 176 187 172 186 175 174 173 177 185 184 178 183 179 180 182 181 198 161 
496 507 444 509 497 510 501 508 474 492 266 471 267 270 269 268 457 615 616 613 480 614 475 459 271 272 610 611 273 479 283 275 274 612 284 276 278 277 279 280 281 282 494 511 503 499 256 456 476 265 473 493 264 495 263 498 258 257 261 260 259 262 486 255 502 253 254 485 252 250 251 488 455 487 470 248 249 247 504 484 469 500 489 617 490 461 505 246 454 483 491 506 237 238 245 241 240 244 242 243 239 236 235 234 638 637 
363 313 312 364 311 365 362 314 315 361 366 310 367 309 308 368 370 307 369 316 360 306 317 359 
647 135 134 145 146 144 216 141 217 140 138 137 223 220 222 230 231 233 214 213 215 143 218 142 219 559 136 139 560 221 229 133 224 232 
648 148 210 153 152 206 201 200 157 156 204 160 207 205 158 159 202 203 155 199 208 147 209 154 151 212 211 150 149 
382 378 298 379 381 377 289 288 375 301 300 297 380 299 290 287 373 303 374 302 376 371 305 372 304 285 286 618 296 291 
650 358 319 320 321 354 353 351 352 350 327 348 329 344 343 345 346 342 335 336 337 338 318 357 356 355 322 323 325 324 326 328 349 347 332 333 331 330 334 341 340 339 
