453 4 5 454 458 3 459 456 455 457 2 460 0 1 632 442 443 468 636 16 15 633 14 628 629 444 516 559 7 634 13 9 10 11 12 8 452 489 515 6 631 445 450 451 447 448 446 449 635 17 18 630 441 440 632 442 443 468 636 16 15 633 14 628 629 444 516 559 7 634 13 9 10 11 12 8 452 489 515 6 631 445 450 451 447 448 446 449 
697 696 29 428 430 429 519 27 469 28 26 700 32 702 425 695 427 30 31 426 423 424 466 690 37 36 38 691 419 699 35 701 422 420 421 698 33 34 654 431 432 561 520 433 434 491 25 24 647 662 23 21 22 652 435 650 653 439 663 19 649 467 648 20 651 437 438 436 680 418 417 688 39 40 680 418 417 688 39 40 
670 669 667 656 692 58 57 412 671 694 53 54 55 485 693 56 684 416 415 465 679 414 689 42 41 43 685 44 45 675 413 683 676 687 48 47 686 46 681 682 673 51 52 50 49 464 668 684 416 415 465 679 414 689 42 41 43 685 44 45 675 413 683 676 687 48 47 686 46 681 682 673 51 52 50 49 464 
573 503 575 301 548 601 612 61 62 547 582 618 602 63 576 470 299 574 577 300 549 504 471 296 294 295 583 66 613 67 65 554 64 555 297 507 584 298 498 303 302 60 59 68 
552 581 603 557 514 586 558 609 580 605 607 608 610 611 624 71 578 477 551 461 505 499 492 69 495 70 550 506 553 476 487 620 513 606 579 
84 146 147 83 148 82 149 81 619 75 156 76 155 150 80 151 79 154 77 153 152 78 604 73 74 72 157 158 159 160 511 161 
100 130 131 99 98 132 101 129 102 128 104 126 103 127 105 125 106 124 109 123 107 111 121 110 122 108 119 113 120 112 114 118 115 117 116 
542 571 536 538 509 541 482 556 170 533 540 501 484 500 532 535 191 192 497 543 193 199 197 198 196 195 194 534 537 539 530 190 483 479 569 463 585 171 172 189 496 480 529 183 182 188 187 186 185 184 531 598 570 657 181 180 599 173 600 179 176 177 178 174 175 486 510 168 169 512 163 166 165 164 162 167 621 200 
213 279 212 280 211 281 282 210 284 208 209 283 627 206 285 207 205 286 287 488 622 289 204 623 288 203 291 290 292 626 202 201 293 
264 228 265 227 229 263 262 230 261 231 260 232 259 233 258 234 252 238 254 257 235 256 236 255 237 251 239 240 250 241 249 248 242 243 247 244 246 245 253 
524 410 525 523 588 310 312 311 572 545 546 307 308 309 478 502 305 306 672 411 674 677 522 678 462 544 666 319 493 563 408 472 614 318 521 409 562 589 315 317 316 587 313 314 526 406 321 625 320 407 304 
592 395 394 568 594 332 334 333 397 396 593 331 330 595 398 399 596 329 327 328 591 393 335 590 392 494 391 528 336 390 641 566 567 341 340 565 343 342 642 385 384 643 388 386 387 564 339 474 337 338 527 389 617 405 403 404 655 323 322 325 324 473 616 402 401 615 326 597 400 645 644 344 640 646 383 382 345 638 475 659 381 660 346 347 380 661 658 348 639 379 378 518 490 560 517 356 481 637 377 372 664 350 349 374 375 376 373 665 355 353 354 352 351 
370 357 371 358 369 508 359 364 368 367 366 365 360 363 362 361 645 644 344 640 646 383 382 345 638 475 659 381 660 346 347 380 661 658 348 639 379 378 518 490 560 517 356 481 637 377 372 664 350 349 374 375 376 373 665 355 353 354 352 351 
703 273 272 274 275 276 277 214 226 225 271 270 268 269 219 220 218 217 216 215 278 266 267 221 222 224 223 
704 87 86 145 88 89 90 91 92 137 136 97 96 135 142 141 140 139 138 93 94 133 134 95 143 144 85 
