800 458 457 801 28 27 799 26 25 460 461 459 802 24 462 22 463 23 464 21 465 20 466 19 18 467 468 469 17 512 470 16 534 15 14 472 471 13 474 475 473 550 476 12 2 477 578 5 11 3 4 8 10 9 7 6 478 1 479 0 
793 449 792 36 447 788 448 446 37 38 790 789 39 445 690 439 490 537 45 44 46 440 536 441 442 535 521 43 563 41 42 40 492 695 443 444 685 686 522 47 436 693 437 438 687 688 50 48 49 456 507 795 455 454 796 31 30 29 797 451 35 791 450 794 452 453 798 34 32 33 
431 661 667 725 726 491 643 642 523 733 64 63 659 65 66 691 433 724 735 55 53 54 432 728 729 730 59 692 731 57 56 58 727 732 62 734 61 60 669 481 673 641 67 674 761 434 694 722 689 435 489 723 52 51 658 
639 580 657 644 72 666 610 662 611 615 612 634 640 660 69 501 672 70 71 632 638 635 636 487 655 581 656 503 603 552 510 315 314 313 650 665 74 73 75 76 609 608 502 582 310 311 605 701 309 604 633 553 617 312 637 607 609 608 502 605 604 633 553 582 617 650 505 505 614 614 606 606 68 
499 736 741 739 705 707 706 484 704 647 663 646 597 748 708 716 715 710 711 717 714 712 500 713 749 774 750 755 709 754 718 664 616 670 645 613 671 742 506 738 740 664 616 670 645 613 671 504 
570 83 533 600 163 162 161 573 508 85 84 488 599 159 160 531 89 87 88 86 572 630 82 602 703 172 171 719 629 170 169 483 601 168 167 574 164 165 166 598 628 80 702 173 174 595 81 498 596 571 665 74 73 627 75 720 76 78 77 79 627 720 78 77 79 737 
105 145 106 780 107 144 142 143 109 140 141 108 119 111 549 139 110 118 113 114 116 115 117 112 123 133 134 122 135 121 136 120 137 138 124 132 125 130 131 129 127 126 128 
747 208 745 178 743 744 746 206 486 207 179 562 180 181 182 560 700 205 204 559 183 485 561 203 585 202 520 200 199 201 198 197 771 193 192 773 196 194 195 519 185 184 772 191 189 190 188 187 186 176 177 175 209 
565 301 480 679 216 215 516 222 587 684 217 221 220 219 218 302 619 586 681 618 680 214 752 751 682 213 621 530 683 212 211 210 527 308 306 307 781 782 304 305 620 303 310 311 701 309 312 753 524 300 298 299 588 223 566 224 225 564 493 297 
775 280 240 239 279 777 241 776 238 543 576 283 237 284 281 282 495 538 285 286 697 235 236 234 233 698 232 525 289 287 288 548 293 294 547 546 228 227 229 545 230 231 539 544 291 290 494 292 577 226 295 296 
579 249 267 251 250 248 266 252 268 551 273 246 274 247 275 276 245 244 778 243 277 271 269 270 272 265 253 264 255 254 256 263 257 262 258 260 259 261 278 242 
513 784 408 407 768 348 785 411 410 412 786 351 349 350 783 409 787 353 352 355 354 769 770 413 347 568 343 342 344 592 420 418 419 589 417 514 416 415 414 590 345 346 591 421 497 567 341 340 526 338 339 569 626 337 336 425 424 422 423 426 593 594 623 648 334 335 649 406 
767 399 362 361 400 363 398 397 364 554 367 395 365 366 396 394 368 515 391 392 393 583 388 372 370 371 387 386 555 389 369 390 529 373 381 385 375 378 377 376 379 380 374 384 382 383 766 401 360 359 402 763 358 403 404 357 765 356 405 764 
803 676 430 759 721 324 323 668 757 756 333 678 675 622 428 762 326 758 509 625 330 329 760 322 653 652 321 320 319 654 318 631 317 328 327 325 624 429 427 677 332 331 651 316 496 
804 517 558 99 556 151 149 96 699 94 541 92 696 157 540 153 542 532 91 557 584 101 100 98 97 150 148 518 482 152 95 93 511 156 528 154 155 158 575 90 779 146 147 103 104 102 
