697 698 461 7 6 696 469 463 462 467 465 466 464 468 4 2 471 1 0 3 470 5 677 8 460 458 459 9 676 10 457 12 11 456 455 489 454 13 451 16 516 15 452 453 14 
673 28 440 438 439 29 30 675 31 437 694 695 436 32 434 435 705 431 706 35 36 432 693 34 433 33 707 37 38 702 430 429 704 39 703 428 40 514 25 515 446 444 445 21 488 443 441 442 674 27 26 22 23 24 647 17 450 18 449 657 448 19 447 20 
561 575 572 422 585 587 576 615 616 560 485 642 58 643 59 60 476 612 586 610 423 507 46 49 47 50 611 613 51 48 614 492 57 636 52 55 53 56 54 421 472 509 322 588 328 420 323 324 325 544 604 424 608 43 606 44 42 477 609 45 427 607 426 605 41 425 
480 538 540 541 309 491 310 542 311 312 539 569 559 490 493 64 571 545 521 522 305 632 648 543 308 306 307 520 518 67 65 66 517 638 629 631 304 303 627 483 633 302 597 596 519 68 69 570 523 546 62 63 61 301 595 484 594 70 71 72 
568 600 474 652 602 658 582 655 653 601 654 640 598 590 557 589 558 623 532 579 567 628 630 534 556 503 499 555 504 300 475 580 593 581 599 635 634 482 639 73 75 74 505 603 583 656 659 
691 156 155 90 154 157 89 88 690 158 87 159 687 84 160 86 85 688 689 161 83 82 163 670 164 162 671 81 672 165 166 167 641 80 486 168 79 77 78 76 
660 140 112 138 139 661 111 109 107 108 106 105 110 135 114 116 134 133 115 113 136 137 120 118 131 117 132 121 130 129 122 123 128 124 126 125 127 119 
626 175 552 173 174 565 577 199 200 176 563 564 198 197 562 527 177 478 528 196 195 501 190 553 194 192 193 191 529 500 181 182 551 180 178 179 554 189 187 188 530 186 183 185 184 591 622 625 172 171 170 566 201 473 624 202 592 203 578 204 169 
644 216 284 217 286 285 215 678 211 291 494 287 214 680 289 288 679 212 213 290 533 294 651 206 681 292 682 207 208 683 209 210 487 293 205 295 531 296 299 297 298 
260 235 234 261 664 267 262 266 263 265 264 255 254 242 253 241 240 256 239 257 259 238 258 237 236 252 243 251 244 250 245 249 246 248 247 663 
550 355 394 354 353 649 397 398 395 396 650 352 350 351 506 349 400 399 401 495 406 343 700 408 407 701 341 342 340 409 699 339 410 405 524 404 403 345 346 548 547 347 402 348 344 336 337 708 413 412 713 712 338 411 714 335 715 414 334 415 709 333 416 
684 686 382 685 366 375 379 378 377 380 381 376 369 370 371 372 373 374 368 367 526 392 357 393 356 391 358 497 359 390 360 525 363 362 386 387 549 361 388 389 496 384 365 383 385 364 
716 574 617 536 535 621 618 619 498 327 326 508 320 573 584 417 418 637 710 331 330 511 510 316 315 481 321 318 317 319 512 537 502 513 314 313 479 419 332 620 329 711 
717 646 279 669 278 225 226 223 277 227 273 645 282 281 219 270 666 272 271 231 280 221 222 668 276 275 224 667 274 228 218 283 220 233 229 665 232 230 269 268 
718 152 153 151 149 148 95 98 146 145 92 144 143 662 102 93 94 96 97 150 147 99 100 692 91 101 142 103 141 104 
