862
184 497 0
181 496 0
181 492 0
180 487 0
179 483 0
179 478 0
181 473 0
180 469 0
186 466 0
187 462 0
183 464 0
181 463 0
189 458 0
190 453 0
190 448 0
190 443 0
191 438 0
191 433 0
191 428 0
191 423 0
191 418 0
191 413 0
190 408 0
190 403 0
189 398 0
186 393 0
182 393 0
180 390 0
180 385 0
180 380 0
180 375 0
180 370 0
180 365 0
180 360 0
180 355 0
180 350 0
180 345 0
180 340 0
180 335 0
180 330 0
180 325 0
180 320 0
180 315 0
180 310 0
180 305 0
181 300 0
181 295 0
181 290 0
181 285 0
181 280 0
182 275 0
182 270 0
182 265 0
182 260 0
181 255 0
183 253 0
184 248 0
184 243 0
185 238 0
187 233 0
185 232 0
188 226 0
187 222 0
184 220 0
188 219 0
189 216 0
190 213 0
189 208 0
191 203 0
192 198 0
196 194 0
198 189 0
195 184 0
192 184 0
190 181 0
190 176 0
189 171 0
187 166 0
188 162 0
192 159 0
195 157 0
191 153 0
186 154 0
181 153 0
178 155 0
173 155 0
168 158 0
163 161 0
158 163 0
155 165 0
151 165 0
146 168 0
141 169 0
136 171 0
134 171 0
137 174 0
130 174 0
125 174 0
123 173 0
119 176 0
116 179 0
115 181 0
110 182 0
105 183 0
101 185 0
101 188 0
96 184 0
93 187 0
90 188 0
87 186 0
84 188 0
84 184 0
81 183 0
80 179 0
75 176 0
73 178 0
75 172 0
74 167 0
72 163 0
69 160 0
67 157 0
66 155 0
64 150 0
59 150 0
54 151 0
49 150 0
44 149 0
39 149 0
35 148 0
30 147 0
27 148 0
28 145 0
25 144 0
20 142 0
15 142 0
12 141 0
9 140 0
10 139 0
15 138 0
20 136 0
25 136 0
30 137 0
35 136 0
39 136 0
44 134 0
49 136 0
54 136 0
59 137 0
61 133 0
59 128 0
63 128 0
65 128 0
69 127 0
71 128 0
76 129 0
81 129 0
86 130 0
91 129 0
96 129 0
101 127 0
101 129 0
106 129 0
111 129 0
116 131 0
121 132 0
126 130 0
130 128 0
135 128 0
139 126 0
144 126 0
149 126 0
154 125 0
159 124 0
164 123 0
169 121 0
174 122 0
179 122 0
182 121 0
187 120 0
192 119 0
197 118 0
202 119 0
207 119 0
212 117 0
216 116 0
220 116 0
220 112 0
217 111 0
214 108 0
212 108 0
214 103 0
212 102 0
210 99 0
206 103 0
203 100 0
200 100 0
197 100 0
197 97 0
195 95 0
190 93 0
185 94 0
182 91 0
184 91 0
184 88 0
188 85 0
185 84 0
186 77 0
184 72 0
185 67 0
186 62 0
181 63 0
179 60 0
181 57 0
182 53 0
186 52 0
189 48 0
190 43 0
192 39 0
196 34 0
197 29 0
198 28 0
201 28 0
204 27 0
203 25 0
203 20 0
207 19 0
212 19 0
217 19 0
222 18 0
227 17 0
232 17 0
237 18 0
242 19 0
245 22 0
248 23 0
252 23 0
253 24 0
258 24 0
262 27 0
264 27 0
269 31 0
274 33 0
277 36 0
276 41 0
276 46 0
277 49 0
279 54 0
278 59 0
277 64 0
279 68 0
283 70 0
285 68 0
281 65 0
286 74 0
284 76 0
279 75 0
277 80 0
279 85 0
276 89 0
279 92 0
279 94 0
276 96 0
272 96 0
268 97 0
268 94 0
264 94 0
263 99 0
263 103 0
258 102 0
255 98 0
255 103 0
255 107 0
252 108 0
247 110 0
250 113 0
253 110 0
256 110 0
252 115 0
257 116 0
262 118 0
267 118 0
272 118 0
277 118 0
282 119 0
287 120 0
291 121 0
296 122 0
301 123 0
306 123 0
311 124 0
316 125 0
319 124 0
325 127 0
330 125 0
332 128 0
337 129 0
342 130 0
347 130 0
352 131 0
357 132 0
362 131 0
367 131 0
372 132 0
377 133 0
382 134 0
387 133 0
391 135 0
396 135 0
401 135 0
398 133 0
406 135 0
405 133 0
412 134 0
417 133 0
422 133 0
427 133 0
432 133 0
434 134 0
439 134 0
443 135 0
448 136 0
453 137 0
458 137 0
462 140 0
464 144 0
469 143 0
474 143 0
479 144 0
484 144 0
489 145 0
494 145 0
499 145 0
482 145 0
470 144 0
459 147 0
459 152 0
459 157 0
464 157 0
469 157 0
474 156 0
470 157 0
457 158 0
456 163 0
454 167 0
454 172 0
452 174 0
449 178 0
447 182 0
443 185 0
445 188 0
440 190 0
437 192 0
432 191 0
427 188 0
426 190 0
419 189 0
416 186 0
416 184 0
411 182 0
406 183 0
404 179 0
400 182 0
400 179 0
396 176 0
391 176 0
387 175 0
385 172 0
382 174 0
381 172 0
377 169 0
374 169 0
370 169 0
367 166 0
362 165 0
357 163 0
352 163 0
348 163 0
345 161 0
342 160 0
339 158 0
334 158 0
329 156 0
324 155 0
320 155 0
315 154 0
310 153 0
305 153 0
300 153 0
295 153 0
290 154 0
285 154 0
281 157 0
279 158 0
284 159 0
287 157 0
287 162 0
286 167 0
286 172 0
284 177 0
283 182 0
280 183 0
277 187 0
275 189 0
277 193 0
277 197 0
278 199 0
282 201 0
281 204 0
284 207 0
284 212 0
283 214 0
280 212 0
281 217 0
282 221 0
280 226 0
281 231 0
281 233 0
283 238 0
283 243 0
283 248 0
284 253 0
285 258 0
285 263 0
286 268 0
286 273 0
286 278 0
286 283 0
287 288 0
287 293 0
287 298 0
287 303 0
287 308 0
287 313 0
287 318 0
287 323 0
287 328 0
287 333 0
287 338 0
287 343 0
286 348 0
286 353 0
286 358 0
286 363 0
286 368 0
286 373 0
286 378 0
285 383 0
286 388 0
287 393 0
283 394 0
282 398 0
281 403 0
280 408 0
280 413 0
279 418 0
279 423 0
279 428 0
279 433 0
279 438 0
280 443 0
280 448 0
282 453 0
282 458 0
284 462 0
284 465 0
288 468 0
292 469 0
288 470 0
291 475 0
292 478 0
293 481 0
292 486 0
292 491 0
290 495 0
288 499 0
283 497 0
278 497 0
273 497 0
268 497 0
263 497 0
258 497 0
253 499 0
251 496 0
252 491 0
251 487 0
249 488 0
250 481 0
251 478 0
253 475 0
253 473 0
255 471 0
256 467 0
258 462 0
259 457 0
258 452 0
259 447 0
258 442 0
258 437 0
257 432 0
257 427 0
256 422 0
255 417 0
254 412 0
253 409 0
252 405 0
247 406 0
242 406 0
237 406 0
232 406 0
227 407 0
222 407 0
217 408 0
216 413 0
215 418 0
214 423 0
213 428 0
214 432 0
212 437 0
211 442 0
211 447 0
216 448 0
212 454 0
212 459 0
212 463 0
215 466 0
215 471 0
217 473 0
221 476 0
220 480 0
220 485 0
221 490 0
218 492 0
216 497 0
212 497 0
207 498 0
202 497 0
197 498 0
192 497 0
187 499 0
185 498 0
283.5 69.5 0
233.266 62.2018 0
131.206 150.265 0
103.5 154.989 0
153.5 144.5 0
233.568 267.5 0
233.472 322.5 0
215.095 372.5 0
236.069 207.128 0
419.433 158.165 0
398.5 155.5 0
246.257 44.7147 0
228.229 84.7712 0
207.723 267.5 0
253.452 245.5 0
259.233 275.5 0
206.678 322.5 0
257.595 305.5 0
258.716 335.5 0
216.455 199.282 0
209.335 69.2671 0
348.724 146.052 0
202.985 386.209 0
209.627 49.0019 0
270.575 138.862 0
218.873 233.982 0
202.991 231.713 0
173.122 138.489 0
197.657 479.612 0
317.485 139.568 0
98.92 169.28 0
255.557 198.111 0
438.211 156.737 0
254.066 35.8018 0
199.259 77.9353 0
259.646 219.183 0
434.753 171.86 0
197 136.162 0
376.911 151.13 0
262.19 384.534 0
250.67 76.1322 0
126.581 161.444 0
260.394 55.7106 0
228.626 99.7491 0
267.935 240.813 0
204.94 209.444 0
206.609 38.0533 0
273.788 386.643 0
255.311 86.5757 0
264.689 71.9201 0
393.659 165.312 0
387.161 156.006 0
197.608 65.8253 0
213.146 83.8875 0
266.918 207.359 0
424.773 176.998 0
425.711 166.559 0
413.203 169.37 0
404.054 164.34 0
113.5 163.724 0
256.648 45.9413 0
226.945 38.3375 0
235.936 30.1283 0
265.554 398.979 0
241.354 91.9116 0
386.129 144.964 0
205.955 59.0836 0
219.862 58.4395 0
196.183 55.5225 0
116.867 149.777 0
265.642 40.8005 0
216.736 41.152 0
219.182 30.1036 0
244.32 35.1404 0
190.305 486.834 0
87.425 157.717 0
446.859 148.141 0
435.601 145.462 0
428.487 153.048 0
418.291 145.575 0
409.49 152.721 0
401.818 145.502 0
443.485 165.899 0
434.054 181.457 0
233.605 112.417 0
265.721 258.693 0
257.247 232.506 0
205.697 198.697 0
221.089 216.137 0
266.24 82.9757 0
255.196 65.7615 0
243.751 66.9392 0
238.532 78.0675 0
242.582 55.5539 0
231.515 49.8963 0
236.464 41.2567 0
267.357 62.5395 0
221.295 73.9567 0
220.21 92.4782 0
203.174 87.9762 0
270.27 217.568 0
268.748 229.155 0
256.204 208.918 0
245.222 218.31 0
246.488 204.077 0
235.365 177.294 0
214.373 175.776 0
243.478 189.626 0
211.681 187.86 0
204.72 179.967 0
204.6 166.478 0
224.305 184.33 0
266.229 196.602 0
259.043 179.451 0
265.453 186.846 0
108.389 172.218 0
255.136 393.792 0
239.628 374.659 0
249.708 382.34 0
242.114 392.951 0
258.901 359.822 0
251.266 369.841 0
264.104 371.704 0
272.505 360.945 0
245.714 100.476 0
199.835 45.9317 0
106.186 142.133 0
124.305 142.137 0
227.565 26.2208 0
96.1694 160.519 0
426.924 142.251 0
447.635 157.488 0
262.661 249.237 0
214.651 208.843 0
225.192 205.881 0
221.993 49.1276 0
225.03 65.7871 0
240.355 234.624 0
232.997 218.979 0
225.102 225.695 0
234.87 144.845 0
218.327 135.118 0
253.579 188.086 0
247.235 178.026 0
242.329 160.96 0
275.095 371.627 0
266.758 347.6 0
237.015 103.765 0
115.246 140.227 0
249.259 237.224 0
221.65 158.342 0
230.042 126.511 0
272.906 334.792 0
276.039 351.514 0
214.68 165.668 0
226.104 169.558 0
231.846 160.786 0
208.567 152.858 0
220.403 125.667 0
241.476 121.904 0
239.62 133.791 0
228.52 136.715 0
221.769 146.475 0
229.11 152.009 0
265.067 320.242 0
277.841 342.522 0
265.523 329.383 0
197.685 369.324 0
220.39 389.381 0
208.599 249.178 0
164.901 146.684 0
161.123 135.557 0
331.364 142.093 0
339.112 148.16 0
185.438 141.197 0
181.003 132.006 0
190.286 129.142 0
362.605 149.768 0
354.086 153.806 0
357.337 141.662 0
370.508 142.579 0
369.163 156.704 0
200.061 220.237 0
211.592 223.405 0
267.022 411.919 0
87.0962 169.539 0
249.352 262.03 0
272.303 270.889 0
275.229 261.436 0
270.531 286.694 0
276.593 279.372 0
255.711 290.352 0
262.005 284.001 0
265.181 296.866 0
276.157 296.146 0
271.461 308.585 0
275.985 318.648 0
236.014 300.492 0
243.846 279.695 0
278.029 327.404 0
247.723 299.036 0
245.245 313.591 0
240.703 290.385 0
218.997 286.458 0
231.058 281.741 0
228.312 292.498 0
219.351 308.838 0
218.349 297.661 0
200.256 290.994 0
210.317 291.576 0
205.947 279.869 0
220.567 272.694 0
193.477 280.508 0
243.207 269.805 0
252.683 281.79 0
255.526 315.813 0
246.723 327.778 0
234.37 311.453 0
218.696 258.843 0
194.75 267.597 0
201.165 258.004 0
196.402 246.449 0
256.373 325.656 0
242.322 347.786 0
247.05 358.71 0
220.906 246.427 0
229.484 238.637 0
231.095 254.645 0
239.69 259.657 0
248.238 338.599 0
254.163 348.912 0
234.581 336.304 0
222.216 352.99 0
201.391 347.5 0
234.186 357.792 0
240.123 365.188 0
227.739 369.29 0
229.467 381.312 0
219.419 363.024 0
210.515 355.134 0
238.563 384.119 0
199.957 358.483 0
190.195 362.095 0
220.075 330.523 0
214.232 342.416 0
224.644 340.15 0
209.627 332.772 0
194.806 331.468 0
231.903 347.625 0
190.97 351.098 0
217.421 319.757 0
193.678 317.633 0
201.699 338.005 0
190.31 340.779 0
204.708 307.964 0
192.511 305.176 0
191.085 295.191 0
199.733 146.624 0
207.824 138.922 0
204.57 129.079 0
205.431 376.167 0
192.249 380.304 0
209.991 397.106 0
199.437 396.19 0
230.697 394.546 0
210.042 239.082 0
267.677 423.225 0
268.3 433.949 0
269.421 444.587 0
258.605 265.602 0
195.382 237.152 0
241.058 247.101 0
203.5 408.752 0
202.505 420.478 0
270.56 456.124 0
202.132 431.682 0
270.36 471.04 0
263.955 482.992 0
278.083 482.871 0
279.362 473.601 0
143.998 153.744 0
153.729 154.242 0
136.433 160.18 0
140.548 140.401 0
149.14 135.763 0
287.294 137.372 0
278.214 130.04 0
279.528 144.773 0
199.337 466.565 0
205.687 474.015 0
207.881 485.72 0
200.91 455.487 0
200.538 444.802 0
302.428 138.064 0
309.449 143.892 0
294.597 143.485 0
295.138 131.663 0
310.503 133.342 0
270.746 170.33 0
256.88 164.607 0
248.167 168.52 0
253.709 146.405 0
244.552 142.458 0
254.468 131.079 0
267.276 159.079 0
270.192 149.177 0
258.419 154.961 0
260.544 139.062 0
265.401 129.011 0
91.5981 143.655 0
77.8934 147.238 0
70.3021 139.104 0
98.3496 137.695 0
78.3544 156.393 0
83.1029 139.163 0
231.726 194.818 0
270.222 149.866 0
185.778 151.327 0
225.073 301.333 0
210.739 388.444 0
242.011 300.444 0
256.234 386.667 0
