558
212 503 0
207 502 0
202 502 0
197 501 0
192 501 0
189 499 0
192 495 0
197 492 0
202 488 0
205 483 0
208 479 0
209 474 0
209 469 0
206 466 0
207 461 0
208 456 0
211 453 0
212 448 0
213 443 0
214 438 0
214 433 0
214 428 0
215 423 0
216 418 0
216 413 0
216 408 0
217 403 0
217 398 0
218 393 0
219 388 0
220 383 0
220 378 0
220 373 0
218 368 0
220 363 0
222 358 0
223 353 0
224 348 0
224 343 0
225 338 0
225 333 0
224 328 0
225 324 0
226 319 0
226 314 0
227 309 0
228 304 0
229 299 0
229 294 0
230 289 0
231 284 0
231 279 0
231 274 0
231 269 0
232 264 0
232 259 0
233 254 0
233 249 0
233 245 0
232 240 0
229 238 0
229 233 0
230 228 0
230 223 0
231 218 0
231 213 0
232 208 0
232 203 0
232 198 0
232 193 0
232 188 0
232 183 0
232 178 0
233 173 0
234 168 0
234 163 0
234 158 0
234 153 0
233 148 0
233 143 0
234 138 0
231 133 0
226 134 0
221 134 0
216 135 0
211 135 0
206 135 0
201 136 0
196 134 0
191 134 0
186 134 0
181 134 0
176 135 0
171 135 0
166 135 0
161 136 0
156 137 0
151 138 0
146 138 0
141 138 0
136 139 0
131 139 0
126 139 0
121 140 0
116 141 0
111 142 0
106 143 0
101 143 0
96 144 0
91 144 0
86 145 0
81 146 0
76 146 0
71 146 0
66 147 0
61 147 0
56 148 0
51 149 0
46 149 0
41 150 0
37 153 0
32 154 0
27 157 0
22 159 0
19 158 0
15 162 0
10 161 0
8 158 0
10 153 0
13 149 0
16 145 0
21 144 0
26 144 0
31 144 0
36 142 0
41 142 0
46 142 0
51 141 0
56 140 0
61 139 0
66 138 0
71 138 0
76 137 0
81 136 0
86 135 0
91 135 0
96 134 0
101 133 0
106 133 0
111 132 0
116 131 0
121 131 0
126 130 0
131 129 0
136 128 0
141 128 0
146 128 0
151 128 0
156 127 0
161 126 0
166 126 0
171 125 0
176 125 0
181 123 0
186 122 0
191 121 0
196 121 0
201 119 0
206 119 0
211 119 0
216 119 0
221 117 0
226 116 0
231 115 0
236 113 0
241 111 0
246 109 0
251 105 0
252 100 0
252 95 0
250 90 0
246 86 0
242 81 0
239 76 0
236 73 0
232 70 0
227 69 0
225 64 0
222 59 0
220 54 0
222 51 0
227 51 0
229 46 0
229 41 0
229 36 0
231 31 0
234 26 0
238 22 0
242 17 0
245 12 0
250 12 0
252 17 0
256 19 0
261 16 0
263 11 0
265 10 0
270 14 0
273 18 0
277 23 0
280 27 0
283 31 0
284 36 0
284 41 0
284 46 0
283 51 0
288 51 0
291 54 0
290 59 0
286 64 0
283 69 0
279 70 0
274 72 0
270 77 0
268 82 0
264 87 0
262 92 0
260 97 0
262 102 0
262 107 0
266 109 0
271 111 0
276 113 0
281 114 0
286 116 0
291 116 0
296 117 0
301 118 0
306 118 0
311 120 0
316 121 0
321 123 0
326 123 0
331 123 0
336 124 0
341 125 0
346 126 0
351 127 0
356 127 0
361 127 0
366 128 0
371 129 0
376 130 0
381 130 0
386 130 0
391 131 0
396 131 0
401 131 0
406 132 0
411 132 0
416 133 0
421 134 0
426 135 0
431 136 0
436 137 0
441 137 0
446 138 0
451 140 0
456 140 0
461 141 0
466 141 0
471 142 0
476 142 0
481 143 0
486 143 0
491 144 0
496 147 0
499 151 0
502 155 0
503 160 0
498 161 0
493 161 0
488 161 0
483 156 0
478 153 0
473 151 0
468 149 0
463 147 0
458 146 0
453 146 0
448 146 0
443 146 0
438 145 0
433 145 0
428 145 0
423 144 0
418 144 0
413 143 0
408 141 0
403 141 0
398 141 0
393 140 0
388 139 0
383 138 0
378 138 0
373 136 0
368 136 0
363 136 0
358 136 0
353 136 0
348 136 0
343 136 0
338 136 0
333 135 0
328 135 0
323 135 0
318 135 0
313 135 0
308 136 0
303 136 0
298 135 0
293 134 0
288 133 0
283 133 0
278 135 0
278 140 0
278 145 0
278 150 0
278 155 0
278 160 0
278 165 0
278 170 0
278 175 0
278 180 0
278 185 0
278 190 0
278 195 0
278 200 0
278 205 0
278 210 0
279 215 0
278 220 0
279 225 0
280 230 0
282 235 0
281 240 0
280 245 0
281 250 0
281 255 0
282 260 0
282 265 0
282 270 0
282 275 0
283 280 0
283 285 0
284 290 0
284 295 0
284 300 0
285 305 0
285 310 0
286 315 0
286 320 0
286 325 0
286 330 0
287 335 0
287 340 0
288 345 0
288 350 0
288 355 0
289 360 0
290 365 0
290 370 0
290 375 0
290 380 0
290 385 0
290 390 0
290 395 0
291 400 0
292 405 0
292 410 0
292 415 0
294 420 0
294 425 0
295 430 0
295 435 0
296 440 0
297 445 0
297 450 0
300 455 0
302 458 0
304 463 0
300 467 0
299 472 0
300 477 0
304 482 0
308 486 0
311 491 0
316 492 0
320 493 0
319 498 0
314 502 0
309 502 0
304 502 0
299 502 0
294 502 0
289 501 0
285 499 0
287 494 0
288 489 0
289 484 0
290 479 0
290 474 0
287 469 0
283 466 0
282 461 0
281 456 0
284 452 0
283 447 0
283 442 0
282 437 0
281 432 0
279 427 0
279 422 0
277 417 0
276 412 0
275 407 0
274 402 0
273 397 0
271 393 0
271 388 0
271 383 0
272 378 0
273 373 0
273 368 0
273 363 0
273 358 0
272 353 0
272 348 0
271 343 0
271 338 0
269 333 0
268 328 0
268 323 0
267 318 0
266 313 0
266 308 0
265 303 0
265 298 0
263 293 0
263 288 0
261 283 0
259 278 0
254 277 0
251 282 0
251 287 0
250 292 0
249 297 0
248 302 0
247 307 0
247 312 0
246 317 0
245 322 0
245 327 0
243 332 0
243 337 0
241 342 0
241 347 0
240 352 0
239 357 0
238 362 0
237 367 0
237 372 0
237 377 0
237 382 0
239 387 0
238 392 0
237 397 0
237 402 0
235 407 0
234 412 0
231 417 0
231 422 0
230 427 0
229 432 0
227 437 0
225 442 0
224 447 0
223 452 0
226 456 0
226 461 0
224 466 0
221 469 0
220 474 0
220 479 0
221 484 0
221 489 0
221 494 0
221 499 0
216 501 0
213 503 0
255.474 146.105 0
254.25 225.5 0
254.935 180.5 0
256.883 251.5 0
250.541 127.603 0
250.774 40.1549 0
255.37 61.1956 0
264.33 215 0
265.598 236.49 0
267.377 37.999 0
242.672 232.055 0
265.392 26.6508 0
243.299 219.66 0
253.482 237.646 0
254.892 29.9492 0
243.875 31.4375 0
265.011 225.742 0
245.281 247.004 0
246.331 261.512 0
259.324 264.64 0
268.523 256.134 0
269.656 271.574 0
265.604 246.529 0
272.28 282.199 0
298.518 491.254 0
255.08 116.639 0
265.346 127.31 0
258.102 135.496 0
266.623 143.237 0
275.964 124.094 0
260.375 49.0803 0
271.813 48.5554 0
275.325 59.3052 0
265.771 64.7248 0
242.841 272.882 0
273.87 292.509 0
245.993 138.724 0
244.865 149.952 0
255.71 163.311 0
246.115 171.49 0
243.581 182.792 0
245.232 160.736 0
252.88 199.589 0
250.888 189.719 0
264.441 190.171 0
242.613 196.526 0
244.769 208.039 0
255.136 209.872 0
265.224 202.589 0
266.434 178.704 0
265.551 155.657 0
266.599 167.158 0
239.144 124.411 0
255.435 75.3921 0
246.945 68.3328 0
241.987 53.9404 0
233.287 58.6211 0
250.735 49.8231 0
239.98 42.9677 0
