669
216 482 0
211 481 0
206 481 0
202 479 0
200 475 0
200 470 0
203 466 0
207 462 0
211 458 0
214 454 0
217 449 0
217 444 0
217 439 0
217 434 0
214 429 0
214 424 0
214 419 0
212 414 0
211 409 0
211 404 0
211 399 0
209 394 0
209 389 0
208 384 0
207 379 0
206 374 0
206 369 0
205 364 0
207 359 0
208 354 0
209 349 0
210 344 0
210 339 0
210 334 0
211 329 0
210 324 0
211 319 0
210 314 0
208 309 0
207 304 0
206 299 0
204 294 0
203 289 0
200 285 0
198 281 0
199 277 0
198 272 0
198 267 0
197 262 0
196 257 0
194 252 0
194 247 0
196 242 0
198 238 0
199 233 0
200 228 0
201 223 0
204 218 0
206 213 0
209 208 0
211 203 0
213 199 0
216 194 0
212 191 0
212 186 0
215 182 0
220 181 0
224 178 0
224 173 0
224 168 0
221 164 0
219 159 0
217 154 0
215 149 0
212 144 0
211 139 0
212 134 0
211 129 0
209 124 0
206 120 0
204 115 0
199 113 0
194 112 0
189 112 0
184 113 0
179 114 0
174 115 0
169 116 0
164 116 0
159 116 0
154 117 0
149 117 0
144 117 0
139 117 0
134 117 0
129 117 0
124 120 0
119 121 0
114 121 0
109 121 0
104 121 0
99 121 0
94 121 0
89 121 0
84 121 0
79 121 0
74 121 0
69 121 0
64 123 0
59 123 0
54 124 0
50 128 0
45 130 0
40 131 0
35 131 0
30 132 0
25 132 0
23 128 0
18 128 0
13 129 0
8 129 0
3 127 0
6 125 0
11 125 0
16 124 0
21 124 0
25 122 0
30 120 0
35 118 0
40 117 0
45 117 0
50 115 0
55 113 0
60 110 0
65 107 0
70 105 0
75 105 0
80 105 0
85 104 0
90 103 0
95 102 0
100 101 0
105 100 0
110 99 0
115 97 0
120 96 0
125 98 0
129 100 0
134 100 0
139 100 0
144 100 0
149 99 0
154 98 0
159 98 0
164 97 0
169 97 0
174 97 0
179 94 0
184 93 0
189 91 0
194 90 0
199 89 0
204 89 0
209 90 0
214 91 0
219 93 0
224 88 0
226 83 0
227 78 0
227 73 0
227 68 0
228 63 0
228 58 0
228 53 0
229 48 0
230 43 0
231 38 0
236 33 0
241 30 0
246 28 0
251 28 0
256 28 0
261 28 0
266 28 0
271 29 0
276 33 0
279 37 0
282 42 0
282 47 0
281 52 0
282 57 0
285 62 0
285 67 0
286 72 0
289 77 0
290 82 0
291 87 0
293 91 0
298 90 0
303 89 0
308 89 0
313 90 0
318 91 0
323 92 0
328 94 0
333 96 0
338 97 0
343 97 0
348 98 0
353 98 0
358 99 0
363 100 0
368 100 0
373 101 0
378 100 0
383 100 0
386 97 0
391 97 0
396 98 0
401 100 0
406 101 0
411 101 0
416 102 0
421 103 0
426 104 0
431 105 0
436 104 0
441 107 0
446 109 0
451 111 0
456 114 0
461 115 0
466 117 0
471 118 0
476 120 0
481 121 0
486 124 0
491 124 0
496 125 0
501 125 0
506 126 0
502 129 0
497 128 0
492 128 0
487 128 0
485 131 0
480 133 0
476 131 0
471 131 0
466 130 0
461 129 0
456 127 0
452 124 0
447 123 0
442 123 0
437 121 0
432 122 0
427 121 0
422 121 0
417 122 0
412 122 0
407 122 0
402 122 0
397 122 0
392 121 0
387 120 0
382 119 0
377 117 0
372 117 0
367 117 0
362 117 0
357 117 0
352 116 0
347 116 0
342 116 0
337 116 0
332 114 0
327 114 0
322 113 0
317 112 0
312 113 0
307 114 0
304 118 0
303 123 0
301 127 0
298 132 0
298 137 0
298 142 0
295 147 0
294 151 0
293 156 0
293 161 0
290 166 0
288 171 0
286 176 0
287 181 0
292 181 0
296 184 0
299 189 0
295 193 0
297 198 0
298 202 0
300 206 0
303 211 0
305 216 0
307 221 0
309 226 0
310 231 0
311 236 0
312 241 0
315 245 0
315 250 0
315 255 0
314 260 0
314 265 0
313 270 0
311 275 0
309 280 0
308 285 0
306 290 0
306 295 0
304 300 0
303 305 0
301 310 0
300 315 0
298 320 0
299 325 0
298 330 0
300 335 0
300 340 0
300 345 0
301 350 0
303 355 0
303 360 0
303 365 0
303 370 0
303 375 0
303 380 0
302 385 0
301 390 0
301 395 0
299 400 0
298 405 0
298 410 0
297 415 0
295 420 0
295 425 0
295 430 0
292 434 0
291 439 0
292 444 0
293 449 0
295 453 0
298 458 0
302 462 0
307 466 0
309 471 0
309 476 0
306 480 0
301 481 0
296 481 0
291 481 0
286 481 0
281 481 0
277 477 0
273 472 0
272 467 0
272 462 0
267 459 0
264 456 0
264 451 0
265 447 0
267 442 0
270 437 0
270 432 0
269 427 0
270 422 0
270 417 0
270 412 0
269 407 0
269 402 0
267 397 0
267 392 0
266 387 0
266 382 0
265 377 0
265 372 0
264 367 0
266 362 0
266 357 0
266 352 0
264 347 0
265 342 0
264 337 0
263 332 0
265 328 0
267 323 0
265 318 0
264 313 0
264 308 0
265 303 0
264 298 0
264 293 0
263 288 0
262 283 0
261 278 0
260 273 0
260 268 0
260 263 0
260 258 0
258 253 0
253 253 0
250 256 0
250 261 0
249 266 0
249 271 0
249 276 0
248 281 0
247 286 0
246 291 0
245 296 0
245 301 0
245 306 0
245 311 0
245 316 0
242 321 0
243 326 0
246 331 0
246 336 0
245 341 0
245 346 0
244 351 0
243 356 0
243 361 0
245 366 0
245 371 0
244 376 0
244 381 0
245 386 0
244 391 0
242 396 0
242 401 0
240 406 0
240 411 0
239 416 0
239 421 0
239 426 0
239 431 0
240 436 0
242 441 0
244 445 0
245 450 0
245 455 0
243 459 0
238 461 0
237 466 0
236 471 0
234 476 0
230 480 0
226 482 0
221 482 0
217 482 0
230.167 233.167 0
257.778 106.111 0
267.878 219.561 0
256.551 75.5 0
254.952 175.5 0
223.359 259.328 0
224.722 288.611 0
284.612 245.255 0
285.134 275.773 0
243.185 92.7739 0
247.688 138.825 0
253.5 51.7822 0
272.72 134.5 0
286.046 217.772 0
281.176 334.353 0
282.231 425.744 0
299.405 250.198 0
282.943 115.981 0
118.881 108.686 0
226.242 324 0
224.677 365.818 0
225.854 390.829 0
226.443 425.717 0
283.886 368.839 0
283.526 393.895 0
286.904 466.841 0
269.286 66.2643 0
289.431 291.886 0
264.94 42.6192 0
285.081 138.574 0
272.276 155.233 0
282.538 158.312 0
280.052 147.959 0
213.682 278.773 0
243.014 44.0085 0
281.886 127.479 0
241.324 57.2467 0
291.326 122.549 0
251.7 64.0688 0
261.239 59.1909 0
241.707 75.0537 0
273.792 198.472 0
210.417 249.5 0
229.591 138.282 0
280.661 436.311 0
295.996 235.794 0
287.752 260.465 0
108.235 110.265 0
225.835 411.96 0
296.466 470.7 0
282.401 455.341 0
272.293 83.808 0
213.922 289.617 0
228.031 273.784 0
237.304 66.2409 0
248.886 83.377 0
255.579 93.8652 0
269.283 97.7243 0
283.442 192.039 0
285.031 204.876 0
270.017 182.356 0
273.736 169.01 0
276.311 212.051 0
302.902 241.765 0
282.701 231.377 0
300.748 263.47 0
292.585 269.169 0
296.351 280.922 0
274.371 266.055 0
290.598 251.949 0
98.4574 111.193 0
229.728 401.398 0
276.789 446.259 0
266.468 75.7767 0
218.306 268.944 0
236.037 263.214 0
233.746 248.064 0
238.661 273.518 0
264.245 89.3515 0
280.378 92.8397 0
288.4 103.663 0
270.299 111.203 0
271.102 122.894 0
259.135 130.478 0
264.852 173.725 0
268.757 240.367 0
277.374 222.853 0
301.662 272.98 0
273.191 278.182 0
280.888 285.535 0
277.766 298.654 0
277.468 254.659 0
222.013 247.665 0
214.034 234.797 0
246.831 237.041 0
240.528 254.787 0
245.725 246.641 0
235.547 284.625 0
294.815 112.339 0
302.426 102.028 0
277.86 103.856 0
262.328 144.649 0
242.148 119.203 0
259.754 118.222 0
251.242 123.936 0
250.66 113.49 0
239.365 105.859 0
277.823 239.119 0
289.141 304.823 0
277.693 312.362 0
206.904 240.84 0
222.549 238.425 0
237.529 239.277 0
271.656 143.806 0
256.951 159.671 0
248.633 101.465 0
224.744 115.87 0
232.041 96.6208 0
229.066 106.501 0
288.053 315.632 0
279.943 323.277 0
263.479 153.534 0
240.944 165.69 0
251.955 149.41 0
250.535 166.901 0
230.824 449.184 0
225.043 460.782 0
241.074 196.537 0
228.981 190.879 0
240.84 181.286 0
252.138 188.74 0
231.891 182.351 0
233.899 172.651 0
260.372 183.571 0
256.119 206.137 0
266.19 209.177 0
250.563 198.254 0
283.648 412.168 0
228.454 437.145 0
253.731 39.4308 0
269.972 52.4422 0
236.574 84.4034 0
295.789 224.151 0
208.978 261.406 0
207.704 271.071 0
268.007 250.625 0
220.684 219.967 0
228.991 206.609 0
224.007 198.747 0
242.63 210.687 0
219.166 209.761 0
253.409 220.372 0
232.92 218.315 0
261.221 230.264 0
271.192 230.689 0
240.299 227.364 0
244.498 219.45 0
257.361 241.56 0
313.612 101.315 0
323.543 103.04 0
238.874 130.72 0
228.033 126.889 0
216.583 469.709 0
226.197 470.348 0
262.205 195.413 0
279.117 403.061 0
211.653 224.824 0
225.949 306.285 0
234.334 313.25 0
217.095 300.001 0
220.677 315.232 0
233.186 296.903 0
220.419 378.552 0
215.766 369.917 0
232.001 375.345 0
234.482 365.859 0
234.619 385.346 0
279.273 381.303 0
275.654 389.54 0
274.802 372.562 0
291.022 378.566 0
291.443 388.269 0
214.759 106.222 0
214.949 116.016 0
219.072 124.363 0
203.341 101.383 0
192.499 101.262 0
182.772 103.165 0
237.101 151.226 0
245.319 156.785 0
231.598 160.431 0
226.513 148.718 0
238.544 141.739 0
227.419 341.551 0
235.218 333.784 0
229.629 354.089 0
218.805 356.429 0
235.497 346.591 0
219.27 346.766 0
220.812 333.179 0
283.307 351.535 0
276.858 360.412 0
275.724 343.752 0
289.113 342.091 0
291.366 359.927 0
369.778 108.932 0
131.556 109.47 0
