712
189 501 0
185 497 0
186 492 0
189 488 0
192 484 0
194 479 0
194 474 0
197 469 0
196 464 0
196 459 0
196 454 0
196 449 0
196 444 0
196 439 0
197 434 0
197 429 0
196 424 0
195 419 0
195 414 0
195 409 0
195 404 0
195 399 0
194 394 0
194 389 0
194 384 0
194 379 0
195 374 0
196 369 0
199 367 0
201 362 0
201 357 0
202 352 0
202 347 0
203 342 0
203 337 0
203 332 0
203 327 0
203 322 0
203 317 0
203 312 0
203 307 0
203 302 0
203 297 0
203 292 0
203 287 0
203 282 0
203 277 0
203 272 0
201 267 0
201 262 0
201 257 0
201 252 0
202 247 0
203 242 0
203 237 0
206 233 0
208 228 0
208 223 0
211 218 0
212 213 0
213 208 0
214 203 0
216 198 0
219 193 0
222 188 0
225 184 0
225 179 0
225 174 0
223 169 0
221 164 0
220 159 0
218 154 0
215 150 0
210 147 0
206 144 0
201 142 0
196 142 0
191 142 0
186 141 0
181 140 0
176 140 0
171 138 0
167 136 0
162 136 0
158 138 0
153 138 0
148 137 0
143 138 0
138 138 0
133 138 0
128 138 0
123 138 0
118 136 0
113 138 0
108 142 0
103 145 0
98 148 0
93 150 0
88 153 0
83 154 0
78 156 0
73 157 0
68 157 0
66 153 0
65 148 0
66 143 0
65 138 0
65 134 0
60 134 0
55 136 0
50 138 0
45 138 0
40 140 0
35 141 0
36 138 0
41 136 0
43 133 0
38 132 0
33 133 0
28 133 0
23 135 0
18 138 0
15 137 0
16 134 0
11 136 0
8 135 0
12 131 0
17 128 0
22 127 0
27 125 0
32 125 0
37 124 0
42 124 0
47 123 0
52 123 0
57 123 0
62 123 0
64 119 0
64 114 0
65 111 0
70 112 0
75 113 0
80 114 0
85 114 0
90 116 0
95 116 0
100 118 0
105 119 0
110 120 0
115 120 0
120 120 0
125 118 0
130 119 0
135 119 0
140 119 0
145 119 0
150 118 0
155 118 0
160 118 0
165 118 0
170 118 0
175 119 0
180 119 0
185 118 0
190 118 0
195 116 0
200 119 0
205 118 0
210 116 0
215 116 0
220 116 0
225 118 0
230 115 0
227 112 0
222 110 0
218 105 0
216 100 0
215 95 0
214 90 0
214 85 0
214 80 0
214 75 0
214 70 0
215 65 0
215 60 0
216 55 0
218 50 0
220 46 0
222 41 0
224 36 0
227 32 0
231 28 0
235 25 0
240 22 0
245 23 0
250 22 0
255 22 0
260 22 0
265 22 0
270 24 0
275 28 0
278 32 0
281 35 0
284 40 0
287 44 0
287 49 0
288 54 0
289 59 0
289 64 0
289 69 0
289 74 0
289 79 0
289 84 0
289 89 0
289 94 0
287 99 0
286 104 0
286 109 0
291 107 0
296 107 0
301 107 0
306 107 0
311 109 0
316 111 0
320 113 0
325 114 0
330 116 0
333 118 0
338 119 0
343 119 0
348 119 0
353 119 0
358 120 0
363 120 0
368 120 0
373 120 0
378 120 0
383 119 0
388 120 0
393 120 0
398 121 0
403 121 0
408 121 0
413 121 0
417 123 0
422 123 0
427 123 0
432 123 0
436 122 0
441 123 0
446 123 0
451 123 0
456 123 0
461 123 0
466 124 0
471 124 0
476 125 0
481 125 0
486 127 0
491 129 0
496 131 0
499 135 0
495 136 0
490 135 0
490 138 0
486 136 0
481 134 0
476 133 0
471 132 0
466 133 0
464 136 0
469 137 0
474 140 0
469 140 0
464 139 0
459 138 0
454 137 0
449 135 0
444 133 0
439 135 0
434 135 0
429 134 0
424 134 0
420 135 0
415 135 0
410 135 0
405 135 0
400 135 0
395 136 0
390 136 0
385 138 0
380 137 0
375 136 0
370 136 0
365 136 0
360 136 0
355 136 0
350 136 0
345 136 0
340 136 0
335 136 0
330 136 0
325 136 0
320 136 0
315 136 0
310 137 0
305 136 0
300 137 0
295 141 0
292 145 0
289 150 0
289 155 0
287 160 0
286 165 0
284 170 0
282 175 0
282 180 0
282 185 0
286 189 0
288 194 0
292 199 0
293 204 0
295 209 0
296 214 0
299 216 0
301 221 0
303 225 0
306 230 0
307 235 0
306 240 0
306 245 0
306 250 0
306 255 0
306 260 0
306 265 0
304 269 0
304 274 0
304 279 0
304 284 0
304 289 0
304 294 0
304 299 0
304 304 0
304 309 0
304 314 0
304 319 0
304 324 0
304 329 0
304 334 0
305 339 0
306 344 0
305 349 0
305 354 0
306 359 0
306 364 0
309 368 0
311 373 0
311 378 0
310 383 0
311 388 0
311 393 0
312 398 0
312 403 0
311 408 0
311 413 0
311 418 0
311 423 0
310 428 0
309 433 0
309 438 0
309 443 0
309 448 0
308 453 0
309 458 0
309 463 0
309 468 0
313 473 0
315 478 0
316 483 0
319 488 0
323 493 0
322 498 0
318 501 0
313 501 0
308 501 0
303 501 0
298 501 0
293 501 0
288 501 0
283 500 0
281 495 0
281 490 0
280 485 0
280 480 0
281 475 0
282 470 0
283 465 0
283 460 0
283 455 0
283 450 0
281 445 0
281 440 0
280 435 0
278 430 0
277 425 0
276 420 0
275 415 0
274 410 0
273 405 0
273 400 0
273 395 0
273 390 0
273 385 0
273 380 0
272 375 0
271 370 0
273 365 0
273 360 0
273 355 0
273 350 0
272 345 0
271 340 0
271 335 0
270 330 0
269 325 0
269 320 0
268 315 0
267 310 0
266 305 0
264 300 0
263 295 0
261 290 0
260 285 0
259 280 0
259 275 0
258 270 0
257 265 0
253 261 0
250 265 0
249 270 0
248 275 0
248 280 0
247 285 0
246 290 0
244 295 0
243 300 0
241 305 0
240 310 0
239 315 0
239 320 0
238 325 0
238 330 0
236 335 0
236 340 0
234 345 0
234 350 0
234 355 0
234 360 0
234 365 0
238 369 0
239 374 0
239 379 0
239 384 0
239 389 0
239 394 0
239 399 0
239 404 0
238 409 0
237 414 0
236 419 0
234 424 0
233 429 0
232 434 0
231 439 0
231 444 0
230 449 0
230 454 0
230 459 0
229 464 0
229 469 0
228 473 0
228 478 0
228 483 0
227 488 0
227 493 0
226 498 0
221 501 0
216 501 0
211 501 0
206 501 0
201 501 0
196 501 0
191 501 0
190 501 0
252.019 64.5096 0
273.765 237.118 0
248.833 93.1668 0
225.433 274.5 0
216.5 381.5 0
216 411.5 0
253.465 181.5 0
233.108 240.943 0
223.262 295.005 0
281.456 277.5 0
243.886 44.8864 0
267.3 81.5 0
244.325 211.595 0
266.835 50.7218 0
285.878 226.516 0
218.074 242.025 0
81.8043 130.978 0
193.872 129.782 0
216.983 132.084 0
211.004 478.651 0
220.54 326.708 0
293.909 122.545 0
310 123.28 0
289.719 371.722 0
294.901 442.42 0
288.864 344 0
215.208 264.358 0
226.797 374.891 0
256.036 148.607 0
242.731 164.008 0
241.963 33.817 0
265.928 202.215 0
262.273 36.6331 0
272.409 151.882 0
233.716 40.9515 0
279.368 204.566 0
251.759 37.817 0
254.976 49.3175 0
73.7311 123.757 0
227.212 386.863 0
214.551 367.139 0
215.693 396.491 0
224.554 227.063 0
205.396 131.247 0
301.751 127.38 0
214.2 275.601 0
220.73 284.369 0
233.867 284.575 0
213.393 291.736 0
236.742 273.601 0
226.524 254.46 0
230.346 264.718 0
240.312 255.164 0
272.109 41.2315 0
269.889 127.489 0
274.304 193.925 0
262.373 190.247 0
252.052 199.824 0
267.294 176.325 0
269.86 219.326 0
206.7 375.517 0
206.039 387.617 0
205.38 398.022 0
227.253 398.617 0
225.213 236.233 0
233.631 294.942 0
215.274 253.016 0
240.418 264.748 0
253.486 239.555 0
281.065 120.963 0
286.193 132.261 0
235.628 197.465 0
256.212 167.775 0
271.502 209.942 0
281.355 215.917 0
205.684 408.706 0
243.591 244.568 0
252.695 250.265 0
264.517 245.754 0
283.005 256.281 0
293.874 262.028 0
275.4 248.139 0
290.147 241.989 0
270.044 260.763 0
284.271 267.04 0
292.594 274.889 0
243.287 202.492 0
251.611 158.232 0
263.086 158.58 0
273.851 163.726 0
261.446 255.407 0
232.313 96.0877 0
183.06 129.378 0
215.459 489.388 0
203.408 488.096 0
321.26 124.718 0
302.227 116.95 0
295.578 454.98 0
291.482 357.793 0
295.907 349.808 0
296.757 365.537 0
283.186 363.819 0
282.926 352.273 0
240.361 226.897 0
232.349 216.657 0
221.806 216.881 0
226.845 205.84 0
254.957 222.514 0
246.329 220.279 0
256.016 210.848 0
264.322 229.866 0
249.435 230.621 0
266.233 140.193 0
247.729 128.154 0
276.195 136.182 0
255.092 137.077 0
258.771 126.542 0
250.825 110.741 0
268.356 108.721 0
265.06 118.437 0
277.123 112.338 0
275.891 227.327 0
226.87 409.639 0
239.31 183.632 0
245.18 174.545 0
235.17 171.318 0
247.546 190.26 0
295.348 251.388 0
283.132 235.599 0
295.02 232.319 0
270.632 272.621 0
237.528 77.4042 0
295.807 468.172 0
232.548 131.62 0
239.449 146.811 0
244.84 138.038 0
224.624 127.11 0
238.388 122.219 0
225.069 142.047 0
229.545 152.62 0
230.778 162.444 0
280.079 145.425 0
242.025 102.838 0
258.58 100.962 0
259.577 89.7242 0
250.54 80.0072 0
273.16 94.7413 0
245.435 71.7006 0
231.952 61.3401 0
235.528 51.379 0
245.573 55.6843 0
259.606 73.0531 0
263.481 61.9718 0
276.14 59.6207 0
271.616 70.5183 0
278.051 79.3861 0
240.897 63.6528 0
277.128 49.7678 0
279.825 88.4075 0
239.401 87.9964 0
226.193 72.3391 0
227.45 84.678 0
96.3138 132.076 0
89.5176 125.467 0
88.4265 139.886 0
77.1961 141.319 0
106.505 129.833 0
212.5 462.111 0
217.876 470.935 0
206.691 469.924 0
223.517 310.995 0
231.074 304.543 0
228.585 320.094 0
214.248 317.378 0
214.626 303.378 0
293.824 426.177 0
299.446 433.961 0
289.486 434.622 0
286.924 326.905 0
293.656 334.799 0
281.612 336.166 0
218.03 351.482 0
210.759 358.081 0
222.432 339.414 0
212.996 342.809 0
212.846 332.921 0
223.283 360.864 0
296.547 484.61 0
290.329 491.791 0
302.508 476.106 0
290.732 476.636 0
213.24 444.865 0
219.26 453.762 0
206.627 453.22 0
306.759 489.671 0
216.179 428.311 0
223.646 420.19 0
220.707 437.653 0
207.839 435.368 0
207.309 420.448 0
292.067 390.655 0
284.396 381.994 0
298.238 380.278 0
285.471 308.424 0
292.775 317.148 0
280.004 318.152 0
293.22 408.402 0
300.022 417.069 0
286.843 417.516 0
284.841 400.035 0
282.264 391.073 0
283.157 409.083 0
300.3 399.031 0
279.126 293.525 0
271.756 284.342 0
290.949 287.884 0
288.648 298.271 0
276.295 303.531 0
