954
144 501 0
139 499 0
134 496 0
131 493 0
131 488 0
135 484 0
138 480 0
142 476 0
145 472 0
148 468 0
152 463 0
154 459 0
152 455 0
152 450 0
154 446 0
154 441 0
154 436 0
155 431 0
157 427 0
159 422 0
154 419 0
150 416 0
151 411 0
154 407 0
156 402 0
154 397 0
151 393 0
150 388 0
150 383 0
151 378 0
154 374 0
156 369 0
159 365 0
159 360 0
159 355 0
162 351 0
163 346 0
165 341 0
166 336 0
168 332 0
168 327 0
168 322 0
169 317 0
170 312 0
172 308 0
172 303 0
174 299 0
175 294 0
178 290 0
179 285 0
181 281 0
181 276 0
181 271 0
182 266 0
182 261 0
183 256 0
183 251 0
185 247 0
186 242 0
186 237 0
189 232 0
189 229 0
191 226 0
193 221 0
196 217 0
196 212 0
195 207 0
195 202 0
197 197 0
196 192 0
200 189 0
202 184 0
202 179 0
201 174 0
198 170 0
196 165 0
193 161 0
189 157 0
187 152 0
184 148 0
180 151 0
177 155 0
172 157 0
167 160 0
162 161 0
158 163 0
153 166 0
150 170 0
148 175 0
144 179 0
140 182 0
135 185 0
130 188 0
125 190 0
120 192 0
115 193 0
110 196 0
105 199 0
100 202 0
95 205 0
90 209 0
85 212 0
80 215 0
75 218 0
71 221 0
73 226 0
75 230 0
75 235 0
75 240 0
75 245 0
73 248 0
68 248 0
64 247 0
63 242 0
60 239 0
56 237 0
51 240 0
47 243 0
43 247 0
40 251 0
37 256 0
34 260 0
29 260 0
27 257 0
29 253 0
31 248 0
33 244 0
35 239 0
38 235 0
40 230 0
43 226 0
46 221 0
49 217 0
54 213 0
58 209 0
61 206 0
64 201 0
68 197 0
72 194 0
76 190 0
80 186 0
83 181 0
87 177 0
90 174 0
94 171 0
98 167 0
103 164 0
108 161 0
113 157 0
118 155 0
122 151 0
126 148 0
131 145 0
134 141 0
137 137 0
141 134 0
146 131 0
149 128 0
151 123 0
154 119 0
156 114 0
159 110 0
162 106 0
167 102 0
172 101 0
177 99 0
182 97 0
187 96 0
192 96 0
197 93 0
201 91 0
206 90 0
211 88 0
216 86 0
221 85 0
226 82 0
231 81 0
235 77 0
237 73 0
237 68 0
234 65 0
229 63 0
225 59 0
224 54 0
221 50 0
216 48 0
217 46 0
219 42 0
215 39 0
216 36 0
219 33 0
216 29 0
219 27 0
224 26 0
228 22 0
226 19 0
230 18 0
235 17 0
237 13 0
241 12 0
246 12 0
251 11 0
256 11 0
261 11 0
266 9 0
270 11 0
275 11 0
279 14 0
284 14 0
289 16 0
294 17 0
298 18 0
301 21 0
303 24 0
305 28 0
306 33 0
305 38 0
307 43 0
305 46 0
301 49 0
301 54 0
299 58 0
298 63 0
298 68 0
295 70 0
290 70 0
288 67 0
288 72 0
288 77 0
293 80 0
298 82 0
303 85 0
308 86 0
313 89 0
318 90 0
323 91 0
328 92 0
333 93 0
338 95 0
343 96 0
348 98 0
353 101 0
358 105 0
362 109 0
365 113 0
367 118 0
370 122 0
373 126 0
376 123 0
378 118 0
383 116 0
387 113 0
391 113 0
391 118 0
391 123 0
389 128 0
392 131 0
396 135 0
397 139 0
395 143 0
397 147 0
401 152 0
406 154 0
411 156 0
416 160 0
421 163 0
426 166 0
430 170 0
433 175 0
437 178 0
441 182 0
444 186 0
447 191 0
450 194 0
455 198 0
460 201 0
462 205 0
464 210 0
467 213 0
472 216 0
475 221 0
479 224 0
483 228 0
487 232 0
491 236 0
493 241 0
496 245 0
499 249 0
499 254 0
498 258 0
494 260 0
489 260 0
485 257 0
483 253 0
482 248 0
479 244 0
474 240 0
469 239 0
464 238 0
462 243 0
460 247 0
455 249 0
451 248 0
451 243 0
450 238 0
449 233 0
449 228 0
450 223 0
450 218 0
446 215 0
441 212 0
436 209 0
431 206 0
426 203 0
421 200 0
416 198 0
411 195 0
406 193 0
401 191 0
396 190 0
391 187 0
386 184 0
381 180 0
377 177 0
374 172 0
372 168 0
368 165 0
363 163 0
358 160 0
353 157 0
348 155 0
343 154 0
340 150 0
341 145 0
338 146 0
336 150 0
334 155 0
331 159 0
328 164 0
325 168 0
323 173 0
321 177 0
320 182 0
320 187 0
325 189 0
329 192 0
327 195 0
326 200 0
328 204 0
329 209 0
325 213 0
326 218 0
328 222 0
332 226 0
334 230 0
335 234 0
339 238 0
339 243 0
340 248 0
342 252 0
343 257 0
343 262 0
344 267 0
346 271 0
347 276 0
348 281 0
349 286 0
350 291 0
351 295 0
352 300 0
352 305 0
352 310 0
352 315 0
353 320 0
354 325 0
356 329 0
356 334 0
357 339 0
358 344 0
360 348 0
360 353 0
362 358 0
363 363 0
366 367 0
367 372 0
369 377 0
371 381 0
374 385 0
377 389 0
377 394 0
375 399 0
371 402 0
367 406 0
367 411 0
369 416 0
370 420 0
367 424 0
367 429 0
367 434 0
368 439 0
368 444 0
368 449 0
371 452 0
371 457 0
371 462 0
374 466 0
377 471 0
381 475 0
384 479 0
388 483 0
390 488 0
390 493 0
386 496 0
381 498 0
376 500 0
371 501 0
366 501 0
361 501 0
356 501 0
351 501 0
346 501 0
341 500 0
337 497 0
335 493 0
336 488 0
338 484 0
338 479 0
336 475 0
335 470 0
332 466 0
330 461 0
330 456 0
334 452 0
335 447 0
334 442 0
333 437 0
332 433 0
330 428 0
325 426 0
321 424 0
320 419 0
320 414 0
320 409 0
318 405 0
314 401 0
309 398 0
307 393 0
307 388 0
307 383 0
307 378 0
307 373 0
308 368 0
308 363 0
308 358 0
307 353 0
307 348 0
306 343 0
303 339 0
301 334 0
299 330 0
298 325 0
297 320 0
294 316 0
291 311 0
289 307 0
287 302 0
285 298 0
282 293 0
279 289 0
275 285 0
271 281 0
269 276 0
266 272 0
264 267 0
260 270 0
256 274 0
252 278 0
250 283 0
247 287 0
246 292 0
243 296 0
241 301 0
239 305 0
237 310 0
234 314 0
231 319 0
228 323 0
225 327 0
223 332 0
220 336 0
220 341 0
220 346 0
219 351 0
219 356 0
218 361 0
218 366 0
218 371 0
217 376 0
215 380 0
215 385 0
215 390 0
214 395 0
211 398 0
207 401 0
204 406 0
204 411 0
204 416 0
204 421 0
202 425 0
197 426 0
193 430 0
191 435 0
191 440 0
191 445 0
191 450 0
191 455 0
190 460 0
187 464 0
188 469 0
190 473 0
190 478 0
191 483 0
194 487 0
195 492 0
194 496 0
190 499 0
185 501 0
180 501 0
175 501 0
170 501 0
165 501 0
160 501 0
155 501 0
150 501 0
145 501 0
258.5 43.5 0
261.5 87.75 0
211.714 288.857 0
299.131 129.065 0
291.318 237.841 0
318.399 294.801 0
260.975 181.5 0
183.716 123.041 0
234.382 133.088 0
194.346 329.5 0
181.25 389 0
228.858 242.858 0
335.553 120.237 0
372.783 145.793 0
331.365 340.527 0
337.55 380.5 0
343.564 408.5 0
239.736 37.7356 0
285.562 105.845 0
311.236 110.822 0
307.37 151.652 0
314.059 250.588 0
231.434 181.5 0
290.464 184.5 0
214.391 148.082 0
218.075 112.938 0
243.498 257.498 0
207.3 248.86 0
295.315 268.685 0
121.361 172.576 0
166.993 479.094 0
402.121 172.223 0
386.309 159.653 0
358.285 478.829 0
172.545 437.182 0
265.5 27.6923 0
327.505 277.498 0
193.469 308.049 0
319.268 322.911 0
342.369 332.307 0
343.418 351.963 0
219.44 200.852 0
195.637 254.086 0
178.369 475.862 0
160.429 142.571 0
462.821 225.179 0
229.175 284.467 0
172.646 114.791 0
165.692 386.415 0
351.483 373.507 0
318.754 235.184 0
200.608 149.428 0
232.949 100.373 0
198.32 240.246 0
135.266 166.677 0
174.884 453.226 0
185.887 298.894 0
351.802 459.584 0
383.283 139.554 0
354.455 417.5 0
245.504 25.5096 0
302.779 204.752 0
284.249 36.6815 0
209.27 268.885 0
175.757 488.307 0
214.362 232.509 0
169.326 465.668 0
163.443 452.5 0
199.4 295.419 0
386.781 149.305 0
374.014 135.909 0
357.056 138.816 0
315.069 205.698 0
294.431 40.3841 0
284.424 52.0511 0
204.932 259.202 0
221.324 257.514 0
195.442 269.267 0
164.817 489.94 0
153.931 482.115 0
185.097 490.699 0
207.783 239.368 0
202.981 228.178 0
217.738 244.633 0
350.521 145.785 0
307.665 221.597 0
309.764 194.3 0
158.473 472.001 0
211.825 214.885 0
308.383 212.257 0
297.835 193.888 0
271.475 212.439 0
281.702 198.968 0
291.886 203.152 0
184.965 363.242 0
172.257 359.419 0
183.617 344.692 0
174.706 374.311 0
180.749 354.225 0
323.123 387.703 0
237.743 51.5519 0
330.631 328.069 0
332.573 308.695 0
340.252 319.796 0
328.325 318.054 0
317.582 308.894 0
341.206 342.225 0
458.849 217.235 0
184.91 109.885 0
200.889 117.967 0
191.296 117.097 0
197.073 106.729 0
207.707 109.385 0
216.772 99.8351 0
224.676 105.665 0
237.476 116.564 0
169.826 130.128 0
171.31 400.714 0
182.271 415.271 0
193.129 415.84 0
188.417 401.877 0
352.058 392.03 0
338.952 365.916 0
208.624 160.268 0
130.923 175.778 0
125.374 162.699 0
341.044 460.149 0
355.108 405.62 0
341.792 421.735 0
331.465 416.265 0
352.313 432.147 0
235.818 28.4132 0
250.709 35.4392 0
247.616 46.2239 0
258.044 64.7836 0
247.781 58.3408 0
257.58 54.127 0
270.757 49.9146 0
177.899 462.035 0
163.963 442.446 0
214.26 308.47 0
190.307 288.073 0
190.884 261.617 0
202.653 279.83 0
145.091 489.342 0
207.447 203.427 0
236.361 219.117 0
188.616 376.916 0
174.197 383.34 0
164.325 375.989 0
230.094 43.3968 0
342.228 310.223 0
324.991 302.253 0
337.081 295.706 0
308.707 317.071 0
309.701 327.742 0
319.671 335.596 0
320.749 349.371 0
303.75 301.023 0
206.033 133.745 0
194.556 129.058 0
197.025 139.409 0
183.878 135.52 0
225.058 94.1766 0
172.357 141.81 0
159.131 131.821 0
164.291 121.183 0
163.357 395.585 0
165.438 411.521 0
174.709 409.56 0
171.794 422.643 0
182.337 426.495 0
180.081 398.083 0
347.477 382.902 0
359.025 382.82 0
363.434 393.395 0
350.029 361.77 0
324.224 371.859 0
228.22 162.084 0
342.129 431.916 0
268.855 38.6316 0
278.615 44.4316 0
209.29 299.143 0
223.485 297.567 0
190.767 278.094 0
224.809 212.849 0
238.733 199.417 0
225.303 225.717 0
234.433 208.892 0
236.723 232.287 0
223.505 235.029 0
216.193 223.251 0
255.705 225.176 0
250.198 210.333 0
241.96 244.395 0
244.992 225.47 0
250.644 236.081 0
270.899 238.854 0
261.198 234.352 0
267.881 224.119 0
259.39 250.951 0
284.385 222.805 0
295.67 215.906 0
249.754 250.122 0
297.442 227.657 0
307.531 233.024 0
201.351 366.19 0
331.931 352 0
324.062 360.371 0
301.799 310.415 0
304.93 283.446 0
312.614 301.536 0
206.921 142.832 0
165.991 430.232 0
333.133 372.716 0
317.181 379.33 0
218.753 157.604 0
229.231 147.044 0
220.952 288.681 0
219.687 276.083 0
218.527 266.624 0
232.417 265.904 0
229.177 274.903 0
240.915 274.046 0
233.013 293.919 0
224.983 308.189 0
253.675 195.202 0
260.483 214.96 0
263.496 202.87 0
273.048 203.015 0
268.447 191.452 0
276.247 177.815 0
276.653 229.998 0
192.466 368.563 0
221.008 136.079 0
260.057 150.495 0
248.435 266.744 0
238.461 283.105 0
247.453 201.737 0
243.325 187.101 0
244.409 169.378 0
252.644 185.857 0
240.336 178.024 0
280.089 188.104 0
291.34 164.177 0
215.054 125.077 0
226.517 121.485 0
265.28 165.856 0
245.07 144.962 0
256.322 260.519 0
286.648 174.155 0
278.252 164.115 0
270.495 155.514 0
275.354 132.049 0
270.002 143.177 0
256.517 129.84 0
288.834 145.383 0
265.555 134.187 0
284.837 155.48 0
279.798 141.037 0
287.385 131.693 0
280.993 119.156 0
266.802 120.025 0
267.455 174.869 0
236.603 141.837 0
249.035 157.286 0
258.136 159.717 0
238.767 160.289 0
255.157 140.704 0
245.762 133.592 0
247.778 122.081 0
277.652 149.886 0
294.332 116.295 0
299.408 103.13 0
304.76 119.663 0
320.079 124.091 0
290.273 93.208 0
310.026 99.7421 0
325.079 111.177 0
330.689 133.697 0
275.078 94.7405 0
299.635 93.7541 0
320.604 101.443 0
337.271 107.666 0
348.834 115.65 0
316.216 139.021 0
272.329 107.837 0
255.848 107.71 0
264.06 111.434 0
264.154 99.2844 0
273.915 80.3171 0
329.95 101.843 0
346.267 107.002 0
346.225 129.617 0
326.314 144.139 0
304.194 140.015 0
310.305 129.527 0
282.689 86.0081 0
262.786 75.8133 0
249.24 80.3913 0
273.1 64.8449 0
247.992 69.4004 0
356.938 124.391 0
339.581 135.939 0
319.451 154.472 0
310.437 165.803 0
300.303 174.994 0
304.11 185.1 0
310.564 176.898 0
294.812 137.829 0
248.842 94.9463 0
278.684 72.3081 0
266.17 58.2833 0
281.305 60.6992 0
364.333 131.543 0
301.281 160.38 0
243.758 106.042 0
240.345 87.4311 0
397.058 162.361 0
390.106 172.161 0
382.096 167.762 0
326.254 245.888 0
325.365 261.753 0
313.812 271.341 0
332.017 254.168 0
333.474 268.669 0
322.578 270.15 0
316.853 282.883 0
304.063 273.499 0
305.518 260.498 0
291.513 253.497 0
315.484 260.452 0
301.947 245.537 0
279.991 264.45 0
281.478 245.793 0
270.903 250.381 0
288.851 262.233 0
284.901 276.524 0
295.151 279.304 0
143.653 153.768 0
143.824 163.058 0
133.262 155.672 0
180.446 444.223 0
255.999 22.0501 0
361.854 149.215 0
232.408 253.947 0
317.775 224.664 0
201.632 346.03 0
192.752 354.108 0
181.258 331.641 0
175.242 339.468 0
185.925 319.101 0
177.368 323.055 0
172.425 348.925 0
336.015 395.475 0
332.034 387.501 0
345.139 398.887 0
333.269 405.767 0
325.768 397.894 0
199.83 387.415 0
197.514 397.322 0
190.375 386.275 0
328.051 288.833 0
337.161 282.714 0
283.178 211.087 0
255.514 171.583 0
271.117 260.213 0
295.639 291.673 0
154.769 152.257 0
147.869 143.14 0
193.026 339.953 0
206.897 333.839 0
204.833 319.487 0
195.416 317.478 0
203.847 309.102 0
216.236 319.702 0
214.465 328.685 0
182.587 309.004 0
204.165 377.059 0
58.9563 224.74 0
107.38 179.424 0
117.336 182.054 0
111.6 170.344 0
375.502 156.669 0
371.095 486.108 0
380.266 488.464 0
360.52 489.807 0
349.402 486.353 0
368.211 476.272 0
360.577 467.342 0
348.081 471.552 0
277.724 26.2434 0
354.238 445.906 0
344.472 442.124 0
358.998 438.226 0
217.259 173.872 0
209.095 169.512 0
227.292 172.212 0
219.176 187.296 0
229.287 192.82 0
211.372 181.562 0
210.016 192.965 0
207.344 356.192 0
96.0286 187.977 0
105.149 188.272 0
98.2406 179.103 0
86.9069 195.968 0
78.384 203.084 0
70.4614 209.128 0
416.741 179.643 0
412.458 169.969 0
406.036 163.579 0
406.403 181.901 0
427.614 187.992 0
418.276 188.899 0
436.349 195.672 0
444.088 202.294 0
404.444 171.933 0
90.6667 200.376 0
