787
184 499 0
184 494 0
182 489 0
183 484 0
182 479 0
183 474 0
183 469 0
183 464 0
182 459 0
183 454 0
183 449 0
182 444 0
177 442 0
178 439 0
182 435 0
182 431 0
180 427 0
180 422 0
176 418 0
171 418 0
172 413 0
177 411 0
176 407 0
178 403 0
179 398 0
176 394 0
172 391 0
173 387 0
176 385 0
178 381 0
179 377 0
179 372 0
179 367 0
179 362 0
180 357 0
183 353 0
186 349 0
189 344 0
189 341 0
191 337 0
194 333 0
195 328 0
196 323 0
197 318 0
196 313 0
196 308 0
196 303 0
195 298 0
194 295 0
195 290 0
193 286 0
192 281 0
192 276 0
192 271 0
189 267 0
189 262 0
189 257 0
189 252 0
189 247 0
189 242 0
191 238 0
193 233 0
194 229 0
197 224 0
199 220 0
200 215 0
201 210 0
200 205 0
201 200 0
204 196 0
208 194 0
212 191 0
216 187 0
220 183 0
223 178 0
226 174 0
228 169 0
228 166 0
226 161 0
228 156 0
228 151 0
227 146 0
226 141 0
225 136 0
223 132 0
220 128 0
220 125 0
220 120 0
216 118 0
211 120 0
208 123 0
205 126 0
200 128 0
195 130 0
190 134 0
185 136 0
180 140 0
176 142 0
171 146 0
167 149 0
162 152 0
158 155 0
154 159 0
149 161 0
144 163 0
139 165 0
134 168 0
129 169 0
124 172 0
119 173 0
114 175 0
109 177 0
104 180 0
99 183 0
94 185 0
89 187 0
84 190 0
79 193 0
74 195 0
70 198 0
70 203 0
70 208 0
70 213 0
70 218 0
67 222 0
64 224 0
61 219 0
60 215 0
57 211 0
52 212 0
48 215 0
44 219 0
40 223 0
37 226 0
33 230 0
28 231 0
24 228 0
19 227 0
14 227 0
18 224 0
23 222 0
28 218 0
32 214 0
35 210 0
40 207 0
44 203 0
49 200 0
54 197 0
58 193 0
63 190 0
59 186 0
64 182 0
69 181 0
74 179 0
79 177 0
84 176 0
88 174 0
92 174 0
97 171 0
101 168 0
106 164 0
111 162 0
116 159 0
121 157 0
126 155 0
131 152 0
136 150 0
141 148 0
145 145 0
150 142 0
155 140 0
160 137 0
165 134 0
170 131 0
175 127 0
180 124 0
184 121 0
188 118 0
191 115 0
194 112 0
197 107 0
201 104 0
206 100 0
211 98 0
215 95 0
214 90 0
213 85 0
213 80 0
212 75 0
210 71 0
209 66 0
208 61 0
208 57 0
208 52 0
208 47 0
208 42 0
209 37 0
210 32 0
214 28 0
218 24 0
222 20 0
227 16 0
232 14 0
237 13 0
242 13 0
247 12 0
252 12 0
257 12 0
262 12 0
267 13 0
272 13 0
277 15 0
282 16 0
286 20 0
291 22 0
296 25 0
301 26 0
304 30 0
308 34 0
310 38 0
310 41 0
310 46 0
308 50 0
308 55 0
307 60 0
306 65 0
306 68 0
305 72 0
304 77 0
304 82 0
304 87 0
303 92 0
303 97 0
308 100 0
313 103 0
317 107 0
321 111 0
325 115 0
330 119 0
334 122 0
338 125 0
342 129 0
346 133 0
350 135 0
355 138 0
359 141 0
364 143 0
366 145 0
371 147 0
376 149 0
381 151 0
386 154 0
390 156 0
395 159 0
400 162 0
405 164 0
409 166 0
414 169 0
419 172 0
424 176 0
429 179 0
433 181 0
438 183 0
442 185 0
447 187 0
452 189 0
456 194 0
459 196 0
464 199 0
467 202 0
471 204 0
476 208 0
479 212 0
483 216 0
486 221 0
491 223 0
496 226 0
491 228 0
488 229 0
483 230 0
480 228 0
476 224 0
472 220 0
467 218 0
464 214 0
460 213 0
456 212 0
455 214 0
454 215 0
452 218 0
451 221 0
448 224 0
445 224 0
445 219 0
445 214 0
443 210 0
442 205 0
442 200 0
440 196 0
435 193 0
431 190 0
426 187 0
421 186 0
416 184 0
412 182 0
407 178 0
403 176 0
398 175 0
393 173 0
388 172 0
383 171 0
378 169 0
373 168 0
368 165 0
363 161 0
358 158 0
354 154 0
349 150 0
344 148 0
339 145 0
335 142 0
331 140 0
326 137 0
321 134 0
317 131 0
313 127 0
309 124 0
304 121 0
300 118 0
296 116 0
291 119 0
291 124 0
290 128 0
289 133 0
287 137 0
287 142 0
286 147 0
285 152 0
285 157 0
285 162 0
284 167 0
285 170 0
286 175 0
289 179 0
293 182 0
298 186 0
301 191 0
305 194 0
310 194 0
311 199 0
315 203 0
312 208 0
313 213 0
315 217 0
316 222 0
319 226 0
320 231 0
321 236 0
324 240 0
324 245 0
324 250 0
325 255 0
325 260 0
323 265 0
323 270 0
321 274 0
321 279 0
321 284 0
320 289 0
317 293 0
317 298 0
317 303 0
317 308 0
317 313 0
316 318 0
316 323 0
316 328 0
318 333 0
321 337 0
325 341 0
328 345 0
329 350 0
330 355 0
332 359 0
334 364 0
334 369 0
337 372 0
340 375 0
340 380 0
338 384 0
343 386 0
345 390 0
342 393 0
338 397 0
338 402 0
338 407 0
340 411 0
344 415 0
343 418 0
338 420 0
336 425 0
336 430 0
333 434 0
336 437 0
338 441 0
334 442 0
333 447 0
334 452 0
334 457 0
334 462 0
334 467 0
334 472 0
334 477 0
334 482 0
334 487 0
334 492 0
334 497 0
330 499 0
325 499 0
320 499 0
315 499 0
310 499 0
305 499 0
300 499 0
295 498 0
296 493 0
296 488 0
295 483 0
298 479 0
302 476 0
305 473 0
307 469 0
307 464 0
307 459 0
308 454 0
308 449 0
308 444 0
309 439 0
308 434 0
307 429 0
307 424 0
306 419 0
305 415 0
305 412 0
303 407 0
303 402 0
303 399 0
299 396 0
299 391 0
296 387 0
295 382 0
294 377 0
292 373 0
291 368 0
291 363 0
291 358 0
289 353 0
287 349 0
287 344 0
285 339 0
282 336 0
281 331 0
279 328 0
278 323 0
278 318 0
277 313 0
277 308 0
277 303 0
275 299 0
274 294 0
274 289 0
274 284 0
274 279 0
274 274 0
273 269 0
270 265 0
269 260 0
266 256 0
264 251 0
262 247 0
262 242 0
259 237 0
254 237 0
252 241 0
252 246 0
251 251 0
249 255 0
248 260 0
246 265 0
243 269 0
242 274 0
240 278 0
238 283 0
238 288 0
238 293 0
237 298 0
234 302 0
233 307 0
234 312 0
234 317 0
234 322 0
233 327 0
233 330 0
230 333 0
226 337 0
226 342 0
226 347 0
224 351 0
224 356 0
222 360 0
222 365 0
221 370 0
224 374 0
224 379 0
221 383 0
220 388 0
220 391 0
217 396 0
214 400 0
213 405 0
212 410 0
212 415 0
211 420 0
208 424 0
209 429 0
208 434 0
207 438 0
208 443 0
208 448 0
209 453 0
210 458 0
209 461 0
211 465 0
211 470 0
212 475 0
215 479 0
219 481 0
221 485 0
223 486 0
221 490 0
221 495 0
221 499 0
216 499 0
211 499 0
206 499 0
201 499 0
196 499 0
191 499 0
186 499 0
185 499 0
255.604 118.198 0
223.764 234.882 0
258.166 68.3668 0
255.858 183.043 0
256.465 153.5 0
199.929 369.5 0
215.913 273.5 0
282.245 216.551 0
296.965 281.5 0
314.5 375.5 0
309.5 352.5 0
273.443 94.5 0
233.7 208.7 0
281.603 69.9207 0
240.098 87.3804 0
234.937 54.5 0
279.082 44.5447 0
238.576 33.8796 0
215.167 321.833 0
215.115 294 0
196.135 457 0
322.051 413.136 0
193.956 423.621 0
194.14 439.5 0
205.67 351.649 0
298.315 327.342 0
271.717 126.906 0
208.347 246.577 0
203.081 386.218 0
287.055 241.154 0
305.246 265.777 0
292.677 39.2176 0
204.649 261.784 0
274.607 243.921 0
305.195 246.268 0
197.345 479 0
228.176 254.876 0
242.781 161 0
190.852 361.879 0
308.854 283.99 0
268.714 30.4296 0
224.224 39.5687 0
226.549 293.3 0
285.728 257.954 0
308.359 486.679 0
237.943 121.889 0
283.923 198.124 0
322.362 390.5 0
210.584 376.5 0
278.075 230.138 0
200.347 359.786 0
304.448 275.399 0
220.237 283.934 0
206.765 283.415 0
228.185 274.527 0
282.319 249.233 0
331.532 390.5 0
222.828 264.704 0
216.515 254.899 0
233.492 264.138 0
218.86 244.427 0
60.9369 202.835 0
451.75 203 0
198.988 431.503 0
198.549 447.861 0
282.061 32.137 0
291.232 55.5404 0
199.572 252.496 0
242.931 145.041 0
255.658 168.261 0
228.41 29.1823 0
237.212 23.4833 0
234.179 43.7349 0
255.238 47.2225 0
244.218 48.4368 0
250.915 58.596 0
243 72.0462 0
296.593 206.954 0
326.739 378.97 0
262.961 218.067 0
203.038 272.861 0
276.251 24.5372 0
287.893 47.0196 0
247.328 153.062 0
237.441 152.97 0
257.668 136.519 0
269.562 161.618 0
253.435 81.9624 0
228.314 77.209 0
241.5 62.1098 0
293.718 197.574 0
286.685 207.665 0
272.902 221.117 0
267.358 230.29 0
252.561 144.69 0
270.215 145.941 0
267.652 175.492 0
268.793 79.6861 0
253.062 100.167 0
237.152 78.8814 0
227.283 90.315 0
237.035 103.451 0
224.829 102.325 0
229.995 113.039 0
265.47 153.596 0
267.742 136.169 0
275.54 154.015 0
274.876 169.418 0
269.484 191.34 0
262.447 89.8151 0
269.965 67.9379 0
263.654 56.832 0
277.732 57.492 0
267.097 45.3262 0
281.971 83.6867 0
249.331 90.9846 0
215.63 107.468 0
264.697 183.863 0
277.019 182.439 0
285.161 188.217 0
271.422 205.972 0
291.83 76.5358 0
291.365 66.0429 0
292.493 87.8229 0
252.738 201.908 0
288.864 102.581 0
258.982 193.25 0
261.23 207.849 0
298.424 106.104 0
283.649 93.7791 0
217.28 207.591 0
210.357 336.721 0
218.282 331.061 0
214.656 346.271 0
200.751 341.905 0
205.865 327.049 0
270.134 110.573 0
189.449 388.856 0
190.842 377.095 0
198.774 400.503 0
206.212 394.954 0
188.942 398.819 0
191.893 411.13 0
201.919 410.08 0
300.138 229.477 0
289.121 230.302 0
194.26 468.136 0
206.172 487.053 0
241.652 176.57 0
237.244 168.424 0
246.694 169.109 0
243.775 190.735 0
241.849 201.463 0
228.699 194.864 0
225.788 203.739 0
234.086 184.945 0
221.508 52.8265 0
226.876 64.4693 0
220.766 71.6101 0
217.633 61.6719 0
294.302 250.179 0
302.551 256.03 0
313.746 258.18 0
292.57 269.143 0
285.667 278.558 0
282.797 267.433 0
294.514 260.267 0
288.069 292.501 0
319.331 476.944 0
322.635 487.851 0
310.603 387.103 0
304.724 378.672 0
305.803 365.347 0
318.73 362.112 0
300.752 356.938 0
319.378 352.252 0
324.493 369.705 0
210.537 365.037 0
245.446 132.386 0
235.887 137.064 0
247.403 123.057 0
245.962 111.274 0
231.707 128.771 0
261.35 126.828 0
224.673 220.251 0
241.791 224.327 0
246.835 212.907 0
252.71 222.326 0
211.771 226.793 0
211.864 236.998 0
234.166 218.367 0
215.095 217.355 0
259.739 108.42 0
264.753 99.6505 0
278.351 103.887 0
280.509 114.931 0
281.033 124.531 0
309.618 235.779 0
297.317 239.484 0
294.182 218.874 0
303.137 214.481 0
306.782 223.008 0
302.152 297.261 0
291.203 306.441 0
303.905 310.47 0
294.893 316.846 0
320.534 463.453 0
306.019 320.533 0
218.671 307.91 0
223.866 316.62 0
207.813 312.579 0
206.984 301.529 0
204.127 292.505 0
320.852 427.07 0
327.689 420.639 0
315.306 419.574 0
321.6 439.665 0
321.981 451.6 0
305.567 339.183 0
297.688 346.577 0
307.066 330.124 0
314.106 343.901 0
294.885 336.858 0
236.901 242.466 0
228.11 245.557 0
234.183 232.005 0
238.6 252.933 0
326.048 401.871 0
314.536 404.128 0
253.643 32.139 0
261.852 37.221 0
246.809 39.0607 0
248.059 22.8159 0
260.248 23.0762 0
229.419 238.222 0
232 108.221 0
284.444 107.532 0
