723
223 497 0
218 496 0
213 494 0
212 490 0
211 485 0
213 480 0
215 475 0
216 470 0
218 465 0
213 464 0
212 459 0
212 454 0
213 449 0
213 444 0
213 439 0
213 434 0
213 429 0
213 424 0
213 419 0
213 414 0
212 409 0
212 404 0
212 399 0
212 394 0
212 389 0
212 384 0
212 379 0
211 374 0
211 369 0
210 364 0
210 359 0
211 354 0
211 349 0
211 344 0
212 339 0
212 334 0
212 329 0
211 324 0
211 319 0
211 314 0
210 309 0
210 304 0
210 299 0
209 294 0
209 289 0
209 284 0
208 279 0
208 274 0
207 269 0
207 264 0
208 259 0
207 254 0
202 254 0
197 254 0
193 252 0
195 247 0
196 242 0
198 237 0
200 232 0
201 227 0
202 222 0
203 217 0
205 212 0
206 207 0
206 202 0
207 197 0
209 192 0
209 187 0
209 182 0
209 177 0
209 172 0
208 167 0
208 162 0
208 157 0
207 152 0
206 147 0
206 142 0
205 137 0
203 133 0
198 134 0
193 134 0
188 136 0
183 138 0
178 140 0
173 143 0
168 146 0
163 148 0
158 151 0
153 154 0
148 157 0
143 160 0
138 163 0
133 165 0
128 166 0
123 168 0
118 171 0
113 173 0
108 175 0
103 178 0
98 181 0
93 184 0
88 187 0
83 189 0
78 193 0
73 196 0
68 198 0
64 197 0
60 193 0
55 195 0
50 198 0
45 200 0
40 203 0
35 205 0
30 204 0
25 205 0
20 207 0
15 208 0
10 207 0
8 204 0
13 202 0
18 200 0
23 197 0
28 194 0
33 192 0
38 189 0
43 186 0
48 184 0
52 182 0
54 178 0
59 176 0
64 174 0
69 172 0
74 169 0
79 166 0
84 164 0
89 161 0
94 158 0
99 156 0
104 153 0
109 151 0
114 149 0
119 146 0
124 143 0
129 141 0
134 138 0
139 136 0
144 133 0
149 131 0
154 128 0
159 125 0
164 123 0
169 120 0
174 117 0
179 115 0
184 112 0
189 109 0
194 106 0
199 103 0
204 103 0
209 103 0
214 103 0
219 102 0
224 102 0
229 102 0
234 101 0
238 98 0
241 93 0
240 90 0
239 85 0
237 80 0
233 76 0
230 73 0
229 71 0
226 66 0
223 62 0
222 57 0
223 52 0
219 51 0
217 48 0
214 45 0
219 46 0
224 45 0
227 41 0
231 38 0
236 35 0
239 32 0
241 29 0
246 31 0
251 30 0
256 30 0
261 30 0
266 31 0
269 32 0
274 35 0
279 34 0
282 33 0
278 37 0
283 40 0
287 44 0
292 46 0
297 46 0
296 48 0
291 49 0
291 54 0
290 59 0
295 62 0
293 62 0
288 63 0
286 67 0
282 72 0
279 74 0
276 78 0
273 82 0
272 87 0
271 90 0
271 95 0
275 99 0
280 101 0
285 102 0
290 102 0
295 102 0
300 103 0
305 103 0
310 103 0
315 104 0
320 106 0
325 109 0
330 112 0
335 115 0
340 118 0
345 121 0
350 123 0
355 126 0
360 129 0
365 132 0
370 135 0
375 137 0
380 139 0
385 141 0
390 144 0
395 147 0
400 149 0
405 152 0
410 155 0
415 157 0
420 159 0
425 161 0
430 164 0
435 166 0
440 169 0
445 171 0
450 172 0
455 175 0
460 178 0
461 181 0
466 184 0
471 186 0
476 187 0
481 189 0
486 192 0
491 195 0
496 198 0
500 201 0
505 203 0
507 206 0
502 207 0
497 207 0
492 205 0
487 203 0
482 205 0
477 203 0
472 201 0
467 199 0
462 197 0
457 193 0
452 192 0
449 197 0
444 197 0
439 194 0
434 191 0
429 188 0
424 185 0
419 183 0
414 180 0
409 178 0
404 175 0
399 173 0
394 171 0
389 168 0
384 165 0
379 163 0
374 160 0
369 159 0
364 157 0
359 154 0
354 151 0
349 150 0
344 147 0
339 145 0
334 142 0
329 140 0
324 137 0
319 135 0
314 134 0
309 133 0
306 136 0
306 141 0
305 146 0
305 151 0
304 156 0
304 161 0
303 166 0
303 171 0
302 176 0
302 181 0
302 186 0
303 191 0
304 196 0
305 201 0
306 206 0
307 211 0
308 216 0
310 221 0
311 226 0
312 231 0
315 236 0
316 241 0
318 246 0
319 251 0
317 254 0
312 254 0
307 254 0
303 256 0
304 261 0
304 266 0
304 271 0
304 276 0
303 281 0
303 286 0
302 291 0
302 296 0
302 301 0
302 306 0
301 311 0
301 316 0
301 321 0
300 326 0
300 331 0
300 336 0
300 341 0
301 346 0
301 351 0
301 356 0
301 361 0
301 366 0
300 371 0
300 376 0
300 381 0
300 386 0
300 391 0
299 396 0
299 401 0
299 406 0
299 411 0
299 416 0
299 421 0
299 426 0
299 431 0
298 436 0
299 441 0
299 446 0
299 451 0
300 456 0
300 461 0
297 464 0
295 467 0
296 472 0
297 477 0
301 482 0
301 487 0
300 492 0
297 495 0
292 497 0
287 497 0
282 497 0
277 497 0
272 496 0
269 491 0
268 486 0
268 481 0
269 476 0
270 471 0
271 466 0
269 462 0
269 457 0
269 452 0
269 447 0
269 442 0
269 437 0
269 432 0
269 427 0
269 422 0
269 417 0
268 412 0
268 407 0
268 402 0
268 397 0
267 392 0
267 387 0
267 382 0
267 377 0
267 372 0
266 367 0
266 362 0
265 357 0
265 352 0
265 347 0
264 342 0
266 337 0
266 332 0
265 327 0
265 322 0
264 317 0
264 312 0
264 307 0
263 302 0
263 297 0
262 292 0
262 287 0
261 282 0
261 277 0
261 272 0
260 267 0
260 262 0
257 258 0
253 260 0
252 265 0
251 270 0
251 275 0
250 280 0
250 285 0
250 290 0
249 295 0
249 300 0
248 305 0
248 310 0
247 315 0
247 320 0
247 325 0
246 330 0
246 335 0
247 340 0
247 345 0
247 350 0
246 355 0
246 360 0
246 365 0
245 370 0
245 375 0
245 380 0
244 385 0
244 390 0
244 395 0
244 400 0
244 405 0
243 410 0
243 415 0
243 420 0
243 425 0
242 430 0
242 435 0
242 440 0
242 445 0
242 450 0
243 455 0
243 460 0
241 464 0
238 467 0
240 472 0
241 477 0
242 482 0
241 487 0
240 492 0
238 497 0
233 497 0
228 497 0
224 497 0
238.667 226.333 0
254.833 58.1667 0
255.479 174.5 0
230.67 251.866 0
229.071 276.5 0
281.971 265.206 0
281.978 290.604 0
230.426 203.47 0
270.615 210.477 0
232.172 174.5 0
263.029 136.178 0
278.926 168.5 0
270.299 118.003 0
284.524 138.5 0
233.975 133.805 0
283.332 458.537 0
203.045 117.985 0
227.538 482 0
282.448 343.695 0
246.184 45.9596 0
271.337 59.3368 0
280.058 52.5768 0
68.7124 184.913 0
228.98 456.2 0
443.963 183.012 0
282.888 471.425 0
218.692 125.54 0
260.827 44.752 0
239.763 59.6771 0
78.0777 179.19 0
434.062 178.246 0
286.064 484.032 0
209.059 125.511 0
253.007 39.3121 0
271.621 45.7671 0
263.425 53.959 0
248.531 71.2184 0
235.127 49.1457 0
87.9 174.27 0
424.234 173.346 0
239.37 69.0767 0
262.3 69.8202 0
97.3294 168.527 0
414.41 168.448 0
271.48 68.5962 0
256.8 84.1565 0
404.767 164.163 0
264.334 78.8235 0
247.723 80.8463 0
395.127 158.863 0
385.271 153.947 0
375.372 149.035 0
365.177 144.892 0
354.939 139.438 0
191.376 121.823 0
227.516 470.836 0
220.653 140.175 0
224.997 132.144 0
235.574 154.263 0
230.83 144.342 0
221.705 154.801 0
228.989 163.561 0
220.732 171.896 0
223.502 186.156 0
215.399 147.904 0
217.335 163.127 0
240.197 189.521 0
219.728 197.706 0
232.643 183.903 0
214.279 114.7 0
227.814 115.508 0
107.216 163.578 0
255.567 100.49 0
245.104 114.307 0
236.153 110.49 0
344.017 133.759 0
180.705 126.555 0
170.905 131.578 0
243.825 177.929 0
241.526 165.459 0
253.655 151.831 0
244.058 142.552 0
245.066 156.398 0
254.189 163.196 0
247.384 128.534 0
254.286 141.576 0
268.491 156.83 0
263.702 147.048 0
273.382 140.993 0
272.47 129.413 0
288.619 120.428 0
279.057 122.248 0
237.404 122.837 0
257.186 119.667 0
254.126 110.269 0
256.801 129.093 0
266.574 169.045 0
273.654 189.267 0
273.161 178.089 0
287.515 180.192 0
283.573 153.845 0
291.086 168.568 0
276.915 159.798 0
275.009 150.169 0
293.119 146.735 0
250.493 207.131 0
116.943 159.237 0
127.609 154.22 0
250.767 91.9145 0
261.498 92.7244 0
332.901 128.201 0
321.222 121.932 0
160.948 136.898 0
294.567 131.276 0
287.979 196.023 0
282.889 188.25 0
292.807 187.959 0
277.074 200.58 0
289.137 214.12 0
280.37 209.787 0
293.453 158.081 0
241.3 200.691 0
239.225 213.434 0
138.322 149.073 0
148.335 143.571 0
306.589 118.055 0
298.012 122.332 0
315.396 114.366 0
312.646 124.745 0
294.686 204.68 0
274.933 237.426 0
276.429 223.366 0
257.834 228.498 0
249.051 220.322 0
259.558 214.796 0
268.142 229.594 0
284.064 443.424 0
278.242 450.716 0
289.478 451.261 0
282.506 326.2 0
289.085 334.969 0
276.43 334.927 0
227.45 441.638 0
222.372 449.533 0
227.59 426.899 0
232.9 434.319 0
222.129 434.217 0
265.826 106.813 0
256.94 191.27 0
249.035 185.924 0
265.181 199.874 0
263.104 182.284 0
272.56 252.808 0
270.957 263.795 0
261.059 243.16 0
288.515 247.395 0
263.586 251.826 0
246.991 238.568 0
279.128 245.947 0
289.466 231.862 0
251.523 248.527 0
240.658 247.46 0
230.417 237.768 0
240.285 260.139 0
228.514 264.095 0
219.071 270.734 0
219.581 256.216 0
215.684 241.521 0
285.919 223.054 0
298.066 223.28 0
301.075 240.369 0
220.724 222.083 0
220.059 209.901 0
230.804 219.531 0
239.567 271.67 0
224.396 244.927 0
205.896 243.97 0
302.748 231.265 0
297.514 248.741 0
291.71 258.831 0
282.441 255.297 0
221.255 232.593 0
211.676 227.807 0
284.06 428.307 0
278.385 435.867 0
288.982 435.864 0
283.795 412.977 0
289.521 420.545 0
278.379 420.738 0
227.969 411.769 0
233.517 419.478 0
222.326 419.197 0
283.53 397.442 0
277.667 405.312 0
289.389 405.112 0
283.483 380.925 0
289.788 389.165 0
277.172 389.202 0
275.312 277.907 0
289.408 277.201 0
272.199 287.64 0
294.314 268.486 0
292.055 287.43 0
283.491 361.174 0
289.883 352.022 0
278.173 371.047 0
289.086 370.555 0
276.102 352.844 0
281.75 308.409 0
274.379 299.411 0
290.011 299.611 0
289.487 316.992 0
275.314 317.594 0
227.962 395.715 0
221.999 403.745 0
234.023 403.739 0
228.509 379.214 0
234.129 387.66 0
222.125 387.262 0
227.954 361.141 0
221.934 370.371 0
234.178 369.995 0
229.264 343.379 0
221.922 351.767 0
235.164 352.743 0
229.102 326.019 0
235.355 334.642 0
222.767 334.759 0
228.991 306.915 0
235.539 316.429 0
222.379 316.506 0
224.656 291.696 0
220.235 301.182 0
219.695 282.015 0
236.982 287.038 0
233.821 297.312 0
