890
307 506 0
305 502 0
303 497 0
302 493 0
302 488 0
302 483 0
302 478 0
299 474 0
299 469 0
301 465 0
298 461 0
295 456 0
293 453 0
294 449 0
292 445 0
291 441 0
292 436 0
291 431 0
291 426 0
290 421 0
289 416 0
288 411 0
288 406 0
285 404 0
283 408 0
279 407 0
274 409 0
269 411 0
265 410 0
265 405 0
265 400 0
266 395 0
266 390 0
266 385 0
266 380 0
263 377 0
263 372 0
263 367 0
265 363 0
263 359 0
265 355 0
265 350 0
265 345 0
265 340 0
265 335 0
265 330 0
263 327 0
263 322 0
262 317 0
261 312 0
260 307 0
260 302 0
259 297 0
258 292 0
258 287 0
255 283 0
250 284 0
250 289 0
249 294 0
247 298 0
246 303 0
245 308 0
244 313 0
243 318 0
242 323 0
240 327 0
239 332 0
238 337 0
238 342 0
238 347 0
238 352 0
238 357 0
238 362 0
238 367 0
238 372 0
238 377 0
236 380 0
236 385 0
236 390 0
236 395 0
237 400 0
237 405 0
236 410 0
232 410 0
227 407 0
222 406 0
218 403 0
215 405 0
215 410 0
215 415 0
212 419 0
211 424 0
210 429 0
210 434 0
209 439 0
209 444 0
208 449 0
208 454 0
203 457 0
202 462 0
201 466 0
201 471 0
200 476 0
199 481 0
199 486 0
199 491 0
198 496 0
194 498 0
194 503 0
189 504 0
184 504 0
179 504 0
174 504 0
169 504 0
164 503 0
162 499 0
164 494 0
166 489 0
169 485 0
172 480 0
175 475 0
177 471 0
178 466 0
179 461 0
178 456 0
175 452 0
175 447 0
177 443 0
178 438 0
179 433 0
179 428 0
179 423 0
179 418 0
179 413 0
179 408 0
179 403 0
179 398 0
179 393 0
179 388 0
178 383 0
177 378 0
177 373 0
175 369 0
174 364 0
174 359 0
174 354 0
175 349 0
177 345 0
178 340 0
179 335 0
179 330 0
180 325 0
181 320 0
183 316 0
185 311 0
186 306 0
187 301 0
188 296 0
187 291 0
188 286 0
188 281 0
189 276 0
190 271 0
192 267 0
193 262 0
193 257 0
194 252 0
191 249 0
192 246 0
192 241 0
192 236 0
193 231 0
196 227 0
199 223 0
201 219 0
199 215 0
201 210 0
203 205 0
203 200 0
205 197 0
209 194 0
208 189 0
208 184 0
208 179 0
207 174 0
208 169 0
206 164 0
206 159 0
203 155 0
201 150 0
197 148 0
192 148 0
187 146 0
182 145 0
177 144 0
172 144 0
167 146 0
162 146 0
158 149 0
154 152 0
149 153 0
144 154 0
139 155 0
134 156 0
129 157 0
124 159 0
120 161 0
115 163 0
110 167 0
107 169 0
103 171 0
98 173 0
93 174 0
88 174 0
83 175 0
78 174 0
73 175 0
68 176 0
63 177 0
58 178 0
55 175 0
57 172 0
52 172 0
47 173 0
43 175 0
38 177 0
34 176 0
33 172 0
29 175 0
26 180 0
22 180 0
18 183 0
13 185 0
8 185 0
9 182 0
11 177 0
14 172 0
17 169 0
21 165 0
26 163 0
29 159 0
32 157 0
36 154 0
41 152 0
46 152 0
51 150 0
55 148 0
60 146 0
65 145 0
70 142 0
74 143 0
79 141 0
83 138 0
88 135 0
93 133 0
98 132 0
103 131 0
107 130 0
110 127 0
115 123 0
120 122 0
123 126 0
128 125 0
133 124 0
138 121 0
143 119 0
143 116 0
149 114 0
154 113 0
159 108 0
161 104 0
164 103 0
167 105 0
172 104 0
177 101 0
179 96 0
179 92 0
184 92 0
189 91 0
194 89 0
199 87 0
201 82 0
203 78 0
207 78 0
210 73 0
213 71 0
217 71 0
220 67 0
222 62 0
223 57 0
224 52 0
225 47 0
226 42 0
228 38 0
229 33 0
231 28 0
233 23 0
235 19 0
240 14 0
245 11 0
249 9 0
254 7 0
259 7 0
264 8 0
268 11 0
273 14 0
278 18 0
281 23 0
282 28 0
284 33 0
286 37 0
287 42 0
287 47 0
289 52 0
289 57 0
291 62 0
292 67 0
294 71 0
296 76 0
297 81 0
300 85 0
302 89 0
307 91 0
312 93 0
317 94 0
322 95 0
326 98 0
331 99 0
336 101 0
341 103 0
346 106 0
350 109 0
355 112 0
360 115 0
363 119 0
368 121 0
373 122 0
378 125 0
383 126 0
387 125 0
384 121 0
387 117 0
391 118 0
393 122 0
398 125 0
403 127 0
407 131 0
412 131 0
417 133 0
422 134 0
427 136 0
431 140 0
436 142 0
441 142 0
446 145 0
451 146 0
456 148 0
460 151 0
465 152 0
470 153 0
475 157 0
479 159 0
483 163 0
488 166 0
493 168 0
496 172 0
500 176 0
502 181 0
501 185 0
496 185 0
491 182 0
488 180 0
485 182 0
483 177 0
479 174 0
477 177 0
472 178 0
468 175 0
463 173 0
458 171 0
453 171 0
455 174 0
457 178 0
452 178 0
447 177 0
442 176 0
437 175 0
432 174 0
427 175 0
422 174 0
417 174 0
412 172 0
407 171 0
403 169 0
398 168 0
394 165 0
390 166 0
388 161 0
384 159 0
379 158 0
374 156 0
369 154 0
364 152 0
359 150 0
355 148 0
350 148 0
345 147 0
340 147 0
335 147 0
330 147 0
325 147 0
320 148 0
316 151 0
312 153 0
311 158 0
310 162 0
310 167 0
309 172 0
306 176 0
308 180 0
309 185 0
308 190 0
310 195 0
313 200 0
315 204 0
317 209 0
318 214 0
317 219 0
312 220 0
312 225 0
311 230 0
312 235 0
315 239 0
318 242 0
320 247 0
322 251 0
323 253 0
324 258 0
325 262 0
323 265 0
324 270 0
323 273 0
319 274 0
320 279 0
322 283 0
324 288 0
325 293 0
326 298 0
326 303 0
324 301 0
324 306 0
324 311 0
325 316 0
326 321 0
327 326 0
328 331 0
330 335 0
331 340 0
332 345 0
333 349 0
334 354 0
335 359 0
335 364 0
337 368 0
336 372 0
338 376 0
338 381 0
338 386 0
338 391 0
338 396 0
336 392 0
335 387 0
334 382 0
332 377 0
329 374 0
327 379 0
326 384 0
325 389 0
324 394 0
326 399 0
326 404 0
325 409 0
325 414 0
325 419 0
325 424 0
324 429 0
324 434 0
324 439 0
324 444 0
325 449 0
326 454 0
324 459 0
321 463 0
323 466 0
324 471 0
325 476 0
326 481 0
330 485 0
333 490 0
334 495 0
336 500 0
337 504 0
332 506 0
327 506 0
322 506 0
317 506 0
312 506 0
308 506 0
214.48 118.04 0
239.656 240.828 0
256 87.5 0
299.291 355.302 0
258.973 147.118 0
284.775 153.569 0
97.6635 151.909 0
256.5 35.3 0
189.221 121.895 0
207.921 343.384 0
222.467 270.493 0
213.902 314.18 0
284.917 263.687 0
308.893 121.534 0
332.5 124.354 0
292.943 313.411 0
248.125 261.624 0
216.208 239.031 0
268.758 208.597 0
235.456 81.7172 0
268.62 68.052 0
302.68 293.628 0
288.957 200.517 0
244.37 181.5 0
246.634 59.1267 0
280.439 290.112 0
400.898 148.152 0
309.5 450.357 0
282.112 359 0
72.8136 158.911 0
192.694 444.996 0
197 409 0
312.083 341.306 0
199.111 326.37 0
211.587 369.647 0
193.043 355.348 0
230.927 287.642 0
301.38 253.075 0
279.257 322.186 0
224.608 372.902 0
163.627 128.136 0
146.777 135.873 0
436.554 158.319 0
306.875 402.625 0
226.285 141.842 0
294.589 165.54 0
256.61 21.0493 0
315.886 108.632 0
348.727 127.241 0
204.285 236.071 0
274.56 54.6881 0
226.615 174 0
392.5 137.446 0
417.634 150.298 0
209.303 291 0
309.29 264.295 0
182.336 489.893 0
311.672 470.718 0
218.772 96.5197 0
230.925 213.095 0
215.657 214.5 0
65.3933 166.043 0
55.2599 160.656 0
184.213 448.984 0
214.312 386.416 0
221.701 356.864 0
443.962 165.717 0
453.414 159.92 0
207.325 249.319 0
310.239 460.574 0
210.244 88.9392 0
212.907 226.833 0
190.613 458.899 0
216.555 377.445 0
222.42 83.8281 0
203.841 104.73 0
228.763 229.087 0
227.598 74.4953 0
239.357 69.5867 0
221.638 222.307 0
234.766 58.6316 0
254.162 72.1251 0
241.276 45.0717 0
40.6059 164.018 0
292.826 185.025 0
298.37 152.432 0
268.281 28.265 0
245.306 28.0879 0
247.163 37.4987 0
254.682 48.5033 0
267.142 43.4923 0
259.022 60.1519 0
265.182 52.8457 0
321.073 119.79 0
327.419 110.055 0
322.217 133.513 0
297.417 106.968 0
279.809 65.0231 0
278.773 83.3755 0
276.242 74.0271 0
266.696 81.6278 0
401.788 138.807 0
389.271 148.626 0
311.893 254.061 0
304.64 278.659 0
297.091 264.497 0
314.045 482.535 0
222.12 201.07 0
63.5865 155.255 0
223.15 254.004 0
189.002 470.79 0
190.178 104.613 0
246.799 80.8027 0
233.574 49.7168 0
298.099 194.571 0
272.284 188.123 0
295.97 175.487 0
279.288 172.734 0
289.841 132.286 0
305.81 137.725 0
274.409 36.3796 0
338.082 114.318 0
346.846 117.945 0
333.399 135.716 0
306.293 111.779 0
311.727 287.199 0
312.937 298.481 0
303.055 306.1 0
313.363 309.252 0
292.692 284.708 0
281.869 276.763 0
295.104 274.649 0
270.094 282.253 0
269.703 293.505 0
279.445 305.651 0
291.358 300.21 0
269.801 303.406 0
212.949 204.927 0
239.064 197.9 0
216.296 248.086 0
188.464 481.317 0
197.066 98.0251 0
196.932 113.655 0
180.858 112.765 0
176.465 125.184 0
167.809 116.932 0
185.378 133.375 0
171.734 133.999 0
283.2 190.85 0
277.38 200.863 0
284.45 163.844 0
268.428 160.483 0
290.8 143.758 0
274.356 140.416 0
315.096 139.837 0
305.433 146.769 0
277.483 45.5093 0
261.872 268.996 0
273.772 267.982 0
268.994 238.977 0
274.392 252.984 0
283.643 313.967 0
272.34 313.898 0
231.352 203.547 0
262.313 277.901 0
251.177 272.436 0
236.878 270.636 0
260.511 255.031 0
287.931 239.723 0
229.752 262.536 0
234.868 251.757 0
227.763 242.131 0
229.603 277.634 0
219.302 284.088 0
205.821 275.273 0
268.372 260.247 0
249.353 249.002 0
253.936 233.726 0
259.22 244.08 0
286.401 251.702 0
278.302 243.433 0
215.017 275.925 0
242.033 227.7 0
234.703 221.748 0
248.71 211.987 0
252.051 222.682 0
259.446 214.502 0
271.848 223.764 0
261.759 226.708 0
279.484 232.152 0
283.58 214.479 0
274.681 215.288 0
298.749 212.304 0
290.556 209.149 0
303.374 203.256 0
292.953 225.861 0
283.807 223.843 0
302.117 221.761 0
299.729 236.156 0
295.983 245.062 0
306.156 244.069 0
118.662 142.647 0
117.026 133.332 0
316.807 360.423 0
325.353 365.012 0
84.542 152.938 0
90.5034 144.785 0
91.8717 162.224 0
81.6948 164.294 0
295.371 332.259 0
152.339 125.769 0
157.296 136.565 0
295.653 380.154 0
428.614 150.725 0
425.133 162.313 0
413.974 160.93 0
403.662 158.404 0
173.896 494.422 0
224.289 392.9 0
226.082 382.927 0
203.582 396.118 0
212.744 395.467 0
205.618 405.28 0
191.363 397.997 0
195.043 381.266 0
188.704 388.642 0
204.12 385.928 0
228.434 363.926 0
208.369 356.709 0
201.217 350.28 0
190.76 342.54 0
445.414 154.593 0
214.762 106.908 0
242.107 111.497 0
227.829 112.809 0
242.302 95.8208 0
230.443 93.0044 0
226.975 102.621 0
236.408 127.823 0
256.547 103.837 0
270.656 96.8609 0
236.576 103.589 0
224.727 124.539 0
235.539 118.362 0
247.234 103.721 0
261.206 95.5031 0
285.94 96.8745 0
272.638 118.627 0
278.302 92.2776 0
288.496 86.8651 0
295.978 97.0326 0
267.447 108.126 0
280.243 108.334 0
285.459 120.143 0
297.261 119.41 0
278.508 129.513 0
289.133 111.464 0
299.731 129.41 0
411.667 141.856 0
320.532 493.417 0
221.831 187.114 0
217.764 178.201 0
232.96 183.744 0
229.827 193.456 0
212.233 261.811 0
202.901 258.267 0
201.199 267.313 0
343.87 136.556 0
310.332 325.183 0
316.055 318.018 0
303.214 316.969 0
256.065 194.343 0
259.407 204.146 0
267.468 197.439 0
264.21 175.161 0
270.979 169.161 0
272.556 178.958 0
261.991 185.538 0
274.167 151.269 0
199.491 284.924 0
309.756 352.023 0
320.985 348.85 0
289.697 323.41 0
300.204 343.292 0
288.833 348.468 0
276.852 348.233 0
292.832 367.049 0
305.555 366.395 0
280.845 376.485 0
315.978 373.207 0
305.972 377.138 0
304.12 389.963 0
296.359 398.282 0
314.349 384.894 0
285.033 389.924 0
313.827 395.114 0
276.064 385.347 0
189.699 331.751 0
199.639 336.884 0
242.846 143.136 0
260.891 130.515 0
257.514 117.372 0
248.934 126.582 0
252.087 137.138 0
317.702 332.539 0
305.294 333.887 0
246.548 191.263 0
248.718 201.635 0
278.077 335.212 0
275.023 367.275 0
276.607 396.551 0
246.695 162.195 0
257.881 165.397 0
253.318 175.288 0
254.513 156.024 0
234.96 137.442 0
264.75 139.373 0
287.542 338.524 0
233.593 154.923 0
243.244 152.974 0
235.727 166.519 0
244.095 171.675 0
219.399 154.271 0
225.419 163.254 0
217.543 168.654 0
212.479 142.316 0
200.806 132.156 0
213.942 130.216 0
211.044 151.127 0
203.322 141.052 0
193.544 138.489 0
204.222 121.785 0
307.962 434.388 0
314.403 441.826 0
302.336 442.989 0
194.466 429.554 0
187.925 436.626 0
199.354 437.938 0
200.407 419.853 0
189.618 419.915 0
199.536 311.817 0
205.686 319.28 0
218.201 330.275 0
192.529 318.895 0
208.324 303.241 0
197.758 301.205 0
221.484 298.134 0
233.893 299.807 0
226.178 310.166 0
235.492 309.05 0
222.743 320.44 0
228.762 329.187 0
232.757 318.819 0
221.41 343.377 0
228.519 349.97 0
361.766 134.628 0
353.149 138.666 0
357.786 126.451 0
376.107 140.309 0
366.822 142.807 0
371.133 131.923 0
383.649 135.127 0
379.979 148.758 0
132.59 138.723 0
138.523 131.521 0
141.085 144.277 0
127.463 147.207 0
110.072 151.607 0
103.638 142.298 0
189.919 368.625 0
200.928 365.429 0
186.426 377.4 0
184.112 360.253 0
305.787 418.562 0
300.915 427.294 0
298.89 410.086 0
314.07 411.122 0
313.903 425.51 0
339.556 134.635 0
228.423 270.222 0
120 137.155 0
390.222 133.334 0
