766
282 499 0
278 496 0
273 491 0
272 487 0
272 482 0
275 478 0
276 473 0
274 468 0
272 465 0
277 461 0
279 457 0
283 453 0
283 450 0
285 446 0
283 442 0
283 437 0
282 432 0
282 427 0
281 422 0
281 417 0
281 412 0
280 407 0
281 402 0
281 397 0
277 393 0
272 391 0
272 386 0
272 381 0
274 377 0
275 372 0
276 367 0
277 362 0
279 358 0
280 353 0
280 348 0
280 343 0
280 338 0
280 333 0
279 328 0
278 324 0
277 319 0
276 314 0
276 309 0
275 304 0
274 299 0
274 294 0
274 289 0
272 285 0
274 281 0
274 276 0
275 271 0
271 268 0
266 268 0
263 272 0
263 277 0
263 282 0
265 287 0
264 292 0
264 297 0
263 302 0
263 307 0
262 312 0
260 316 0
259 321 0
259 326 0
258 331 0
258 336 0
258 341 0
258 346 0
258 351 0
259 356 0
259 361 0
261 366 0
263 370 0
264 375 0
265 380 0
265 385 0
265 390 0
263 393 0
258 396 0
255 400 0
257 404 0
257 409 0
257 414 0
257 419 0
255 423 0
255 428 0
255 433 0
254 438 0
253 443 0
252 448 0
253 451 0
257 455 0
260 460 0
264 463 0
264 468 0
262 473 0
261 477 0
264 481 0
265 486 0
265 491 0
262 496 0
257 498 0
252 498 0
247 498 0
242 498 0
237 498 0
232 497 0
227 495 0
224 490 0
225 485 0
225 480 0
227 475 0
225 470 0
221 469 0
221 463 0
224 459 0
227 457 0
230 454 0
234 452 0
235 447 0
235 442 0
235 437 0
233 433 0
231 428 0
231 423 0
230 418 0
228 414 0
228 409 0
228 404 0
227 399 0
223 395 0
218 395 0
216 391 0
216 386 0
216 381 0
216 376 0
218 372 0
219 367 0
220 362 0
221 357 0
222 352 0
222 347 0
224 343 0
224 338 0
225 333 0
224 328 0
225 323 0
225 318 0
224 313 0
221 309 0
221 304 0
220 299 0
220 294 0
220 289 0
217 285 0
217 280 0
217 275 0
217 270 0
217 265 0
217 260 0
217 255 0
219 251 0
221 246 0
223 242 0
225 237 0
227 232 0
230 228 0
233 223 0
234 219 0
229 219 0
224 218 0
219 216 0
214 215 0
209 212 0
204 211 0
204 206 0
204 201 0
207 197 0
209 192 0
210 187 0
211 182 0
206 180 0
201 179 0
196 181 0
191 183 0
186 182 0
181 180 0
176 182 0
171 182 0
167 178 0
164 174 0
161 170 0
158 166 0
153 167 0
148 167 0
143 167 0
138 167 0
133 166 0
128 165 0
123 164 0
118 166 0
115 168 0
110 168 0
105 168 0
100 168 0
95 168 0
91 170 0
86 170 0
81 171 0
76 173 0
71 176 0
66 176 0
61 175 0
63 172 0
66 167 0
70 164 0
69 160 0
64 158 0
59 157 0
54 157 0
50 153 0
45 150 0
40 146 0
35 144 0
35 139 0
37 135 0
42 134 0
46 131 0
50 135 0
54 139 0
59 142 0
64 143 0
69 144 0
74 145 0
79 145 0
84 145 0
89 147 0
94 148 0
99 145 0
104 144 0
109 144 0
114 144 0
118 147 0
122 149 0
127 149 0
132 149 0
137 147 0
142 147 0
147 147 0
152 146 0
157 143 0
162 141 0
167 141 0
172 142 0
177 140 0
182 137 0
187 135 0
191 138 0
193 137 0
199 136 0
204 136 0
208 135 0
211 130 0
215 128 0
220 128 0
225 127 0
230 127 0
235 126 0
240 125 0
245 122 0
249 120 0
247 116 0
242 113 0
237 113 0
232 114 0
227 114 0
222 114 0
217 113 0
212 110 0
207 108 0
202 106 0
199 102 0
198 97 0
200 92 0
203 88 0
207 84 0
211 81 0
214 77 0
215 72 0
216 67 0
217 62 0
219 58 0
221 53 0
226 49 0
231 46 0
236 45 0
241 43 0
246 43 0
251 42 0
256 41 0
261 41 0
266 40 0
271 40 0
276 40 0
281 41 0
286 42 0
291 43 0
296 44 0
301 46 0
306 49 0
309 53 0
312 57 0
313 62 0
314 67 0
314 72 0
314 77 0
316 82 0
318 86 0
321 91 0
325 95 0
329 99 0
327 103 0
327 108 0
322 111 0
317 113 0
312 114 0
307 113 0
302 112 0
297 111 0
292 114 0
287 116 0
286 120 0
291 122 0
296 123 0
301 125 0
305 128 0
310 127 0
315 128 0
320 128 0
325 129 0
328 133 0
332 136 0
337 135 0
342 137 0
347 139 0
350 135 0
355 137 0
359 139 0
364 142 0
369 142 0
374 141 0
379 141 0
383 145 0
388 147 0
393 147 0
398 147 0
403 148 0
408 149 0
413 149 0
418 150 0
420 145 0
425 144 0
430 144 0
435 144 0
440 146 0
445 147 0
450 147 0
455 145 0
460 145 0
465 145 0
470 144 0
475 144 0
480 142 0
484 137 0
489 133 0
494 132 0
499 134 0
502 138 0
502 143 0
499 147 0
494 149 0
489 153 0
484 156 0
479 157 0
474 158 0
469 159 0
466 163 0
471 166 0
474 170 0
477 174 0
473 176 0
468 176 0
463 175 0
459 172 0
454 171 0
449 171 0
444 170 0
440 168 0
435 168 0
430 169 0
425 169 0
420 169 0
416 166 0
411 164 0
406 166 0
401 167 0
396 167 0
391 167 0
386 167 0
381 166 0
377 168 0
375 173 0
372 177 0
369 182 0
364 182 0
359 181 0
354 181 0
349 183 0
344 182 0
339 180 0
334 180 0
329 181 0
328 185 0
329 189 0
329 194 0
332 199 0
332 202 0
333 207 0
334 211 0
329 213 0
324 215 0
319 217 0
314 218 0
309 219 0
304 219 0
305 224 0
308 228 0
310 233 0
314 237 0
316 242 0
319 246 0
320 251 0
321 256 0
321 261 0
321 266 0
321 271 0
321 276 0
321 281 0
320 286 0
320 291 0
320 296 0
319 301 0
319 306 0
318 311 0
317 315 0
315 320 0
314 325 0
314 330 0
313 335 0
314 340 0
314 345 0
315 350 0
316 355 0
316 360 0
318 364 0
319 369 0
319 374 0
321 379 0
321 384 0
321 389 0
318 394 0
313 396 0
310 400 0
310 405 0
310 410 0
308 415 0
308 420 0
307 425 0
305 429 0
304 434 0
303 439 0
303 444 0
303 449 0
305 454 0
309 457 0
314 461 0
316 465 0
314 470 0
310 473 0
309 478 0
310 483 0
313 487 0
312 492 0
309 495 0
304 497 0
299 499 0
294 499 0
289 499 0
284 499 0
283 499 0
244.364 255.182 0
255.734 78.6705 0
230.2 91.9975 0
181.981 159.702 0
245.094 163.469 0
286.967 172.617 0
217.71 157.976 0
241.932 291.5 0
240.175 373.835 0
327.054 158.27 0
297.5 278.5 0
296.98 302.204 0
288.73 248.527 0
264.121 228.655 0
296.73 378.946 0
273.892 63.5408 0
279.657 90.392 0
278.317 146.458 0
284.467 225.507 0
293.581 69.5 0
254.376 98.0394 0
254.028 142.714 0
110.007 155.979 0
88.1866 158.59 0
242.5 410.5 0
239.994 351.276 0
230.815 258.348 0
236.994 68.998 0
303.416 192.287 0
235.331 304.223 0
228.578 379.073 0
241.258 328 0
312 100.727 0
295.138 407 0
189.83 169.798 0
253.05 288.045 0
335.797 148.528 0
310 147.526 0
318.379 139.494 0
302.226 244.683 0
243.541 56.7072 0
244.219 469.082 0
428.75 156.5 0
293 468.375 0
250.695 383.624 0
199.407 154.254 0
242.368 273.289 0
230.688 280.437 0
342.908 163.703 0
325.143 147.761 0
308.448 137.52 0
294.231 144.85 0
234.382 464.79 0
253.868 467.597 0
191.713 160.236 0
187.435 149.243 0
245.221 282.468 0
336.133 157.624 0
332.349 168.553 0
353 152.684 0
177.362 150.642 0
169.355 160.431 0
176.218 169.596 0
159.48 154.656 0
373.6 154.7 0
454.4 158.6 0
220.787 143.136 0
308.297 384.198 0
297.302 393.051 0
99.3605 157.292 0
235.131 246.243 0
250.767 239.33 0
244.351 245.957 0
239.658 234.995 0
231.103 293.956 0
249.184 303.336 0
299.742 261.574 0
292.438 235.936 0
294.815 225.858 0
232.253 58.5833 0
226.548 67.4669 0
230.124 79.4717 0
242.971 80.4089 0
221.006 85.7901 0
218.919 98.7937 0
250.51 88.0363 0
241.75 97.1713 0
229.191 103.085 0
249.495 67.7681 0
258.507 55.7847 0
439.742 157 0
251.465 372.249 0
244.342 362.522 0
232.124 364.445 0
249.045 354.24 0
239.229 263.779 0
299.587 161.084 0
285.144 134.481 0
345.022 148.025 0
357.134 166.602 0
149.515 156.899 0
383.655 156.189 0
393.753 157.112 0
363.425 152.413 0
461.839 153.71 0
210.076 148.653 0
232.874 153.382 0
290.133 399.081 0
287.167 386.398 0
286.003 375.042 0
255.109 296.7 0
242.973 314.945 0
234.67 320.495 0
251.692 312.144 0
249.307 322.418 0
297.176 252.569 0
208.609 97.7649 0
250.707 51.096 0
231.129 354.914 0
287.332 156.126 0
291.091 164.459 0
301.205 151.549 0
268.013 132.65 0
295.802 134.306 0
348.569 172.278 0
367.343 163.384 0
139.336 156.908 0
229.577 169.822 0
224.041 151.55 0
233.897 139.923 0
245.006 151.13 0
276.179 137.305 0
226.818 160.718 0
78.3047 155.37 0
241.119 396.166 0
238.282 385.1 0
249.526 392.658 0
243 422.5 0
244.564 432.82 0
296.342 93.9518 0
302.134 102.047 0
307.257 90.2089 0
298.126 81.3686 0
289.205 86.5219 0
279.533 76.3741 0
303.579 72.4758 0
301.438 61.3875 0
288.407 56.6283 0
268.209 83.4834 0
267.859 97.0017 0
265.5 71.9305 0
283.615 66.9233 0
288.701 77.319 0
279.668 104.246 0
262.201 111.593 0
258.682 65.2964 0
286.903 97.3129 0
252.899 107.928 0
270.265 106.327 0
260.447 123.408 0
272.892 119.218 0
257.839 133.261 0
246.566 134.212 0
242.626 142.38 0
247.752 483.335 0
236.533 486.314 0
237.043 476.211 0
243.827 457.718 0
293.846 456.885 0
302.936 465.41 0
206.517 166.15 0
217.759 169.793 0
252.22 265.211 0
262.132 251.673 0
253.742 255.927 0
252.807 275.497 0
228.297 269.378 0
249.479 222.523 0
254.712 230.575 0
241.339 226.216 0
248.069 192.946 0
244.659 207.931 0
242.668 216.68 0
228.44 196.36 0
268.129 205.391 0
232.895 207.269 0
238.915 198.447 0
260.774 216.101 0
256.225 205.097 0
274.007 217.309 0
287.423 203.283 0
290.006 214.935 0
278.16 207.852 0
288.278 268.667 0
285.801 280.231 0
293.264 290.265 0
306.683 288.452 0
285.69 299.17 0
309.213 276.904 0
308.824 254.282 0
270.028 52.0674 0
280.043 51.023 0
313.451 160.955 0
320.023 171.911 0
317.492 152.759 0
314.421 184.3 0
315.889 197.899 0
301.095 177.515 0
309.409 170.828 0
322.612 205.184 0
304.918 205.617 0
296.793 199.783 0
287.034 187.952 0
276.005 194.963 0
313.843 208.593 0
292.23 180.262 0
262.156 192.303 0
254.418 177.417 0
271.876 179.075 0
278.024 185.958 0
271.32 162.021 0
278.088 155.71 0
257.901 157.208 0
254.84 186.652 0
265.747 147.347 0
261.518 168.236 0
262.322 240.095 0
275.727 236.342 0
284.185 240.347 0
275.482 250.534 0
283.462 258.484 0
269.42 258.286 0
273.605 226.94 0
307.88 299.596 0
309.938 265.866 0
239.883 180.537 0
226.611 182.988 0
239.106 170.97 0
219.695 190.745 0
217.923 203.125 0
277.078 170.369 0
245.436 339.899 0
234.767 341.786 0
294.355 420.425 0
293.136 431.505 0
293.513 441.247 0
294.65 483.65 0
283.409 485.894 0
299.681 475.38 0
302.526 488.083 0
285.913 475.88 0
296.108 320.607 0
288.556 311.027 0
304.944 311.803 0
296.562 337.183 0
289.801 329.074 0
286.613 320.227 0
303.268 328.705 0
297.806 355.064 0
295.038 366.905 0
288.82 359.208 0
305.397 363.082 0
306.066 373.747 0
290.875 346.562 0
303.213 345.704 0
