708
181 505 0
176 503 0
171 500 0
168 497 0
171 492 0
175 489 0
180 488 0
185 486 0
190 482 0
195 479 0
200 477 0
205 474 0
209 471 0
214 468 0
218 464 0
219 459 0
220 454 0
221 449 0
221 444 0
221 439 0
221 434 0
221 429 0
219 424 0
218 419 0
217 414 0
217 409 0
217 404 0
217 399 0
217 394 0
217 389 0
217 384 0
218 379 0
218 374 0
217 369 0
216 364 0
213 359 0
213 354 0
215 349 0
217 344 0
218 339 0
219 334 0
220 329 0
219 324 0
219 319 0
220 314 0
221 309 0
221 304 0
221 299 0
223 294 0
222 289 0
222 284 0
223 279 0
222 274 0
222 269 0
223 264 0
223 259 0
223 254 0
222 249 0
222 244 0
222 239 0
222 234 0
222 229 0
223 224 0
222 219 0
222 214 0
221 209 0
221 204 0
221 199 0
222 194 0
222 189 0
221 184 0
221 179 0
221 174 0
218 169 0
214 167 0
209 166 0
204 165 0
199 163 0
194 162 0
189 162 0
184 162 0
179 162 0
174 161 0
169 161 0
164 160 0
159 160 0
154 160 0
149 162 0
144 162 0
139 163 0
134 163 0
129 163 0
124 163 0
119 162 0
114 162 0
109 162 0
104 161 0
99 160 0
94 160 0
89 159 0
84 158 0
79 158 0
74 158 0
69 159 0
64 160 0
59 160 0
54 160 0
49 160 0
44 160 0
39 162 0
34 162 0
32 159 0
30 155 0
25 156 0
20 157 0
20 153 0
23 149 0
19 146 0
15 144 0
16 139 0
20 137 0
24 134 0
22 129 0
25 126 0
30 126 0
35 129 0
40 131 0
45 131 0
50 132 0
55 132 0
60 131 0
62 127 0
62 122 0
63 117 0
66 114 0
71 113 0
72 117 0
72 122 0
72 127 0
73 132 0
75 137 0
80 139 0
85 139 0
90 140 0
95 140 0
100 140 0
105 140 0
110 141 0
115 141 0
120 142 0
125 142 0
130 142 0
135 142 0
140 141 0
145 139 0
150 137 0
155 135 0
160 133 0
165 131 0
170 130 0
175 127 0
180 126 0
185 124 0
190 124 0
195 122 0
196 117 0
201 115 0
206 114 0
211 113 0
216 113 0
221 112 0
226 109 0
231 107 0
236 105 0
241 103 0
244 99 0
244 94 0
243 89 0
241 84 0
239 80 0
237 75 0
234 71 0
231 66 0
228 61 0
227 57 0
226 52 0
231 49 0
230 44 0
230 39 0
231 34 0
233 29 0
235 24 0
239 19 0
243 15 0
248 12 0
253 10 0
258 10 0
263 11 0
268 13 0
273 15 0
277 18 0
280 22 0
283 27 0
286 31 0
286 36 0
287 41 0
287 46 0
289 51 0
290 56 0
290 61 0
287 66 0
285 71 0
282 75 0
280 80 0
278 85 0
275 90 0
274 95 0
274 100 0
278 102 0
283 105 0
288 107 0
293 109 0
298 111 0
303 111 0
308 112 0
313 113 0
318 114 0
322 117 0
323 122 0
328 122 0
333 122 0
338 123 0
343 124 0
348 127 0
353 131 0
358 132 0
363 135 0
368 137 0
373 139 0
378 141 0
383 143 0
388 143 0
393 142 0
398 141 0
403 140 0
408 141 0
413 140 0
418 140 0
423 141 0
428 141 0
433 140 0
438 140 0
443 138 0
446 133 0
446 128 0
446 123 0
446 118 0
444 113 0
447 109 0
452 110 0
456 114 0
458 118 0
458 123 0
459 128 0
464 131 0
469 130 0
474 128 0
479 126 0
484 126 0
489 125 0
494 125 0
498 127 0
497 132 0
497 136 0
502 136 0
506 139 0
504 144 0
499 146 0
494 146 0
495 149 0
498 152 0
496 156 0
491 157 0
486 157 0
486 159 0
487 164 0
482 166 0
477 165 0
472 162 0
467 161 0
462 161 0
457 161 0
452 160 0
447 159 0
442 159 0
437 160 0
432 160 0
427 160 0
422 160 0
417 161 0
412 162 0
407 163 0
402 164 0
397 164 0
392 164 0
387 163 0
382 164 0
377 163 0
372 163 0
367 162 0
362 161 0
357 160 0
352 161 0
347 162 0
342 164 0
337 164 0
332 164 0
327 164 0
322 163 0
317 161 0
312 160 0
307 161 0
302 164 0
298 169 0
295 174 0
295 179 0
295 184 0
295 189 0
295 194 0
295 199 0
295 204 0
295 209 0
295 214 0
295 219 0
295 224 0
295 229 0
294 234 0
295 239 0
295 244 0
295 249 0
295 254 0
295 259 0
295 264 0
295 269 0
296 274 0
294 279 0
295 284 0
294 289 0
294 294 0
295 299 0
295 304 0
296 309 0
297 314 0
299 319 0
299 324 0
300 329 0
302 334 0
302 339 0
301 344 0
303 349 0
304 354 0
304 359 0
302 364 0
300 369 0
300 374 0
299 379 0
299 384 0
299 389 0
300 394 0
300 399 0
301 404 0
301 409 0
301 414 0
301 419 0
301 424 0
301 429 0
301 434 0
302 439 0
302 444 0
302 449 0
302 454 0
300 459 0
300 464 0
302 469 0
307 472 0
311 475 0
316 477 0
321 480 0
325 483 0
330 486 0
335 489 0
340 491 0
345 493 0
348 496 0
348 501 0
343 505 0
338 505 0
333 505 0
328 505 0
323 505 0
318 505 0
313 501 0
309 498 0
304 494 0
300 490 0
295 490 0
290 490 0
285 490 0
280 488 0
277 484 0
274 479 0
271 475 0
271 470 0
274 465 0
274 460 0
277 455 0
276 450 0
276 445 0
276 440 0
276 435 0
276 430 0
276 425 0
276 420 0
275 415 0
274 410 0
274 405 0
274 400 0
274 395 0
274 390 0
274 385 0
274 380 0
274 375 0
274 370 0
274 365 0
274 360 0
274 355 0
274 350 0
272 345 0
271 340 0
270 335 0
270 330 0
270 325 0
269 320 0
269 315 0
268 310 0
265 305 0
264 300 0
261 295 0
259 290 0
255 294 0
251 299 0
251 304 0
250 309 0
250 314 0
248 319 0
247 324 0
247 329 0
247 334 0
246 339 0
246 344 0
244 349 0
243 354 0
243 359 0
244 364 0
244 369 0
245 374 0
245 379 0
244 383 0
242 388 0
242 393 0
242 398 0
241 403 0
241 408 0
242 413 0
242 418 0
241 423 0
240 428 0
240 433 0
240 438 0
240 443 0
240 448 0
241 453 0
243 458 0
244 463 0
244 468 0
244 473 0
244 478 0
245 483 0
243 486 0
239 488 0
234 490 0
229 491 0
224 492 0
219 492 0
214 493 0
209 496 0
204 500 0
199 502 0
194 505 0
189 505 0
184 505 0
182 505 0
229.487 141.026 0
261.144 130.712 0
259.5 68.9 0
200.57 142.152 0
258 176.5 0
258.347 241.5 0
245.291 271.058 0
300.5 136.36 0
330.5 142.952 0
270 266.5 0
258.414 38.3516 0
34.4211 142.759 0
272.076 35.6413 0
181.421 144.053 0
191.327 494.589 0
235.5 311.3 0
232 341.4 0
481.545 139.727 0
276.343 284 0
286.959 463.438 0
284.404 321.719 0
289.057 356.211 0
321.684 493.789 0
251.226 206.027 0
272.148 196.5 0
255.643 24.2132 0
309.982 126.409 0
289.19 450.708 0
272.082 56.3777 0
208.569 129.095 0
228.174 355.655 0
475.761 150.43 0
288.232 476.747 0
263.846 29.9459 0
245.776 33.4881 0
320.099 134.857 0
318.299 147.899 0
327.585 153.282 0
340.16 151.255 0
310.651 140.199 0
301.409 149.297 0
342.597 138.648 0
279.27 144.353 0
283.447 125.633 0
333.69 132.766 0
352.961 147.191 0
291.077 143.523 0
286.199 158.528 0
284.595 135.715 0
272.637 134.303 0
297.351 123.867 0
267.033 46.011 0
277.016 44.4544 0
252.345 53.8608 0
198.47 131.886 0
190.573 138.849 0
192.293 150.424 0
215.046 142.042 0
225.287 347.239 0
235.032 349.855 0
298.723 479.283 0
246.466 24.3367 0
295.613 156.893 0
266.815 159.222 0
262.933 145.176 0
289.552 118.08 0
249.118 43.6559 0
241.625 51.638 0
244.65 64.0117 0
223.2 154.79 0
207.888 152.735 0
276.352 154.56 0
246.613 139.852 0
249.37 74.6721 0
261.295 83.8246 0
214.955 158.149 0
256.021 138.688 0
250.299 156.227 0
269.294 75.2923 0
268.677 65.5385 0
251.524 84.21 0
259.279 153.745 0
236.897 152.728 0
238.271 143.661 0
239.265 171.074 0
229.122 165.013 0
241.785 161.423 0
251.302 167.445 0
62.9526 145.369 0
73.3245 147.444 0
82.9193 148.417 0
48.1301 145.951 0
55.3519 140.84 0
55.7519 151.017 0
39.7037 151.105 0
200.7 488.57 0
209.828 483.345 0
222.487 478.547 0
233.259 478.88 0
231.012 465.92 0
233.209 324.931 0
228.42 332.858 0
228.532 317.137 0
264.672 278.331 0
253.033 279.887 0
257.499 267.986 0
237.961 285.296 0
247.592 254.412 0
262.28 254.882 0
247.39 287.867 0
276.63 243.396 0
267.1 246.197 0
274.989 255.429 0
284.474 250.594 0
282.523 265.484 0
276.903 273.897 0
286.983 369.062 0
286.402 341.669 0
292.876 348.001 0
282.882 349.825 0
312.765 487.452 0
288.7 437.834 0
461.333 145.889 0
470.783 140.655 0
455.226 137.589 0
449.445 147.653 0
365.192 149.048 0
375.935 151.929 0
386.009 152.925 0
277.048 173.972 0
236.944 124.311 0
230.584 455.268 0
233.854 274.175 0
237.9 298.409 0
230.261 303.655 0
240.366 237.458 0
269.738 220.762 0
268.542 233.493 0
281.265 228.266 0
281.721 214.96 0
271.276 208.664 0
260.45 213.435 0
261.969 201.884 0
255.329 227.162 0
251.42 190.531 0
284.721 237.6 0
250.199 235.729 0
263.479 187.628 0
267.958 178.51 0
237.399 198.105 0
246.879 179.843 0
234.146 183.208 0
230.447 174.501 0
246.517 198.219 0
237.628 213.734 0
241.729 189.356 0
230.851 191.731 0
230.983 206.015 0
248.732 217.477 0
239.846 225.498 0
231.916 231.834 0
286.545 381.717 0
280.82 332.153 0
290.762 332.717 0
288.532 425.3 0
286.032 168.862 0
222.994 128.108 0
231.521 131.912 0
215.362 122.468 0
228.089 119.3 0
249.028 127.571 0
245.943 114.982 0
236.446 114.784 0
236.114 261.09 0
236.768 249.009 0
231.213 241.305 0
282.768 202.704 0
282.814 190.434 0
273.618 186.675 0
287.008 394.72 0
287.907 412.082 0
283.466 403.607 0
258.806 105.309 0
256.811 94.1916 0
249.604 106.461 0
284.911 180.459 0
258.398 118.156 0
271.097 121.309 0
279.492 114.938 0
269.031 110.175 0
279.428 299.141 0
271.343 292.904 0
284.094 290.305 0
284.235 309.919 0
230.508 368.943 0
230.609 381.876 0
229.535 394.37 0
228.918 406.526 0
229.945 418.44 0
166.977 145.763 0
174.958 151.321 0
173.481 138.839 0
155.092 147.962 0
144.53 151.018 0
134.113 152.482 0
123.559 152.455 0
