676
208 504 0
207 499 0
208 494 0
209 489 0
211 485 0
211 480 0
212 475 0
213 470 0
214 465 0
215 460 0
216 455 0
217 450 0
217 445 0
213 443 0
209 439 0
208 434 0
208 429 0
207 424 0
211 420 0
211 415 0
210 412 0
212 407 0
212 402 0
211 397 0
209 393 0
209 388 0
209 383 0
209 378 0
208 373 0
209 368 0
209 363 0
209 358 0
209 353 0
208 348 0
208 343 0
206 338 0
207 333 0
207 328 0
207 323 0
207 318 0
207 313 0
207 308 0
207 303 0
208 298 0
208 293 0
207 288 0
207 283 0
207 278 0
208 273 0
208 268 0
208 263 0
208 258 0
208 253 0
203 253 0
198 252 0
193 252 0
190 249 0
192 245 0
193 240 0
196 236 0
198 231 0
199 226 0
201 221 0
203 217 0
205 212 0
206 207 0
208 202 0
209 197 0
211 193 0
211 188 0
212 184 0
214 179 0
214 174 0
214 169 0
214 164 0
214 159 0
214 154 0
213 149 0
213 144 0
212 139 0
212 134 0
209 130 0
206 125 0
201 123 0
196 120 0
191 118 0
186 117 0
181 116 0
176 115 0
171 113 0
166 113 0
162 111 0
157 111 0
152 111 0
147 111 0
142 111 0
137 110 0
132 111 0
128 113 0
124 111 0
119 111 0
114 111 0
110 113 0
105 113 0
100 113 0
95 113 0
90 114 0
85 114 0
80 115 0
75 115 0
70 115 0
65 116 0
62 112 0
58 109 0
53 110 0
48 110 0
43 110 0
38 111 0
34 113 0
30 112 0
29 108 0
34 107 0
29 106 0
24 105 0
19 104 0
14 101 0
14 98 0
19 98 0
24 98 0
29 98 0
34 98 0
38 96 0
43 96 0
48 95 0
53 95 0
58 95 0
61 92 0
64 90 0
69 90 0
74 90 0
79 91 0
84 91 0
89 91 0
94 92 0
99 92 0
104 93 0
109 92 0
113 94 0
118 93 0
123 93 0
128 93 0
133 94 0
138 94 0
143 93 0
148 93 0
153 93 0
158 93 0
163 93 0
168 93 0
173 92 0
178 92 0
183 93 0
188 91 0
192 91 0
197 89 0
201 85 0
206 83 0
211 85 0
216 87 0
221 86 0
226 85 0
230 80 0
234 76 0
237 71 0
234 66 0
232 62 0
227 58 0
224 54 0
223 49 0
225 45 0
221 41 0
220 36 0
222 31 0
224 26 0
227 22 0
227 17 0
230 14 0
235 14 0
240 10 0
244 6 0
249 5 0
253 8 0
257 8 0
261 11 0
266 15 0
268 20 0
272 22 0
274 27 0
276 31 0
277 36 0
277 41 0
273 45 0
274 49 0
274 54 0
270 58 0
266 61 0
264 66 0
261 70 0
263 75 0
267 79 0
271 84 0
276 86 0
281 87 0
286 85 0
291 83 0
295 84 0
300 88 0
304 92 0
309 91 0
314 93 0
319 92 0
324 92 0
329 93 0
334 93 0
339 93 0
344 93 0
349 93 0
354 93 0
359 94 0
364 94 0
369 93 0
374 93 0
379 93 0
384 93 0
389 92 0
394 93 0
399 92 0
404 92 0
409 91 0
414 91 0
419 91 0
424 90 0
429 90 0
434 90 0
437 93 0
440 96 0
445 96 0
450 96 0
455 96 0
460 96 0
464 98 0
469 98 0
474 98 0
478 96 0
483 96 0
485 100 0
481 103 0
476 104 0
471 105 0
466 106 0
467 108 0
469 112 0
465 113 0
460 113 0
456 111 0
451 110 0
446 110 0
441 110 0
436 110 0
435 115 0
430 115 0
425 115 0
420 115 0
415 114 0
410 114 0
405 113 0
400 113 0
395 113 0
390 113 0
386 111 0
381 111 0
376 111 0
371 111 0
367 111 0
362 110 0
357 111 0
352 111 0
347 111 0
342 111 0
337 111 0
332 112 0
328 113 0
323 114 0
318 115 0
313 117 0
308 118 0
303 120 0
298 122 0
293 124 0
289 128 0
286 132 0
285 137 0
285 142 0
284 147 0
284 152 0
284 157 0
284 162 0
283 167 0
283 172 0
283 177 0
284 182 0
288 186 0
288 191 0
289 196 0
290 201 0
291 206 0
293 211 0
295 215 0
297 220 0
298 225 0
300 230 0
302 235 0
304 239 0
306 244 0
307 249 0
305 252 0
300 252 0
295 253 0
290 253 0
290 258 0
290 263 0
290 268 0
289 273 0
290 278 0
291 283 0
290 288 0
290 293 0
290 298 0
290 303 0
290 308 0
290 313 0
290 318 0
290 323 0
290 328 0
290 333 0
291 338 0
289 343 0
289 348 0
289 353 0
289 358 0
288 363 0
288 368 0
290 373 0
288 378 0
288 381 0
288 386 0
288 391 0
287 395 0
286 400 0
285 405 0
286 410 0
288 414 0
286 418 0
289 422 0
290 427 0
289 432 0
289 437 0
287 441 0
282 443 0
281 448 0
282 453 0
282 458 0
283 463 0
285 468 0
285 473 0
286 478 0
288 482 0
289 487 0
289 492 0
290 497 0
290 502 0
287 504 0
282 504 0
277 505 0
272 505 0
267 504 0
263 502 0
262 497 0
262 492 0
261 487 0
261 482 0
261 477 0
262 472 0
263 467 0
265 463 0
266 458 0
266 453 0
267 448 0
266 443 0
261 441 0
259 437 0
258 432 0
257 427 0
256 423 0
260 419 0
261 414 0
263 409 0
264 405 0
263 401 0
263 396 0
262 391 0
263 386 0
263 381 0
264 377 0
262 373 0
263 368 0
263 363 0
263 358 0
263 353 0
261 348 0
260 343 0
262 339 0
262 334 0
261 329 0
261 324 0
260 319 0
260 314 0
259 309 0
259 304 0
259 299 0
259 294 0
258 289 0
258 284 0
257 280 0
256 276 0
258 272 0
254 268 0
250 265 0
245 266 0
242 271 0
241 276 0
241 281 0
240 285 0
239 290 0
239 295 0
239 300 0
238 305 0
238 310 0
238 315 0
237 320 0
237 325 0
236 330 0
236 335 0
236 340 0
238 345 0
235 350 0
235 355 0
234 360 0
234 365 0
236 370 0
234 375 0
234 380 0
235 385 0
235 390 0
235 395 0
234 400 0
234 405 0
235 410 0
237 415 0
238 420 0
241 423 0
241 428 0
239 432 0
239 437 0
236 441 0
231 444 0
231 449 0
231 454 0
233 458 0
231 462 0
234 466 0
235 471 0
236 476 0
236 481 0
236 486 0
236 491 0
236 496 0
236 501 0
232 504 0
227 504 0
222 505 0
217 505 0
212 504 0
209 503 0
260.893 229.554 0
234.569 113.948 0
248.457 171.5 0
210.729 105.929 0
288.328 105.069 0
231.467 225.487 0
258.158 129.032 0
243.216 244.079 0
264.861 106.596 0
247.373 93.3734 0
227.208 258.725 0
190.23 104.284 0
221.935 389.848 0
223.625 429.208 0
275.5 371.167 0
274.909 344.99 0
273.323 277.978 0
234.802 191.089 0
261.414 198.917 0
248.192 35.1923 0
252.348 21.9059 0
221.319 336.618 0
221.08 373 0
307.777 104.727 0
238.876 146.462 0
273.803 191.921 0
239.131 26.1308 0
67.6787 101.693 0
425.929 102.443 0
273.354 427.708 0
178.666 103.735 0
297.979 100.711 0
296.942 111.279 0
289.484 94.7656 0
235.892 38.4311 0
280.034 434.022 0
246.1 52.2226 0
235.037 50.1097 0
243.748 43.29 0
222.685 491.397 0
206.402 95.4064 0
200.572 103.954 0
222.986 400.844 0
223.569 438.47 0
275.957 358.216 0
262.446 35.417 0
224.967 381.248 0
274.831 208.208 0
260.387 182.632 0
243.911 18.2996 0
79.619 102.995 0
414.418 102.504 0
273.823 415.229 0
223.129 413.117 0
259.916 48.8069 0
260.803 26.116 0
270.372 200.314 0
264.845 190.526 0
403.888 102.529 0
274.5 404.748 0
274.868 392.331 0
273.672 381.704 0
275.5 491.577 0
275.902 330.747 0
271.652 259.633 0
221.389 360.387 0
220.076 348.506 0
319.049 103.355 0
328.802 102.768 0
223.743 479.028 0
260.736 214.228 0
272.292 221.774 0
246.938 222.033 0
282.821 216.724 0
276.422 240.066 0
282.295 229.128 0
289.43 240.005 0
255.992 221.94 0
249.59 233.818 0
259.906 247.337 0
238.51 234.045 0
229.009 244.622 0
235.806 208.547 0
270.737 231.737 0
219.192 250.535 0
210.676 238.511 0
237.944 218.12 0
249.485 206.06 0
202.298 243.338 0
241.223 199.478 0
247.882 187.729 0
238.74 179.28 0
226.341 181.707 0
233.557 162.85 0
222.996 193.229 0
231.012 172.685 0
230.339 200.104 0
220.665 212.359 0
251.92 179.747 0
251.93 196.61 0
265.237 165.475 0
271.844 180.418 0
273.354 170.818 0
90.77 102.678 0
101.016 102.803 0
110.163 102.696 0
228.507 421.005 0
273.435 479.131 0
275.049 315.634 0
280.763 322.892 0
270.21 323.488 0
278.814 268.229 0
267.911 269.223 0
223.442 468.839 0
278.918 251.04 0
260.376 258.647 0
250.045 253.425 0
238.334 254.815 0
246.363 157.949 0
254.556 144.427 0
255.07 163.541 0
245.247 134.129 0
269.506 139.806 0
228.626 133.356 0
247.202 120.18 0
260.679 137.741 0
272.654 125.129 0
265.17 152.275 0
274.251 148.445 0
273.611 159.007 0
236.759 137.557 0
237.301 125.904 0
245.964 106.768 0
258.817 117.009 0
276.384 133.605 0
232.917 98.6948 0
255.361 100.985 0
259.21 88.9494 0
248.793 79.1238 0
268.922 95.5675 0
279.347 98.8446 0
223.492 107.432 0
222.961 121.007 0
218.156 97.7988 0
237.346 88.4288 0
248.831 66.4469 0
220.161 129.766 0
241.589 60.463 0
254.839 57.9191 0
226.858 151.618 0
223.102 142.038 0
218.274 202.361 0
217.365 226.082 0
224.778 234.353 0
208.169 229.147 0
212.706 217.704 0
219.218 241.489 0
274 468.565 0
212.975 116.607 0
203.576 113.414 0
224.448 275.071 0
218.733 265.7 0
232.044 267.948 0
274.498 293.442 0
280.319 285.223 0
267.702 286.181 0
278.41 304.448 0
268.933 307.699 0
222.006 321.559 0
216.247 328.842 0
226.864 329.326 0
277.021 112.388 0
268.388 116.548 0
287.015 115.435 0
223.416 290.634 0
230.162 283.266 0
217.257 282.41 0
222.559 306.089 0
229.172 298.705 0
228.264 314.038 0
216.59 313.62 0
217.495 298.057 0
