635
278 506 0
273 502 0
271 497 0
271 492 0
273 487 0
273 482 0
274 477 0
272 472 0
271 467 0
270 462 0
268 457 0
267 452 0
266 447 0
265 442 0
263 437 0
262 432 0
261 427 0
260 422 0
259 417 0
257 412 0
258 407 0
259 402 0
260 397 0
261 392 0
262 387 0
263 382 0
265 377 0
265 372 0
266 367 0
267 362 0
267 357 0
266 352 0
264 347 0
263 342 0
262 337 0
261 332 0
259 327 0
258 322 0
258 317 0
258 312 0
257 307 0
256 302 0
256 297 0
255 292 0
255 287 0
255 282 0
254 277 0
254 272 0
254 267 0
254 262 0
254 257 0
253 252 0
251 247 0
247 250 0
247 255 0
247 260 0
247 265 0
247 270 0
247 275 0
247 280 0
246 285 0
245 290 0
246 295 0
246 300 0
245 305 0
246 310 0
245 315 0
243 320 0
242 325 0
241 330 0
241 335 0
241 340 0
241 345 0
240 350 0
240 355 0
242 360 0
244 365 0
245 370 0
247 375 0
249 380 0
250 385 0
252 390 0
253 395 0
253 400 0
253 405 0
253 410 0
253 415 0
250 420 0
251 425 0
250 430 0
249 435 0
249 440 0
249 445 0
247 450 0
247 455 0
246 460 0
246 465 0
245 470 0
245 475 0
244 480 0
245 485 0
248 490 0
249 495 0
249 500 0
244 503 0
239 505 0
234 505 0
229 503 0
224 500 0
223 495 0
226 491 0
229 486 0
232 482 0
235 477 0
236 472 0
237 467 0
237 462 0
236 457 0
234 452 0
232 447 0
232 442 0
231 437 0
231 432 0
230 427 0
229 422 0
228 417 0
223 415 0
224 410 0
225 405 0
225 400 0
224 395 0
224 390 0
224 385 0
224 380 0
223 375 0
223 370 0
224 365 0
224 360 0
223 355 0
222 350 0
220 345 0
219 340 0
218 335 0
217 330 0
216 325 0
215 320 0
214 315 0
214 310 0
212 305 0
211 300 0
209 295 0
209 290 0
207 285 0
207 280 0
205 275 0
206 270 0
205 265 0
205 260 0
205 255 0
206 250 0
205 245 0
205 240 0
205 235 0
205 230 0
205 225 0
205 220 0
205 215 0
207 210 0
209 205 0
212 200 0
215 196 0
218 191 0
221 186 0
225 181 0
228 177 0
230 172 0
230 167 0
229 162 0
227 157 0
226 152 0
223 147 0
221 142 0
216 139 0
212 135 0
210 131 0
210 126 0
211 121 0
214 116 0
210 114 0
205 113 0
200 112 0
195 112 0
190 112 0
185 111 0
180 111 0
175 110 0
170 110 0
165 109 0
160 108 0
155 108 0
150 108 0
145 107 0
140 107 0
135 106 0
130 105 0
125 104 0
120 104 0
115 104 0
110 104 0
105 105 0
100 106 0
95 106 0
90 106 0
85 106 0
80 106 0
75 106 0
70 104 0
65 104 0
60 104 0
55 104 0
50 104 0
45 104 0
40 106 0
35 108 0
30 108 0
25 108 0
20 108 0
15 108 0
15 104 0
10 104 0
5 103 0
5 100 0
10 99 0
15 99 0
20 99 0
25 99 0
30 99 0
35 99 0
40 99 0
45 99 0
50 98 0
55 96 0
60 96 0
65 95 0
70 95 0
75 94 0
80 94 0
85 94 0
90 94 0
95 94 0
100 94 0
105 94 0
110 94 0
115 95 0
120 95 0
125 96 0
130 96 0
135 97 0
140 98 0
145 98 0
150 98 0
155 98 0
160 97 0
165 97 0
170 97 0
175 97 0
180 97 0
185 98 0
190 98 0
195 98 0
200 98 0
205 97 0
210 97 0
215 97 0
220 96 0
225 96 0
230 96 0
235 96 0
239 94 0
239 89 0
239 84 0
237 79 0
232 78 0
227 74 0
223 70 0
219 65 0
215 62 0
211 58 0
209 53 0
209 48 0
211 44 0
215 39 0
218 34 0
221 31 0
216 30 0
216 25 0
216 20 0
218 16 0
221 12 0
226 8 0
231 9 0
236 6 0
241 8 0
246 7 0
251 6 0
256 6 0
261 7 0
266 11 0
267 16 0
269 21 0
272 24 0
268 27 0
263 27 0
268 31 0
270 36 0
272 41 0
273 46 0
278 48 0
278 53 0
276 58 0
271 61 0
269 66 0
266 71 0
262 75 0
257 78 0
255 83 0
255 88 0
256 93 0
259 96 0
264 96 0
269 96 0
274 96 0
279 96 0
284 97 0
289 98 0
294 98 0
299 98 0
304 99 0
309 99 0
314 99 0
319 99 0
324 99 0
329 99 0
334 98 0
339 97 0
344 97 0
349 98 0
354 98 0
359 96 0
364 96 0
369 95 0
374 95 0
379 95 0
384 94 0
389 94 0
394 94 0
399 95 0
404 96 0
409 96 0
414 97 0
419 97 0
424 97 0
429 97 0
434 97 0
439 97 0
444 97 0
449 96 0
454 96 0
459 96 0
464 96 0
469 96 0
474 96 0
479 96 0
484 96 0
489 96 0
494 96 0
499 96 0
503 97 0
499 100 0
494 102 0
489 103 0
487 107 0
482 106 0
477 106 0
472 105 0
467 105 0
462 104 0
457 104 0
452 105 0
447 105 0
442 105 0
437 105 0
432 104 0
427 104 0
422 105 0
417 106 0
412 108 0
407 108 0
402 108 0
397 108 0
392 108 0
387 109 0
382 109 0
377 109 0
372 109 0
367 108 0
362 108 0
357 107 0
352 106 0
347 108 0
342 108 0
337 109 0
332 110 0
327 112 0
322 112 0
317 113 0
312 114 0
307 114 0
302 114 0
297 114 0
292 114 0
287 114 0
285 117 0
287 122 0
288 127 0
288 132 0
285 136 0
280 139 0
276 144 0
275 149 0
273 154 0
271 159 0
270 164 0
270 169 0
270 174 0
274 179 0
278 184 0
280 189 0
284 193 0
288 198 0
290 203 0
293 207 0
295 212 0
294 217 0
293 222 0
293 227 0
294 232 0
294 237 0
294 242 0
294 247 0
295 252 0
295 257 0
295 262 0
294 267 0
294 272 0
294 277 0
294 282 0
294 287 0
293 292 0
293 297 0
293 302 0
293 307 0
293 312 0
293 317 0
291 322 0
290 327 0
290 332 0
289 337 0
288 342 0
287 347 0
287 352 0
286 357 0
286 362 0
287 367 0
287 372 0
287 377 0
287 382 0
287 387 0
287 392 0
286 397 0
286 402 0
287 407 0
287 412 0
287 417 0
283 421 0
282 426 0
282 431 0
282 436 0
282 441 0
282 446 0
282 451 0
282 456 0
282 461 0
282 466 0
282 471 0
282 476 0
283 481 0
284 486 0
287 491 0
289 496 0
293 499 0
293 504 0
288 505 0
283 506 0
279 506 0
248.836 133.766 0
234.457 222.5 0
226 263.4 0
249.623 160.475 0
272.144 241.442 0
261.476 211.524 0
245.659 193.369 0
237.681 25.3095 0
241.304 51.2565 0
227 291.6 0
229.903 310 0
239.95 411.535 0
272.307 410.619 0
275.5 313.7 0
220.021 217.804 0
218.348 273.815 0
237.791 64.9171 0
254.264 41.017 0
215.46 263.675 0
232.597 276.265 0
277.771 214.065 0
227.225 21.9549 0
232.196 204.911 0
222.396 235.038 0
228.353 55.2078 0
253.264 61.614 0
246.699 72.4814 0
236.346 266.219 0
224.289 281.922 0
229.161 214.241 0
221.123 206.468 0
225.387 225.845 0
231.14 41.1408 0
251.801 51.2202 0
262.34 48.3656 0
222.193 46.6779 0
230.522 31.6186 0
242.694 39.6949 0
262.013 57.8748 0
237.285 493.771 0
222.563 301.729 0
234.727 299.81 0
238.973 397.346 0
233.983 404.818 0
271.372 421.953 0
273 397.623 0
250.168 28.7335 0
246.343 18.2006 0
256.824 18.5268 0
235.577 286.042 0
267.529 226.227 0
280.266 226.56 0
259.654 236.924 0
262.935 247.378 0
276.93 258.98 0
245.081 233.162 0
265.409 258.635 0
270.696 274.646 0
268.961 217.04 0
233.719 233.859 0
229.524 248.542 0
248.732 218.899 0
256.618 226.442 0
263.588 268.114 0
217.573 246.217 0
238.765 243.242 0
236.731 255.916 0
249.678 205.835 0
240.601 211.744 0
241.131 201.71 0
232.58 191.914 0
214.113 254.655 0
224.901 197.656 0
223.116 254.869 0
271.482 200.874 0
258.902 195.98 0
280.423 204.706 0
255.119 180.278 0
268.466 190.013 0
274.8 385.459 0
282.736 237.565 0
280.74 248.518 0
281.978 270.062 0
241.359 180.298 0
248.226 171.527 0
258.763 167.245 0
240.197 164.898 0
264.418 181.545 0
276 374.288 0
276.5 364.482 0
247.193 113.073 0
247.967 101.444 0
266.439 124.35 0
276.901 128.267 0
229 323.106 0
229.5 334.602 0
230.776 344.749 0
275.319 328.451 0
281.483 321.15 0
268.238 320.988 0
275.5 340.991 0
276.5 351.457 0
236.917 384.587 0
234.244 373.573 0
233.449 364.116 0
231.495 124.731 0
262.614 138.362 0
252.065 147.037 0
257.899 129.547 0
262.888 149.448 0
237.879 143.46 0
240.828 153.985 0
238.278 132.872 0
242.182 122.723 0
228.075 134.476 0
220.812 126.454 0
261.637 110.483 0
255.75 119.227 0
273.176 114.252 0
279.949 106.48 0
227.658 110.526 0
237.141 113.98 0
218.196 106.695 0
238.999 104.641 0
274.5 295.133 0
281.713 304.055 0
268.268 304.779 0
266.884 285.95 0
280.753 283.375 0
97.7778 102.538 0
