783
334 506 0
330 504 0
326 502 0
322 497 0
323 492 0
320 490 0
319 485 0
318 481 0
317 476 0
319 471 0
319 466 0
322 461 0
321 456 0
320 451 0
323 447 0
322 442 0
321 439 0
322 434 0
320 429 0
318 424 0
316 419 0
315 414 0
312 409 0
312 405 0
309 400 0
307 399 0
307 393 0
307 389 0
306 385 0
302 383 0
303 379 0
300 377 0
301 371 0
299 366 0
299 361 0
299 356 0
298 352 0
297 347 0
295 343 0
294 338 0
293 333 0
292 328 0
289 323 0
287 318 0
285 313 0
283 308 0
282 303 0
280 299 0
279 294 0
277 289 0
275 284 0
273 279 0
271 274 0
268 269 0
263 269 0
258 269 0
253 271 0
249 275 0
248 280 0
246 285 0
244 290 0
242 295 0
240 300 0
238 305 0
236 310 0
234 315 0
233 319 0
231 324 0
229 328 0
228 333 0
228 338 0
227 343 0
223 348 0
222 353 0
222 358 0
222 363 0
220 368 0
219 373 0
218 378 0
217 383 0
214 388 0
213 393 0
213 398 0
211 401 0
213 404 0
208 409 0
206 414 0
205 418 0
203 423 0
201 427 0
201 429 0
200 434 0
198 439 0
198 444 0
198 449 0
200 453 0
199 458 0
200 462 0
203 467 0
206 470 0
206 473 0
206 477 0
207 481 0
207 485 0
204 487 0
204 492 0
205 497 0
203 501 0
199 504 0
194 506 0
191 507 0
186 505 0
183 505 0
180 505 0
176 504 0
171 502 0
169 500 0
170 495 0
170 490 0
170 486 0
170 482 0
173 481 0
175 476 0
177 472 0
178 467 0
180 462 0
179 457 0
180 452 0
182 448 0
182 443 0
182 438 0
181 433 0
181 428 0
181 423 0
180 418 0
181 413 0
182 408 0
182 403 0
182 398 0
182 394 0
181 389 0
182 384 0
182 379 0
184 374 0
184 369 0
186 364 0
187 360 0
189 358 0
191 353 0
193 349 0
190 349 0
196 344 0
194 341 0
197 337 0
197 332 0
198 327 0
198 322 0
196 319 0
198 314 0
198 309 0
197 304 0
197 299 0
196 294 0
197 289 0
197 284 0
195 279 0
198 276 0
195 271 0
197 267 0
194 264 0
191 261 0
186 260 0
185 256 0
185 251 0
187 246 0
189 241 0
191 237 0
193 233 0
195 229 0
197 225 0
199 221 0
200 218 0
203 213 0
206 208 0
210 203 0
214 199 0
212 194 0
210 189 0
207 187 0
207 182 0
208 177 0
210 172 0
211 167 0
211 162 0
211 157 0
209 152 0
208 147 0
208 142 0
208 137 0
208 132 0
207 127 0
202 127 0
197 127 0
192 127 0
187 124 0
182 124 0
177 125 0
172 124 0
167 123 0
162 123 0
157 123 0
152 124 0
147 125 0
142 126 0
137 127 0
133 128 0
128 127 0
125 128 0
120 127 0
117 127 0
113 125 0
108 126 0
104 127 0
99 124 0
94 124 0
89 124 0
84 125 0
79 124 0
74 124 0
69 124 0
64 123 0
59 123 0
54 125 0
49 127 0
44 127 0
39 128 0
34 128 0
30 127 0
31 125 0
35 124 0
36 122 0
40 123 0
45 121 0
50 118 0
49 114 0
44 113 0
39 114 0
34 116 0
31 118 0
28 117 0
25 116 0
23 116 0
19 114 0
16 112 0
18 108 0
23 105 0
28 103 0
32 103 0
37 103 0
42 102 0
47 102 0
52 103 0
57 104 0
62 105 0
67 104 0
72 103 0
77 104 0
82 103 0
87 104 0
92 105 0
97 105 0
102 105 0
107 105 0
112 104 0
117 104 0
122 104 0
127 104 0
132 103 0
137 104 0
142 104 0
147 105 0
152 104 0
157 104 0
162 104 0
167 104 0
172 104 0
177 104 0
182 104 0
187 103 0
192 103 0
197 103 0
202 103 0
207 102 0
212 101 0
217 100 0
222 98 0
221 93 0
217 89 0
214 84 0
212 79 0
210 74 0
209 71 0
209 65 0
208 60 0
207 55 0
209 51 0
208 46 0
210 41 0
210 36 0
214 31 0
217 27 0
219 23 0
223 20 0
227 17 0
232 15 0
237 12 0
242 11 0
247 9 0
252 8 0
257 8 0
262 8 0
267 9 0
272 10 0
277 12 0
282 15 0
287 17 0
292 22 0
297 26 0
300 31 0
304 36 0
306 41 0
308 46 0
308 51 0
308 56 0
308 61 0
307 66 0
308 69 0
307 72 0
305 77 0
303 82 0
301 86 0
298 91 0
295 95 0
295 100 0
300 101 0
305 102 0
310 102 0
315 103 0
320 103 0
325 104 0
330 105 0
335 105 0
340 105 0
345 105 0
350 104 0
355 103 0
360 105 0
365 105 0
370 105 0
375 104 0
380 104 0
385 104 0
390 104 0
395 105 0
400 105 0
405 105 0
410 105 0
415 106 0
420 104 0
425 105 0
430 104 0
435 104 0
440 104 0
445 104 0
450 104 0
455 103 0
458 102 0
462 101 0
465 102 0
470 103 0
475 101 0
478 102 0
483 104 0
488 106 0
492 108 0
496 110 0
494 113 0
491 114 0
487 115 0
483 118 0
478 116 0
473 115 0
468 114 0
463 114 0
464 118 0
466 121 0
471 122 0
476 124 0
481 125 0
480 128 0
476 128 0
472 129 0
468 127 0
463 127 0
458 126 0
453 125 0
448 122 0
445 125 0
440 125 0
435 125 0
430 125 0
425 125 0
420 124 0
415 124 0
410 125 0
405 125 0
400 126 0
395 126 0
390 126 0
385 127 0
380 128 0
375 128 0
370 126 0
365 126 0
360 124 0
355 125 0
350 124 0
345 124 0
340 125 0
335 126 0
330 124 0
325 125 0
320 126 0
315 126 0
310 126 0
309 131 0
309 136 0
308 141 0
308 146 0
309 151 0
305 156 0
305 161 0
306 166 0
308 169 0
309 173 0
310 178 0
312 181 0
311 186 0
311 191 0
314 196 0
310 196 0
305 198 0
308 203 0
311 207 0
313 211 0
315 216 0
318 221 0
320 226 0
323 231 0
324 236 0
327 241 0
328 246 0
329 251 0
332 256 0
328 259 0
325 262 0
323 267 0
323 272 0
324 277 0
323 282 0
324 287 0
323 292 0
323 297 0
323 302 0
323 307 0
323 312 0
323 317 0
323 322 0
323 327 0
323 332 0
324 337 0
326 342 0
327 344 0
326 347 0
328 351 0
332 354 0
334 358 0
334 363 0
338 365 0
336 368 0
339 367 0
339 372 0
339 377 0
339 382 0
339 387 0
339 392 0
339 397 0
339 402 0
339 407 0
340 412 0
340 417 0
340 422 0
340 427 0
339 432 0
339 437 0
339 442 0
339 447 0
341 452 0
341 454 0
344 457 0
344 462 0
348 463 0
348 467 0
347 472 0
350 476 0
352 478 0
353 482 0
355 484 0
357 487 0
359 489 0
361 494 0
362 499 0
361 502 0
357 506 0
355 505 0
350 506 0
345 506 0
340 506 0
335 506 0
228.785 243.392 0
258.158 88.1685 0
257.979 159.5 0
220.233 286.5 0
297.523 272.091 0
302.703 303.019 0
275.957 228.717 0
237.858 259.858 0
229.497 218.497 0
237.434 71.7263 0
278.402 69.2609 0
234.423 159.5 0
281.545 158.5 0
293.122 217.283 0
265.5 247.579 0
236.808 44.9812 0
259.523 33.3838 0
202.5 368.5 0
319.786 374.357 0
337.643 485.929 0
214.803 318 0
322.991 392.217 0
132.5 115.5 0
197.496 393.374 0
223.311 67.9654 0
230.26 32.2941 0
195.15 115 0
212.532 336.516 0
190.7 479.14 0
332.63 469.639 0
311.5 344.7 0
209.289 294 0
310.279 277 0
304.631 249.548 0
286.956 50.0087 0
292.147 146.694 0
222.76 47.326 0
58.3696 113.645 0
277.365 32.2649 0
321.398 361.801 0
184.893 113.902 0
208.986 281.822 0
222.723 301.868 0
316.668 252.743 0
311.425 366.902 0
312.039 355.803 0
174.585 114.021 0
221.306 268.059 0
307.541 262.857 0
313.269 241.277 0
217.549 277.092 0
209.12 268.289 0
297.823 233.791 0
214.921 252.656 0
332.594 494.445 0
120.957 115.496 0
110.522 114.843 0
227.487 80.6824 0
242.191 87.0117 0
233.41 58.4406 0
244.894 32.7742 0
332.177 459.337 0
338.859 476.638 0
298.81 287.773 0
293.404 158.487 0
287.499 180.323 0
287.486 168.603 0
298.288 187.144 0
297.497 174.451 0
269.514 174.483 0
288.145 200.918 0
277.278 167.807 0
269.75 158.724 0
288.553 190.597 0
268.51 194.974 0
277.175 186.573 0
295.986 196.07 0
261.541 123.843 0
234.197 124.161 0
278.677 196.792 0
277.352 212.757 0
262.735 141.969 0
263.366 151.551 0
230.336 292.749 0
211.163 306.203 0
314.205 268.903 0
200.71 250.377 0
203.893 259.813 0
231.83 90.8368 0
243.591 106.747 0
240.023 97.0829 0
251.836 98.2123 0
273.189 104.64 0
256.597 111.062 0
263.4 98.4788 0
275.116 86.034 0
223.117 57.6436 0
257.441 57.3497 0
237.846 24.3229 0
252.687 21.6032 0
311.013 289.272 0
292.356 297.541 0
293.638 307.63 0
287.858 287.552 0
297.634 207.092 0
277.467 144.174 0
210.243 236.379 0
247.843 121.794 0
267.367 114.243 0
278.063 127.303 0
245.261 54.2743 0
254.085 44.9847 0
248.703 66.2992 0
269.207 44.9985 0
263.164 71.6777 0
265.684 21.9346 0
284.014 150.053 0
208.762 245.616 0
253.094 133.502 0
239.801 115.943 0
225.571 112.259 0
271.233 135.507 0
286.419 136.044 0
293.786 120.638 0
297.581 136.906 0
300.08 127.747 0
245.447 41.9221 0
268.621 35.6431 0
279.468 42.5921 0
288.887 35.2956 0
269.27 60.9319 0
276.583 52.9932 0
271.766 76.6693 0
252.759 77.5241 0
275.568 22.5277 0
231.302 103.247 0
220.537 124.985 0
295.606 43.6605 0
243.767 78.1382 0
228.411 141.868 0
212.058 114.5 0
227.808 131.872 0
240.258 135.685 0
218.681 137.439 0
248.913 147.745 0
203.702 118.073 0
246.201 159.21 0
240.999 187.295 0
240.64 172.704 0
254.704 179.658 0
251.856 168.85 0
225.135 180.386 0
264.711 184.517 0
253.848 194.382 0
245.845 179.876 0
229.571 169.85 0
222.663 160.3 0
227.995 151.851 0
237.957 147.265 0
234.674 180.151 0
260.56 210.016 0
239.839 204.588 0
260.94 200.595 0
244.459 196.213 0
453.075 113.453 0
247.322 243.91 0
316.374 384.187 0
327.82 382.133 0
143.19 115 0
153.062 113.879 0
195.083 406.339 0
202.754 381.491 0
192.538 384.076 0
194.097 374.099 0
208.565 349.755 0
204.912 341.447 0
208.618 326.639 0
190.659 492.49 0
180.427 494.548 0
182.336 484.692 0
307.913 329.895 0
303.966 316.717 0
314.741 336.078 0
303.777 338.734 0
312.056 309.064 0
312.972 321.2 0
300.432 324.956 0
313.173 299.082 0
221.672 37.3965 0
223.759 312.387 0
234.542 273.968 0
229.559 282.714 0
230.367 265.542 0
242.21 268.326 0
304.433 222.986 0
307.955 232.564 0
304.13 213.714 0
285.061 248.654 0
287.704 227.75 0
288.19 238.43 0
294.983 246.1 0
293.117 259.402 0
284.018 269.671 0
283.249 279.189 0
286.583 210.333 0
288.05 79.8596 0
292.526 66.0948 0
285.125 90.3675 0
295.914 74.8066 0
283.837 60.4178 0
283.917 101.484 0
290.712 110.102 0
279.552 115.064 0
304.788 114.565 0
316.369 114.5 0
228.255 194.89 0
220.426 188.986 0
228.195 206.729 0
217.47 213.872 0
219.365 226.894 0
231.319 231.007 0
220.546 237.158 0
208.665 225.734 0
247.225 222.303 0
238.187 238.864 0
237.653 223.697 0
218.465 147.794 0
267.56 219.942 0
262.239 233.441 0
257.238 219.79 0
271.721 238.698 0
257.155 242.059 0
250.376 233.093 0
254.399 255.716 0
264.871 258.362 0
274.982 253.542 0
245.01 253.32 0
283.029 259.629 0
192.045 417.995 0
210.869 360.854 0
200.533 357.943 0
226.314 254.7 0
296.73 55.6319 0
326.495 114.5 0
336.806 115.174 0
249.211 211.078 0
346.909 493.916 0
325.545 405.511 0
330.056 397.752 0
327.978 417.288 0
329.918 427.183 0
190 467.667 0
204.444 108.808 0
309.333 110.464 0
