724
280 498 0
276 495 0
275 490 0
276 485 0
279 480 0
280 475 0
280 470 0
280 465 0
280 460 0
280 455 0
280 450 0
278 445 0
278 440 0
277 435 0
277 430 0
276 425 0
276 420 0
275 415 0
275 410 0
273 405 0
271 400 0
269 395 0
268 390 0
267 385 0
266 380 0
264 375 0
263 370 0
263 365 0
262 360 0
261 355 0
261 350 0
259 345 0
258 340 0
258 335 0
258 330 0
257 325 0
258 320 0
257 315 0
257 310 0
258 305 0
253 303 0
252 308 0
252 313 0
252 318 0
251 323 0
250 328 0
250 333 0
250 338 0
249 343 0
249 348 0
248 353 0
247 358 0
246 363 0
245 368 0
244 373 0
242 378 0
241 383 0
240 388 0
239 393 0
238 398 0
235 403 0
234 408 0
233 413 0
233 418 0
232 423 0
231 428 0
231 433 0
230 438 0
230 443 0
229 448 0
229 453 0
228 458 0
228 463 0
228 468 0
228 473 0
228 478 0
231 483 0
233 488 0
233 493 0
229 497 0
224 497 0
219 497 0
214 497 0
209 496 0
204 495 0
202 491 0
202 486 0
204 481 0
206 476 0
205 471 0
204 466 0
204 461 0
203 456 0
203 451 0
202 446 0
201 441 0
200 436 0
200 431 0
199 426 0
200 421 0
200 416 0
200 411 0
200 406 0
200 401 0
200 396 0
201 391 0
201 386 0
202 381 0
201 376 0
201 371 0
200 366 0
199 361 0
199 356 0
199 351 0
198 346 0
198 341 0
198 336 0
198 331 0
198 326 0
198 321 0
198 316 0
197 311 0
198 306 0
198 301 0
198 296 0
198 291 0
197 286 0
197 281 0
197 276 0
195 271 0
194 267 0
195 262 0
196 257 0
197 252 0
200 247 0
201 242 0
203 237 0
203 232 0
204 227 0
205 222 0
205 217 0
205 212 0
205 207 0
205 202 0
205 197 0
206 192 0
206 187 0
205 182 0
204 177 0
203 172 0
202 167 0
197 163 0
192 161 0
187 161 0
182 160 0
177 161 0
172 162 0
167 163 0
162 163 0
157 163 0
152 162 0
152 157 0
150 152 0
145 150 0
140 149 0
135 147 0
130 146 0
125 145 0
120 143 0
115 143 0
110 142 0
105 141 0
100 141 0
95 140 0
90 138 0
85 136 0
80 134 0
75 132 0
70 130 0
65 128 0
60 127 0
55 127 0
50 128 0
45 127 0
40 126 0
35 125 0
30 125 0
25 123 0
20 122 0
15 122 0
10 122 0
5 120 0
3 116 0
8 114 0
13 113 0
18 111 0
23 111 0
28 111 0
33 110 0
38 111 0
43 110 0
48 110 0
53 111 0
58 112 0
63 114 0
68 114 0
73 115 0
78 116 0
83 117 0
88 117 0
93 117 0
98 118 0
103 117 0
107 119 0
112 119 0
117 120 0
122 121 0
127 121 0
132 122 0
137 122 0
142 123 0
147 123 0
152 122 0
157 121 0
162 121 0
167 122 0
172 122 0
177 122 0
182 122 0
187 122 0
192 121 0
197 120 0
202 118 0
207 119 0
212 119 0
217 120 0
222 120 0
227 119 0
232 115 0
236 110 0
236 105 0
231 101 0
227 96 0
225 91 0
220 89 0
215 85 0
212 80 0
209 75 0
209 70 0
209 65 0
210 60 0
214 57 0
216 54 0
217 49 0
218 44 0
219 39 0
221 34 0
223 29 0
226 24 0
230 19 0
235 15 0
240 12 0
245 11 0
250 10 0
255 11 0
260 11 0
265 12 0
270 14 0
275 18 0
280 23 0
283 28 0
286 33 0
287 38 0
289 43 0
290 48 0
290 53 0
291 58 0
296 59 0
297 64 0
297 69 0
297 74 0
295 79 0
292 84 0
288 88 0
283 90 0
280 95 0
276 100 0
271 104 0
270 109 0
272 114 0
277 118 0
282 121 0
287 121 0
292 120 0
297 120 0
302 120 0
307 119 0
312 121 0
317 122 0
322 123 0
327 123 0
332 123 0
337 122 0
342 122 0
347 122 0
352 122 0
357 123 0
362 123 0
367 123 0
372 123 0
377 122 0
382 122 0
387 121 0
392 121 0
397 120 0
402 120 0
407 118 0
412 118 0
417 118 0
422 118 0
427 118 0
432 117 0
437 116 0
442 115 0
447 113 0
452 113 0
457 111 0
462 111 0
467 111 0
472 111 0
477 111 0
482 112 0
487 112 0
492 113 0
497 114 0
502 115 0
505 119 0
501 122 0
496 123 0
491 123 0
486 123 0
481 124 0
476 125 0
471 126 0
466 128 0
461 128 0
456 129 0
451 128 0
446 128 0
441 130 0
436 132 0
431 134 0
426 136 0
421 137 0
416 139 0
411 141 0
406 142 0
401 142 0
396 143 0
391 144 0
386 144 0
381 146 0
376 147 0
371 149 0
366 150 0
361 152 0
357 155 0
357 160 0
354 163 0
349 164 0
344 164 0
339 163 0
334 163 0
329 162 0
324 161 0
319 161 0
314 163 0
309 164 0
306 169 0
305 174 0
304 179 0
303 184 0
302 189 0
303 194 0
303 199 0
303 204 0
303 209 0
303 214 0
303 219 0
304 224 0
305 229 0
305 234 0
305 239 0
307 244 0
309 249 0
311 254 0
312 259 0
313 264 0
314 269 0
312 273 0
311 278 0
311 283 0
311 288 0
310 293 0
310 298 0
310 303 0
310 308 0
311 313 0
310 318 0
310 323 0
310 328 0
310 333 0
310 338 0
310 343 0
310 348 0
309 353 0
309 358 0
309 363 0
308 368 0
307 373 0
307 378 0
307 383 0
307 388 0
307 393 0
308 398 0
308 403 0
308 408 0
308 413 0
308 418 0
308 423 0
309 428 0
309 433 0
307 438 0
307 443 0
305 448 0
305 453 0
304 458 0
304 463 0
304 468 0
303 473 0
303 478 0
304 483 0
306 488 0
306 493 0
303 496 0
298 497 0
293 498 0
288 498 0
283 498 0
281 498 0
253.354 53.6707 0
202.7 141.5 0
226.264 293.5 0
254.049 164.39 0
223.942 328.5 0
222.633 358.873 0
253.969 214.5 0
294.5 144.318 0
339.5 142.427 0
283.942 332.5 0
285.228 368.154 0
287.794 390.382 0
267.987 262.505 0
283.192 295.5 0
237.404 43.4616 0
257.5 32.4636 0
228.713 169.457 0
280.05 166.41 0
229.421 214.5 0
276.825 201.5 0
288.072 254.471 0
263.547 283.883 0
229.435 144.175 0
259.229 79.1373 0
257.514 137.232 0
244.49 89.2625 0
247.33 123.164 0
101.3 129.3 0
297.626 266.847 0
215.161 426 0
220.041 391.216 0
291.972 442.406 0
203.04 129.904 0
225.774 263.11 0
210.245 266.5 0
216.392 311 0
305.607 134.428 0
271.573 325 0
291.35 313 0
216.741 136.109 0
345.593 152.412 0
90.9616 127.326 0
112.775 130.769 0
299.522 255.508 0
282.19 268.889 0
215.106 251.505 0
220.974 278.386 0
293.598 132.123 0
276.244 139.537 0
286.191 138.802 0
283.026 152.585 0
308.668 149.048 0
271.694 338.75 0
282.566 320.82 0
272.16 309.996 0
212.071 128.192 0
228.543 131.556 0
242.212 136.931 0
278.17 258.84 0
264.708 237.414 0
282.635 225.673 0
269.094 249.6 0
246.757 254.185 0
278.721 239.253 0
258.604 255.201 0
254.029 270.756 0
253.636 243.555 0
232.251 237.257 0
252.81 229.016 0
242.011 243.573 0
234.072 253.491 0
242.267 232.478 0
232.851 225.628 0
218.635 230.725 0
241.695 216.809 0
240.045 191.806 0
237.653 204.52 0
221.604 199.667 0
251.317 200.509 0
228.614 205.449 0
289.315 263.387 0
291.757 281.853 0
271.211 274.325 0
275.69 285.767 0
270.656 297.406 0
217.052 260.421 0
206.327 256.945 0
295.953 158.43 0
267.739 156.527 0
320.878 138.861 0
285.307 350.301 0
266.704 317.296 0
238.016 127.537 0
249.964 131.978 0
249.609 150.024 0
291.661 235.629 0
293.334 225.043 0
287.187 211.794 0
294.615 245.955 0
221.637 241.925 0
211.619 242.111 0
256.067 182.706 0
263.901 205.37 0
290.551 272.73 0
260.177 294.285 0
243.362 287.751 0
266.654 170.487 0
273.954 149.014 0
312.063 140.707 0
314.768 131.39 0
319.745 149.914 0
329.296 145.308 0
331.117 134.211 0
273.145 350.838 0
279.607 359.203 0
274.099 368.902 0
280.432 379.97 0
277.909 389.563 0
280.911 341.685 0
260.579 147.965 0
240.159 160.814 0
239.526 147.084 0
289.776 198.826 0
279.983 184.097 0
281.911 193.435 0
249.962 190.612 0
261.772 193.42 0
268.036 183.209 0
271.842 192.571 0
273.753 215.074 0
257.529 173.276 0
335.594 153.105 0
242.512 175.83 0
228.133 156.789 0
215.773 163.702 0
275.418 175.236 0
270.552 226.779 0
263.749 218.629 0
245.812 167.62 0
231.173 182.258 0
229.524 192.686 0
218.24 187.867 0
213.951 149.825 0
218.203 175.662 0
202.861 153.048 0
231.522 70.1106 0
220.475 66.6097 0
223.13 77.4104 0
234.529 82.0407 0
245.965 72.8139 0
249.98 81.4644 0
240.914 59.8668 0
228.523 56.6545 0
257.267 66.1788 0
271.704 54.7953 0
277.692 72.2884 0
262.314 57.7333 0
262.9 44.5283 0
268.161 66.9575 0
286.798 67.4281 0
270.861 33.7241 0
265.029 24.0979 0
244.068 50.6139 0
248.473 39.8287 0
238.995 29.6287 0
227.781 46.5692 0
230.944 35.7107 0
291.074 485.054 0
291.457 473.506 0
258.932 94.4956 0
269.651 87.0206 0
268.971 77.0887 0
248.244 101.447 0
258.838 106.043 0
249.79 112.39 0
260.367 120.473 0
277.799 81.9074 0
292.232 454.64 0
294.312 464.175 0
212.341 289.89 0
217.173 299.906 0
208.189 304.848 0
209.011 278.399 0
282.545 306.454 0
239.858 267.094 0
248.384 263.352 0
244.891 276.866 0
253.022 283.558 0
233.132 280.764 0
231.074 271.261 0
217.404 211.356 0
221.346 220.829 0
300.735 276.714 0
296.611 294.41 0
301.595 286.243 0
299.158 305.17 0
282.476 278.69 0
292.292 170.971 0
295.847 340.54 0
296.392 326.899 0
297.065 352.426 0
289.762 359.248 0
296.612 368.341 0
292.288 379.396 0
297.228 387.829 0
300.087 317.695 0
238.473 301.511 0
227.409 306.201 0
237.969 315.718 0
225.714 317.357 0
235.514 292.711 0
246.321 296.551 0
276.764 44.0406 0
249.52 22.7393 0
270.067 128.539 0
291.485 182.549 0
236.98 328.72 0
230.202 343.985 0
230.355 334.915 0
214.112 345.174 0
234.717 355.648 0
239.354 347.147 0
231.66 368.443 0
216.658 373.552 0
240.439 337.641 0
211.456 362.879 0
227.443 380.642 0
229.709 390.106 0
222.517 349.446 0
212.494 383.506 0
208.604 353.399 0
216.591 484.227 0
216.799 473.029 0
216.086 460.963 0
215.8 447.764 0
211.778 436.99 0
221.091 433.842 0
216.662 409.321 0
222.396 418.244 0
210.127 417.14 0
211.42 398.975 0
224.175 401.355 0
292.505 426.524 0
286.675 434.278 0
297.859 434.653 0
211.326 323.564 0
214.461 334.144 0
207.531 314.731 0
167.717 142.223 0
161.918 151.803 0
153.365 137.158 0
163.164 132.26 0
140.739 135.653 0
128.885 133.617 0
354.285 138.15 0
344.712 132.75 0
367.4 136.246 0
379.293 133.903 0
390.739 132.467 0
401.655 131.007 0
412.267 128.83 0
291.36 406.689 0
297.554 398.273 0
296.981 416.315 0
286.145 416.188 0
282.714 400.036 0
185.161 139.551 0
194.494 135.456 0
193.166 147.408 0
177.66 148.86 0
175.302 133.462 0
226.861 296 0
384.889 133.569 0
118.222 131.96 0
