727
213 499 0
208 498 0
207 495 0
208 490 0
210 486 0
211 482 0
212 477 0
212 472 0
213 467 0
213 462 0
213 457 0
213 452 0
213 447 0
213 442 0
212 437 0
212 432 0
212 427 0
212 422 0
211 417 0
210 413 0
210 408 0
209 403 0
207 399 0
205 395 0
204 390 0
204 385 0
208 383 0
213 382 0
212 377 0
212 372 0
212 367 0
212 362 0
212 357 0
212 352 0
212 347 0
210 343 0
207 339 0
205 335 0
204 330 0
202 326 0
201 321 0
201 316 0
199 312 0
198 307 0
198 302 0
198 297 0
196 293 0
196 288 0
196 283 0
196 278 0
196 273 0
196 268 0
196 263 0
196 258 0
198 254 0
199 249 0
200 245 0
201 240 0
203 236 0
204 231 0
207 227 0
210 223 0
212 219 0
213 214 0
215 210 0
218 206 0
221 202 0
223 198 0
224 193 0
223 188 0
222 184 0
221 179 0
219 175 0
218 170 0
214 166 0
213 162 0
210 158 0
212 154 0
212 149 0
212 144 0
208 142 0
204 139 0
199 138 0
194 138 0
189 138 0
184 138 0
179 138 0
174 139 0
169 138 0
164 138 0
159 138 0
154 139 0
149 139 0
145 141 0
140 142 0
135 142 0
130 143 0
125 144 0
121 143 0
116 143 0
111 142 0
106 142 0
101 141 0
97 140 0
92 139 0
87 138 0
82 138 0
77 137 0
72 137 0
67 137 0
62 138 0
57 139 0
53 141 0
48 141 0
44 139 0
39 138 0
35 135 0
30 133 0
25 133 0
20 133 0
15 133 0
10 133 0
7 129 0
11 127 0
15 125 0
20 125 0
25 125 0
30 125 0
35 125 0
40 125 0
45 125 0
50 125 0
55 125 0
60 125 0
65 125 0
70 124 0
75 124 0
80 123 0
84 121 0
89 121 0
94 120 0
99 120 0
104 119 0
109 119 0
114 119 0
119 120 0
124 120 0
129 120 0
134 120 0
139 120 0
144 120 0
149 120 0
154 119 0
159 119 0
163 117 0
168 116 0
173 115 0
178 115 0
183 115 0
188 115 0
193 115 0
197 113 0
202 112 0
207 110 0
211 109 0
216 109 0
221 109 0
226 107 0
229 104 0
234 104 0
239 103 0
241 99 0
241 94 0
238 90 0
235 86 0
235 81 0
231 77 0
228 73 0
223 71 0
221 67 0
219 63 0
216 59 0
215 54 0
215 49 0
215 44 0
215 39 0
217 35 0
218 30 0
222 26 0
226 23 0
227 18 0
232 17 0
237 17 0
242 17 0
246 15 0
251 17 0
256 18 0
261 18 0
266 19 0
270 22 0
274 24 0
278 27 0
282 29 0
286 33 0
288 37 0
287 42 0
285 46 0
283 50 0
282 55 0
284 60 0
287 63 0
287 68 0
285 72 0
282 76 0
277 76 0
275 80 0
273 85 0
270 88 0
268 93 0
266 97 0
266 102 0
271 103 0
276 103 0
279 106 0
282 110 0
287 111 0
291 109 0
296 109 0
301 109 0
305 111 0
310 112 0
314 114 0
319 115 0
324 116 0
329 115 0
334 116 0
339 117 0
343 119 0
348 119 0
353 120 0
358 120 0
363 120 0
368 120 0
373 120 0
378 119 0
383 119 0
388 119 0
393 119 0
398 120 0
403 120 0
408 120 0
413 121 0
418 121 0
422 123 0
427 123 0
432 124 0
437 125 0
442 125 0
447 125 0
452 125 0
457 125 0
462 125 0
467 125 0
472 125 0
477 125 0
482 125 0
487 125 0
491 127 0
496 127 0
499 130 0
496 134 0
491 134 0
486 134 0
481 135 0
476 135 0
471 135 0
467 138 0
462 140 0
458 141 0
454 140 0
449 138 0
444 137 0
439 137 0
434 137 0
429 138 0
424 139 0
419 139 0
414 140 0
411 140 0
407 141 0
402 142 0
397 142 0
392 143 0
388 145 0
383 145 0
379 143 0
374 143 0
369 141 0
365 139 0
360 139 0
355 139 0
350 138 0
345 138 0
340 138 0
335 138 0
330 138 0
325 138 0
320 138 0
315 138 0
310 138 0
305 138 0
300 138 0
295 139 0
293 144 0
294 149 0
294 154 0
296 158 0
293 163 0
290 167 0
288 171 0
288 176 0
286 180 0
284 184 0
283 189 0
282 194 0
284 199 0
287 202 0
290 206 0
292 211 0
296 214 0
297 219 0
300 223 0
302 227 0
304 231 0
307 235 0
308 240 0
310 244 0
311 249 0
313 253 0
314 258 0
313 263 0
314 268 0
314 273 0
314 278 0
314 283 0
313 288 0
313 293 0
313 298 0
311 302 0
311 307 0
310 312 0
308 316 0
308 321 0
307 326 0
305 330 0
304 335 0
302 339 0
300 343 0
297 347 0
296 352 0
296 357 0
296 362 0
294 366 0
296 370 0
294 374 0
293 379 0
293 384 0
297 386 0
300 390 0
299 395 0
299 400 0
298 404 0
297 409 0
297 414 0
297 419 0
296 424 0
294 428 0
294 433 0
293 438 0
293 443 0
291 447 0
291 452 0
291 457 0
293 461 0
293 466 0
293 471 0
294 476 0
294 481 0
296 485 0
297 490 0
297 495 0
296 499 0
291 499 0
286 499 0
281 499 0
276 499 0
271 499 0
266 498 0
266 493 0
266 488 0
267 483 0
267 478 0
269 474 0
269 469 0
269 464 0
268 461 0
269 456 0
269 451 0
270 446 0
270 441 0
270 436 0
269 431 0
267 427 0
267 422 0
264 418 0
266 415 0
264 411 0
263 406 0
262 401 0
260 397 0
258 393 0
258 388 0
260 384 0
258 380 0
258 375 0
258 370 0
258 365 0
259 361 0
261 356 0
263 352 0
264 347 0
264 342 0
263 337 0
263 332 0
261 328 0
261 323 0
261 318 0
260 313 0
260 308 0
260 303 0
258 299 0
258 294 0
256 290 0
256 285 0
256 280 0
255 275 0
253 271 0
251 276 0
251 281 0
249 285 0
249 290 0
249 295 0
249 300 0
248 305 0
248 310 0
246 314 0
246 319 0
246 324 0
245 329 0
245 334 0
245 339 0
245 344 0
243 348 0
246 352 0
248 356 0
248 361 0
248 366 0
248 371 0
246 375 0
246 380 0
245 385 0
248 388 0
247 392 0
247 397 0
246 401 0
246 406 0
246 411 0
245 416 0
243 420 0
242 425 0
240 429 0
238 433 0
238 438 0
237 443 0
236 447 0
235 452 0
235 457 0
235 462 0
235 467 0
237 471 0
237 476 0
238 481 0
242 484 0
242 489 0
244 494 0
244 497 0
239 499 0
234 499 0
229 499 0
224 499 0
219 499 0
214 499 0
228.357 254.214 0
253 178.375 0
253.22 215.61 0
281.681 259.159 0
252.833 57.5 0
222.443 285.5 0
223.433 318.5 0
284.25 310.5 0
241.232 151.5 0
272.899 215.74 0
249.528 37.3581 0
232.195 129.737 0
228.05 393.628 0
281.56 416.349 0
276.222 370 0
125.5 131.891 0
253.429 79.8571 0
227.746 339.888 0
230.006 366.724 0
224.491 474.058 0
294.604 123.968 0
281.59 440.187 0
280.446 481.266 0
281.09 463.925 0
213.122 262.083 0
269.869 171.693 0
232.911 220.97 0
281.002 284.166 0
235.572 277.294 0
209.503 289.722 0
286.545 328.848 0
236.147 168.951 0
226.911 156.199 0
232.754 43.223 0
234.295 116.952 0
268.579 286.927 0
295.549 293.844 0
274.023 324.828 0
234.171 58.7172 0
220.503 238.39 0
289.824 242.689 0
260.665 30.8794 0
385.5 131.75 0
276.5 390.5 0
237.223 30.4914 0
258.656 127.519 0
276.443 134.477 0
271.647 271.4 0
277.549 297.959 0
276.727 337.918 0
282.466 320.041 0
295.147 317.474 0
251.094 27.2391 0
261.824 45.6827 0
287.469 394.153 0
245.146 125.299 0
269.446 117.584 0
287.894 340.158 0
295.032 305.654 0
278.237 403.579 0
279.308 354.003 0
287.349 299.402 0
287.098 408.091 0
270.814 397.91 0
297.713 258.041 0
136.645 130.936 0
224 463.021 0
226.607 486.554 0
280.018 451.093 0
280.639 428.269 0
286.812 489.009 0
275.464 489.441 0
283.926 472.712 0
276.78 155.817 0
235.137 291.202 0
222.964 271.729 0
220.689 302.067 0
234.014 306.614 0
230.568 143.17 0
235.896 159.412 0
250.455 163.475 0
226.87 165.949 0
225.737 51.6768 0
242.98 50.0994 0
396.526 130.956 0
227.814 34.3388 0
286.952 131.691 0
284.557 271.75 0
290.065 263.868 0
301.217 270.572 0
293.57 281.048 0
303.923 280.577 0
265.193 278.191 0
262.696 253.828 0
272.161 308.899 0
267.715 296.792 0
295.924 327.001 0
271.247 37.4977 0
272.327 48.2578 0
254.199 112.42 0
249.77 139.383 0
268.825 127.737 0
263.86 141.024 0
287.212 349.32 0
273.392 346.703 0
224 452.021 0
218.181 489.951 0
209.63 275.491 0
222.771 262.082 0
217.859 293.391 0
234.735 317.909 0
229.617 328.382 0
217.677 332.345 0
225.521 309.706 0
229.336 298.526 0
239.731 299.284 0
221.803 147.737 0
220.908 135.185 0
221.547 122.095 0
210.428 128.113 0
212.472 118.609 0
245.511 171.987 0
239.21 186.958 0
259.295 169.633 0
262.46 155.666 0
252.135 46.7512 0
406.947 130.383 0
280.529 121.747 0
271.021 260.653 0
262.423 266.546 0
263.253 110.781 0
244.344 115.114 0
253.581 99.8272 0
240.262 141.75 0
274.021 145.188 0
283.327 141.663 0
225.115 439.75 0
205.309 267.206 0
212.681 322.149 0
211.579 310.072 0
198.482 125.853 0
269.553 162.113 0
252.012 152.737 0
416.19 130.192 0
250.555 89.8646 0
225.984 425.736 0
208.303 300.125 0
186.879 126.57 0
174.946 126.775 0
164.639 127.674 0
216.64 392.843 0
113.882 130.68 0
231.983 380.391 0
222.792 384.746 0
237.062 372.68 0
230.466 353.172 0
237.84 360.205 0
222.232 359.676 0
221.93 347.999 0
266.519 187.87 0
240.313 263.144 0
232.036 268.24 0
245.412 243.849 0
251.692 258.939 0
242.886 271.875 0
238.974 252.469 0
232.931 241.241 0
228.714 231.11 0
218.841 228.245 0
242.196 230.752 0
222.648 218.364 0
243.559 220.161 0
237.093 205.543 0
244.207 68.9162 0
244.087 78.3741 0
235.275 67.6685 0
216.623 250.177 0
207.709 254.024 0
211.118 241.833 0
374.31 131.13 0
270.979 380.323 0
281.975 379.415 0
284.034 363.211 0
270.77 360.652 0
289.283 252.67 0
299.653 247.342 0
275.215 245.714 0
260.79 237.172 0
279.64 230.296 0
265.881 245.027 0
250.946 235.547 0
281.477 239.167 0
269.188 63.0511 0
262.598 55.6001 0
231.869 178.943 0
102.939 130.22 0
222.402 374.135 0
274.171 181.019 0
252.671 193.216 0
247.985 185.688 0
257.805 185.906 0
264.411 203.018 0
242.827 196.783 0
251.176 204.456 0
272.108 196.368 0
276.235 205.902 0
263.076 213.101 0
265.03 225.431 0
244.595 210.963 0
254.673 225.874 0
227.767 209.584 0
283.96 219.457 0
291.194 231.183 0
264.252 74.2146 0
259.289 65.3471 0
307.524 125.254 0
318.977 126.523 0
330.29 126.689 0
339.915 128.25 0
349.3 128.633 0
226.035 409.619 0
218.977 402.553 0
234.851 402.608 0
232.75 417.699 0
220.654 417.66 0
