713
215 498 0
213 494 0
213 489 0
216 484 0
215 479 0
215 474 0
214 469 0
213 464 0
212 459 0
212 454 0
211 449 0
210 444 0
209 439 0
208 434 0
207 429 0
206 424 0
206 419 0
206 414 0
205 409 0
206 404 0
206 399 0
206 394 0
207 389 0
207 384 0
207 379 0
208 374 0
207 369 0
207 364 0
206 359 0
204 354 0
203 349 0
203 344 0
202 339 0
201 334 0
200 329 0
198 324 0
196 319 0
195 314 0
194 309 0
193 304 0
192 299 0
191 294 0
191 289 0
191 284 0
192 279 0
193 274 0
192 269 0
193 264 0
193 259 0
195 254 0
198 249 0
200 244 0
202 239 0
203 234 0
205 229 0
206 224 0
206 219 0
207 214 0
206 209 0
206 204 0
205 199 0
205 194 0
205 189 0
204 184 0
204 179 0
203 174 0
200 169 0
196 164 0
191 163 0
186 164 0
181 165 0
176 167 0
171 167 0
166 167 0
161 166 0
156 166 0
151 166 0
148 163 0
145 159 0
140 158 0
135 158 0
130 157 0
125 157 0
120 157 0
115 156 0
110 155 0
105 155 0
100 154 0
95 153 0
90 152 0
85 151 0
80 149 0
75 148 0
70 147 0
65 145 0
60 145 0
55 147 0
50 149 0
45 150 0
40 151 0
35 150 0
30 149 0
25 150 0
20 149 0
15 149 0
11 147 0
15 144 0
20 142 0
25 140 0
30 139 0
35 137 0
40 136 0
45 135 0
50 135 0
55 135 0
60 134 0
65 134 0
70 134 0
75 135 0
80 135 0
85 135 0
90 135 0
95 136 0
100 135 0
105 135 0
110 135 0
115 134 0
120 135 0
125 136 0
130 136 0
135 137 0
140 137 0
145 137 0
150 136 0
155 136 0
160 136 0
165 135 0
170 135 0
175 134 0
180 133 0
185 133 0
190 131 0
195 131 0
200 131 0
205 131 0
210 131 0
215 131 0
220 130 0
225 128 0
230 125 0
234 121 0
237 116 0
236 111 0
231 107 0
227 103 0
224 98 0
220 95 0
215 93 0
211 88 0
208 83 0
207 78 0
207 73 0
208 68 0
211 64 0
214 61 0
215 56 0
216 51 0
217 46 0
219 41 0
221 36 0
225 31 0
229 26 0
234 23 0
239 20 0
244 18 0
249 18 0
254 18 0
259 18 0
264 19 0
269 21 0
274 23 0
279 27 0
283 32 0
286 37 0
288 42 0
290 47 0
291 52 0
292 57 0
292 62 0
296 64 0
299 68 0
299 73 0
300 78 0
299 83 0
295 88 0
291 93 0
286 95 0
282 99 0
279 104 0
274 109 0
270 113 0
270 118 0
274 122 0
278 126 0
283 128 0
288 129 0
293 130 0
298 131 0
303 131 0
308 130 0
313 131 0
318 131 0
323 132 0
328 133 0
333 133 0
338 134 0
343 135 0
348 135 0
353 135 0
358 136 0
363 136 0
368 136 0
373 136 0
378 136 0
383 135 0
388 135 0
393 134 0
398 134 0
403 134 0
408 135 0
413 135 0
418 135 0
423 135 0
428 135 0
433 134 0
438 134 0
443 133 0
448 133 0
453 134 0
458 135 0
463 135 0
468 135 0
473 137 0
478 138 0
483 140 0
488 142 0
493 144 0
496 148 0
491 148 0
486 148 0
481 149 0
476 149 0
471 149 0
466 150 0
461 149 0
456 148 0
451 146 0
446 144 0
441 145 0
436 147 0
431 148 0
426 149 0
421 150 0
416 152 0
411 152 0
406 153 0
401 154 0
396 155 0
391 156 0
386 156 0
381 156 0
376 157 0
371 157 0
366 158 0
361 159 0
359 164 0
355 166 0
350 166 0
345 166 0
340 166 0
335 166 0
330 166 0
325 165 0
320 163 0
315 162 0
310 165 0
306 170 0
304 175 0
303 180 0
302 185 0
302 190 0
302 195 0
302 200 0
301 205 0
301 210 0
300 215 0
301 220 0
301 225 0
303 230 0
305 235 0
306 240 0
308 245 0
310 250 0
313 255 0
314 260 0
315 265 0
315 270 0
315 275 0
315 280 0
316 285 0
316 290 0
316 295 0
315 300 0
314 305 0
313 310 0
312 315 0
311 320 0
309 325 0
307 330 0
306 335 0
305 340 0
304 345 0
304 350 0
303 355 0
301 360 0
301 365 0
300 370 0
300 375 0
300 380 0
300 385 0
301 390 0
301 395 0
302 400 0
302 405 0
302 410 0
302 415 0
301 420 0
301 425 0
300 430 0
299 435 0
298 440 0
297 445 0
296 450 0
296 455 0
295 460 0
294 465 0
293 470 0
293 475 0
292 480 0
292 485 0
295 490 0
294 495 0
290 498 0
285 498 0
280 498 0
275 497 0
270 497 0
265 495 0
266 490 0
266 485 0
267 480 0
267 475 0
267 470 0
267 465 0
267 460 0
266 455 0
266 450 0
266 445 0
265 440 0
264 435 0
264 430 0
264 425 0
263 420 0
263 415 0
262 410 0
262 405 0
262 400 0
261 395 0
261 390 0
262 385 0
261 380 0
260 375 0
259 370 0
259 365 0
258 361 0
258 356 0
257 351 0
257 346 0
257 341 0
257 336 0
257 331 0
257 326 0
257 321 0
257 316 0
257 311 0
257 306 0
256 301 0
253 298 0
251 302 0
251 307 0
251 312 0
250 317 0
250 322 0
250 327 0
250 332 0
250 337 0
250 342 0
250 347 0
250 352 0
249 357 0
249 362 0
248 367 0
248 372 0
246 377 0
245 382 0
246 387 0
246 392 0
246 397 0
246 402 0
245 407 0
245 412 0
244 417 0
244 422 0
244 427 0
243 432 0
243 437 0
242 442 0
242 447 0
241 452 0
241 457 0
240 462 0
240 467 0
240 472 0
240 477 0
240 482 0
241 487 0
242 492 0
241 497 0
236 498 0
231 498 0
226 499 0
221 498 0
216 498 0
223.376 285.688 0
279.535 274.465 0
253.339 61.0678 0
253.479 191.5 0
223.489 316.704 0
226.454 346.909 0
227.476 367.505 0
226.007 395.401 0
284.827 308.5 0
281.375 333.5 0
279.5 367.5 0
225.499 257.1 0
269.236 240.606 0
289.273 255.391 0
236.295 50.8182 0
256.5 39.5773 0
267.307 80.3074 0
236.197 77.5701 0
232.411 170.718 0
267.532 159.421 0
277.639 187.5 0
229.465 196.707 0
221.744 151.719 0
286.643 165.157 0
249.935 140.935 0
172.984 150.922 0
193 147 0
308 146.887 0
220 409 0
211.044 269 0
221.772 74.1765 0
157.832 150.978 0
347.908 150.57 0
282.893 75.5227 0
216.376 399.273 0
232.367 406.337 0
235.945 396.939 0
229.045 420.956 0
227.809 61.7355 0
226.816 85.0929 0
241.394 93.6617 0
231.986 92.9816 0
147.047 148 0
165.386 144.77 0
165.431 157.197 0
359.113 147.551 0
235.394 414.712 0
217.496 420.294 0
222.512 433.854 0
226.155 51.6924 0
240.614 62.9326 0
136.458 147.5 0
369.666 146.476 0
232.567 430.844 0
125.962 146.5 0
115.064 145 0
105.064 145 0
228.243 485.918 0
279.058 484.708 0
183.815 153.159 0
180.183 143.406 0
206.718 153.344 0
215.646 165.613 0
197.652 154.944 0
203.474 142.355 0
206.816 162.655 0
225.951 161.851 0
237.648 151.054 0
229.248 140.666 0
218.376 141.358 0
239.59 140.893 0
244.812 128.694 0
260.027 129.519 0
252.289 156.313 0
265.07 144.146 0
246.534 149.325 0
256.666 173.778 0
241.74 162.673 0
250.902 165.942 0
260.976 152.642 0
258.411 138.259 0
270.269 134.171 0
283.11 147.204 0
273.244 150.665 0
277.809 159.884 0
275.566 173.679 0
279.802 137.621 0
266.16 182.156 0
298.268 157.129 0
296.475 166.963 0
288.532 155.461 0
295.526 144.778 0
288.988 138.291 0
211.299 254.58 0
203.365 261.652 0
221.473 238.514 0
217.324 261.899 0
228.575 271.701 0
219.678 248.632 0
218.927 276.075 0
207.188 287.343 0
251.303 259.289 0
241.288 284.386 0
238.072 262.076 0
232.034 280.947 0
237.664 244.735 0
247.105 272.161 0
243.129 253.282 0
253.207 240.817 0
263.527 270.396 0
255.763 283.777 0
254.92 267.589 0
248.766 289.798 0
268.972 282.499 0
283.935 291.21 0
263.254 292.287 0
278.261 283.75 0
271.189 304.189 0
273.707 293.914 0
273.782 319.713 0
276.445 311.289 0
286.825 321.514 0
298.085 313.126 0
293.829 331.931 0
269.299 331.167 0
272.613 346.43 0
266.653 312.925 0
295.479 299.282 0
266.154 339.841 0
288.368 347.673 0
298.439 282.756 0
303.899 304.865 0
280.844 342.574 0
295.317 341.265 0
279.805 355.74 0
290.313 358.315 0
269.846 361.365 0
293.14 290.335 0
289.765 368.627 0
277.687 86.3397 0
265.168 95.9332 0
254.078 86.4557 0
252.87 99.0964 0
261.267 106.255 0
249.367 111.71 0
243.09 103.698 0
244.217 83.8651 0
252.13 73.8077 0
263.405 68.45 0
267.592 52.1866 0
273.22 71.7907 0
258.649 118.249 0
243.223 71.7049 0
227.531 473.392 0
280 471.639 0
220.057 181.21 0
243.49 180.557 0
252.671 182.207 0
241.169 192.706 0
249.679 216.139 0
231.876 184.639 0
248.424 203.333 0
268.082 204.734 0
235.071 211.105 0
257.908 208.868 0
269.433 222.645 0
267.92 193.377 0
237.478 227.835 0
220.653 208.428 0
259.83 199.129 0
240.573 218.851 0
217.115 196.595 0
225.78 220.98 0
214.044 188.034 0
227.887 230.794 0
216.739 228.057 0
266.094 169.623 0
216.786 301.22 0
203.546 277.001 0
261.357 250.992 0
275.286 253.376 0
281.011 263.195 0
294.255 268.94 0
270.581 262.698 0
289.257 277.996 0
301.194 258.698 0
304.675 268.529 0
261.306 260.519 0
306.096 277.632 0
299.019 323.221 0
304.731 292.411 0
256.7 50.5845 0
246.525 53.1026 0
270.508 38.4385 0
262.798 30.3207 0
251.323 29.2847 0
243.36 39.7382 0
231.877 40.2085 0
241.296 29.9063 0
277.837 47.1762 0
277.708 59.8923 0
284.04 66.4672 0
226.238 459.457 0
281 457.442 0
212.751 174.854 0
222.863 171.994 0
261.1 231.535 0
249.316 229.512 0
258.966 221.184 0
283.161 212.603 0
284.622 231.793 0
283.743 244.224 0
293.976 238.701 0
297.545 248.714 0
215.806 291.64 0
233.353 299.085 0
242.727 297.209 0
209.41 313.606 0
213.865 326.903 0
204.882 302.521 0
228.871 331.424 0
200.5 294.092 0
218.772 337.779 0
214.812 348.907 0
222.268 357.44 0
235.625 356.651 0
238.234 345.007 0
236.562 320.268 0
237.725 366.714 0
232.318 310.077 0
241.365 306.751 0
239.469 330.501 0
223.753 446.746 0
231.636 451.803 0
231.976 440.909 0
273.175 213.356 0
280.081 200.122 0
289.512 191.75 0
289.307 178.321 0
290.145 204.259 0
279.867 222.504 0
290.343 220.49 0
274.34 231.68 0
323.502 147.867 0
316.158 140.932 0
315.419 152.628 0
281.5 441.577 0
286.492 449.675 0
275.677 449.334 0
336.013 146.436 0
339.376 155.939 0
329.363 155.987 0
221.693 381.187 0
218.01 371.567 0
216.715 389.548 0
233.468 378.114 0
236.365 387.309 0
281 386.5 0
289.194 379.433 0
272.841 377.585 0
267.942 370.103 0
282.5 422.995 0
288.118 432.615 0
275.305 431.926 0
280.318 404.806 0
273.005 395.368 0
288.787 395.956 0
289.75 412.9 0
292.828 404.226 0
274.5 414.73 0
