814
191 509 0
186 507 0
185 502 0
186 497 0
189 492 0
191 487 0
192 482 0
192 477 0
189 474 0
188 469 0
193 467 0
193 462 0
192 457 0
192 452 0
191 447 0
189 442 0
188 437 0
186 432 0
186 427 0
184 422 0
183 417 0
181 412 0
181 407 0
181 402 0
179 397 0
179 392 0
178 387 0
178 382 0
179 377 0
181 373 0
183 368 0
184 363 0
184 358 0
183 353 0
183 348 0
182 343 0
180 338 0
179 333 0
178 328 0
178 323 0
177 318 0
176 313 0
175 308 0
175 303 0
174 298 0
171 293 0
172 288 0
171 283 0
170 278 0
170 273 0
170 268 0
170 263 0
170 258 0
170 253 0
170 248 0
170 243 0
171 238 0
171 233 0
173 228 0
176 223 0
178 218 0
179 213 0
183 208 0
186 203 0
190 198 0
194 193 0
198 188 0
202 183 0
204 178 0
203 173 0
203 168 0
200 163 0
199 158 0
196 153 0
194 148 0
191 143 0
188 138 0
188 133 0
188 128 0
186 123 0
181 127 0
177 130 0
172 135 0
167 139 0
162 142 0
157 146 0
152 149 0
147 153 0
143 156 0
138 159 0
134 162 0
130 166 0
127 170 0
123 172 0
118 176 0
113 180 0
108 183 0
104 187 0
99 189 0
95 192 0
90 195 0
85 198 0
81 201 0
76 204 0
72 207 0
67 209 0
63 213 0
58 214 0
54 218 0
49 222 0
45 226 0
40 230 0
36 234 0
33 239 0
33 244 0
33 249 0
30 252 0
25 255 0
20 254 0
15 255 0
14 250 0
14 245 0
14 240 0
16 235 0
20 230 0
24 226 0
27 222 0
32 218 0
37 215 0
36 210 0
40 207 0
45 206 0
50 205 0
55 201 0
59 196 0
63 191 0
67 188 0
71 184 0
76 180 0
81 175 0
86 172 0
91 167 0
95 163 0
100 161 0
104 158 0
109 155 0
114 151 0
118 148 0
122 145 0
126 141 0
131 137 0
135 134 0
139 130 0
144 126 0
149 121 0
154 117 0
158 112 0
162 107 0
166 102 0
171 97 0
176 93 0
181 90 0
186 88 0
191 87 0
196 86 0
194 81 0
193 76 0
194 71 0
195 66 0
197 61 0
198 56 0
199 51 0
199 46 0
200 41 0
201 36 0
203 31 0
205 26 0
207 21 0
211 16 0
216 12 0
221 9 0
226 7 0
231 6 0
236 4 0
241 3 0
246 2 0
251 2 0
256 3 0
261 5 0
266 6 0
271 8 0
276 11 0
278 16 0
282 19 0
283 24 0
285 29 0
287 34 0
289 39 0
286 42 0
288 47 0
290 52 0
293 57 0
295 62 0
297 67 0
298 72 0
295 75 0
291 80 0
289 85 0
294 86 0
299 86 0
304 88 0
309 89 0
314 91 0
319 94 0
323 98 0
327 102 0
331 106 0
336 111 0
340 116 0
344 120 0
349 125 0
353 128 0
358 131 0
363 135 0
368 139 0
372 143 0
376 147 0
380 151 0
384 155 0
389 158 0
394 161 0
399 164 0
404 167 0
409 172 0
414 176 0
419 180 0
423 184 0
427 189 0
431 194 0
436 198 0
441 202 0
444 207 0
449 209 0
454 208 0
454 212 0
457 216 0
462 219 0
467 223 0
472 227 0
475 232 0
478 237 0
479 242 0
480 247 0
481 252 0
477 255 0
472 254 0
467 255 0
464 252 0
460 249 0
461 244 0
462 239 0
457 236 0
454 232 0
449 228 0
446 223 0
441 220 0
436 218 0
432 215 0
427 211 0
422 208 0
417 205 0
412 203 0
407 201 0
403 197 0
398 195 0
393 191 0
388 187 0
383 185 0
378 181 0
375 177 0
370 172 0
365 169 0
360 164 0
355 160 0
350 156 0
345 154 0
341 150 0
337 147 0
332 143 0
327 140 0
322 136 0
318 133 0
314 129 0
309 124 0
306 129 0
306 134 0
305 139 0
301 144 0
297 148 0
295 152 0
293 157 0
292 162 0
291 167 0
289 172 0
288 177 0
291 182 0
294 187 0
299 192 0
303 197 0
306 201 0
309 206 0
313 211 0
316 216 0
318 221 0
320 226 0
324 231 0
325 236 0
325 241 0
326 246 0
326 251 0
327 256 0
327 261 0
326 266 0
323 271 0
323 276 0
324 281 0
324 286 0
324 291 0
322 296 0
321 301 0
320 306 0
318 311 0
317 316 0
316 321 0
315 326 0
314 331 0
312 336 0
312 341 0
312 346 0
311 351 0
310 356 0
310 361 0
310 366 0
312 371 0
315 376 0
317 381 0
318 386 0
316 391 0
315 396 0
317 400 0
315 405 0
315 410 0
314 415 0
312 420 0
311 425 0
310 430 0
309 435 0
307 440 0
306 445 0
304 450 0
304 455 0
302 460 0
301 465 0
304 468 0
308 471 0
304 475 0
302 480 0
303 485 0
304 490 0
307 495 0
309 500 0
309 505 0
304 509 0
299 510 0
294 510 0
289 510 0
284 510 0
279 509 0
274 506 0
273 501 0
273 496 0
274 491 0
276 486 0
277 481 0
279 476 0
276 472 0
277 467 0
279 463 0
278 458 0
278 453 0
278 448 0
278 443 0
278 438 0
277 433 0
276 428 0
275 423 0
275 418 0
274 413 0
273 408 0
272 403 0
272 398 0
269 394 0
270 389 0
269 384 0
269 379 0
272 375 0
273 370 0
272 365 0
272 360 0
270 355 0
270 350 0
269 345 0
269 340 0
268 335 0
267 330 0
266 325 0
266 320 0
264 315 0
263 310 0
263 305 0
262 300 0
260 295 0
259 290 0
258 285 0
257 280 0
256 275 0
255 270 0
254 265 0
254 260 0
253 255 0
249 252 0
244 252 0
239 256 0
238 261 0
238 266 0
237 271 0
236 276 0
235 281 0
234 286 0
234 291 0
232 296 0
231 301 0
230 306 0
229 311 0
227 316 0
226 321 0
226 326 0
225 331 0
225 336 0
224 341 0
224 346 0
223 351 0
223 356 0
222 361 0
220 366 0
220 371 0
222 376 0
223 381 0
223 386 0
222 391 0
222 396 0
222 401 0
222 406 0
221 411 0
220 416 0
219 421 0
220 426 0
219 431 0
217 436 0
217 441 0
216 446 0
216 451 0
216 456 0
216 461 0
216 466 0
219 470 0
217 475 0
216 479 0
219 484 0
219 489 0
219 494 0
219 499 0
221 504 0
217 508 0
212 509 0
207 510 0
202 510 0
197 510 0
192 510 0
245.5 124.75 0
270.79 137.395 0
244.339 67.8678 0
210.445 233.878 0
246.242 197.797 0
203.182 270.5 0
201.738 310.452 0
202.972 341.406 0
200.409 384.5 0
285.024 237.09 0
289.376 270.925 0
290.561 322.5 0
293.627 401.275 0
290.65 344.33 0
221.366 139.954 0
219.421 73.4843 0
228.439 44.0878 0
264.323 53.5708 0
191.815 245.5 0
224.549 189.119 0
246.5 224.955 0
304 248.5 0
248.892 28.0198 0
283.813 112.288 0
201.604 215.762 0
229.41 238.888 0
269.241 191.655 0
288.441 214.935 0
224.14 27.2995 0
178.817 109.817 0
119.649 161.007 0
204.731 471.808 0
266.285 28.8845 0
201.082 408.184 0
202.24 428.952 0
205.018 487.745 0
214.081 287.216 0
193.057 288.989 0
302.973 286.995 0
283.98 298.204 0
205.357 133.243 0
216.496 156.801 0
206.343 76 0
311.174 236.663 0
296.02 101.9 0
182.405 291.119 0
190.243 302.614 0
289.5 469.5 0
207.795 498.607 0
210.611 62.932 0
470.213 244.916 0
287.946 131.315 0
287.42 384.346 0
302.427 384.593 0
199.866 106.896 0
216.642 94.286 0
214.552 83.4202 0
206.106 90.6788 0
110.276 167.563 0
127.346 153.961 0
204.445 460.23 0
200.725 479.851 0
314.978 247.061 0
311.301 261.607 0
298.098 236.83 0
291.358 226.726 0
301.52 217.956 0
297.002 207.692 0
283.021 199.848 0
304.527 228.249 0
189.794 315.62 0
201.362 325.969 0
290.136 457.364 0
197.024 499.212 0
225.664 59.3178 0
294.812 391.238 0
304.011 397.413 0
295.149 370.79 0
189.893 112.33 0
186.718 100.659 0
200.785 120.45 0
100.442 174 0
136.213 146.997 0
203.706 447.824 0
317.992 255.561 0
297.885 260.493 0
292.599 199.158 0
212.672 318.48 0
212.298 332.631 0
192.224 334.724 0
193.154 345.212 0
204.081 358.83 0
291.758 443.684 0
215.364 49.5731 0
239.413 53.9554 0
231.84 70.4977 0
230.014 86.0799 0
303.521 375.196 0
295.002 379.687 0
283.967 373.396 0
196.658 96.6842 0
217.228 112.529 0
92.1447 180.772 0
145.155 139.736 0
198.808 438.711 0
303.59 273.137 0
280.363 254.887 0
215.148 303.648 0
187.848 325.574 0
194.157 355.601 0
207.533 54.312 0
218.108 37.7887 0
209.516 41.9995 0
214.431 28.6955 0
241.892 40.1615 0
251.924 57.3545 0
254.692 44.2167 0
266.835 41.3493 0
275.607 34.7178 0
275.97 49.5954 0
275.931 68.5317 0
272.698 59.0569 0
260.072 71.2255 0
260.085 61.8893 0
207.418 113.193 0
209.805 102.654 0
231.163 102.951 0
83.7665 186.785 0
154.767 132.012 0
313.202 271.222 0
291.66 249.764 0
288.022 261.134 0
218.911 311.899 0
203.476 297.262 0
232.802 34.0258 0
226.171 94.8163 0
165.039 123.961 0
313.001 282.295 0
258.1 18.1687 0
245.272 15.4072 0
235.123 22.0954 0
226.231 17.5215 0
268.248 18.9011 0
207.427 418.246 0
195.55 419.101 0
209.559 145.669 0
207.559 154.643 0
201.001 141.639 0
247 156.49 0
269.398 160.08 0
282.015 97.8093 0
290.578 94.5132 0
261.154 107.751 0
272.771 84.4595 0
273.238 106.25 0
271.387 121.773 0
265.769 95.5102 0
247.705 95.6897 0
259.932 84.0689 0
256.772 99.1083 0
250.498 77.5442 0
280.749 88.8101 0
281.901 122.666 0
259.118 129.126 0
239.192 79.2576 0
246.018 86.1423 0
256.965 144.538 0
255.192 117.968 0
242.961 110.806 0
267.82 148.598 0
281.906 146.336 0
258.565 156.002 0
257.294 175.808 0
253.177 165.6 0
238.83 177.319 0
241.985 166.54 0
226.838 167.958 0
240.444 140.894 0
230.669 120.247 0
240.491 101.728 0
280.292 136.962 0
290.141 140.923 0
228.031 178.792 0
215.947 180.468 0
249.737 134.941 0
247.761 146.995 0
231.441 153.32 0
226.766 111.48 0
235.647 130.528 0
218.194 126.407 0
214.951 168.605 0
224.962 159.326 0
222.663 149.456 0
230.761 143.352 0
233.934 162.146 0
226.16 131.687 0
297.436 115.93 0
310.604 107.515 0
296.431 125.93 0
305.657 98.6164 0
306.386 115.425 0
296.922 134.952 0
283.455 395.402 0
266.152 214.425 0
277.083 224.001 0
277.342 212.678 0
270.158 203.374 0
257.188 204.924 0
254.556 216.387 0
257.245 192.867 0
262.009 231.465 0
240.698 211.43 0
247.462 185.775 0
262.444 184.352 0
274.904 179.571 0
236.485 190.734 0
279.961 189.31 0
228.737 203.088 0
267.599 223.801 0
273.276 235.265 0
277.824 244.713 0
266.673 252.901 0
264.694 242.106 0
231.125 223.544 0
238.089 202.425 0
211.122 200.758 0
214.229 190.778 0
271.378 268.647 0
238.093 232.09 0
239.292 242.566 0
221.55 230.242 0
212.579 221.621 0
211.067 211.244 0
230.543 213.244 0
263.657 262.378 0
272.679 259.682 0
251.813 239.394 0
211.349 349.62 0
214.942 341.299 0
221.381 294.993 0
257.305 34.144 0
169.4 114.427 0
280.795 77.7744 0
268.943 75.4224 0
280.954 158.034 0
276.848 168.498 0
267.205 172.512 0
237.993 92.0692 0
199.934 204.182 0
192.607 211.149 0
278.706 282.987 0
279.93 273.319 0
291.131 283.227 0
294.252 293.913 0
306.76 300.725 0
294.293 308.45 0
312.534 292.408 0
305.511 312.632 0
272.544 293.646 0
268.365 284.119 0
265.197 275.473 0
302.721 324.663 0
294.895 333.398 0
281.464 334.473 0
301.245 342.153 0
279.842 345.195 0
278.155 322.516 0
281.941 310.569 0
273.534 304.167 0
209.226 252.668 0
196.701 258.363 0
186.577 271.567 0
183.379 256.064 0
194.637 267.263 0
181.262 280.654 0
180.783 245.34 0
186.487 232.437 0
192.408 222.616 0
202.489 226.545 0
199.758 237.491 0
179.497 264.946 0
217.968 243.8 0
227.84 251.011 0
219.811 266.196 0
228.129 260.879 0
210.086 262.9 0
218.903 256.001 0
213.41 275.742 0
224.689 276.385 0
224.443 285.939 0
193.673 396.543 0
191.114 406.349 0
189.251 386.164 0
193.235 374.635 0
206.571 372.477 0
211.696 382.695 0
208.058 396.134 0
211.441 406.137 0
203.094 282.469 0
193.617 278.865 0
296.204 356.998 0
284.407 360.96 0
293.145 426.533 0
297.857 435.546 0
287.416 434.701 0
321.547 116.796 0
319.809 107.753 0
331.195 126.176 0
340.663 134.154 0
351.021 141.861 0
360.985 149.181 0
369.811 157.21 0
378.213 164.499 0
388.352 172.882 0
398.991 179.808 0
408.703 186.606 0
417.114 193.443 0
288.053 413.802 0
284.492 422.61 0
301.132 412.118 0
282.656 405.376 0
301.738 421.874 0
289.132 494.474 0
297.918 499.789 0
289.787 482.1 0
