777
192 493 0
188 489 0
188 484 0
188 479 0
192 475 0
194 470 0
192 465 0
193 460 0
195 455 0
194 450 0
192 445 0
191 441 0
189 437 0
188 432 0
187 427 0
189 422 0
191 418 0
192 413 0
193 408 0
194 403 0
195 398 0
195 393 0
196 388 0
196 383 0
196 378 0
196 373 0
195 368 0
195 363 0
194 358 0
194 353 0
194 348 0
194 343 0
194 338 0
194 333 0
194 328 0
194 323 0
195 318 0
196 313 0
196 308 0
197 304 0
198 299 0
198 294 0
197 289 0
193 287 0
192 282 0
192 277 0
192 272 0
191 267 0
191 262 0
191 257 0
191 252 0
191 247 0
192 242 0
192 237 0
192 232 0
192 227 0
193 222 0
193 217 0
193 212 0
193 207 0
189 203 0
184 203 0
179 203 0
174 203 0
169 203 0
164 203 0
159 204 0
159 199 0
154 199 0
149 199 0
144 199 0
140 201 0
135 203 0
130 204 0
125 204 0
120 204 0
115 204 0
110 204 0
105 204 0
100 203 0
95 203 0
90 204 0
85 205 0
81 208 0
76 210 0
74 215 0
71 219 0
67 221 0
62 222 0
59 219 0
55 221 0
50 223 0
45 223 0
44 220 0
44 215 0
47 211 0
43 210 0
39 212 0
36 217 0
33 219 0
29 221 0
25 217 0
20 215 0
23 209 0
27 205 0
31 200 0
36 199 0
41 197 0
45 194 0
50 192 0
55 191 0
60 190 0
65 189 0
70 189 0
74 187 0
79 184 0
82 181 0
86 178 0
90 176 0
92 172 0
98 171 0
101 167 0
106 166 0
111 165 0
115 162 0
120 164 0
124 164 0
128 162 0
133 160 0
138 160 0
143 158 0
146 154 0
149 151 0
153 149 0
158 148 0
163 145 0
168 144 0
172 141 0
177 139 0
181 136 0
186 134 0
191 132 0
196 130 0
200 128 0
205 126 0
210 125 0
214 122 0
219 120 0
224 118 0
228 115 0
232 114 0
232 109 0
231 104 0
229 100 0
229 96 0
228 92 0
225 88 0
220 85 0
220 80 0
221 76 0
225 73 0
228 70 0
228 65 0
228 60 0
230 56 0
230 51 0
233 46 0
236 41 0
238 38 0
243 36 0
247 35 0
251 32 0
256 31 0
261 31 0
266 32 0
270 35 0
274 38 0
278 41 0
281 46 0
284 50 0
285 55 0
286 60 0
286 65 0
286 70 0
288 73 0
293 75 0
294 80 0
292 85 0
289 89 0
285 92 0
285 97 0
284 102 0
282 106 0
282 111 0
284 115 0
288 118 0
293 119 0
298 122 0
302 124 0
305 126 0
310 127 0
314 131 0
319 132 0
324 134 0
329 136 0
333 138 0
338 141 0
342 144 0
347 145 0
352 147 0
357 149 0
361 152 0
365 155 0
368 157 0
373 158 0
378 161 0
383 162 0
388 162 0
393 162 0
398 162 0
402 164 0
407 167 0
411 169 0
416 172 0
421 172 0
426 173 0
431 174 0
435 177 0
439 180 0
442 184 0
447 185 0
451 188 0
456 191 0
460 191 0
464 193 0
468 196 0
473 199 0
477 203 0
481 206 0
485 210 0
489 214 0
487 218 0
482 219 0
477 216 0
473 212 0
468 211 0
467 216 0
462 216 0
457 216 0
452 215 0
447 216 0
442 214 0
438 212 0
436 208 0
432 207 0
428 207 0
424 208 0
421 208 0
417 208 0
414 204 0
409 203 0
404 203 0
399 203 0
394 203 0
389 202 0
384 203 0
379 202 0
375 199 0
370 197 0
365 197 0
360 197 0
355 198 0
352 202 0
347 202 0
342 202 0
337 201 0
333 199 0
329 199 0
324 198 0
319 199 0
318 204 0
317 209 0
317 214 0
318 219 0
318 224 0
318 229 0
318 234 0
318 239 0
318 244 0
318 249 0
317 254 0
317 259 0
316 264 0
314 268 0
314 273 0
313 278 0
313 283 0
313 288 0
312 293 0
309 298 0
309 303 0
309 308 0
309 313 0
309 318 0
310 323 0
310 328 0
310 333 0
309 338 0
309 343 0
310 348 0
310 353 0
310 358 0
310 363 0
310 368 0
310 373 0
310 378 0
310 383 0
310 388 0
310 393 0
311 398 0
311 403 0
311 408 0
311 413 0
311 418 0
311 423 0
311 428 0
311 433 0
311 438 0
311 443 0
311 448 0
311 453 0
312 458 0
313 463 0
311 467 0
310 472 0
313 476 0
317 478 0
319 482 0
321 483 0
321 489 0
318 491 0
313 491 0
308 491 0
303 491 0
298 491 0
293 491 0
288 490 0
283 490 0
278 489 0
274 486 0
275 481 0
271 477 0
270 472 0
266 468 0
264 463 0
262 458 0
263 453 0
265 448 0
264 444 0
262 439 0
261 434 0
261 429 0
262 424 0
263 419 0
264 414 0
264 409 0
265 404 0
266 399 0
266 394 0
265 390 0
263 385 0
262 380 0
262 375 0
260 370 0
258 366 0
258 361 0
257 356 0
255 351 0
253 350 0
252 353 0
250 358 0
248 363 0
247 367 0
246 372 0
245 376 0
242 380 0
241 385 0
240 390 0
239 395 0
237 400 0
238 405 0
239 410 0
240 415 0
241 420 0
242 425 0
241 430 0
239 435 0
237 440 0
235 444 0
234 449 0
232 454 0
235 459 0
239 463 0
237 468 0
234 472 0
230 475 0
230 480 0
231 485 0
230 490 0
225 491 0
221 493 0
216 493 0
212 492 0
207 491 0
202 491 0
198 493 0
193 493 0
256.5 87 0
221.5 358.5 0
257.786 125.607 0
316.407 166.186 0
148.173 178.182 0
128.553 183.767 0
202.44 167.85 0
254.976 209.5 0
213.38 439.348 0
215.73 409.946 0
218.159 385.5 0
230.36 322.472 0
352.973 174.866 0
379.46 180.6 0
283.433 353.313 0
285.95 377.81 0
270.429 315.5 0
285.96 431.5 0
288 406 0
289.312 459.938 0
190.578 152.694 0
223.937 209.5 0
285.453 194.891 0
282.698 231.5 0
277.4 280.5 0
236.716 259.5 0
225.51 285.898 0
214.14 264.972 0
102.308 186.793 0
448.068 201.932 0
244.357 96.4107 0
250.523 65.2829 0
231.32 369.66 0
284.649 153.489 0
215.155 310.573 0
272.342 362.535 0
300.857 461.317 0
239.291 62.7869 0
247.954 50.3351 0
423.839 189.986 0
230.136 150.645 0
236.294 132.588 0
202.788 428.429 0
224.376 425 0
282.696 470.836 0
276.084 456.742 0
294.728 286.491 0
267.006 57.6085 0
286.689 135.779 0
260.335 44.6206 0
159.01 165.02 0
206.81 277.871 0
59.9474 204.579 0
213.216 463.748 0
291.282 255.81 0
437.314 195.578 0
459.383 203.5 0
241.356 79.9988 0
237.087 71.7811 0
261.626 106.154 0
235.55 356.037 0
217.708 371.737 0
269.562 347.911 0
284.273 365.605 0
296.195 358.615 0
239.078 53.3995 0
202.151 439.644 0
208.082 451.513 0
220.367 449.627 0
213.835 428.309 0
208.204 418.449 0
204.506 407.594 0
212.525 397.284 0
225.052 396.035 0
207.162 387.481 0
296.215 474.545 0
277.985 442.933 0
256.491 56.5624 0
270.184 47.7692 0
171.563 182.013 0
167.532 192.171 0
159.383 183.058 0
156.617 174.092 0
150.341 188.521 0
139.615 185.374 0
135.782 172.879 0
132.857 193.021 0
202.657 266.978 0
218.656 276.07 0
226.446 266.433 0
50.583 201.961 0
428.465 197.871 0
432.886 187.219 0
231.466 80.5 0
247.112 87.4265 0
255.039 97.6541 0
238.497 364.42 0
225.568 340.397 0
208.449 361.923 0
265.992 356.166 0
283.718 332.073 0
294.66 344.298 0
226.827 407.303 0
207.212 376.111 0
287.498 479.823 0
273.382 431.224 0
279.96 418.188 0
293.219 445.061 0
301.106 451.278 0
145.109 168.213 0
227.303 350.295 0
211.439 346.731 0
279.602 342.64 0
301.081 350.851 0
230.126 416.779 0
271.651 422.174 0
276.322 407.043 0
284.657 450.764 0
298.401 433.563 0
203.895 353.137 0
211.895 328.822 0
294.748 419.198 0
215.958 337.886 0
299.369 408.511 0
296.378 395.062 0
301.959 425.012 0
281.451 392.307 0
290.138 387.056 0
297.975 377.936 0
274.749 382.28 0
276.247 372.078 0
294.015 368.558 0
300.753 386.833 0
90.1147 191.046 0
80.4517 195.418 0
70.3018 200.228 0
229.498 381.534 0
225.193 437.013 0
280.589 299.33 0
264.233 73.1906 0
253.373 76.1794 0
274.308 66.9458 0
276.052 81.0099 0
266.054 83.2803 0
302.654 146.589 0
268.045 142.604 0
212.139 291.252 0
223.169 299.426 0
250.305 297.155 0
227.234 310.803 0
236.957 300.915 0
240.134 286.621 0
238.397 273.064 0
228.791 276.306 0
248.473 316.227 0
237.663 314.262 0
232.517 292.428 0
258.093 279.458 0
245.687 306.335 0
259.342 307.452 0
250.579 286.713 0
252.068 264.483 0
265.237 293.164 0
270.238 304.103 0
267.571 283.233 0
224.81 464.597 0
290.224 271.463 0
287.066 280.599 0
301.328 264.351 0
303.878 251.173 0
301.159 276.311 0
293.157 241.477 0
299.605 224.247 0
305.424 238.689 0
292.7 231.485 0
308.136 229.203 0
304.118 480.912 0
242.721 335.38 0
237.109 345.005 0
241.379 324.536 0
296.903 331.281 0
289.311 315.017 0
289.889 324.651 0
279.225 322.06 0
265.282 331.58 0
253.176 328.582 0
259.557 319.08 0
256.94 339.322 0
206.617 318.464 0
219.445 320.755 0
223.544 330.253 0
291.853 145.346 0
298.383 135.643 0
279.082 143.875 0
208.666 301.69 0
248.82 274.49 0
252.524 236.939 0
268.47 266.583 0
280.708 262.958 0
276.508 271.249 0
269.328 247.011 0
272.27 256.945 0
260.093 255.15 0
259.209 244.839 0
267.1 231.384 0
247.238 251.058 0
281.103 243.643 0
281.896 253.321 0
255.708 223.394 0
275.039 212.685 0
226.161 235.565 0
223.519 251.025 0
239.457 217.285 0
274.957 223.685 0
265.414 218.113 0
287.411 218.277 0
239.148 239.98 0
209.435 240.662 0
206.286 253.882 0
248.919 216.786 0
244.719 227.958 0
233.441 226.884 0
219.955 222.967 0
285.2 206.687 0
301.255 201.131 0
233.98 249.248 0
219.077 242.31 0
201.049 245.65 0
215.445 255.722 0
208.593 212.284 0
297.797 212.501 0
307.101 209.12 0
206.349 226.054 0
212.316 189.126 0
308.058 219.015 0
201.891 218.26 0
214.827 231.894 0
201.587 234.69 0
214.536 201.361 0
203.279 202.315 0
275.198 290.558 0
279.737 310.072 0
294.72 301.742 0
288.751 294.113 0
300.353 294.119 0
298.865 311.17 0
259.682 270.119 0
239.457 197.924 0
226.618 196.903 0
234.877 174.268 0
233.886 186.731 0
222.954 186.602 0
214.614 175.13 0
216.063 158.886 0
224.821 176.477 0
211.416 166.658 0
300.456 180.027 0
234.601 207.604 0
244.957 206.741 0
228.12 163.337 0
203.575 154.742 0
198.817 142.668 0
308.952 190.272 0
312.948 178.312 0
333.038 177.486 0
319.981 187.31 0
322.857 174.582 0
330.889 188.218 0
344.205 185.303 0
355.808 186.148 0
366.262 177.525 0
371.083 186.696 0
361.5 166.786 0
348.011 161.089 0
332.073 161.57 0
371.468 168.792 0
342.315 170.923 0
339.832 154.364 0
296.219 190.754 0
215.651 142.046 0
211.894 150.563 0
320.176 150.086 0
330.749 148.801 0
207.007 136.225 0
226.966 139.485 0
219.247 131.659 0
228.046 127.065 0
322.863 159.206 0
309.853 156.161 0
303.525 167.452 0
286.982 170.076 0
286.88 182.524 0
262.437 185.97 0
253.298 196.02 0
275.107 187.431 0
248.034 181.585 0
273.868 200.055 0
270.519 171.552 0
265.627 207.188 0
279.237 176.237 0
245.513 190.682 0
263.89 196.471 0
258.179 174.109 0
261.229 157.767 0
272.646 154.022 0
244.69 160.648 0
279.046 162.734 0
235.764 158.045 0
247.959 170.861 0
312.686 141.967 0
293.965 160.636 0
244.427 145.44 0
248.573 133.817 0
243.645 121.1 0
248.319 108.88 0
259.131 136.39 0
251.864 152.918 0
256.559 115.259 0
269.879 116.71 0
270.378 129.757 0
271.818 106.69 0
267.303 95.3874 0
275.551 90.5557 0
280.879 126.412 0
115.975 189.997 0
116.869 176.825 0
123.817 194.853 0
107.658 194.724 0
126.051 173.535 0
106.424 177.186 0
407.553 186.383 0
417.007 182.263 0
414.443 193.85 0
215.67 478.006 0
205.416 472.431 0
203.006 462.422 0
200.113 481.054 0
177.108 164.784 0
168.144 171.406 0
167.948 156.41 0
179.079 153.432 0
189.878 165.463 0
192.803 184.31 0
182.906 176.157 0
194.694 174.366 0
203.905 181.268 0
200.798 191.709 0
181.408 190.336 0
392.674 187.536 0
394.879 174.794 0
382.401 191.053 0
400.606 193.317 0
404.696 176.783 0
385.034 172.024 0
449.778 197.333 0
267.664 312.889 0
280.464 382.222 0
215.628 401.778 0
112.889 190.622 0
300.444 165.448 0
