719
120 499 0
121 494 0
124 490 0
128 487 0
132 483 0
137 481 0
142 480 0
147 476 0
149 471 0
153 466 0
150 461 0
149 457 0
152 452 0
153 447 0
154 442 0
155 437 0
157 432 0
158 427 0
159 422 0
161 417 0
162 412 0
164 407 0
166 402 0
169 397 0
170 392 0
172 387 0
173 382 0
175 377 0
175 372 0
177 367 0
176 362 0
175 359 0
177 354 0
179 349 0
180 344 0
181 339 0
182 334 0
184 329 0
186 324 0
188 319 0
189 314 0
191 309 0
191 304 0
193 299 0
195 294 0
197 289 0
199 284 0
200 279 0
201 274 0
202 269 0
205 264 0
206 259 0
207 254 0
208 249 0
211 244 0
212 239 0
212 234 0
214 229 0
215 224 0
216 219 0
218 215 0
218 210 0
222 205 0
223 200 0
220 195 0
220 190 0
222 185 0
219 180 0
218 175 0
218 170 0
217 165 0
215 160 0
214 155 0
214 150 0
213 145 0
211 140 0
206 137 0
201 133 0
196 130 0
192 126 0
187 126 0
182 125 0
177 125 0
172 125 0
167 125 0
162 125 0
157 125 0
152 125 0
147 125 0
142 125 0
137 125 0
132 125 0
127 125 0
122 126 0
117 127 0
112 127 0
107 127 0
102 127 0
97 127 0
92 129 0
87 131 0
83 133 0
78 133 0
73 135 0
71 131 0
71 126 0
71 121 0
66 123 0
61 123 0
56 123 0
51 123 0
46 123 0
41 122 0
36 122 0
31 122 0
27 121 0
22 120 0
19 116 0
17 112 0
21 110 0
26 111 0
31 110 0
36 109 0
41 108 0
46 108 0
51 107 0
56 106 0
61 106 0
66 105 0
71 106 0
76 106 0
81 106 0
86 106 0
91 106 0
96 106 0
101 107 0
106 107 0
111 107 0
116 107 0
121 105 0
126 104 0
131 103 0
136 102 0
141 102 0
146 102 0
151 103 0
156 104 0
161 103 0
166 103 0
171 103 0
176 103 0
181 101 0
186 101 0
191 101 0
196 99 0
201 98 0
206 98 0
211 99 0
216 100 0
221 99 0
226 97 0
231 96 0
236 93 0
238 88 0
238 83 0
238 78 0
237 73 0
236 68 0
231 66 0
230 62 0
230 57 0
228 52 0
227 47 0
228 42 0
231 38 0
231 33 0
232 28 0
233 23 0
234 19 0
239 16 0
244 14 0
249 13 0
254 13 0
259 13 0
264 15 0
269 17 0
271 22 0
274 27 0
274 32 0
274 37 0
278 40 0
279 45 0
279 50 0
277 55 0
274 59 0
273 64 0
269 67 0
267 72 0
266 77 0
266 82 0
268 85 0
269 90 0
273 94 0
278 95 0
283 96 0
288 99 0
293 97 0
298 97 0
303 97 0
308 98 0
313 99 0
318 101 0
323 102 0
328 102 0
333 102 0
338 102 0
343 102 0
348 103 0
353 103 0
358 104 0
363 102 0
368 102 0
373 102 0
378 103 0
383 103 0
388 103 0
393 104 0
398 106 0
403 107 0
408 107 0
413 106 0
418 106 0
423 107 0
428 106 0
433 103 0
437 106 0
442 106 0
447 106 0
452 106 0
457 106 0
462 106 0
467 106 0
472 107 0
477 108 0
482 108 0
487 109 0
491 112 0
488 117 0
483 119 0
478 121 0
473 122 0
468 122 0
463 122 0
458 122 0
453 123 0
448 123 0
443 121 0
438 124 0
438 129 0
437 134 0
432 133 0
427 132 0
422 131 0
417 131 0
412 130 0
407 130 0
402 130 0
397 129 0
392 128 0
387 128 0
382 127 0
377 127 0
372 127 0
367 126 0
362 126 0
357 125 0
352 125 0
347 125 0
342 125 0
337 125 0
332 126 0
327 128 0
322 128 0
317 129 0
312 129 0
308 133 0
303 135 0
299 140 0
297 145 0
295 150 0
293 155 0
290 160 0
290 165 0
288 170 0
287 175 0
287 180 0
287 185 0
287 190 0
285 195 0
281 199 0
281 203 0
285 208 0
288 213 0
288 218 0
290 223 0
290 228 0
295 233 0
296 238 0
296 243 0
295 248 0
297 253 0
300 258 0
300 263 0
300 268 0
300 273 0
301 278 0
303 283 0
304 288 0
306 293 0
306 298 0
307 303 0
309 308 0
310 313 0
311 318 0
313 323 0
315 328 0
316 333 0
317 338 0
318 343 0
320 348 0
323 353 0
326 358 0
325 363 0
325 368 0
327 373 0
327 378 0
329 383 0
330 388 0
332 393 0
332 398 0
333 403 0
334 408 0
335 413 0
336 418 0
337 423 0
338 428 0
339 433 0
340 438 0
340 443 0
342 448 0
344 453 0
347 458 0
348 463 0
348 468 0
352 471 0
354 476 0
358 480 0
363 482 0
368 486 0
372 490 0
375 495 0
372 499 0
367 499 0
362 499 0
357 499 0
352 499 0
347 499 0
342 499 0
337 499 0
332 499 0
327 499 0
325 495 0
328 490 0
328 485 0
328 480 0
328 475 0
327 472 0
322 473 0
317 474 0
315 472 0
315 467 0
314 462 0
313 457 0
312 452 0
312 447 0
311 442 0
310 437 0
309 432 0
307 427 0
307 422 0
306 417 0
305 412 0
303 408 0
301 403 0
301 398 0
300 393 0
299 388 0
297 383 0
296 378 0
293 374 0
288 377 0
283 378 0
278 379 0
273 381 0
268 382 0
263 382 0
259 381 0
257 376 0
256 371 0
255 366 0
255 361 0
255 356 0
255 351 0
254 346 0
254 341 0
254 336 0
254 331 0
251 328 0
251 333 0
251 338 0
250 343 0
250 348 0
250 353 0
250 358 0
249 363 0
249 368 0
249 373 0
250 378 0
250 382 0
245 382 0
240 382 0
235 382 0
230 380 0
225 379 0
220 378 0
215 378 0
210 377 0
205 375 0
202 379 0
200 384 0
199 389 0
197 394 0
195 399 0
195 404 0
193 409 0
191 414 0
190 419 0
190 424 0
188 429 0
186 434 0
184 439 0
184 444 0
184 449 0
183 454 0
181 459 0
180 464 0
179 469 0
174 469 0
169 468 0
168 473 0
169 478 0
170 483 0
171 488 0
173 493 0
171 497 0
166 498 0
161 498 0
156 498 0
151 498 0
146 498 0
141 498 0
136 498 0
131 498 0
126 498 0
121 498 0
252.026 201 0
275.142 306.858 0
252.453 35.5 0
254.054 139.389 0
230.5 299.5 0
216.355 339.042 0
252.821 249.764 0
285.194 338.5 0
274.523 144.709 0
242.632 162.474 0
233.7 143.46 0
214.597 358.259 0
232.085 245.617 0
274.34 259.164 0
270.51 119.452 0
265.023 168.005 0
232.234 119.835 0
305.585 360.049 0
287.143 126.415 0
194.214 360.214 0
253.351 91.3058 0
256.365 53.5409 0
244.378 26.6808 0
235.077 225.692 0
266.84 47.0374 0
188.755 374.551 0
175.276 421.255 0
321.943 424.211 0
316.5 400.1 0
311.5 375.9 0
341.207 479.345 0
288.795 296.241 0
259.841 26.1591 0
211.634 307.927 0
223.875 277.35 0
264.931 227.814 0
280.827 358.068 0
287.121 261.414 0
295.994 112.971 0
230.409 214.164 0
273.864 216.791 0
243.388 56.8339 0
241.776 37.1706 0
257.593 43.8302 0
337.375 469.344 0
338.053 488.947 0
277.377 279.336 0
245.573 214.734 0
253.061 67.7375 0
279.243 268.741 0
288.599 275.85 0
285.623 286.075 0
273.21 292.849 0
167.109 452.978 0
237.824 191.478 0
268.998 185.571 0
186.32 365.416 0
197.024 369.492 0
302.823 370.109 0
314.601 365.714 0
251.953 21.7845 0
277.459 228.835 0
269.967 243.389 0
266.363 204.168 0
249.822 229.31 0
260.785 62.0523 0
254.418 79.5067 0
280.023 299.048 0
252.885 302.789 0
161.714 461.287 0
239.925 203.697 0
257.159 211.795 0
261.105 193.938 0
271.502 195.411 0
258.361 238.505 0
240.205 236.649 0
248.947 240.865 0
264.683 301.163 0
262.784 317.101 0
254.12 279.564 0
264.908 270.035 0
261.48 289.347 0
264.341 218.205 0
250.669 264.786 0
262.031 258.011 0
262.15 248.612 0
266.916 280.352 0
239.233 275.249 0
240.848 255.714 0
241.401 246.383 0
240.863 265.55 0
247.888 273.228 0
242.944 290.283 0
231.072 287.263 0
216.147 292.697 0
252.372 292.993 0
241.636 301.527 0
245.826 314.937 0
220.411 302.244 0
226.663 321.517 0
220.963 312.716 0
209.166 324.217 0
205.856 297.932 0
201.255 307.26 0
254.814 312.035 0
238.681 325.323 0
229.088 334.738 0
240.052 336.315 0
227.055 349.71 0
199.422 318.439 0
217.279 348.815 0
201.242 345.401 0
197.916 332.083 0
238.446 347.76 0
228.039 364.496 0
237.72 370.72 0
207.692 334.087 0
191.583 340.739 0
218.314 367.851 0
189.293 350.964 0
83.6154 118.615 0
94.1902 116.61 0
426.351 119.16 0
434.848 115.147 0
275.174 131.658 0
265.416 137.713 0
246.234 108.118 0
178.6 407.792 0
171.108 413.084 0
317.631 412.515 0
324.025 405.673 0
326.225 415.99 0
317.036 387.373 0
309.591 393.434 0
291.816 314.213 0
293.021 361.368 0
284.855 367.367 0
289.619 349.759 0
301.105 338.745 0
293.318 327.669 0
300.807 349.931 0
310.655 351.468 0
277.42 324.207 0
300.631 320.041 0
284.577 329.575 0
282.643 113.816 0
271.984 106.749 0
259.337 111.718 0
257.85 125.774 0
254.986 101.91 0
264.786 99.76 0
243.575 129.131 0
243.525 139.664 0
249.096 151.304 0
238.675 152.728 0
229.651 162.068 0
262.552 150.868 0
254.636 161.966 0
235.705 176.226 0
252.095 178.289 0
250.475 189.639 0
231.982 131.709 0
222.963 139.028 0
242.913 118.372 0
273.788 157.994 0
282.665 151.823 0
276.494 169.206 0
231.403 184.597 0
227.463 171.377 0
244.554 172.062 0
252.357 118.087 0
276.921 179.3 0
298.548 124.287 0
237.913 47.385 0
263.81 35.6426 0
328.668 456.3 0
337.456 459.862 0
349.502 487.764 0
282.949 240.866 0
282.241 251.707 0
212.137 281.058 0
215.042 269.821 0
226.789 260.654 0
206.958 288.736 0
230.683 269.936 0
216.422 259.479 0
218.813 328.694 0
204.078 355.82 0
238.195 359.208 0
414.261 118.073 0
402.756 118.511 0
390.919 115.934 0
234.058 107.791 0
245.225 97.7783 0
182.523 395.418 0
296.183 304.239 0
269.557 337.744 0
266.939 327.17 0
276.949 346.932 0
267.972 356.301 0
272.444 367.89 0
264.349 346.645 0
272.337 316.05 0
304.896 329.291 0
262.303 177.853 0
216.168 123.91 0
221.696 112.059 0
325.601 442.209 0
332.5 448.087 0
321.267 450.532 0
221.212 249.112 0
378.863 115.057 0
183.788 384.432 0
319.656 434.047 0
366.886 113.974 0
156.888 484.796 0
147.573 488.206 0
158.195 474.895 0
285.837 139.014 0
225.656 234.464 0
170.761 434.492 0
167.335 425.935 0
173.508 444.638 0
233.913 311.438 0
225.4 151.398 0
310.876 114.116 0
303.936 107.04 0
323.931 115.055 0
335.498 113.413 0
346.538 113.956 0
356.712 114.093 0
203.149 114.137 0
211.993 109.267 0
205.918 124.006 0
190.622 113.535 0
179.272 113.874 0
168.139 113.925 0
157.584 114.448 0
146.104 113.517 0
134.684 113.813 0
124.297 114.911 0
377.778 116.144 0
115.556 115.536 0
278.214 275.556 0
