806
147 501 0
142 500 0
141 496 0
140 491 0
143 487 0
144 482 0
145 477 0
147 473 0
147 468 0
143 466 0
139 470 0
136 473 0
135 469 0
139 465 0
143 461 0
144 456 0
142 451 0
141 447 0
141 442 0
141 437 0
146 436 0
147 431 0
147 426 0
147 421 0
147 416 0
148 411 0
148 406 0
149 401 0
150 397 0
152 392 0
153 387 0
156 383 0
160 379 0
162 375 0
164 370 0
167 366 0
168 361 0
169 356 0
171 352 0
171 347 0
172 342 0
172 337 0
173 332 0
173 327 0
175 323 0
175 318 0
176 313 0
177 308 0
178 304 0
179 299 0
178 294 0
177 290 0
179 286 0
180 282 0
181 277 0
183 273 0
184 268 0
184 263 0
186 259 0
188 254 0
190 250 0
194 248 0
196 243 0
198 239 0
200 234 0
200 229 0
202 225 0
203 220 0
205 216 0
208 211 0
211 207 0
214 203 0
216 198 0
218 194 0
219 189 0
219 184 0
217 179 0
216 175 0
218 171 0
213 170 0
208 170 0
204 167 0
199 167 0
199 162 0
199 157 0
199 152 0
200 147 0
200 142 0
195 141 0
190 142 0
185 142 0
180 143 0
176 146 0
171 147 0
166 149 0
161 150 0
156 150 0
151 149 0
147 150 0
145 154 0
140 155 0
135 157 0
130 156 0
125 154 0
121 151 0
116 151 0
112 153 0
107 154 0
102 155 0
97 155 0
92 156 0
87 157 0
82 158 0
77 159 0
73 161 0
68 164 0
63 167 0
59 170 0
54 173 0
49 174 0
44 175 0
40 177 0
36 175 0
32 177 0
27 178 0
22 181 0
17 183 0
13 185 0
10 183 0
15 180 0
18 176 0
22 172 0
26 169 0
30 166 0
35 164 0
40 162 0
44 159 0
49 157 0
54 154 0
58 152 0
63 150 0
68 148 0
73 147 0
78 145 0
82 143 0
87 142 0
92 140 0
97 138 0
101 136 0
106 135 0
111 134 0
116 131 0
119 127 0
124 125 0
129 123 0
134 123 0
139 123 0
143 120 0
148 119 0
153 118 0
158 118 0
163 117 0
168 116 0
173 113 0
177 110 0
182 108 0
187 108 0
192 107 0
197 106 0
201 103 0
206 102 0
210 98 0
208 94 0
207 89 0
207 84 0
208 79 0
211 75 0
213 72 0
214 67 0
215 62 0
215 57 0
216 52 0
217 48 0
219 43 0
220 38 0
222 34 0
224 29 0
227 25 0
231 21 0
236 18 0
240 16 0
245 14 0
250 11 0
255 10 0
260 11 0
265 12 0
270 13 0
274 15 0
276 19 0
281 20 0
286 23 0
289 27 0
292 31 0
293 36 0
294 41 0
293 46 0
293 51 0
291 55 0
292 59 0
290 63 0
289 68 0
285 72 0
281 76 0
277 78 0
273 82 0
277 84 0
282 85 0
287 87 0
290 91 0
295 93 0
300 94 0
304 97 0
308 100 0
313 103 0
317 105 0
322 107 0
327 107 0
332 108 0
337 109 0
342 112 0
346 116 0
351 117 0
356 118 0
361 118 0
366 119 0
371 119 0
375 121 0
379 124 0
384 124 0
389 124 0
393 127 0
398 127 0
400 132 0
405 134 0
410 135 0
415 136 0
419 139 0
424 140 0
429 142 0
434 143 0
438 145 0
443 147 0
448 149 0
453 150 0
458 152 0
462 154 0
467 157 0
472 160 0
476 162 0
481 164 0
486 166 0
490 170 0
494 174 0
498 178 0
503 182 0
505 185 0
501 183 0
496 182 0
491 179 0
486 177 0
482 175 0
478 177 0
474 176 0
469 175 0
464 174 0
459 172 0
454 169 0
450 165 0
445 162 0
440 161 0
436 159 0
431 157 0
426 156 0
421 156 0
416 155 0
411 154 0
406 153 0
402 151 0
397 151 0
392 152 0
388 155 0
383 157 0
378 156 0
373 154 0
368 153 0
368 148 0
363 149 0
358 150 0
353 150 0
348 148 0
343 147 0
338 145 0
334 143 0
329 142 0
324 141 0
319 141 0
314 142 0
316 146 0
316 151 0
317 156 0
317 161 0
317 166 0
313 167 0
309 169 0
304 170 0
299 170 0
296 174 0
297 179 0
297 184 0
297 189 0
296 194 0
298 199 0
300 203 0
301 208 0
302 213 0
305 217 0
306 222 0
308 226 0
310 231 0
310 236 0
315 239 0
317 243 0
319 248 0
323 251 0
325 256 0
327 260 0
328 265 0
329 270 0
330 275 0
335 276 0
336 281 0
335 286 0
334 290 0
329 293 0
330 298 0
331 302 0
331 307 0
332 312 0
333 317 0
333 322 0
335 326 0
335 331 0
336 336 0
337 341 0
337 346 0
337 351 0
339 355 0
340 360 0
342 365 0
344 369 0
346 374 0
348 378 0
352 382 0
355 386 0
356 391 0
359 395 0
359 400 0
360 405 0
360 410 0
361 415 0
361 420 0
361 425 0
363 429 0
362 433 0
365 436 0
368 439 0
367 444 0
367 449 0
367 454 0
365 458 0
368 462 0
372 466 0
375 470 0
373 473 0
370 470 0
366 466 0
363 469 0
363 474 0
364 479 0
365 484 0
367 488 0
369 492 0
368 497 0
365 500 0
360 501 0
355 501 0
350 501 0
345 501 0
340 500 0
335 500 0
330 500 0
328 496 0
326 492 0
329 488 0
330 483 0
332 479 0
333 474 0
334 469 0
334 464 0
331 467 0
329 471 0
329 476 0
326 476 0
325 471 0
327 467 0
329 462 0
333 458 0
332 453 0
332 448 0
329 444 0
329 439 0
332 436 0
337 434 0
336 429 0
336 424 0
334 420 0
333 415 0
331 410 0
329 406 0
327 401 0
325 397 0
322 393 0
319 389 0
317 384 0
313 380 0
310 376 0
307 372 0
305 367 0
302 363 0
301 358 0
299 354 0
297 349 0
295 345 0
293 340 0
291 336 0
289 331 0
287 327 0
285 322 0
283 318 0
281 313 0
279 309 0
277 304 0
272 303 0
269 299 0
267 295 0
267 290 0
266 285 0
265 280 0
262 276 0
259 272 0
254 270 0
249 272 0
245 276 0
242 280 0
241 285 0
239 289 0
238 294 0
237 299 0
235 303 0
232 306 0
229 310 0
227 314 0
225 319 0
223 323 0
221 328 0
219 332 0
218 337 0
215 341 0
214 346 0
211 350 0
209 355 0
207 359 0
206 364 0
203 368 0
201 373 0
198 377 0
195 381 0
192 385 0
188 389 0
186 394 0
183 398 0
181 402 0
178 407 0
177 411 0
175 416 0
174 421 0
174 426 0
172 430 0
173 435 0
178 436 0
180 440 0
179 445 0
178 450 0
176 454 0
177 459 0
180 463 0
183 467 0
183 472 0
183 477 0
178 478 0
179 483 0
180 488 0
182 492 0
182 497 0
179 500 0
174 500 0
169 500 0
164 501 0
159 501 0
154 501 0
149 501 0
148 501 0
249.151 58.1628 0
256.788 215.894 0
223.901 254.45 0
207.375 290.969 0
198.857 319.429 0
303.448 299.276 0
288.628 259.154 0
191.671 345.168 0
278.225 127.688 0
310.735 325.206 0
243.775 37.7747 0
235.606 208.742 0
276.301 204.78 0
285.397 109.757 0
275.325 155.369 0
134.228 139.52 0
160.5 422.722 0
367.508 133.465 0
383.947 139.158 0
322 361 0
343.438 400.188 0
349.381 430.515 0
349.462 449.825 0
269.234 45.4408 0
206.333 268.241 0
220.787 233.897 0
192.613 291.764 0
222.478 293.913 0
307.613 266.796 0
322.648 329.023 0
281.062 48.0692 0
195.192 265.765 0
149.287 134.021 0
185.19 124.952 0
209.964 123.045 0
169.5 131.5 0
167.679 393.58 0
330.983 125.043 0
205.412 331.35 0
286.278 235.544 0
265.521 248.446 0
302.491 250.509 0
271.355 62.1405 0
314.134 257.899 0
292.046 222.813 0
160.208 458.323 0
249.907 175.084 0
345.422 440.187 0
261.646 29.413 0
320.082 316.533 0
311.989 341.791 0
277.802 34.8109 0
198.057 279.177 0
233.531 176.344 0
307.338 312.172 0
162.554 408.154 0
374.273 140.512 0
347.636 417.1 0
200.7 304.476 0
217.524 279.115 0
140.115 132.271 0
175.216 123.124 0
179.356 133.045 0
211.035 320.495 0
191.486 331.244 0
298.134 233.243 0
293.969 243.477 0
274.279 222.436 0
154.47 446.292 0
165.928 448.212 0
168.122 469.05 0
157.559 468.56 0
162.112 484.515 0
168.809 478.217 0
268.419 36.0164 0
256.447 41.798 0
260.101 53.2356 0
247.609 47.6665 0
232.546 55.2414 0
189.39 282.899 0
298.515 321.432 0
301.831 332.365 0
316.898 302.254 0
156.279 414.698 0
159.539 398.905 0
169.902 402.549 0
341.227 409.714 0
213.031 302.166 0
222.37 303.322 0
208.29 310.923 0
189.512 310.686 0
215.808 287.918 0
207.797 281.058 0
219.047 266.352 0
234.113 265.556 0
228.43 283.692 0
182.983 338.32 0
283.082 226.424 0
283.457 214.422 0
287.665 203.822 0
158.616 434.796 0
188.707 300.839 0
243.961 246.252 0
226.967 273.275 0
235.453 254.075 0
229.315 243.118 0
247.575 258.72 0
237.628 226.876 0
254.475 249.962 0
254.6 232.858 0
261.481 260.007 0
230.495 233.473 0
275.013 258.25 0
281.875 247.508 0
280.799 274.094 0
269.367 267.756 0
281.41 264.892 0
122.951 139.887 0
394.32 140.84 0
336.2 387.136 0
345.827 390.33 0
335.008 396.33 0
314.314 283.156 0
318.85 292.266 0
143.424 141.335 0
197.901 128.205 0
189.951 132.812 0
193.758 117.934 0
203.825 114.262 0
158.909 128.874 0
344.998 131.327 0
335.608 133.498 0
340.174 123.316 0
299.108 260.522 0
295.325 274.554 0
305.577 277.182 0
304.439 288.222 0
288.569 292.371 0
287.822 281.898 0
278.151 287.851 0
273.971 279.913 0
280.874 58.3227 0
324.495 341.397 0
318.526 350.598 0
311.667 358.67 0
307.614 350.15 0
236.217 143.297 0
242.972 192.005 0
272.335 236.261 0
262.646 238.841 0
264.557 227.869 0
267.927 212.765 0
258.105 199.193 0
273.411 181.118 0
282.667 191.133 0
285.159 179.545 0
277.7 168.491 0
263.552 170.727 0
289.029 159.665 0
300.698 149.678 0
306.666 158.469 0
251.227 155.674 0
287.435 169.303 0
298.114 129.84 0
254.41 165.64 0
240.662 164.538 0
263.299 157.311 0
259.903 137.028 0
267.667 146.153 0
257.262 147.14 0
246.597 145.999 0
239.026 153.795 0
227.418 161.059 0
270.749 135.665 0
285.875 142.349 0
303.53 139.222 0
226.997 170.092 0
291.151 150.333 0
170.298 490.148 0
153.152 490.345 0
236.761 79.9352 0
222.354 85.4352 0
225.866 73.0159 0
237.238 67.1471 0
240.602 111.615 0
225.334 62.6736 0
234.737 96.2532 0
231.417 87.557 0
186.111 321.387 0
181.758 329.338 0
224.526 219.157 0
233.971 218.104 0
245.209 215.244 0
246.212 203.42 0
213.949 224.319 0
224.289 207.804 0
247.761 225.194 0
230.767 196.518 0
234.072 186.694 0
244.139 235.471 0
317.737 272.202 0
324.574 283.726 0
356.516 129.63 0
291.654 305.206 0
297.984 312.093 0
254.663 186.915 0
265.998 190.359 0
262.712 180.8 0
267.831 199.939 0
213.765 155.138 0
224.69 148.647 0
213.274 141.872 0
207.189 133.237 0
287.818 132.008 0
287.082 120.831 0
300.273 113.159 0
294.568 103.882 0
296.062 121.094 0
254.343 90.4003 0
223.238 109.443 0
213.989 113.694 0
313.96 123.411 0
243.256 89.0253 0
247.404 100.963 0
266.296 105.813 0
263.599 121.473 0
257.68 100.153 0
266.19 91.7938 0
274.304 115.254 0
248.049 125.994 0
243.727 135.735 0
227.642 127.27 0
217.957 132.11 0
226.819 138.142 0
277.719 98.7166 0
257.107 128.147 0
222.025 97.4676 0
232.498 105.908 0
310.756 113.425 0
323.096 117.712 0
321.865 130.559 0
253.074 114.273 0
231.116 116.954 0
237.739 124.928 0
348.82 464.645 0
355.342 457.504 0
342.743 456.958 0
208.567 253.002 0
199.198 256.574 0
217.061 244.974 0
207.198 243.046 0
175.526 381.023 0
176.844 390.577 0
167.174 384.534 0
202.646 342.341 0
257.906 73.2521 0
248.018 78.7576 0
257.97 63.1306 0
262.813 82.1813 0
247.529 68.4021 0
268.316 72.1565 0
249.221 26.1365 0
238.766 28.3371 0
257.348 20.5172 0
231.931 42.5035 0
231.605 33.614 0
328.418 374.439 0
327.153 383.947 0
318.831 370.765 0
331.241 364.839 0
337.297 377.731 0
348 480.716 0
343.051 472.407 0
353.523 472.941 0
355.098 489.616 0
340.195 488.779 0
184.475 366.234 0
185.258 376.81 0
175.672 371.009 0
183.129 354.012 0
194.572 358.865 0
200.313 351.436 0
199.111 137.381 0
313.778 137.235 0
