787
310 506 0
306 503 0
302 499 0
300 494 0
300 489 0
300 484 0
301 479 0
300 474 0
300 469 0
299 464 0
300 459 0
300 454 0
300 449 0
300 444 0
300 439 0
299 434 0
299 429 0
297 424 0
295 419 0
294 414 0
293 409 0
291 404 0
288 399 0
287 394 0
285 389 0
282 384 0
281 379 0
282 374 0
283 369 0
284 364 0
281 359 0
279 354 0
279 349 0
278 344 0
277 339 0
277 334 0
276 329 0
276 324 0
275 319 0
273 314 0
272 309 0
271 304 0
270 299 0
267 294 0
266 289 0
265 284 0
264 279 0
263 274 0
263 269 0
262 264 0
257 264 0
252 264 0
249 267 0
248 272 0
248 277 0
248 282 0
247 287 0
245 292 0
243 297 0
241 302 0
240 307 0
238 312 0
236 317 0
236 322 0
235 327 0
235 332 0
234 337 0
233 342 0
233 347 0
232 352 0
229 357 0
228 362 0
230 367 0
230 372 0
229 377 0
229 382 0
227 387 0
225 392 0
224 397 0
222 402 0
220 407 0
218 412 0
218 417 0
216 422 0
214 427 0
212 432 0
210 437 0
212 442 0
212 447 0
213 452 0
213 457 0
213 462 0
212 467 0
211 472 0
210 477 0
210 482 0
211 487 0
212 492 0
210 497 0
209 501 0
204 504 0
199 505 0
194 505 0
189 505 0
184 503 0
180 499 0
178 494 0
178 489 0
180 484 0
182 479 0
184 474 0
186 469 0
188 464 0
190 459 0
189 454 0
189 449 0
189 444 0
189 439 0
189 434 0
189 429 0
189 424 0
187 419 0
185 414 0
182 409 0
181 404 0
180 399 0
179 394 0
178 389 0
178 384 0
178 380 0
181 375 0
181 370 0
183 365 0
186 361 0
189 356 0
191 351 0
192 346 0
192 341 0
192 336 0
191 331 0
191 326 0
190 321 0
190 316 0
189 311 0
189 306 0
189 301 0
187 297 0
186 293 0
186 288 0
185 283 0
187 279 0
186 274 0
187 269 0
188 264 0
191 261 0
189 256 0
190 251 0
192 246 0
196 243 0
198 238 0
201 233 0
202 228 0
204 223 0
206 218 0
208 213 0
210 208 0
211 203 0
211 198 0
213 193 0
214 188 0
216 183 0
215 178 0
213 173 0
211 168 0
209 163 0
207 158 0
204 153 0
204 148 0
202 143 0
199 138 0
196 133 0
191 133 0
187 136 0
182 138 0
177 141 0
172 144 0
167 146 0
162 147 0
157 149 0
152 151 0
147 152 0
142 154 0
137 156 0
132 159 0
127 162 0
123 164 0
118 168 0
113 170 0
108 172 0
103 174 0
98 176 0
93 178 0
88 180 0
83 182 0
78 185 0
73 187 0
68 190 0
66 195 0
65 200 0
64 205 0
63 210 0
62 215 0
58 217 0
53 213 0
53 208 0
50 204 0
45 203 0
40 204 0
35 207 0
30 209 0
25 212 0
20 214 0
15 216 0
10 216 0
5 217 0
1 215 0
2 210 0
7 208 0
12 205 0
16 203 0
21 201 0
26 199 0
30 195 0
31 190 0
36 187 0
41 184 0
46 182 0
51 180 0
55 177 0
60 175 0
65 171 0
70 167 0
75 164 0
79 159 0
84 155 0
89 152 0
94 148 0
99 144 0
104 142 0
109 139 0
114 138 0
119 137 0
124 135 0
129 134 0
134 131 0
139 128 0
144 125 0
148 122 0
153 118 0
158 116 0
162 112 0
164 107 0
168 102 0
172 99 0
176 96 0
181 93 0
186 90 0
191 89 0
196 88 0
201 88 0
206 88 0
211 86 0
216 83 0
221 80 0
226 77 0
231 74 0
234 71 0
234 66 0
234 61 0
232 56 0
228 51 0
227 46 0
227 41 0
232 40 0
232 35 0
232 30 0
231 25 0
232 20 0
235 15 0
240 12 0
245 10 0
250 9 0
255 9 0
260 9 0
265 10 0
270 11 0
275 15 0
278 19 0
281 23 0
283 28 0
284 33 0
284 38 0
286 42 0
285 47 0
284 52 0
280 57 0
280 62 0
280 67 0
281 72 0
284 77 0
289 80 0
294 83 0
299 85 0
304 87 0
309 89 0
314 90 0
319 90 0
324 90 0
329 92 0
334 95 0
339 99 0
344 101 0
347 105 0
350 110 0
353 115 0
358 118 0
363 121 0
368 125 0
373 128 0
377 131 0
382 132 0
387 135 0
392 137 0
397 138 0
402 139 0
407 141 0
411 144 0
416 147 0
421 150 0
426 154 0
430 158 0
435 160 0
440 164 0
445 168 0
450 171 0
455 175 0
460 178 0
465 180 0
469 183 0
474 186 0
479 188 0
481 193 0
485 197 0
490 199 0
495 202 0
500 205 0
504 208 0
509 212 0
510 216 0
505 217 0
500 216 0
495 215 0
490 212 0
485 210 0
480 208 0
475 206 0
470 204 0
465 204 0
460 205 0
459 210 0
459 215 0
454 215 0
449 212 0
448 207 0
445 202 0
445 197 0
443 192 0
438 188 0
433 185 0
428 182 0
423 180 0
418 178 0
413 175 0
408 174 0
403 171 0
398 169 0
393 167 0
388 164 0
384 161 0
379 158 0
375 155 0
370 153 0
365 152 0
360 149 0
355 149 0
350 147 0
345 145 0
340 144 0
335 143 0
330 141 0
325 138 0
320 134 0
316 134 0
314 139 0
311 144 0
309 149 0
308 154 0
306 159 0
304 164 0
302 169 0
301 174 0
299 179 0
299 184 0
300 189 0
301 194 0
301 199 0
301 204 0
302 209 0
304 213 0
306 218 0
308 223 0
309 228 0
312 233 0
315 238 0
316 243 0
321 247 0
323 252 0
323 257 0
323 262 0
325 266 0
326 271 0
326 276 0
325 280 0
327 284 0
327 289 0
326 294 0
323 298 0
323 303 0
322 308 0
322 313 0
321 318 0
321 323 0
321 328 0
320 333 0
320 338 0
320 343 0
320 348 0
321 353 0
323 358 0
327 363 0
330 368 0
332 373 0
334 378 0
335 383 0
335 388 0
335 393 0
332 398 0
331 403 0
328 408 0
326 413 0
325 418 0
324 423 0
323 428 0
323 433 0
322 438 0
322 443 0
322 448 0
323 453 0
323 458 0
327 463 0
326 468 0
328 473 0
329 478 0
331 483 0
332 488 0
333 493 0
332 498 0
329 503 0
324 503 0
320 506 0
315 506 0
311 506 0
229.146 244.146 0
269.778 227.611 0
198.5 110.5 0
257.942 37.5 0
256.957 68.5 0
254.726 124.81 0
257.075 172.185 0
214.173 303.5 0
213.018 329.196 0
208.225 360.79 0
201.601 392.08 0
289.618 115.704 0
316.5 111.932 0
294.566 275.487 0
296.962 306.608 0
298.472 337.306 0
306.402 376.28 0
287.778 222.389 0
241.868 211.774 0
228.803 135.179 0
277.077 181.5 0
236.212 176.358 0
277.467 150.487 0
334.35 121.188 0
233.165 105.941 0
270.851 44.0166 0
205.655 285.628 0
225.439 274.5 0
191.37 383.457 0
201.661 271.331 0
202.169 414.034 0
357.625 134.875 0
312.922 466.473 0
264.045 24.4105 0
212.159 378.832 0
283.005 287.998 0
293.615 351.277 0
318.139 388.392 0
228.182 201.236 0
220.044 148.637 0
336.895 110.14 0
190.562 394.796 0
201.828 381.429 0
194.374 370.968 0
326.928 113.661 0
323.968 124.002 0
323.438 102.397 0
198.471 403.145 0
210.063 400.449 0
212.273 389.753 0
315 490.857 0
245.863 48 0
303.442 258.029 0
265.766 57.3151 0
197.033 280.33 0
206.545 255.624 0
213.162 275.824 0
220.837 289.4 0
210.572 265.489 0
220.74 255.584 0
267.754 34.1072 0
248.519 25.1394 0
288.577 341.696 0
306.599 347.961 0
309.24 337.519 0
304.169 321.639 0
303.295 362.098 0
197.9 361.253 0
268.531 68.5543 0
262.61 96.9229 0
262.68 82.1353 0
253.803 56.9547 0
245.682 65.376 0
260.056 48.1174 0
246.347 81.7014 0
242.29 56.6519 0
200.132 262.242 0
211.707 293.71 0
201.667 301.445 0
205.699 315.993 0
233.515 285.155 0
236.831 274.254 0
230.318 296.661 0
230.892 263.104 0
213.604 241.902 0
220.638 265.651 0
256 18.7726 0
246.456 36.4844 0
311.346 328.097 0
295.111 371.323 0
296.376 383.777 0
306.962 387.481 0
311.229 404.15 0
293.461 361.155 0
311.659 356.598 0
275.754 89.5906 0
254.631 77.495 0
254.312 89.49 0
248.704 104.099 0
220.1 316.641 0
202.156 326.587 0
198.335 310.202 0
205.034 246.17 0
223.911 225.462 0
273.018 79.1971 0
276.31 106.033 0
239.597 93.735 0
261.4 111.639 0
242.375 117.17 0
224.979 306.534 0
223.905 327.062 0
222.395 235.963 0
213.329 229.294 0
271.803 97.9546 0
225.249 93.9717 0
235.753 83.6694 0
274.169 122.971 0
251.652 113.595 0
242.242 131.189 0
227.436 120.031 0
264.206 121.337 0
266.616 137.832 0
270.773 113.938 0
235.962 124.12 0
213.178 128.953 0
253.519 137.851 0
222.569 128.106 0
53.86 192.14 0
44.1456 193.259 0
60.0099 184.99 0
457.56 191.512 0
450.028 184.225 0
441.464 177.987 0
308.371 287.263 0
272.819 204.459 0
201.093 426.295 0
199.383 436.776 0
368.77 140.226 0
311.563 454.951 0
311.02 443.944 0
310.93 431.816 0
309.543 417.967 0
303.251 410.188 0
316.668 411.825 0
217.697 368.174 0
278.884 272.593 0
285.811 278.994 0
274.911 281.91 0
289.007 261.675 0
297.816 266.154 0
275.173 259.001 0
291.698 241.928 0
271.747 267.239 0
262.343 245.048 0
294.328 252.343 0
282.69 249.743 0
303.763 244.421 0
272.173 248.885 0
278.402 237.412 0
299.615 234.052 0
268.547 237.39 0
279.561 227.697 0
274.768 216.491 0
258.095 215.689 0
253.289 231.371 0
319.313 375.511 0
312.643 367.205 0
325.572 382.575 0
245.382 193.053 0
205.018 370.939 0
313.254 478.726 0
290.307 325.467 0
285.877 333.201 0
295.328 316.635 0
284.818 309.775 0
288.366 298.516 0
295.703 288.15 0
302.684 296.946 0
312.896 296.433 0
284.089 318.836 0
309.412 308.541 0
312.014 317.181 0
196.759 291.796 0
320.847 398.973 0
301.161 397.847 0
229.312 213.925 0
218.549 215.92 0
220.029 206.389 0
288.88 97.3776 0
285.177 88.6628 0
286.014 106.671 0
289.314 135.112 0
218.583 138.107 0
202.554 122.339 0
214.121 111.765 0
207.141 100.88 0
195.826 99.4082 0
217.828 101.707 0
184.127 108.096 0
224.141 110.482 0
186.926 99.6446 0
189.523 120.008 0
174.736 119.528 0
174.333 109.625 0
181.895 127 0
239.516 151.73 0
243.57 141.817 0
467.541 194.009 0
200.523 448.266 0
201.587 459.834 0
379.796 144.277 0
391.599 150.2 0
297.815 224.04 0
260.511 225.007 0
245.7 246.23 0
248.173 221.226 0
238.435 232.499 0
233.998 223.151 0
246.258 237.148 0
237.877 241.582 0
238.864 201.519 0
258.297 200.687 0
248.713 204.201 0
264.079 208.268 0
258.016 186.422 0
247.209 181.183 0
266.196 178.732 0
269.959 163.862 0
260.088 151.9 0
249.816 150.157 0
253.218 161.246 0
245.633 169.834 0
234.325 163.569 0
225.163 171.455 0
229.136 154.237 0
267.951 193.361 0
286.328 164.255 0
268.455 147.234 0
278.248 159.72 0
301.966 106.028 0
304.14 121.519 0
313.882 124.137 0
299.126 96.1019 0
312.188 101.171 0
298.564 114.404 0
307.542 113.144 0
294.128 125.481 0
283.879 126.376 0
303.134 133.608 0
277.925 136.139 0
297.342 144.629 0
286.769 145.403 0
163.65 130.655 0
173.384 131.88 0
165.582 121.494 0
198.304 472.088 0
195.299 487.489 0
191.927 478.837 0
201.113 480.63 0
254.551 253.08 0
241.563 257.534 0
232.61 253.386 0
220.211 161.245 0
277.98 170.88 0
288.331 175.352 0
294.67 156.033 0
285.691 154.455 0
208.117 344.613 0
201.015 351.709 0
202.024 336.63 0
220.208 339.969 0
217.876 351.958 0
344.349 130.817 0
334.05 131.505 0
344.518 120.635 0
352.979 126.33 0
228.736 187.68 0
238.474 185.981 0
222.173 194.201 0
404.264 156.377 0
400.495 148.032 0
395.47 158.335 0
151.312 136.56 0
140.096 141.75 0
128.556 146.704 0
115.482 152.045 0
415.907 162.276 0
425.551 168.698 0
434.498 171.646 0
103.092 158.78 0
112.182 160.738 0
106.648 150.558 0
91.9693 164.854 0
83.172 170.642 0
74.6854 175.695 0
285.303 194.9 0
286.323 185.049 0
276.92 190.821 0
286.151 208.68 0
291.988 201.404 0
293.957 214.704 0
311.207 272.652 0
315.571 281.08 0
303.688 278.773 0
312.722 262.474 0
