710
221 497 0
216 495 0
215 490 0
216 485 0
217 480 0
219 475 0
219 470 0
218 465 0
218 460 0
218 455 0
218 450 0
218 445 0
218 440 0
218 435 0
217 430 0
217 425 0
217 420 0
218 415 0
218 410 0
218 405 0
217 400 0
216 395 0
216 390 0
217 385 0
217 380 0
216 375 0
215 370 0
216 365 0
216 360 0
217 355 0
218 350 0
218 345 0
216 340 0
216 335 0
216 330 0
216 325 0
216 320 0
216 315 0
215 310 0
215 305 0
215 300 0
215 295 0
215 290 0
215 285 0
214 280 0
214 275 0
214 270 0
214 265 0
214 260 0
214 255 0
214 250 0
214 245 0
213 240 0
211 235 0
210 230 0
211 225 0
212 220 0
208 217 0
210 212 0
212 207 0
214 202 0
215 197 0
217 192 0
219 187 0
221 182 0
221 177 0
222 172 0
222 167 0
221 162 0
222 157 0
221 152 0
222 147 0
219 142 0
219 137 0
216 133 0
211 129 0
206 128 0
201 128 0
196 128 0
191 128 0
186 127 0
181 127 0
176 127 0
171 128 0
166 127 0
161 129 0
156 129 0
151 129 0
146 129 0
141 128 0
136 129 0
131 129 0
126 129 0
121 129 0
116 129 0
111 129 0
106 130 0
101 130 0
96 130 0
91 131 0
86 131 0
81 132 0
76 132 0
71 132 0
67 129 0
64 126 0
59 127 0
54 127 0
49 127 0
44 127 0
39 126 0
35 124 0
40 123 0
45 123 0
50 123 0
49 120 0
44 120 0
39 120 0
34 118 0
29 118 0
25 116 0
29 115 0
34 115 0
39 115 0
44 114 0
49 113 0
54 114 0
59 114 0
64 115 0
67 113 0
70 110 0
75 110 0
80 110 0
85 110 0
90 110 0
95 110 0
100 110 0
105 110 0
110 110 0
115 110 0
120 110 0
125 109 0
130 109 0
135 110 0
140 108 0
145 108 0
150 108 0
155 108 0
160 108 0
165 107 0
170 106 0
175 105 0
180 104 0
185 104 0
190 103 0
195 103 0
200 102 0
201 97 0
206 96 0
211 96 0
216 96 0
221 95 0
226 93 0
231 92 0
235 90 0
240 85 0
242 80 0
238 79 0
236 78 0
234 73 0
231 68 0
229 71 0
227 72 0
226 67 0
223 63 0
220 58 0
215 62 0
213 62 0
214 57 0
216 52 0
213 50 0
217 45 0
217 40 0
218 35 0
220 30 0
222 25 0
225 21 0
229 17 0
234 13 0
238 11 0
243 9 0
248 10 0
253 8 0
258 8 0
263 8 0
268 8 0
273 9 0
278 11 0
283 14 0
286 18 0
290 23 0
291 28 0
292 33 0
294 38 0
295 43 0
298 48 0
300 52 0
295 48 0
293 51 0
293 56 0
292 61 0
292 66 0
291 71 0
290 76 0
289 74 0
285 72 0
282 75 0
280 74 0
278 79 0
275 77 0
273 82 0
277 87 0
281 91 0
286 93 0
291 94 0
296 96 0
301 96 0
306 96 0
311 96 0
313 100 0
318 103 0
323 103 0
328 104 0
333 104 0
338 105 0
343 106 0
348 107 0
353 108 0
358 108 0
363 108 0
368 108 0
373 108 0
377 110 0
382 110 0
387 109 0
392 110 0
397 110 0
402 110 0
407 110 0
412 110 0
417 110 0
422 110 0
427 110 0
432 110 0
437 110 0
442 109 0
446 111 0
448 115 0
453 115 0
458 114 0
463 114 0
468 113 0
473 113 0
478 114 0
483 114 0
488 115 0
489 118 0
484 118 0
479 119 0
474 120 0
469 120 0
464 122 0
469 123 0
474 123 0
479 123 0
477 126 0
472 127 0
467 127 0
462 128 0
457 128 0
452 127 0
447 127 0
446 131 0
441 132 0
436 132 0
431 131 0
426 131 0
421 131 0
416 130 0
411 130 0
406 129 0
401 129 0
396 129 0
391 129 0
386 129 0
381 129 0
376 129 0
371 128 0
366 129 0
361 128 0
356 129 0
351 127 0
346 128 0
341 127 0
336 127 0
331 127 0
326 127 0
321 128 0
316 128 0
311 128 0
306 129 0
301 130 0
297 135 0
295 140 0
294 145 0
293 150 0
293 155 0
293 160 0
292 165 0
292 170 0
292 175 0
294 180 0
295 185 0
297 190 0
298 195 0
300 200 0
302 205 0
304 210 0
305 215 0
304 220 0
304 225 0
304 230 0
304 235 0
302 240 0
301 244 0
301 249 0
301 254 0
301 259 0
300 264 0
300 269 0
301 274 0
299 279 0
299 284 0
299 289 0
299 294 0
299 299 0
299 304 0
299 309 0
299 314 0
298 319 0
298 324 0
298 329 0
298 334 0
298 339 0
297 344 0
297 349 0
298 354 0
298 359 0
298 364 0
299 369 0
298 374 0
298 379 0
298 384 0
298 389 0
298 394 0
298 399 0
297 404 0
297 409 0
297 414 0
298 419 0
298 424 0
298 429 0
298 434 0
297 439 0
297 444 0
297 449 0
297 454 0
297 459 0
297 464 0
296 469 0
295 474 0
297 479 0
298 484 0
299 489 0
299 494 0
295 497 0
290 497 0
285 497 0
280 497 0
275 497 0
270 493 0
270 488 0
271 483 0
272 478 0
273 473 0
271 469 0
270 464 0
269 459 0
269 454 0
268 449 0
268 444 0
269 439 0
269 434 0
270 429 0
269 424 0
268 419 0
268 414 0
268 409 0
267 404 0
266 399 0
267 394 0
267 389 0
266 384 0
266 379 0
266 374 0
266 369 0
266 364 0
266 359 0
265 354 0
266 349 0
266 344 0
266 339 0
266 334 0
266 329 0
265 324 0
265 319 0
265 314 0
264 309 0
264 304 0
264 299 0
264 294 0
263 289 0
263 284 0
263 279 0
263 274 0
262 269 0
262 264 0
262 259 0
261 254 0
260 249 0
260 244 0
258 239 0
256 243 0
255 248 0
253 253 0
252 258 0
252 263 0
252 268 0
252 273 0
252 278 0
252 283 0
252 288 0
251 293 0
251 298 0
251 303 0
251 308 0
250 313 0
250 318 0
250 323 0
250 328 0
249 333 0
248 338 0
248 343 0
249 348 0
250 353 0
249 358 0
249 363 0
248 368 0
249 373 0
248 378 0
249 383 0
248 388 0
247 393 0
248 398 0
247 403 0
246 408 0
246 413 0
246 418 0
246 423 0
245 428 0
245 433 0
246 438 0
246 443 0
246 448 0
246 453 0
246 458 0
246 463 0
244 468 0
242 472 0
242 477 0
244 482 0
245 487 0
245 492 0
241 496 0
236 497 0
231 497 0
226 497 0
222 497 0
234.726 238.255 0
251.804 203.022 0
257.698 135.14 0
244.3 113.6 0
280.147 233.041 0
260.392 172.5 0
274.306 196.178 0
274.074 115.564 0
258.521 97.6831 0
225.309 116.238 0
231.952 337.01 0
231.672 370 0
233.758 353 0
232.35 398 0
232.101 460.42 0
281.5 354 0
282 399 0
281.596 272.21 0
259.513 41.5629 0
238.193 42.5 0
267.662 59.104 0
248.664 60.8017 0
233.585 54.9646 0
223.772 230 0
243.481 152 0
285.775 215 0
256.18 24.8976 0
273.428 30.5362 0
243.802 69.8697 0
234.486 162 0
257.721 77.5705 0
302.096 112.713 0
437.66 121.053 0
211.824 110.595 0
279.762 60.9395 0
227.833 45.7538 0
243.568 51.5713 0
232.378 151.058 0
239.404 134.137 0
230.568 140.388 0
228.56 128.178 0
248.224 165.312 0
272.571 67.5436 0
275.856 45.8918 0
235.494 119.878 0
230.424 471.875 0
224.132 240.918 0
233.701 256.58 0
240.445 219.271 0
226.065 213.5 0
263.145 87.4269 0
251.356 88.282 0
245.389 100.261 0
233.567 106.01 0
222.727 105.706 0
427.142 120.531 0
215.814 119.995 0
261.758 152.988 0
245.012 184.642 0
266.264 49.09 0
255.483 51.9686 0
268.904 39.1212 0
282.013 37.0484 0
283.378 51.97 0
228.882 484.479 0
224.457 251.473 0
234.086 227.709 0
247.175 230.957 0
237.717 205.268 0
221.098 221.219 0
417.122 120.031 0
258.073 162.534 0
275.048 163.603 0
250.355 175.598 0
237.749 174.251 0
232.77 185.465 0
239.513 194.3 0
227.76 198.007 0
256.034 218.074 0
245.12 241.718 0
245.846 210.952 0
407.562 119.556 0
222.406 205.26 0
257.4 228.501 0
270.631 221.465 0
268.3 233.145 0
265.404 207.321 0
242.785 251.742 0
397.94 119.576 0
280.322 223.198 0
292.084 225.109 0
276.989 207.448 0
286.336 199.269 0
291.07 236.531 0
280.052 252.18 0
274.306 242.582 0
292.258 207.356 0
295.345 216.263 0
290.06 247.523 0
238.608 362.223 0
226.552 360.744 0
227.606 345.598 0
238.341 344.385 0
231.937 412.086 0
234.387 383.942 0
238.945 375.819 0
226.168 389.928 0
226.541 378.235 0
232.017 446.339 0
248.548 35.0899 0
236.275 28.8794 0
267.297 20.0911 0
276.873 21.4919 0
314.599 115.308 0
288.737 120.544 0
298.058 121.135 0
276.042 133.847 0
285.163 106.991 0
279.302 124.249 0
286.649 132.097 0
272.294 101.804 0
294.986 105.838 0
270.251 93.0046 0
199.664 115.101 0
248.173 141.533 0
249.047 125.584 0
259.184 114.637 0
253.408 106.373 0
263.543 105.977 0
265.985 125.435 0
274.91 179.896 0
231.408 432.759 0
228.559 35.5685 0
245.106 21.2834 0
326.171 115.428 0
337.203 116.018 0
347.445 117.308 0
357.678 118.273 0
367.916 118.238 0
276.034 148.742 0
270.373 155.83 0
266.42 142.542 0
284.031 142.135 0
282.754 156.651 0
187.907 115.395 0
261.861 187.564 0
265.937 179.563 0
270.834 187.897 0
264.312 197.32 0
281.636 171.806 0
283.586 187.835 0
227.796 422.324 0
176.829 115.94 0
166.784 116.936 0
156.348 118.46 0
145.831 118.484 0
252.349 192.376 0
284.4 483.6 0
284.043 472.554 0
283 458.587 0
282 337.975 0
287.421 346.164 0
275.813 345.802 0
282.198 370.23 0
288.023 361.849 0
280.763 384.606 0
275.909 392.273 0
275.282 376.799 0
288.173 378.086 0
288.257 391.212 0
275.924 362.37 0
282.5 413.5 0
287.983 406.052 0
276.743 406.44 0
258.721 66.1998 0
287.918 261.648 0
274.055 262.716 0
282.531 444.125 0
277.562 451.524 0
288.21 451.179 0
284 427.5 0
288.959 419.888 0
287.873 436.219 0
277.583 421.107 0
233.058 319.987 0
226.352 328.099 0
239.046 328.923 0
281.279 289.953 0
288.115 281.201 0
274.251 280.953 0
272.099 271.857 0
281.5 321.32 0
276.058 329.818 0
287.745 329.468 0
279.689 305.649 0
274.038 297.148 0
288.051 298.567 0
288.139 312.613 0
274.806 314.153 0
232.965 301.92 0
226.431 310.988 0
239.231 310.922 0
233.467 283.39 0
239.693 292.831 0
226.3 292.468 0
238.024 270.024 0
242.451 261.416 0
242.215 278.913 0
226.207 273.455 0
224.651 262.662 0
389.333 116.371 0
132.444 116.239 0
