705
216 503 0
213 499 0
217 497 0
219 493 0
222 489 0
222 484 0
218 482 0
214 479 0
209 478 0
204 474 0
201 469 0
200 464 0
199 459 0
199 454 0
199 449 0
199 444 0
199 439 0
199 434 0
200 429 0
200 424 0
201 419 0
201 414 0
201 409 0
202 404 0
204 399 0
204 394 0
206 389 0
206 384 0
207 379 0
208 374 0
208 369 0
208 364 0
209 359 0
209 354 0
208 349 0
208 344 0
207 339 0
206 334 0
206 329 0
205 324 0
204 319 0
204 314 0
204 309 0
203 304 0
203 299 0
202 294 0
201 289 0
201 284 0
201 279 0
201 274 0
201 269 0
201 264 0
202 259 0
203 254 0
204 249 0
206 244 0
208 239 0
211 234 0
215 229 0
217 225 0
222 220 0
226 215 0
229 210 0
232 206 0
234 201 0
234 196 0
231 191 0
230 186 0
227 181 0
226 177 0
224 172 0
223 167 0
219 163 0
214 161 0
209 158 0
205 154 0
200 152 0
195 152 0
190 152 0
185 152 0
180 152 0
175 152 0
170 152 0
165 151 0
160 151 0
155 151 0
150 151 0
145 151 0
140 151 0
135 151 0
130 151 0
125 151 0
120 151 0
115 152 0
110 151 0
105 151 0
100 150 0
95 149 0
90 149 0
85 148 0
80 147 0
75 146 0
70 146 0
65 146 0
60 147 0
55 149 0
50 149 0
45 151 0
40 151 0
40 147 0
39 145 0
34 145 0
29 145 0
24 145 0
19 145 0
14 145 0
9 145 0
13 143 0
18 141 0
23 140 0
28 140 0
33 139 0
38 138 0
43 138 0
48 138 0
53 138 0
58 139 0
63 139 0
68 139 0
73 139 0
78 139 0
83 138 0
88 137 0
93 137 0
98 137 0
103 137 0
108 137 0
113 136 0
118 136 0
123 136 0
128 136 0
133 136 0
138 136 0
143 136 0
148 136 0
153 136 0
158 136 0
163 136 0
168 136 0
173 136 0
178 136 0
183 135 0
188 134 0
193 133 0
198 134 0
203 134 0
208 133 0
213 132 0
218 130 0
213 125 0
209 121 0
206 116 0
204 111 0
202 106 0
201 101 0
201 96 0
203 91 0
205 86 0
209 81 0
213 77 0
218 74 0
221 70 0
223 65 0
224 60 0
227 55 0
230 51 0
235 47 0
240 45 0
245 43 0
250 42 0
255 42 0
260 42 0
265 42 0
270 43 0
275 45 0
280 47 0
284 51 0
288 55 0
291 59 0
292 64 0
293 69 0
296 74 0
301 77 0
305 80 0
309 85 0
311 90 0
313 95 0
314 100 0
313 105 0
311 110 0
309 115 0
306 120 0
303 125 0
298 129 0
301 132 0
306 132 0
311 133 0
316 134 0
321 133 0
326 134 0
331 134 0
336 136 0
341 136 0
346 136 0
351 136 0
356 136 0
361 136 0
366 136 0
371 136 0
376 136 0
381 136 0
386 136 0
391 136 0
396 136 0
401 136 0
406 137 0
411 136 0
416 137 0
421 137 0
426 138 0
431 138 0
436 139 0
441 139 0
446 139 0
451 139 0
456 139 0
461 138 0
466 138 0
471 138 0
476 138 0
481 139 0
486 140 0
491 140 0
496 141 0
500 143 0
505 143 0
502 145 0
497 145 0
492 145 0
487 145 0
482 145 0
477 145 0
474 147 0
475 151 0
470 151 0
465 149 0
460 149 0
455 147 0
450 146 0
445 146 0
440 146 0
435 147 0
430 148 0
425 149 0
420 149 0
415 150 0
410 151 0
405 151 0
400 151 0
395 151 0
390 151 0
385 151 0
380 151 0
375 151 0
370 151 0
365 151 0
360 151 0
355 151 0
350 151 0
345 152 0
340 152 0
335 152 0
330 152 0
325 152 0
320 152 0
315 152 0
311 154 0
306 157 0
302 159 0
299 162 0
294 164 0
292 168 0
290 173 0
289 178 0
286 182 0
284 187 0
283 192 0
281 197 0
281 202 0
283 207 0
286 211 0
289 216 0
293 221 0
298 225 0
300 230 0
304 234 0
307 239 0
309 244 0
311 249 0
311 254 0
313 259 0
314 264 0
314 269 0
314 274 0
314 279 0
314 284 0
313 289 0
313 294 0
312 299 0
311 304 0
311 309 0
311 314 0
310 319 0
310 324 0
309 329 0
308 334 0
308 339 0
307 344 0
307 349 0
306 354 0
306 359 0
306 364 0
307 369 0
307 374 0
308 379 0
308 384 0
309 389 0
310 394 0
311 399 0
312 404 0
313 409 0
314 414 0
314 419 0
315 424 0
315 429 0
315 434 0
316 439 0
316 444 0
316 449 0
316 454 0
316 459 0
315 464 0
314 469 0
311 474 0
307 477 0
302 479 0
297 481 0
294 483 0
294 488 0
295 493 0
297 496 0
301 499 0
299 503 0
294 503 0
289 503 0
284 503 0
279 503 0
276 499 0
277 494 0
279 489 0
280 484 0
275 483 0
272 480 0
267 478 0
262 474 0
261 469 0
259 464 0
259 459 0
259 454 0
259 449 0
259 444 0
259 439 0
259 434 0
260 429 0
260 424 0
261 419 0
262 414 0
262 409 0
262 404 0
263 399 0
265 394 0
265 389 0
267 384 0
268 379 0
268 374 0
268 369 0
269 364 0
269 359 0
269 354 0
269 349 0
268 344 0
268 339 0
268 334 0
267 329 0
266 324 0
265 319 0
265 314 0
263 309 0
263 304 0
262 299 0
262 294 0
258 293 0
253 293 0
253 298 0
252 303 0
251 308 0
251 313 0
250 318 0
249 323 0
248 328 0
247 333 0
247 338 0
247 343 0
246 348 0
246 353 0
246 358 0
246 363 0
246 368 0
247 373 0
247 378 0
248 383 0
249 388 0
250 393 0
251 398 0
252 403 0
253 408 0
253 413 0
254 418 0
254 423 0
255 428 0
255 433 0
255 438 0
255 443 0
255 448 0
255 453 0
255 458 0
255 463 0
255 468 0
253 473 0
249 478 0
244 480 0
241 483 0
236 483 0
235 488 0
236 493 0
239 498 0
237 502 0
232 503 0
227 503 0
222 503 0
217 503 0
257.777 148.388 0
269.571 255.214 0
257.168 81.567 0
231.385 271.5 0
227.356 301.729 0
226.476 332.505 0
227.058 416.5 0
226.964 446.5 0
227.071 386.5 0
257.251 213.2 0
257.712 184.342 0
287 296.6 0
288 327.4 0
287 405.7 0
287.446 441.5 0
272.156 162.962 0
236.176 149.824 0
287.78 246.22 0
239.495 74.498 0
263.546 62.2709 0
292.02 461.299 0
231.986 102.705 0
277.363 81.7822 0
287.723 103.589 0
229.267 248.36 0
219.18 93.2438 0
226.087 116.913 0
288.305 145.989 0
233.529 464.243 0
281.792 470.416 0
217.576 396.515 0
243.231 174.731 0
276.888 306.422 0
280.254 391.851 0
278.179 173.135 0
277.661 64.9842 0
300.601 100 0
286.98 232.904 0
265.293 173.895 0
296.929 111.72 0
290.562 88.8762 0
295.127 239.097 0
273.575 240.391 0
270.834 185.89 0
254.245 173.852 0
247.601 160.04 0
262.652 198.854 0
286.167 494.333 0
233.039 87.8826 0
219.703 105.934 0
216.615 115.075 0
211.286 99.9249 0
254.229 120.27 0
235.778 131.944 0
228.355 474.466 0
216.778 462.186 0
292.154 471.745 0
276.701 454.41 0
216.454 385.942 0
232.865 401.503 0
274.636 293.988 0
268.301 275.098 0
291.077 271.5 0
268.31 285.602 0
280.801 280.339 0
291.99 311.854 0
274.797 403.076 0
294.91 393.279 0
272.156 55.5478 0
283.629 73.4916 0
268.758 73.2281 0
279.139 94.3031 0
270.475 110.923 0
267.181 89.613 0
277.785 104.166 0
250.88 99.6451 0
257.244 91.7259 0
264.399 100.953 0
245.323 88.663 0
259.558 110.74 0
240.887 97.8048 0
242.821 111.851 0
300.436 90.0564 0
278.108 249.568 0
286.855 259.196 0
298.258 253.488 0
251.04 242.257 0
238.236 228.889 0
272.428 222.593 0
235.565 164.455 0
246.985 149.233 0
251.294 134.923 0
259.987 160.588 0
248.459 201.701 0
271.573 195.42 0
223.312 83.3324 0
227.352 126.737 0
236.723 120.994 0
219.45 471.264 0
282.822 461.276 0
226.405 395.377 0
293.564 284.785 0
285.767 305.447 0
299.506 404.935 0
294.365 423.511 0
293.743 413.34 0
303.401 417.854 0
289.172 376.251 0
247.799 79.3628 0
250.188 65.7644 0
233.65 111.725 0
278.521 268.247 0
262.644 245.391 0
260.333 230.901 0
277.245 231.218 0
269.873 209.762 0
277.59 214.895 0
227.891 156.806 0
223.507 143.196 0
271.404 131.33 0
242.273 140.01 0
243.115 214.897 0
245.187 188.811 0
254.222 193.627 0
229.482 75.3956 0
245.705 126.184 0
302.151 276.302 0
300.544 264.837 0
303.435 286.189 0
288.217 386.054 0
278.92 380.2 0
280.212 368.271 0
292.642 363.335 0
297.641 371.602 0
282.203 355.167 0
293.923 350.943 0
283.717 340.994 0
258.686 71.4539 0
237.973 61.7209 0
247.145 54.4845 0
249.162 231.24 0
262.688 221.372 0
232.747 140.956 0
218.917 152.185 0
260.643 129.175 0
264.868 119.677 0
264.167 139.521 0
276.207 142.865 0
284.904 132.476 0
279.774 154.041 0
268.534 152.156 0
234.587 219.77 0
238.49 182.566 0
299.47 298.108 0
295.635 337.277 0
278.376 331.84 0
278.331 319.09 0
251.048 221.252 0
210.787 144.113 0
279.1 120.755 0
286.823 113.886 0
293.111 137.595 0
299.912 147.061 0
282.609 163.891 0
301.118 307.913 0
289.547 123.561 0
309.517 143.233 0
240.564 451.555 0
231.591 454.874 0
238.854 435.331 0
244.161 461.844 0
235.682 443.867 0
213.06 448.622 0
208.504 457.162 0
217.557 431.471 0
219.014 441.018 0
271.73 464.804 0
273.196 440.565 0
268.652 449.082 0
281.127 428.744 0
282.187 416.744 0
272.022 421.893 0
271.531 412.208 0
290.153 432.216 0
302.594 432.864 0
269.543 431.422 0
222.858 406.251 0
213.969 415.878 0
220.206 422.652 0
230.632 427.372 0
240.481 418.111 0
234.552 410.779 0
244.834 427.209 0
237.78 390.984 0
298.395 321.783 0
238.951 241.02 0
257.995 52.7962 0
301.06 447.776 0
296.497 439.772 0
307.043 440.857 0
291.303 451.037 0
212.334 405.556 0
209.936 425.016 0
303.886 459.448 0
301.506 468.923 0
250.75 263.994 0
241.384 254.287 0
254.318 253.171 0
240 264.994 0
246.715 278.897 0
229.471 260.008 0
258.099 280.36 0
216.37 268.096 0
259.224 270.021 0
238.079 291.198 0
220.337 285.411 0
261.123 260.329 0
269.272 265.497 0
239.559 303.429 0
231.413 317.245 0
236.347 280.8 0
222.516 275.799 0
228.085 291.747 0
240.856 313.503 0
215.539 297.143 0
210.889 288.394 0
211.635 277.706 0
218.424 321.471 0
217.647 309.228 0
216.118 331.608 0
236.633 327.363 0
226.649 235.353 0
218.608 243.739 0
217.923 255.957 0
226.973 367.466 0
222.247 377.008 0
234.772 376.943 0
226.031 349.995 0
218.639 342.115 0
219.941 359.084 0
234.838 341.468 0
234.287 358.311 0
376 145.611 0
124.444 144.297 0
