839
183 488 0
178 485 0
174 481 0
170 478 0
169 473 0
169 468 0
169 463 0
169 458 0
169 453 0
169 448 0
170 443 0
171 438 0
174 433 0
175 428 0
175 423 0
175 418 0
175 413 0
175 408 0
177 403 0
180 398 0
182 393 0
184 388 0
186 383 0
187 378 0
188 373 0
190 368 0
193 363 0
194 358 0
194 353 0
194 348 0
197 343 0
198 338 0
198 333 0
198 328 0
200 323 0
200 318 0
200 313 0
200 308 0
200 303 0
200 298 0
199 293 0
202 288 0
204 283 0
200 278 0
196 275 0
194 270 0
194 265 0
194 260 0
196 255 0
196 250 0
198 245 0
198 240 0
200 235 0
202 230 0
204 225 0
204 220 0
206 215 0
206 210 0
206 205 0
204 200 0
199 199 0
194 200 0
189 201 0
184 202 0
179 201 0
174 203 0
169 205 0
164 208 0
159 210 0
154 211 0
149 213 0
144 214 0
139 214 0
134 214 0
129 216 0
124 218 0
119 222 0
115 226 0
110 230 0
105 235 0
101 239 0
96 242 0
92 245 0
87 248 0
82 250 0
77 253 0
72 254 0
67 253 0
62 251 0
57 247 0
53 242 0
50 238 0
46 233 0
42 231 0
37 233 0
32 235 0
27 234 0
25 231 0
24 226 0
26 221 0
31 217 0
35 214 0
39 210 0
42 205 0
45 200 0
48 196 0
52 193 0
57 190 0
62 190 0
67 190 0
72 190 0
77 188 0
82 188 0
87 186 0
92 186 0
97 184 0
102 183 0
107 181 0
112 179 0
117 178 0
122 177 0
127 175 0
132 175 0
137 174 0
142 173 0
147 173 0
152 171 0
157 170 0
162 170 0
167 170 0
172 170 0
177 168 0
182 168 0
187 166 0
192 165 0
197 162 0
202 160 0
207 162 0
212 162 0
217 164 0
219 160 0
220 155 0
221 150 0
217 146 0
213 141 0
208 140 0
205 135 0
204 130 0
201 125 0
198 121 0
195 116 0
193 111 0
191 106 0
189 101 0
188 96 0
186 91 0
186 86 0
188 81 0
188 76 0
187 71 0
190 66 0
194 63 0
196 58 0
198 53 0
203 49 0
206 44 0
211 41 0
216 38 0
221 37 0
226 36 0
231 35 0
236 34 0
241 32 0
246 32 0
251 32 0
256 32 0
261 34 0
266 37 0
271 36 0
276 37 0
281 40 0
286 43 0
289 48 0
293 53 0
298 58 0
300 63 0
303 68 0
305 73 0
304 78 0
304 83 0
304 88 0
304 93 0
303 98 0
302 103 0
301 108 0
300 113 0
296 115 0
294 119 0
294 124 0
293 129 0
290 133 0
285 137 0
283 142 0
280 147 0
279 152 0
278 157 0
278 162 0
283 160 0
288 158 0
293 157 0
298 157 0
303 159 0
308 162 0
313 163 0
318 164 0
323 164 0
328 166 0
333 168 0
338 168 0
343 167 0
348 168 0
353 170 0
358 172 0
363 173 0
368 175 0
373 176 0
378 177 0
383 177 0
388 178 0
393 179 0
398 181 0
403 182 0
408 183 0
413 185 0
418 186 0
423 186 0
428 186 0
433 187 0
438 188 0
443 188 0
448 189 0
453 191 0
458 195 0
461 200 0
464 205 0
469 208 0
474 211 0
479 214 0
483 218 0
482 223 0
477 225 0
472 225 0
467 224 0
462 222 0
458 225 0
457 230 0
454 235 0
451 240 0
446 245 0
441 250 0
438 253 0
433 251 0
428 251 0
423 247 0
418 245 0
413 242 0
408 238 0
403 236 0
398 233 0
393 228 0
388 224 0
383 219 0
378 215 0
373 213 0
368 212 0
363 211 0
358 210 0
353 210 0
348 207 0
343 205 0
338 203 0
333 201 0
328 200 0
323 199 0
318 199 0
313 199 0
309 196 0
304 198 0
299 198 0
298 203 0
297 208 0
298 213 0
300 218 0
301 223 0
303 228 0
304 233 0
305 238 0
306 243 0
306 248 0
307 253 0
306 258 0
304 263 0
300 268 0
295 271 0
294 276 0
298 280 0
300 285 0
300 290 0
300 295 0
301 300 0
302 305 0
302 310 0
302 315 0
302 320 0
302 325 0
302 330 0
304 335 0
304 340 0
306 345 0
306 350 0
308 355 0
308 360 0
309 365 0
310 370 0
310 375 0
310 380 0
312 385 0
314 390 0
316 395 0
317 400 0
320 405 0
321 410 0
323 415 0
323 420 0
324 425 0
326 430 0
327 435 0
329 440 0
329 445 0
329 450 0
330 455 0
329 460 0
329 465 0
328 470 0
326 475 0
325 480 0
323 484 0
318 484 0
313 485 0
308 488 0
303 488 0
298 488 0
293 488 0
288 488 0
283 488 0
278 488 0
273 488 0
268 488 0
263 486 0
259 482 0
256 478 0
256 473 0
257 468 0
256 463 0
256 458 0
254 453 0
254 448 0
253 443 0
252 438 0
250 433 0
250 428 0
250 423 0
251 418 0
251 413 0
252 408 0
254 403 0
254 398 0
254 393 0
255 388 0
256 383 0
256 378 0
257 373 0
257 368 0
256 363 0
256 358 0
255 353 0
254 348 0
254 343 0
252 338 0
250 333 0
250 328 0
248 325 0
248 330 0
247 335 0
246 340 0
246 345 0
247 350 0
248 355 0
248 360 0
245 365 0
244 370 0
242 375 0
242 380 0
243 385 0
243 390 0
243 395 0
243 400 0
244 405 0
244 410 0
245 415 0
246 420 0
247 425 0
248 430 0
248 435 0
248 440 0
247 445 0
246 450 0
245 455 0
244 460 0
242 465 0
242 470 0
242 475 0
243 480 0
242 484 0
237 485 0
232 487 0
227 488 0
222 489 0
217 489 0
213 487 0
208 487 0
203 487 0
198 487 0
193 488 0
188 488 0
184 488 0
247.958 176.979 0
245.583 92.2917 0
270.332 104.666 0
102.885 205.962 0
69.5 217.849 0
156.667 189.917 0
123.376 196.881 0
250.299 246.42 0
214.431 380.886 0
210.171 420.5 0
230.188 300.5 0
222.146 335.5 0
250.253 143.651 0
288.176 180.189 0
396.339 202.305 0
276.534 331.086 0
283.231 370.5 0
288.331 433.334 0
238.005 207.5 0
221.64 106.395 0
229.469 66.3454 0
88.9356 222.936 0
267.487 268.097 0
224.848 242.039 0
276.168 235.833 0
225.082 438.016 0
270.172 424.434 0
306.275 447.5 0
210.44 78.5 0
210.5 460.401 0
288.767 402.993 0
300.5 467.415 0
189.988 465.5 0
278.661 461.068 0
430.091 219.182 0
266.91 69.7719 0
194.467 410.08 0
220.567 265.646 0
438.074 232.074 0
318.833 181.5 0
286.07 102.621 0
220.868 472.844 0
180.298 471.501 0
180.093 184.463 0
208.355 181.225 0
343 185.5 0
89.6463 200.232 0
61.1028 205.176 0
215.373 295.875 0
213.822 353.497 0
289.572 337.686 0
292.5 357.9 0
302.666 418.867 0
244.927 52.6345 0
217.596 55.5956 0
222.597 223.519 0
316.95 455 0
305.235 477.284 0
190.125 445.25 0
268.583 450.283 0
274.063 54.937 0
211.5 252.9 0
431.426 240.435 0
231.235 475.868 0
313.341 467.324 0
443.982 207.072 0
190.325 476.868 0
306.597 458.388 0
292.198 455.235 0
284.783 66.202 0
202.202 470.826 0
211.743 469.906 0
71.3287 235.643 0
221.615 124.77 0
199.639 73.4874 0
209.803 65.731 0
219.661 65.247 0
200.195 88.5 0
270.927 473.503 0
207.248 266.77 0
214.795 276.72 0
235.258 280.346 0
213.176 286.355 0
224.19 283.253 0
227.516 273.392 0
236.77 258.1 0
231.938 290.225 0
258.797 293.756 0
279.455 292.5 0
244.62 297.672 0
279.777 115.777 0
275.973 86.498 0
99.7567 195.031 0
111.438 197.601 0
118.032 207.608 0
116.883 188.557 0
127.989 205.874 0
140.139 193.962 0
92.548 211.686 0
103.302 218.91 0
80.8552 214.136 0
53.7257 219.183 0
217.952 313.652 0
230.804 355.474 0
288.304 324.012 0
296.623 370.642 0
289.762 386.105 0
289.86 376.895 0
274.24 354.177 0
267.293 461.59 0
223.473 253.981 0
443.078 220.057 0
453.236 214.24 0
446.924 228.709 0
288.965 466.358 0
293.838 476.647 0
282.28 475.823 0
281.279 448.52 0
273.291 437.6 0
291.548 444.058 0
275.173 64.614 0
278.317 75.4556 0
291.083 77.4895 0
283.782 56.421 0
214.611 93.0213 0
204.338 258.291 0
248.568 284.346 0
255.703 310.174 0
239.958 312.121 0
287.702 111.484 0
259.276 123.635 0
277.322 96.8764 0
137.958 203.889 0
112.179 215.23 0
97.9911 227.605 0
61.2478 214.198 0
62.3786 227.572 0
61.6598 237.367 0
51.5147 209.072 0
220.92 304.146 0
228.883 311.849 0
225.205 323.586 0
212.524 326.679 0
234.514 332.327 0
210.283 338.782 0
235.645 321.795 0
230.817 343.605 0
222.89 349.531 0
282.509 360.26 0
284.739 348.566 0
274.787 342.572 0
295.368 346.773 0
265.084 347.929 0
264.43 335.121 0
266.273 320.477 0
263.367 441.131 0
279.057 429.281 0
281.041 415.077 0
226.002 81.8902 0
206.829 105.645 0
245.661 269.878 0
261.628 280.414 0
253.226 301.207 0
248.406 315.797 0
268.144 116.097 0
274.302 128.378 0
253.277 107.593 0
209.442 317.751 0
205.787 347.646 0
259.439 327.055 0
270.628 305.435 0
267.131 409.911 0
292.404 413.83 0
303.169 404.189 0
293.648 424.267 0
305.069 433.108 0
217.308 84.3872 0
219.378 74.8843 0
241.101 77.0986 0
227.476 94.7932 0
235.67 87.3212 0
237.455 107.082 0
213.752 115.571 0
212.086 124.955 0
205.687 96.2311 0
235.887 268.012 0
248.751 258.301 0
262.876 254.1 0
256.374 266.537 0
253.147 275.9 0
275.337 279.384 0
268.87 288.922 0
283.774 125.003 0
263.181 137.437 0
264.432 311.792 0
286.334 306.674 0
261.436 418.683 0
277.2 404.109 0
296.683 394.986 0
300.444 384.918 0
310.554 411.79 0
300.082 440.773 0
312.549 424.523 0
315.949 435.037 0
315.974 445.042 0
232.158 75.1041 0
241.798 64.6764 0
255.455 61.7972 0
256.131 80.9219 0
237.039 97.2243 0
245.542 101.897 0
244.962 119.845 0
229.163 115.593 0
262.805 240.079 0
282.746 255.313 0
285.692 283.337 0
289.836 292.862 0
253.023 132.857 0
273.355 138.571 0
262.772 153.141 0
278.836 301.557 0
277.725 315.642 0
258.003 48.2399 0
265.309 59.8579 0
250.514 71.5459 0
266.932 80.5785 0
261.939 93.5671 0
247.48 83.4742 0
253.462 116.667 0
247.721 225.832 0
280.124 267.681 0
272.569 258.665 0
274.453 247.262 0
258.948 145.184 0
247.558 160.208 0
248.821 42.5695 0
267.995 46.8841 0
261.237 102.821 0
252.706 235.663 0
238.618 238.158 0
264.717 222.946 0
240.166 248.358 0
229.473 232.08 0
235.323 220.34 0
267.574 231.938 0
238.955 228.882 0
212.024 400.663 0
303.469 181.665 0
311.209 186.914 0
295.124 188.161 0
273.532 199.969 0
283.029 191.69 0
285.301 203.883 0
266.393 182.192 0
275.441 213.88 0
273.057 189.837 0
296.832 170.465 0
286.394 169.888 0
276.884 176.838 0
311.068 173.779 0
286.789 215.212 0
279.922 224.72 0
290.076 234.34 0
285.262 244.425 0
295.593 243.166 0
291.032 224.329 0
227.062 457.142 0
232.008 465.867 0
231.099 52.6134 0
222.763 46.9322 0
238.025 44.4853 0
214.543 233.895 0
215.136 243.736 0
193.971 427.872 0
421.294 230.403 0
429.99 228.161 0
411.682 213.809 0
419.811 220.181 0
409.028 225.565 0
428.009 202.771 0
77.7522 225.992 0
86.1069 234.573 0
79.1428 240.979 0
130.285 186.964 0
146.573 184.464 0
150.333 199.826 0
74.0204 202.951 0
81.0515 197.099 0
43.2713 220.535 0
220.851 367.042 0
206.385 368.745 0
232.608 367.092 0
200.513 381.373 0
212.986 362.527 0
228.207 380.165 0
198.004 372.527 0
207.786 390.112 0
200.02 399.358 0
189.86 400.895 0
204.12 357.635 0
221.911 391.832 0
232.371 389.944 0
227.29 407.804 0
221.184 400.969 0
233.111 399.808 0
272.934 383.979 0
270.333 366.966 0
275.08 374.946 0
265.634 358.539 0
288.302 90.0005 0
293.76 97.4736 0
260.818 430.357 0
292.058 314.805 0
233.215 168.941 0
236.289 149.876 0
237.512 159.853 0
236.964 133.803 0
231.628 125.313 0
245.313 151.345 0
244.737 128.987 0
241.161 142.03 0
228.576 141.501 0
220.994 134.842 0
253.913 210.81 0
244.622 215.582 0
265.27 208.189 0
256.194 194.774 0
205.773 410.084 0
216.809 411.561 0
226.806 422.956 0
217.341 429.501 0
209.883 444.057 0
234.433 415.616 0
235.7 431.603 0
235.487 443.246 0
235.646 452.845 0
260.368 168.293 0
257.708 177.701 0
251.275 168.51 0
256.683 159.941 0
267.965 161.731 0
294.57 254.951 0
288.947 263.132 0
219.672 463.299 0
199.771 419.131 0
185.167 435.038 0
186.656 418.765 0
184.698 409.192 0
437.706 198.566 0
434.553 210.278 0
194.472 390.207 0
280.352 392.924 0
232.023 188.666 0
221.835 177.209 0
231.645 178.744 0
255.518 220.258 0
247.506 201.719 0
238.174 197.079 0
243.082 187.037 0
252.619 185.853 0
220.319 448.174 0
200.483 452.596 0
198.804 461.95 0
190.725 455.38 0
180.226 459.702 0
199.617 438.236 0
204.257 428.989 0
179.849 448.827 0
169.311 191.189 0
163.931 181.189 0
154.703 179.915 0
172.774 179.062 0
194.503 185.284 0
203.395 189.964 0
217.849 192.391 0
226.312 202.099 0
226.782 213.213 0
216.47 215.029 0
216.011 202.536 0
186.923 191.451 0
187.746 177.008 0
199.046 174.253 0
223.697 185.812 0
330.28 187.349 0
328.25 177.198 0
337.775 177.529 0
398.396 215.546 0
389.112 210.207 0
380.14 194.747 0
380.277 205.001 0
391.647 191.222 0
410.559 199.323 0
404.759 207.059 0
402.228 192.648 0
420.279 196.012 0
266.995 395.754 0
264.264 386.992 0
362.088 192.24 0
369.706 200.725 0
372 187.114 0
350.335 195.125 0
354.534 183.233 0
380 199.453 0
