897
296 504 0
294 500 0
295 495 0
299 490 0
301 485 0
297 485 0
296 481 0
298 476 0
299 471 0
301 466 0
301 461 0
301 456 0
301 451 0
301 446 0
299 441 0
298 436 0
296 431 0
294 426 0
294 421 0
293 416 0
292 411 0
291 406 0
291 401 0
291 396 0
290 391 0
289 386 0
289 381 0
288 376 0
286 371 0
283 366 0
282 361 0
282 356 0
282 351 0
282 346 0
282 341 0
281 336 0
281 331 0
280 326 0
280 321 0
278 316 0
278 311 0
276 306 0
275 301 0
274 296 0
274 291 0
274 286 0
274 281 0
274 276 0
274 271 0
269 271 0
269 276 0
269 281 0
269 286 0
269 291 0
267 296 0
266 301 0
265 306 0
264 311 0
263 316 0
262 321 0
262 326 0
261 331 0
261 336 0
260 341 0
259 346 0
259 351 0
258 356 0
257 361 0
257 366 0
256 371 0
254 376 0
252 381 0
250 386 0
250 391 0
250 396 0
250 401 0
250 406 0
250 411 0
250 416 0
248 421 0
246 426 0
245 431 0
243 436 0
242 441 0
241 446 0
240 451 0
240 456 0
241 461 0
242 466 0
243 471 0
245 476 0
246 481 0
245 485 0
241 485 0
243 490 0
246 495 0
248 500 0
246 503 0
241 503 0
236 503 0
231 503 0
226 503 0
221 503 0
216 503 0
211 503 0
206 503 0
201 501 0
200 497 0
200 492 0
205 488 0
210 485 0
207 481 0
210 476 0
212 472 0
214 467 0
215 462 0
215 457 0
211 455 0
206 454 0
206 451 0
211 448 0
212 443 0
210 438 0
208 433 0
208 428 0
206 423 0
204 418 0
200 416 0
196 415 0
195 412 0
199 408 0
201 403 0
202 398 0
203 393 0
204 388 0
204 383 0
200 383 0
196 388 0
193 392 0
192 387 0
194 382 0
197 377 0
200 372 0
204 368 0
204 363 0
203 358 0
200 353 0
196 348 0
194 343 0
191 338 0
190 333 0
192 332 0
195 337 0
199 342 0
204 344 0
203 339 0
202 334 0
201 329 0
200 324 0
200 319 0
200 314 0
200 309 0
200 304 0
200 299 0
199 294 0
198 289 0
198 284 0
199 279 0
202 275 0
202 270 0
204 265 0
204 260 0
199 262 0
194 262 0
189 261 0
188 257 0
190 252 0
192 247 0
193 242 0
196 237 0
198 232 0
196 228 0
199 223 0
204 219 0
207 215 0
205 211 0
208 207 0
209 203 0
210 199 0
215 195 0
213 191 0
216 187 0
220 182 0
222 177 0
219 172 0
217 167 0
215 162 0
213 157 0
211 152 0
210 147 0
210 142 0
209 137 0
204 134 0
199 136 0
196 139 0
192 143 0
187 146 0
182 149 0
177 150 0
172 150 0
167 152 0
162 155 0
157 156 0
153 159 0
149 163 0
144 164 0
139 165 0
134 167 0
129 167 0
124 168 0
119 172 0
114 176 0
109 177 0
104 177 0
99 178 0
94 178 0
89 178 0
84 180 0
80 185 0
76 188 0
72 190 0
67 193 0
62 192 0
60 188 0
57 187 0
52 189 0
47 191 0
42 194 0
37 195 0
32 196 0
27 198 0
22 198 0
18 196 0
17 192 0
20 187 0
24 184 0
29 181 0
34 179 0
39 175 0
43 171 0
48 169 0
53 168 0
58 168 0
63 166 0
68 163 0
73 160 0
78 158 0
83 155 0
87 151 0
91 148 0
96 144 0
100 142 0
105 144 0
110 143 0
114 140 0
109 136 0
109 133 0
114 134 0
119 135 0
124 135 0
129 135 0
134 132 0
138 128 0
143 124 0
148 120 0
151 116 0
156 112 0
161 110 0
164 107 0
167 103 0
170 100 0
174 96 0
179 94 0
184 91 0
189 89 0
194 87 0
199 85 0
204 81 0
209 78 0
214 78 0
218 83 0
223 82 0
228 81 0
231 76 0
234 78 0
239 81 0
243 78 0
247 75 0
244 70 0
242 65 0
237 62 0
234 57 0
232 52 0
232 47 0
229 42 0
230 38 0
235 36 0
238 31 0
241 26 0
245 22 0
249 18 0
254 17 0
259 15 0
264 13 0
269 13 0
274 13 0
279 14 0
284 17 0
289 18 0
293 21 0
298 24 0
303 29 0
305 33 0
309 38 0
311 43 0
309 48 0
308 53 0
306 58 0
302 62 0
299 67 0
296 72 0
297 77 0
300 81 0
305 81 0
309 78 0
313 83 0
318 83 0
323 83 0
327 79 0
332 80 0
337 81 0
342 83 0
347 87 0
352 89 0
357 92 0
362 95 0
367 97 0
368 102 0
373 105 0
378 106 0
383 111 0
383 116 0
387 114 0
391 117 0
394 121 0
398 125 0
402 130 0
407 131 0
412 132 0
417 134 0
422 134 0
427 134 0
432 135 0
435 136 0
430 137 0
425 139 0
428 142 0
432 144 0
437 144 0
442 142 0
446 146 0
450 150 0
454 153 0
458 156 0
463 159 0
468 160 0
472 162 0
477 165 0
482 166 0
487 166 0
492 168 0
496 172 0
499 177 0
500 182 0
500 187 0
497 190 0
492 193 0
487 193 0
482 192 0
477 194 0
472 191 0
467 188 0
463 184 0
459 179 0
454 178 0
449 177 0
444 176 0
439 176 0
434 176 0
429 176 0
424 175 0
419 172 0
417 168 0
412 168 0
407 167 0
402 166 0
397 164 0
392 163 0
388 160 0
386 156 0
381 156 0
376 155 0
371 152 0
366 150 0
361 148 0
356 146 0
352 144 0
347 141 0
348 138 0
344 135 0
339 134 0
334 135 0
331 140 0
330 145 0
331 150 0
330 155 0
328 160 0
326 165 0
324 170 0
321 175 0
320 180 0
323 185 0
327 189 0
328 194 0
331 198 0
334 203 0
334 208 0
337 213 0
336 216 0
339 221 0
341 226 0
343 231 0
345 236 0
347 241 0
348 246 0
351 251 0
354 256 0
355 260 0
350 261 0
345 261 0
340 260 0
336 262 0
336 267 0
339 272 0
341 277 0
344 281 0
343 286 0
343 291 0
343 296 0
343 301 0
342 306 0
341 311 0
341 316 0
342 321 0
342 326 0
340 330 0
338 335 0
337 340 0
336 345 0
341 342 0
344 337 0
348 332 0
350 332 0
348 337 0
345 342 0
342 347 0
340 352 0
339 357 0
338 362 0
340 367 0
342 372 0
343 377 0
346 382 0
348 387 0
348 392 0
344 388 0
341 383 0
338 378 0
338 381 0
337 386 0
337 391 0
337 396 0
337 401 0
337 406 0
342 408 0
347 410 0
345 414 0
340 415 0
337 420 0
336 425 0
334 430 0
332 435 0
331 440 0
329 445 0
334 450 0
336 454 0
331 455 0
328 459 0
330 464 0
331 469 0
331 474 0
332 479 0
332 484 0
335 488 0
340 491 0
342 496 0
341 501 0
337 504 0
332 504 0
327 504 0
322 504 0
317 504 0
312 504 0
307 504 0
302 503 0
297 503 0
195.265 111.912 0
226.431 112.155 0
268.556 46.1389 0
270.365 199.246 0
237.008 262.5 0
232.608 301.5 0
231.645 335.871 0
225.452 405.29 0
230.04 365.5 0
271.863 79.4274 0
320.5 110.692 0
345.974 112.132 0
366.118 127.956 0
307.145 283.5 0
308.963 343.5 0
313.137 373.573 0
314 398.5 0
288.801 46.5602 0
245.619 189.348 0
287.958 170.992 0
271.5 235.158 0
228.787 234.465 0
296.012 300.895 0
253.578 149.469 0
318.946 303.989 0
237.038 161.885 0
151.259 139.449 0
333.577 98.6532 0
412.21 150.564 0
304.456 100.176 0
356.427 105.848 0
325.036 285.27 0
302.156 220.211 0
300.202 195.279 0
318.821 216.045 0
125.804 151.109 0
107 160.5 0
226.051 429.59 0
478.25 179 0
314.777 422.044 0
181.737 107.855 0
179.37 127.617 0
233.5 96.8941 0
250.358 48.6423 0
267.109 29.5471 0
221.254 273.651 0
247.922 286.984 0
236.481 413.496 0
382.762 137.094 0
300.2 359.52 0
326.557 370.238 0
282.541 32.4069 0
299.206 43 0
314.154 195.803 0
296.835 53.0542 0
67.8556 177.867 0
225.5 480.731 0
357.065 118.747 0
345.74 99.9065 0
241.548 43.6949 0
384.832 126.569 0
375.145 122.805 0
355.203 129.631 0
345.426 123.604 0
332.907 117.257 0
225.902 447.342 0
437.485 160.032 0
315.661 451.083 0
314.681 475.903 0
212.824 408.435 0
216.281 395.391 0
221.796 417.538 0
217.28 425.909 0
217.86 375.5 0
219.191 352.121 0
230.559 193.523 0
303.478 149.097 0
317.195 150 0
213.549 231.292 0
323.549 321.789 0
398.502 150.373 0
325.151 413 0
191.256 100.696 0
185.952 118.383 0
196.768 124.012 0
210.816 116.123 0
237.324 400.848 0
235.38 424.209 0
322.86 384.028 0
316.342 357.802 0
327.533 353.492 0
322.706 340.211 0
278.758 42.5414 0
276.099 24.1022 0
293.301 33.8854 0
307.597 184.395 0
294.054 183.148 0
306.736 207.309 0
234.871 476.982 0
329.951 107.837 0
319.828 126.968 0
221.058 438.425 0
316.377 463.54 0
208.901 375.5 0
233.485 382.113 0
214.157 385.214 0
224.573 388.351 0
228.973 396.615 0
218.454 363.806 0
209.784 351.449 0
235.11 180.687 0
244.52 214.636 0
225.745 213.281 0
309.397 163.811 0
217.878 248.674 0
405.264 157.064 0
388.913 145.771 0
393.331 136.121 0
405.476 141.882 0
325.35 423.699 0
313.664 410.296 0
304.612 417.081 0
303.101 404.092 0
303.208 390.884 0
313.258 388.098 0
189.172 131.136 0
318.491 366.45 0
317.358 348.223 0
313.127 330.542 0
285.028 195.345 0
317.027 205.8 0
324.049 118.991 0
311.12 137.639 0
227.406 374.71 0
230.832 170.748 0
250.463 172.762 0
240.966 201.814 0
255.636 200.188 0
235.4 210.261 0
234.843 223.114 0
251.944 232.872 0
245.08 225.037 0
223.541 202.278 0
222.913 224.498 0
216.63 216.945 0
318.044 159.586 0
301.77 173.514 0
311.296 175.413 0
296.368 160.505 0
275.619 152.481 0
284.722 159.781 0
269.139 170.352 0
288.878 145.273 0
278.653 167.605 0
278.604 182.219 0
219.906 238.939 0
297.089 332.536 0
309.697 315.876 0
291.552 209.183 0
321.272 137.035 0
300.62 120.183 0
244.486 180.016 0
261.283 184.922 0
264.132 217.417 0
255.314 222.996 0
262.095 230.823 0
276.167 191.547 0
318.901 313.496 0
329.56 308.792 0
328.602 296.78 0
304.279 324.877 0
292.453 320.979 0
307.214 304.403 0
299.215 312.14 0
304.334 293.961 0
290.317 285.599 0
288.743 309.044 0
292.636 200.215 0
285.717 225.405 0
280.052 206.148 0
283.727 215.529 0
270.419 209.419 0
309.005 127.025 0
297.712 134.793 0
310.898 116.146 0
254.577 191.119 0
269.367 179.878 0
319.789 96.7975 0
313.358 104.092 0
310.833 92.6351 0
317.669 268.424 0
138.523 145.261 0
148.186 149.576 0
135.395 155.212 0
114.928 152.852 0
468.625 172.89 0
488.908 182.073 0
172.418 116.762 0
163.8 129.935 0
162.846 119.905 0
172.944 137.906 0
153.295 129.11 0
182.4 137.737 0
162.319 141.725 0
217.753 98.8679 0
204.673 102.225 0
224.868 91.831 0
226.243 102.801 0
217.237 108.682 0
209.742 90.8075 0
258.176 117.592 0
279.116 123.498 0
290.472 125.758 0
282.741 134.949 0
264.754 134.343 0
273.855 131.463 0
261.669 63.476 0
258.258 38.6775 0
254.329 28.1923 0
247.143 35.2879 0
370.883 139.004 0
295.656 346.628 0
291.573 355.314 0
290.805 339.016 0
76.9992 170.825 0
88.0498 165.965 0
230.955 491.197 0
219.445 491.589 0
367.469 114.698 0
231.722 438.514 0
227.767 460.113 0
224.183 470.152 0
424.359 156.602 0
428.98 165.751 0
316.809 436.515 0
310.141 443.319 0
307.564 430.435 0
314.213 490.035 0
306.595 494.946 0
321.816 483.213 0
325.612 493.306 0
234.398 350.878 0
227.219 356.699 0
226.232 344.62 0
216.955 332.831 0
245.25 341.132 0
243.223 361.468 0
227.568 318.558 0
244.613 351.337 0
239.31 372.242 0
244.134 323.793 0
225.581 328.162 0
240.683 332.72 0
325.329 401.326 0
327.633 392.172 0
222.048 127.617 0
307.691 353.211 0
328.181 331.232 0
239.55 390.631 0
204.99 247.048 0
206.037 237.414 0
232.492 248.601 0
240.724 238.89 0
255.7 253.345 0
259.097 242.141 0
244.25 250.223 0
225.235 258.642 0
214.584 258.804 0
301.393 378.34 0
304.322 368.706 0
249.097 160.725 0
262.08 159.373 0
259.448 168.824 0
255.01 211.206 0
315.967 292.67 0
285.53 296.09 0
293.265 251.648 0
274.083 223.685 0
327.341 274.228 0
316.632 278.912 0
243.039 110.58 0
265.226 146.384 0
274.802 141.966 0
245.879 132.088 0
251.469 59.5243 0
260.209 52.8598 0
278.393 60.0822 0
289.434 61.3443 0
282.592 72.2741 0
259.647 76.0008 0
260.388 96.8485 0
263.345 86.3065 0
250.613 88.4209 0
248.954 100.228 0
257.17 106.995 0
274.431 106.885 0
275.719 92.9158 0
288.887 110.851 0
241.04 90.6047 0
269.202 99.3589 0
286.395 85.0053 0
287.698 97.9228 0
295.448 103.729 0
280.189 114.229 0
269.453 117.684 0
361.112 137.547 0
96.0305 158.051 0
213.794 319.399 0
209.816 327.423 0
219.952 307.034 0
210.159 309.873 0
220.184 290.326 0
210.009 283.948 0
210.208 294.935 0
223.86 298.733 0
238.581 312.538 0
246.686 301.017 0
250.906 313.455 0
255.442 304.981 0
256.239 294.079 0
211.55 126.641 0
219.761 118.617 0
285.126 239.782 0
297.181 233.077 0
276.619 254.342 0
266.322 250.448 0
268.355 260.634 0
284.307 249.069 0
300.32 267.524 0
255.922 128.144 0
255.01 138.835 0
247.304 120.958 0
234.87 125.022 0
235.14 115.644 0
238.018 145.966 0
230.497 136.387 0
224.48 148.854 0
219.948 138.096 0
232.574 153.62 0
225.889 161.593 0
271.394 68.4945 0
297.053 91.7905 0
233.347 282.799 0
224.281 282.217 0
231.957 272.069 0
245.798 273.257 0
256.857 266.552 0
247.714 260.698 0
238.488 292.367 0
314.781 246.487 0
312.277 231.519 0
305.559 240.337 0
311.471 222.057 0
327.729 236.627 0
318.657 238.145 0
297.914 277.998 0
287.262 270.038 0
280.117 263.427 0
292.397 261.539 0
283.406 278.875 0
256.98 278.776 0
309.495 258.342 0
322.441 226.697 0
334.872 247.784 0
324.88 246.316 0
321.077 257.306 0
329.898 255.331 0
303.334 250.256 0
449.034 164.586 0
458.717 168.543 0
135.111 139.419 0
