743
218 505 0
213 502 0
210 497 0
210 492 0
211 487 0
214 482 0
215 477 0
215 472 0
216 467 0
216 462 0
216 457 0
216 452 0
215 447 0
214 442 0
213 437 0
212 432 0
211 427 0
210 422 0
210 417 0
208 412 0
207 407 0
206 402 0
207 397 0
207 392 0
206 387 0
205 382 0
205 377 0
207 372 0
208 367 0
207 362 0
207 357 0
207 352 0
208 347 0
207 342 0
205 337 0
200 333 0
199 328 0
199 323 0
199 318 0
199 313 0
199 308 0
199 303 0
199 298 0
198 293 0
199 288 0
199 283 0
199 278 0
199 273 0
199 268 0
199 263 0
198 258 0
199 253 0
201 248 0
204 243 0
206 238 0
207 233 0
206 228 0
205 223 0
205 218 0
208 214 0
209 209 0
207 204 0
207 199 0
208 194 0
207 189 0
207 184 0
207 179 0
207 174 0
205 169 0
205 164 0
205 159 0
205 154 0
204 149 0
203 144 0
198 139 0
193 137 0
188 135 0
183 136 0
178 136 0
173 136 0
168 135 0
163 133 0
158 131 0
153 131 0
148 131 0
143 131 0
138 131 0
133 131 0
128 131 0
123 131 0
119 133 0
114 134 0
109 133 0
104 132 0
99 132 0
94 131 0
89 130 0
84 130 0
79 129 0
74 129 0
69 129 0
64 127 0
59 129 0
54 133 0
49 136 0
44 138 0
39 139 0
36 135 0
39 130 0
43 127 0
40 124 0
35 123 0
30 124 0
25 124 0
20 126 0
15 125 0
11 120 0
15 115 0
20 115 0
25 114 0
30 113 0
35 113 0
40 111 0
45 111 0
50 111 0
55 111 0
60 112 0
65 112 0
70 109 0
75 107 0
80 105 0
85 104 0
90 104 0
95 102 0
100 102 0
105 100 0
110 100 0
114 102 0
119 102 0
124 101 0
129 101 0
133 98 0
138 98 0
143 98 0
148 98 0
153 100 0
158 100 0
163 99 0
168 95 0
172 91 0
177 89 0
182 89 0
187 89 0
192 90 0
197 90 0
202 90 0
207 90 0
212 89 0
215 84 0
220 82 0
225 82 0
230 82 0
228 77 0
226 72 0
225 67 0
224 62 0
223 57 0
222 52 0
222 47 0
223 42 0
224 37 0
225 32 0
226 27 0
231 22 0
236 18 0
241 16 0
246 12 0
251 10 0
256 10 0
261 12 0
266 15 0
271 17 0
276 21 0
279 26 0
282 31 0
284 36 0
285 41 0
285 46 0
285 51 0
284 56 0
283 61 0
283 66 0
282 71 0
280 76 0
277 81 0
282 82 0
287 83 0
292 86 0
296 90 0
301 90 0
306 89 0
311 89 0
316 89 0
321 89 0
326 89 0
331 90 0
336 93 0
341 96 0
345 100 0
350 101 0
355 100 0
360 101 0
365 99 0
370 99 0
375 101 0
380 103 0
385 102 0
390 101 0
395 101 0
400 100 0
405 101 0
410 101 0
415 102 0
420 103 0
425 104 0
430 105 0
435 106 0
440 108 0
445 110 0
450 110 0
455 110 0
460 111 0
465 111 0
470 111 0
475 111 0
480 112 0
485 113 0
490 115 0
495 117 0
497 121 0
494 126 0
489 126 0
484 126 0
479 125 0
474 125 0
469 126 0
467 129 0
472 132 0
471 137 0
466 138 0
461 137 0
456 134 0
451 132 0
446 128 0
441 128 0
436 129 0
431 129 0
426 130 0
421 131 0
416 132 0
411 132 0
406 133 0
401 133 0
396 133 0
391 133 0
386 131 0
381 130 0
376 131 0
371 131 0
366 131 0
361 131 0
356 131 0
351 131 0
346 133 0
341 135 0
336 136 0
331 137 0
326 136 0
321 135 0
316 134 0
311 137 0
306 141 0
305 146 0
305 151 0
304 156 0
304 161 0
302 166 0
302 171 0
301 176 0
301 181 0
301 186 0
300 191 0
299 196 0
300 201 0
300 206 0
298 211 0
301 216 0
301 221 0
301 226 0
300 231 0
302 236 0
303 241 0
305 246 0
307 251 0
309 256 0
309 261 0
309 266 0
309 271 0
309 276 0
309 281 0
308 286 0
308 291 0
308 296 0
308 301 0
307 306 0
307 311 0
307 316 0
307 321 0
308 326 0
308 331 0
306 334 0
301 333 0
300 338 0
300 343 0
301 348 0
300 353 0
299 358 0
299 363 0
300 368 0
300 373 0
302 378 0
302 383 0
301 388 0
300 393 0
300 398 0
300 403 0
300 408 0
299 413 0
298 418 0
297 423 0
296 428 0
296 433 0
295 438 0
294 443 0
293 448 0
292 453 0
292 458 0
292 463 0
293 468 0
293 473 0
294 478 0
295 483 0
297 488 0
299 493 0
299 498 0
295 502 0
291 505 0
286 505 0
281 505 0
276 505 0
271 504 0
266 500 0
264 495 0
264 490 0
265 485 0
266 480 0
267 475 0
267 470 0
266 465 0
265 460 0
264 455 0
264 450 0
265 445 0
265 440 0
266 435 0
266 430 0
265 425 0
264 420 0
263 415 0
263 410 0
262 405 0
261 400 0
260 395 0
261 390 0
259 385 0
259 380 0
259 375 0
259 370 0
258 365 0
258 360 0
258 355 0
258 350 0
257 345 0
255 340 0
255 335 0
255 330 0
252 333 0
251 338 0
251 343 0
250 348 0
249 353 0
249 358 0
249 363 0
248 368 0
248 373 0
248 378 0
247 383 0
246 388 0
246 393 0
246 398 0
246 403 0
246 408 0
245 413 0
245 418 0
246 423 0
244 428 0
243 433 0
242 438 0
242 443 0
242 448 0
243 453 0
243 458 0
242 463 0
242 468 0
242 473 0
241 478 0
242 483 0
243 488 0
245 493 0
244 498 0
240 502 0
235 505 0
230 505 0
225 505 0
220 505 0
219 505 0
230.949 308.949 0
184.5 112.065 0
253.365 53.527 0
214.958 116.788 0
253.933 156.5 0
253.865 260.046 0
227.952 354.5 0
226.152 381.43 0
308.032 112.16 0
278.793 352.5 0
279.671 377.5 0
278.442 313.5 0
245.789 35.2226 0
276.534 168.5 0
237.058 181.5 0
229.403 156.5 0
276.688 137.738 0
229.368 250.247 0
275.727 243.609 0
279.847 273.5 0
273.929 109.353 0
262.96 69.1758 0
138.5 114.5 0
97.7302 116.651 0
226.192 402 0
227.687 421.319 0
331 115.625 0
355 115.6 0
400 116.625 0
218.564 293 0
272.01 336.798 0
288.366 158.073 0
219.086 166.383 0
214.762 258 0
279.22 222.084 0
291.053 259.389 0
289.977 218.857 0
278.832 201.248 0
287.373 208.173 0
291.767 320.883 0
262.861 32.2904 0
235.703 31.6218 0
113.986 117.901 0
218.107 323.097 0
209.119 327.754 0
227.086 101.446 0
221.952 92.3026 0
212.893 102.956 0
227.888 200.207 0
289.154 170.895 0
279.995 184.712 0
273.476 153.103 0
217.309 154.201 0
227.263 134.795 0
225.14 145.962 0
214.672 138.188 0
242.383 143.454 0
218.555 127.538 0
204.392 126.301 0
233.812 118.085 0
231.881 169.413 0
241.668 160.84 0
237.903 151.978 0
253.326 174.286 0
242.573 171.986 0
250.137 165.274 0
279.97 326.459 0
266.984 324.695 0
285.924 339.277 0
252.625 308.448 0
257.229 318.848 0
242.033 319.356 0
265.967 308.761 0
259.826 285.981 0
278.905 293.492 0
259.538 298.276 0
275.136 303.414 0
241.434 293.408 0
268.344 292.331 0
270.414 280.667 0
251.536 291.938 0
243.964 275.354 0
259.624 272.374 0
291.598 305.473 0
229.844 224.263 0
217.497 222.166 0
225.489 212.51 0
218.52 204.766 0
290.272 181.58 0
283.713 147.225 0
291.967 133.769 0
294.362 149.079 0
279.477 159.913 0
265.09 162.771 0
261.583 142.598 0
206.168 135.153 0
291.259 330.847 0
289.468 349.723 0
277.988 343.531 0
241.783 308.516 0
230.038 321.025 0
237.799 332.871 0
252.824 279.28 0
250.861 268.959 0
238.012 262.018 0
270.467 259.799 0
297.549 313.114 0
287.302 313.226 0
281.013 122.991 0
270.519 144.466 0
263.324 152.612 0
252.136 146.455 0
225.35 275.665 0
226.093 261.712 0
244.355 248.301 0
269.853 270.231 0
262.221 263.651 0
283.264 131.659 0
264.64 126.197 0
251.266 131.93 0
291.118 109.084 0
234.591 271.541 0
234.43 283.596 0
229.982 294.177 0
224.808 285.448 0
212.176 281.361 0
245.453 257.134 0
235.314 237.36 0
259.957 245.39 0
271.758 119.139 0
273.658 128.842 0
259.99 133.816 0
239.068 131.713 0
251.416 113.816 0
262.757 112.008 0
245.328 122.823 0
253.521 90.5476 0
265.369 98.1659 0
293.394 121.363 0
298.964 113.98 0
301.296 102.102 0
302.617 128.708 0
313.621 101.132 0
319.914 111.252 0
325.433 100.803 0
321.657 123.071 0
331.811 126.227 0
343.005 120.039 0
340.021 109.623 0
282.591 113.513 0
215.018 269.852 0
220.673 238.42 0
268.486 250.206 0
252.943 251.069 0
253.992 221.869 0
240.966 213.459 0
255.313 122.906 0
254.307 102.348 0
240.594 104.99 0
265.146 85.4913 0
255.201 78.5195 0
268.602 76.724 0
242.971 82.9425 0
250.033 66.3355 0
242.95 94.092 0
238.318 56.4509 0
236.955 44.0422 0
232.53 92.2708 0
247.121 45.3913 0
258.533 43.0967 0
271.773 42.1292 0
272.311 32.6864 0
279.587 96.1551 0
334.443 102.375 0
219.157 248.645 0
215.724 230.95 0
266.346 231.253 0
250.019 235.393 0
257.978 201.4 0
242.167 114.109 0
232.321 109.009 0
237.929 68.7966 0
267.359 240.224 0
266.64 218.043 0
257.912 212.009 0
275.607 211.73 0
268.423 203.783 0
266.212 189.394 0
277.145 232.793 0
288.871 239.831 0
241.428 227.116 0
257.394 230.214 0
275.012 192.67 0
251.995 188.47 0
270.143 178.34 0
260.566 181.16 0
287.259 229.23 0
284.735 250.193 0
295.212 249.763 0
244.165 199.943 0
246.481 180.798 0
249.054 208.237 0
236.11 205.173 0
242.121 190.14 0
51.8333 121.333 0
457.471 122.345 0
220.554 412.154 0
221.948 181.222 0
215.882 174.696 0
229.357 189.326 0
219.076 193.478 0
294.518 273.646 0
299.192 264.961 0
287.081 283.859 0
297.661 283.75 0
292.476 294.01 0
287.24 267.866 0
252.593 23.6722 0
261.771 23.1624 0
243.1 25.4211 0
105.46 122.448 0
106.378 110.514 0
287.597 193.555 0
191.956 122.662 0
179.446 123.543 0
199.347 109.54 0
169.603 112.357 0
190.385 101.758 0
178.208 101.639 0
203.134 100.104 0
208.29 110.714 0
168.392 123.347 0
311.079 122.317 0
267.426 55.6718 0
275.541 50.8078 0
272.547 64.8559 0
289.863 98.5965 0
227.539 489.647 0
228.034 476.617 0
228.958 463.594 0
229.067 450.434 0
227.555 435.918 0
221.137 428.559 0
234.185 428.678 0
272.423 365.239 0
269.454 375.267 0
268.59 355.361 0
285.694 363.912 0
267.004 345.472 0
289.498 373.728 0
154 115.5 0
145.846 121.255 0
146.687 108.229 0
160.807 108.99 0
84.7704 117.057 0
74.3884 118.522 0
219.343 391.729 0
215.579 381.84 0
233.461 391.701 0
236.613 381.721 0
231.752 368.279 0
236.156 401.317 0
220.067 364.088 0
217.403 353.861 0
223.57 339.449 0
225.408 329.746 0
237.995 359.144 0
233.949 412.177 0
234.507 344.428 0
370.364 115.649 0
362.7 110.081 0
384.412 116.355 0
362.664 121.483 0
392.309 110.535 0
392.094 122.93 0
414.951 117.079 0
407.668 110.52 0
407.287 123.034 0
125.872 113.526 0
131.619 121.373 0
215.698 308.008 0
223.723 302.004 0
209.574 316.723 0
209.698 299.085 0
208.187 289.838 0
427.364 117.131 0
437.71 118.14 0
280.342 489.127 0
289.039 494.006 0
280.15 475.945 0
278.917 462.919 0
278.546 448.843 0
280.732 434.255 0
284.919 442.34 0
274.182 440.731 0
280.89 417.123 0
275.24 425.638 0
286.158 425.738 0
280.426 397.549 0
287.869 407.165 0
274.364 407.485 0
273.039 387.788 0
270.534 397.359 0
288.135 387.22 0
290.235 396.829 0
307.556 118.564 0
127.111 116.762 0
