697
213 506 0
208 504 0
205 504 0
203 499 0
202 494 0
201 489 0
201 484 0
201 479 0
203 474 0
203 469 0
204 464 0
205 459 0
206 454 0
206 449 0
206 444 0
206 439 0
207 434 0
207 429 0
206 424 0
205 419 0
204 414 0
204 409 0
203 404 0
202 399 0
201 394 0
201 389 0
202 384 0
202 379 0
202 374 0
203 369 0
203 364 0
205 359 0
207 354 0
207 349 0
207 344 0
207 339 0
207 334 0
207 329 0
207 324 0
207 319 0
208 314 0
208 309 0
208 304 0
209 299 0
209 294 0
208 289 0
207 284 0
206 279 0
204 274 0
203 269 0
203 264 0
202 259 0
202 254 0
201 249 0
201 244 0
202 239 0
201 234 0
203 229 0
206 224 0
210 219 0
213 214 0
217 210 0
220 206 0
224 201 0
228 197 0
229 192 0
230 187 0
230 182 0
229 177 0
228 172 0
228 167 0
227 162 0
226 157 0
224 152 0
220 147 0
217 142 0
216 137 0
217 132 0
221 128 0
224 123 0
225 118 0
224 113 0
219 112 0
214 113 0
209 113 0
204 113 0
199 113 0
194 113 0
189 113 0
184 113 0
179 113 0
174 113 0
169 113 0
164 114 0
159 113 0
154 113 0
149 113 0
144 114 0
139 114 0
134 114 0
129 114 0
124 115 0
119 115 0
114 116 0
109 116 0
104 116 0
99 115 0
94 114 0
89 113 0
84 112 0
79 111 0
74 110 0
69 109 0
64 108 0
59 108 0
54 107 0
49 108 0
44 109 0
39 111 0
34 113 0
29 115 0
24 117 0
19 119 0
14 121 0
9 119 0
8 115 0
8 110 0
8 105 0
12 100 0
17 100 0
22 99 0
27 97 0
32 96 0
33 92 0
31 87 0
33 85 0
35 90 0
39 95 0
44 98 0
49 99 0
54 99 0
59 99 0
64 99 0
69 99 0
74 98 0
79 97 0
84 97 0
89 97 0
94 97 0
99 97 0
104 97 0
109 97 0
114 96 0
119 96 0
124 96 0
129 97 0
134 98 0
139 96 0
144 97 0
149 96 0
154 95 0
159 93 0
164 92 0
169 92 0
174 90 0
179 89 0
184 88 0
189 88 0
194 87 0
199 87 0
204 87 0
209 87 0
214 86 0
219 86 0
224 86 0
225 81 0
225 76 0
225 71 0
227 66 0
229 61 0
234 56 0
232 53 0
233 48 0
234 43 0
234 38 0
231 36 0
233 31 0
234 26 0
235 21 0
238 16 0
242 12 0
247 11 0
252 8 0
257 5 0
262 4 0
267 5 0
272 7 0
277 8 0
280 12 0
284 15 0
288 19 0
291 24 0
292 29 0
292 34 0
292 39 0
291 44 0
288 49 0
284 53 0
282 57 0
287 60 0
291 65 0
292 70 0
292 75 0
290 80 0
294 83 0
299 84 0
304 84 0
309 85 0
314 85 0
319 86 0
324 87 0
329 88 0
334 89 0
339 91 0
344 92 0
349 92 0
354 93 0
359 95 0
364 96 0
369 97 0
374 97 0
379 98 0
384 97 0
389 96 0
394 95 0
399 95 0
404 96 0
409 95 0
414 95 0
419 95 0
424 96 0
429 96 0
434 96 0
439 96 0
444 96 0
449 98 0
454 99 0
459 100 0
464 100 0
469 98 0
474 96 0
479 93 0
480 88 0
484 90 0
482 95 0
483 97 0
488 98 0
493 98 0
498 99 0
503 101 0
505 106 0
503 111 0
500 116 0
496 119 0
491 119 0
486 119 0
481 115 0
476 112 0
471 111 0
466 110 0
461 110 0
456 110 0
451 110 0
446 110 0
441 111 0
436 111 0
431 113 0
426 114 0
421 114 0
416 115 0
411 116 0
406 116 0
401 116 0
396 115 0
391 113 0
386 112 0
381 112 0
376 112 0
371 112 0
366 112 0
361 111 0
356 111 0
351 111 0
346 111 0
341 110 0
336 110 0
331 109 0
326 109 0
321 109 0
316 108 0
311 107 0
306 107 0
301 107 0
296 108 0
292 111 0
292 116 0
295 121 0
298 126 0
301 131 0
301 136 0
300 141 0
298 146 0
293 151 0
292 156 0
292 161 0
290 166 0
289 171 0
289 176 0
288 181 0
289 186 0
289 191 0
291 196 0
295 199 0
297 204 0
301 208 0
305 212 0
309 216 0
311 221 0
314 226 0
315 231 0
316 236 0
316 241 0
316 246 0
315 251 0
314 256 0
313 261 0
313 266 0
311 271 0
311 276 0
310 281 0
310 286 0
309 291 0
308 296 0
308 301 0
309 306 0
309 311 0
309 316 0
310 321 0
310 326 0
311 331 0
311 336 0
312 341 0
313 346 0
313 351 0
314 356 0
315 361 0
316 366 0
316 371 0
316 376 0
317 381 0
317 386 0
317 391 0
316 396 0
316 401 0
316 406 0
316 411 0
315 416 0
315 421 0
315 426 0
315 431 0
314 436 0
314 441 0
314 446 0
314 451 0
314 456 0
314 461 0
315 466 0
316 471 0
317 476 0
317 481 0
318 486 0
318 491 0
317 496 0
314 501 0
310 504 0
305 504 0
300 504 0
295 504 0
290 503 0
286 501 0
285 496 0
282 491 0
285 486 0
287 481 0
288 476 0
289 471 0
290 466 0
290 461 0
290 456 0
289 451 0
288 446 0
288 441 0
288 436 0
287 431 0
287 426 0
286 421 0
285 416 0
283 411 0
284 406 0
283 401 0
283 396 0
283 391 0
283 386 0
282 381 0
282 376 0
282 371 0
283 366 0
283 361 0
283 356 0
281 351 0
279 346 0
278 341 0
277 336 0
275 331 0
273 326 0
271 321 0
270 316 0
269 311 0
268 306 0
264 304 0
259 304 0
254 304 0
250 306 0
249 311 0
248 316 0
247 321 0
246 326 0
245 331 0
244 336 0
243 341 0
240 346 0
239 351 0
237 356 0
236 361 0
236 366 0
237 371 0
238 376 0
238 381 0
238 386 0
238 391 0
238 396 0
238 401 0
236 406 0
236 411 0
234 416 0
233 421 0
233 426 0
232 431 0
231 436 0
230 441 0
231 446 0
231 451 0
230 456 0
229 461 0
230 466 0
231 471 0
232 476 0
233 481 0
234 486 0
234 491 0
234 496 0
233 501 0
229 503 0
224 505 0
219 506 0
214 506 0
259.909 43.4545 0
257.648 90.1296 0
258.809 127.362 0
238.547 275.091 0
228.671 306.5 0
258.864 173.627 0
259.276 232.276 0
288.134 304.573 0
272.939 30.0609 0
245.96 146.116 0
242.578 215.578 0
281.876 223.124 0
269.445 148.889 0
277.585 128.049 0
247.224 50.2845 0
219.463 367.093 0
216.952 481.99 0
225.532 334.413 0
220.048 408.01 0
299.849 409.465 0
244.909 74.7818 0
279.285 259.457 0
282.857 208.358 0
296.587 224.109 0
288.522 134.293 0
296.024 262.805 0
213.985 493.609 0
277.907 140.185 0
223.679 489.896 0
266.086 137.158 0
286.805 143.707 0
257.898 145.849 0
280.331 153.687 0
260.434 159.667 0
251.712 136.278 0
235.946 133.661 0
230.687 246.5 0
221.229 232.084 0
262.08 19.4002 0
247.884 36.3145 0
248.13 23.6333 0
262.659 63.7561 0
276.23 72.046 0
244.611 62.3956 0
254.011 58.0861 0
236.744 68.7812 0
265.273 214.605 0
289.726 216.23 0
288.013 241.821 0
273.575 168.213 0
244.583 164.953 0
234.017 145.465 0
239.48 155.111 0
226.635 138.199 0
272.62 19.5253 0
260.94 31.4224 0
272.952 62.1594 0
266.25 52.9327 0
272.026 42.2079 0
281.403 36.8046 0
275.254 89.6318 0
263.529 77.5843 0
275.414 215.279 0
270.013 226.311 0
278.588 234.559 0
276.454 247.078 0
255.503 258.382 0
261.5 280.865 0
268.244 239.237 0
267.543 255.629 0
256.438 245.191 0
269.532 269.447 0
243.82 250.926 0
288.722 231.233 0
271.452 185.138 0
270.348 158.799 0
281.226 162.938 0
253.733 165.982 0
280.191 81.0857 0
266.357 86.5612 0
253.56 80.5619 0
240.358 91.8601 0
280.849 285.942 0
257.885 269.788 0
249.885 278.527 0
246.508 266.212 0
253.412 291.026 0
232.259 261.443 0
265.264 292.161 0
242.248 233.893 0
251.159 237.262 0
268.136 176.126 0
272.12 279.802 0
283.795 272.479 0
239.087 295.638 0
241.646 285.29 0
224.763 286.606 0
240.892 259.32 0
217.696 255.421 0
276.296 297.17 0
239.261 242.758 0
287.07 264.053 0
296.959 276.552 0
239.337 306.303 0
228.752 296.153 0
219.406 301.253 0
225.107 273.01 0
219.216 243.715 0
210.749 248.567 0
211.947 236.467 0
226.61 254.483 0
278.331 307.083 0
216.718 279.6 0
222.836 263.611 0
222.199 352.01 0
226.451 360.571 0
215.326 358.552 0
219.401 421.607 0
213.33 414.504 0
254.165 220.689 0
245.436 224.79 0
231.971 223.918 0
221.361 221.109 0
230.918 211.663 0
245.115 180.169 0
238.197 172.794 0
257.274 188.004 0
266.994 199.585 0
243.901 195.406 0
239.558 205.251 0
253.947 205.718 0
277.898 195.038 0
239.268 187.37 0
253.189 196.406 0
268.871 109.298 0
266.003 98.1079 0
249.965 108.181 0
256.088 100.126 0
236.107 81.582 0
228.393 99.5 0
239.336 103.45 0
239.326 117.777 0
247.54 125.674 0
254.492 117.723 0
215.077 99.2736 0
233.153 110.609 0
294.482 290.816 0
301.063 284.612 0
297.68 300.635 0
285.793 295.15 0
289.717 282.642 0
213.729 269.292 0
217.737 342.051 0
229.504 344.279 0
219.107 433.714 0
268.446 120.896 0
279.61 115.498 0
280.185 102.101 0
286.743 92.2984 0
297.968 95.6767 0
309.047 96.0866 0
320.187 97.5712 0
330.448 98.6922 0
339.793 100.549 0
233.154 124.765 0
201.934 100 0
218.396 446.302 0
217.257 458.297 0
218.783 470.165 0
189.437 100.5 0
177.635 101.253 0
231.984 321.005 0
234.909 330.669 0
219.587 323.295 0
219.282 312.276 0
216.311 332.195 0
299.612 392.762 0
305.721 401.028 0
293.449 401.203 0
301 423.619 0
305.976 416.091 0
294.422 417.03 0
301 436.635 0
301.5 449.247 0
302 461.239 0
302.5 475.443 0
303.724 489.724 0
294.76 494.05 0
308.247 482.143 0
296.517 483.148 0
301.718 237.524 0
304.907 228.615 0
298.101 249.991 0
287.629 252.609 0
306.534 245.679 0
304.047 257.53 0
219.994 385.113 0
213.008 376.301 0
226.64 375.899 0
225.374 396.549 0
228.881 387.915 0
213.721 398.102 0
210.833 388.698 0
299 375.771 0
306.22 384.017 0
293.3 384.483 0
298.742 360 0
292.771 367.985 0
305.711 367.774 0
295.796 343.819 0
302.952 350.875 0
292.183 352.835 0
292.197 326.379 0
285.905 316.27 0
297.452 316.096 0
282.684 325.287 0
300.26 333.806 0
287.873 336.363 0
233.432 272 0
316.444 95.7776 0
200 94.4366 0
