782
202 482 0
199 478 0
200 473 0
203 468 0
204 463 0
204 458 0
201 453 0
200 448 0
202 443 0
204 439 0
201 434 0
201 429 0
196 425 0
195 420 0
194 415 0
192 410 0
189 405 0
189 400 0
189 395 0
189 390 0
190 385 0
190 380 0
190 375 0
191 370 0
191 365 0
191 360 0
191 355 0
191 350 0
190 345 0
192 342 0
197 338 0
201 334 0
206 332 0
204 327 0
199 327 0
197 322 0
196 317 0
195 312 0
194 307 0
193 302 0
192 297 0
192 292 0
192 287 0
193 282 0
194 277 0
194 272 0
195 267 0
196 262 0
199 257 0
197 252 0
198 247 0
200 242 0
203 237 0
208 233 0
207 229 0
208 224 0
210 219 0
211 214 0
215 210 0
218 207 0
218 202 0
219 197 0
220 192 0
217 187 0
216 182 0
212 177 0
208 174 0
203 171 0
198 171 0
196 175 0
195 180 0
190 184 0
185 186 0
180 188 0
175 190 0
170 190 0
165 191 0
160 195 0
155 196 0
150 196 0
145 197 0
140 201 0
135 204 0
130 207 0
125 209 0
120 211 0
115 214 0
110 215 0
105 217 0
100 221 0
96 226 0
91 230 0
86 233 0
82 238 0
77 241 0
73 239 0
76 234 0
75 232 0
70 233 0
65 236 0
60 240 0
55 243 0
50 242 0
49 237 0
52 233 0
56 228 0
60 225 0
65 222 0
70 219 0
75 216 0
80 213 0
75 210 0
80 208 0
82 204 0
85 200 0
90 200 0
95 197 0
100 194 0
105 192 0
110 191 0
115 187 0
120 185 0
125 182 0
130 180 0
132 175 0
137 172 0
142 169 0
145 164 0
148 159 0
153 156 0
156 155 0
158 150 0
159 145 0
159 140 0
162 135 0
166 131 0
171 126 0
176 122 0
181 123 0
184 120 0
187 115 0
191 112 0
196 108 0
201 106 0
206 104 0
211 102 0
216 102 0
221 102 0
226 104 0
227 109 0
222 113 0
217 116 0
212 119 0
209 124 0
214 122 0
219 120 0
224 118 0
229 115 0
234 115 0
238 118 0
240 113 0
237 109 0
234 104 0
233 99 0
233 94 0
233 89 0
233 84 0
233 79 0
234 74 0
236 69 0
238 64 0
242 60 0
246 56 0
251 53 0
255 49 0
260 49 0
265 49 0
270 50 0
275 52 0
280 55 0
285 58 0
289 63 0
292 68 0
294 73 0
295 78 0
296 83 0
297 88 0
298 93 0
297 98 0
295 103 0
292 107 0
287 110 0
288 115 0
291 120 0
293 116 0
298 114 0
303 116 0
308 119 0
313 121 0
318 122 0
319 120 0
314 117 0
310 113 0
306 111 0
301 108 0
303 103 0
308 102 0
313 102 0
318 102 0
323 105 0
328 108 0
333 111 0
338 114 0
341 118 0
344 123 0
349 123 0
354 126 0
359 129 0
364 133 0
368 137 0
370 141 0
373 145 0
378 147 0
381 151 0
386 155 0
389 157 0
386 162 0
391 167 0
396 170 0
401 173 0
398 176 0
401 179 0
406 179 0
411 183 0
416 185 0
421 189 0
425 194 0
428 198 0
433 201 0
438 203 0
443 204 0
446 209 0
449 213 0
452 216 0
457 221 0
462 224 0
467 227 0
471 232 0
475 236 0
479 241 0
475 244 0
470 241 0
465 238 0
460 234 0
456 232 0
451 229 0
448 230 0
451 235 0
455 239 0
454 243 0
449 241 0
444 236 0
439 232 0
435 229 0
431 224 0
427 220 0
422 217 0
417 216 0
412 216 0
407 215 0
402 214 0
397 212 0
392 210 0
387 208 0
383 204 0
379 200 0
378 196 0
373 195 0
368 194 0
363 194 0
358 190 0
353 188 0
348 187 0
343 185 0
338 184 0
333 181 0
331 176 0
329 171 0
324 172 0
320 175 0
315 178 0
313 183 0
312 188 0
312 193 0
311 198 0
311 203 0
310 208 0
314 211 0
316 216 0
318 221 0
320 226 0
319 231 0
321 236 0
326 240 0
328 245 0
330 250 0
331 254 0
327 258 0
332 262 0
334 267 0
334 272 0
333 277 0
333 282 0
333 287 0
333 292 0
333 297 0
333 302 0
333 307 0
333 312 0
333 317 0
333 322 0
330 327 0
325 328 0
322 331 0
325 334 0
330 335 0
333 340 0
336 344 0
337 349 0
337 354 0
337 359 0
337 364 0
337 369 0
338 374 0
338 379 0
338 384 0
338 389 0
338 394 0
337 399 0
337 404 0
336 409 0
335 414 0
333 419 0
330 423 0
328 428 0
326 433 0
326 438 0
328 443 0
332 448 0
334 453 0
333 457 0
328 458 0
323 459 0
325 464 0
328 469 0
328 474 0
326 479 0
321 482 0
316 482 0
311 482 0
306 482 0
301 482 0
296 482 0
291 481 0
290 476 0
290 471 0
291 466 0
293 461 0
290 457 0
287 454 0
287 449 0
286 444 0
288 439 0
286 434 0
286 429 0
283 424 0
282 419 0
279 414 0
276 409 0
275 404 0
274 399 0
276 394 0
276 389 0
276 384 0
276 379 0
276 374 0
276 369 0
276 364 0
276 359 0
277 354 0
278 349 0
277 344 0
282 340 0
282 335 0
283 330 0
283 325 0
282 320 0
282 315 0
282 310 0
280 305 0
279 300 0
278 295 0
277 290 0
275 285 0
274 280 0
270 275 0
265 275 0
260 276 0
256 278 0
253 282 0
250 287 0
248 292 0
248 297 0
247 302 0
246 307 0
245 312 0
245 317 0
244 322 0
243 327 0
243 332 0
243 337 0
247 341 0
249 346 0
250 351 0
250 356 0
250 361 0
250 366 0
250 371 0
251 376 0
252 381 0
252 386 0
252 391 0
252 396 0
252 401 0
251 406 0
249 411 0
247 416 0
246 421 0
242 426 0
239 430 0
239 435 0
239 440 0
239 445 0
240 450 0
240 455 0
236 458 0
236 462 0
239 467 0
239 472 0
239 477 0
236 481 0
231 481 0
226 481 0
221 481 0
216 481 0
211 481 0
206 482 0
203 482 0
241.946 244.891 0
182.324 152.265 0
264.532 86.5 0
222.008 149.27 0
264.382 203.476 0
263.529 125.311 0
220 304.4 0
220.466 362.5 0
220.659 401.436 0
304.082 149.61 0
351.154 158.26 0
304.921 287.016 0
306.5 366.5 0
288.356 246.158 0
306.856 422.442 0
241.871 198.974 0
282.942 179.588 0
257.673 69.7878 0
286.96 265.532 0
375.913 177.087 0
392.976 192.203 0
307.201 445.987 0
142.621 183.981 0
223.272 274.877 0
220.02 428.744 0
436.119 213.842 0
231.539 225.077 0
219.588 228.5 0
171.096 169.478 0
172.252 143.526 0
280.5 93 0
250.731 97.7075 0
210.523 348.535 0
232.547 350.469 0
230.821 414.16 0
204.83 400.701 0
343.94 141.368 0
367.534 160.621 0
296.015 351.618 0
318.071 351.571 0
312.433 391.493 0
295.601 225.05 0
366.587 183.031 0
183.362 173.075 0
157.647 168.647 0
295.063 401.775 0
304.76 218.18 0
365.973 171.78 0
220.542 447.587 0
209.812 314.151 0
386.996 177.337 0
381.255 186.069 0
133.384 191.27 0
443.066 221.18 0
223 217.835 0
235.629 211.6 0
229.066 239.016 0
169.889 156.422 0
186.378 137.419 0
200.615 347.307 0
179.707 162.826 0
191.841 160.228 0
306.715 230.327 0
287.029 204.079 0
296.639 237.203 0
298.124 208.326 0
306.808 254.919 0
298.952 247.652 0
310.578 242.964 0
296.051 258.667 0
318.491 250.807 0
306.379 270.998 0
231 134.144 0
344.29 170.78 0
212.102 414.897 0
213.631 382.003 0
163.756 179.023 0
174.142 179.415 0
152.52 178.652 0
206.72 300.722 0
226.208 321.085 0
122.543 196.991 0
230.172 201.045 0
251.094 211.39 0
228.495 257.323 0
213.821 250.468 0
217.24 239.625 0
176.691 134.401 0
207.193 155.49 0
320.239 270.13 0
315.451 260.823 0
231 124.555 0
355.253 168.649 0
212.529 405.718 0
221.335 411.316 0
210.458 425.025 0
203.026 410.586 0
213.111 393.178 0
201.635 388.864 0
217.079 289.134 0
219.506 314.082 0
253.356 200.076 0
250.774 166.595 0
235.851 179.86 0
264.277 184.24 0
248.887 186.259 0
234.395 190.824 0
261.306 193.875 0
276.433 193.264 0
270.166 228.301 0
283.589 232.198 0
243.495 221.346 0
257.086 223.842 0
240.565 232.977 0
253.839 237.476 0
232.616 248.289 0
200.823 162.089 0
313.885 279.757 0
318.133 294.168 0
357.299 178.694 0
202.447 376.369 0
212.36 370.608 0
232.824 287.5 0
204.517 288.329 0
245.814 176.042 0
256.946 175.861 0
272.672 158.699 0
269.888 171.934 0
275.684 204.597 0
281.967 217.73 0
268.895 215.511 0
274.067 183.752 0
289.475 191.085 0
298.292 178.47 0
257.529 256.64 0
322.848 284.946 0
302.411 307.434 0
224.491 283.88 0
239.565 272.473 0
225.686 295.399 0
236.548 298.039 0
261.98 163.361 0
250.474 144.528 0
253.647 155.521 0
236.901 157.086 0
237.215 168.512 0
225.049 172.805 0
226.201 182.838 0
291.724 215.912 0
300.742 189.57 0
301.402 199.223 0
289.478 163.405 0
251.998 247.768 0
243.726 259.086 0
307.67 297.717 0
293.117 296.122 0
232.077 278.14 0
290.185 173.102 0
279.402 167.025 0
252.246 266.997 0
235.456 263.856 0
291.935 306.567 0
296.099 319.967 0
290.639 280.706 0
311.453 319.843 0
316.835 307.536 0
323.786 301.464 0
322.059 317.151 0
295.78 271.427 0
296.065 287.741 0
286.495 289.279 0
282.562 274.631 0
305.113 336.4 0
312.259 329.644 0
92.0353 211.912 0
86.7616 220.684 0
101.796 206.102 0
112.407 202.087 0
300.328 133.574 0
299.134 124.402 0
274.675 72.5729 0
318.208 448.721 0
268.523 107.322 0
249.997 82.7022 0
258.693 79.1327 0
255.871 89.9353 0
243.241 90.5534 0
246.741 72.0285 0
235.127 365.141 0
228.718 358.705 0
240.178 356.69 0
225.73 375.294 0
226.061 388.921 0
238.313 377.515 0
229.818 424.71 0
357.034 145.762 0
365.289 151.069 0
352.769 136.766 0
334.709 155.296 0
342.092 161.434 0
330.629 132.14 0
376.381 166.484 0
291.175 366.162 0
286.994 356.693 0
298.962 360.676 0
298.501 381.6 0
298.712 372.043 0
321.848 366.448 0
314.154 360.484 0
326.751 357.285 0
314.213 377.87 0
307.346 383.901 0
326.147 377.584 0
214.855 438.316 0
227.377 437.969 0
195.655 127.281 0
200.381 117.722 0
205.762 139.611 0
212.351 147.021 0
218.044 135.324 0
196.61 148.44 0
196.228 137.118 0
227.924 336.091 0
233.252 327.881 0
235.151 341.699 0
221.845 345.977 0
216.608 335.944 0
215.159 324.629 0
216.729 263.376 0
209.308 275.209 0
208.489 258.451 0
204.483 267.046 0
306.275 165.061 0
298.463 158.289 0
318.849 155.395 0
306.535 174.297 0
309.831 156.675 0
316.519 139.603 0
326.816 161.316 0
316.422 165.249 0
328.146 144.515 0
306.976 140.475 0
321.062 131.122 0
310.832 130.998 0
268.57 244.577 0
274.923 236.984 0
241.267 282.262 0
232.465 310.05 0
245.31 130.759 0
240.077 140.575 0
256.345 134.473 0
273.499 140.527 0
288.592 145.738 0
262.753 146.938 0
265.944 134.603 0
278.009 126.507 0
278.719 149.869 0
297.587 142.673 0
271.437 117.819 0
288.679 131.587 0
282.601 138.626 0
215.892 164.383 0
226.754 161.763 0
315.694 340.482 0
307.036 348.138 0
293.834 339.986 0
296.932 330.199 0
267.635 62.2604 0
258.042 59.9208 0
275.057 83.5081 0
284.189 77.7148 0
287.32 86.558 0
278.509 103.504 0
254.87 113.22 0
253.102 123.631 0
247.527 106.871 0
258.915 103.832 0
269.862 96.2719 0
238.985 390.521 0
343.906 151.368 0
329.754 121.339 0
340.461 132.172 0
287.595 377.318 0
325.231 390.397 0
320.104 405.783 0
327.467 399.689 0
263.684 235.882 0
272.733 259.47 0
278.097 249.942 0
263.884 264.754 0
266.013 253.32 0
232.355 147.651 0
233.277 401.779 0
242.556 399.408 0
239.361 409.42 0
307.667 403.255 0
312.151 413.056 0
322.182 416.041 0
300.186 412.55 0
317.269 425.826 0
308.795 434.189 0
295.535 422.88 0
289.441 411.054 0
316.664 439.407 0
298.922 438.862 0
308.069 461.031 0
300.549 453.917 0
315.164 470.332 0
301.573 470.517 0
220.035 463.626 0
228.337 470.487 0
212.827 470.914 0
213.915 455.405 0
210.612 446.653 0
226.249 455.795 0
204.229 360.172 0
212.919 357.352 0
288.91 390.346 0
284.709 399.978 0
407.697 198.859 0
403.014 189.61 0
397.689 201.386 0
418.097 204.309 0
426.86 208.56 0
