688
291 495 0
286 493 0
285 489 0
281 485 0
280 480 0
280 475 0
280 470 0
280 465 0
280 460 0
280 455 0
280 450 0
281 445 0
281 440 0
280 435 0
280 430 0
279 425 0
278 420 0
277 415 0
276 410 0
275 405 0
276 400 0
276 395 0
276 390 0
275 385 0
273 380 0
271 376 0
271 371 0
271 366 0
270 361 0
270 356 0
269 351 0
268 346 0
267 341 0
266 336 0
265 331 0
265 326 0
264 321 0
263 316 0
262 311 0
263 306 0
262 301 0
259 296 0
254 298 0
254 303 0
254 308 0
253 313 0
253 318 0
251 323 0
251 328 0
249 333 0
249 338 0
248 343 0
248 348 0
246 353 0
245 357 0
246 362 0
246 367 0
245 372 0
244 377 0
243 382 0
241 387 0
239 391 0
239 396 0
239 401 0
239 406 0
238 411 0
238 416 0
237 421 0
236 426 0
234 431 0
234 436 0
234 441 0
234 446 0
234 451 0
234 456 0
235 461 0
236 466 0
236 471 0
235 476 0
235 481 0
234 486 0
230 491 0
226 494 0
221 494 0
216 494 0
211 494 0
206 494 0
201 493 0
202 488 0
207 484 0
210 479 0
214 475 0
214 470 0
215 465 0
215 460 0
215 455 0
214 450 0
213 445 0
212 440 0
210 436 0
209 431 0
209 426 0
208 421 0
207 416 0
206 411 0
206 406 0
206 401 0
206 396 0
206 391 0
207 386 0
208 381 0
208 376 0
208 371 0
209 366 0
209 361 0
210 356 0
210 351 0
210 346 0
210 341 0
210 336 0
209 331 0
209 326 0
209 321 0
208 316 0
208 311 0
208 306 0
209 301 0
209 296 0
208 291 0
208 286 0
208 281 0
208 276 0
208 271 0
208 266 0
208 261 0
208 256 0
207 251 0
207 246 0
207 241 0
207 236 0
208 231 0
209 226 0
210 221 0
212 217 0
215 212 0
216 207 0
217 202 0
217 197 0
218 192 0
219 187 0
219 182 0
219 177 0
219 172 0
218 167 0
217 162 0
212 161 0
207 160 0
202 158 0
197 157 0
192 159 0
187 160 0
182 160 0
177 160 0
172 161 0
167 161 0
162 161 0
157 160 0
152 160 0
147 160 0
142 161 0
137 161 0
132 161 0
127 161 0
122 159 0
117 158 0
112 158 0
107 157 0
102 157 0
97 156 0
92 155 0
87 155 0
82 154 0
77 154 0
72 153 0
67 153 0
62 154 0
57 154 0
52 157 0
47 161 0
42 161 0
39 157 0
34 158 0
30 161 0
25 162 0
20 162 0
16 162 0
17 157 0
18 152 0
22 147 0
27 144 0
32 143 0
37 141 0
42 139 0
47 139 0
52 139 0
57 139 0
62 141 0
67 141 0
72 141 0
77 141 0
82 141 0
87 140 0
92 140 0
97 141 0
102 141 0
107 140 0
112 140 0
117 140 0
122 140 0
127 140 0
132 140 0
137 141 0
142 142 0
147 142 0
152 142 0
157 141 0
162 140 0
167 139 0
172 139 0
177 138 0
182 138 0
187 136 0
192 135 0
197 133 0
202 132 0
207 131 0
212 131 0
217 131 0
222 130 0
227 130 0
232 128 0
237 124 0
241 121 0
243 116 0
242 111 0
239 107 0
234 104 0
229 99 0
225 95 0
220 93 0
216 90 0
213 86 0
213 81 0
215 76 0
217 73 0
219 70 0
218 65 0
218 60 0
217 55 0
218 50 0
218 45 0
218 40 0
219 35 0
221 30 0
224 25 0
228 21 0
232 17 0
237 15 0
242 14 0
247 14 0
252 14 0
257 14 0
262 14 0
267 14 0
272 14 0
277 16 0
282 17 0
287 19 0
292 23 0
295 28 0
297 33 0
298 38 0
299 43 0
299 48 0
298 53 0
298 58 0
297 63 0
296 68 0
300 72 0
304 76 0
304 81 0
304 86 0
299 90 0
294 92 0
289 95 0
286 99 0
282 103 0
277 107 0
273 110 0
273 115 0
275 119 0
279 124 0
283 127 0
288 130 0
293 130 0
298 131 0
303 131 0
308 131 0
313 132 0
318 133 0
323 135 0
328 136 0
333 137 0
338 138 0
343 139 0
348 139 0
353 140 0
358 141 0
363 142 0
368 142 0
373 141 0
378 141 0
383 140 0
388 140 0
393 140 0
398 140 0
403 140 0
408 140 0
413 141 0
418 141 0
423 142 0
428 142 0
433 142 0
438 142 0
443 141 0
448 141 0
453 141 0
458 140 0
463 140 0
468 139 0
473 139 0
478 140 0
483 142 0
488 144 0
493 146 0
498 151 0
501 156 0
501 161 0
499 164 0
494 162 0
495 167 0
491 166 0
488 161 0
483 158 0
478 157 0
474 160 0
469 160 0
464 158 0
459 155 0
454 152 0
449 152 0
445 154 0
440 155 0
435 155 0
430 155 0
425 156 0
420 156 0
415 158 0
410 158 0
405 159 0
400 159 0
395 160 0
390 161 0
385 161 0
380 161 0
375 161 0
370 160 0
365 160 0
360 160 0
355 161 0
350 161 0
345 161 0
340 161 0
335 160 0
330 160 0
325 159 0
320 157 0
315 157 0
310 159 0
306 161 0
302 165 0
301 169 0
300 174 0
300 179 0
302 183 0
302 188 0
302 193 0
302 198 0
303 203 0
305 208 0
307 213 0
309 218 0
310 223 0
310 228 0
311 233 0
311 238 0
311 243 0
311 248 0
310 253 0
310 258 0
309 263 0
309 268 0
308 273 0
307 278 0
307 283 0
307 288 0
307 293 0
307 298 0
307 303 0
307 308 0
307 313 0
307 318 0
306 323 0
306 328 0
306 333 0
306 338 0
306 343 0
305 348 0
305 353 0
307 358 0
308 363 0
308 368 0
308 373 0
308 378 0
309 383 0
310 388 0
310 393 0
310 398 0
309 403 0
309 408 0
308 413 0
307 418 0
306 423 0
304 427 0
303 432 0
302 437 0
300 441 0
300 446 0
300 451 0
300 456 0
302 460 0
302 465 0
304 470 0
306 475 0
310 480 0
314 484 0
315 489 0
314 493 0
309 495 0
304 495 0
299 495 0
294 495 0
292 495 0
247.225 258.5 0
231.913 288.5 0
230.375 314.125 0
259.463 179.5 0
257.643 57.7286 0
284.474 299.105 0
285.5 329.5 0
228.278 248.5 0
265.365 220.954 0
239.463 174.5 0
257.979 147.805 0
279.698 176.5 0
277.152 61.6304 0
258.112 85.9825 0
238.223 63.5553 0
249.5 36.5511 0
284.763 213.195 0
284.065 240.5 0
240.533 214.507 0
244.517 138.522 0
263.977 131.918 0
242.614 90.3856 0
289.521 371.606 0
227.257 227.086 0
228.992 344.398 0
292.182 405 0
293.203 478.554 0
276.449 311 0
268.374 33.1317 0
45.5 149.111 0
273.248 300.186 0
275.992 269.86 0
277.478 285.282 0
291.684 312.624 0
268.288 290.727 0
254.287 276.881 0
259.337 285.777 0
266.022 276.1 0
259.349 264.39 0
290.899 276.207 0
295.598 301.854 0
292.846 289.104 0
283.288 319.118 0
275.514 326.201 0
262.358 242.773 0
281.718 277.091 0
257.345 253.093 0
244.364 240.972 0
273.072 254.356 0
268.976 263.155 0
273.388 243.317 0
268.394 232.488 0
254.036 230.094 0
277.778 223.859 0
293.787 226.725 0
277.84 233.343 0
289.281 259.33 0
253.604 239.449 0
240.717 227.99 0
253.062 217.295 0
250.896 197.489 0
248.609 207.761 0
263.769 205.745 0
279.869 261.103 0
263.275 192.35 0
270.36 183.258 0
278.156 198.508 0
273.211 212.442 0
242.039 156.518 0
277.188 145.982 0
255.065 137.629 0
253.215 124.931 0
245.07 129.297 0
263.535 120.817 0
257.35 105.856 0
264.149 111.804 0
252.979 114.894 0
230.614 80.504 0
233.044 89.7803 0
229.656 69.8911 0
244.087 76.3702 0
249.574 66.1107 0
263.828 71.7569 0
249.171 83.9894 0
266.931 62.0113 0
267.951 47.5864 0
275.271 84.6158 0
254.235 75.1596 0
256.326 46.0807 0
245.695 53.1813 0
259.283 36.753 0
254.617 25.7302 0
231.901 51.1244 0
282.331 40.7732 0
266.352 81.0321 0
264.529 23.7926 0
227.887 60.1618 0
240.139 43.1597 0
229.272 40.1623 0
273.403 40.5122 0
279.75 28.9203 0
278.298 50.8434 0
288.461 49.0708 0
227.671 214.227 0
220.689 220.438 0
234.433 199.128 0
291 467.492 0
289.907 457.366 0
290.388 447.629 0
301.108 485.012 0
294.83 323.347 0
239.167 250.818 0
229.927 268.578 0
231.881 258.311 0
220.136 261.396 0
217.772 250.885 0
220.403 238.144 0
217.712 229.245 0
232.956 237.545 0
295.903 215.54 0
297.576 239.717 0
301.568 231.505 0
291.314 248.629 0
299.451 255.719 0
297.655 267.043 0
290.156 201.939 0
287.618 188.113 0
278.076 188.931 0
289.804 178.115 0
247.813 148.144 0
256.35 163.763 0
231.049 164.119 0
227.498 147.241 0
232.819 154.934 0
267.137 142.187 0
274.723 134.232 0
247.787 100.211 0
267.567 96.2961 0
277.263 94.3103 0
275.321 73.0502 0
285.235 68.7834 0
287.768 59.0776 0
290.513 80.0538 0
284.28 86.9727 0
226.379 204.585 0
241.615 187.767 0
230.268 188.544 0
248.763 179.8 0
254.259 188.11 0
268.537 156.945 0
284.61 160.734 0
267.673 169.7 0
275.4 163.817 0
291.092 168.263 0
246.089 166.273 0
233.798 138.568 0
229.508 178.015 0
293.671 146.932 0
238.282 147.048 0
285.155 151.217 0
285.793 140.155 0
294.636 157.441 0
227.428 362.853 0
221.354 353.045 0
234.287 354.141 0
292.757 388.151 0
286.336 396.366 0
284.849 381.109 0
297.43 378.649 0
299.247 396.807 0
292.162 419.185 0
298.522 412.102 0
285.963 412.084 0
291.525 430.714 0
245.506 287.323 0
239.804 300.553 0
237.838 277.849 0
240.782 267.326 0
225.967 301.002 0
250.411 268.039 0
219.478 310.483 0
220.037 290.516 0
224.226 279.207 0
218.064 271.246 0
241.603 311.864 0
237.888 29.967 0
245.16 23.5332 0
212.54 146 0
219.516 152.677 0
220.55 140.219 0
307.6 145.05 0
299.833 140.052 0
318.975 145.656 0
330.318 148.346 0
341.302 149.973 0
351.9 150.557 0
200.169 145 0
188.699 147.691 0
177.751 149 0
166.795 150 0
286.843 347.612 0
293.998 337.976 0
293.331 359.034 0
295.874 350.036 0
298.292 367.401 0
282.164 362.514 0
279.217 353.403 0
278.652 339.113 0
224.8 329.039 0
220.241 338.535 0
219.137 320.622 0
237.753 325.382 0
233.456 334.928 0
225.232 379.975 0
233.643 372.352 0
219.252 370.506 0
222.5 396.249 0
217.454 387.036 0
229.286 389.022 0
222.261 412.019 0
228.913 404.233 0
215.971 404.037 0
222.159 425.203 0
222.723 436.476 0
223.742 446.708 0
