679
236 501 0
231 500 0
226 498 0
223 494 0
224 489 0
226 485 0
229 481 0
230 476 0
230 471 0
228 466 0
231 462 0
234 458 0
233 453 0
234 448 0
236 443 0
237 438 0
237 433 0
237 428 0
237 423 0
236 418 0
235 413 0
233 408 0
231 403 0
229 398 0
227 393 0
225 388 0
224 383 0
223 378 0
223 373 0
223 368 0
223 363 0
223 358 0
225 353 0
227 348 0
229 343 0
229 338 0
231 333 0
231 328 0
230 323 0
229 318 0
228 313 0
227 308 0
226 303 0
225 298 0
224 293 0
223 288 0
222 283 0
221 278 0
220 273 0
219 268 0
218 263 0
217 258 0
215 253 0
215 248 0
212 243 0
211 238 0
208 233 0
203 228 0
201 223 0
202 218 0
205 213 0
209 209 0
214 204 0
217 200 0
221 195 0
224 190 0
226 185 0
226 180 0
226 175 0
225 170 0
224 165 0
222 160 0
220 155 0
219 150 0
217 145 0
215 140 0
215 135 0
215 130 0
217 125 0
220 120 0
217 118 0
212 119 0
207 119 0
202 119 0
197 119 0
192 119 0
187 118 0
182 118 0
177 117 0
172 117 0
167 117 0
162 117 0
157 116 0
152 115 0
147 114 0
142 114 0
137 116 0
132 117 0
127 117 0
122 116 0
117 116 0
112 115 0
107 114 0
102 114 0
97 113 0
92 112 0
87 110 0
82 109 0
77 109 0
72 108 0
67 108 0
62 109 0
57 113 0
56 118 0
54 123 0
49 121 0
47 117 0
45 112 0
43 107 0
38 107 0
33 108 0
28 109 0
23 111 0
18 111 0
16 108 0
21 106 0
18 104 0
13 102 0
17 99 0
22 97 0
27 96 0
26 93 0
32 92 0
37 92 0
42 92 0
47 92 0
52 92 0
57 92 0
62 93 0
67 93 0
72 94 0
77 94 0
82 95 0
87 95 0
92 96 0
97 96 0
102 96 0
107 96 0
112 96 0
117 96 0
122 96 0
127 96 0
132 97 0
137 97 0
142 99 0
147 98 0
152 98 0
157 97 0
162 96 0
167 96 0
172 96 0
177 96 0
182 96 0
187 96 0
192 96 0
197 97 0
202 97 0
207 97 0
212 97 0
217 98 0
220 96 0
219 91 0
218 86 0
216 83 0
216 78 0
218 73 0
218 68 0
213 70 0
211 66 0
214 61 0
217 57 0
217 52 0
218 47 0
219 42 0
224 37 0
229 33 0
234 30 0
239 27 0
244 24 0
249 21 0
254 24 0
259 23 0
263 19 0
265 14 0
269 11 0
270 16 0
270 21 0
270 26 0
272 31 0
277 35 0
281 40 0
283 45 0
284 50 0
288 49 0
293 48 0
292 53 0
294 56 0
293 61 0
289 65 0
289 70 0
287 75 0
284 79 0
283 84 0
282 89 0
278 91 0
278 86 0
278 81 0
274 77 0
272 82 0
271 87 0
272 92 0
276 95 0
281 96 0
286 96 0
291 96 0
296 96 0
301 95 0
306 94 0
311 94 0
316 95 0
321 94 0
326 93 0
331 92 0
336 93 0
341 95 0
346 95 0
351 95 0
356 95 0
361 96 0
366 96 0
371 96 0
376 96 0
381 96 0
386 95 0
391 94 0
396 94 0
401 94 0
406 94 0
411 95 0
416 96 0
421 96 0
426 96 0
431 96 0
436 96 0
441 95 0
446 95 0
451 95 0
456 95 0
461 95 0
466 95 0
471 95 0
476 95 0
481 94 0
486 94 0
491 95 0
492 99 0
497 101 0
502 102 0
505 107 0
502 109 0
503 114 0
501 118 0
496 117 0
491 115 0
486 114 0
481 113 0
476 111 0
473 114 0
473 119 0
470 123 0
465 125 0
462 123 0
459 118 0
456 113 0
451 111 0
446 110 0
441 109 0
436 109 0
431 110 0
426 111 0
421 113 0
416 114 0
411 114 0
406 114 0
401 115 0
396 115 0
391 115 0
386 115 0
381 115 0
376 114 0
371 114 0
366 115 0
361 116 0
356 117 0
351 117 0
346 117 0
341 117 0
336 117 0
331 117 0
326 117 0
321 117 0
316 117 0
311 116 0
306 116 0
301 115 0
296 114 0
292 118 0
290 122 0
293 127 0
295 132 0
295 137 0
294 142 0
292 147 0
290 152 0
287 156 0
285 161 0
283 166 0
284 171 0
283 176 0
282 181 0
282 186 0
282 191 0
286 196 0
290 200 0
295 204 0
299 209 0
302 214 0
306 218 0
309 222 0
308 227 0
305 232 0
302 236 0
302 241 0
301 246 0
299 251 0
298 256 0
297 261 0
297 266 0
295 271 0
294 276 0
294 281 0
293 286 0
291 291 0
290 296 0
290 301 0
289 306 0
287 311 0
286 316 0
286 321 0
286 326 0
287 331 0
288 336 0
290 341 0
291 346 0
294 351 0
295 356 0
296 361 0
297 366 0
298 371 0
298 376 0
297 381 0
296 386 0
295 391 0
296 396 0
292 401 0
290 406 0
288 411 0
286 416 0
285 421 0
284 426 0
284 431 0
285 436 0
286 441 0
288 446 0
290 451 0
290 456 0
292 460 0
296 465 0
296 470 0
296 475 0
297 480 0
299 485 0
302 490 0
301 494 0
298 497 0
293 499 0
288 500 0
283 500 0
278 500 0
273 499 0
268 498 0
264 495 0
264 490 0
264 485 0
265 480 0
265 475 0
265 470 0
265 465 0
265 460 0
265 455 0
266 450 0
266 445 0
267 440 0
267 435 0
267 430 0
268 425 0
268 420 0
269 415 0
269 410 0
268 405 0
268 400 0
268 395 0
268 390 0
267 385 0
267 380 0
267 375 0
268 370 0
268 365 0
268 360 0
268 355 0
268 350 0
267 345 0
265 340 0
263 335 0
262 330 0
262 325 0
261 320 0
261 315 0
261 310 0
259 305 0
259 300 0
259 295 0
260 290 0
260 285 0
260 280 0
259 275 0
259 270 0
259 265 0
259 260 0
259 255 0
259 250 0
259 245 0
255 244 0
254 249 0
253 254 0
253 259 0
253 264 0
254 269 0
254 274 0
254 279 0
255 284 0
254 289 0
255 294 0
255 299 0
255 304 0
256 309 0
256 314 0
257 319 0
257 324 0
257 329 0
256 334 0
254 339 0
253 344 0
253 349 0
253 354 0
254 359 0
253 364 0
253 369 0
252 374 0
252 379 0
252 384 0
252 389 0
251 394 0
251 399 0
251 404 0
251 409 0
251 414 0
251 419 0
251 424 0
252 429 0
254 434 0
256 438 0
257 443 0
258 448 0
258 453 0
259 458 0
259 463 0
260 468 0
260 473 0
260 478 0
260 483 0
260 488 0
261 493 0
261 498 0
256 500 0
251 501 0
246 501 0
241 501 0
237 501 0
264.15 215.899 0
246.167 70.5 0
253.663 150.235 0
253.964 182.5 0
279.022 249.604 0
237.115 218.211 0
260.651 52.0698 0
255.11 118.686 0
282.667 217.966 0
239.279 50.9738 0
237.776 134.066 0
234.261 249.348 0
238.089 360.818 0
238.645 284 0
274.167 302.167 0
281.43 392.379 0
280.5 470.4 0
272.267 141.926 0
266.635 171 0
282.892 263.378 0
230.132 61.3517 0
483.318 103.5 0
232.771 79.5 0
229.043 46.8258 0
244.897 468.468 0
274.026 61.6579 0
249.174 38.8701 0
287.928 254.533 0
271.297 259.205 0
272.846 273.096 0
240.703 61.4493 0
249.793 54.8791 0
246.157 456.251 0
282.518 58.8274 0
261.121 69.3068 0
272.236 50.0313 0
264.606 40.609 0
238.293 40.0708 0
283.491 274.05 0
254.804 84.4388 0
253.164 63.893 0
264.671 60.5851 0
257.606 33.3884 0
254.07 75.2479 0
53.0446 102.827 0
464.93 106.184 0
274.683 205.519 0
284.282 208.146 0
273.627 214.981 0
272.739 232.851 0
258.301 199.43 0
265.07 206.299 0
294.095 224.568 0
283.684 229.398 0
291.829 215.297 0
280.815 239.377 0
291.296 236.988 0
240.397 348.414 0
273.533 314.687 0
273.948 326.756 0
276.525 338.141 0
279.753 349.456 0
279.098 403.353 0
277.516 458.097 0
278.927 485.173 0
274.081 477.187 0
286.525 478.512 0
288.997 488.999 0
267.876 185.098 0
269.076 196.043 0
273.332 177.514 0
259.755 190.037 0
250.901 166.395 0
227.709 70.9702 0
274.376 287.592 0
268.374 294.794 0
283.436 283.851 0
280.481 294.968 0
246.5 445.47 0
243.878 81.5631 0
244.43 101.657 0
247.096 91.5291 0
259.389 100.179 0
233.481 93.3601 0
252.645 108.368 0
230.547 108.606 0
241.682 116.441 0
227.14 86.7368 0
246.847 126.831 0
260.637 132.559 0
249.042 138.886 0
231.08 119.678 0
272.611 119.751 0
261.67 143.18 0
268.594 156.297 0
227.051 130.305 0
271.62 130.826 0
282.827 135.742 0
281.711 145.946 0
263.61 123.337 0
273.578 164.443 0
260.523 162.704 0
280.66 125.868 0
269.891 243.474 0
258.276 229.527 0
266.893 225.161 0
242.511 233.565 0
250.73 218.194 0
251.428 235.584 0
243.93 224.441 0
243.905 204.531 0
253.359 208.345 0
229.83 206.069 0
247.943 193.063 0
239.959 181.514 0
221.107 219.56 0
235.793 192.929 0
247.427 175.399 0
237.711 166.478 0
244.247 156.942 0
239.345 145.975 0
232.717 155.516 0
221.254 210.09 0
228.78 214.956 0
242.326 336.666 0
243.583 323.289 0
276.82 447.098 0
257.36 173.51 0
262.09 90.8545 0
220.096 108 0
264.356 111.076 0
269.164 102.304 0
280.405 109.147 0
244.047 244.416 0
226.694 235.345 0
235.203 239.793 0
224.861 245.381 0
233.873 227.976 0
228.326 141.962 0
241.721 309.164 0
208.928 108 0
289.941 105.989 0
217.924 229.568 0
197.892 108 0
186.937 107 0
176.434 106.5 0
237.433 375.441 0
232.197 367.88 0
243.633 368.393 0
282.186 377.071 0
286.87 384.975 0
276.379 384.457 0
281.766 363.193 0
288.399 369.938 0
244.362 484.138 0
239.416 476.125 0
250.387 476.5 0
250.888 491.307 0
235.445 490.185 0
237.843 296.868 0
244.906 290.849 0
246.035 301.044 0
239.067 388.291 0
240.532 398.661 0
242.128 407.514 0
236.044 266.376 0
228.162 258.594 0
242.106 257.134 0
243.27 274.314 0
231.506 276.05 0
