774
216 510 0
214 506 0
215 501 0
217 496 0
218 491 0
216 486 0
216 481 0
216 476 0
216 471 0
216 466 0
217 461 0
216 456 0
216 451 0
216 446 0
216 441 0
215 436 0
215 431 0
215 426 0
215 421 0
214 416 0
214 411 0
214 406 0
214 401 0
213 396 0
214 391 0
213 386 0
213 381 0
213 376 0
213 371 0
214 366 0
214 361 0
214 356 0
215 351 0
215 346 0
215 341 0
215 336 0
214 331 0
214 326 0
210 324 0
205 324 0
202 328 0
199 332 0
194 333 0
193 328 0
194 323 0
194 318 0
194 313 0
195 308 0
195 303 0
196 298 0
196 293 0
197 288 0
197 283 0
198 278 0
199 273 0
199 268 0
200 263 0
200 258 0
201 253 0
201 248 0
202 243 0
202 238 0
203 233 0
204 228 0
204 223 0
204 218 0
204 213 0
206 208 0
208 203 0
209 198 0
210 193 0
211 188 0
212 183 0
212 178 0
212 173 0
214 168 0
214 163 0
213 158 0
212 153 0
212 148 0
210 143 0
209 138 0
205 134 0
200 133 0
195 131 0
190 131 0
185 130 0
180 130 0
175 130 0
170 130 0
165 130 0
160 130 0
155 130 0
150 130 0
145 130 0
140 130 0
135 130 0
130 131 0
125 130 0
120 131 0
115 131 0
110 132 0
105 131 0
100 131 0
95 131 0
90 131 0
85 132 0
80 131 0
75 132 0
70 132 0
65 132 0
60 133 0
55 132 0
53 127 0
48 126 0
43 126 0
38 125 0
33 124 0
28 124 0
23 124 0
18 124 0
13 123 0
8 121 0
8 116 0
13 115 0
18 115 0
23 115 0
28 115 0
33 114 0
38 114 0
43 113 0
48 113 0
53 112 0
57 108 0
62 108 0
67 107 0
72 107 0
77 108 0
82 108 0
87 108 0
92 108 0
97 108 0
102 107 0
107 107 0
112 106 0
117 106 0
122 107 0
127 107 0
132 106 0
137 106 0
142 106 0
147 106 0
152 106 0
157 105 0
162 105 0
167 104 0
172 104 0
177 104 0
182 104 0
187 104 0
192 102 0
197 102 0
202 102 0
207 102 0
211 99 0
216 96 0
216 91 0
219 86 0
218 81 0
214 82 0
216 77 0
214 75 0
209 76 0
212 71 0
215 66 0
217 61 0
216 58 0
211 59 0
206 59 0
201 59 0
196 58 0
198 56 0
203 55 0
208 50 0
212 48 0
215 44 0
214 39 0
209 36 0
208 32 0
213 33 0
218 32 0
223 28 0
228 24 0
233 21 0
238 18 0
243 16 0
248 16 0
253 15 0
258 15 0
263 15 0
268 17 0
273 18 0
278 17 0
282 21 0
287 25 0
291 30 0
296 33 0
298 37 0
300 42 0
305 45 0
308 47 0
307 51 0
312 52 0
316 53 0
311 56 0
306 56 0
301 56 0
300 59 0
301 64 0
305 68 0
306 73 0
301 75 0
298 78 0
298 83 0
298 88 0
299 93 0
295 90 0
291 89 0
293 94 0
298 97 0
302 101 0
307 103 0
312 104 0
317 102 0
322 102 0
327 103 0
332 103 0
337 102 0
342 103 0
347 103 0
352 103 0
357 104 0
362 104 0
367 104 0
372 104 0
377 103 0
382 103 0
387 105 0
392 103 0
397 103 0
402 103 0
407 103 0
412 103 0
417 104 0
422 103 0
427 103 0
432 103 0
437 102 0
442 101 0
447 102 0
452 101 0
455 105 0
459 108 0
464 108 0
469 108 0
474 107 0
479 108 0
484 108 0
489 108 0
494 108 0
498 109 0
501 111 0
497 114 0
493 115 0
488 116 0
483 116 0
478 117 0
473 117 0
468 119 0
463 119 0
458 119 0
456 123 0
454 127 0
449 127 0
444 127 0
439 127 0
434 127 0
429 127 0
424 127 0
419 127 0
414 127 0
409 127 0
404 127 0
399 128 0
394 127 0
389 127 0
384 128 0
379 127 0
374 127 0
369 128 0
364 128 0
359 128 0
354 128 0
349 128 0
344 129 0
339 129 0
334 129 0
329 129 0
324 130 0
319 131 0
314 132 0
309 134 0
304 138 0
302 143 0
301 148 0
300 153 0
299 158 0
298 163 0
298 168 0
300 173 0
300 178 0
300 183 0
301 188 0
302 193 0
304 198 0
305 203 0
307 208 0
309 213 0
310 218 0
309 223 0
310 228 0
311 233 0
311 238 0
312 243 0
313 248 0
313 253 0
314 258 0
314 263 0
315 268 0
316 273 0
316 278 0
317 283 0
318 288 0
318 293 0
318 298 0
319 303 0
320 308 0
320 313 0
321 318 0
321 323 0
316 323 0
311 323 0
306 323 0
301 323 0
297 326 0
297 331 0
296 336 0
296 341 0
296 346 0
296 351 0
298 356 0
297 361 0
297 366 0
298 371 0
298 376 0
298 381 0
298 386 0
297 391 0
297 396 0
296 401 0
296 406 0
296 411 0
296 416 0
296 421 0
296 426 0
296 431 0
295 436 0
295 441 0
295 446 0
295 451 0
295 456 0
294 461 0
295 466 0
295 471 0
295 476 0
295 481 0
294 486 0
293 491 0
294 496 0
295 501 0
296 506 0
295 510 0
290 510 0
285 510 0
280 510 0
275 510 0
270 510 0
265 510 0
263 508 0
264 503 0
264 498 0
265 493 0
263 488 0
262 483 0
262 478 0
264 473 0
263 468 0
263 463 0
264 458 0
263 453 0
263 448 0
263 443 0
263 438 0
263 433 0
263 428 0
262 423 0
262 418 0
262 413 0
262 408 0
262 403 0
261 398 0
261 393 0
261 388 0
260 383 0
260 378 0
260 373 0
260 368 0
260 363 0
258 358 0
253 359 0
252 364 0
251 369 0
252 374 0
252 379 0
251 384 0
251 389 0
251 394 0
251 399 0
250 404 0
250 409 0
250 414 0
249 419 0
249 424 0
249 429 0
249 434 0
249 439 0
248 444 0
248 449 0
248 454 0
247 459 0
248 464 0
248 469 0
248 474 0
249 479 0
249 484 0
247 488 0
247 493 0
247 498 0
247 503 0
250 508 0
246 510 0
241 510 0
236 510 0
231 510 0
226 510 0
221 510 0
217 510 0
255.475 76.105 0
256 152 0
256.5 225.5 0
276.794 353.382 0
248.706 324.529 0
264.569 47.1527 0
277.324 156.265 0
243.159 180.5 0
234.676 156.265 0
230.19 225.5 0
276.889 205.944 0
280.312 246.738 0
272.754 328.5 0
239.475 283.695 0
223.155 302.69 0
218.911 279.582 0
278.281 288.144 0
292.191 269.962 0
286.392 307.689 0
240.487 44.7338 0
274.82 35.0997 0
232.503 480.056 0
194.682 116.409 0
232.216 396 0
319.648 116.239 0
337 115.596 0
442 114.08 0
278.322 481.064 0
241.924 98.3271 0
267.884 101.146 0
227.843 175.969 0
218.81 215.762 0
291.071 218 0
245.752 30.7614 0
229.2 94.51 0
62.9286 120.071 0
276.948 72.3304 0
227.845 40.8363 0
239.927 81.8669 0
229.843 70.1961 0
228.325 120.54 0
286.586 78.4636 0
230.345 55.1792 0
237.327 90.5334 0
223.967 107.364 0
276.245 88.9889 0
288.056 65.5142 0
275.452 57.434 0
328.46 119.588 0
451.036 113.171 0
429.922 114.928 0
238.358 168.578 0
246.405 159.466 0
263.246 171.212 0
281.264 176.547 0
256.646 162.729 0
266.133 156.774 0
251.965 173.18 0
261.079 192.109 0
259.203 181.353 0
270.454 179.962 0
280.007 191.384 0
230.166 196.265 0
217.313 229.031 0
231.053 253.897 0
227.189 239.803 0
260.261 33.1026 0
228.975 81.138 0
243.763 68.36 0
221.982 50.537 0
236.767 110.439 0
253.734 110.51 0
245.265 106.904 0
211.729 118.721 0
281.594 101.621 0
262.271 88.3325 0
264.772 66.0296 0
275.72 46.2504 0
286.718 41.2824 0
270.745 197.015 0
261.297 210.094 0
288.946 184.67 0
290.213 201.184 0
233.315 185.623 0
222.3 188.151 0
232.844 210.88 0
243.345 235.727 0
216.132 250.411 0
252.817 43.0712 0
254.669 56.6984 0
254.115 25.06 0
268.494 27.1487 0
235.959 62.8839 0
220.443 115.838 0
256.08 98.6809 0
250.217 88.1471 0
266.839 77.7909 0
265.964 56.5773 0
286.915 53.4244 0
293.031 192.662 0
285.793 209.839 0
222.979 205.134 0
218.605 196.804 0
246.515 200.823 0
242.402 191.064 0
243.345 220.337 0
234.273 233.823 0
237.013 244.686 0
258.316 253.025 0
248.695 246.225 0
260.996 239.025 0
220.662 264.698 0
216.48 239.708 0
253.43 66.4699 0
237.231 202.524 0
247.916 228.032 0
252.691 215.865 0
274.901 226.893 0
268.708 247.758 0
271.742 237.307 0
275.949 263.619 0
267.349 257.962 0
254.065 271.535 0
246.186 259.982 0
230.833 273.439 0
230.394 263.662 0
242.444 272.425 0
210.682 271.069 0
210.778 259.97 0
232.302 494.872 0
226.653 487.386 0
237.829 487.538 0
225.041 500.724 0
181.643 117.049 0
303.741 118.775 0
310.998 113.136 0
349.619 115.394 0
279.25 495.503 0
273.109 488.649 0
284.38 487.924 0
225.838 164.236 0
223.593 152.862 0
234.247 137.914 0
231.408 147.161 0
221.853 139.168 0
244.391 146.088 0
243.858 124.942 0
216.28 129.198 0
227.247 130.604 0
257.253 135.185 0
280.923 131.669 0
271.104 142.793 0
244.554 135.504 0
253.105 143.33 0
274.216 116.488 0
284.543 144.76 0
268.694 130.77 0
258.878 122.364 0
264.105 113.053 0
274.531 107.38 0
292.257 135.581 0
290.568 122.101 0
299.848 128.442 0
288.321 155.148 0
283.819 165.527 0
273.704 168.988 0
281.318 122.422 0
294.693 110.688 0
290.549 102.679 0
75.0101 119.918 0
234.933 32.4826 0
418.385 115.467 0
202.46 123.064 0
203.953 112.055 0
296.702 209.283 0
243.796 55.1991 0
256.604 201.157 0
266.165 220.06 0
289.156 233.666 0
284.469 225.143 0
298.27 226.83 0
296.549 248.195 0
300.642 217.774 0
288.834 242.975 0
280.651 275.545 0
266.474 279.4 0
258.607 302.365 0
253.665 285.888 0
264.63 268.588 0
266.186 292.131 0
275.706 300.668 0
274.214 314.582 0
244.593 297.589 0
285.55 320.405 0
261.754 320.311 0
267.685 306.845 0
253.304 294.976 0
247.887 310.87 0
232.454 294.171 0
221.109 291.122 0
209.794 299.089 0
228.861 283.87 0
284.278 332.556 0
274.856 340.928 0
284.881 345.746 0
265.687 348.733 0
257.382 311.829 0
231.578 318.702 0
235.245 306.551 0
213.611 311.514 0
223.558 312.699 0
204.743 307.439 0
241.332 318.117 0
168.557 116.993 0
312.501 122.571 0
361.709 116.108 0
373.238 115.479 0
284.107 112.112 0
86.7409 119.729 0
98.3376 119.521 0
110.976 119.008 0
406.272 115.097 0
299.98 237.719 0
287.61 257.725 0
209.152 286.905 0
249.67 341.912 0
256.235 348.713 0
258.553 332.701 0
265.493 339.216 0
156.183 117.665 0
384.732 116.297 0
395.398 113.83 0
122.602 118.617 0
234.256 353.785 0
235.943 333.955 0
245.417 333.43 0
239.165 344.216 0
244.564 353.029 0
227.002 344.02 0
225.481 328.698 0
144.079 117.928 0
133.374 119.328 0
298.039 291.4 0
289.166 283.67 0
301.151 260.436 0
232.154 372.919 0
287.147 295.92 0
302.515 278.662 0
305.306 269.289 0
307.667 287.628 0
302.528 306.918 0
310.143 313.179 0
307.67 297.958 0
294.794 314.297 0
225.968 362.557 0
224.29 353.166 0
240.123 364.112 0
238.058 384.444 0
241.984 375.157 0
241.439 393.407 0
225.538 385.369 0
222.815 375.94 0
279.015 372.281 0
271.486 363.586 0
285.089 361.987 0
232.293 464.393 0
226.017 472.31 0
238.343 472.145 0
231.924 448.307 0
237.639 456.223 0
226.057 456.488 0
278.707 465.208 0
273.424 473.013 0
285.008 473.294 0
279.034 449.137 0
284.754 457.292 0
273.578 457.065 0
279.141 432.996 0
284.997 441.106 0
272.947 441.026 0
278.928 390.364 0
271.563 381.287 0
269.148 372.446 0
286.341 381.358 0
232.073 431.233 0
226.226 439.72 0
238.267 439.824 0
232.226 413.617 0
238.947 404.805 0
238.341 422.479 0
225.782 422.37 0
225.201 404.812 0
222.868 413.678 0
278.937 415.935 0
285.45 424.389 0
272.915 424.538 0
275.293 403.15 0
270.431 394.858 0
285.337 399.096 0
271.021 411.28 0
286.193 409.057 0
458.667 113.778 0
56.8889 120.889 0
315.556 105.673 0
198.222 107.36 0
270.647 282.667 0
248.536 294.222 0
