779
215 501 0
210 501 0
205 500 0
202 496 0
201 491 0
202 486 0
202 481 0
203 477 0
204 472 0
204 467 0
204 462 0
204 457 0
204 452 0
204 447 0
204 442 0
202 438 0
201 433 0
201 428 0
204 424 0
202 420 0
205 416 0
207 412 0
205 408 0
205 403 0
205 398 0
207 394 0
208 389 0
207 384 0
207 379 0
205 375 0
205 370 0
207 366 0
208 361 0
207 356 0
205 352 0
205 347 0
207 343 0
207 338 0
207 333 0
207 328 0
207 323 0
205 319 0
205 314 0
205 309 0
205 304 0
205 299 0
207 295 0
205 291 0
204 286 0
205 281 0
207 277 0
206 272 0
205 268 0
205 263 0
207 259 0
207 254 0
207 249 0
207 244 0
210 240 0
210 235 0
211 230 0
214 226 0
215 221 0
216 217 0
217 212 0
217 207 0
217 202 0
217 197 0
216 192 0
215 188 0
215 183 0
214 178 0
214 174 0
214 169 0
210 166 0
205 166 0
200 165 0
196 163 0
191 163 0
187 165 0
182 165 0
178 164 0
173 163 0
168 162 0
163 162 0
158 163 0
153 163 0
148 162 0
143 161 0
138 161 0
133 161 0
128 162 0
123 162 0
118 162 0
113 161 0
108 160 0
103 160 0
99 158 0
94 158 0
89 157 0
84 157 0
79 157 0
74 158 0
69 158 0
64 158 0
59 158 0
54 156 0
49 155 0
44 155 0
39 156 0
34 157 0
30 156 0
31 152 0
26 153 0
22 155 0
18 151 0
13 150 0
16 147 0
20 144 0
25 144 0
30 143 0
35 142 0
40 142 0
45 142 0
50 142 0
55 142 0
60 142 0
64 140 0
69 140 0
74 140 0
78 142 0
83 142 0
88 142 0
93 142 0
97 140 0
102 140 0
107 140 0
112 140 0
117 140 0
122 140 0
127 140 0
132 140 0
137 140 0
142 140 0
147 139 0
152 139 0
157 140 0
162 140 0
167 139 0
172 138 0
177 139 0
182 139 0
187 139 0
192 140 0
197 139 0
201 136 0
204 132 0
207 128 0
212 127 0
216 125 0
221 124 0
226 123 0
229 118 0
231 114 0
229 110 0
230 106 0
235 105 0
240 106 0
237 102 0
234 99 0
229 97 0
226 94 0
223 90 0
218 89 0
215 88 0
215 83 0
211 80 0
206 81 0
207 77 0
210 73 0
212 68 0
209 64 0
204 65 0
200 65 0
199 62 0
201 57 0
204 53 0
207 49 0
205 45 0
201 41 0
201 37 0
206 37 0
211 37 0
213 33 0
218 33 0
223 31 0
224 26 0
225 21 0
226 17 0
231 19 0
236 18 0
237 13 0
237 8 0
237 3 0
240 5 0
243 9 0
245 14 0
250 14 0
254 18 0
259 18 0
262 14 0
264 15 0
267 19 0
272 19 0
277 19 0
278 24 0
281 28 0
286 28 0
291 26 0
291 30 0
288 34 0
290 38 0
294 40 0
299 40 0
304 40 0
307 41 0
304 45 0
299 47 0
298 52 0
302 56 0
307 57 0
310 59 0
307 63 0
302 65 0
298 68 0
297 73 0
300 77 0
299 80 0
294 81 0
294 86 0
293 90 0
288 90 0
284 92 0
279 94 0
276 97 0
273 102 0
268 104 0
272 106 0
277 106 0
280 108 0
278 112 0
277 117 0
281 121 0
286 124 0
290 126 0
295 128 0
300 128 0
304 132 0
307 136 0
312 138 0
317 138 0
322 139 0
327 139 0
332 139 0
337 139 0
342 139 0
347 139 0
352 139 0
357 139 0
362 140 0
367 140 0
372 140 0
377 140 0
382 140 0
387 140 0
392 140 0
397 140 0
402 140 0
406 142 0
411 142 0
416 143 0
421 143 0
426 143 0
431 143 0
436 143 0
441 142 0
446 142 0
451 143 0
456 143 0
461 143 0
466 143 0
471 143 0
476 143 0
481 143 0
486 144 0
490 146 0
495 148 0
494 151 0
490 153 0
486 155 0
482 153 0
477 153 0
476 158 0
471 157 0
466 155 0
461 155 0
456 156 0
451 157 0
446 158 0
441 158 0
436 158 0
431 158 0
426 157 0
421 157 0
416 157 0
411 158 0
407 160 0
402 160 0
397 161 0
392 162 0
387 162 0
382 162 0
377 161 0
372 161 0
367 161 0
362 162 0
357 162 0
352 163 0
347 163 0
342 162 0
337 163 0
332 163 0
327 164 0
323 165 0
318 165 0
314 163 0
310 165 0
305 166 0
300 166 0
297 169 0
297 174 0
295 178 0
294 183 0
292 187 0
292 192 0
292 197 0
292 202 0
292 207 0
292 212 0
292 217 0
294 221 0
294 226 0
297 230 0
300 234 0
300 239 0
301 244 0
301 249 0
301 254 0
302 259 0
302 264 0
304 268 0
304 273 0
304 278 0
305 283 0
305 288 0
305 293 0
305 298 0
304 303 0
304 308 0
304 313 0
302 317 0
302 322 0
302 327 0
302 332 0
302 337 0
302 342 0
302 347 0
304 351 0
302 355 0
301 360 0
301 365 0
302 370 0
302 375 0
301 380 0
301 385 0
301 390 0
302 395 0
302 400 0
304 404 0
302 408 0
302 413 0
305 417 0
305 422 0
305 427 0
305 432 0
307 436 0
305 440 0
305 445 0
305 450 0
305 455 0
305 460 0
305 465 0
305 470 0
305 475 0
305 480 0
307 484 0
307 489 0
305 493 0
307 497 0
303 499 0
298 502 0
294 501 0
289 501 0
284 501 0
279 501 0
274 501 0
269 501 0
264 500 0
261 497 0
259 493 0
259 488 0
258 483 0
258 478 0
258 473 0
258 468 0
258 463 0
258 458 0
259 453 0
259 448 0
260 444 0
261 439 0
261 434 0
262 429 0
262 424 0
262 419 0
264 415 0
264 410 0
262 406 0
261 401 0
261 396 0
261 391 0
259 387 0
259 382 0
259 377 0
258 372 0
259 367 0
261 363 0
261 358 0
261 353 0
261 348 0
259 344 0
259 339 0
259 334 0
259 329 0
259 324 0
259 319 0
258 314 0
258 309 0
258 304 0
256 300 0
256 295 0
255 290 0
255 285 0
255 280 0
253 283 0
253 288 0
253 293 0
252 297 0
251 302 0
251 307 0
252 310 0
250 314 0
250 319 0
250 324 0
250 329 0
250 334 0
250 339 0
249 343 0
248 348 0
248 353 0
247 358 0
247 363 0
248 368 0
250 372 0
250 377 0
250 382 0
248 386 0
248 391 0
247 396 0
247 401 0
244 405 0
243 410 0
244 415 0
247 419 0
248 424 0
250 428 0
250 433 0
250 438 0
250 443 0
248 447 0
248 452 0
248 457 0
248 462 0
248 467 0
248 472 0
248 477 0
248 482 0
250 486 0
250 491 0
249 495 0
250 499 0
245 499 0
240 500 0
235 500 0
230 500 0
225 500 0
220 501 0
216 501 0
254 228.625 0
228.44 148.202 0
227.935 306.5 0
236.688 256.5 0
228.453 335.5 0
226 454.5 0
227.671 381.5 0
253.838 187.032 0
279.944 287.611 0
280.273 311.5 0
280.43 336.5 0
281.436 465.5 0
279.929 379.5 0
283.43 426.5 0
233.994 227.399 0
272 251.5 0
257.68 140.32 0
280.849 149.849 0
242.892 129.735 0
282.737 404 0
183.833 152 0
224.57 402.627 0
321.155 152.052 0
273.897 225.745 0
215.399 141.339 0
218.273 315.773 0
216.832 301.907 0
222.73 249.243 0
228.433 433.07 0
237.969 374.951 0
234.379 185.402 0
272.909 175.636 0
269.634 296.692 0
286.966 272.063 0
292.188 310.097 0
293.502 420.833 0
283.442 239.519 0
238.174 440.094 0
214.718 432.573 0
284.581 170.962 0
254.147 80.0971 0
256.5 49.0428 0
273.931 65.7863 0
238.234 83.3248 0
261.089 33.7903 0
284.39 72.8337 0
236.073 423.912 0
263.417 90.6907 0
222.601 266.739 0
221.31 349.5 0
218.273 372.5 0
242.391 117.753 0
307.5 150.94 0
232.497 320.923 0
284.899 299.49 0
283.719 415.23 0
273.795 420.614 0
291.773 408.868 0
228.043 443.879 0
216.239 447.116 0
282.157 181.819 0
269.234 191.141 0
274.186 161.913 0
289.099 159.277 0
286.064 59.065 0
272.154 79.7077 0
229.915 285.996 0
217.35 382.87 0
223.776 391.719 0
235.862 390.473 0
254.301 109.21 0
292.448 289.369 0
294.34 146.368 0
298.678 155.944 0
225.799 295.946 0
217.057 286.503 0
238.937 295.554 0
264.667 115.969 0
287.176 281.518 0
294.855 299.04 0
223.143 277.55 0
238.24 272.382 0
241.416 284.177 0
254.042 123.267 0
266.202 129.587 0
252.013 132.614 0
243.257 144.99 0
195.592 151.223 0
205.438 146.165 0
215.522 154.288 0
205.754 156.094 0
333.166 151 0
226.72 135.649 0
233.427 128.922 0
235.389 241.945 0
267.702 284.106 0
266.116 267.311 0
276.453 276.675 0
263.292 276.05 0
236.774 451.258 0
226.761 72.8477 0
228.345 51.6125 0
218.192 46.0639 0
218.508 57.5492 0
241.963 36.3527 0
245.311 25.425 0
251.279 33.2306 0
241.055 431.493 0
231.19 412.8 0
219.06 413.452 0
214.817 404.477 0
225.169 422.582 0
249.134 93.8359 0
227.03 258.023 0
217.987 338.982 0
219.946 327.4 0
234.582 347.449 0
239.179 337.546 0
230.031 361.969 0
228.101 371.644 0
238.703 311.027 0
274.402 410.228 0
263.533 181.602 0
248.447 166.037 0
261.666 168.317 0
253.549 175.917 0
244.485 181.714 0
257.214 154.669 0
280.555 193.216 0
271.922 208.395 0
272.83 49.4872 0
281.695 82.3633 0
272.012 88.5615 0
262.968 71.4608 0
246.963 63.9366 0
263.547 59.1516 0
253.565 70.679 0
254.265 58.1118 0
258.564 99.8054 0
284.916 137.729 0
272.646 140.354 0
276.692 130.621 0
344.936 150.595 0
223.422 235.815 0
243.642 233.814 0
256.007 245.565 0
250.955 263.122 0
228.688 82.2587 0
214.086 422.376 0
240.145 92.2505 0
246.907 85.239 0
248.254 102.687 0
240.06 327.537 0
237.675 356.392 0
238.313 365.823 0
219.015 361.499 0
238.191 157.403 0
234.928 171.218 0
247.399 153.921 0
281.519 203.809 0
258.169 201.702 0
277.202 57.3786 0
264.829 43.2321 0
272.195 34.8522 0
238.324 71.7063 0
231.581 62.5304 0
265.146 147.744 0
244.876 248.434 0
241.872 264.01 0
260.946 256.492 0
248.205 272.705 0
225.549 177.957 0
225.246 162.729 0
260.479 193.046 0
267.372 200.268 0
259.84 215.745 0
243.107 198.175 0
280.141 41.8386 0
272.425 153.069 0
269.181 217.495 0
280.562 215.961 0
244.694 216.642 0
251.641 195.655 0
230.047 197.731 0
236.233 208.068 0
288.023 48.7598 0
248.991 206.971 0
171.696 150.318 0
160.538 151.089 0
269.377 308.102 0
286.409 253.807 0
291.308 245.338 0
277.613 262.589 0
270.305 238.428 0
264.34 229.888 0
283.909 229.002 0
234.667 400.685 0
356.449 150.5 0
366.949 150.5 0
377.459 150.5 0
388.557 151 0
398.852 150.162 0
148.954 150.437 0
138.403 150.457 0
127.405 151.004 0
116.595 150.804 0
291.668 262.783 0
276.476 482.99 0
270.554 471.862 0
267.237 480.767 0
270.505 459.29 0
285.204 446.142 0
280.065 455.187 0
272.611 444.97 0
292.542 456.293 0
279.728 436.735 0
295.165 446.669 0
293.116 468.286 0
285.106 475.989 0
287.978 488.351 0
294.588 480.3 0
271.915 430.458 0
292.876 434.502 0
274.864 392.491 0
269.734 383.009 0
271.127 370.49 0
285.589 365.166 0
287.819 390.059 0
290.462 379.857 0
274.516 357.392 0
292.148 398.969 0
292.81 370.924 0
287.618 350.502 0
291.951 358.574 0
277.37 346.917 0
269.867 339.054 0
291.051 339.894 0
270.701 401.257 0
230.695 40.0038 0
242.409 50.4574 0
239.669 58.8921 0
228.051 216.915 0
223.909 225.917 0
273.335 324.044 0
267.772 316.963 0
287.724 323.812 0
293.03 331.099 0
225.744 476.756 0
217.718 465.534 0
214.438 476.361 0
219.686 488.123 0
210.624 491.388 0
213.773 456.582 0
234.174 465.724 0
236.876 476.525 0
237.979 488.324 0
228.86 485.714 0
330.667 139.825 0
275.321 283.556 0
363.556 144.942 0
110.222 147.553 0
