805
218 507 0
215 503 0
215 498 0
213 499 0
210 504 0
207 501 0
202 503 0
198 500 0
195 496 0
192 495 0
195 490 0
198 485 0
202 480 0
205 475 0
207 470 0
208 465 0
210 460 0
210 455 0
210 450 0
210 445 0
210 440 0
210 435 0
209 430 0
208 425 0
206 420 0
205 415 0
203 410 0
202 405 0
201 400 0
201 395 0
202 390 0
202 385 0
202 380 0
202 375 0
203 370 0
204 365 0
205 360 0
205 355 0
203 350 0
202 345 0
200 340 0
199 335 0
197 330 0
194 325 0
194 320 0
193 315 0
193 310 0
190 305 0
190 300 0
190 295 0
190 290 0
190 285 0
191 280 0
192 275 0
193 270 0
194 265 0
195 260 0
197 255 0
199 250 0
200 245 0
202 240 0
203 235 0
205 230 0
206 225 0
206 220 0
208 215 0
209 210 0
207 205 0
206 200 0
206 195 0
207 190 0
207 185 0
206 180 0
202 175 0
198 170 0
195 165 0
193 160 0
191 155 0
190 150 0
190 145 0
190 140 0
190 135 0
189 130 0
185 133 0
185 137 0
181 140 0
176 144 0
172 145 0
167 146 0
162 147 0
157 148 0
152 149 0
148 152 0
143 153 0
138 155 0
134 157 0
130 161 0
125 162 0
120 164 0
115 165 0
110 167 0
105 166 0
100 166 0
95 166 0
90 167 0
85 167 0
80 168 0
75 168 0
70 169 0
65 172 0
61 176 0
59 181 0
58 185 0
57 190 0
55 195 0
54 200 0
49 198 0
48 193 0
48 188 0
48 183 0
43 184 0
39 187 0
35 190 0
31 194 0
28 199 0
27 204 0
25 209 0
22 212 0
18 214 0
17 209 0
17 204 0
17 199 0
17 194 0
20 189 0
24 184 0
27 179 0
32 174 0
37 171 0
42 168 0
47 165 0
52 160 0
57 155 0
62 151 0
67 149 0
71 146 0
76 144 0
81 141 0
86 138 0
90 135 0
95 132 0
98 129 0
103 127 0
108 124 0
113 122 0
118 120 0
123 119 0
128 117 0
133 117 0
138 115 0
142 110 0
147 107 0
152 104 0
156 100 0
159 96 0
164 91 0
168 88 0
173 86 0
178 84 0
183 83 0
188 83 0
193 83 0
198 83 0
203 80 0
208 77 0
213 74 0
218 73 0
223 71 0
228 69 0
233 67 0
235 62 0
235 57 0
235 52 0
235 47 0
233 42 0
232 37 0
232 32 0
232 27 0
233 22 0
235 17 0
239 14 0
243 10 0
248 8 0
253 6 0
258 6 0
263 7 0
268 8 0
273 11 0
278 15 0
281 20 0
283 25 0
283 30 0
283 35 0
282 40 0
279 45 0
279 50 0
279 55 0
278 60 0
278 65 0
283 68 0
288 70 0
293 72 0
298 74 0
303 76 0
308 81 0
313 83 0
318 83 0
323 83 0
328 83 0
333 83 0
338 84 0
343 87 0
347 92 0
351 96 0
353 100 0
357 103 0
362 104 0
367 107 0
372 111 0
377 114 0
382 117 0
387 119 0
392 120 0
397 121 0
402 122 0
407 124 0
412 126 0
417 129 0
422 132 0
427 136 0
432 140 0
437 144 0
442 147 0
447 149 0
452 151 0
457 155 0
462 159 0
466 163 0
471 166 0
476 169 0
481 172 0
486 174 0
489 179 0
493 184 0
496 189 0
500 194 0
501 199 0
502 204 0
502 209 0
502 214 0
502 219 0
497 219 0
492 216 0
489 212 0
487 208 0
485 203 0
483 198 0
479 193 0
474 190 0
469 188 0
468 193 0
466 197 0
461 194 0
458 189 0
458 184 0
456 179 0
452 176 0
447 173 0
442 172 0
437 170 0
432 169 0
427 168 0
422 168 0
417 168 0
412 168 0
407 168 0
402 168 0
397 168 0
392 167 0
387 167 0
382 164 0
377 161 0
372 158 0
367 157 0
362 155 0
357 153 0
352 151 0
347 150 0
342 148 0
337 147 0
332 145 0
327 142 0
324 138 0
320 138 0
320 143 0
320 148 0
319 153 0
318 158 0
317 163 0
313 168 0
310 173 0
307 177 0
305 182 0
304 187 0
305 192 0
306 197 0
304 201 0
303 206 0
302 211 0
302 216 0
303 221 0
304 226 0
305 231 0
306 236 0
307 241 0
309 245 0
311 250 0
312 255 0
313 259 0
314 264 0
316 268 0
317 273 0
317 278 0
317 283 0
316 288 0
317 293 0
317 298 0
316 303 0
316 308 0
316 313 0
316 318 0
313 323 0
312 328 0
310 333 0
307 338 0
306 342 0
304 347 0
302 352 0
301 357 0
301 362 0
303 366 0
304 369 0
305 374 0
305 379 0
305 384 0
305 389 0
304 394 0
303 399 0
302 404 0
301 409 0
299 414 0
298 419 0
296 424 0
294 429 0
293 434 0
293 439 0
293 444 0
293 449 0
293 454 0
293 459 0
295 464 0
297 469 0
300 473 0
301 478 0
304 483 0
307 488 0
309 493 0
311 498 0
307 502 0
304 503 0
300 502 0
297 506 0
293 502 0
290 505 0
286 506 0
284 501 0
283 496 0
280 491 0
279 486 0
279 481 0
279 476 0
275 473 0
271 468 0
269 463 0
270 458 0
272 453 0
273 448 0
274 443 0
275 438 0
275 433 0
275 428 0
274 423 0
273 418 0
272 413 0
271 408 0
269 404 0
268 399 0
266 394 0
266 389 0
266 384 0
267 379 0
267 374 0
267 369 0
268 364 0
268 359 0
267 354 0
266 349 0
266 344 0
268 339 0
267 334 0
266 329 0
266 324 0
266 319 0
265 314 0
263 309 0
262 304 0
260 299 0
258 294 0
257 289 0
256 284 0
255 279 0
255 274 0
253 270 0
252 275 0
252 280 0
251 285 0
250 290 0
248 295 0
247 300 0
245 305 0
243 310 0
242 315 0
242 320 0
242 325 0
241 330 0
240 335 0
239 340 0
238 345 0
238 350 0
237 355 0
235 359 0
235 364 0
237 369 0
238 374 0
239 377 0
238 383 0
239 388 0
238 393 0
238 398 0
235 402 0
234 407 0
232 412 0
231 417 0
229 422 0
228 427 0
228 432 0
228 437 0
228 442 0
230 447 0
230 452 0
231 457 0
232 462 0
230 467 0
227 472 0
226 477 0
225 482 0
225 487 0
224 492 0
221 496 0
221 501 0
219 506 0
322 110.527 0
281.365 258.318 0
118.196 142.241 0
185.122 106.612 0
239.659 119.896 0
256.606 34.5 0
256.43 59.5 0
255.469 187.5 0
160.174 124.872 0
220.6 283.32 0
217.5 312.7 0
241.714 234.743 0
219.5 333.5 0
353.375 126.814 0
373.663 136.686 0
398.939 145.304 0
287.49 290.904 0
289.391 321.5 0
214.825 127.435 0
230.053 95.883 0
271.967 102.832 0
231.17 187.5 0
278.427 168.471 0
278.55 198.51 0
289.879 140.5 0
222.018 154.886 0
270.481 83.1982 0
219.959 391.986 0
172.142 130.296 0
297.686 274.438 0
291.732 195.081 0
140.126 134.409 0
220.862 461.036 0
285.149 390.37 0
284.254 347.451 0
281.352 461.915 0
337.53 105.352 0
108.701 152.511 0
124.79 151.022 0
246.186 25.6392 0
269.01 27.598 0
207.334 321.45 0
206.444 300.517 0
225.539 223.708 0
337.859 130.232 0
390.3 154.499 0
301.709 314.163 0
300.157 155.328 0
129.879 140.334 0
293.602 489.664 0
291.341 94.1561 0
162.431 135.81 0
151.45 132.373 0
171.954 114.794 0
217.064 470.363 0
217.671 323.18 0
229.334 317.748 0
207.164 310.972 0
401.637 156.495 0
386.019 141.821 0
122.372 131.083 0
138.902 144.116 0
144.127 124.15 0
415.177 147.31 0
376.365 147.619 0
383.568 130.284 0
373.146 125.022 0
363.746 131.282 0
363.697 143.173 0
51.4212 173.782 0
212.763 485.921 0
467.178 176.743 0
288.216 208.62 0
281.677 183.477 0
282.831 451.563 0
287.07 470.108 0
105.369 139.906 0
94.6481 149.483 0
117.096 155.555 0
244.704 37.9392 0
253.765 46.9806 0
266.167 43.2403 0
246.075 55.161 0
209.075 331.859 0
347.559 137.338 0
325.313 124.095 0
343.236 117.719 0
300.362 325.91 0
290.273 335.158 0
288.617 306.191 0
183.617 118.877 0
201.5 114.847 0
193.484 120.966 0
160.102 112.864 0
172.706 101.316 0
147.589 140.823 0
412.161 157.436 0
362.617 118.824 0
204.999 491.594 0
476.188 180.49 0
264.78 221.352 0
269.065 188.695 0
292.555 173.266 0
290.823 479.723 0
100.439 156.732 0
273.016 36.4058 0
303.656 123.787 0
332.193 115.227 0
347.236 108.374 0
279.183 337.348 0
294.068 344.636 0
278.322 314.386 0
278.764 325.866 0
275.686 300.51 0
301.488 297.557 0
202.22 130.584 0
206.893 122.485 0
218.094 108.854 0
211.98 142.848 0
150.644 116.426 0
164.049 104.519 0
182.769 94.9254 0
197.493 98.0412 0
274.768 211.802 0
263.52 173.849 0
288.807 161.098 0
273.083 149.953 0
290.75 150.872 0
278.995 158.277 0
266.239 161.076 0
243.44 162.899 0
255.111 165.383 0
246.627 176.582 0
253.324 145.12 0
262.352 151.017 0
251.109 155.526 0
236.717 148.231 0
293.373 184.22 0
314.547 119.536 0
312.434 130.197 0
301.459 136.011 0
303.22 106.594 0
272.577 284.635 0
292.597 298.213 0
298.302 286.209 0
306.67 279.87 0
306.574 305.794 0
207.407 156.865 0
200.967 141.596 0
191.133 91.7494 0
194.917 107.536 0
285.45 226.94 0
258.566 204.854 0
273.242 177.449 0
255.583 178.368 0
243.32 188.3 0
250.021 197.426 0
242.376 214.848 0
248.914 207.328 0
253.605 218.008 0
235.052 201.879 0
255.519 231.96 0
245.602 224.914 0
235.434 226.575 0
232.305 172.706 0
225.093 142.117 0
218.176 136.023 0
228.293 127.128 0
278.363 291.744 0
268.427 293.689 0
216.494 169.028 0
275.533 222.6 0
273.254 241.307 0
269.074 231.305 0
291.779 218.527 0
261.629 195.354 0
268.966 202.967 0
265.187 211.779 0
230.62 212.935 0
219.433 214.243 0
220.714 198.037 0
252.142 250.84 0
231.923 161.047 0
221.37 119.008 0
240.866 134.342 0
207.093 166.576 0
222.417 179.388 0
250.105 240.733 0
261.66 241.806 0
268.004 254.249 0
231.732 135.698 0
244.32 142.938 0
217.2 188.314 0
270.697 269.381 0
284.222 271.748 0
265.071 277.817 0
261.621 263.191 0
289.431 280.716 0
276.435 276.416 0
326.123 97.0083 0
314.241 100.773 0
312.167 110.191 0
303.73 94.2153 0
297.577 85.3395 0
336.342 95.0069 0
221.197 298.237 0
214.573 304.248 0
212.543 291.113 0
201.275 290.484 0
233.831 290.261 0
231.386 305.44 0
234.595 272.723 0
217.48 260.292 0
237.787 298.684 0
230.089 281.312 0
229.8 328.984 0
132.237 127.476 0
408.15 137.466 0
396.629 133.259 0
112.535 132.921 0
267.254 54.9363 0
301.174 166.339 0
213.682 92.7873 0
204.068 90.7336 0
231.512 109.227 0
250.844 100.361 0
239.704 101.58 0
246.344 110.754 0
260.347 110.647 0
277.341 123.37 0
254.758 125.907 0
266.294 136.122 0
271.066 114.04 0
286.651 109.653 0
266.002 124.22 0
245.711 126.664 0
253.392 116.753 0
256.387 135.689 0
277.963 138.975 0
207.183 104.612 0
199.753 151.101 0
290.146 243.287 0
207.077 276.489 0
199.786 281.667 0
217.848 271.968 0
242.247 260.882 0
238.669 247.88 0
226.521 238.826 0
229.847 261.263 0
224.463 250.596 0
211.966 248.959 0
207.057 258.355 0
216.805 231.866 0
215.106 222.605 0
211.399 239.567 0
203.454 267.426 0
223.706 84.6102 0
214.512 83.5723 0
240.832 82.3909 0
244.317 92.2234 0
255.66 82.6694 0
232.718 86.9597 0
262.688 93.6613 0
248.466 70.8328 0
263.485 71.332 0
239.645 73.3068 0
268.901 63.9462 0
273.13 73.6404 0
220.901 99.4439 0
282.269 99.8688 0
274.646 92.7563 0
294.071 103.44 0
296.274 115.373 0
291.033 127.416 0
282.536 130.978 0
286.007 119.234 0
282.359 236.676 0
294.34 233.235 0
296.743 257.222 0
288.68 252.511 0
299.268 247.498 0
292.352 266.096 0
303.456 265.488 0
286.096 405.623 0
292.686 397.558 0
278.464 398.441 0
285.307 417.905 0
284.555 427.447 0
284.561 364.009 0
277.991 355.849 0
290.695 355.613 0
258.202 19.5757 0
249.393 17.0562 0
267.427 18.4389 0
283.963 82.8674 0
427.365 154.069 0
424.284 145.256 0
438.416 158.264 0
448.678 162.154 0
83.0411 154.506 0
72.9928 157.661 0
308.045 146.158 0
298.481 145.154 0
280.712 377.282 0
275.899 386.21 0
276.447 368.851 0
292.484 373.501 0
294.131 384.247 0
220.92 350.097 0
227.556 341.17 0
212.839 342.429 0
219.535 365.581 0
214.43 357.321 0
225.577 358.318 0
224.602 378.706 0
228.998 387.695 0
213.468 382.265 0
227.747 369.951 0
212.519 372.475 0
217.781 406.926 0
225.223 400.383 0
211.488 398.38 0
217.803 418.621 0
275.417 267.556 0
121.778 140.89 0
