751
183 474 0
178 473 0
174 470 0
173 465 0
174 460 0
178 456 0
181 452 0
183 448 0
184 445 0
184 442 0
186 438 0
190 434 0
189 430 0
192 427 0
193 422 0
192 417 0
193 412 0
192 407 0
193 402 0
192 397 0
191 392 0
191 389 0
190 386 0
191 381 0
189 377 0
189 373 0
189 370 0
191 365 0
187 361 0
186 356 0
184 352 0
184 347 0
184 342 0
184 337 0
184 332 0
186 328 0
186 323 0
186 318 0
186 313 0
187 308 0
188 303 0
188 298 0
188 293 0
188 288 0
188 283 0
188 278 0
188 273 0
189 268 0
191 264 0
190 259 0
188 255 0
192 251 0
193 246 0
194 241 0
196 237 0
197 232 0
198 227 0
198 222 0
199 217 0
201 213 0
203 208 0
203 203 0
198 199 0
194 195 0
194 190 0
194 185 0
194 180 0
195 176 0
197 175 0
198 170 0
201 166 0
197 162 0
194 158 0
191 153 0
188 149 0
186 144 0
183 140 0
179 136 0
177 131 0
175 126 0
172 122 0
170 117 0
168 114 0
167 109 0
162 108 0
157 109 0
152 110 0
147 109 0
142 110 0
137 112 0
134 111 0
131 114 0
126 113 0
122 112 0
119 108 0
115 106 0
110 105 0
105 105 0
100 104 0
95 104 0
90 101 0
85 99 0
80 99 0
75 99 0
70 102 0
65 104 0
61 106 0
56 107 0
51 108 0
46 108 0
41 108 0
36 107 0
32 107 0
29 105 0
24 102 0
19 99 0
16 94 0
17 91 0
14 87 0
18 84 0
23 83 0
28 84 0
33 87 0
38 87 0
41 88 0
42 84 0
37 82 0
35 78 0
39 75 0
44 74 0
49 75 0
54 76 0
59 76 0
64 77 0
69 79 0
73 82 0
78 84 0
83 84 0
88 84 0
93 84 0
95 80 0
99 82 0
104 82 0
108 80 0
113 79 0
118 80 0
123 80 0
128 79 0
133 80 0
138 79 0
143 79 0
148 79 0
153 79 0
158 79 0
163 79 0
167 81 0
171 80 0
176 79 0
181 78 0
186 77 0
191 75 0
196 75 0
201 76 0
204 72 0
208 68 0
211 64 0
214 59 0
214 54 0
214 49 0
214 44 0
214 39 0
214 34 0
215 29 0
219 25 0
222 21 0
226 18 0
229 13 0
234 11 0
238 9 0
243 7 0
248 6 0
253 8 0
258 10 0
263 14 0
267 18 0
269 23 0
271 28 0
272 32 0
274 37 0
274 42 0
274 47 0
274 52 0
276 57 0
278 61 0
282 64 0
282 67 0
286 71 0
291 72 0
296 71 0
301 71 0
306 73 0
311 74 0
316 75 0
321 77 0
326 77 0
331 77 0
336 78 0
341 78 0
346 77 0
351 77 0
356 77 0
361 77 0
366 78 0
371 78 0
376 76 0
379 73 0
384 73 0
388 73 0
392 77 0
397 77 0
402 78 0
407 78 0
412 79 0
417 79 0
422 80 0
426 82 0
431 83 0
436 83 0
440 80 0
445 79 0
448 76 0
450 77 0
455 75 0
460 74 0
465 73 0
469 71 0
474 71 0
478 74 0
478 79 0
474 82 0
471 84 0
476 84 0
481 86 0
486 86 0
491 86 0
496 86 0
500 88 0
503 92 0
499 95 0
496 94 0
495 98 0
499 100 0
497 105 0
492 107 0
487 109 0
482 109 0
478 109 0
473 109 0
468 109 0
463 107 0
458 105 0
453 104 0
448 103 0
444 100 0
439 98 0
435 98 0
430 98 0
426 99 0
421 100 0
417 102 0
413 102 0
408 104 0
403 104 0
398 105 0
395 109 0
391 110 0
386 110 0
381 108 0
378 110 0
374 106 0
369 107 0
364 107 0
359 106 0
354 106 0
351 107 0
349 111 0
347 113 0
345 118 0
342 122 0
339 127 0
337 131 0
333 136 0
329 140 0
325 144 0
322 148 0
320 153 0
315 156 0
313 161 0
312 165 0
311 170 0
307 171 0
302 172 0
297 173 0
292 173 0
289 176 0
288 181 0
288 186 0
287 191 0
285 195 0
285 200 0
287 204 0
287 209 0
288 214 0
293 216 0
298 219 0
298 224 0
297 229 0
302 232 0
303 235 0
304 240 0
305 245 0
306 250 0
306 255 0
306 260 0
309 264 0
309 269 0
309 274 0
310 279 0
310 284 0
310 289 0
310 294 0
310 299 0
310 304 0
310 309 0
310 314 0
310 319 0
310 324 0
310 329 0
310 334 0
310 339 0
310 344 0
310 349 0
306 350 0
301 350 0
296 350 0
292 353 0
289 357 0
289 362 0
287 367 0
284 371 0
285 376 0
285 381 0
285 386 0
287 390 0
287 395 0
287 400 0
288 405 0
289 410 0
290 415 0
291 420 0
292 424 0
292 429 0
293 434 0
294 439 0
297 443 0
300 448 0
303 451 0
307 456 0
311 460 0
315 464 0
311 468 0
306 470 0
301 471 0
296 472 0
291 471 0
286 468 0
281 465 0
278 460 0
275 456 0
277 452 0
279 447 0
280 442 0
281 437 0
281 432 0
281 427 0
279 422 0
278 417 0
276 413 0
276 408 0
274 403 0
272 398 0
268 394 0
265 390 0
263 385 0
260 381 0
258 376 0
255 372 0
255 367 0
253 362 0
253 357 0
250 353 0
250 348 0
250 343 0
250 338 0
249 333 0
248 328 0
248 323 0
248 318 0
248 313 0
247 309 0
242 307 0
237 305 0
236 310 0
236 315 0
237 320 0
237 325 0
236 330 0
236 335 0
234 339 0
234 344 0
232 349 0
231 354 0
228 358 0
225 362 0
221 367 0
219 371 0
215 374 0
216 378 0
213 382 0
213 386 0
211 391 0
210 396 0
207 400 0
206 405 0
205 410 0
203 414 0
202 419 0
202 424 0
202 429 0
202 434 0
202 439 0
202 444 0
202 449 0
202 454 0
202 459 0
204 464 0
205 468 0
202 472 0
197 473 0
192 474 0
187 474 0
184 474 0
278.247 303.313 0
245.54 74.7302 0
249.286 133.286 0
269.92 153.92 0
210.94 315.5 0
208 344.5 0
218.561 280.5 0
244.34 227.436 0
245.793 35.1829 0
300.75 112.25 0
272.786 340.5 0
220.383 142.617 0
221.104 234.221 0
229.414 205.5 0
264.734 216.053 0
267.891 257.5 0
304.641 92.7944 0
316.981 123.981 0
254.825 282.187 0
227.852 70.711 0
331.816 98.5437 0
381.939 91.4626 0
264.505 74.3303 0
159.484 93.5711 0
136.114 95.4157 0
194.048 103.419 0
201.981 374.005 0
269.765 367.078 0
218.76 330.891 0
196.337 348.981 0
262.862 348.713 0
274.158 207.132 0
180.961 108.327 0
113 92.18 0
453.721 90.2533 0
290.059 455.941 0
219.601 348.878 0
238.229 23.9045 0
259.635 39.673 0
222.121 180.776 0
303.921 139.244 0
193.623 89.1134 0
196.894 124.238 0
209.135 188.662 0
210.123 175.443 0
311.759 146.102 0
314.493 135.07 0
212.638 259.126 0
284.098 244.938 0
197.753 335.246 0
207.144 359.692 0
261.627 337.118 0
275.576 353.974 0
263.161 359.08 0
252.256 193.434 0
269.083 184.694 0
216.318 340.018 0
217.074 159.6 0
272.465 321.458 0
261.43 203.125 0
210.35 166.096 0
269.564 331.031 0
260.28 322.992 0
249.667 213.018 0
262.617 192.813 0
264.707 308.992 0
251.537 203.302 0
240.659 206.245 0
234.214 218.28 0
286.104 271.585 0
297.282 267.906 0
295.78 282.165 0
287.845 258.055 0
127.951 102.244 0
125.568 91.1012 0
173.387 96.3438 0
101.847 92.9721 0
443.79 89.242 0
461.151 83.7842 0
465.83 95.093 0
288.38 446.708 0
252.135 22.7543 0
229.96 37.6252 0
247.025 54.9652 0
296.227 155.227 0
218.597 94.5315 0
190.731 114.476 0
185.886 124.361 0
221.504 194.396 0
200.013 365.207 0
216.46 357.842 0
283.305 345.347 0
278.364 363.051 0
255.427 223.339 0
270.559 233.081 0
264.687 225.58 0
276.884 220.878 0
273.896 311.921 0
291.798 315.566 0
257.146 314.301 0
266.072 293.265 0
232.563 230.283 0
244.03 251.935 0
241.059 239.646 0
257.123 242.266 0
227.698 249.38 0
249.981 235.498 0
231.159 240.094 0
217.339 217.327 0
225.472 223.193 0
277.706 263.627 0
271.702 278.372 0
277.455 253.103 0
294.537 249.049 0
292.609 238.636 0
285.135 229.412 0
184.864 96.5334 0
244.624 16.5838 0
254.536 31.8118 0
250.312 44.8309 0
260.542 53.7494 0
238.262 46.5223 0
234.472 59.2256 0
226.295 49.3668 0
243.303 64.6238 0
224.215 60.9646 0
205.219 95.9277 0
203.297 85.9241 0
213.851 113.845 0
202.287 114.007 0
212.754 103.336 0
179.923 117.419 0
236.703 188.261 0
212.124 198.423 0
212.968 208.361 0
294.468 334.535 0
282.12 332.041 0
289.865 325.51 0
255.85 300.301 0
269.52 301.487 0
283.154 283.998 0
291.397 296.373 0
274.17 287.816 0
264.107 284.012 0
279.249 236.816 0
266.614 63.2521 0
255.128 66.8044 0
227.701 187.853 0
220.581 203.423 0
301.056 340.864 0
300.146 291.292 0
288.094 306.043 0
298.986 304.365 0
281.789 294.096 0
56.1076 91.3249 0
50.829 84.2435 0
46.9063 97.1484 0
189.5 461.5 0
192.224 451.874 0
483.355 97.4194 0
474.148 99.6065 0
255.633 103.482 0
147.537 91.1757 0
151.968 100.066 0
201.484 385.159 0
200.398 394.008 0
223.54 318.78 0
220.971 302.807 0
227.214 327.229 0
226.729 310.074 0
298.511 461.304 0
199.297 322.001 0
199.775 309.181 0
209.203 326.064 0
209.879 304.351 0
213.854 292.292 0
200.984 294.734 0
207.11 335.185 0
206.239 148.675 0
215.37 150.454 0
208.276 133.891 0
208.196 123.071 0
224.306 126.599 0
197.595 139.952 0
217.765 133.487 0
190.275 133.257 0
240.448 155.34 0
273.629 195.748 0
229.159 27.7905 0
282.734 161.407 0
291.894 163.586 0
275.839 173.01 0
255.664 169.141 0
256.909 181.633 0
265.093 174.509 0
265.04 163.636 0
254.042 155.641 0
246.626 184.396 0
247.47 145.356 0
233.992 143.338 0
261.857 141.349 0
228.167 154.209 0
232.972 169.274 0
238.443 178.059 0
244.313 168.308 0
227.563 135.886 0
237.537 127.174 0
240.281 136.246 0
249.862 117.831 0
261.511 150.442 0
282.717 136.842 0
221.85 169.651 0
232.79 108.112 0
222.313 107.65 0
231.281 118.61 0
285.269 149.123 0
275.479 144.752 0
292.971 141.116 0
293.362 125.74 0
305.345 127.194 0
271.562 118.224 0
244.526 107.35 0
237.56 90.808 0
246.999 96.571 0
260.188 88.9426 0
261.739 127.7 0
271.53 133.872 0
260.787 113.89 0
285.646 112.747 0
281.436 124.959 0
249.364 85.4438 0
255.082 77.3635 0
277.328 86.0619 0
293.345 116.963 0
292.805 100.544 0
268.056 83.3229 0
273.339 101.944 0
302.534 102.49 0
317.186 100.597 0
291.915 86.2713 0
283.206 103.114 0
276.684 110.546 0
264.089 98.1484 0
316.124 88.3186 0
326.297 112.37 0
301.803 82.6557 0
284.706 80.2824 0
284.522 93.1213 0
327.391 88.1814 0
314.272 112.264 0
336.775 108.537 0
328.265 123.491 0
275.195 75.303 0
307.504 118.352 0
323.638 131.968 0
256.019 254.47 0
258.768 268.472 0
268.899 268.636 0
239.882 270.467 0
248.045 262.564 0
249.729 273.298 0
214.809 245.972 0
203.944 250.935 0
208.857 235.222 0
201.88 261.834 0
209.999 271.365 0
214.338 226.862 0
205.429 283.026 0
199.122 273.828 0
268.776 244.894 0
216.498 79.8088 0
218.236 70.344 0
228.291 82.8922 0
235.832 76.5218 0
212.242 87.9265 0
242.638 196.383 0
243.745 291.9 0
242.15 281.123 0
230.155 288.405 0
253.079 291.372 0
229.733 276.57 0
221.583 267.458 0
222.366 257.65 0
234.413 259.564 0
235.466 295.924 0
67.1191 91.3095 0
229.082 97.7803 0
345.924 92.5262 0
337.257 87.794 0
343.221 101.601 0
360.431 91.5297 0
353.527 97.126 0
352.775 86.1732 0
371.177 89.0317 0
396.02 91.0528 0
273.202 378.614 0
275.549 387.98 0
408.277 90.6836 0
418.654 89.8577 0
