701
308 496 0
303 494 0
299 490 0
296 486 0
296 481 0
297 476 0
298 471 0
298 466 0
297 461 0
296 456 0
296 451 0
297 446 0
298 441 0
299 436 0
299 431 0
299 426 0
297 421 0
297 416 0
295 411 0
293 406 0
292 401 0
291 396 0
289 391 0
288 386 0
285 381 0
282 377 0
281 372 0
281 367 0
283 362 0
285 357 0
285 352 0
286 347 0
284 342 0
282 337 0
280 332 0
278 327 0
276 322 0
275 317 0
274 312 0
273 307 0
271 302 0
271 297 0
270 292 0
268 287 0
267 282 0
266 277 0
266 272 0
265 267 0
264 262 0
259 261 0
254 261 0
251 265 0
250 270 0
249 275 0
248 280 0
247 285 0
246 290 0
245 295 0
244 300 0
243 305 0
242 310 0
241 315 0
240 320 0
239 325 0
237 330 0
234 335 0
231 339 0
230 344 0
229 349 0
230 354 0
231 359 0
231 364 0
232 369 0
232 374 0
231 379 0
229 384 0
227 389 0
225 394 0
222 399 0
221 404 0
219 409 0
218 414 0
217 419 0
217 424 0
216 429 0
216 434 0
216 439 0
217 444 0
218 449 0
218 454 0
218 459 0
217 464 0
216 469 0
216 474 0
218 479 0
218 484 0
215 489 0
210 491 0
205 494 0
200 494 0
195 493 0
190 491 0
185 489 0
182 484 0
181 479 0
181 474 0
184 469 0
187 464 0
190 459 0
193 454 0
194 449 0
195 444 0
196 439 0
196 434 0
196 429 0
196 424 0
195 419 0
194 414 0
192 409 0
191 404 0
190 399 0
190 394 0
190 389 0
190 384 0
189 379 0
189 374 0
190 369 0
192 364 0
194 359 0
196 354 0
199 349 0
199 344 0
199 339 0
199 334 0
200 329 0
201 324 0
199 320 0
197 315 0
197 310 0
196 305 0
196 300 0
196 295 0
196 290 0
197 285 0
198 280 0
200 275 0
201 270 0
202 265 0
203 260 0
204 255 0
206 250 0
208 245 0
210 240 0
211 235 0
212 230 0
213 225 0
214 220 0
214 215 0
216 210 0
218 205 0
221 200 0
223 195 0
223 190 0
223 185 0
221 180 0
219 175 0
217 170 0
216 165 0
213 160 0
211 155 0
209 150 0
208 145 0
207 140 0
206 135 0
201 135 0
196 139 0
191 143 0
186 146 0
181 147 0
176 150 0
171 154 0
166 158 0
162 162 0
157 166 0
152 170 0
148 173 0
143 175 0
138 177 0
133 178 0
128 181 0
123 183 0
118 185 0
113 186 0
108 187 0
103 189 0
98 192 0
93 195 0
89 200 0
86 205 0
84 210 0
80 215 0
75 220 0
71 224 0
68 229 0
64 232 0
59 232 0
56 227 0
58 223 0
63 218 0
63 213 0
58 213 0
53 215 0
49 218 0
44 220 0
39 223 0
34 227 0
29 230 0
24 231 0
19 231 0
18 227 0
21 223 0
26 219 0
30 214 0
35 212 0
40 209 0
44 205 0
49 203 0
54 201 0
58 199 0
63 197 0
68 194 0
73 192 0
78 189 0
83 185 0
88 182 0
93 178 0
98 174 0
103 170 0
108 165 0
113 161 0
118 157 0
123 154 0
128 151 0
133 148 0
138 145 0
143 143 0
148 140 0
153 137 0
158 134 0
163 130 0
168 127 0
173 123 0
177 119 0
180 114 0
183 109 0
185 104 0
189 99 0
194 96 0
199 94 0
204 92 0
209 91 0
214 90 0
219 89 0
224 87 0
229 85 0
234 84 0
239 80 0
239 75 0
239 70 0
237 65 0
236 60 0
233 55 0
232 50 0
232 45 0
232 40 0
233 35 0
233 30 0
236 25 0
240 20 0
245 18 0
250 17 0
255 16 0
260 16 0
265 18 0
270 19 0
275 22 0
279 26 0
281 31 0
284 36 0
284 41 0
284 46 0
283 51 0
281 56 0
279 61 0
277 66 0
276 71 0
276 76 0
278 81 0
283 85 0
288 86 0
293 88 0
298 89 0
303 90 0
308 92 0
313 94 0
318 96 0
323 99 0
327 103 0
331 108 0
334 112 0
337 117 0
341 121 0
346 125 0
351 130 0
356 133 0
361 136 0
366 139 0
371 142 0
376 144 0
381 146 0
386 149 0
391 153 0
396 156 0
400 159 0
404 163 0
408 165 0
413 170 0
417 174 0
422 177 0
426 181 0
431 183 0
435 187 0
440 190 0
445 193 0
450 196 0
455 198 0
458 201 0
463 204 0
468 205 0
473 210 0
478 212 0
483 215 0
487 218 0
491 221 0
494 226 0
494 231 0
489 231 0
484 227 0
479 224 0
474 222 0
469 218 0
464 215 0
459 213 0
454 213 0
450 216 0
453 221 0
455 226 0
456 231 0
451 232 0
446 230 0
444 225 0
441 221 0
437 217 0
433 213 0
430 208 0
428 204 0
426 200 0
422 195 0
417 192 0
412 190 0
407 188 0
402 186 0
397 182 0
392 181 0
387 179 0
382 178 0
377 177 0
372 175 0
367 173 0
362 171 0
357 167 0
352 163 0
347 158 0
344 154 0
339 150 0
334 146 0
329 146 0
324 142 0
319 139 0
314 136 0
309 133 0
308 138 0
307 143 0
306 148 0
305 153 0
304 158 0
301 163 0
299 168 0
296 173 0
294 178 0
294 183 0
294 188 0
294 193 0
294 198 0
296 203 0
296 208 0
298 213 0
299 218 0
300 223 0
302 228 0
304 233 0
306 238 0
308 243 0
310 248 0
312 253 0
314 258 0
316 263 0
317 268 0
318 273 0
319 278 0
320 283 0
321 288 0
321 293 0
321 298 0
319 303 0
318 308 0
316 313 0
315 318 0
314 323 0
314 328 0
315 333 0
315 338 0
316 343 0
315 348 0
317 352 0
319 357 0
320 362 0
322 367 0
324 372 0
325 377 0
325 382 0
324 387 0
322 392 0
322 397 0
321 402 0
320 407 0
319 412 0
319 417 0
318 422 0
318 427 0
318 432 0
318 437 0
319 442 0
320 447 0
322 452 0
324 457 0
326 462 0
328 467 0
331 472 0
334 477 0
336 482 0
333 487 0
329 490 0
324 493 0
319 494 0
314 495 0
309 496 0
210.846 113.228 0
258.458 187.5 0
220.5 292.5 0
209.857 375.571 0
227.031 262.206 0
241.94 233.388 0
257.983 43.8933 0
295.816 112.921 0
289.878 264.625 0
295.365 289.527 0
278.717 240.213 0
295.152 311.43 0
305.091 376.663 0
253.494 133.301 0
230.429 137.914 0
279.88 140.176 0
315.357 116.414 0
237.184 213.11 0
254.439 104.423 0
269.827 96.3409 0
333.633 132.417 0
300.655 343 0
271.832 207.634 0
216.269 311.346 0
247.469 33.8908 0
267.34 33.6064 0
285.061 299.388 0
326.017 122.678 0
316.691 126.347 0
343.394 138.95 0
245.097 46.9117 0
255.425 61.988 0
253.189 52.4437 0
270.847 46.1954 0
275.181 38.2052 0
257.408 33.9708 0
282.229 286.115 0
295.982 300.486 0
307.768 294.325 0
305.987 306.748 0
305.812 280.953 0
284.532 310.08 0
353.638 146.075 0
291.525 277.317 0
279.022 273.415 0
277.26 260.142 0
269.012 249.521 0
287.654 250.884 0
261.269 231.734 0
268.426 239.197 0
291.841 238.299 0
283.022 223.777 0
272.338 228.282 0
297.977 247.33 0
284.353 232.908 0
263.114 218.178 0
274.254 217.905 0
283.88 210.214 0
301.251 259.407 0
250.821 223.408 0
240.379 223.057 0
227.137 230.341 0
256.149 203.543 0
253.901 213.587 0
289.747 217.394 0
300.8 270.758 0
231.569 246.289 0
263.038 209.239 0
233.445 237.178 0
72.518 205.347 0
443 206 0
436.303 198.974 0
304.33 121.699 0
289.532 127.533 0
293.543 140.601 0
270.303 122.858 0
298.827 131.83 0
286.241 155.473 0
278.892 129.415 0
282.219 115.731 0
286.524 146.384 0
270.458 109.592 0
259.515 116.098 0
263.653 103.276 0
260.714 126.173 0
266.129 138.879 0
238.453 118.315 0
248.635 113.888 0
247.221 124.557 0
237.002 101.057 0
241.846 135.034 0
242.51 161.736 0
233.981 127.927 0
219.189 128.29 0
239.161 148.46 0
286.34 101.372 0
276.93 102.644 0
271.779 152.516 0
218.816 140.101 0
208.806 124.199 0
196.155 116.173 0
254.349 148.465 0
228.616 158.18 0
226.27 147.757 0
298.395 101.143 0
306.581 109.107 0
316.247 106.421 0
275.366 171.818 0
201.679 105.613 0
246.757 142.998 0
263.669 147.888 0
246.753 153.605 0
259.372 165.363 0
232.582 171.607 0
277.488 161.44 0
287.267 166.382 0
225.237 166.477 0
247.366 176.548 0
250.102 167.449 0
258.453 176.412 0
241.789 193.289 0
248.699 186.291 0
237.175 182.452 0
255.069 86.9332 0
301.972 359.951 0
305.868 351.121 0
267.063 57.9266 0
364.892 154.999 0
355.859 154.832 0
254.019 245.469 0
260.292 252.021 0
243.062 253.221 0
233.827 255.538 0
238.26 266.855 0
244.198 243.209 0
227.045 278.06 0
251.86 235.549 0
213.081 280.434 0
237.666 277.476 0
208.199 291.75 0
213.815 300.897 0
218.515 270.141 0
215.567 258.439 0
233.084 289.559 0
229.53 302.746 0
219.696 247.265 0
228.264 315.318 0
217.348 328.187 0
220.464 237.505 0
226.074 218.177 0
266.28 196.813 0
271.438 184.539 0
280.178 196.516 0
282.53 180.997 0
225.583 110.707 0
234.721 109.939 0
226.409 120.962 0
216.539 102.173 0
244.69 204.408 0
232.917 201.842 0
226.596 208.795 0
247.137 95.4034 0
266.767 84.863 0
258.903 74.5127 0
249.249 78.3348 0
248.547 68.7295 0
266.46 67.9302 0
245.889 59.1674 0
310.296 367.044 0
293.863 370.112 0
295.722 379.823 0
295.378 351.936 0
210.694 320.158 0
227.485 325.722 0
226.556 97.6779 0
297.997 327.199 0
303.997 317.975 0
305.125 334.124 0
292.705 336.213 0
288.057 321.162 0
188.045 127.532 0
197.661 125.822 0
187.6 118.639 0
378.159 161.547 0
374.056 153.146 0
368.868 163.657 0
389.557 166.74 0
398.57 171.789 0
406.588 177.373 0
214.5 343.434 0
221.581 336.867 0
209.275 334.569 0
211.485 359.402 0
219.296 352.608 0
202.924 366.707 0
199.326 376.664 0
208.3 350.532 0
219.666 368.393 0
219.821 378.895 0
177.822 134.841 0
167.619 141.304 0
157.484 148.748 0
145.806 157.053 0
133.59 163.773 0
142.564 165.623 0
122.319 169.636 0
112.757 175.027 0
199.211 476.549 0
208.17 481.113 0
203.2 463.32 0
195.288 468.151 0
207.063 471.701 0
206 451.406 0
206 441.173 0
206 430.979 0
206.692 392.073 0
216.32 388.536 0
205.5 405.878 0
212.538 399.532 0
199.538 398.409 0
206 417.04 0
306.285 392.336 0
297.87 388.725 0
313.409 383.912 0
315.219 374.857 0
306.936 405.473 0
308.003 416.433 0
314.214 477.405 0
324.178 480.684 0
311.753 463.676 0
307.14 471.588 0
319.034 469.456 0
308.444 451.662 0
308.443 441.216 0
