661
205 495 0
206 490 0
209 485 0
209 480 0
209 475 0
209 470 0
211 465 0
210 460 0
210 455 0
210 450 0
210 445 0
210 440 0
209 435 0
209 430 0
209 425 0
210 420 0
210 415 0
210 410 0
209 405 0
209 400 0
209 395 0
208 390 0
209 385 0
209 380 0
209 375 0
209 370 0
210 365 0
211 362 0
211 357 0
211 352 0
211 347 0
210 342 0
211 337 0
211 332 0
211 327 0
206 325 0
201 326 0
196 327 0
193 325 0
193 320 0
194 315 0
194 310 0
195 305 0
196 300 0
196 295 0
197 290 0
198 285 0
200 280 0
200 275 0
202 270 0
202 265 0
203 260 0
202 255 0
203 250 0
206 246 0
208 241 0
209 236 0
211 231 0
215 227 0
217 222 0
219 217 0
219 212 0
220 207 0
220 202 0
220 197 0
219 192 0
219 187 0
219 182 0
218 177 0
217 172 0
214 167 0
213 162 0
211 157 0
210 152 0
209 147 0
207 142 0
207 137 0
206 132 0
205 127 0
200 127 0
195 126 0
190 126 0
185 125 0
180 126 0
175 126 0
170 126 0
165 125 0
160 123 0
155 122 0
150 122 0
145 123 0
140 124 0
135 125 0
130 125 0
125 124 0
120 124 0
115 123 0
110 122 0
105 121 0
100 121 0
95 121 0
90 121 0
85 121 0
80 120 0
75 119 0
70 120 0
65 120 0
60 122 0
55 124 0
50 126 0
45 126 0
46 121 0
41 121 0
36 122 0
31 124 0
26 127 0
24 123 0
21 120 0
16 121 0
12 119 0
14 115 0
19 114 0
24 113 0
29 112 0
34 111 0
39 111 0
44 110 0
49 110 0
54 110 0
59 109 0
64 108 0
69 108 0
74 107 0
79 107 0
84 106 0
89 106 0
94 105 0
99 105 0
104 104 0
109 103 0
114 102 0
119 101 0
124 100 0
129 100 0
134 101 0
139 101 0
144 102 0
149 101 0
154 100 0
159 100 0
162 99 0
166 96 0
171 95 0
176 94 0
181 95 0
186 93 0
191 91 0
195 89 0
196 84 0
201 84 0
206 87 0
211 88 0
216 89 0
221 90 0
226 90 0
231 88 0
232 83 0
231 78 0
233 75 0
232 70 0
231 65 0
231 60 0
230 55 0
230 50 0
230 45 0
231 40 0
232 35 0
234 30 0
236 25 0
239 20 0
244 17 0
249 16 0
254 16 0
259 17 0
264 20 0
267 25 0
268 30 0
270 35 0
272 40 0
272 45 0
272 50 0
272 55 0
271 60 0
271 65 0
270 70 0
270 74 0
271 78 0
270 83 0
271 87 0
276 89 0
281 90 0
286 89 0
291 88 0
296 87 0
301 87 0
306 86 0
311 84 0
316 84 0
315 89 0
317 93 0
322 94 0
327 96 0
332 96 0
337 97 0
342 98 0
346 99 0
351 100 0
356 100 0
361 101 0
366 100 0
371 101 0
376 100 0
381 100 0
386 101 0
391 101 0
396 102 0
401 103 0
406 104 0
411 104 0
416 105 0
421 106 0
426 106 0
431 106 0
436 106 0
441 107 0
446 108 0
451 109 0
456 109 0
461 109 0
466 110 0
471 110 0
476 111 0
481 113 0
486 113 0
491 115 0
489 119 0
484 119 0
479 119 0
479 123 0
475 126 0
470 122 0
465 121 0
460 119 0
458 122 0
455 125 0
450 125 0
445 122 0
440 120 0
435 118 0
430 118 0
425 118 0
420 119 0
415 119 0
410 119 0
405 119 0
400 119 0
395 121 0
390 122 0
385 122 0
380 123 0
375 125 0
370 125 0
366 123 0
361 123 0
356 122 0
351 121 0
346 122 0
341 123 0
336 125 0
331 125 0
326 125 0
321 125 0
316 125 0
311 125 0
306 125 0
301 126 0
297 129 0
296 134 0
296 139 0
295 144 0
293 149 0
292 154 0
291 159 0
289 164 0
287 169 0
286 174 0
284 179 0
284 184 0
284 189 0
283 194 0
282 199 0
282 204 0
284 209 0
284 214 0
285 219 0
287 224 0
289 229 0
293 233 0
294 238 0
297 243 0
298 248 0
299 253 0
299 258 0
299 263 0
300 268 0
301 273 0
302 278 0
303 283 0
305 288 0
306 293 0
306 298 0
307 303 0
307 308 0
309 313 0
309 318 0
309 323 0
308 327 0
303 326 0
298 327 0
293 326 0
291 331 0
291 336 0
292 341 0
292 346 0
292 351 0
292 356 0
292 361 0
293 366 0
294 371 0
294 376 0
294 381 0
293 386 0
294 391 0
294 396 0
294 401 0
293 406 0
293 411 0
293 416 0
293 421 0
293 426 0
292 431 0
292 436 0
292 441 0
292 446 0
292 451 0
292 456 0
292 461 0
293 466 0
293 471 0
293 476 0
294 481 0
294 486 0
297 491 0
297 495 0
292 495 0
287 495 0
282 495 0
277 495 0
273 493 0
274 488 0
275 483 0
276 478 0
276 473 0
275 468 0
274 463 0
272 458 0
272 453 0
270 448 0
270 443 0
269 438 0
268 433 0
268 428 0
268 423 0
268 418 0
267 413 0
266 408 0
266 403 0
265 398 0
265 393 0
265 388 0
265 383 0
264 378 0
262 373 0
262 368 0
262 363 0
262 358 0
263 353 0
263 348 0
263 343 0
263 338 0
261 333 0
260 328 0
259 323 0
254 323 0
249 323 0
244 322 0
243 327 0
242 332 0
240 337 0
239 342 0
239 347 0
239 352 0
239 357 0
240 362 0
240 367 0
239 372 0
239 377 0
238 382 0
237 387 0
237 392 0
237 397 0
236 402 0
235 407 0
235 412 0
235 417 0
234 422 0
233 427 0
233 432 0
231 437 0
231 442 0
231 447 0
230 452 0
229 457 0
228 462 0
228 467 0
226 472 0
225 477 0
226 482 0
228 487 0
228 492 0
225 495 0
220 494 0
215 495 0
210 495 0
206 495 0
251 47.5 0
209.649 107.754 0
251.163 141.167 0
251.551 238.72 0
250.952 204.5 0
286.324 110.598 0
267 287.6 0
271.66 147.332 0
245.243 168.951 0
232.029 151.488 0
231.057 124.389 0
233.688 231.575 0
268.146 228.641 0
265.944 168.877 0
251 81.3125 0
372.942 113.01 0
172.527 110.561 0
225.982 297.948 0
222.625 390 0
224.554 342 0
333.373 110.866 0
277.697 370.061 0
202.379 98.3344 0
272.327 255.617 0
222.491 139.102 0
220.017 278.803 0
195.349 111.276 0
284.326 485.601 0
250.276 31.7325 0
361.948 112 0
383.519 111.406 0
220.977 150.133 0
236.995 137.799 0
224.821 257.354 0
213.558 254.748 0
216.702 266.799 0
204.253 116.635 0
218.101 118.969 0
242.409 39.9939 0
259.168 39.2248 0
351.541 110.5 0
342.509 113.233 0
393.287 111.384 0
242.19 147.429 0
255.23 156.557 0
240.765 158.609 0
230.962 168.994 0
229.272 133.199 0
224.697 105.206 0
260.614 146.901 0
255.587 167.065 0
257.555 186.313 0
252.082 177.148 0
223.855 160.683 0
215.983 99.4463 0
227.39 114.959 0
247.701 104.104 0
236.323 107.245 0
239.354 96.048 0
250.481 92.8722 0
260.025 87.5089 0
230.407 98.0366 0
241.846 86.0473 0
303.424 104.87 0
307.482 95.8134 0
160.957 111.437 0
150.406 111.457 0
138.931 112.525 0
126.776 111.963 0
279.045 384.082 0
284.594 376.473 0
272.915 377.596 0
183.861 113.377 0
180.035 104.562 0
190.097 102.434 0
216.715 129.817 0
266.572 157.513 0
278.797 157.261 0
276.479 167.616 0
292.3 100.052 0
297.263 114.867 0
116.146 112.422 0
267.4 124.338 0
266.556 136.386 0
280.966 131.342 0
278.426 119.622 0
266.054 105.942 0
259.564 97.8621 0
269.889 114.909 0
255.551 116.168 0
288.99 121.782 0
256.696 106.837 0
255.423 129.03 0
244.045 122.485 0
245.73 132.54 0
282.728 143.071 0
248.011 221.667 0
233.94 216.632 0
239.171 224.194 0
226.95 223.988 0
243.512 212.061 0
233.399 203.192 0
241.806 189.5 0
238.13 178.323 0
230.539 187.013 0
227.626 177.93 0
261.544 215.149 0
258.057 225.217 0
266.16 199.966 0
272.944 217.933 0
259.774 206.318 0
256.796 196.33 0
242.51 199.359 0
270.792 187.508 0
272.28 177.174 0
272.599 207.799 0
248.198 64.4062 0
243.503 73.8696 0
241.713 54.6462 0
258.682 57.4584 0
258.68 68.8383 0
261.325 78.0315 0
262.375 48.4334 0
224.066 375.003 0
228.667 383.013 0
218.022 381.99 0
225.227 360.77 0
218.872 367.416 0
230.5 368.363 0
221.112 351.521 0
222.207 403.308 0
222.512 415.846 0
220.919 427.851 0
220.493 438.449 0
220.225 448.748 0
219.312 458.19 0
227 326.166 0
230.773 334.855 0
220.527 333.272 0
218.258 312.354 0
206.03 312.764 0
233.375 311.185 0
225.442 306.932 0
247.022 294.88 0
234.639 320.57 0
237.088 300.429 0
234.808 284.678 0
248.249 308.745 0
225.028 287.744 0
211.44 294.161 0
211.87 304.374 0
231.987 270.222 0
251.751 276.806 0
260.451 300.679 0
243.359 255.458 0
245.132 284.73 0
241.409 274.894 0
255.827 287.99 0
248.441 265.784 0
257.847 254.741 0
283.502 304.042 0
259.032 311.794 0
271.198 307.7 0
274.567 296.508 0
281.002 318.157 0
283.967 280.856 0
285.602 292.486 0
276.623 287.094 0
293.08 285.505 0
294.496 300.071 0
292.948 312.989 0
234.498 260.394 0
264.287 268.395 0
273.369 275.822 0
284.504 266.052 0
250.275 248.469 0
238.351 243.587 0
223.439 242.465 0
222.81 232.773 0
265.836 242.811 0
279.844 239.975 0
269.648 318.977 0
276.293 331.973 0
261.987 278.514 0
290.994 273.699 0
274.294 265.645 0
230.421 249.326 0
215.311 246.042 0
260.436 234.682 0
218.746 321.718 0
210.249 283.422 0
210.566 273.981 0
285.417 252.663 0
278.416 229.746 0
277.401 355.455 0
271.49 362.88 0
283.022 362.647 0
274.889 343.806 0
318.207 108.825 0
326.436 105.041 0
325.029 115.503 0
308.813 114.333 0
279.752 398.526 0
284.906 391.035 0
273.946 391.571 0
279.967 411.57 0
280.542 424.151 0
280.392 435.761 0
281.032 446.735 0
281.974 456.743 0
277.664 101.849 0
269.314 96.6762 0
247.111 48.8889 0
228.163 288 0
285.333 91.0847 0
139.556 110.893 0
