642
219 499 0
214 497 0
209 494 0
206 490 0
207 485 0
211 480 0
216 475 0
217 470 0
215 465 0
217 460 0
218 455 0
218 450 0
220 445 0
222 440 0
221 435 0
220 430 0
219 425 0
219 420 0
218 415 0
217 410 0
217 405 0
216 400 0
215 395 0
215 390 0
216 385 0
216 380 0
216 375 0
217 370 0
218 365 0
218 360 0
217 355 0
216 350 0
215 345 0
214 340 0
213 335 0
213 330 0
213 325 0
212 320 0
211 315 0
211 310 0
211 305 0
210 300 0
210 295 0
209 290 0
209 285 0
208 280 0
209 275 0
209 270 0
209 265 0
210 260 0
210 255 0
211 250 0
211 245 0
208 242 0
208 237 0
210 232 0
210 227 0
210 222 0
211 217 0
212 212 0
212 207 0
213 202 0
213 197 0
213 192 0
212 187 0
211 182 0
210 177 0
209 172 0
208 167 0
207 162 0
206 157 0
206 152 0
201 149 0
196 148 0
191 148 0
186 148 0
181 148 0
176 149 0
171 150 0
166 150 0
161 150 0
156 149 0
151 148 0
146 148 0
142 151 0
137 150 0
132 149 0
127 148 0
122 148 0
117 147 0
112 145 0
107 144 0
102 143 0
97 140 0
92 140 0
87 139 0
82 139 0
77 140 0
72 139 0
67 140 0
62 142 0
57 143 0
58 138 0
53 138 0
48 139 0
43 138 0
38 139 0
33 139 0
29 137 0
34 134 0
39 132 0
44 130 0
49 129 0
54 128 0
59 128 0
64 127 0
69 126 0
74 126 0
79 125 0
84 123 0
89 123 0
94 120 0
99 121 0
104 122 0
109 122 0
114 123 0
119 123 0
124 122 0
129 122 0
134 121 0
139 120 0
144 120 0
149 122 0
154 121 0
159 121 0
164 122 0
169 120 0
174 119 0
179 118 0
184 117 0
189 116 0
194 114 0
199 113 0
204 111 0
209 112 0
214 112 0
219 112 0
224 111 0
229 111 0
234 110 0
238 108 0
242 103 0
242 98 0
241 93 0
239 88 0
238 83 0
236 78 0
236 73 0
236 68 0
236 63 0
237 58 0
239 53 0
243 48 0
247 44 0
252 41 0
257 40 0
262 41 0
267 43 0
271 47 0
275 50 0
277 55 0
279 60 0
280 65 0
279 70 0
279 75 0
279 80 0
278 85 0
276 90 0
274 95 0
273 100 0
275 105 0
279 110 0
284 110 0
289 110 0
294 111 0
299 111 0
304 111 0
309 111 0
314 112 0
319 114 0
324 116 0
329 117 0
334 119 0
339 120 0
344 119 0
349 120 0
354 120 0
359 120 0
364 120 0
369 120 0
374 120 0
379 121 0
384 120 0
389 120 0
394 121 0
399 121 0
404 122 0
409 123 0
414 123 0
419 121 0
424 122 0
429 122 0
434 121 0
439 123 0
444 124 0
449 125 0
454 126 0
459 127 0
464 127 0
469 129 0
474 130 0
479 131 0
484 134 0
488 137 0
483 138 0
478 138 0
473 139 0
468 138 0
463 137 0
459 138 0
458 142 0
453 141 0
448 139 0
443 140 0
438 140 0
433 140 0
428 140 0
423 139 0
418 140 0
413 142 0
408 144 0
403 146 0
398 147 0
393 147 0
388 149 0
383 150 0
378 150 0
373 150 0
368 150 0
363 149 0
358 148 0
353 148 0
348 148 0
343 148 0
338 148 0
333 148 0
328 148 0
323 148 0
318 149 0
313 150 0
311 155 0
310 160 0
310 165 0
309 170 0
308 175 0
308 180 0
307 185 0
306 190 0
306 195 0
306 200 0
305 205 0
305 210 0
306 215 0
307 220 0
308 225 0
308 230 0
309 235 0
311 240 0
307 242 0
302 242 0
300 247 0
302 252 0
302 257 0
302 262 0
302 267 0
303 272 0
303 277 0
304 282 0
304 287 0
304 292 0
303 297 0
303 302 0
303 307 0
303 312 0
302 317 0
302 322 0
302 327 0
302 332 0
302 337 0
302 342 0
301 347 0
299 352 0
297 357 0
296 362 0
296 367 0
298 372 0
299 377 0
299 382 0
299 387 0
300 392 0
302 397 0
301 402 0
300 407 0
299 412 0
299 417 0
298 422 0
296 427 0
295 432 0
293 437 0
293 442 0
295 447 0
297 452 0
300 457 0
300 462 0
297 467 0
297 472 0
301 477 0
305 482 0
307 487 0
307 492 0
303 496 0
298 498 0
293 498 0
288 497 0
283 494 0
280 489 0
280 484 0
278 479 0
277 474 0
273 470 0
271 465 0
270 460 0
271 455 0
270 450 0
270 445 0
270 440 0
270 435 0
270 430 0
270 425 0
270 420 0
270 415 0
270 410 0
269 405 0
268 400 0
268 395 0
268 390 0
268 385 0
268 380 0
267 375 0
267 370 0
266 365 0
265 360 0
265 355 0
264 350 0
264 345 0
263 340 0
263 335 0
262 330 0
261 325 0
260 320 0
260 315 0
260 310 0
260 305 0
260 300 0
259 295 0
256 292 0
255 297 0
257 302 0
256 307 0
255 312 0
255 317 0
254 322 0
253 327 0
252 332 0
252 337 0
251 342 0
250 347 0
250 352 0
250 357 0
250 362 0
249 367 0
247 372 0
247 377 0
246 382 0
247 387 0
247 392 0
247 397 0
247 402 0
247 407 0
247 412 0
246 417 0
246 422 0
246 427 0
246 432 0
246 437 0
245 442 0
245 447 0
246 452 0
247 457 0
244 461 0
245 466 0
242 470 0
238 475 0
235 480 0
234 485 0
232 490 0
229 495 0
226 498 0
221 499 0
220 499 0
257.663 65.5 0
256.505 154.699 0
247.188 131.375 0
232.649 287.5 0
256.667 229.5 0
232.932 312.5 0
281.43 302.5 0
281.5 323.5 0
270.848 264.5 0
231.939 159.612 0
281.5 139.268 0
281.375 167.075 0
279.313 235.825 0
237.312 247.5 0
234.945 219.189 0
214.107 132.821 0
262.192 119.346 0
138.433 135.197 0
232.012 453.614 0
344 133.571 0
284.462 460 0
284.646 398.585 0
265.692 57.2309 0
221.485 280 0
242.918 303.258 0
285.084 255.183 0
275.577 197.008 0
205.148 123.982 0
293.072 230.036 0
224.998 237.385 0
268.318 67.8135 0
259.369 83.3352 0
254.008 53.9185 0
221.557 291.952 0
237.766 267.825 0
201.847 136.287 0
247.068 62.476 0
231.116 299.724 0
231.759 276.766 0
223.629 264.815 0
246.514 280.19 0
210.218 142.48 0
226.948 143.605 0
193.399 127.426 0
222.4 307.48 0
220.316 487.121 0
225.225 478.544 0
292.16 485.479 0
286.719 470.192 0
289.715 241.304 0
279.175 216.25 0
224.345 250.734 0
232.985 257.764 0
238.813 233.12 0
248.88 75.464 0
249.24 85.9089 0
257.831 98.5005 0
217.851 271.743 0
254.235 265.45 0
245.307 256.915 0
251.606 243.464 0
244.325 291.663 0
283.28 226.009 0
269.778 226.261 0
292.62 216.336 0
285.97 205.022 0
289.817 189.287 0
295.487 207.039 0
229.712 228.145 0
222.963 218.195 0
246.171 223.574 0
249.715 197.939 0
244.874 210.332 0
231.346 197.906 0
262.568 210.102 0
234.207 208.368 0
223.453 205.687 0
255.867 218.66 0
253.674 206.628 0
264.789 91.5456 0
260.913 278.34 0
246.607 270.847 0
248.365 234.391 0
265.748 240.69 0
296.182 197.036 0
269.581 216.66 0
262.783 269.197 0
275.812 247.408 0
264.537 253.4 0
254.534 253.036 0
125.347 135.018 0
151.561 134.88 0
233.404 442.101 0
329.07 133.101 0
336.685 128.559 0
336.361 138.857 0
282.154 447.88 0
281.469 436.352 0
285.922 271.999 0
268.617 78.3264 0
219.326 154.763 0
221.55 167.806 0
238.7 178.868 0
232.02 170.399 0
245.771 164.901 0
225.251 182.607 0
263.177 172.467 0
233.991 187.989 0
223.006 192.365 0
218.902 176.332 0
256.077 164.997 0
251.216 176.727 0
262.023 188.15 0
246.542 187.055 0
275.684 181.272 0
266.792 180.618 0
272.914 171.922 0
270.46 157.832 0
287.101 177.609 0
295.429 166.26 0
296.991 181.463 0
280.543 189.173 0
271.068 189.109 0
266.482 142.901 0
283.769 153.182 0
253.77 142.268 0
243.02 151.149 0
259.505 131.367 0
273.097 128.094 0
274.736 148.697 0
297.536 143.795 0
233.607 150.31 0
238.096 139.192 0
233.81 125.012 0
272.359 117.844 0
288.293 125.414 0
299.349 155.296 0
288.461 145.275 0
244.994 118.744 0
253.43 123.698 0
281.586 118.977 0
179.441 133.037 0
189.292 137.374 0
264.017 108.085 0
273.726 288.251 0
114.265 134.115 0
104.037 132.375 0
165.566 135.96 0
158.987 129.927 0
171.314 128.847 0
173.694 140.151 0
233.059 429.01 0
283.222 423.111 0
280.58 263.837 0
291.651 263.285 0
264.559 199.07 0
311.176 132.175 0
225.362 132.456 0
219.425 123.085 0
252.158 109.225 0
270.985 298.94 0
264.321 287.171 0
272.712 276.324 0
288.929 289.238 0
292.159 299.815 0
289.671 312.65 0
281.018 293.515 0
281.791 281.601 0
291.747 322.716 0
232.113 415.013 0
282.361 410.757 0
290.567 405.997 0
289.715 416.451 0
319.844 138.028 0
307.407 141.567 0
298.908 131.59 0
297.797 121.29 0
308.543 121.746 0
320.448 126.355 0
292.952 279.655 0
273.21 313.027 0
271.17 323.16 0
229.054 465.973 0
358.011 133.983 0
283.457 383.052 0
289.87 390.373 0
277.871 391.292 0
231.589 399.422 0
226.28 407.404 0
237.416 407.03 0
372.995 134.983 0
365.864 129.072 0
365.138 139.953 0
281.511 368.605 0
276.7 376.607 0
288.792 374.979 0
231.083 384.332 0
224.779 392.097 0
237.351 391.675 0
387.155 134.07 0
380.482 140.83 0
281.243 352.108 0
286.463 360.274 0
275.26 360.456 0
232.275 369.432 0
225.566 376.393 0
237.514 377.349 0
399.74 133.843 0
409.512 132.813 0
277.62 337.77 0
273.493 346.44 0
289.285 342.449 0
287.318 332.183 0
233.445 352.895 0
239.423 361.628 0
227.725 360.8 0
232.446 332.048 0
225.057 322.084 0
240.993 322.48 0
244.951 313.169 0
238.956 342.183 0
226.87 342.762 0
