787
168 510 0
163 508 0
162 503 0
163 498 0
166 493 0
168 489 0
170 486 0
173 484 0
174 480 0
177 475 0
176 470 0
175 465 0
174 460 0
174 455 0
175 450 0
178 445 0
177 440 0
178 435 0
178 430 0
179 425 0
179 420 0
180 415 0
181 410 0
181 405 0
182 400 0
182 395 0
182 390 0
182 385 0
182 380 0
181 375 0
181 370 0
182 365 0
183 360 0
186 356 0
187 351 0
186 346 0
189 341 0
190 336 0
189 331 0
189 326 0
190 321 0
190 316 0
191 311 0
192 306 0
192 301 0
193 296 0
193 291 0
194 286 0
194 281 0
195 276 0
195 271 0
196 266 0
197 261 0
198 256 0
198 251 0
197 246 0
198 242 0
199 237 0
200 232 0
201 228 0
203 224 0
205 219 0
204 214 0
202 210 0
202 205 0
202 200 0
202 195 0
204 190 0
206 185 0
205 180 0
208 176 0
210 171 0
212 166 0
211 161 0
211 156 0
210 151 0
208 146 0
207 141 0
207 136 0
206 131 0
206 126 0
205 121 0
200 119 0
195 120 0
190 120 0
185 121 0
180 121 0
175 121 0
170 121 0
165 121 0
160 120 0
155 121 0
150 122 0
145 123 0
140 123 0
135 124 0
130 124 0
125 125 0
120 125 0
115 125 0
110 126 0
105 126 0
100 126 0
95 126 0
90 126 0
85 127 0
80 127 0
75 127 0
70 127 0
65 127 0
60 125 0
55 128 0
50 129 0
45 131 0
40 131 0
35 132 0
31 134 0
26 133 0
21 130 0
20 125 0
19 120 0
22 116 0
27 114 0
32 111 0
37 110 0
42 109 0
47 109 0
52 109 0
57 108 0
62 106 0
67 104 0
72 103 0
77 102 0
82 103 0
87 101 0
92 101 0
97 101 0
102 102 0
107 102 0
112 102 0
117 101 0
122 101 0
127 101 0
132 101 0
137 100 0
142 99 0
147 99 0
152 99 0
157 99 0
162 98 0
167 97 0
172 97 0
177 97 0
182 96 0
187 96 0
192 95 0
197 94 0
202 92 0
207 91 0
212 89 0
217 88 0
222 87 0
227 87 0
231 83 0
234 78 0
239 77 0
242 72 0
239 69 0
237 72 0
232 67 0
229 63 0
224 62 0
226 67 0
223 67 0
221 68 0
219 68 0
219 63 0
217 58 0
214 53 0
211 48 0
210 43 0
210 38 0
211 33 0
213 28 0
215 23 0
217 18 0
220 13 0
224 8 0
229 5 0
234 4 0
239 2 0
244 2 0
249 2 0
254 2 0
259 2 0
264 2 0
269 2 0
274 3 0
279 4 0
284 7 0
289 11 0
292 15 0
296 20 0
296 25 0
296 30 0
297 35 0
298 40 0
302 43 0
307 45 0
312 49 0
314 54 0
310 55 0
305 52 0
300 49 0
296 52 0
294 57 0
291 62 0
289 67 0
287 72 0
285 72 0
285 67 0
284 62 0
279 62 0
275 67 0
271 71 0
267 72 0
268 77 0
273 77 0
277 81 0
280 85 0
285 87 0
290 88 0
295 90 0
300 90 0
305 91 0
310 93 0
315 94 0
320 95 0
325 95 0
330 95 0
335 95 0
340 95 0
345 95 0
350 97 0
355 97 0
360 97 0
365 97 0
370 97 0
375 97 0
380 97 0
385 97 0
390 97 0
395 97 0
400 97 0
405 97 0
409 95 0
414 96 0
419 96 0
424 96 0
429 97 0
434 96 0
439 99 0
444 100 0
448 102 0
453 102 0
458 101 0
463 101 0
468 101 0
473 103 0
478 105 0
483 107 0
486 110 0
486 115 0
485 120 0
481 124 0
476 126 0
472 124 0
467 124 0
462 123 0
457 121 0
452 121 0
447 118 0
443 120 0
438 120 0
433 121 0
428 121 0
423 121 0
418 121 0
413 121 0
408 121 0
403 121 0
398 121 0
393 121 0
388 121 0
383 121 0
378 121 0
373 121 0
368 119 0
363 119 0
358 118 0
353 117 0
348 117 0
343 118 0
338 117 0
333 117 0
328 118 0
323 118 0
318 119 0
313 119 0
308 119 0
306 124 0
303 129 0
303 134 0
302 139 0
300 144 0
298 149 0
298 154 0
298 159 0
299 164 0
300 169 0
301 174 0
304 179 0
304 184 0
305 189 0
307 194 0
307 199 0
308 204 0
308 209 0
308 214 0
303 216 0
305 221 0
307 226 0
309 231 0
310 236 0
312 241 0
312 246 0
311 251 0
311 256 0
312 261 0
313 266 0
314 271 0
314 276 0
314 281 0
315 286 0
316 291 0
316 296 0
317 301 0
317 306 0
318 311 0
319 316 0
319 321 0
319 326 0
319 331 0
319 336 0
320 341 0
322 345 0
322 350 0
323 355 0
325 360 0
327 365 0
328 370 0
327 375 0
327 380 0
327 385 0
327 390 0
327 395 0
327 400 0
327 405 0
328 410 0
328 415 0
329 420 0
330 425 0
330 430 0
331 435 0
333 440 0
333 445 0
334 450 0
335 455 0
333 460 0
334 465 0
334 470 0
333 475 0
336 480 0
340 485 0
345 488 0
350 491 0
355 493 0
359 497 0
358 502 0
354 505 0
349 507 0
344 508 0
339 508 0
334 508 0
329 507 0
324 505 0
319 504 0
314 501 0
309 498 0
304 497 0
300 494 0
299 489 0
299 484 0
300 479 0
302 474 0
301 470 0
300 466 0
300 461 0
298 456 0
297 451 0
298 446 0
297 441 0
297 436 0
296 431 0
296 426 0
296 421 0
295 416 0
294 411 0
292 406 0
291 401 0
290 396 0
288 391 0
286 386 0
285 381 0
285 376 0
284 371 0
285 366 0
285 361 0
285 356 0
282 351 0
280 346 0
278 341 0
279 336 0
280 331 0
279 326 0
277 321 0
277 316 0
274 313 0
274 308 0
273 303 0
271 298 0
269 293 0
268 288 0
267 283 0
265 279 0
263 274 0
263 269 0
262 264 0
261 259 0
260 254 0
259 250 0
257 245 0
253 242 0
250 246 0
250 251 0
248 255 0
247 260 0
246 265 0
244 270 0
243 275 0
242 280 0
241 285 0
240 290 0
239 295 0
237 300 0
235 305 0
234 310 0
232 315 0
231 319 0
230 324 0
229 329 0
229 334 0
230 339 0
230 344 0
227 349 0
224 354 0
223 359 0
222 364 0
221 369 0
221 374 0
221 379 0
221 383 0
220 388 0
219 393 0
217 398 0
216 403 0
215 408 0
214 413 0
213 418 0
212 423 0
212 428 0
214 433 0
212 437 0
211 442 0
211 447 0
212 452 0
209 457 0
209 462 0
208 467 0
207 472 0
209 476 0
209 481 0
208 486 0
208 491 0
205 496 0
203 500 0
200 504 0
196 508 0
191 510 0
186 510 0
181 510 0
176 510 0
171 510 0
169 510 0
288.284 269.858 0
251.5 36.5984 0
255.051 186.12 0
254.422 110.422 0
208.98 329.604 0
200.978 373.604 0
218.883 273.5 0
213.429 303.5 0
224.841 239.568 0
273.035 219.453 0
294.784 301.243 0
299.523 341.091 0
306.182 380.827 0
230.827 39.5653 0
274.29 36.942 0
231.238 182.395 0
262.645 151.5 0
277.007 176.199 0
241.632 97.6321 0
236.35 148.33 0
277.944 131.5 0
229.325 118.735 0
283.098 109.508 0
262.169 52.635 0
195.206 432.5 0
192.641 479.913 0
410.821 108.393 0
236.176 247.65 0
211.938 246.5 0
225.048 204.6 0
218.554 183.068 0
213.565 207.152 0
205.739 349.548 0
191.489 456.196 0
431.828 108.862 0
315.657 451 0
242.488 20.4398 0
216.733 340.47 0
193.554 364.746 0
293.578 317.884 0
288.886 340.061 0
297.281 371 0
314.376 370 0
273.008 19.9807 0
289.712 182.836 0
295.245 329.822 0
284.191 23.9236 0
29.8224 123.523 0
475.986 114.811 0
242.253 52.2445 0
285.423 44.0705 0
224.279 171.077 0
225.427 192.741 0
222.906 222.072 0
219.03 330.632 0
215.321 317.254 0
205.766 362.053 0
295.596 381.471 0
305.946 322.243 0
274.174 49.3803 0
283.993 34.0468 0
243.81 166.866 0
241.472 194.949 0
213.543 355.784 0
210.908 370.952 0
303.231 310.22 0
234.787 172.414 0
231.018 160.077 0
245.076 179.035 0
305.613 299.515 0
221.055 161.538 0
286.895 245.074 0
264.606 95.0904 0
187.684 494.595 0
398.792 108.983 0
239.802 230.575 0
213.171 233.32 0
421.283 110.472 0
196.72 354.801 0
316.582 380.184 0
287.93 170.769 0
275.918 160.307 0
273.851 197.718 0
214.576 216.903 0
202.569 318.509 0
222.728 309.227 0
307.906 333.429 0
239.472 186.131 0
223.045 148.382 0
229.642 134.291 0
196.812 489.5 0
183.451 484.988 0
242.276 240.023 0
261.033 169.31 0
254.43 176.43 0
265.762 180.569 0
274.674 186.848 0
264.668 191.567 0
260.253 208.09 0
275.962 145.835 0
286.965 159.75 0
218.512 137.67 0
245.717 126.182 0
270.794 168.641 0
287.616 140.142 0
290.199 127.517 0
285.153 149.875 0
281.197 120.662 0
265.404 121.829 0
235.737 126.385 0
241.272 137.356 0
256.826 137.072 0
267.967 108.371 0
254.888 120.963 0
249.688 148.338 0
253.785 159.676 0
243.014 156.417 0
266.98 132.751 0
272.934 116.29 0
266.707 142.564 0
226.564 102.985 0
232.263 95.1418 0
237.266 109.226 0
246.114 105.939 0
253.165 96.7723 0
246.602 86.5142 0
216.51 112.864 0
254.5 76.0235 0
252.032 62.2627 0
257.613 86.5856 0
218.621 125.177 0
214.602 100.866 0
205.481 108.468 0
262.272 62.8943 0
192.909 107.571 0
270.401 58.0556 0
211.601 260.98 0
206.962 272.056 0
211.129 287.586 0
223.728 254.019 0
203.736 281.246 0
234.611 259.941 0
224.982 264.674 0
230.861 275.257 0
190.325 443.874 0
200.534 441.521 0
195.377 467.893 0
186.475 472.188 0
184.396 462.754 0
441.699 109.637 0
240.325 32.2387 0
242.922 42.0842 0
252.302 47.8035 0
228.152 26.2778 0
221.493 34.5311 0
221.677 45.36 0
232.236 15.7848 0
286.193 308.985 0
305.012 356.541 0
295.44 360.72 0
293.924 350.165 0
263.008 29.2659 0
263.293 40.9757 0
252.489 25.4541 0
252.147 13.6563 0
262.13 18.2932 0
465.017 112.114 0
214.176 195.568 0
277.374 97.7817 0
288.675 99.5257 0
296.913 110.677 0
299.109 100.436 0
386.697 108.975 0
229.399 230.209 0
237.081 214.943 0
227.617 213.783 0
235.858 204.195 0
248.182 205.351 0
255.226 197.025 0
251.328 220.515 0
242.514 222.05 0
262.126 218.854 0
266.802 233.346 0
250.653 231.375 0
281.336 231.522 0
259.288 227.77 0
275.261 241.93 0
277.158 258.007 0
288.051 218.015 0
295.215 233.745 0
279.593 208.816 0
269.859 210.154 0
288.333 197.26 0
296.273 206.155 0
299.446 245.572 0
292.7 257.179 0
301.726 254.661 0
289.178 226.998 0
283.44 189.514 0
295.444 190.662 0
300.518 267.136 0
297.708 283.356 0
203.024 307.405 0
204.157 296.302 0
180.674 108.728 0
224.04 293.843 0
223.588 283.133 0
200.474 451.608 0
230.944 51.8526 0
305.573 366.138 0
309.784 346.146 0
314.37 360.017 0
296.915 120.436 0
310.707 106.237 0
322.334 106.391 0
333.387 105.944 0
374.681 109.012 0
363.68 107.971 0
269.812 250.723 0
265.816 242.466 0
275.602 270.616 0
304.255 276.137 0
305.616 289.5 0
284.16 290.324 0
282.488 279.338 0
293.512 291.853 0
282.331 299.965 0
168.583 108.99 0
157.979 109.574 0
146.219 110.797 0
344.423 106.542 0
134.666 112.348 0
122.56 113.117 0
110.631 113.874 0
98.2859 113.774 0
86.1284 114.455 0
74.0326 114.933 0
64.0417 115.82 0
201.449 338.615 0
176.514 498.257 0
317.239 482.576 0
308.913 488.041 0
316.478 466.787 0
311.504 474.94 0
309.882 459.215 0
322.748 458.546 0
323.003 474.385 0
200.029 391.687 0
208.748 383.078 0
209.401 392.46 0
193.331 382.269 0
190.212 373.467 0
308.95 398.71 0
316.311 390.907 0
300.295 391.623 0
311.486 415.028 0
316.572 405.882 0
303.934 407.846 0
196.547 415.978 0
201.893 424.728 0
189.433 423.716 0
194.444 403.282 0
205.213 402.418 0
204.798 411.702 0
313.734 434.289 0
308.278 443.383 0
307.132 425.298 0
318.407 423.982 0
321.985 441.806 0
327.785 491.628 0
318.113 492.226 0
337.855 496.757 0
301.333 105.809 0
