875
318 503 0
313 501 0
308 502 0
303 502 0
299 499 0
299 494 0
299 489 0
302 485 0
304 480 0
305 475 0
305 470 0
305 465 0
305 460 0
305 455 0
304 450 0
302 445 0
301 440 0
300 435 0
298 430 0
296 425 0
294 420 0
291 415 0
288 410 0
287 405 0
288 400 0
288 395 0
288 390 0
288 385 0
287 380 0
286 375 0
286 370 0
282 367 0
282 362 0
280 357 0
275 353 0
270 350 0
271 345 0
272 340 0
271 335 0
269 330 0
267 325 0
267 320 0
266 315 0
264 311 0
263 306 0
267 301 0
266 296 0
262 292 0
261 287 0
258 282 0
253 282 0
250 285 0
250 290 0
245 291 0
244 296 0
243 301 0
245 306 0
244 311 0
244 316 0
242 321 0
241 326 0
241 331 0
239 335 0
236 340 0
236 345 0
235 350 0
230 354 0
226 358 0
228 363 0
226 368 0
223 372 0
222 377 0
221 382 0
219 387 0
220 392 0
220 397 0
220 402 0
218 407 0
217 412 0
215 417 0
214 422 0
212 427 0
210 432 0
209 437 0
208 442 0
207 447 0
206 452 0
205 457 0
205 462 0
204 467 0
204 472 0
204 477 0
204 482 0
206 487 0
208 492 0
208 497 0
208 502 0
203 502 0
198 502 0
193 501 0
188 502 0
183 502 0
178 502 0
173 502 0
168 502 0
163 499 0
162 494 0
163 489 0
168 485 0
172 480 0
174 475 0
174 470 0
174 465 0
174 460 0
174 455 0
174 450 0
174 445 0
175 440 0
175 435 0
176 430 0
176 425 0
175 420 0
173 415 0
171 410 0
171 405 0
171 400 0
172 395 0
175 390 0
178 385 0
178 380 0
176 375 0
177 370 0
181 365 0
181 360 0
180 355 0
179 350 0
175 345 0
175 340 0
175 335 0
176 330 0
177 325 0
178 320 0
173 317 0
168 317 0
167 313 0
167 308 0
167 303 0
167 298 0
167 293 0
167 288 0
169 283 0
171 278 0
173 273 0
173 268 0
172 263 0
174 260 0
179 260 0
184 261 0
189 260 0
190 255 0
193 250 0
194 245 0
192 240 0
193 235 0
193 230 0
195 225 0
198 222 0
203 220 0
203 215 0
203 210 0
203 205 0
205 200 0
204 195 0
202 191 0
201 186 0
202 181 0
203 176 0
200 173 0
199 168 0
197 163 0
196 158 0
199 155 0
200 150 0
197 145 0
192 148 0
187 150 0
182 152 0
177 155 0
176 160 0
173 164 0
168 167 0
163 167 0
158 170 0
153 173 0
149 177 0
144 179 0
139 182 0
134 183 0
129 186 0
124 188 0
119 189 0
114 193 0
109 196 0
105 198 0
100 201 0
95 204 0
91 207 0
87 210 0
85 215 0
80 219 0
75 220 0
70 223 0
65 228 0
61 232 0
56 235 0
51 235 0
47 232 0
49 227 0
54 223 0
53 220 0
48 223 0
43 225 0
38 228 0
33 230 0
28 232 0
23 234 0
18 235 0
13 234 0
10 229 0
14 227 0
19 223 0
24 220 0
29 217 0
34 214 0
39 212 0
44 208 0
49 206 0
54 204 0
59 201 0
64 197 0
68 193 0
73 189 0
78 185 0
83 184 0
86 180 0
91 178 0
95 175 0
99 171 0
103 169 0
104 164 0
108 163 0
112 161 0
114 156 0
119 155 0
124 153 0
129 151 0
134 149 0
139 146 0
144 141 0
149 137 0
154 136 0
159 133 0
164 129 0
168 126 0
172 122 0
174 118 0
178 113 0
183 109 0
188 107 0
193 105 0
198 103 0
203 102 0
206 100 0
211 98 0
216 96 0
220 94 0
225 94 0
230 93 0
231 89 0
230 84 0
226 80 0
222 76 0
218 71 0
216 67 0
220 64 0
222 60 0
219 59 0
216 60 0
217 55 0
220 50 0
217 49 0
212 53 0
207 55 0
208 50 0
212 45 0
207 45 0
202 46 0
203 42 0
206 38 0
211 35 0
212 33 0
207 32 0
202 31 0
197 29 0
199 28 0
204 26 0
209 24 0
214 22 0
219 22 0
224 22 0
221 19 0
216 18 0
211 18 0
211 16 0
216 14 0
221 13 0
226 13 0
231 13 0
236 13 0
234 9 0
233 7 0
238 7 0
243 7 0
248 9 0
253 11 0
258 13 0
262 15 0
261 10 0
262 7 0
267 10 0
272 14 0
276 19 0
279 24 0
283 29 0
287 25 0
291 21 0
292 25 0
292 30 0
292 35 0
290 40 0
286 44 0
286 49 0
286 54 0
286 59 0
287 64 0
290 67 0
289 72 0
285 77 0
281 81 0
278 86 0
279 90 0
281 94 0
286 94 0
291 95 0
296 97 0
301 98 0
306 100 0
309 103 0
314 106 0
319 106 0
324 109 0
329 112 0
333 115 0
337 118 0
339 123 0
343 128 0
348 131 0
353 134 0
358 137 0
363 138 0
367 141 0
372 145 0
377 148 0
382 151 0
387 153 0
392 155 0
397 156 0
401 161 0
405 164 0
409 168 0
414 172 0
417 176 0
422 178 0
426 183 0
431 185 0
436 190 0
441 194 0
445 198 0
450 201 0
455 204 0
460 205 0
465 208 0
470 212 0
475 215 0
480 218 0
485 220 0
490 223 0
495 226 0
499 229 0
497 233 0
492 234 0
487 232 0
482 232 0
477 230 0
472 229 0
467 226 0
462 223 0
457 219 0
457 223 0
457 228 0
453 232 0
448 233 0
444 230 0
441 225 0
437 222 0
432 219 0
427 215 0
423 211 0
419 207 0
415 204 0
410 201 0
405 198 0
400 195 0
395 193 0
390 191 0
385 188 0
380 186 0
375 184 0
370 182 0
365 179 0
360 175 0
355 172 0
350 169 0
345 167 0
340 166 0
336 163 0
334 158 0
329 156 0
324 153 0
319 150 0
314 146 0
310 149 0
311 154 0
311 159 0
311 164 0
311 169 0
308 174 0
306 179 0
305 184 0
305 189 0
305 194 0
305 199 0
305 204 0
304 209 0
303 214 0
305 219 0
310 221 0
314 224 0
315 229 0
316 234 0
317 239 0
314 244 0
315 249 0
317 254 0
320 259 0
325 262 0
330 262 0
334 265 0
336 270 0
337 275 0
338 280 0
339 285 0
340 290 0
341 295 0
342 300 0
342 305 0
342 310 0
341 315 0
337 316 0
332 318 0
332 323 0
333 328 0
333 333 0
333 338 0
333 343 0
331 347 0
327 352 0
327 357 0
327 362 0
326 367 0
330 370 0
331 375 0
332 380 0
334 385 0
335 390 0
337 395 0
337 400 0
339 405 0
336 409 0
333 414 0
334 419 0
333 424 0
333 429 0
333 434 0
333 439 0
333 444 0
333 449 0
332 454 0
332 459 0
332 464 0
333 469 0
334 474 0
336 479 0
338 484 0
343 488 0
346 493 0
346 498 0
343 502 0
338 503 0
333 503 0
328 503 0
323 503 0
319 503 0
247.094 39.8125 0
255.287 104.356 0
226.826 258.826 0
203.558 124.144 0
254.236 187.553 0
194.316 409.374 0
207.516 328.503 0
203 362.5 0
207.76 291.352 0
302.461 291.308 0
279.547 253.491 0
301.917 331.417 0
306.5 373.5 0
313.225 415.21 0
279.669 186.5 0
237.309 217.5 0
229.305 192.539 0
188.33 300.5 0
254.683 68.6098 0
326.928 134.965 0
372.558 164.428 0
266.225 38.3197 0
313.099 276.168 0
316.361 339.389 0
152.633 154.633 0
233.459 276.299 0
125.423 169.577 0
225.382 116.97 0
224.239 326.998 0
222.839 105.524 0
83.1667 196.833 0
93.8571 190.143 0
356.05 153.512 0
321.109 486.455 0
236.199 51.9602 0
207.987 261.795 0
205.262 399.252 0
192.821 338.672 0
282.589 280.895 0
285.858 321.428 0
319.198 398.36 0
281.429 156.907 0
215.978 186 0
220.868 208.374 0
178.559 306.794 0
314.277 123.244 0
387.786 171.071 0
225.087 307.841 0
272.514 286.492 0
295.194 164.708 0
414.321 188.73 0
239.169 107.901 0
212.274 113.878 0
178.137 295.407 0
285.906 298.733 0
276.145 295.966 0
277.716 309.024 0
237.832 27.9431 0
193.308 375.262 0
215.032 362.971 0
209.668 346.087 0
222.714 342.643 0
209.3 355.499 0
197.157 350.908 0
192.057 360.747 0
188.242 347.181 0
302.208 404.958 0
266.356 26.2534 0
273.895 32.369 0
256.122 32.1763 0
324.765 273.885 0
322.174 291.594 0
320.352 282.283 0
105.091 183.376 0
345.024 155.749 0
336.981 144.482 0
205.609 410.608 0
190.508 394.275 0
282.511 125.445 0
296.14 114.676 0
236.121 161.797 0
217.379 163.811 0
218.797 197.105 0
282.085 171.795 0
294.746 149.454 0
231.653 102.255 0
201.337 113.425 0
276.586 318.64 0
234.866 39.8055 0
214.145 336.616 0
228.155 335.276 0
218.422 351.591 0
303.001 415.151 0
312.132 405.339 0
322.809 409.083 0
322.978 419.907 0
312.555 429.076 0
114.072 174.73 0
122.688 178.632 0
327.595 144.329 0
336.469 134.955 0
196.528 400.786 0
183.229 404.14 0
184.857 415.05 0
196.872 424.351 0
186.458 425.392 0
188.263 384.231 0
201.858 385.975 0
208.554 374.535 0
210.613 383.42 0
228.984 176.341 0
293.491 177.227 0
266.528 176.79 0
301.306 156.895 0
290.346 157.217 0
281.357 141.155 0
301.933 134.427 0
204.98 419.857 0
224.97 184.523 0
275.586 178.278 0
271.263 164.813 0
253.568 164.743 0
262.402 168.235 0
285.754 149.011 0
256.116 131.403 0
302.211 143.792 0
292.012 138.914 0
270.22 132.439 0
266.422 148.765 0
272.356 155.73 0
264.219 117.619 0
272.119 141.486 0
263.566 126.508 0
249.555 118.273 0
270.095 104.023 0
236.644 132.928 0
237.334 120.125 0
247.965 109.479 0
256.669 113.064 0
262.369 89.8887 0
276.264 114.756 0
286.207 116.114 0
282.621 105.289 0
246.071 128.218 0
262.573 98.9557 0
292.237 105.868 0
63.0484 212.726 0
73.6578 205.476 0
288.888 342.435 0
271.074 67.938 0
315.849 323.245 0
164.815 154.95 0
158.96 145.731 0
248.661 260.533 0
367.018 154.865 0
362.024 164.144 0
330.568 492.202 0
311.194 490.46 0
250.92 54.2029 0
241.855 64.2655 0
230.876 68.3539 0
244.294 48.2607 0
257.111 44.853 0
269.806 52.9395 0
244.017 78.9926 0
262.585 61.1029 0
275.344 43.8345 0
276.42 59.9333 0
235.204 76.4439 0
255.661 80.2839 0
267.444 79.1998 0
248.445 92.211 0
240.276 87.5963 0
219.204 271.715 0
217.692 262.123 0
215.128 240.718 0
218.884 251.124 0
203.776 238.972 0
236.465 238.898 0
229.698 247.92 0
241.95 250.061 0
211.094 229.171 0
262.456 233.057 0
283.314 224.775 0
237.705 260.167 0
214.449 218.052 0
225.027 230.781 0
257.248 247.644 0
225.901 218.679 0
228.162 268.315 0
222.265 286.652 0
204.932 276.551 0
190.179 284.053 0
207.241 250.133 0
224.481 240.136 0
235.497 228.144 0
249.973 225.132 0
270.116 244.015 0
274.441 232.835 0
289.184 240.15 0
302.458 236.492 0
279.966 243.642 0
265.315 262.323 0
265.595 252.613 0
271.898 273.519 0
261.497 272.102 0
275.962 263.596 0
296.159 265.073 0
286.263 261.562 0
295.267 251.885 0
288.153 271.937 0
300.012 277.669 0
250.571 271.319 0
305.66 257.806 0
306.152 268.295 0
233.809 287.905 0
227.003 296.804 0
215.561 300.503 0
212.215 314.697 0
201.945 304.21 0
214.231 280.517 0
197.879 267.396 0
200.026 285.159 0
179.525 284.817 0
251.061 237.212 0
252.629 206.402 0
293.449 229.713 0
292.655 218.471 0
277.458 206.021 0
283.193 214.521 0
268.109 218.514 0
291.082 203.013 0
304.079 246.625 0
292.553 286.047 0
243.195 277.863 0
221.861 317.295 0
232.57 315.672 0
191.748 314.797 0
187.103 272.523 0
197.122 295.074 0
247.325 215.203 0
257.919 215.589 0
265.031 205.378 0
258.127 197.378 0
269.996 194.114 0
282.546 196.712 0
293.206 191.204 0
201.98 314.448 0
233.522 204.951 0
242.741 194.897 0
237.68 184.271 0
243.162 204.537 0
325.64 123.667 0
315.475 134.638 0
382.573 162.245 0
377.558 173.742 0
424.662 195.816 0
300.953 310.113 0
289.321 309.855 0
203.192 337.956 0
305.961 389.448 0
317.945 381.87 0
298.07 395.748 0
298.47 381.212 0
316.691 371.574 0
308.389 355.565 0
295.547 360.227 0
314.945 390.391 0
316.804 361.359 0
289.038 352.521 0
304.255 364.197 0
248.739 22.4464 0
327.895 304.496 0
321.695 313.757 0
311.011 313.719 0
302.832 320.702 0
331.225 295.3 0
315.677 302.194 0
312.298 292.831 0
307.205 114.733 0
301.626 123.792 0
214.301 174.755 0
222.88 38.2626 0
228.548 30.4832 0
191.492 441.138 0
184.502 434.695 0
227.137 166.412 0
247.496 147.564 0
225.068 147.157 0
290.765 331.442 0
281.289 335.481 0
322.727 331.107 0
311.31 331.469 0
172.69 140.742 0
195.332 326.597 0
186.138 330.984 0
264.001 186.305 0
243.27 172.592 0
254.116 176.142 0
433.889 204.426 0
296.55 300.297 0
316.915 349.715 0
301.73 344.408 0
296.37 371.007 0
292.408 128.549 0
199.126 434.329 0
245.761 157.84 0
257.323 142.426 0
256.588 154.013 0
263.991 159.286 0
236.334 144.499 0
212.88 151.632 0
214.027 135.918 0
207.388 143.332 0
200.674 134.696 0
187.854 125.522 0
214.704 124.774 0
224.881 130.985 0
191.74 116.291 0
443.861 211.723 0
184.827 137.67 0
178.614 129.671 0
187.733 485.267 0
196.394 491.116 0
139.788 163.489 0
130.203 160.864 0
143.119 154.576 0
149.534 163.882 0
135.162 172.564 0
319.1 472.309 0
313.66 480.297 0
325.937 478.554 0
318.474 458.796 0
317.797 443.603 0
323.312 450.968 0
313.281 451.415 0
310.184 438.141 0
322.234 433.792 0
399.802 179.269 0
409.035 180.971 0
397.365 169.936 0
390.369 180.19 0
348.556 144.689 0
189.465 456.547 0
183.971 447.987 0
196.455 449.629 0
177.792 490.681 0
189.615 470.968 0
194.74 478.916 0
182.938 477.362 0
183.398 463.822 0
195.349 463.697 0
