746
233 499 0
228 497 0
228 492 0
233 490 0
237 487 0
241 484 0
245 480 0
249 476 0
253 471 0
254 466 0
254 461 0
249 460 0
244 459 0
239 459 0
234 457 0
229 454 0
228 450 0
227 445 0
228 440 0
230 435 0
230 430 0
230 425 0
232 420 0
232 415 0
232 410 0
231 405 0
230 400 0
233 396 0
231 392 0
232 387 0
233 382 0
234 377 0
233 372 0
233 367 0
233 362 0
233 357 0
233 352 0
233 347 0
233 342 0
233 337 0
233 332 0
234 327 0
234 322 0
230 320 0
228 316 0
226 311 0
227 306 0
228 301 0
230 296 0
230 291 0
230 286 0
232 281 0
233 276 0
233 271 0
235 267 0
235 262 0
234 257 0
234 252 0
234 247 0
234 242 0
233 237 0
233 232 0
232 227 0
233 222 0
233 217 0
232 212 0
233 207 0
233 202 0
228 199 0
223 200 0
218 202 0
213 202 0
208 204 0
203 204 0
198 206 0
193 208 0
188 209 0
183 209 0
178 209 0
173 209 0
170 212 0
165 214 0
160 215 0
155 216 0
150 216 0
145 213 0
143 209 0
138 209 0
133 209 0
128 210 0
123 210 0
118 210 0
113 210 0
108 210 0
104 214 0
101 218 0
96 217 0
91 215 0
86 215 0
81 216 0
77 219 0
72 220 0
67 220 0
63 216 0
58 216 0
53 217 0
48 219 0
43 219 0
38 219 0
33 219 0
29 214 0
24 213 0
19 212 0
15 208 0
18 205 0
23 203 0
28 202 0
33 202 0
38 202 0
43 201 0
48 201 0
53 200 0
58 200 0
61 197 0
63 194 0
68 193 0
72 196 0
77 196 0
82 195 0
87 195 0
92 193 0
96 189 0
100 191 0
104 193 0
109 193 0
114 193 0
119 193 0
124 193 0
129 191 0
134 191 0
139 189 0
140 185 0
145 184 0
150 183 0
155 183 0
160 183 0
165 183 0
169 184 0
174 184 0
179 183 0
184 182 0
189 182 0
194 181 0
199 181 0
204 179 0
209 178 0
214 177 0
219 174 0
224 174 0
229 174 0
234 173 0
238 171 0
239 167 0
234 168 0
229 169 0
224 167 0
220 165 0
221 163 0
226 161 0
226 156 0
225 151 0
222 146 0
220 141 0
215 141 0
210 139 0
205 137 0
202 134 0
201 129 0
200 124 0
201 119 0
202 114 0
202 109 0
206 104 0
205 100 0
201 103 0
198 106 0
195 111 0
191 116 0
190 121 0
187 119 0
182 116 0
180 112 0
180 107 0
180 102 0
182 97 0
184 93 0
188 88 0
192 84 0
196 80 0
200 76 0
205 74 0
210 73 0
215 71 0
219 70 0
224 69 0
229 69 0
234 68 0
239 66 0
244 66 0
249 66 0
254 64 0
258 61 0
263 58 0
268 55 0
273 54 0
277 53 0
282 53 0
287 54 0
292 55 0
297 56 0
302 56 0
307 54 0
312 52 0
317 49 0
320 50 0
317 54 0
314 59 0
315 62 0
320 65 0
324 68 0
328 72 0
331 76 0
333 81 0
335 86 0
338 90 0
342 94 0
347 95 0
352 96 0
355 99 0
353 103 0
349 106 0
344 107 0
339 109 0
334 109 0
329 109 0
324 107 0
324 112 0
324 117 0
322 122 0
321 127 0
317 132 0
312 134 0
307 136 0
302 138 0
301 143 0
305 148 0
307 153 0
312 154 0
316 152 0
318 154 0
315 158 0
310 161 0
305 162 0
300 162 0
295 163 0
296 168 0
301 168 0
306 168 0
311 169 0
315 171 0
320 173 0
325 174 0
330 174 0
335 174 0
340 174 0
345 174 0
350 174 0
355 174 0
359 171 0
364 170 0
369 170 0
374 170 0
379 170 0
384 170 0
388 172 0
392 176 0
397 177 0
402 177 0
407 177 0
412 177 0
417 177 0
422 175 0
426 174 0
431 176 0
435 179 0
440 180 0
445 178 0
450 177 0
454 180 0
459 181 0
464 182 0
469 183 0
474 184 0
479 186 0
484 186 0
489 187 0
494 189 0
494 194 0
490 196 0
485 197 0
480 196 0
475 195 0
470 195 0
465 197 0
460 198 0
455 197 0
451 201 0
446 201 0
443 198 0
438 198 0
433 198 0
428 201 0
423 201 0
419 198 0
415 196 0
410 196 0
405 196 0
400 196 0
395 196 0
391 195 0
386 195 0
384 200 0
379 200 0
374 200 0
369 200 0
364 199 0
359 196 0
354 196 0
349 197 0
344 197 0
339 197 0
334 196 0
329 194 0
324 194 0
319 193 0
314 193 0
310 196 0
309 201 0
308 206 0
307 211 0
306 215 0
305 220 0
305 225 0
305 230 0
304 235 0
304 240 0
305 245 0
306 250 0
306 255 0
307 260 0
308 265 0
309 270 0
310 275 0
310 280 0
312 285 0
313 290 0
317 293 0
319 298 0
322 303 0
322 308 0
320 313 0
315 316 0
317 320 0
317 325 0
318 330 0
319 335 0
319 340 0
320 345 0
320 350 0
320 355 0
320 360 0
320 365 0
320 370 0
319 375 0
320 380 0
320 385 0
321 390 0
323 394 0
325 399 0
325 404 0
327 409 0
328 414 0
328 419 0
330 424 0
330 429 0
332 434 0
333 439 0
336 444 0
340 447 0
336 451 0
331 454 0
326 456 0
321 458 0
316 459 0
311 461 0
308 464 0
310 469 0
312 474 0
314 478 0
319 480 0
324 484 0
329 486 0
334 486 0
339 488 0
342 492 0
340 497 0
335 497 0
330 497 0
325 497 0
320 496 0
315 495 0
310 495 0
305 495 0
300 494 0
295 492 0
291 489 0
291 484 0
290 479 0
288 475 0
286 470 0
285 465 0
284 460 0
282 455 0
280 452 0
280 447 0
280 442 0
280 437 0
280 432 0
280 427 0
280 422 0
280 417 0
280 412 0
280 407 0
280 402 0
280 397 0
280 392 0
280 387 0
280 382 0
280 377 0
280 372 0
280 367 0
280 362 0
280 357 0
275 355 0
274 360 0
274 365 0
274 370 0
273 375 0
273 380 0
273 385 0
273 390 0
274 395 0
274 400 0
275 405 0
275 410 0
275 415 0
275 420 0
275 425 0
275 430 0
275 435 0
275 440 0
275 445 0
276 450 0
276 455 0
274 460 0
275 465 0
274 470 0
273 474 0
274 479 0
276 484 0
276 489 0
273 493 0
268 494 0
263 495 0
258 497 0
253 499 0
248 499 0
243 499 0
238 499 0
234 499 0
267.347 176.212 0
268.393 107.232 0
268.958 219.5 0
252.5 432.5 0
256.786 339.5 0
271.073 286.215 0
252.5 388.5 0
253.427 364.5 0
300.671 394.5 0
304.25 424.5 0
288.244 329.141 0
299.993 368.599 0
285.18 193.636 0
259.917 86.0419 0
296.206 109.5 0
249.709 132.016 0
251.706 282.341 0
281.323 262.535 0
291.674 290.23 0
289.072 82.6383 0
275.814 135.363 0
258.248 254.75 0
161.024 198.738 0
380.841 182.964 0
425.21 187.114 0
298.873 446.532 0
302.12 323.585 0
67.3578 205.936 0
225.719 117.688 0
222.438 186.959 0
364.659 183.607 0
251.414 212 0
242.333 83.6651 0
309.779 114.356 0
311.237 87.2017 0
274.414 72.0355 0
213.66 124 0
98 203.382 0
448.28 188.866 0
302.859 482.377 0
390.132 185.428 0
237.22 187.435 0
302.237 72.5708 0
173.332 196.493 0
153.011 205.624 0
144.937 198.213 0
301.207 341.41 0
288.45 309.553 0
303.557 303.332 0
77.6438 206.271 0
353.702 184.964 0
372.581 179.036 0
298.736 123.825 0
307.048 100.593 0
215.059 111.997 0
229.206 98.3227 0
224.338 107.442 0
217 97.6663 0
208.698 87 0
223.842 84.2556 0
224.327 129.704 0
237.539 125.145 0
239.683 109.774 0
88.0157 205.076 0
298.911 471.675 0
296.416 459.502 0
399.724 186.366 0
247.005 198.165 0
306.087 64.2288 0
297.554 332.287 0
292.389 319.39 0
300.779 313.312 0
342.042 185.493 0
308.821 124.412 0
289.23 133.477 0
293.963 95.7177 0
318.195 96.7292 0
322.698 86.1358 0
329.393 97.1762 0
316.026 76.5423 0
314.598 106.247 0
199.298 91.3517 0
215.351 80.558 0
233.24 88.7281 0
233.428 78.3681 0
243.803 97.0031 0
250.495 89.5156 0
259.202 98.6179 0
254.429 112.921 0
248.303 105.505 0
236.761 140.736 0
242.857 207.107 0
252.757 183.093 0
266.527 199.564 0
331.849 184.117 0
286.068 149.42 0
280.37 119.116 0
282.603 104.641 0
299.925 86.0343 0
192.289 98.1123 0
247.686 121.385 0
254.085 152.487 0
232.761 132.722 0
246.083 189.179 0
256.487 202.763 0
258.64 192.166 0
264.307 209.951 0
279.828 208.298 0
291.844 142.281 0
295.827 152.617 0
281.653 128.238 0
266.081 121.54 0
290.469 117.899 0
273.147 93.0401 0
247.784 143.131 0
261.97 139.864 0
241.302 154.296 0
276.551 198.794 0
270.682 188.019 0
293.744 205.07 0
286.466 225.614 0
270.346 82.3305 0
261.441 73.8176 0
251.938 78.8395 0
267.029 66.3826 0
283.855 92.043 0
259.799 129.754 0
272.457 148.579 0
233.837 149.255 0
297.749 193.146 0
290.981 180.983 0
279.025 179.289 0
276.891 163.688 0
279.13 218.496 0
289.514 215.133 0
263.006 149.285 0
262.933 163.11 0
304.49 181.431 0
278.898 154.894 0
285.402 170.47 0
256.684 172.51 0
247.082 174.967 0
315.075 182.423 0
210.668 190.055 0
199.177 192.817 0
373.005 189.709 0
288.092 68.5602 0
279.404 63.0199 0
296.682 65.2134 0
153.168 192.723 0
286.642 343.816 0
295.938 354.796 0
272.695 334.869 0
307.84 351.751 0
290.457 363.903 0
281.895 335.873 0
293.546 300.473 0
279.131 298.354 0
281.396 288.106 0
278.403 275.329 0
263.592 273.267 0
293.597 272.067 0
287.347 279.973 0
269.861 315.545 0
280.992 318.246 0
277.453 308.544 0
273.488 324.883 0
258.972 325.148 0
248.704 306.382 0
237.785 309.971 0
263.563 301.024 0
261.639 283.031 0
249.853 267.592 0
293.781 259.161 0
282.974 243.946 0
285.574 253.545 0
271.841 252.551 0
293.907 246.136 0
290.284 235.84 0
263.578 333.192 0
246.825 330.64 0
245.089 342.62 0
246.613 318.421 0
253.809 351.826 0
265.207 348.056 0
244.267 357.881 0
258.248 313.352 0
252.886 294.696 0
241.55 297.23 0
270.59 295.279 0
243.466 275.885 0
241.305 286.45 0
246.135 255.997 0
259.165 264.515 0
270.319 264.369 0
262.307 236.731 0
250.985 243.648 0
249.075 227.795 0
262.981 358.903 0
272.221 241.539 0
271.509 230.384 0
257.927 221.035 0
243.398 236.52 0
243.397 218.884 0
302.362 292.476 0
249.88 163.213 0
186.282 194.853 0
276.259 344.659 0
309.252 362.66 0
298.999 281.823 0
260.98 481.83 0
252.181 487.979 0
259.458 376.751 0
264.449 368.465 0
262.728 386.622 0
246.732 377.149 0
242.34 386.522 0
243 367.835 0
315.615 441.309 0
325.027 445.57 0
309.2 450.192 0
304.874 436.325 0
292.416 435.867 0
289.392 444.985 0
316.869 428.215 0
314.04 414.534 0
322.797 435.39 0
299.329 409.874 0
309.592 403.024 0
310.933 392.69 0
303.662 381.462 0
292.172 385.688 0
309.108 372.953 0
290.358 395.941 0
292.425 420.338 0
290.727 374.842 0
290.025 406.01 0
259.488 446.422 0
263.536 435.675 0
261.459 422.127 0
263.793 456.365 0
245.33 444.813 0
246.906 418.613 0
264.271 466.645 0
251.764 451.295 0
241.303 434.224 0
257.79 405.43 0
244.426 403.261 0
239.977 424.937 0
265.08 412.579 0
255.558 414.672 0
263.798 396.955 0
252.154 397.899 0
240.961 411.698 0
301.333 194.508 0
258.751 340.444 0
