707
238 501 0
233 499 0
228 496 0
226 492 0
226 487 0
227 482 0
231 477 0
234 472 0
236 467 0
238 462 0
237 457 0
237 452 0
237 447 0
237 442 0
237 437 0
236 432 0
236 427 0
235 422 0
234 417 0
234 412 0
232 408 0
229 404 0
228 399 0
228 394 0
228 389 0
229 384 0
227 379 0
226 374 0
226 369 0
226 364 0
227 359 0
227 354 0
227 349 0
227 344 0
228 339 0
228 334 0
226 329 0
226 324 0
226 319 0
226 314 0
226 309 0
225 304 0
225 299 0
224 294 0
223 289 0
222 284 0
221 279 0
221 274 0
220 269 0
220 264 0
219 259 0
218 254 0
217 249 0
217 244 0
217 239 0
217 234 0
218 229 0
218 224 0
217 219 0
218 214 0
218 209 0
220 204 0
221 199 0
222 194 0
223 189 0
224 184 0
225 179 0
226 174 0
227 169 0
227 164 0
229 159 0
229 154 0
229 149 0
228 144 0
227 139 0
225 134 0
221 130 0
217 125 0
213 122 0
208 119 0
204 117 0
199 117 0
194 117 0
189 117 0
184 117 0
179 117 0
174 118 0
169 118 0
164 118 0
159 118 0
154 118 0
149 119 0
144 120 0
139 120 0
134 121 0
129 122 0
124 122 0
119 123 0
114 123 0
109 123 0
104 124 0
99 124 0
94 125 0
89 126 0
84 126 0
80 127 0
75 128 0
71 130 0
66 129 0
61 129 0
56 132 0
52 135 0
47 138 0
43 141 0
39 145 0
34 145 0
30 142 0
35 138 0
40 135 0
42 131 0
37 130 0
32 130 0
27 133 0
27 137 0
26 142 0
23 145 0
19 147 0
18 146 0
17 141 0
17 136 0
17 131 0
18 126 0
22 124 0
27 121 0
32 119 0
37 116 0
42 115 0
47 115 0
52 113 0
56 109 0
59 106 0
64 104 0
69 105 0
74 104 0
79 105 0
84 105 0
89 105 0
94 104 0
99 103 0
104 102 0
109 101 0
114 100 0
119 100 0
124 100 0
129 100 0
134 100 0
139 99 0
144 99 0
149 98 0
154 98 0
159 98 0
164 97 0
169 96 0
174 95 0
179 95 0
184 95 0
189 95 0
194 93 0
199 92 0
204 93 0
209 93 0
214 92 0
219 92 0
224 92 0
226 87 0
228 82 0
227 77 0
227 72 0
227 67 0
227 62 0
227 57 0
228 52 0
229 47 0
230 43 0
231 38 0
231 33 0
232 28 0
234 23 0
238 18 0
243 16 0
248 15 0
253 15 0
258 14 0
263 14 0
268 14 0
273 14 0
278 16 0
283 18 0
288 21 0
290 25 0
292 30 0
294 35 0
295 40 0
296 45 0
299 50 0
299 55 0
300 60 0
301 65 0
301 70 0
301 75 0
301 80 0
302 85 0
302 90 0
303 95 0
305 100 0
310 100 0
315 100 0
320 100 0
325 100 0
330 100 0
335 102 0
340 103 0
345 102 0
350 101 0
355 102 0
360 103 0
365 103 0
370 104 0
375 105 0
380 106 0
385 106 0
388 105 0
394 107 0
399 107 0
404 107 0
409 107 0
414 108 0
419 108 0
424 108 0
429 107 0
434 109 0
439 109 0
444 109 0
449 109 0
454 111 0
459 114 0
464 115 0
469 115 0
474 115 0
479 116 0
484 119 0
489 121 0
492 124 0
494 128 0
495 133 0
496 138 0
495 143 0
491 143 0
486 143 0
485 139 0
483 134 0
478 130 0
473 128 0
468 128 0
466 131 0
471 134 0
476 136 0
475 138 0
470 138 0
465 137 0
460 135 0
455 131 0
450 130 0
445 131 0
440 131 0
435 130 0
430 128 0
425 127 0
420 126 0
415 125 0
410 125 0
405 125 0
400 127 0
395 129 0
390 129 0
385 129 0
380 130 0
375 130 0
370 130 0
365 129 0
360 128 0
355 127 0
350 126 0
345 125 0
340 125 0
335 125 0
330 126 0
325 126 0
320 126 0
315 127 0
310 127 0
305 128 0
300 132 0
298 137 0
298 142 0
300 147 0
302 152 0
300 157 0
300 162 0
299 167 0
300 172 0
301 177 0
304 182 0
304 187 0
305 192 0
306 197 0
306 202 0
307 207 0
308 212 0
308 217 0
310 222 0
311 227 0
312 232 0
310 237 0
312 242 0
310 247 0
309 252 0
308 257 0
307 262 0
306 267 0
306 272 0
306 277 0
305 282 0
304 287 0
304 292 0
303 297 0
302 302 0
302 307 0
302 312 0
301 317 0
301 322 0
301 327 0
299 332 0
298 337 0
298 342 0
299 347 0
297 352 0
297 357 0
298 362 0
299 367 0
299 372 0
299 377 0
298 382 0
297 387 0
297 392 0
297 397 0
296 402 0
296 406 0
292 408 0
292 413 0
292 418 0
292 423 0
292 428 0
292 433 0
292 438 0
293 443 0
293 448 0
293 453 0
292 458 0
292 463 0
292 468 0
294 472 0
297 477 0
301 482 0
302 487 0
302 492 0
300 496 0
295 499 0
290 499 0
285 499 0
280 499 0
277 495 0
276 490 0
276 485 0
272 480 0
267 479 0
267 474 0
266 469 0
266 464 0
268 459 0
269 454 0
268 449 0
267 444 0
270 439 0
269 434 0
269 429 0
268 424 0
268 419 0
267 414 0
267 409 0
266 404 0
266 399 0
266 394 0
267 389 0
267 384 0
266 379 0
266 374 0
267 369 0
267 364 0
267 359 0
268 354 0
268 349 0
267 344 0
267 339 0
266 334 0
266 329 0
267 324 0
268 319 0
267 314 0
268 309 0
268 304 0
268 299 0
269 294 0
269 289 0
268 284 0
268 279 0
268 274 0
268 269 0
267 264 0
267 259 0
267 254 0
267 249 0
267 244 0
267 239 0
263 236 0
261 241 0
260 246 0
260 251 0
259 256 0
258 261 0
258 266 0
258 271 0
258 276 0
258 281 0
257 286 0
257 291 0
257 296 0
257 301 0
256 306 0
256 311 0
256 316 0
256 321 0
256 326 0
256 331 0
257 336 0
259 341 0
258 346 0
257 351 0
257 356 0
257 361 0
258 366 0
258 371 0
259 376 0
259 381 0
258 386 0
259 391 0
259 396 0
259 401 0
259 406 0
258 411 0
258 416 0
258 421 0
258 426 0
258 431 0
258 436 0
260 441 0
259 446 0
261 451 0
261 456 0
261 461 0
262 466 0
262 471 0
262 476 0
260 479 0
255 482 0
253 487 0
252 492 0
251 497 0
246 500 0
241 501 0
239 501 0
262.718 53.3045 0
263.074 104.729 0
264.458 156.5 0
240.881 230.052 0
238.623 252.475 0
266.331 197.134 0
288.286 246.5 0
259.355 33.7728 0
251.229 74.7542 0
243.955 97.0819 0
278.592 87.0816 0
276.32 125.428 0
249.87 126.952 0
283.622 214.5 0
243.784 200.957 0
69.2465 117.218 0
388.297 117.327 0
240.919 326.216 0
243.5 397.5 0
243.012 342.449 0
248.361 442.014 0
284.258 314 0
280.411 446.282 0
283.012 345.551 0
280.819 55.0042 0
282.296 152 0
247.444 167.889 0
231.563 219 0
283.954 187.564 0
294.162 230.366 0
299.252 242 0
275.553 32.4467 0
293.901 184.58 0
248.796 470.325 0
246.23 29.4388 0
280.678 434.818 0
297.411 253.125 0
283.621 262.522 0
49.4956 124.561 0
59.6103 119.25 0
80.0547 115.844 0
398.37 117.057 0
375.941 117.675 0
237.362 334.926 0
246.843 333.704 0
246.981 431.081 0
248.972 454.165 0
280.125 458.155 0
229.406 230.272 0
235.348 240.82 0
248.176 240.606 0
228.066 249.155 0
246.438 215.914 0
255.05 24.7678 0
248.117 45.7634 0
90.408 115.273 0
407.545 116.109 0
246.408 419.393 0
279.904 470.506 0
249.28 251.273 0
237.412 209.801 0
232.434 199.497 0
256.313 206.448 0
253.591 226.887 0
268.637 220.767 0
250.957 37.1638 0
244.487 408.509 0
286.032 479.929 0
267.937 208.906 0
243.652 382.8 0
249.53 390.211 0
237.484 390.087 0
282.188 360.827 0
277.265 352.901 0
287.841 353.472 0
270.244 70.386 0
269.986 140.81 0
277.363 170.051 0
288.412 174.15 0
286.337 162.804 0
280.536 234.54 0
277.687 244.877 0
271.611 230.224 0
285.06 224.979 0
277.023 254.92 0
266.811 25.2566 0
272.626 45.0234 0
262.727 43.2475 0
283.454 40.9147 0
242.562 480.764 0
236.235 489.071 0
279.971 422.808 0
294.909 264.27 0
363.325 115.665 0
249.89 60.2355 0
260.476 64.4912 0
239.882 68.4793 0
240.409 80.9235 0
238.696 56.8422 0
235.911 90.3789 0
238.623 47.2353 0
240.826 37.6529 0
258.388 217.125 0
291.698 488.698 0
271.243 59.7469 0
285.615 69.6273 0
289.711 60.1861 0
278.266 76.8102 0
289.184 81.6041 0
289.468 95.1336 0
276.675 101.043 0
290.16 113.434 0
272.664 113.18 0
281.469 109.358 0
262.898 122.765 0
268.222 131.088 0
252.781 113.648 0
233.742 115.706 0
232.35 102.83 0
220.863 110.586 0
252.641 103.088 0
242.594 108.501 0
256.162 88.7103 0
243.592 118.767 0
237.322 130.077 0
247.962 146.047 0
257.688 138.021 0
245.499 136.158 0
262.148 146.867 0
224.827 119.373 0
246.708 88.0095 0
262.155 78.7421 0
267.436 88.7018 0
268.436 97.5816 0
283.803 137.504 0
288.916 125.98 0
297.77 120.523 0
300.509 109.953 0
289.118 145.383 0
272.428 150.49 0
269.973 182.829 0
278.903 179.468 0
274.772 191.667 0
284.468 201.04 0
274.777 201.977 0
294.422 195.811 0
252.861 186.088 0
263.352 170.474 0
294.567 208.432 0
294.506 219.402 0
262.179 188.461 0
253.204 196.503 0
256.419 162.894 0
254.663 153.229 0
279.568 410.191 0
351.144 113.718 0
340.147 114 0
209.309 105.585 0
217.94 101.493 0
197.059 104.884 0
313.609 113.5 0
238.344 186.237 0
245.522 178.367 0
237.386 171.459 0
185.944 106 0
174.485 106.458 0
164.037 107.5 0
154.049 108 0
143.651 109.5 0
133.165 110.5 0
121.996 111 0
326.712 113 0
110.881 112 0
100.665 113.767 0
240.924 311.14 0
235.361 318.676 0
246.755 318.68 0
241.999 357.49 0
247.804 350.326 0
236.579 349.57 0
245.146 369.993 0
236.562 375.482 0
235.923 365.471 0
285.728 297.058 0
286.746 279.664 0
291.387 306.084 0
278.605 304.975 0
295.862 274.636 0
293.065 288.76 0
279.794 287.984 0
278.753 272.265 0
283.369 329.765 0
290.591 322.265 0
288.511 337.778 0
276.953 337.517 0
277.678 321.537 0
241.415 156.819 0
281.575 394.729 0
275.216 401.765 0
282.216 378.594 0
287.289 386.876 0
276.437 386.445 0
277.18 369.718 0
288.409 369.701 0
240.752 294.852 0
246.541 302.935 0
234.985 303.058 0
239.384 271.075 0
246.701 262.358 0
244.667 282.699 0
233.855 285.923 0
230.796 276.33 0
231.686 262.075 0
249.864 234.667 0
314.667 113.298 0
208 110.58 0
