789
215 507 0
210 507 0
205 507 0
204 502 0
203 497 0
204 492 0
205 487 0
207 482 0
209 477 0
211 472 0
212 467 0
214 462 0
216 457 0
216 452 0
216 447 0
214 442 0
212 437 0
212 432 0
210 427 0
209 422 0
208 417 0
208 412 0
209 407 0
210 402 0
211 397 0
212 392 0
212 387 0
212 382 0
210 377 0
208 372 0
206 367 0
204 362 0
203 357 0
203 352 0
202 347 0
201 342 0
201 337 0
201 332 0
202 327 0
202 322 0
203 317 0
204 312 0
204 307 0
203 302 0
204 297 0
204 292 0
204 287 0
205 282 0
205 277 0
205 272 0
205 267 0
205 262 0
205 257 0
205 252 0
205 247 0
205 242 0
206 237 0
204 232 0
202 227 0
200 222 0
196 218 0
193 213 0
191 208 0
189 203 0
188 198 0
187 193 0
186 188 0
185 183 0
184 178 0
179 177 0
175 179 0
170 179 0
166 178 0
161 177 0
156 176 0
151 174 0
146 173 0
141 170 0
137 166 0
132 165 0
127 165 0
122 165 0
118 168 0
113 169 0
108 170 0
103 170 0
98 169 0
93 167 0
89 164 0
84 162 0
79 159 0
74 157 0
70 154 0
65 154 0
61 157 0
56 159 0
51 160 0
46 162 0
41 164 0
36 164 0
31 164 0
26 163 0
28 158 0
31 155 0
36 154 0
41 151 0
36 148 0
31 146 0
26 145 0
21 145 0
16 146 0
11 146 0
7 143 0
4 139 0
7 136 0
12 135 0
16 133 0
21 132 0
26 132 0
31 132 0
36 130 0
41 130 0
46 129 0
51 129 0
56 128 0
61 128 0
66 127 0
71 126 0
76 126 0
81 125 0
86 124 0
91 123 0
95 122 0
100 121 0
105 121 0
110 121 0
115 121 0
120 122 0
124 124 0
129 124 0
133 122 0
138 122 0
143 120 0
148 117 0
153 115 0
158 114 0
163 113 0
168 112 0
172 109 0
177 107 0
182 105 0
187 104 0
192 103 0
197 104 0
202 104 0
207 103 0
211 99 0
216 96 0
221 93 0
226 91 0
230 89 0
232 84 0
232 79 0
232 74 0
230 69 0
227 65 0
224 60 0
224 55 0
226 50 0
231 47 0
232 42 0
232 37 0
232 32 0
233 27 0
235 22 0
238 17 0
242 14 0
246 10 0
251 8 0
256 8 0
261 8 0
266 10 0
270 14 0
274 17 0
277 22 0
279 27 0
280 32 0
280 37 0
280 42 0
281 47 0
286 50 0
287 55 0
287 60 0
285 65 0
282 69 0
279 73 0
280 78 0
280 83 0
281 88 0
285 91 0
290 93 0
295 95 0
300 99 0
304 102 0
309 105 0
314 104 0
319 103 0
324 104 0
329 105 0
334 106 0
339 108 0
344 111 0
348 113 0
353 114 0
358 115 0
363 117 0
368 119 0
373 122 0
378 122 0
382 124 0
387 124 0
391 122 0
396 121 0
401 121 0
406 121 0
411 121 0
416 121 0
421 122 0
425 124 0
430 125 0
435 126 0
440 126 0
445 126 0
450 128 0
455 128 0
460 129 0
465 129 0
470 130 0
475 130 0
480 132 0
485 132 0
490 132 0
495 133 0
499 135 0
504 135 0
507 138 0
506 142 0
502 145 0
497 146 0
492 145 0
487 145 0
482 146 0
477 148 0
472 150 0
474 153 0
479 154 0
483 157 0
486 162 0
482 164 0
477 164 0
472 164 0
467 162 0
462 160 0
457 160 0
452 158 0
448 155 0
443 154 0
439 156 0
434 158 0
429 161 0
424 163 0
420 167 0
415 169 0
410 170 0
405 170 0
400 170 0
395 168 0
391 165 0
386 165 0
381 165 0
376 165 0
372 169 0
367 172 0
362 174 0
357 176 0
352 177 0
347 178 0
343 179 0
338 179 0
334 177 0
329 177 0
327 182 0
327 187 0
325 192 0
324 197 0
323 202 0
321 207 0
319 212 0
316 217 0
312 221 0
310 226 0
307 231 0
306 236 0
307 241 0
307 246 0
307 251 0
307 256 0
307 261 0
307 266 0
307 271 0
307 276 0
306 281 0
307 286 0
308 291 0
308 296 0
309 301 0
308 306 0
308 311 0
309 316 0
310 321 0
310 326 0
310 331 0
311 336 0
311 341 0
310 346 0
310 351 0
309 356 0
307 361 0
306 366 0
304 371 0
302 376 0
300 381 0
300 386 0
300 391 0
300 396 0
302 401 0
303 406 0
303 411 0
303 416 0
303 421 0
302 426 0
301 431 0
299 436 0
298 441 0
297 446 0
295 451 0
296 456 0
298 461 0
299 466 0
300 471 0
303 476 0
304 481 0
307 486 0
308 491 0
309 496 0
309 501 0
307 506 0
303 507 0
298 507 0
293 507 0
288 507 0
283 507 0
278 507 0
273 506 0
272 501 0
272 496 0
272 491 0
273 486 0
275 481 0
276 476 0
277 471 0
278 466 0
278 461 0
278 456 0
279 451 0
277 446 0
276 441 0
274 436 0
272 431 0
271 426 0
270 421 0
270 416 0
269 411 0
270 406 0
271 401 0
272 396 0
272 391 0
272 386 0
272 381 0
270 376 0
268 371 0
268 366 0
266 361 0
265 356 0
264 351 0
264 346 0
263 341 0
263 336 0
263 331 0
259 327 0
254 327 0
250 329 0
249 334 0
249 339 0
248 344 0
247 349 0
247 354 0
246 359 0
245 364 0
243 369 0
242 374 0
241 379 0
240 384 0
240 389 0
240 394 0
241 399 0
242 404 0
242 409 0
242 414 0
242 419 0
242 424 0
240 429 0
239 434 0
237 439 0
235 444 0
233 449 0
233 454 0
233 459 0
235 464 0
234 469 0
235 474 0
236 479 0
238 484 0
239 489 0
240 494 0
240 499 0
239 504 0
236 507 0
231 507 0
226 507 0
221 507 0
216 507 0
237.182 298.364 0
330.663 142.673 0
102.088 144.441 0
256 34.5 0
255.251 61.7996 0
255.654 96.3617 0
126.5 144.427 0
166.83 145.151 0
212.972 145.858 0
255.502 202.699 0
224.938 334.5 0
224.722 356.611 0
384.5 144.451 0
413.5 143.238 0
280.423 309.577 0
287 348.5 0
257.721 253.5 0
355.119 149.547 0
315.828 126.139 0
151.713 155.287 0
199.5 127.022 0
235.603 122.257 0
283.536 212.514 0
233.111 223.256 0
222.577 188.485 0
282.424 253.5 0
233.729 269.5 0
212.166 205.834 0
225.537 420.907 0
442.42 139.901 0
286 367.6 0
286.121 411 0
220.413 302 0
112.043 154.722 0
402.881 154.596 0
293.331 301 0
192 116.19 0
293.504 180.501 0
310.137 183.827 0
276.048 127.587 0
280.577 109.307 0
171.285 161.699 0
341.76 161.12 0
180.853 131.92 0
189.286 126.081 0
178.58 119.628 0
99.7908 156.626 0
88.2918 148.149 0
114.293 142.583 0
106.606 133.101 0
121.735 134.644 0
94.4226 134.818 0
122.688 154.372 0
414.883 155.174 0
425.73 147.869 0
423.233 136 0
412.747 132.063 0
398.781 138.617 0
432.353 140.279 0
391.468 153.549 0
293.922 315.891 0
270.845 281.161 0
82.2941 137.315 0
77.8036 146.878 0
70.6492 137.683 0
404.666 145.622 0
388.808 134.599 0
403.375 130.247 0
299.053 308.23 0
280.352 327.316 0
279.435 294.088 0
284.493 318.463 0
284.391 301.548 0
259.011 303.167 0
288.412 278.805 0
270.903 302.408 0
267.994 316.177 0
264.256 291.803 0
250 292.116 0
290.098 290.074 0
280.202 284.261 0
270.878 325.402 0
255.862 314.948 0
246.892 306.239 0
237.934 283.635 0
226.686 290.444 0
215.382 291.789 0
252.473 271.617 0
259.126 281.266 0
248.427 281.525 0
138.139 152.104 0
139.721 137.044 0
131.078 133.22 0
146.869 145.408 0
154.684 131.493 0
167.83 127.972 0
145.356 129.291 0
156.805 141.836 0
172.249 136.848 0
185.381 149.802 0
193.254 138.916 0
204.86 137.424 0
199.76 151.912 0
217.51 124.323 0
215.639 135.175 0
159.549 123.354 0
215.028 167.79 0
190.613 164.191 0
210.168 157.183 0
202.666 167.037 0
207.953 182.095 0
181.407 159.393 0
218.312 178.316 0
254.478 161.258 0
235.208 167.27 0
225.192 170.395 0
234.65 145.597 0
226.4 156.653 0
223.777 142.881 0
231.822 133.792 0
226.84 125.772 0
224.55 109.746 0
211.594 193.692 0
201.09 200.272 0
196.378 177.702 0
198.715 188.991 0
224.928 433.971 0
225.017 443.605 0
456.649 143.223 0
462.575 150.575 0
298.34 199.565 0
306.945 156.539 0
295.789 122.777 0
262.094 114.428 0
253.779 134.773 0
242.66 137.437 0
251.092 148.095 0
269.321 144.84 0
242.664 157.28 0
261.282 152.491 0
279.721 163.818 0
272.004 155.708 0
289.726 145.569 0
282.481 153.464 0
294.441 157.167 0
301.309 169.128 0
289.755 169.563 0
316.489 168.369 0
302.58 178.365 0
321.637 154.451 0
312.317 141.611 0
333.012 153.822 0
342.948 145.907 0
330.793 165.374 0
340.896 128.75 0
338.531 137.734 0
352.523 136.06 0
313.58 150.496 0
301.468 146.138 0
296.119 135.067 0
284.617 135.262 0
305.101 128.677 0
306.168 116.693 0
321.867 135.644 0
328.652 124.662 0
321.1 115.507 0
337.352 118.984 0
351.365 125 0
368.589 139.961 0
377.866 134.141 0
279.362 143.872 0
359.665 141.679 0
162.589 155.166 0
161.22 166.041 0
354.909 162.801 0
366.241 156.352 0
347.486 168.596 0
377.428 153.558 0
57.17 142.153 0
50.9551 149.994 0
44.9676 140.5 0
294.96 330.896 0
300.523 322.973 0
285.651 337.288 0
275.836 344.157 0
277.493 356.418 0
272.67 334.961 0
278.009 267.906 0
265.21 269.552 0
257.66 263.301 0
243.6 258.313 0
292.338 264.418 0
243.382 268.069 0
224.861 251.727 0
244.845 238.843 0
294.717 252.298 0
297.094 273.445 0
232.896 258.817 0
236.051 247.143 0
225.102 236.366 0
248.251 248.835 0
235.464 233.694 0
216.376 243.911 0
217.247 222.566 0
224.989 227.295 0
215.42 232.741 0
225.703 210.861 0
217.022 213.497 0
222.048 199.965 0
239.292 195.008 0
232.15 202.637 0
207.087 116.209 0
214.552 109.555 0
241.377 106.017 0
467.07 140.393 0
284.661 120.02 0
272.779 117.076 0
265.653 133.472 0
258.707 124.916 0
246.968 125.207 0
243.33 115.858 0
318.04 178.041 0
362.588 129.641 0
270.073 257.51 0
234.941 181.479 0
248.073 174.618 0
265.844 174.922 0
279.366 179.236 0
245.436 185.568 0
249.314 194.812 0
258.412 185.56 0
257.028 170.695 0
274.414 171.409 0
285.284 192.732 0
294.874 190.299 0
288.246 202.962 0
271.415 190.767 0
275.621 202.674 0
265.558 199.533 0
252.819 107.553 0
233.996 112.539 0
231.405 100.847 0
242.807 92.7492 0
253.576 79.1025 0
251.028 88.164 0
244.459 69.4874 0
242.783 80.2071 0
242.535 55.3675 0
237.431 63.2538 0
254.19 48.1104 0
243.434 43.8236 0
266.569 42.8306 0
244.187 31.7091 0
252.799 21.6559 0
264.754 25.497 0
270.068 57.779 0
261.211 54.4522 0
272.511 49.3234 0
265.601 70.6314 0
266.296 84.3881 0
270.637 98.4519 0
262.401 104.32 0
280.326 99.5582 0
263.779 92.8669 0
270.273 33.681 0
216.041 345.47 0
213.849 356.131 0
212.908 333.836 0
219.778 318.653 0
233.506 312.819 0
224.413 310.491 0
244.258 318.356 0
233.794 325.467 0
236.86 337.331 0
228.601 345.592 0
235.743 354.298 0
211.599 324.098 0
214.094 310.098 0
286 381.613 0
279.474 374.607 0
292.526 374.607 0
294.67 358.478 0
298.535 347.57 0
301.461 338.222 0
286 396.967 0
279.859 404.037 0
281 389.29 0
291 389.29 0
292.754 403.926 0
220.245 276.622 0
221.239 263.931 0
215.235 255.509 0
213.907 282.953 0
229.789 278.365 0
311.02 196.779 0
306.95 208.505 0
295.587 212.519 0
304.067 190.747 0
289.555 229.009 0
287.474 241.687 0
269.225 239.098 0
257.021 240.269 0
296.043 236.584 0
277.763 244.522 0
266.183 248.464 0
253.035 221.615 0
244.601 228.166 0
266.379 214.59 0
262.138 229.423 0
275.81 226.841 0
256.747 212.48 0
242.643 212.07 0
275.421 217.385 0
283.645 221.82 0
233.969 214.332 0
299.061 223.138 0
293.445 110.1 0
222.013 490.013 0
229.907 496.707 0
213.611 496.485 0
222.646 477.253 0
223.603 466.633 0
289.554 490.033 0
282.098 496.902 0
298.277 496.277 0
288.776 477.223 0
288.5 466.703 0
225.753 372.865 0
233.001 364.794 0
217.172 366.368 0
226.076 386.937 0
231.834 379.765 0
225.709 402.655 0
220.912 394.68 0
230.785 394.911 0
231.411 411.836 0
219.172 411.721 0
286.5 426.253 0
293.092 418.458 0
279.79 418.788 0
287 437.72 0
287 446.77 0
327.111 150.069 0
220.75 429.333 0
288.244 402.667 0
129.778 146.167 0
453.333 141.333 0
