651
297 451 0
292 450 0
287 448 0
282 447 0
281 443 0
281 438 0
282 433 0
285 428 0
286 423 0
285 418 0
285 413 0
283 408 0
282 403 0
282 398 0
281 393 0
279 388 0
278 383 0
277 378 0
275 373 0
273 368 0
272 363 0
271 358 0
271 353 0
271 348 0
272 343 0
274 338 0
275 333 0
273 328 0
273 323 0
271 318 0
268 313 0
267 308 0
266 303 0
265 298 0
265 293 0
266 288 0
265 283 0
262 282 0
260 287 0
259 292 0
258 297 0
256 302 0
254 307 0
251 312 0
249 317 0
248 322 0
246 327 0
248 332 0
251 337 0
251 342 0
250 347 0
249 352 0
249 357 0
248 362 0
246 367 0
245 372 0
243 377 0
242 382 0
242 387 0
240 392 0
238 397 0
238 402 0
238 407 0
238 412 0
239 417 0
239 422 0
239 427 0
239 432 0
239 437 0
243 440 0
245 445 0
241 448 0
236 450 0
231 450 0
226 450 0
221 450 0
216 450 0
211 448 0
206 448 0
203 445 0
206 441 0
211 437 0
215 433 0
219 428 0
220 423 0
219 418 0
217 413 0
217 408 0
216 403 0
214 398 0
213 393 0
213 388 0
211 383 0
211 378 0
211 373 0
211 368 0
211 363 0
211 358 0
210 353 0
210 348 0
211 343 0
211 338 0
211 333 0
211 328 0
211 323 0
210 318 0
209 313 0
208 308 0
207 303 0
207 298 0
205 293 0
203 288 0
200 283 0
200 278 0
200 273 0
200 268 0
200 263 0
200 258 0
200 253 0
200 248 0
201 243 0
203 238 0
206 233 0
208 228 0
212 224 0
216 219 0
220 214 0
224 211 0
228 207 0
233 203 0
236 198 0
237 193 0
237 188 0
236 183 0
235 178 0
234 173 0
230 168 0
230 163 0
230 158 0
226 154 0
221 153 0
216 153 0
211 155 0
206 155 0
201 153 0
196 154 0
191 153 0
186 153 0
181 153 0
176 153 0
171 153 0
166 154 0
161 154 0
156 154 0
151 155 0
146 156 0
141 156 0
136 155 0
131 155 0
126 153 0
121 153 0
116 153 0
111 153 0
106 153 0
101 155 0
96 155 0
91 155 0
86 155 0
81 155 0
76 154 0
71 154 0
66 155 0
61 157 0
56 157 0
51 157 0
50 154 0
55 151 0
50 151 0
45 152 0
40 154 0
35 153 0
31 150 0
34 147 0
39 145 0
44 144 0
49 142 0
54 140 0
59 140 0
64 140 0
69 142 0
74 143 0
79 144 0
84 144 0
89 143 0
94 143 0
99 143 0
104 143 0
109 142 0
114 142 0
119 141 0
124 140 0
129 140 0
134 138 0
139 138 0
144 138 0
149 138 0
154 138 0
159 138 0
164 139 0
169 140 0
174 140 0
179 140 0
184 141 0
189 141 0
194 141 0
199 141 0
204 141 0
209 140 0
214 140 0
219 140 0
224 140 0
229 139 0
234 138 0
239 138 0
244 138 0
249 136 0
253 133 0
250 129 0
245 131 0
240 130 0
235 128 0
230 127 0
225 125 0
220 123 0
215 119 0
210 116 0
206 112 0
201 110 0
197 107 0
194 102 0
189 98 0
188 93 0
188 88 0
189 83 0
193 82 0
198 78 0
203 75 0
208 71 0
209 66 0
213 62 0
215 57 0
220 53 0
225 50 0
230 48 0
235 45 0
240 44 0
245 42 0
250 39 0
255 38 0
260 37 0
265 36 0
270 37 0
275 38 0
280 41 0
285 44 0
289 48 0
294 50 0
299 53 0
304 54 0
308 58 0
311 62 0
315 66 0
320 69 0
319 74 0
323 78 0
328 80 0
333 82 0
337 86 0
337 91 0
339 96 0
338 101 0
333 105 0
328 108 0
323 110 0
318 111 0
315 115 0
312 120 0
308 124 0
303 127 0
298 127 0
293 128 0
288 128 0
283 129 0
278 130 0
282 135 0
286 138 0
291 138 0
296 140 0
301 140 0
306 140 0
311 140 0
316 140 0
321 140 0
326 140 0
331 140 0
336 140 0
341 140 0
346 140 0
351 140 0
356 140 0
361 140 0
366 140 0
371 140 0
376 140 0
381 140 0
386 139 0
391 140 0
396 140 0
401 140 0
406 141 0
411 141 0
416 141 0
421 142 0
426 142 0
431 142 0
436 142 0
441 142 0
446 142 0
451 143 0
456 143 0
461 142 0
466 142 0
471 142 0
476 141 0
481 142 0
486 142 0
491 142 0
496 144 0
501 147 0
497 151 0
492 151 0
487 152 0
482 152 0
477 153 0
472 154 0
467 154 0
462 155 0
457 157 0
452 156 0
447 155 0
442 154 0
437 153 0
432 153 0
427 155 0
422 155 0
417 157 0
412 157 0
407 157 0
402 157 0
397 158 0
392 159 0
387 159 0
382 158 0
377 157 0
372 158 0
367 158 0
362 157 0
357 158 0
352 159 0
347 159 0
342 159 0
337 158 0
332 157 0
327 157 0
322 157 0
317 155 0
312 155 0
307 155 0
302 157 0
300 161 0
301 166 0
298 171 0
293 176 0
292 181 0
291 186 0
292 191 0
293 196 0
295 201 0
298 205 0
302 208 0
307 212 0
311 216 0
315 221 0
318 225 0
322 229 0
324 234 0
326 239 0
328 244 0
328 249 0
328 254 0
329 259 0
329 264 0
329 269 0
329 274 0
327 279 0
325 284 0
322 289 0
321 294 0
318 299 0
315 304 0
311 309 0
309 314 0
308 319 0
307 324 0
309 329 0
310 334 0
311 339 0
313 344 0
313 349 0
313 354 0
311 359 0
309 364 0
309 369 0
308 374 0
307 379 0
307 384 0
307 389 0
305 394 0
304 399 0
304 404 0
303 409 0
304 414 0
305 419 0
307 424 0
309 429 0
313 433 0
314 438 0
317 443 0
317 448 0
312 450 0
307 452 0
302 452 0
298 451 0
276.916 242.252 0
259.23 84.8258 0
233.145 265.5 0
230.344 300.931 0
263.747 169.651 0
264.645 201.129 0
289.913 295.5 0
292.182 348.173 0
287.246 223.506 0
301.799 245.78 0
247.921 230.921 0
237.767 101.166 0
236.911 72.5279 0
262.191 60.9544 0
290.56 93.5453 0
221.295 248.218 0
299.838 77.1621 0
231.182 227.046 0
219.018 89.8974 0
226.487 380.103 0
289.962 324.808 0
301.553 439.026 0
293.293 386.459 0
218.852 277.794 0
247.788 161.685 0
305.104 288.042 0
243.572 115.22 0
222.385 73.1027 0
298.153 65.125 0
310.691 270.538 0
278.906 73.9559 0
289.852 72.4235 0
290.97 82.9588 0
282.596 60.4501 0
230.815 341.925 0
240.917 339.575 0
322.111 94 0
297.975 109.451 0
296.489 428.69 0
291.32 437.631 0
230.272 112.488 0
255.427 102.097 0
229.227 62.1779 0
244.439 58.9118 0
230.066 83.3774 0
244.605 84.9665 0
229.098 94.3577 0
214.007 80.1581 0
204.396 91.2611 0
291.573 58.799 0
272.498 64.9484 0
266.998 75.644 0
271.756 51.5668 0
275.038 89.5183 0
276.551 109.757 0
259.93 49.0838 0
253.719 56.4173 0
246.375 105.836 0
258.395 116.695 0
235.733 55.4225 0
251.816 71.8793 0
251.989 92.2856 0
212.684 101.052 0
203.481 100.438 0
281.627 82.8939 0
265.354 107.679 0
265.374 96.0271 0
274.875 99.7063 0
260.423 69.6642 0
226.672 437.672 0
229.021 427.93 0
229.02 417.909 0
227.5 407.508 0
225.913 395.422 0
221.82 387.599 0
231.56 387.963 0
280.893 161.217 0
242.6 215.817 0
236.446 242.398 0
286.854 336.891 0
281.959 346.102 0
298.065 333.333 0
301.428 343.252 0
293.045 397.512 0
293.206 407.429 0
291.68 369.645 0
284.72 358.74 0
282.622 367.753 0
297.347 377.585 0
218.451 262.872 0
227.093 256.946 0
224.728 270.17 0
237.732 283.689 0
210.659 270.548 0
211.386 253.898 0
211.968 243.43 0
221.881 235.597 0
221.876 226.258 0
250.227 176.766 0
243.209 170.164 0
254.429 168.349 0
263.41 185.412 0
259.213 177.438 0
276.873 177.815 0
251.652 194.243 0
273.712 168.264 0
276.181 192.316 0
252.959 207.477 0
267.687 220.658 0
254.575 220.088 0
242.901 205.588 0
262.677 211.437 0
246.567 185.861 0
281.957 185.325 0
279.547 208.679 0
273.917 201.31 0
240.763 150.818 0
232.316 147.463 0
263.707 149.761 0
270.651 157.962 0
260.313 159.676 0
276.054 146.347 0
252.272 151.083 0
257.041 142.219 0
265.673 132.94 0
259.303 126.04 0
268.138 141.754 0
301.7 300.308 0
290.81 310.152 0
300.387 309.8 0
298.17 319.385 0
282.216 317.007 0
279.41 303.497 0
278.191 291.001 0
284.056 266.456 0
288.912 280.589 0
276.642 278.68 0
297.166 269.853 0
295.479 287.637 0
293.584 256.681 0
303.538 277.898 0
314.187 281.091 0
281.201 254.143 0
256.731 256.244 0
289.288 244.511 0
268.687 251.935 0
284.751 234.35 0
273.439 230.969 0
298.772 231.866 0
267.324 266.896 0
258.188 241.543 0
275.565 261.937 0
260.708 230.087 0
267.664 238.926 0
306.678 258.004 0
314.868 247.65 0
317.711 261.381 0
298.499 220.116 0
253.156 270.392 0
247.55 247.912 0
238.566 255.246 0
243.955 264.655 0
243.806 275.14 0
248.89 285.185 0
241.809 295.64 0
240.231 307.289 0
226.789 317.327 0
306.366 91.6773 0
310.34 81.1643 0
313.063 100.809 0
299.24 99.1804 0
307.61 108.781 0
287.195 104.796 0
288.595 116.363 0
223.389 103.831 0
289.964 151.689 0
240.46 225.061 0
232.404 216.869 0
287.044 378.574 0
297.806 359.046 0
303.948 352.142 0
225.784 288.773 0
218.816 298.321 0
214.81 288.025 0
228.796 279.271 0
209.389 280.081 0
284.251 170.816 0
277.925 218.934 0
289.941 212.694 0
237.761 318 0
233.289 329.672 0
222.524 333.874 0
220.459 324.519 0
219.325 309.283 0
270.27 120.38 0
279.795 120.024 0
310.933 235.564 0
228.791 362.453 0
233.521 372.046 0
221.534 370.481 0
222.542 351.473 0
220.118 342.676 0
236.638 352.863 0
238.099 362.064 0
220.444 149.151 0
149.333 148.811 0
282.667 149.58 0
417.778 148.444 0
