704
226 494 0
221 492 0
216 490 0
213 486 0
213 481 0
215 476 0
217 471 0
219 466 0
221 461 0
222 456 0
223 451 0
225 446 0
225 441 0
224 436 0
224 431 0
225 426 0
226 421 0
223 417 0
219 415 0
215 410 0
214 405 0
214 400 0
214 395 0
214 390 0
214 385 0
214 380 0
215 375 0
216 370 0
216 365 0
215 360 0
214 355 0
212 350 0
209 345 0
209 340 0
207 336 0
202 335 0
198 331 0
199 326 0
198 321 0
198 316 0
196 312 0
196 307 0
197 302 0
196 297 0
195 292 0
195 287 0
195 282 0
198 279 0
200 274 0
200 269 0
199 264 0
200 260 0
201 255 0
204 250 0
207 246 0
209 241 0
210 236 0
207 231 0
208 226 0
209 221 0
208 217 0
205 214 0
204 209 0
205 204 0
208 200 0
207 195 0
203 191 0
203 186 0
206 182 0
206 177 0
207 172 0
205 167 0
203 162 0
199 158 0
194 158 0
189 158 0
184 158 0
179 158 0
174 158 0
169 158 0
164 158 0
159 158 0
154 159 0
149 157 0
144 156 0
139 155 0
134 154 0
129 153 0
124 154 0
119 155 0
114 156 0
109 155 0
104 154 0
99 154 0
94 153 0
89 153 0
84 152 0
79 152 0
74 150 0
69 150 0
64 146 0
59 147 0
54 148 0
49 149 0
44 151 0
40 154 0
35 155 0
32 152 0
34 147 0
39 145 0
34 145 0
29 145 0
24 145 0
19 145 0
14 143 0
15 139 0
20 138 0
25 137 0
30 135 0
35 134 0
40 133 0
45 132 0
50 131 0
55 131 0
60 129 0
65 126 0
70 124 0
75 124 0
80 123 0
85 123 0
90 123 0
95 123 0
100 123 0
105 120 0
110 118 0
115 115 0
120 116 0
125 118 0
130 118 0
135 118 0
140 116 0
145 112 0
150 114 0
155 115 0
160 115 0
165 115 0
170 114 0
175 114 0
180 112 0
185 112 0
190 111 0
195 110 0
200 109 0
205 108 0
210 108 0
215 106 0
220 106 0
225 105 0
230 106 0
234 104 0
234 99 0
230 95 0
225 91 0
224 86 0
226 81 0
227 76 0
228 71 0
225 66 0
228 61 0
229 56 0
229 51 0
232 48 0
234 43 0
237 38 0
242 34 0
246 32 0
251 30 0
256 30 0
261 31 0
265 33 0
270 37 0
274 41 0
276 46 0
279 51 0
280 56 0
279 61 0
281 65 0
280 69 0
280 74 0
282 79 0
282 84 0
283 89 0
280 93 0
275 96 0
271 99 0
274 104 0
279 106 0
284 104 0
289 104 0
294 106 0
299 108 0
304 109 0
309 109 0
314 111 0
319 112 0
324 112 0
329 113 0
334 113 0
339 114 0
344 114 0
349 114 0
354 114 0
359 114 0
364 114 0
369 117 0
374 118 0
379 118 0
384 118 0
389 115 0
394 117 0
399 118 0
404 120 0
409 122 0
414 122 0
419 123 0
424 123 0
429 122 0
434 123 0
439 123 0
443 127 0
448 129 0
453 130 0
458 130 0
463 131 0
468 132 0
473 133 0
478 135 0
483 136 0
488 138 0
493 140 0
492 145 0
487 146 0
482 145 0
477 144 0
472 143 0
467 144 0
472 147 0
475 152 0
472 156 0
467 154 0
462 152 0
457 149 0
452 148 0
447 148 0
442 146 0
438 149 0
433 150 0
428 152 0
423 153 0
418 153 0
413 154 0
408 155 0
403 154 0
398 156 0
393 156 0
388 155 0
383 154 0
378 154 0
373 154 0
368 155 0
363 156 0
358 157 0
353 159 0
348 159 0
343 158 0
338 157 0
333 157 0
328 157 0
323 157 0
318 157 0
313 157 0
308 158 0
304 162 0
302 167 0
302 172 0
301 177 0
301 182 0
302 187 0
304 186 0
304 191 0
300 195 0
300 200 0
301 205 0
302 210 0
301 215 0
304 220 0
306 225 0
307 230 0
308 235 0
310 240 0
307 243 0
303 245 0
300 248 0
300 253 0
302 258 0
306 263 0
305 268 0
304 273 0
305 278 0
305 283 0
305 288 0
305 293 0
304 298 0
304 303 0
305 308 0
305 313 0
304 318 0
303 323 0
303 328 0
303 333 0
303 338 0
300 343 0
295 346 0
294 351 0
293 356 0
293 361 0
292 366 0
290 371 0
292 376 0
293 381 0
292 386 0
292 391 0
292 396 0
294 401 0
294 406 0
292 411 0
287 415 0
282 418 0
282 423 0
282 428 0
283 433 0
283 438 0
283 443 0
283 448 0
284 453 0
285 458 0
287 463 0
289 468 0
291 473 0
293 478 0
294 483 0
293 488 0
290 492 0
285 493 0
280 493 0
275 494 0
270 495 0
266 491 0
263 487 0
263 482 0
263 477 0
263 472 0
262 467 0
261 462 0
261 457 0
260 452 0
260 447 0
261 442 0
262 437 0
262 432 0
262 427 0
263 422 0
263 417 0
260 413 0
258 408 0
258 403 0
257 398 0
257 393 0
257 388 0
257 383 0
257 378 0
257 373 0
259 368 0
259 363 0
259 358 0
259 353 0
258 348 0
256 343 0
255 338 0
254 333 0
257 328 0
258 323 0
257 318 0
256 313 0
255 308 0
255 303 0
253 304 0
252 309 0
251 314 0
250 319 0
250 324 0
251 329 0
250 334 0
250 339 0
251 344 0
249 349 0
248 354 0
249 359 0
249 364 0
249 369 0
250 374 0
249 379 0
249 384 0
249 389 0
250 394 0
251 399 0
252 404 0
251 409 0
247 413 0
244 417 0
244 422 0
244 427 0
244 432 0
244 437 0
245 442 0
246 447 0
246 452 0
246 457 0
246 462 0
245 467 0
244 472 0
245 477 0
245 482 0
244 487 0
241 492 0
236 494 0
231 494 0
227 494 0
114.5 136.5 0
197.197 133.984 0
254.319 54.0278 0
157.5 136.453 0
245.407 147.937 0
236.406 271.5 0
229.427 336.5 0
224.426 306.085 0
296.342 134.288 0
320.5 134.544 0
351.5 135.919 0
279.52 305.696 0
279.375 329.875 0
254 197.5 0
233.348 212.788 0
226.93 161.128 0
266.376 130.311 0
264.785 250.5 0
277.068 197.5 0
278.119 154.548 0
280.741 230.555 0
218.598 264.5 0
210.277 308.549 0
73.4167 136.958 0
232.636 374 0
390.848 135.976 0
429 136.333 0
408 138.375 0
273.854 376.171 0
273.357 405.129 0
182.907 127.536 0
219.351 128.754 0
243.408 66 0
155.005 147.453 0
147.465 127.326 0
239.081 342.958 0
219.887 342.184 0
306.3 123.5 0
360.612 126.794 0
267.652 335.33 0
225.05 227.79 0
286.292 210 0
231.013 186.614 0
214.215 289.588 0
213.222 322.822 0
219.897 331.352 0
226.306 319.462 0
349.711 125.021 0
336.106 132.849 0
365.339 140.626 0
279.474 345.412 0
217.894 187.624 0
223.502 174.747 0
225.467 200.3 0
232.725 401.35 0
286.5 120.862 0
290.789 334.447 0
280.521 268.497 0
292.72 266.234 0
289.269 281.642 0
293.961 234.556 0
272.634 414.952 0
193.813 122.425 0
206.75 124.912 0
215.78 117.879 0
184.653 142.725 0
243.406 83.5984 0
158.152 125.657 0
170.135 131.798 0
232.121 357.703 0
308.41 135.438 0
315.214 145.259 0
301.259 146.592 0
287.728 144.865 0
288.541 198.687 0
284.407 182.606 0
290.373 222.129 0
265.775 215.487 0
216.052 299.859 0
206.33 296.298 0
237.403 311.081 0
341.775 144.554 0
352.719 147.085 0
327.336 124.792 0
316.786 124.669 0
339.95 123.793 0
372.581 130.428 0
377.622 141.678 0
268.666 346.114 0
275.027 360.492 0
215.122 178.757 0
216.52 165.749 0
239.653 198.082 0
220.247 212.325 0
226.575 218.838 0
216.674 203.628 0
296.142 124.114 0
268.276 286.13 0
188.315 134.609 0
196.314 146.087 0
210.557 141.042 0
216.906 152.583 0
206.578 150.747 0
230.576 146.699 0
234.112 86.2536 0
174.433 123.409 0
178.545 135.733 0
169.14 144.881 0
239.165 352.013 0
223.752 351.719 0
293.186 155.976 0
274.494 141.341 0
283.989 133.024 0
276.198 125.075 0
264.844 115.607 0
274.955 208.712 0
279.342 219.238 0
264.163 203.694 0
237.578 291.274 0
226.442 294.63 0
234.481 301.151 0
225.169 280.371 0
237.866 323.231 0
283.123 354.684 0
280.387 368.776 0
268.727 367.904 0
247.325 210.076 0
257.173 210.656 0
277.885 279.735 0
281.592 292.533 0
293.299 292.633 0
237.261 156.064 0
258.195 168.9 0
249.275 159.96 0
261.061 149.534 0
242.938 175.202 0
236.123 166.812 0
221.732 139.748 0
239.554 128.6 0
231.806 136.033 0
177.59 148.795 0
288.115 169.066 0
274.862 115.135 0
235.176 281.494 0
252.463 278.548 0
265.558 270.915 0
212.712 276.684 0
226.511 270.519 0
240.044 332.998 0
291.817 304.869 0
286.512 317.828 0
254.396 137.345 0
264.554 140.154 0
270.31 149.59 0
268.119 161.671 0
278.176 165.209 0
246.404 187.375 0
253.36 178.814 0
268.937 180.275 0
264.576 191.583 0
233.174 176.936 0
291.883 177.376 0
261.757 279.444 0
255.998 290.539 0
246.624 286.786 0
251.145 261.239 0
271.546 260.466 0
261.373 261.576 0
280.768 246.932 0
284.839 257.763 0
290.269 249.542 0
209.51 267.623 0
295.296 313.859 0
244.153 137.762 0
258.868 158.93 0
277.608 175.227 0
275.745 187.593 0
285.481 238.736 0
88.2577 137.76 0
80.5394 142.872 0
81.1234 132.062 0
439.103 136.321 0
398.478 143.94 0
400.37 130.413 0
418.177 134.034 0
242.336 54.0644 0
248.297 43.9296 0
260.098 43.7364 0
261.382 71.4236 0
267.95 83.8456 0
270.432 74.5863 0
255.572 94.2213 0
256.032 82.1993 0
248.821 74.7999 0
264.588 92.4064 0
142.092 140.814 0
135.472 130.363 0
130.119 141.076 0
120.637 144.497 0
233.582 412.619 0
237.748 74.7985 0
238.771 365.65 0
226.186 366.047 0
328.948 144.203 0
383.101 128.634 0
392.085 126.128 0
293.339 324.931 0
252.749 123.174 0
241.748 115.178 0
229.077 119.536 0
246.748 103.438 0
245.532 93.4416 0
258.354 105.718 0
251.607 113.179 0
246.509 270.297 0
233.784 252.018 0
270.554 238.761 0
251.045 230.812 0
238.492 225.474 0
251.682 219.996 0
269.378 226.875 0
258.604 240.175 0
253.524 250.228 0
243.907 253.913 0
241.194 240.421 0
260.632 230.804 0
228.258 240.322 0
220.385 251.195 0
219.678 235.842 0
211.74 256.806 0
101.33 136.109 0
108.126 129.185 0
107.677 144.306 0
95.6457 143.678 0
253.692 64.4143 0
266.138 59.3611 0
123.86 129.582 0
267.33 49.9205 0
229.955 478.875 0
221.857 482.967 0
271.486 317.738 0
266.924 325.958 0
267.197 306.175 0
264.89 295.999 0
274.034 298.088 0
271.445 390.613 0
266.447 398.655 0
266.558 382.375 0
280.93 384.773 0
280.817 396.762 0
228.203 387.69 0
223.861 396.706 0
224.061 378.785 0
238.159 383.351 0
239.636 393.617 0
232.38 466.479 0
234.31 454.728 0
235.109 444.546 0
234.078 434.392 0
277.516 478.609 0
274.693 466.208 0
272.456 454.749 0
271.946 443.685 0
272.468 433.165 0
316.444 136.297 0
205.333 133.351 0
