714
232 507 0
227 507 0
222 505 0
219 501 0
217 496 0
217 493 0
219 488 0
220 483 0
221 478 0
223 474 0
223 469 0
222 465 0
224 461 0
225 456 0
224 451 0
222 447 0
222 442 0
221 437 0
219 432 0
218 427 0
216 423 0
215 418 0
214 413 0
213 408 0
213 403 0
212 398 0
212 393 0
213 388 0
214 383 0
215 378 0
216 373 0
216 370 0
219 365 0
220 360 0
220 355 0
220 350 0
219 345 0
218 340 0
216 336 0
215 331 0
214 326 0
212 321 0
210 317 0
208 312 0
207 307 0
206 302 0
204 298 0
203 293 0
202 288 0
201 283 0
201 278 0
200 273 0
200 268 0
198 264 0
200 260 0
200 255 0
200 250 0
200 245 0
201 240 0
202 235 0
203 230 0
206 226 0
208 221 0
211 217 0
214 212 0
214 207 0
215 202 0
218 198 0
221 193 0
224 189 0
228 184 0
232 180 0
233 175 0
232 170 0
230 165 0
227 161 0
223 156 0
221 152 0
220 147 0
220 142 0
219 137 0
216 133 0
211 128 0
206 125 0
201 125 0
196 125 0
191 125 0
186 124 0
181 124 0
176 124 0
171 123 0
166 122 0
161 122 0
156 122 0
151 122 0
146 124 0
141 124 0
136 125 0
131 125 0
126 125 0
121 124 0
116 123 0
111 122 0
106 122 0
101 121 0
96 120 0
91 118 0
86 117 0
81 117 0
76 116 0
71 116 0
66 116 0
61 116 0
56 118 0
51 119 0
46 120 0
41 120 0
36 120 0
31 120 0
26 121 0
23 119 0
24 114 0
29 111 0
24 109 0
20 104 0
16 101 0
12 97 0
10 92 0
15 91 0
20 92 0
24 92 0
29 93 0
33 96 0
38 97 0
43 99 0
48 101 0
53 102 0
58 104 0
63 105 0
68 105 0
73 106 0
78 106 0
83 106 0
88 106 0
93 105 0
98 105 0
103 105 0
108 104 0
113 104 0
118 104 0
123 104 0
128 103 0
133 103 0
138 104 0
143 104 0
148 105 0
153 106 0
158 106 0
163 106 0
168 106 0
173 106 0
178 105 0
183 105 0
188 105 0
193 105 0
198 105 0
203 105 0
208 104 0
213 103 0
218 103 0
223 103 0
228 103 0
233 103 0
238 102 0
243 100 0
244 95 0
245 90 0
241 85 0
236 81 0
231 77 0
226 73 0
221 70 0
218 65 0
218 60 0
216 56 0
214 51 0
213 46 0
214 41 0
214 36 0
215 33 0
215 28 0
217 24 0
220 19 0
225 16 0
230 13 0
235 10 0
240 7 0
245 5 0
250 5 0
255 5 0
260 7 0
265 10 0
270 11 0
275 11 0
280 13 0
285 16 0
290 19 0
292 24 0
294 29 0
298 33 0
300 38 0
299 43 0
298 48 0
298 53 0
296 58 0
295 62 0
293 67 0
289 71 0
285 75 0
281 79 0
278 83 0
273 87 0
272 92 0
272 97 0
272 100 0
276 103 0
281 103 0
286 103 0
291 104 0
296 103 0
301 104 0
306 105 0
311 105 0
316 105 0
321 105 0
326 105 0
331 105 0
336 105 0
341 106 0
346 106 0
351 106 0
356 106 0
361 106 0
366 105 0
371 104 0
376 103 0
381 103 0
386 103 0
391 103 0
396 103 0
401 104 0
406 104 0
411 105 0
416 105 0
421 105 0
426 106 0
431 106 0
436 106 0
441 106 0
446 105 0
451 105 0
456 104 0
461 102 0
466 101 0
471 100 0
476 98 0
481 96 0
486 93 0
491 92 0
496 92 0
501 92 0
503 95 0
500 100 0
495 104 0
491 108 0
486 110 0
489 113 0
492 118 0
493 121 0
488 121 0
483 120 0
478 121 0
473 121 0
468 120 0
463 118 0
458 117 0
453 116 0
448 116 0
443 116 0
438 116 0
433 117 0
428 118 0
423 119 0
418 120 0
413 121 0
408 122 0
403 122 0
398 123 0
393 125 0
388 125 0
383 125 0
378 124 0
373 124 0
368 123 0
363 123 0
358 123 0
353 123 0
348 123 0
343 123 0
338 124 0
333 124 0
328 124 0
323 125 0
318 125 0
313 125 0
308 126 0
303 128 0
299 132 0
295 136 0
294 141 0
295 146 0
294 149 0
294 154 0
291 159 0
287 163 0
285 168 0
282 172 0
281 177 0
282 182 0
286 186 0
290 190 0
293 195 0
294 200 0
297 204 0
299 209 0
300 214 0
303 217 0
305 222 0
307 227 0
309 231 0
311 236 0
312 241 0
314 245 0
314 250 0
315 255 0
315 260 0
315 265 0
314 270 0
315 275 0
314 280 0
314 285 0
312 289 0
311 294 0
310 299 0
309 304 0
308 309 0
305 313 0
304 318 0
302 323 0
300 327 0
299 331 0
298 336 0
297 341 0
296 346 0
294 350 0
294 355 0
294 360 0
296 364 0
297 369 0
298 374 0
299 379 0
300 384 0
302 388 0
302 393 0
303 398 0
302 403 0
302 408 0
300 412 0
299 417 0
298 422 0
297 427 0
296 432 0
294 436 0
292 441 0
291 446 0
291 451 0
290 456 0
290 461 0
292 466 0
291 471 0
292 476 0
293 481 0
296 485 0
297 490 0
298 495 0
296 500 0
293 504 0
289 506 0
284 506 0
279 506 0
274 507 0
269 504 0
267 500 0
267 495 0
268 490 0
269 485 0
270 480 0
270 475 0
271 470 0
272 466 0
273 461 0
273 456 0
273 451 0
273 446 0
271 442 0
271 437 0
270 432 0
269 427 0
269 422 0
268 417 0
268 412 0
265 408 0
265 405 0
265 400 0
265 395 0
265 390 0
265 385 0
267 381 0
267 376 0
267 371 0
265 367 0
265 362 0
265 357 0
263 352 0
263 347 0
263 342 0
263 337 0
263 332 0
262 327 0
262 322 0
262 317 0
261 312 0
259 308 0
259 303 0
259 298 0
258 293 0
258 288 0
258 283 0
256 280 0
256 285 0
256 290 0
255 295 0
255 300 0
255 305 0
254 310 0
254 315 0
253 320 0
253 325 0
251 329 0
251 334 0
251 339 0
251 344 0
250 349 0
250 354 0
249 359 0
249 364 0
248 369 0
248 374 0
248 379 0
248 384 0
249 389 0
249 394 0
249 399 0
249 404 0
248 409 0
247 414 0
246 418 0
245 423 0
244 428 0
243 433 0
243 438 0
243 443 0
242 448 0
242 453 0
242 458 0
242 463 0
243 468 0
243 473 0
243 478 0
244 483 0
247 487 0
248 492 0
248 497 0
248 502 0
244 505 0
239 507 0
234 507 0
233 507 0
273.806 246.097 0
234.696 252.5 0
228.929 285.214 0
232.384 315.746 0
257.565 156.874 0
255.923 207.923 0
256.736 182.347 0
260.189 47.0574 0
283.63 300.5 0
287.686 231.826 0
292.901 257.5 0
251.364 128.16 0
242.884 194.884 0
270.994 197.006 0
274.821 33.7717 0
273.884 59.8837 0
272.808 134.162 0
233.926 227.356 0
251.65 66.5626 0
239.691 34.8182 0
253.468 23.5536 0
219.023 264 0
231.971 374.427 0
279.67 363.462 0
282.886 389.252 0
271.636 304.914 0
291.746 279.777 0
301.432 248.071 0
240.283 145.239 0
227.555 31.0677 0
302.849 282.244 0
296 116.5 0
282.5 491.056 0
296.12 303.664 0
281.727 25.9264 0
284.218 50.4436 0
277.797 149.589 0
219.444 237.364 0
272.927 289.919 0
283.572 318.842 0
303.933 258.907 0
297.054 268.884 0
288.574 245.012 0
236.664 23.1013 0
229.326 46.8472 0
292.431 291.996 0
280.192 309.66 0
283.166 286.387 0
39.6667 109.278 0
231.796 209.513 0
306.516 115.546 0
275.858 497.382 0
284.36 60.9756 0
272.336 47.8122 0
287.778 39.1148 0
305.276 273.255 0
223.339 39.5301 0
244.739 49.6479 0
231.826 60.4531 0
301.863 291.632 0
48.7799 110.121 0
316.562 115.044 0
237.856 43.7169 0
250.94 39.2633 0
262.512 34.9157 0
267.649 23.3939 0
253.72 55.8474 0
264.042 56.6676 0
236.24 52.6093 0
475.025 110.212 0
244.245 182.468 0
250.365 169.39 0
244.471 157.67 0
241.083 166.715 0
234.725 154.033 0
255.693 195.115 0
269.397 184.296 0
265.446 169.737 0
269.537 158.385 0
273.978 216.986 0
234.522 360.13 0
227.943 366.332 0
238.821 368.273 0
280.044 376.511 0
287.202 369.776 0
289.072 381.185 0
298.543 236.577 0
281.325 479.789 0
281.14 469.867 0
282.801 139.451 0
284.094 124.923 0
293.146 125.093 0
269.027 118.03 0
285.286 113.982 0
274.871 125.169 0
276.217 112.233 0
264.813 145.267 0
252.547 145.674 0
246.705 137.272 0
232.896 132.712 0
258.382 136.483 0
262.027 126.289 0
230.29 142.69 0
221.35 224.641 0
229.176 218.874 0
231.965 240 0
253.78 236.909 0
242.404 235.144 0
247.741 220.827 0
246.346 247.284 0
260.192 249.353 0
247.202 264.814 0
243.353 256.216 0
243.901 209.346 0
238.709 217.465 0
261.052 220.221 0
270.748 231.523 0
254.708 227.385 0
271.492 266.509 0
280.782 274.419 0
269.391 278.387 0
282.575 262.904 0
274.363 256.497 0
279.322 225.801 0
286.949 215.149 0
279.04 206.017 0
281.361 195.847 0
279.115 237.375 0
265.221 240.291 0
293.619 314.373 0
245.25 16.4839 0
231.606 197.852 0
239.998 69.1552 0
244.032 59.806 0
267.302 207.77 0
257.5 106.869 0
255.022 117.685 0
241.614 278.193 0
249.494 273.628 0
259.297 266.373 0
254.283 257.576 0
241.139 292.305 0
229.831 271.874 0
229.18 261.412 0
221.046 250.711 0
211.165 256.005 0
264.658 258.122 0
246.989 285.438 0
228.057 300.775 0
211.16 244.844 0
240.3 305.347 0
243.137 315.719 0
220.889 310.958 0
223.37 321.193 0
235.495 331.078 0
216.984 300.595 0
225.247 331.27 0
242.575 325.02 0
294.155 223.185 0
267.129 108.457 0
233.887 345.566 0
228.845 353.082 0
241.201 339.044 0
240.482 352.575 0
278.556 347.919 0
284.516 355.303 0
274.179 356.044 0
224.383 119.044 0
239.695 118.21 0
241.506 127.903 0
232.309 123.592 0
231.713 112.645 0
247.072 110.144 0
258.338 93.1822 0
252.036 99.6653 0
254.431 80.0138 0
245.581 76.7561 0
265.045 70.8061 0
263.328 84.538 0
275.445 70.1851 0
215.518 287.128 0
218.711 275.782 0
210.282 269.664 0
223.155 292.695 0
278.043 332.859 0
272.441 340.589 0
273.138 322.826 0
288.243 328.783 0
286.151 340.122 0
212.947 115.097 0
202.86 115.086 0
192.78 115.078 0
183.167 114.623 0
232.885 492.427 0
232 481.047 0
233.02 470.899 0
230.714 392.714 0
225.098 383.141 0
237.145 383.969 0
230.616 409.662 0
238.01 401.231 0
223.768 401.148 0
231.161 423.318 0
236.999 416.246 0
231.906 434.485 0
224.367 416.75 0
232.214 444.782 0
284 406.226 0
291.247 397.227 0
276.103 398.221 0
283.5 420.769 0
289.992 413.712 0
277.505 413.283 0
282.339 432.804 0
282 442.467 0
414.222 109.452 0
