879
131 501 0
129 496 0
129 491 0
130 486 0
130 481 0
132 476 0
135 472 0
138 469 0
143 467 0
148 466 0
153 466 0
157 464 0
162 464 0
167 463 0
172 461 0
174 456 0
176 452 0
178 447 0
179 442 0
180 437 0
182 433 0
182 428 0
183 423 0
178 422 0
173 420 0
173 415 0
175 411 0
176 406 0
175 401 0
173 398 0
171 395 0
170 392 0
165 388 0
164 383 0
162 379 0
161 374 0
162 369 0
164 365 0
165 360 0
167 355 0
168 350 0
170 346 0
172 341 0
173 336 0
175 332 0
177 327 0
179 322 0
182 318 0
184 313 0
186 308 0
188 304 0
190 299 0
191 294 0
193 290 0
195 285 0
196 280 0
198 275 0
199 271 0
201 266 0
202 261 0
203 256 0
200 252 0
201 247 0
201 242 0
202 237 0
203 232 0
204 227 0
204 222 0
206 218 0
206 213 0
207 208 0
207 203 0
207 198 0
208 193 0
208 188 0
208 183 0
208 178 0
207 173 0
207 168 0
202 166 0
197 164 0
192 164 0
187 164 0
182 163 0
177 163 0
172 162 0
167 162 0
162 161 0
157 162 0
152 162 0
147 161 0
143 159 0
138 158 0
133 159 0
128 159 0
123 159 0
118 160 0
114 161 0
109 161 0
105 159 0
100 159 0
95 159 0
90 159 0
85 159 0
81 161 0
76 161 0
71 161 0
66 161 0
61 161 0
57 159 0
54 156 0
49 158 0
44 160 0
40 161 0
35 163 0
30 163 0
25 163 0
23 160 0
25 156 0
20 156 0
16 155 0
18 151 0
19 149 0
14 148 0
10 146 0
12 141 0
17 141 0
22 140 0
27 140 0
26 138 0
21 137 0
16 136 0
11 134 0
14 130 0
19 130 0
24 130 0
29 130 0
34 131 0
39 132 0
44 132 0
42 128 0
39 123 0
39 118 0
43 115 0
47 120 0
51 124 0
56 128 0
60 130 0
62 127 0
67 126 0
72 125 0
77 124 0
82 124 0
87 123 0
92 123 0
97 123 0
102 123 0
107 122 0
112 122 0
117 122 0
122 122 0
127 123 0
132 123 0
137 123 0
142 123 0
147 123 0
152 123 0
157 123 0
162 122 0
167 121 0
172 122 0
177 121 0
182 121 0
187 121 0
192 120 0
197 120 0
202 120 0
207 120 0
212 119 0
217 119 0
221 116 0
224 112 0
229 109 0
234 107 0
239 107 0
244 105 0
242 100 0
238 96 0
236 91 0
234 87 0
234 82 0
234 77 0
229 73 0
224 69 0
221 65 0
222 60 0
226 57 0
230 54 0
230 49 0
230 44 0
230 39 0
228 35 0
233 31 0
238 28 0
243 25 0
248 21 0
253 19 0
257 16 0
262 12 0
264 13 0
262 18 0
266 19 0
271 19 0
276 19 0
281 20 0
278 23 0
278 26 0
283 29 0
284 33 0
284 38 0
284 43 0
284 48 0
285 53 0
282 56 0
287 57 0
291 60 0
291 65 0
288 69 0
285 74 0
281 77 0
279 82 0
279 87 0
279 92 0
276 94 0
272 99 0
272 104 0
275 108 0
280 108 0
284 111 0
286 112 0
290 115 0
293 118 0
298 118 0
303 118 0
308 118 0
313 118 0
318 118 0
323 119 0
328 119 0
333 119 0
338 119 0
343 120 0
348 120 0
353 121 0
358 121 0
363 121 0
368 121 0
373 121 0
378 121 0
383 121 0
388 120 0
393 120 0
398 120 0
403 121 0
408 121 0
413 121 0
418 121 0
423 121 0
428 122 0
433 122 0
438 123 0
443 124 0
447 127 0
452 126 0
456 122 0
460 118 0
465 114 0
467 113 0
470 117 0
468 121 0
466 125 0
462 129 0
467 130 0
472 130 0
477 130 0
482 130 0
486 128 0
491 127 0
496 127 0
498 132 0
493 134 0
488 136 0
483 136 0
478 136 0
475 138 0
480 138 0
485 138 0
490 139 0
495 139 0
500 141 0
499 145 0
494 146 0
489 147 0
492 151 0
490 154 0
485 155 0
485 157 0
484 162 0
480 162 0
475 161 0
471 159 0
466 158 0
461 157 0
456 156 0
452 157 0
447 158 0
442 157 0
437 157 0
432 158 0
427 158 0
422 157 0
417 157 0
412 157 0
407 157 0
402 157 0
397 158 0
392 158 0
387 158 0
382 157 0
377 157 0
372 157 0
367 157 0
362 158 0
357 159 0
352 159 0
347 159 0
342 159 0
337 159 0
333 161 0
328 161 0
323 161 0
318 162 0
313 162 0
308 163 0
303 163 0
298 164 0
297 169 0
297 174 0
298 179 0
298 184 0
299 189 0
299 194 0
300 199 0
300 204 0
302 208 0
303 213 0
303 218 0
304 223 0
304 228 0
305 233 0
306 238 0
306 243 0
304 248 0
305 253 0
306 258 0
307 263 0
308 267 0
310 272 0
311 277 0
312 282 0
315 286 0
316 291 0
317 296 0
320 300 0
321 305 0
323 310 0
326 314 0
328 319 0
329 324 0
332 328 0
333 333 0
335 338 0
336 343 0
339 347 0
341 352 0
342 357 0
344 361 0
345 366 0
346 371 0
346 376 0
346 381 0
343 385 0
340 390 0
336 394 0
332 399 0
333 404 0
333 409 0
334 414 0
335 419 0
331 422 0
326 423 0
326 428 0
327 433 0
328 438 0
329 443 0
331 448 0
333 452 0
334 457 0
337 462 0
342 463 0
347 464 0
352 464 0
356 466 0
361 467 0
366 468 0
371 469 0
375 473 0
377 478 0
378 483 0
379 488 0
380 492 0
378 496 0
376 501 0
371 501 0
366 501 0
361 501 0
356 501 0
351 500 0
346 498 0
341 497 0
337 495 0
332 491 0
327 489 0
323 485 0
318 484 0
313 483 0
308 483 0
303 481 0
301 477 0
301 472 0
301 467 0
301 462 0
300 457 0
300 452 0
300 447 0
299 442 0
299 437 0
299 432 0
298 427 0
296 423 0
291 420 0
289 416 0
289 411 0
289 406 0
285 402 0
281 398 0
277 394 0
273 389 0
270 385 0
268 380 0
268 375 0
267 370 0
265 366 0
264 361 0
264 356 0
263 351 0
263 346 0
262 341 0
262 336 0
261 331 0
261 326 0
259 322 0
259 317 0
258 312 0
256 307 0
256 302 0
253 300 0
251 304 0
250 309 0
249 314 0
248 319 0
248 324 0
248 329 0
248 334 0
247 339 0
247 344 0
245 348 0
245 353 0
245 358 0
243 363 0
242 368 0
241 373 0
241 378 0
239 382 0
237 387 0
233 391 0
229 396 0
224 400 0
220 404 0
219 409 0
219 414 0
219 419 0
215 422 0
211 425 0
211 430 0
209 434 0
209 439 0
209 444 0
208 449 0
208 454 0
207 459 0
207 464 0
207 469 0
207 474 0
206 479 0
204 483 0
199 483 0
194 483 0
189 484 0
184 486 0
179 490 0
174 493 0
169 496 0
165 498 0
160 499 0
155 500 0
150 501 0
145 501 0
140 501 0
135 501 0
132 501 0
273.664 272.253 0
215.778 320.389 0
228.663 280.541 0
199.5 142 0
256.135 51.5 0
256.5 79.5 0
168.427 141.866 0
252.702 180.5 0
205.818 357.427 0
197.73 399.054 0
295.5 141 0
325.5 140 0
288.709 308.458 0
305.873 369.127 0
311.036 405.793 0
246.341 238.068 0
230.281 180.5 0
255.854 141.885 0
274.007 171.5 0
188.319 350.428 0
325.776 373.5 0
296.66 386.34 0
286.21 358.5 0
310.975 344.71 0
224.058 244.5 0
275.732 236.254 0
233.031 136.208 0
248.642 123.856 0
213.188 379.25 0
274.973 131.041 0
72.1513 143.14 0
147.884 483.715 0
196.816 426.57 0
347.935 481.042 0
210.297 300.766 0
230.637 302.527 0
225.831 339.018 0
259.31 34.7925 0
269.94 48.735 0
245.627 84.1386 0
204.644 411.822 0
275.393 318.079 0
222.246 226.332 0
212.89 249.08 0
281.343 215.219 0
226.741 374.554 0
276.159 119.522 0
435.855 139.952 0
452.906 141.146 0
298.343 293.459 0
196.579 331.988 0
186.547 374.469 0
283.763 377.047 0
307.979 324.234 0
319.257 333.719 0
290.692 240.138 0
228.876 354.975 0
464.137 140.863 0
176.255 381.33 0
471.904 148.291 0
112.898 141.332 0
271.802 36.5989 0
214.382 236.813 0
224.996 262.695 0
262.759 123.962 0
175.538 369.105 0
188.433 388.447 0
266.588 28.5621 0
221.333 253.762 0
185.656 362.317 0
176.158 359.093 0
195.342 358.244 0
201.607 371.006 0
35.6 149.2 0
244.897 41.4249 0
321.356 411.928 0
311.644 422.511 0
300.894 412.103 0
362.788 482.583 0
267.848 65.8499 0
261.796 43.9206 0
208.927 401.246 0
205.479 389.168 0
217.221 390.341 0
192.484 414.819 0
216.212 366.073 0
444.68 136.275 0
285.873 387.714 0
295.348 374.566 0
287.918 368.16 0
277.108 365.09 0
323.608 345.614 0
316.332 358.571 0
308.928 334.552 0
293.743 342.896 0
318.42 323.266 0
278.979 254.499 0
285.936 227.71 0
291.94 218.412 0
294.911 231.399 0
264.552 134.944 0
276.628 151.321 0
254.924 131.8 0
266.421 146.207 0
244.747 137.823 0
265.807 160.175 0
242.839 160.259 0
246.846 149.301 0
257.374 152.911 0
232.737 150.353 0
255.79 112.097 0
186.334 399.665 0
178.758 349.875 0
195.824 380.333 0
249.553 32.5653 0
243.242 54.5757 0
252.673 65.5476 0
236.205 63.8529 0
243.701 71.8687 0
355.998 475.682 0
354.543 489.701 0
272.721 57.7602 0
225.369 384.49 0
217.152 354.373 0
207.821 342.303 0
198.787 348.086 0
226.096 364.578 0
302.954 355.776 0
329.133 357.237 0
323.424 364.537 0
281.541 244.632 0
261.602 171.851 0
250.315 169.14 0
241.492 176.925 0
228.133 165.152 0
216.93 142.949 0
266.226 113.946 0
260.374 59.9952 0
260.155 70.9962 0
267.904 79.364 0
262.337 90.7704 0
208.591 330.181 0
219.306 330.512 0
231.921 320.439 0
217.517 344.449 0
297.143 364.041 0
293.838 352.562 0
302.056 346.685 0
237.314 168.2 0
219.712 174.154 0
219.751 186.064 0
236.614 205.231 0
230.481 193.625 0
243.437 190.187 0
221.719 205.678 0
263.873 200.458 0
255.229 192.191 0
268.185 185.082 0
250.719 205.559 0
226.475 143.147 0
221.007 154.819 0
207.654 152.771 0
254.94 100.167 0
248.559 93.1544 0
229.478 215.814 0
236.238 228.208 0
217.791 196.166 0
283.051 183.417 0
243.805 199.423 0
263.397 218.74 0
216.667 164.24 0
196.433 152.794 0
183.957 143.417 0
234.774 239.813 0
243.278 256.977 0
232.785 252.099 0
226.329 235.099 0
241.778 247.032 0
243.4 216.834 0
253.621 215.456 0
254.747 228.296 0
266.135 229.912 0
245.502 226.1 0
273.397 222.211 0
261.652 247.13 0
256.525 238.327 0
285.573 172.113 0
280.306 162.059 0
289.716 152.837 0
301.463 151.246 0
310.455 139.154 0
276.914 195.822 0
186.124 153.523 0
177.13 133.248 0
190.838 132.936 0
201.811 131.121 0
317.418 149.523 0
301.774 130.323 0
312.311 128.647 0
287.841 193.507 0
284.422 204.312 0
273.272 207.052 0
214.044 131.061 0
225.225 127.409 0
208.419 138.721 0
236.834 124.973 0
241.987 116.477 0
322.921 129.658 0
292.311 209.16 0
53.396 142.168 0
62.9386 139.471 0
43.1321 142.227 0
139.65 490.4 0
194.35 441.174 0
190.834 433.07 0
273.189 301.003 0
290.87 325.475 0
304.94 308.289 0
313.496 314.143 0
234.413 345.65 0
214.353 274.181 0
213.438 262.66 0
223.782 272.244 0
237.542 269.733 0
216.716 288.144 0
255.658 270.212 0
245.071 284.969 0
227.396 291.737 0
238.503 294.282 0
220.64 299.648 0
222.759 311.085 0
205.32 290.291 0
200.214 299.138 0
246.7 266.184 0
255.481 257.681 0
251.708 248.395 0
267.433 257.591 0
237.867 279.051 0
265.115 267.232 0
313.238 436.663 0
278.44 345.129 0
274.476 354.889 0
284.838 335.417 0
273.397 334.843 0
270.366 325.982 0
291.953 253.125 0
286.812 266.516 0
277.811 263.822 0
296.523 262.562 0
286.078 282.769 0
282.454 274.463 0
334.224 366.766 0
238.113 310.993 0
241.966 302.723 0
217.221 216.127 0
175.048 151.075 0
278.926 308.943 0
268.35 310.308 0
285.148 317.556 0
298.299 333.198 0
298.906 317.701 0
296.769 303.041 0
307.17 298.415 0
263 285.88 0
206.464 280.346 0
200.426 315.307 0
297.314 275.774 0
295.122 284.774 0
285.506 295.807 0
274.479 283.877 0
276.929 292.673 0
264.276 296.014 0
253.805 289.968 0
210.251 311.356 0
192.017 322.152 0
318.765 466.176 0
311.155 472.968 0
330.044 473.527 0
320.921 475.197 0
340.597 473.459 0
317.21 389.1 0
328.303 385.039 0
335.56 377.404 0
320.703 399.88 0
306.03 394.454 0
298.631 401.873 0
314.477 377.448 0
306.716 384.194 0
288.074 130.171 0
283.419 141.324 0
273.974 140.472 0
284.637 122.027 0
185.793 338.226 0
185.951 329.046 0
235.902 332.032 0
191.205 456.807 0
187.548 447.938 0
198.3 450.101 0
315.039 451.6 0
308.907 444.763 0
319.658 443.466 0
323.709 457.148 0
310.734 460.465 0
193.797 469.776 0
182.976 465.195 0
173.339 476.097 0
183.522 475.388 0
159.92 477.594 0
167.516 484.789 0
157.464 488.566 0
149.733 141.558 0
158.955 149.331 0
149.314 151.412 0
159.198 134.562 0
167.925 130.652 0
345.096 139.49 0
335.099 132.114 0
335.485 146.937 0
345.04 149.343 0
326.905 151.393 0
90.0696 140.948 0
80.2754 135.216 0
81.8864 148.388 0
101.576 135.657 0
110.617 131.751 0
102.771 147.404 0
111.961 151.249 0
417.869 139.01 0
426.494 146.499 0
427.199 133.045 0
130.967 141.043 0
139.441 147.465 0
122.069 133.6 0
122.469 148.018 0
140.537 134.5 0
363.286 139.19 0
356.144 147.826 0
354.077 132.395 0
399.635 138.92 0
408.785 132.279 0
408.719 145.76 0
381.33 138.967 0
372.224 132.274 0
390.463 131.523 0
390.502 146.333 0
372.391 145.772 0
200.889 132.238 0
295.111 134.654 0
