699
189 480 0
185 478 0
185 475 0
186 470 0
190 467 0
194 463 0
194 458 0
194 453 0
195 448 0
195 443 0
195 438 0
195 433 0
195 428 0
195 423 0
195 418 0
194 413 0
194 408 0
192 404 0
192 399 0
191 394 0
191 389 0
189 385 0
189 380 0
189 375 0
191 371 0
188 368 0
186 364 0
184 360 0
184 355 0
184 350 0
184 345 0
184 340 0
186 336 0
188 332 0
189 327 0
191 323 0
192 318 0
192 313 0
194 309 0
194 304 0
192 300 0
191 295 0
189 291 0
189 286 0
191 282 0
191 277 0
191 272 0
191 267 0
191 262 0
191 257 0
191 252 0
191 247 0
192 242 0
193 238 0
194 233 0
195 228 0
195 223 0
197 219 0
198 214 0
201 210 0
201 205 0
202 201 0
203 196 0
203 191 0
202 186 0
201 183 0
201 178 0
201 173 0
201 168 0
201 163 0
199 158 0
197 154 0
197 149 0
195 145 0
194 140 0
192 136 0
191 131 0
186 130 0
181 129 0
178 131 0
173 129 0
168 129 0
163 129 0
158 129 0
153 129 0
148 129 0
143 129 0
139 132 0
134 133 0
129 133 0
124 132 0
119 132 0
115 131 0
110 130 0
106 132 0
102 131 0
98 132 0
93 132 0
88 132 0
83 132 0
79 130 0
74 130 0
69 130 0
64 130 0
60 133 0
55 134 0
51 135 0
47 138 0
43 141 0
38 141 0
37 137 0
42 135 0
40 132 0
35 132 0
30 132 0
25 132 0
20 132 0
15 132 0
11 130 0
7 128 0
11 126 0
15 125 0
20 124 0
25 124 0
29 122 0
33 119 0
38 119 0
42 118 0
46 117 0
51 116 0
56 115 0
60 114 0
65 113 0
69 111 0
74 111 0
79 109 0
82 110 0
86 108 0
91 108 0
94 108 0
99 108 0
104 107 0
108 105 0
111 105 0
116 105 0
121 104 0
126 104 0
131 104 0
135 102 0
139 104 0
144 104 0
149 104 0
154 104 0
158 102 0
162 102 0
167 101 0
171 99 0
176 98 0
180 96 0
185 95 0
189 93 0
194 92 0
199 92 0
203 90 0
207 87 0
211 84 0
216 84 0
221 83 0
224 80 0
224 75 0
221 72 0
221 67 0
219 62 0
220 59 0
217 56 0
218 51 0
218 46 0
221 42 0
223 38 0
224 33 0
226 29 0
229 25 0
233 22 0
237 19 0
242 19 0
247 19 0
252 20 0
256 23 0
259 26 0
262 30 0
263 35 0
264 40 0
265 44 0
265 49 0
265 54 0
265 59 0
265 64 0
266 69 0
266 74 0
265 79 0
270 80 0
273 84 0
277 86 0
281 83 0
285 85 0
289 88 0
293 92 0
298 93 0
302 95 0
307 96 0
311 97 0
316 99 0
320 102 0
324 103 0
328 102 0
332 104 0
337 104 0
342 104 0
347 104 0
352 105 0
356 107 0
360 105 0
365 105 0
370 105 0
375 105 0
379 107 0
384 107 0
389 108 0
394 108 0
398 109 0
403 110 0
408 111 0
413 111 0
417 113 0
422 113 0
426 115 0
431 116 0
436 117 0
440 119 0
445 119 0
449 121 0
454 122 0
458 123 0
463 124 0
468 125 0
473 125 0
476 128 0
472 131 0
468 132 0
463 132 0
458 132 0
454 130 0
449 131 0
445 132 0
445 136 0
449 138 0
446 141 0
442 140 0
437 138 0
433 135 0
429 133 0
424 132 0
420 129 0
415 129 0
410 129 0
406 128 0
402 129 0
397 129 0
392 130 0
387 130 0
382 130 0
378 132 0
373 132 0
368 132 0
364 130 0
359 130 0
354 130 0
349 130 0
344 130 0
339 129 0
334 129 0
329 130 0
324 130 0
319 130 0
314 130 0
309 130 0
304 129 0
299 130 0
295 132 0
292 136 0
291 141 0
290 145 0
289 150 0
287 154 0
285 159 0
283 163 0
283 168 0
283 173 0
283 178 0
283 183 0
282 188 0
283 193 0
283 198 0
282 203 0
285 207 0
287 212 0
290 216 0
289 219 0
289 224 0
289 229 0
291 233 0
291 238 0
292 243 0
294 247 0
294 252 0
295 257 0
295 262 0
295 267 0
295 272 0
295 277 0
295 282 0
294 287 0
293 291 0
292 296 0
292 301 0
292 306 0
294 310 0
295 315 0
297 319 0
298 324 0
299 329 0
300 333 0
300 338 0
300 343 0
300 348 0
298 352 0
297 357 0
295 361 0
297 365 0
294 368 0
295 373 0
295 378 0
297 382 0
295 386 0
295 391 0
294 396 0
294 401 0
292 405 0
292 410 0
291 415 0
291 420 0
289 424 0
289 429 0
289 434 0
291 438 0
291 443 0
291 448 0
291 453 0
292 458 0
292 463 0
295 467 0
298 471 0
301 475 0
300 480 0
295 480 0
290 480 0
285 480 0
280 480 0
275 480 0
271 478 0
269 474 0
270 469 0
269 464 0
269 459 0
270 454 0
270 449 0
270 444 0
270 439 0
270 434 0
270 429 0
270 424 0
269 419 0
268 414 0
266 410 0
265 405 0
263 401 0
262 396 0
261 392 0
260 387 0
260 382 0
260 377 0
259 372 0
258 368 0
258 363 0
260 359 0
260 354 0
257 350 0
256 349 0
255 344 0
255 340 0
253 336 0
252 331 0
252 326 0
250 322 0
249 317 0
247 313 0
246 308 0
246 303 0
246 298 0
247 293 0
247 288 0
244 284 0
244 279 0
242 278 0
240 282 0
240 287 0
240 292 0
240 297 0
242 301 0
240 305 0
239 310 0
237 314 0
237 319 0
236 324 0
234 328 0
234 333 0
232 337 0
233 341 0
233 346 0
230 349 0
230 352 0
226 353 0
226 358 0
226 363 0
228 367 0
226 371 0
226 376 0
225 381 0
225 386 0
225 391 0
224 395 0
222 400 0
221 404 0
219 409 0
218 413 0
217 418 0
216 423 0
216 428 0
216 433 0
216 438 0
216 443 0
216 448 0
216 453 0
217 458 0
216 463 0
216 468 0
217 473 0
215 477 0
211 480 0
206 480 0
201 480 0
196 480 0
191 480 0
190 480 0
217.425 268.212 0
242.815 131.079 0
266.7 137.05 0
243.004 102.004 0
244.451 77.5 0
205.286 347.5 0
216.081 306.5 0
242.161 180.568 0
243.377 41.5246 0
268.935 300.5 0
257.728 247.254 0
269.363 274.5 0
276.119 330.976 0
224.655 150.638 0
262.657 180.5 0
222.252 184.55 0
177 113.742 0
208.5 367 0
277.383 362.055 0
277.729 382 0
88.9286 119.929 0
161.138 115.55 0
206.679 400.46 0
291.426 111.722 0
326.375 116.5 0
363.043 117.442 0
259.868 96.1109 0
196.638 356.914 0
213.07 328.071 0
240.793 30.3782 0
232.674 51.5814 0
272.883 237.304 0
228.485 230.719 0
257.188 279.604 0
284.4 344.256 0
210.778 150.661 0
204.008 381.387 0
205.74 316.331 0
211.931 227.04 0
132.925 118.456 0
266.812 217.327 0
209.157 288.5 0
350.923 118.02 0
194.627 346.387 0
218.576 340.929 0
251.252 33.8262 0
233.503 37.9408 0
251.326 263.327 0
267.645 287.475 0
250.897 272.675 0
280.739 282.607 0
258.583 294.949 0
258.525 307.484 0
271.736 315.925 0
204.331 468.443 0
281.666 468.44 0
219.319 108.275 0
215.16 96.4794 0
212.531 128.823 0
229.304 98.123 0
100.518 119.498 0
78.8172 119.89 0
168.548 110.08 0
169.643 119.686 0
310.98 114.617 0
199.078 366.062 0
248.327 57.5153 0
287.812 332.906 0
283.789 320.895 0
281.307 309.816 0
270.126 343.935 0
217.741 166.014 0
214.422 376.744 0
201.695 327.015 0
200.92 337.708 0
205.042 305.242 0
145.445 116.578 0
215.388 351.208 0
281.725 269.189 0
264.535 326.186 0
205.362 457.091 0
217.699 140.227 0
205.852 139.88 0
227.759 128.794 0
201.76 129.863 0
194.618 113.757 0
205.936 106.363 0
206.1 118.513 0
216.969 118.894 0
222.869 91.8149 0
239.152 89.482 0
251.163 87.6311 0
234.405 80.2199 0
235.881 65.7591 0
113.17 117.607 0
69.7053 120.863 0
319.237 110.987 0
318.047 120.715 0
300.431 118.383 0
302.07 106.749 0
293.345 101.951 0
275.813 103.582 0
281.643 95.1447 0
241.949 50.7281 0
280.438 298.097 0
277.094 351.658 0
210.145 160.203 0
210.187 336.914 0
153.559 120.152 0
216.341 361.022 0
269.702 258.248 0
280.599 250.256 0
264.095 336.08 0
259.136 317.604 0
233.643 140.773 0
251.219 148.217 0
243.82 141.216 0
254.514 135.038 0
238.387 154.368 0
254.229 116.615 0
251.095 125.877 0
237.325 116.505 0
226.891 115.521 0
195.562 102.843 0
184.975 106.068 0
245.934 67.4195 0
254.924 73.8912 0
229.012 59.8612 0
123.207 114.326 0
276.134 290.266 0
285.054 259.491 0
270.289 247.623 0
281.822 240.753 0
251.764 165.813 0
228.988 161.829 0
239.989 166.036 0
226.961 173.587 0
245.81 111.466 0
255.051 105.814 0
266.227 112.097 0
266.486 102.736 0
278.898 116.708 0
264.092 124.618 0
275.768 128.659 0
286.304 125.033 0
278.469 140.674 0
267.779 154.466 0
270.524 145.554 0
235.986 125.331 0
234.211 106.923 0
255.319 64.2154 0
247.604 157.135 0
235.942 174.069 0
283.222 371.929 0
206 412.453 0
205.5 422.942 0
205.5 433.451 0
205.5 443.999 0
201.199 391.504 0
213.059 389.349 0
224.915 207.695 0
216.083 247.439 0
257.871 230.955 0
338.684 116.693 0
233.913 262.56 0
280.681 457.303 0
253.539 47.1404 0
201.411 295.472 0
185.804 119.488 0
262.015 266.217 0
252.396 176.727 0
264.935 167.427 0
273.295 162.469 0
272.351 175.455 0
222.202 219.904 0
211.419 215.343 0
213.677 203.596 0
222.735 196.22 0
213.623 190.752 0
233.679 189.922 0
218.556 236.313 0
205.922 239.343 0
203.991 252.192 0
213.274 258.05 0
224.668 255.389 0
204.209 267.682 0
229.116 243.447 0
210.445 277.197 0
243.133 236.372 0
224.952 281.263 0
201.286 281.878 0
203.641 230.61 0
199.687 259.999 0
242.274 216.793 0
232.659 221.062 0
252.485 239.058 0
241.471 250.504 0
227.606 271.036 0
247.817 226.358 0
254.565 216.06 0
247.459 200.324 0
251.075 188.765 0
264.902 199.436 0
261.5 208.846 0
272.333 207.965 0
242.762 259.711 0
260.916 190.307 0
271.231 187.08 0
273.749 196.169 0
268.024 227.869 0
277.66 221.42 0
279.671 230.685 0
263.253 239.153 0
221.305 294.159 0
230.266 289.729 0
227.946 304.246 0
250.566 253.713 0
236.849 206.034 0
270.958 372.142 0
375.552 119.145 0
386.674 118.879 0
396.717 118.961 0
223.118 318.478 0
223.538 328.977 0
212.944 176.998 0
278.5 397.449 0
271.199 390.07 0
284.86 389.388 0
279.629 409.771 0
279.5 420.056 0
200 114.001 0
280 114.238 0
232.097 250.667 0
135.111 118.306 0
337.778 119.194 0
