628
268 491 0
264 487 0
265 482 0
265 477 0
265 472 0
265 467 0
266 462 0
266 457 0
267 453 0
265 449 0
265 444 0
265 439 0
265 434 0
265 429 0
264 424 0
264 419 0
264 414 0
264 409 0
264 404 0
264 399 0
263 394 0
263 389 0
263 384 0
263 379 0
263 374 0
263 369 0
263 364 0
264 359 0
263 354 0
263 349 0
263 344 0
262 339 0
261 335 0
261 330 0
260 325 0
260 320 0
260 315 0
259 310 0
259 305 0
258 300 0
258 295 0
258 290 0
257 285 0
257 280 0
257 275 0
257 270 0
256 265 0
255 260 0
253 255 0
251 260 0
249 264 0
249 269 0
249 274 0
248 279 0
248 284 0
248 289 0
247 294 0
247 299 0
247 304 0
245 309 0
246 314 0
245 319 0
245 324 0
245 329 0
244 334 0
244 339 0
243 344 0
243 349 0
243 354 0
243 359 0
243 364 0
243 369 0
244 374 0
244 379 0
243 384 0
243 389 0
243 394 0
243 399 0
243 404 0
243 409 0
243 414 0
242 419 0
242 424 0
242 429 0
242 434 0
242 439 0
242 444 0
242 449 0
241 452 0
241 457 0
241 462 0
242 467 0
242 472 0
242 477 0
241 482 0
241 487 0
236 490 0
231 491 0
226 491 0
221 490 0
216 488 0
215 483 0
216 478 0
218 473 0
219 468 0
219 463 0
221 459 0
221 454 0
220 449 0
219 445 0
219 440 0
219 437 0
219 432 0
219 427 0
219 422 0
218 417 0
218 412 0
218 407 0
218 402 0
218 397 0
218 392 0
218 387 0
218 382 0
218 377 0
219 374 0
219 369 0
219 364 0
219 359 0
219 354 0
219 349 0
219 344 0
218 339 0
218 334 0
218 329 0
218 324 0
218 319 0
217 314 0
217 309 0
217 304 0
217 299 0
216 294 0
216 289 0
216 284 0
216 279 0
216 274 0
216 269 0
216 264 0
215 259 0
215 254 0
211 251 0
206 251 0
203 248 0
204 243 0
205 238 0
206 233 0
207 228 0
208 223 0
210 219 0
211 214 0
212 209 0
213 204 0
214 199 0
215 194 0
216 189 0
217 184 0
215 179 0
216 174 0
219 169 0
219 164 0
220 160 0
219 156 0
219 151 0
218 146 0
217 141 0
216 136 0
211 133 0
206 131 0
202 127 0
197 125 0
192 124 0
187 123 0
182 123 0
177 123 0
172 123 0
167 123 0
162 123 0
157 123 0
152 123 0
147 123 0
142 123 0
137 123 0
132 123 0
127 123 0
122 123 0
117 123 0
112 123 0
107 124 0
102 124 0
97 124 0
92 125 0
87 125 0
82 125 0
79 120 0
74 120 0
69 121 0
64 122 0
59 123 0
54 123 0
49 122 0
52 119 0
57 118 0
52 117 0
47 117 0
42 115 0
37 113 0
37 109 0
42 109 0
47 108 0
52 108 0
57 108 0
62 107 0
67 107 0
72 107 0
77 107 0
80 103 0
84 101 0
89 102 0
94 103 0
99 102 0
104 102 0
109 103 0
114 103 0
119 103 0
124 103 0
129 103 0
134 103 0
139 103 0
144 102 0
149 103 0
154 102 0
159 102 0
164 102 0
169 102 0
174 102 0
179 102 0
184 102 0
189 102 0
194 102 0
199 101 0
204 100 0
209 98 0
213 95 0
218 96 0
222 98 0
226 96 0
231 94 0
236 91 0
239 86 0
237 83 0
235 80 0
233 75 0
229 71 0
226 67 0
225 62 0
221 60 0
222 57 0
224 52 0
226 47 0
227 42 0
227 37 0
228 32 0
232 34 0
236 31 0
241 28 0
244 24 0
244 21 0
249 23 0
254 25 0
259 26 0
264 28 0
269 31 0
274 31 0
276 34 0
278 36 0
277 41 0
280 46 0
285 48 0
283 52 0
283 57 0
285 61 0
283 62 0
281 65 0
279 69 0
275 72 0
273 77 0
272 82 0
268 83 0
267 87 0
271 92 0
276 94 0
281 96 0
286 94 0
291 94 0
296 95 0
300 99 0
305 98 0
310 101 0
315 101 0
320 101 0
325 101 0
330 100 0
335 100 0
340 100 0
345 100 0
350 100 0
355 101 0
360 101 0
365 100 0
370 100 0
375 101 0
380 101 0
385 100 0
390 100 0
395 100 0
400 100 0
405 99 0
410 99 0
415 99 0
420 98 0
425 98 0
429 99 0
432 103 0
437 103 0
442 103 0
447 103 0
452 103 0
457 104 0
462 104 0
467 104 0
472 104 0
476 106 0
472 110 0
467 111 0
463 113 0
458 113 0
457 116 0
462 118 0
458 120 0
453 119 0
448 119 0
443 118 0
438 118 0
433 116 0
429 119 0
426 122 0
421 122 0
416 122 0
411 121 0
406 121 0
401 121 0
396 121 0
391 121 0
386 121 0
381 119 0
376 120 0
371 121 0
366 121 0
361 121 0
356 121 0
351 121 0
346 121 0
341 121 0
336 121 0
331 121 0
326 122 0
321 122 0
316 123 0
311 124 0
307 126 0
306 131 0
305 136 0
304 141 0
302 145 0
300 150 0
299 155 0
299 160 0
299 165 0
298 170 0
298 175 0
298 180 0
298 185 0
298 190 0
298 195 0
298 200 0
298 205 0
296 209 0
295 213 0
296 218 0
297 223 0
298 228 0
299 233 0
301 238 0
302 243 0
304 247 0
301 250 0
296 251 0
291 252 0
290 257 0
290 262 0
290 267 0
289 272 0
288 277 0
289 282 0
289 287 0
289 292 0
289 297 0
289 302 0
288 307 0
288 312 0
287 317 0
288 322 0
287 327 0
287 332 0
287 337 0
286 342 0
287 347 0
287 352 0
286 357 0
286 362 0
287 367 0
287 372 0
287 377 0
288 382 0
288 387 0
288 392 0
288 397 0
288 402 0
288 407 0
288 412 0
287 417 0
287 422 0
287 427 0
287 432 0
286 437 0
286 442 0
286 447 0
284 452 0
286 456 0
287 461 0
287 466 0
287 471 0
287 476 0
288 481 0
289 486 0
286 490 0
281 491 0
276 491 0
271 491 0
269 491 0
255.589 201.022 0
256.672 130.466 0
269.286 231.143 0
237.481 221.896 0
234.768 200.554 0
267.277 172.5 0
276.722 197.5 0
236.508 134.498 0
265.899 112.001 0
279.023 138.709 0
236.073 113.934 0
230.777 379.535 0
243.399 167.155 0
216.224 115.413 0
232 301.2 0
302.445 112.773 0
273.889 322 0
288.66 108.302 0
229.015 478.739 0
253.466 66.0238 0
252.501 45.4959 0
266.925 57.2313 0
239.667 44.3545 0
239.678 60.8654 0
422.268 109.457 0
264.647 42.6827 0
249.455 34.9703 0
245.401 52.6063 0
276.159 479.583 0
231 367.435 0
231.977 178.364 0
276.793 107.156 0
281.281 122.694 0
230.492 467.322 0
243.608 71.367 0
254.556 79.8003 0
234.176 52.6135 0
271.296 49.094 0
258.694 35.5893 0
292.664 119.443 0
262.839 72.2136 0
230.572 392.105 0
225.718 108.898 0
313.599 112.086 0
324.18 111.563 0
334.675 110.539 0
345.191 110.515 0
355.196 111.015 0
365.697 110.491 0
256.262 55.6057 0
411.243 109.966 0
400.742 110.488 0
390.226 110.513 0
276.087 468.408 0
276.049 458.278 0
231 355.358 0
231.135 166.081 0
238.626 151.107 0
229.473 155.889 0
248.985 184.272 0
269.818 129.245 0
262.501 121.841 0
248.962 118.973 0
245.958 129.321 0
249.938 142.787 0
264.838 143.297 0
248.002 102.429 0
240.919 142.375 0
251.048 156.147 0
255.83 167.63 0
264.852 157.136 0
258.061 178.276 0
269.326 186.01 0
244.681 110.922 0
255.592 92.3637 0
259.211 102.988 0
245.862 92.9205 0
281.607 162.364 0
283.642 184.92 0
265.691 196.475 0
269.664 213.583 0
258.491 188.795 0
271.938 163.891 0
287.224 195.084 0
230.406 404.718 0
231 343.34 0
241.947 177.099 0
245.299 195.402 0
235.722 189.163 0
225.944 194.08 0
225.95 185.066 0
237.098 103.06 0
268.847 101.508 0
275.956 151.013 0
287.849 147.444 0
291.734 134.692 0
289.56 156.925 0
297.454 127.388 0
279.062 173.964 0
288.088 169.865 0
282.245 209.514 0
279.523 222.58 0
286.932 217.307 0
283.653 237.917 0
269.69 248.906 0
287.797 228.576 0
292.307 242.118 0
273.926 239.923 0
280.619 248.569 0
254.685 222.044 0
230.099 416.815 0
230.469 428.358 0
230.516 439.874 0
231.285 330.02 0
257.093 240.307 0
260.311 249.12 0
236.579 242.509 0
259.42 230.71 0
245.951 232.525 0
247.274 245.488 0
246.176 211.148 0
235.395 211.318 0
223.903 219.079 0
224.56 206.549 0
228.34 231.822 0
223.544 244.038 0
231.858 258.587 0
217.282 234.53 0
224.247 253.286 0
241.773 254.635 0
216.993 225.262 0
258.714 211.687 0
230.729 450.286 0
231.5 316.243 0
226.289 308.54 0
203.236 113.436 0
210.79 107.463 0
192.171 112.925 0
226.875 124.415 0
237.121 124.13 0
226.213 134.691 0
229.619 145.017 0
217.057 125.23 0
274.253 334.912 0
274.915 346.979 0
275.002 358.024 0
275.047 370.123 0
275.473 382.66 0
273.403 307.406 0
232.256 274.861 0
238.748 266.56 0
225.951 266.873 0
275.755 395.056 0
275.927 407.128 0
275.56 418.686 0
276.096 429.798 0
275.516 440.389 0
273.445 291.85 0
267.668 299.612 0
279.448 299.644 0
234.628 288.055 0
225.996 293.164 0
226.018 282.792 0
272.478 276.344 0
266.867 284.477 0
279.186 283.709 0
269.681 262.768 0
279.622 259.114 0
279.411 269.123 0
