696
224 503 0
219 502 0
214 502 0
209 501 0
205 499 0
202 495 0
202 490 0
202 485 0
203 480 0
203 475 0
205 471 0
205 466 0
205 463 0
205 458 0
206 453 0
206 448 0
207 443 0
207 438 0
209 434 0
209 430 0
209 425 0
207 421 0
207 416 0
207 411 0
207 406 0
207 401 0
206 396 0
206 391 0
205 386 0
206 381 0
207 376 0
207 371 0
209 367 0
210 362 0
210 357 0
210 352 0
209 347 0
209 342 0
207 338 0
206 333 0
206 328 0
206 323 0
203 319 0
202 314 0
203 309 0
202 304 0
202 299 0
202 294 0
202 289 0
201 284 0
202 279 0
202 274 0
201 269 0
201 264 0
202 259 0
201 254 0
201 249 0
201 244 0
201 239 0
203 234 0
203 229 0
205 225 0
207 220 0
209 216 0
209 211 0
210 206 0
213 202 0
216 199 0
220 195 0
222 190 0
225 186 0
228 182 0
231 178 0
233 173 0
235 169 0
236 164 0
235 159 0
233 155 0
232 150 0
230 146 0
228 141 0
224 137 0
222 133 0
222 128 0
222 123 0
218 119 0
213 119 0
208 119 0
203 119 0
198 119 0
193 120 0
188 121 0
183 121 0
178 121 0
173 121 0
168 121 0
163 121 0
158 121 0
153 119 0
148 120 0
143 120 0
138 120 0
133 120 0
128 120 0
123 120 0
118 120 0
113 119 0
108 119 0
103 120 0
98 120 0
93 120 0
88 119 0
83 119 0
78 120 0
73 119 0
68 119 0
63 119 0
58 120 0
53 120 0
48 119 0
44 116 0
39 116 0
34 116 0
29 116 0
24 115 0
19 113 0
17 109 0
22 108 0
27 108 0
32 108 0
37 107 0
42 107 0
47 107 0
52 107 0
57 107 0
62 107 0
67 108 0
72 108 0
75 105 0
80 105 0
84 107 0
89 107 0
94 107 0
99 107 0
103 105 0
108 105 0
113 105 0
118 105 0
123 104 0
128 104 0
133 104 0
138 104 0
143 105 0
148 105 0
153 105 0
156 102 0
161 102 0
165 100 0
170 100 0
175 100 0
180 100 0
185 100 0
190 99 0
195 100 0
200 100 0
205 100 0
210 100 0
215 100 0
219 97 0
220 92 0
221 87 0
221 82 0
221 77 0
220 72 0
218 68 0
218 63 0
221 59 0
222 54 0
224 50 0
224 45 0
224 40 0
225 35 0
228 31 0
229 26 0
232 22 0
236 19 0
240 16 0
245 13 0
250 13 0
255 13 0
260 13 0
265 13 0
270 14 0
275 16 0
279 19 0
283 22 0
285 27 0
287 30 0
291 32 0
290 37 0
290 42 0
291 47 0
292 52 0
294 56 0
295 61 0
295 66 0
295 71 0
295 76 0
294 81 0
294 86 0
295 91 0
298 95 0
301 99 0
306 100 0
311 100 0
316 100 0
321 100 0
326 100 0
331 100 0
336 100 0
341 100 0
346 100 0
351 100 0
356 100 0
360 101 0
364 104 0
369 104 0
374 104 0
379 104 0
384 104 0
389 104 0
394 104 0
399 104 0
404 104 0
409 104 0
414 105 0
419 105 0
424 103 0
429 103 0
434 103 0
439 104 0
442 108 0
447 108 0
452 107 0
457 107 0
462 107 0
467 107 0
472 107 0
477 107 0
482 108 0
487 108 0
492 108 0
497 108 0
495 112 0
490 114 0
485 114 0
480 114 0
475 115 0
470 115 0
467 118 0
464 120 0
459 119 0
454 119 0
449 118 0
445 116 0
440 116 0
439 121 0
438 126 0
435 128 0
430 127 0
425 128 0
420 127 0
421 122 0
419 118 0
414 119 0
409 119 0
404 119 0
399 120 0
394 120 0
389 120 0
384 120 0
379 120 0
374 120 0
369 119 0
364 119 0
360 121 0
355 121 0
350 121 0
345 121 0
340 121 0
335 120 0
330 120 0
325 120 0
320 120 0
315 120 0
310 120 0
305 120 0
300 120 0
295 120 0
291 122 0
291 127 0
291 132 0
290 137 0
287 141 0
284 145 0
282 150 0
280 154 0
280 159 0
279 164 0
279 169 0
281 174 0
283 178 0
287 182 0
290 186 0
292 191 0
295 195 0
298 198 0
302 201 0
303 206 0
305 210 0
306 215 0
307 220 0
310 224 0
311 229 0
313 233 0
313 238 0
313 243 0
313 248 0
313 253 0
313 258 0
313 263 0
313 268 0
313 273 0
313 278 0
313 283 0
313 288 0
311 292 0
311 297 0
311 302 0
311 307 0
310 312 0
310 317 0
309 322 0
309 327 0
307 331 0
307 336 0
306 341 0
306 346 0
305 351 0
305 356 0
305 361 0
306 366 0
306 371 0
307 376 0
309 380 0
309 385 0
309 390 0
309 395 0
307 398 0
307 403 0
307 408 0
307 413 0
307 418 0
307 423 0
306 428 0
306 433 0
307 438 0
307 443 0
309 447 0
309 452 0
310 457 0
310 462 0
311 467 0
309 471 0
310 476 0
310 481 0
311 486 0
313 490 0
313 495 0
309 499 0
305 501 0
300 502 0
295 502 0
290 502 0
285 502 0
281 500 0
276 498 0
275 493 0
275 488 0
275 483 0
276 478 0
277 473 0
278 469 0
279 464 0
280 459 0
281 454 0
280 449 0
280 444 0
280 439 0
280 434 0
280 429 0
281 424 0
281 419 0
280 414 0
280 409 0
279 404 0
279 399 0
277 395 0
277 390 0
277 385 0
277 380 0
277 375 0
277 370 0
277 365 0
276 360 0
275 355 0
275 350 0
275 345 0
273 341 0
273 336 0
273 331 0
273 326 0
272 321 0
272 316 0
272 311 0
271 306 0
271 301 0
271 296 0
269 292 0
269 287 0
268 282 0
267 277 0
267 272 0
266 267 0
265 263 0
264 258 0
264 253 0
260 249 0
256 246 0
253 250 0
252 255 0
251 260 0
251 265 0
249 269 0
248 274 0
248 279 0
247 284 0
245 288 0
245 293 0
245 298 0
244 303 0
243 308 0
243 313 0
243 318 0
243 323 0
241 327 0
241 332 0
241 337 0
241 342 0
241 347 0
241 352 0
239 357 0
239 362 0
239 367 0
239 372 0
239 377 0
239 382 0
239 387 0
237 391 0
237 396 0
236 401 0
236 406 0
236 411 0
235 416 0
235 421 0
235 426 0
235 431 0
235 436 0
235 441 0
235 446 0
235 451 0
236 456 0
236 461 0
237 466 0
237 469 0
237 474 0
237 479 0
239 483 0
240 488 0
240 493 0
238 497 0
234 501 0
229 502 0
225 503 0
256.807 135.096 0
232.863 230.431 0
257 188.5 0
257.473 79.5 0
225 266.5 0
223.453 291.5 0
257.5 166.5 0
281.592 231.408 0
288.5 255.7 0
290.509 280.098 0
261.653 50.2693 0
250.08 33.6065 0
221 417.611 0
223.052 374.845 0
220.956 441.379 0
219.987 479.053 0
224.237 318.553 0
289.726 337.005 0
292.74 391.224 0
294.816 450.43 0
217.978 232.606 0
237.625 261.75 0
296.842 236.868 0
284.408 212.058 0
301.294 285.121 0
281.487 288.947 0
276.192 62.2694 0
242.747 61.2491 0
225.433 349.087 0
273.549 129.633 0
239.987 200.215 0
247.644 23.3126 0
268.127 33.4049 0
238.031 40.8473 0
231.232 66.3256 0
233.384 55.6077 0
242.574 76.4545 0
240.235 127.468 0
226.799 213.514 0
235.161 274.355 0
223.489 278.954 0
213.315 285.198 0
213.899 271.472 0
213.219 296.659 0
223.854 305.026 0
225.516 248.719 0
239.199 30.085 0
249.531 46.3383 0
252.826 56.8358 0
263.84 62.4266 0
252.06 68.8013 0
270.171 74.5117 0
231.797 77.1081 0
245.086 102.13 0
237.979 89.8648 0
224.315 223.95 0
214.389 312.062 0
233.253 297.979 0
232.369 311.554 0
228.901 257.715 0
226.436 238.469 0
240.277 242.948 0
282.625 73.0351 0
272.215 98.3722 0
277.832 85.8731 0
248.395 85.9417 0
260.019 92.7049 0
250.963 94.8991 0
231.614 101.745 0
242.198 252.807 0
284.098 96.2005 0
280.653 110.945 0
267.197 84.7812 0
238.008 113.908 0
291.217 105.639 0
280.407 121.546 0
261.806 114.475 0
257.922 103.836 0
231.943 121.868 0
270.471 108.66 0
249.794 118.935 0
250.619 109.642 0
258.75 124.651 0
249.783 128.542 0
243.966 141.819 0
226.729 111.889 0
256.85 150.805 0
236.252 136.164 0
252.744 142.962 0
268.622 142.919 0
267.245 158.235 0
268.092 169.111 0
260.388 177.571 0
246.055 179.117 0
271.519 187.012 0
247.482 159.054 0
247.75 169.155 0
277.052 138.488 0
245.817 190.47 0
234.909 190.561 0
272.26 177.592 0
266.093 205.643 0
253.322 201.576 0
253.427 223.331 0
245.471 212.492 0
256.902 212.441 0
241.948 223.416 0
235.937 209.387 0
229.134 200.903 0
270.153 220.745 0
247.765 233.751 0
241.866 151.224 0
265.025 195.226 0
274.312 211.53 0
280.049 198.589 0
280.289 221.338 0
293.698 221.735 0
294.548 211.62 0
267.022 235.572 0
257.612 232.353 0
289.043 203.118 0
280.758 189.135 0
301.124 228.086 0
290.602 230.271 0
273.053 229.101 0
277.774 245.622 0
286.951 240.467 0
276.347 257.887 0
284.497 268.311 0
298.723 265.887 0
268.47 244.799 0
278.599 277.989 0
300.678 253.701 0
303.044 275.098 0
429.212 113.975 0
220.874 429.495 0
220.79 456.6 0
215.355 448.929 0
226.021 449.046 0
227.369 489.397 0
215.422 490.116 0
293.294 405.075 0
293.26 437.129 0
293.76 424.372 0
290.279 414.802 0
276.196 47.458 0
282.622 54.8654 0
270.084 54.8621 0
267.781 42.9467 0
257.852 40.3192 0
285.647 63.9497 0
225.953 362.124 0
218.191 367.045 0
219.164 355.866 0
222.228 333.922 0
218.47 342.637 0
216.227 325.322 0
230.402 327.174 0
230.715 340.049 0
259.538 25.0049 0
269.163 23.7545 0
233.594 285.855 0
215.271 257.32 0
213.546 244.863 0
303.282 244.254 0
216.702 467.694 0
226.683 470.962 0
278.483 36.8015 0
221.5 402.984 0
215.978 410.118 0
226.818 410.488 0
289.947 352.097 0
284.333 344.631 0
296.23 344.458 0
291.463 366.565 0
285.163 359.912 0
296.166 358.759 0
294.69 378.761 0
286.547 383.871 0
286.364 374.439 0
294.37 465.912 0
300.407 458.338 0
289.409 458.022 0
294 300.545 0
291.767 290.405 0
301.657 294.729 0
282.493 300.411 0
220.089 388.794 0
215.119 396.454 0
215.464 380.522 0
228.812 383.358 0
227.333 395.239 0
292.663 483.32 0
285.1 490.45 0
299.344 475.188 0
287.552 474.031 0
300.952 490.681 0
290.926 318.665 0
288.149 308.873 0
299.088 310.34 0
296.356 328.23 0
284.046 327.425 0
