751
270 499 0
265 498 0
261 495 0
260 490 0
260 485 0
260 480 0
258 476 0
258 471 0
258 466 0
258 461 0
258 456 0
259 451 0
260 446 0
261 441 0
264 437 0
262 432 0
262 427 0
262 422 0
262 417 0
261 412 0
262 407 0
260 402 0
259 397 0
258 392 0
258 387 0
258 382 0
256 377 0
256 372 0
257 367 0
258 362 0
258 357 0
258 352 0
257 347 0
259 343 0
261 338 0
260 333 0
258 328 0
257 323 0
255 318 0
254 313 0
252 308 0
251 303 0
250 298 0
250 293 0
249 288 0
249 283 0
248 278 0
248 273 0
247 268 0
243 267 0
243 272 0
242 277 0
241 282 0
240 287 0
239 292 0
238 297 0
237 302 0
236 307 0
234 312 0
232 317 0
230 322 0
228 327 0
227 332 0
226 337 0
227 342 0
228 346 0
228 351 0
225 356 0
226 361 0
227 366 0
227 371 0
227 376 0
227 381 0
226 386 0
224 391 0
223 396 0
222 401 0
221 406 0
220 411 0
219 416 0
218 421 0
219 426 0
219 431 0
216 435 0
219 440 0
220 445 0
220 450 0
220 455 0
221 460 0
221 465 0
220 470 0
219 475 0
216 479 0
214 484 0
214 489 0
211 492 0
208 495 0
204 496 0
199 496 0
194 496 0
189 495 0
184 495 0
179 493 0
174 494 0
171 490 0
171 485 0
172 480 0
173 475 0
176 471 0
178 466 0
181 462 0
182 457 0
183 452 0
185 447 0
189 443 0
192 438 0
191 433 0
190 429 0
190 424 0
190 419 0
190 414 0
189 409 0
188 404 0
187 399 0
187 394 0
187 389 0
186 384 0
186 379 0
187 374 0
187 369 0
186 364 0
187 359 0
190 354 0
190 349 0
190 344 0
190 339 0
191 334 0
190 329 0
190 324 0
189 319 0
187 314 0
187 309 0
185 304 0
185 299 0
185 294 0
186 289 0
187 284 0
187 279 0
190 275 0
190 270 0
191 265 0
193 260 0
194 255 0
196 250 0
198 245 0
201 240 0
201 235 0
203 230 0
204 225 0
204 220 0
205 215 0
206 210 0
207 205 0
208 200 0
208 195 0
208 190 0
208 185 0
206 180 0
205 175 0
204 170 0
204 165 0
202 160 0
198 155 0
196 150 0
193 145 0
188 141 0
183 140 0
178 140 0
173 140 0
168 140 0
163 138 0
158 136 0
153 134 0
148 132 0
143 131 0
138 131 0
133 133 0
128 134 0
123 134 0
118 132 0
113 131 0
108 131 0
103 131 0
98 131 0
93 129 0
88 127 0
83 125 0
78 122 0
73 119 0
68 117 0
63 117 0
58 114 0
53 113 0
48 114 0
43 114 0
38 114 0
33 114 0
28 114 0
23 115 0
18 116 0
14 114 0
17 111 0
22 109 0
27 109 0
32 108 0
32 103 0
27 102 0
22 100 0
17 99 0
12 97 0
7 96 0
3 94 0
5 91 0
10 92 0
15 93 0
20 94 0
25 94 0
30 94 0
35 93 0
40 94 0
45 94 0
50 94 0
55 95 0
60 94 0
65 94 0
70 92 0
75 93 0
80 94 0
85 94 0
90 94 0
95 91 0
100 91 0
105 91 0
110 91 0
115 91 0
120 92 0
125 92 0
130 92 0
135 94 0
138 99 0
143 100 0
148 99 0
153 98 0
158 99 0
160 94 0
160 89 0
163 85 0
168 86 0
173 85 0
175 80 0
180 79 0
185 80 0
190 82 0
195 82 0
200 84 0
205 86 0
208 82 0
212 78 0
217 78 0
222 77 0
227 76 0
225 72 0
224 67 0
225 62 0
228 57 0
229 52 0
228 47 0
231 42 0
233 37 0
237 34 0
242 32 0
247 30 0
252 28 0
257 30 0
262 32 0
267 34 0
270 36 0
272 41 0
275 46 0
276 51 0
277 56 0
278 61 0
280 66 0
280 71 0
277 76 0
279 79 0
284 80 0
289 81 0
294 83 0
295 88 0
295 93 0
290 97 0
293 100 0
298 101 0
303 99 0
308 97 0
313 97 0
318 99 0
323 99 0
328 101 0
333 103 0
338 104 0
343 104 0
348 105 0
353 106 0
358 107 0
363 107 0
367 103 0
372 101 0
376 101 0
381 101 0
386 101 0
391 100 0
396 101 0
401 101 0
406 102 0
411 104 0
416 106 0
421 106 0
426 105 0
431 104 0
436 105 0
441 107 0
446 108 0
451 108 0
456 108 0
461 108 0
466 109 0
471 108 0
476 108 0
481 109 0
486 109 0
491 108 0
496 107 0
501 108 0
499 111 0
494 113 0
489 114 0
484 115 0
479 116 0
474 117 0
469 119 0
471 123 0
476 124 0
481 126 0
486 128 0
484 131 0
479 131 0
474 129 0
469 129 0
464 128 0
459 128 0
454 128 0
449 127 0
444 128 0
439 129 0
435 128 0
431 130 0
426 132 0
421 134 0
416 137 0
411 139 0
406 140 0
401 141 0
396 142 0
391 141 0
386 141 0
381 141 0
376 142 0
371 142 0
366 141 0
361 139 0
356 139 0
351 139 0
346 140 0
341 143 0
336 144 0
331 145 0
326 146 0
321 146 0
316 146 0
311 146 0
306 148 0
302 153 0
298 158 0
296 163 0
293 167 0
293 172 0
291 177 0
289 182 0
290 187 0
290 192 0
291 196 0
291 201 0
291 206 0
287 209 0
289 214 0
290 219 0
292 224 0
292 229 0
292 234 0
293 239 0
295 244 0
295 249 0
296 254 0
297 259 0
298 264 0
299 269 0
300 274 0
301 279 0
302 284 0
302 289 0
303 294 0
303 299 0
302 304 0
302 309 0
300 314 0
299 319 0
297 324 0
296 329 0
295 334 0
294 339 0
295 344 0
295 349 0
294 354 0
296 358 0
297 363 0
298 368 0
298 373 0
297 378 0
297 383 0
297 388 0
295 392 0
295 397 0
295 402 0
293 407 0
292 412 0
292 417 0
291 422 0
292 427 0
290 432 0
289 437 0
288 442 0
289 446 0
293 450 0
295 455 0
295 460 0
297 465 0
297 470 0
299 475 0
302 480 0
303 485 0
303 490 0
303 495 0
300 498 0
295 499 0
290 499 0
285 499 0
280 499 0
275 499 0
271 499 0
254.149 230.906 0
113.604 110.98 0
191.694 112.015 0
252.557 59.3115 0
248.648 187.5 0
212.209 291.642 0
218.15 262.43 0
206.355 380.471 0
201.007 463.401 0
209.77 316.808 0
272.365 265.527 0
309.341 122.102 0
331.455 123.723 0
276.605 301.058 0
277.451 369.51 0
269.794 218.782 0
228.538 232.508 0
228.247 187.5 0
269.34 188.532 0
269.66 131.228 0
237.194 148.822 0
231.694 112.468 0
253.841 93.6058 0
288.521 138.117 0
216.171 134.498 0
276.196 349.466 0
277.523 471.384 0
200.876 283.625 0
281.664 384.314 0
277.569 199.284 0
71.1395 104.895 0
153 115.5 0
186.65 480.752 0
391 120.688 0
276.019 429.396 0
274.432 447.025 0
276.583 412 0
125.717 119.417 0
100.616 116.919 0
192.214 96.9301 0
242.678 49.5356 0
200.184 301.163 0
276.547 247.491 0
320.386 113.068 0
215.143 237.629 0
171.665 120.677 0
98.4511 104.004 0
258.408 46.0463 0
182.559 91.042 0
87.8879 112.414 0
208.694 346.528 0
204.396 426.199 0
126.082 105.561 0
264.781 67.6521 0
239.438 67.0876 0
202.824 364.365 0
220.824 96.7357 0
214.183 276.833 0
286.742 374.867 0
270.182 379.58 0
267.053 369.663 0
272.108 359.783 0
283.426 358.3 0
271.484 392.714 0
282.982 396.281 0
274.863 402.138 0
279.767 189.077 0
276.208 210.041 0
60.9285 104.193 0
375.479 116.955 0
279.008 438.551 0
271.726 420.55 0
115.579 121.059 0
195.565 292.198 0
212.507 304.372 0
224.225 297.729 0
220.921 312.743 0
308.572 109.892 0
330.864 113.26 0
320.301 124.234 0
326.349 134.257 0
312.738 133.872 0
299.795 131.233 0
304.984 138.844 0
284.729 119.233 0
290.072 127.983 0
280.192 131.656 0
297.404 117.5 0
289.933 110.076 0
270.425 105.046 0
279.498 110.202 0
269.004 118.106 0
276.536 123.281 0
248.776 125.694 0
254.801 109.954 0
260.101 125.128 0
217.673 224.166 0
227.077 248.765 0
78.4108 111.111 0
204.244 438.451 0
116.915 101.528 0
263.632 82.4503 0
263.598 56.2583 0
237.577 57.669 0
251.978 73.2887 0
206.574 104.976 0
202.79 270.944 0
228.115 272.923 0
288.387 365.922 0
283.637 405.71 0
384.941 111.748 0
380.947 128.356 0
390.796 130.844 0
367.765 127.666 0
364.874 117.45 0
227.072 306.226 0
237.223 209.947 0
223.833 240.279 0
199.547 450.527 0
192.289 457.87 0
190.918 469.668 0
209.703 447.525 0
202.409 476.914 0
209.968 457.99 0
107.358 100.338 0
273.784 91.7173 0
253.46 83.3968 0
237.602 89.1008 0
197.319 104.657 0
230.456 260.721 0
223.985 284.983 0
229.548 219.944 0
219.576 210.706 0
243.171 222.457 0
209.587 469.34 0
283.385 89.7759 0
264.165 96.3807 0
237.874 78.0404 0
220.684 197.897 0
232.743 198.72 0
228.257 207.018 0
238.448 189.923 0
237.943 169.369 0
246.338 200.455 0
235.485 179.713 0
262.063 202.787 0
220.858 173.374 0
255.132 195.34 0
256.002 217.141 0
247.65 210.837 0
241.602 235.852 0
242.055 250.987 0
218.447 183.631 0
263.619 211.901 0
235.496 243.609 0
138.815 113.676 0
146.677 108.603 0
145.039 121.34 0
134.729 122.165 0
198.841 312.746 0
283.633 258.637 0
284.889 273.349 0
289.23 265.569 0
269.61 283.874 0
274.967 275.298 0
210.632 250.758 0
219.3 253.433 0
207.379 261.111 0
164.576 110 0
178.316 108.569 0
171.872 97.8721 0
186.552 104.286 0
248.966 40.6808 0
204.764 411.171 0
209.365 418.802 0
199.221 418.554 0
197.79 373.909 0
200.761 353.801 0
213.028 357.839 0
243.627 114.7 0
239.81 102.09 0
229.482 102.375 0
218.748 110.016 0
244.834 94.5532 0
223.024 122.842 0
235.812 125.063 0
241.746 136.638 0
256.985 140.55 0
228.696 138.705 0
247.531 145.741 0
263.9 164.351 0
245.795 158.796 0
257.79 153.221 0
278.127 169.225 0
274.256 147.908 0
275.041 179.474 0
219.739 154.857 0
251.812 171.467 0
262.572 177.949 0
264.686 146.422 0
219.831 144.348 0
208.834 149.507 0
206.885 121.196 0
283.925 157.162 0
273.179 158.712 0
284.235 147.16 0
245.104 178.472 0
202.294 95.7779 0
348.737 122.302 0
355.65 116.032 0
341.441 114.539 0
196.168 485.56 0
280.089 99.8941 0
226.6 87.177 0
259.691 253.085 0
283.797 288.116 0
274.999 291.696 0
263.533 298.481 0
267.732 311.627 0
291.169 281.237 0
289.616 299.819 0
292.782 290.946 0
284.425 314.244 0
259.789 288.356 0
292.13 308.87 0
261.409 273.263 0
262.384 263.018 0
231.057 159.333 0
222.678 163.972 0
203.644 137.672 0
193.211 127.063 0
202.053 128.802 0
195.047 135.692 0
183.453 120.446 0
177.732 129.388 0
197.845 118.995 0
357.252 128.527 0
340.68 130.117 0
269.827 255.436 0
250.181 257.85 0
251.919 243.245 0
265.281 239.289 0
264.742 228.42 0
278.356 229.413 0
279.911 219.435 0
274.709 238.177 0
274.032 325.991 0
266.15 320.885 0
275.473 316.795 0
285.292 325.482 0
280.183 337.261 0
270.718 340.924 0
285.293 345.684 0
286.479 483.779 0
287.47 473.63 0
273.218 483.927 0
279.917 489.975 0
281.573 458.495 0
270.02 461.945 0
267.787 453.173 0
160.549 124.519 0
168.254 130.081 0
206.016 331.551 0
200.342 340.294 0
200.273 322.971 0
216.401 326.346 0
215.086 337.657 0
207.38 395.916 0
213.993 387.72 0
211.577 404.487 0
198.655 402.272 0
198.448 388.752 0
214.279 370.507 0
217.818 379.175 0
408.292 121.5 0
400.031 112.891 0
401.623 130.066 0
421.515 119.382 0
432.925 116.388 0
443.063 117.806 0
