667
216 495 0
211 491 0
210 486 0
210 481 0
211 476 0
213 471 0
214 466 0
215 461 0
216 456 0
217 451 0
219 446 0
218 441 0
218 436 0
218 431 0
217 426 0
216 421 0
214 416 0
212 411 0
211 406 0
211 401 0
211 396 0
210 391 0
210 386 0
210 381 0
210 376 0
210 371 0
212 366 0
213 361 0
216 356 0
217 351 0
216 346 0
216 341 0
216 336 0
215 331 0
213 326 0
211 321 0
210 316 0
210 311 0
208 306 0
207 301 0
206 296 0
205 291 0
204 286 0
204 281 0
204 276 0
204 271 0
204 266 0
204 261 0
204 256 0
204 251 0
205 246 0
205 241 0
206 236 0
209 231 0
210 226 0
208 223 0
211 219 0
214 214 0
216 209 0
218 204 0
219 199 0
219 194 0
219 189 0
219 184 0
219 179 0
219 174 0
218 169 0
218 164 0
215 159 0
213 154 0
213 149 0
214 144 0
214 139 0
211 134 0
208 129 0
203 125 0
198 124 0
193 124 0
188 124 0
183 124 0
178 125 0
173 125 0
168 125 0
163 125 0
158 125 0
153 125 0
148 125 0
143 125 0
138 126 0
133 127 0
128 127 0
123 126 0
118 126 0
113 125 0
108 125 0
103 124 0
98 124 0
93 123 0
88 122 0
83 121 0
78 121 0
73 121 0
68 121 0
63 121 0
58 123 0
53 125 0
48 125 0
43 127 0
38 130 0
33 130 0
32 126 0
37 123 0
34 121 0
29 121 0
24 121 0
19 121 0
14 121 0
9 120 0
10 117 0
15 116 0
20 115 0
25 114 0
30 114 0
35 113 0
40 111 0
45 111 0
50 111 0
55 110 0
60 110 0
65 110 0
70 110 0
75 109 0
80 109 0
85 109 0
90 109 0
95 108 0
100 107 0
105 107 0
110 107 0
115 106 0
120 105 0
125 105 0
130 105 0
135 106 0
140 107 0
145 107 0
150 107 0
155 107 0
160 106 0
165 105 0
170 105 0
175 105 0
180 104 0
185 102 0
190 101 0
195 100 0
200 99 0
205 98 0
210 97 0
215 97 0
220 97 0
225 97 0
230 96 0
235 93 0
239 90 0
240 85 0
235 83 0
230 82 0
225 79 0
225 74 0
225 69 0
221 65 0
219 60 0
219 55 0
218 50 0
221 45 0
223 40 0
225 35 0
227 30 0
230 26 0
234 22 0
238 18 0
243 16 0
248 15 0
253 14 0
258 17 0
263 17 0
268 17 0
273 19 0
278 23 0
281 27 0
284 32 0
287 37 0
289 42 0
290 47 0
291 52 0
291 57 0
289 62 0
287 67 0
286 72 0
285 77 0
281 80 0
276 83 0
271 86 0
273 91 0
278 94 0
283 97 0
288 97 0
293 97 0
298 97 0
303 97 0
308 98 0
313 99 0
318 100 0
323 101 0
328 103 0
333 104 0
338 105 0
343 105 0
348 106 0
353 107 0
358 107 0
363 107 0
368 107 0
373 106 0
378 106 0
383 105 0
388 105 0
393 105 0
398 106 0
403 107 0
408 107 0
413 108 0
418 108 0
423 109 0
428 109 0
433 109 0
438 109 0
443 110 0
448 110 0
453 110 0
458 110 0
463 111 0
468 112 0
473 112 0
478 114 0
483 114 0
488 114 0
493 115 0
498 116 0
503 117 0
501 119 0
497 121 0
492 121 0
487 121 0
482 121 0
477 121 0
472 122 0
477 125 0
480 129 0
475 130 0
470 128 0
465 126 0
460 125 0
455 123 0
450 121 0
445 121 0
440 121 0
435 121 0
430 121 0
425 122 0
420 122 0
415 123 0
410 124 0
405 125 0
400 125 0
395 126 0
390 126 0
385 127 0
380 127 0
375 126 0
370 125 0
365 125 0
360 125 0
355 125 0
350 125 0
345 125 0
340 125 0
335 125 0
330 124 0
325 124 0
320 123 0
315 124 0
310 125 0
305 128 0
301 133 0
299 138 0
297 143 0
298 148 0
298 153 0
296 158 0
294 163 0
294 168 0
293 173 0
292 178 0
292 183 0
292 188 0
292 193 0
293 198 0
294 203 0
295 208 0
297 213 0
300 218 0
303 223 0
304 226 0
302 229 0
304 234 0
305 239 0
307 244 0
308 249 0
308 254 0
308 259 0
308 264 0
309 269 0
309 274 0
309 279 0
308 284 0
308 289 0
307 294 0
306 299 0
305 304 0
304 309 0
302 314 0
302 319 0
301 324 0
299 329 0
298 334 0
297 339 0
297 344 0
297 349 0
297 354 0
299 359 0
301 363 0
302 368 0
304 373 0
303 378 0
305 383 0
302 388 0
303 393 0
303 398 0
302 403 0
302 408 0
301 413 0
301 418 0
297 423 0
297 428 0
296 433 0
296 438 0
297 443 0
297 448 0
298 453 0
299 458 0
300 463 0
301 468 0
302 473 0
304 478 0
304 483 0
304 488 0
300 493 0
295 495 0
290 495 0
285 494 0
280 491 0
280 486 0
279 481 0
279 476 0
279 471 0
278 466 0
277 461 0
276 456 0
276 451 0
276 446 0
276 441 0
276 436 0
276 431 0
275 426 0
274 421 0
272 416 0
272 411 0
272 406 0
272 401 0
271 396 0
270 391 0
269 386 0
269 381 0
269 376 0
270 371 0
271 366 0
272 361 0
271 356 0
270 351 0
268 346 0
268 341 0
268 336 0
268 331 0
268 326 0
268 321 0
267 316 0
266 311 0
266 306 0
264 301 0
264 296 0
263 291 0
262 286 0
261 281 0
260 276 0
260 271 0
259 267 0
255 266 0
253 270 0
252 275 0
252 280 0
251 285 0
251 290 0
249 295 0
248 300 0
248 305 0
247 310 0
246 315 0
246 320 0
246 325 0
246 330 0
246 335 0
246 340 0
245 345 0
245 350 0
244 355 0
242 360 0
242 365 0
244 370 0
245 375 0
246 380 0
246 385 0
244 390 0
243 395 0
242 400 0
242 405 0
242 410 0
240 415 0
240 420 0
240 425 0
238 430 0
239 435 0
239 440 0
238 445 0
239 450 0
239 455 0
239 460 0
237 465 0
236 470 0
235 475 0
235 480 0
235 485 0
233 490 0
229 494 0
224 495 0
219 495 0
217 495 0
230.438 256.219 0
265.776 231.398 0
255.476 141.5 0
227.35 294.33 0
255.473 186.5 0
284.447 273.711 0
240.256 221.602 0
234.663 141.5 0
253.649 113.699 0
276.61 131.944 0
282.941 224.835 0
225.245 224.606 0
251.109 43.6159 0
268.22 56.5881 0
265.092 34.0096 0
272.774 69.2963 0
227.22 374.244 0
226.833 407.167 0
285.036 296.993 0
282.415 343.317 0
286.252 413.35 0
286.165 381.366 0
221.736 241.894 0
280.068 149.614 0
292.895 224.974 0
245.926 30.1392 0
236.467 53.2935 0
291.805 482.939 0
230.374 211.226 0
278.397 60.1113 0
252.645 69.3391 0
285.993 424.448 0
286.009 434.56 0
235.259 235.639 0
255.046 34.3669 0
238.645 40.674 0
222.757 215.98 0
248.161 204.18 0
271.116 204.977 0
262.702 65.7355 0
261.451 78.0789 0
253.672 56.3703 0
255.823 94.5802 0
250.37 80.4376 0
243.768 62.1112 0
245.694 51.339 0
261.778 87.401 0
233.51 63.1735 0
239.678 72.6791 0
286.596 445.173 0
226.2 233.8 0
250.465 233.145 0
231.685 245.656 0
246.064 252.709 0
240.69 211.295 0
248.199 89.397 0
287.274 456.406 0
242.173 230.193 0
255.793 218.147 0
244.109 241.992 0
259.628 245.483 0
289.651 467.396 0
259.553 207.023 0
255.988 197.065 0
257.543 227.214 0
258.621 236.66 0
281.43 246.614 0
287.763 236.112 0
276.221 236.312 0
294.417 247.285 0
270.55 245.648 0
274.662 261.084 0
256.259 255.504 0
288.777 260.25 0
272.136 273.146 0
277.737 285.529 0
266.458 255.003 0
298.194 256.637 0
296.494 270.159 0
294.007 283.929 0
274.56 295.607 0
295.825 294.79 0
222.577 482.423 0
224.321 471.235 0
226.693 460.049 0
228.628 449.859 0
262.913 45.8175 0
275.163 41.9739 0
280.591 50.3631 0
227.946 419.196 0
227.939 429.283 0
228.707 439.557 0
284.149 356.247 0
287.283 397.762 0
292.516 405.936 0
281.432 405.203 0
217.233 254.435 0
221.647 271.529 0
222.923 262.083 0
285.804 139.318 0
268.728 142.66 0
262.934 164.832 0
240.484 167.103 0
269.193 154.624 0
279.955 163.675 0
256.679 153.973 0
251.527 164.172 0
245.069 148.798 0
256.635 174.782 0
232.665 155.418 0
273.509 182.373 0
266.971 174.356 0
286.513 156.696 0
229.148 166.23 0
224.869 147.196 0
270.74 218.651 0
267.069 105.542 0
257.198 104.419 0
243.183 104.378 0
228.133 120.32 0
265.137 96.2734 0
266.973 120.501 0
262.987 131.966 0
248.171 128.019 0
244.785 138.135 0
231.411 108.34 0
240.945 117.197 0
217.474 110.965 0
281.384 113.113 0
257.17 123.254 0
217.02 122.232 0
276.83 121.979 0
290.728 123.515 0
291.788 132.514 0
272.255 113.055 0
294.749 110.505 0
299.915 119.229 0
310.57 111.774 0
303.048 106.302 0
321.634 112.054 0
331.556 114.008 0
341.618 115.018 0
240.603 264.936 0
283.379 368.949 0
292.937 373.326 0
280.356 389.998 0
292.194 389.191 0
281.445 174.648 0
267.652 193.181 0
279.824 192.786 0
282.554 203.941 0
286.052 214.327 0
277.124 211.984 0
228.562 360.846 0
221.36 366.891 0
230.704 346.62 0
230.643 331.215 0
236.441 338.894 0
225.214 338.939 0
226.592 390.7 0
220.889 399.019 0
220.416 382.225 0
234.805 382.773 0
232.182 398.853 0
283.473 327.778 0
277.483 335.176 0
288.152 335.902 0
234.646 196.038 0
245.522 192.28 0
235.597 181.174 0
246.642 179.707 0
228.2 175.503 0
227.726 202.286 0
228.766 188.199 0
225.231 132.811 0
236.564 129.759 0
204.14 111.695 0
192.517 112.367 0
182.467 113.855 0
172.368 114.87 0
162.686 115.313 0
235.486 280.314 0
242.613 274.145 0
238.279 291.305 0
224.046 283.043 0
216.381 291.413 0
214.324 279.061 0
231.947 270.596 0
227.967 313.3 0
223.439 323.134 0
220.026 304.063 0
235.665 303.555 0
235.229 321.372 0
282.109 312.276 0
277.441 320.498 0
275.596 305.182 0
292.409 306.327 0
290.81 319.322 0
216 121.451 0
