757
297 506 0
293 504 0
288 504 0
283 504 0
278 504 0
273 504 0
272 500 0
272 495 0
276 490 0
279 486 0
278 481 0
278 476 0
277 471 0
277 466 0
277 461 0
277 456 0
276 451 0
276 446 0
276 441 0
276 436 0
276 431 0
276 426 0
276 421 0
276 416 0
275 411 0
274 406 0
274 401 0
273 396 0
272 391 0
272 386 0
271 381 0
271 376 0
271 371 0
270 366 0
269 361 0
269 356 0
269 351 0
268 346 0
267 341 0
265 336 0
261 332 0
260 327 0
260 322 0
259 317 0
255 315 0
253 319 0
251 324 0
251 329 0
251 334 0
246 336 0
245 341 0
245 346 0
244 351 0
244 356 0
243 361 0
243 366 0
243 371 0
242 376 0
241 381 0
241 386 0
240 391 0
240 396 0
239 401 0
238 406 0
238 411 0
238 416 0
238 421 0
238 426 0
237 431 0
237 436 0
237 441 0
236 446 0
236 451 0
236 456 0
236 461 0
236 466 0
235 471 0
235 476 0
235 481 0
234 486 0
238 490 0
241 495 0
241 500 0
241 505 0
236 504 0
231 504 0
226 504 0
221 504 0
216 504 0
215 499 0
216 494 0
218 489 0
222 485 0
223 480 0
222 475 0
221 470 0
221 465 0
220 460 0
219 455 0
219 450 0
218 445 0
217 440 0
216 435 0
216 430 0
215 425 0
214 420 0
214 415 0
213 410 0
213 405 0
211 400 0
210 395 0
209 390 0
208 385 0
206 380 0
206 375 0
204 370 0
203 365 0
202 360 0
201 355 0
199 350 0
198 345 0
197 340 0
196 335 0
194 330 0
193 325 0
192 320 0
192 315 0
192 310 0
192 305 0
192 300 0
193 295 0
193 290 0
193 285 0
194 280 0
194 275 0
196 270 0
196 265 0
196 260 0
194 255 0
192 250 0
191 245 0
191 240 0
190 235 0
190 230 0
190 225 0
190 220 0
190 215 0
191 210 0
192 205 0
193 200 0
194 195 0
195 190 0
197 185 0
199 180 0
201 175 0
203 170 0
203 166 0
201 161 0
199 156 0
197 151 0
194 146 0
190 141 0
185 138 0
180 135 0
175 132 0
170 131 0
165 129 0
160 127 0
155 125 0
150 124 0
145 123 0
140 122 0
135 120 0
130 119 0
125 118 0
120 117 0
115 116 0
110 115 0
105 113 0
100 112 0
95 112 0
90 111 0
85 110 0
80 109 0
75 109 0
70 108 0
65 107 0
60 107 0
55 107 0
50 107 0
45 107 0
40 106 0
35 104 0
30 105 0
25 105 0
21 103 0
17 102 0
19 98 0
14 98 0
12 95 0
17 93 0
22 93 0
27 92 0
32 92 0
37 92 0
42 92 0
47 92 0
52 91 0
57 91 0
62 91 0
67 91 0
72 90 0
77 90 0
82 89 0
87 89 0
92 89 0
97 89 0
102 89 0
107 89 0
112 89 0
117 89 0
122 89 0
127 89 0
132 89 0
137 89 0
142 89 0
147 89 0
152 89 0
157 89 0
162 89 0
167 90 0
172 90 0
177 91 0
182 91 0
187 91 0
192 91 0
197 92 0
202 92 0
207 92 0
212 92 0
217 93 0
219 90 0
218 85 0
216 80 0
215 75 0
215 70 0
214 65 0
214 60 0
214 55 0
214 50 0
214 45 0
215 40 0
216 35 0
218 30 0
220 25 0
223 20 0
226 15 0
231 12 0
236 9 0
241 7 0
246 6 0
251 5 0
256 5 0
261 5 0
266 6 0
271 7 0
276 9 0
281 12 0
286 16 0
290 21 0
293 26 0
295 31 0
296 36 0
298 41 0
298 46 0
298 51 0
299 56 0
299 61 0
299 66 0
298 71 0
298 76 0
296 81 0
295 86 0
293 91 0
296 94 0
301 93 0
306 93 0
311 93 0
316 92 0
321 92 0
326 92 0
331 92 0
336 92 0
341 91 0
346 91 0
351 91 0
356 91 0
361 90 0
366 90 0
371 90 0
376 90 0
381 90 0
386 90 0
391 90 0
396 90 0
401 90 0
406 90 0
411 90 0
416 90 0
421 91 0
426 91 0
431 91 0
436 91 0
441 91 0
446 92 0
451 92 0
456 92 0
461 93 0
466 93 0
471 93 0
476 93 0
481 93 0
486 93 0
491 94 0
496 95 0
499 98 0
495 100 0
495 104 0
490 104 0
486 106 0
481 106 0
476 106 0
471 107 0
466 108 0
461 108 0
457 109 0
452 108 0
447 109 0
442 109 0
437 110 0
432 110 0
427 111 0
422 112 0
417 113 0
412 113 0
407 115 0
402 115 0
397 116 0
392 118 0
387 119 0
382 120 0
377 122 0
372 123 0
367 124 0
362 125 0
357 127 0
352 128 0
347 130 0
342 132 0
337 134 0
332 137 0
327 140 0
322 143 0
318 148 0
315 153 0
313 158 0
311 163 0
310 168 0
311 173 0
313 178 0
314 183 0
316 188 0
318 193 0
319 198 0
320 203 0
321 208 0
322 213 0
323 218 0
323 223 0
323 228 0
323 233 0
323 238 0
322 243 0
321 248 0
320 253 0
318 258 0
316 263 0
317 268 0
318 273 0
318 278 0
319 283 0
319 288 0
319 293 0
320 298 0
320 303 0
321 308 0
321 313 0
321 318 0
320 323 0
320 328 0
317 332 0
316 337 0
315 342 0
314 347 0
313 352 0
312 357 0
311 362 0
309 367 0
308 372 0
307 377 0
306 382 0
304 387 0
303 392 0
302 397 0
301 402 0
300 407 0
299 412 0
299 417 0
298 422 0
298 427 0
297 432 0
296 437 0
295 442 0
294 447 0
294 452 0
293 457 0
293 462 0
292 467 0
291 472 0
291 477 0
290 482 0
291 486 0
295 490 0
297 495 0
299 500 0
298 505 0
298 506 0
256.481 168 0
255.647 116.598 0
229.703 168 0
224.833 302.417 0
275.832 278.336 0
255.976 52.5 0
184.5 112.524 0
221.056 337.789 0
222.549 358.49 0
308.5 119.76 0
342.217 110.792 0
290.59 328.664 0
290.57 353.5 0
282.188 148.575 0
278.863 199.955 0
295.543 269.691 0
237.448 262.5 0
234.914 52.5 0
247.35 30.1246 0
272.849 36.9603 0
276.155 63.5 0
247.987 81.6025 0
292.325 183.37 0
299.203 204.559 0
236.243 216.449 0
216.95 267.5 0
213.802 211.96 0
216.197 124.142 0
304.732 322.911 0
223.731 376.654 0
235.436 24.4355 0
291.8 234.93 0
207.52 277.504 0
227.308 493.804 0
232.557 323.357 0
245.764 18.126 0
236.043 38.4839 0
261.895 22.0978 0
285.147 494.176 0
275.508 324.354 0
302.059 336.599 0
206.387 266.989 0
224.568 284.128 0
247.939 42.7481 0
259.472 35.8845 0
245.445 52.9916 0
251.37 66.8835 0
265.406 45.8083 0
278.979 49.6725 0
266.458 57.2803 0
225.916 44.7216 0
228.176 31.7867 0
280.008 337.151 0
217.387 277.359 0
228.884 271.91 0
251.196 283.613 0
237.845 281.947 0
265.494 77.8783 0
266.674 67.6119 0
233.645 70.5576 0
284.536 39.1589 0
280.573 28.0648 0
270.565 27.176 0
287.172 58.5486 0
245.859 272.056 0
264.042 247.569 0
261.553 271.819 0
252.338 257.872 0
242.465 299.254 0
255.874 75.6671 0
241.314 62.9632 0
243.351 72.7885 0
264.309 284.683 0
281.017 301.383 0
256.708 296.947 0
275.084 290.611 0
290.682 285.402 0
268.478 301.269 0
274.651 312.002 0
259.931 306.359 0
289.543 313.711 0
275.135 260.961 0
238.443 239.433 0
214.991 243.704 0
212.216 255.911 0
203.688 247.553 0
226.52 252.743 0
225.545 262.592 0
253.632 267.035 0
232.773 292.571 0
243.661 289.664 0
284.457 321.58 0
296.465 299.812 0
295.631 320.798 0
271.09 269.824 0
263.783 259.074 0
242.083 251.145 0
251.816 241.698 0
226.577 240.799 0
217.143 227.729 0
231.176 228.531 0
289.174 304.854 0
288.15 294.783 0
304.709 288.138 0
247.432 226.975 0
299.132 279.409 0
306.456 271.183 0
309.025 280.015 0
308.271 299.401 0
302.794 310.598 0
311.387 315.555 0
256.677 205.938 0
248.324 214.817 0
215.642 368.06 0
231.006 367.06 0
233.455 335.871 0
228.926 347.626 0
233.437 356.971 0
212.573 319.229 0
255.12 14.8684 0
301.506 348.579 0
211.127 293.469 0
280.207 348.609 0
280.88 78.1441 0
260.457 97.2093 0
272.977 90.1501 0
263.306 87.6299 0
283.089 88.2022 0
276.795 111.553 0
280.103 99.9211 0
269.636 103.23 0
266.089 113.521 0
274.79 130.749 0
272.971 120.857 0
233.449 85.6468 0
244.489 97.1823 0
226.283 78.0077 0
242.062 88.4547 0
252.484 90.7946 0
252.459 105.516 0
235.18 116.487 0
245.43 113.538 0
229.998 100.001 0
238.631 105.724 0
216.992 108.581 0
227.217 109.933 0
201.356 115.584 0
221.187 100.793 0
210.962 116.074 0
226.145 60.9574 0
235.369 310.425 0
223.925 314.709 0
245.975 309.322 0
241.945 318.901 0
286.315 275.443 0
279.942 245.689 0
204.106 233.359 0
206.798 221.683 0
202.389 211.122 0
224.267 217.981 0
221.519 326.359 0
220.994 293.326 0
212.517 306.312 0
203.171 312.812 0
202.968 300.849 0
203.165 286.878 0
287.278 69.3905 0
202.228 131.219 0
218.459 145.934 0
191.124 123.996 0
180.363 122.561 0
213.159 135.471 0
206.956 145.187 0
194.639 104.63 0
184.179 101.654 0
206.072 105.155 0
272.6 251.77 0
269.566 226.118 0
258.31 221.661 0
260.195 233.343 0
271.124 237.828 0
280.652 230.603 0
280.416 215.24 0
267.704 212.739 0
267.272 201.1 0
254.422 186.98 0
258.586 196.098 0
288.017 206.746 0
289.662 194.964 0
296.408 219.966 0
286.87 222.824 0
308.588 214.219 0
307.247 231.496 0
309.606 203.841 0
305.116 222.64 0
302.94 248.584 0
302.393 260.242 0
288.683 257.511 0
300.8 238.958 0
283.623 265.965 0
291.376 246.377 0
213.066 348.769 0
211.949 358.736 0
208.884 337.329 0
204.699 327.05 0
303.003 191.615 0
302.728 180.935 0
224.839 391.795 0
231.066 383.728 0
217.915 384.691 0
225.546 404.339 0
225.964 416.374 0
226.651 427.332 0
226.908 437.538 0
291.15 341.539 0
290.819 122.72 0
290.218 109.085 0
289.2 100.044 0
298.705 115.542 0
308.507 106.264 0
324.758 113.02 0
315.23 113.015 0
319.999 103.025 0
302.387 137.534 0
287.423 135.955 0
295.514 130.978 0
298.75 103.704 0
332.463 103.871 0
334.685 121.289 0
321.634 126.863 0
311.125 130.601 0
260.807 147.001 0
231.052 133.613 0
246.269 129.325 0
237.123 126.016 0
260.53 130.016 0
242.991 146.838 0
267.248 138.401 0
252.966 138.634 0
240.295 137.27 0
251.815 156.094 0
243.092 166.38 0
248.63 176.75 0
231.519 193.193 0
244.813 196.878 0
228.801 205.853 0
241.106 206.917 0
235.123 156.65 0
222.683 157.679 0
231.222 145.462 0
216.39 169.508 0
211.868 159.513 0
224.438 181.041 0
240.759 185.683 0
214.565 194.934 0
223.455 198.083 0
211.894 181.22 0
234.285 177.433 0
204.362 199.933 0
206.062 189.472 0
272.821 179.374 0
268.039 189.724 0
281.427 186.97 0
270.601 159.964 0
260.928 159.39 0
271.395 149.182 0
287.754 165.828 0
283.912 176.195 0
277.464 167.91 0
266.983 170.338 0
262.231 179.812 0
298.568 170.084 0
297.648 153.112 0
301.851 161.395 0
291.608 145.086 0
288.375 156.104 0
306.286 147.23 0
359.247 107.956 0
351.943 116.648 0
343.934 121.274 0
349.536 102.196 0
340.709 100.074 0
289.36 371.839 0
297.642 363.176 0
281.729 362.126 0
287.769 387.61 0
295.538 380.428 0
281.472 379.009 0
287.514 401.122 0
287.3 412.851 0
287.005 424.028 0
286.112 434.251 0
285.158 443.656 0
374.947 105.811 0
366.2 100.323 0
367.997 113.466 0
389.062 104.087 0
381.3 99.1788 0
382.718 110.795 0
401.471 102.501 0
413.034 101.433 0
423.485 101.155 0
165.86 108.946 0
174.501 114.274 0
173.381 101.184 0
148.822 106.166 0
156.264 114.155 0
158.532 100.26 0
133.681 104.179 0
140.41 111.583 0
142.074 98.9095 0
119.742 102.822 0
126.167 109.096 0
127.252 97.9489 0
107.697 101.141 0
96.1692 100.515 0
85.6684 99.4684 0
132.444 109.322 0
410.667 107.011 0
289.139 402.667 0
