871
153 503 0
148 502 0
143 501 0
138 499 0
135 495 0
135 490 0
135 485 0
137 481 0
141 477 0
145 473 0
148 468 0
152 463 0
156 458 0
157 453 0
159 448 0
162 443 0
164 438 0
165 433 0
167 428 0
168 423 0
169 418 0
169 413 0
170 409 0
172 404 0
174 400 0
178 397 0
179 392 0
181 387 0
182 382 0
183 377 0
184 372 0
184 367 0
186 362 0
186 357 0
186 352 0
188 347 0
186 343 0
181 341 0
176 338 0
171 335 0
169 330 0
169 325 0
171 320 0
173 315 0
175 310 0
176 305 0
177 300 0
180 295 0
182 290 0
183 285 0
184 280 0
186 275 0
188 270 0
191 265 0
193 260 0
194 255 0
195 250 0
197 245 0
199 240 0
201 235 0
203 230 0
202 225 0
200 220 0
198 215 0
202 213 0
207 211 0
206 206 0
206 201 0
208 196 0
207 191 0
208 186 0
211 181 0
212 176 0
214 171 0
213 166 0
212 161 0
214 156 0
214 151 0
212 146 0
208 141 0
204 136 0
202 132 0
198 130 0
193 131 0
188 132 0
183 133 0
178 136 0
173 139 0
169 141 0
165 145 0
160 148 0
155 149 0
151 153 0
146 156 0
141 159 0
136 162 0
131 166 0
126 170 0
123 174 0
126 178 0
126 183 0
121 185 0
116 185 0
111 186 0
106 186 0
101 189 0
96 190 0
91 192 0
86 194 0
81 196 0
76 199 0
71 202 0
66 204 0
61 207 0
56 210 0
52 214 0
47 219 0
42 223 0
38 226 0
33 226 0
33 221 0
37 218 0
41 214 0
36 215 0
31 218 0
27 221 0
22 221 0
20 218 0
24 214 0
29 211 0
33 207 0
36 203 0
31 205 0
26 209 0
21 211 0
16 214 0
11 214 0
9 209 0
13 206 0
18 204 0
23 202 0
28 199 0
23 199 0
18 201 0
13 202 0
8 200 0
10 195 0
15 193 0
20 191 0
24 188 0
29 186 0
34 184 0
37 180 0
32 178 0
27 176 0
22 173 0
20 169 0
20 164 0
24 163 0
29 164 0
34 167 0
39 168 0
44 168 0
49 167 0
54 167 0
59 168 0
64 164 0
69 161 0
74 159 0
78 155 0
81 151 0
86 146 0
91 143 0
96 142 0
101 145 0
106 144 0
111 143 0
116 141 0
121 139 0
126 138 0
131 136 0
136 133 0
141 131 0
146 129 0
151 127 0
156 124 0
161 121 0
166 118 0
170 115 0
174 111 0
178 106 0
182 103 0
187 100 0
192 98 0
197 95 0
202 93 0
206 90 0
211 88 0
216 87 0
219 83 0
221 78 0
226 76 0
224 71 0
224 66 0
229 64 0
227 60 0
223 55 0
225 50 0
222 46 0
219 42 0
214 38 0
213 35 0
216 33 0
211 31 0
213 28 0
218 27 0
223 24 0
227 20 0
230 16 0
234 12 0
239 10 0
244 9 0
249 9 0
254 8 0
259 8 0
264 10 0
269 12 0
274 12 0
278 14 0
282 19 0
285 24 0
286 29 0
289 34 0
292 39 0
293 44 0
288 47 0
288 51 0
288 56 0
286 61 0
286 66 0
286 71 0
286 76 0
288 80 0
292 84 0
296 86 0
301 87 0
306 88 0
310 91 0
314 94 0
318 96 0
323 99 0
328 101 0
331 105 0
335 108 0
339 112 0
343 115 0
348 118 0
353 121 0
358 124 0
363 125 0
368 127 0
372 130 0
377 132 0
382 135 0
387 138 0
392 140 0
397 142 0
402 144 0
407 146 0
412 149 0
417 150 0
422 149 0
427 153 0
432 156 0
437 158 0
442 160 0
447 162 0
451 166 0
456 167 0
461 167 0
466 168 0
471 170 0
476 170 0
481 167 0
485 163 0
489 165 0
489 170 0
486 175 0
482 178 0
477 180 0
476 183 0
481 186 0
486 188 0
490 192 0
495 194 0
499 198 0
497 202 0
492 203 0
495 207 0
499 211 0
499 216 0
494 215 0
489 212 0
484 210 0
481 211 0
486 215 0
490 220 0
487 222 0
482 220 0
477 217 0
474 218 0
479 222 0
481 227 0
476 227 0
471 225 0
466 222 0
461 217 0
456 214 0
452 210 0
448 206 0
443 204 0
438 201 0
433 199 0
428 196 0
423 194 0
418 191 0
413 189 0
408 187 0
403 186 0
398 185 0
397 180 0
394 175 0
390 170 0
385 166 0
381 162 0
377 158 0
372 155 0
368 152 0
363 150 0
358 147 0
353 143 0
349 140 0
344 137 0
339 133 0
334 131 0
329 129 0
324 127 0
319 126 0
314 127 0
312 131 0
308 135 0
305 140 0
303 145 0
304 150 0
305 155 0
302 160 0
303 165 0
304 170 0
304 175 0
305 180 0
307 185 0
309 190 0
312 195 0
312 200 0
312 205 0
310 210 0
315 212 0
314 216 0
312 221 0
310 226 0
310 231 0
310 236 0
310 241 0
310 246 0
312 251 0
314 256 0
315 261 0
316 266 0
317 271 0
319 276 0
321 281 0
322 286 0
323 291 0
324 296 0
325 301 0
327 306 0
329 311 0
331 316 0
333 321 0
333 326 0
330 330 0
326 334 0
322 338 0
319 342 0
319 347 0
319 352 0
320 357 0
321 362 0
321 367 0
322 372 0
323 377 0
324 382 0
325 387 0
326 392 0
327 397 0
331 401 0
333 405 0
336 410 0
336 415 0
335 420 0
336 425 0
336 430 0
337 435 0
340 440 0
341 445 0
342 450 0
343 455 0
345 460 0
349 465 0
354 469 0
357 473 0
360 478 0
364 483 0
364 488 0
364 493 0
361 498 0
357 502 0
352 503 0
347 503 0
342 503 0
337 502 0
332 502 0
327 502 0
322 500 0
317 498 0
313 496 0
310 492 0
305 489 0
301 486 0
301 481 0
301 476 0
301 471 0
300 466 0
300 461 0
300 456 0
299 451 0
299 446 0
299 441 0
299 436 0
299 431 0
298 426 0
297 421 0
296 416 0
298 411 0
296 406 0
299 402 0
298 397 0
298 392 0
298 387 0
298 382 0
297 377 0
296 372 0
296 367 0
296 362 0
296 357 0
295 352 0
294 347 0
291 344 0
286 343 0
281 342 0
276 341 0
271 340 0
268 337 0
268 332 0
267 327 0
267 322 0
268 317 0
268 312 0
267 307 0
267 302 0
267 297 0
267 292 0
267 287 0
266 282 0
265 277 0
265 272 0
260 272 0
255 273 0
250 275 0
247 279 0
246 284 0
245 289 0
244 294 0
243 299 0
243 304 0
242 309 0
242 314 0
241 319 0
241 324 0
241 329 0
241 334 0
240 339 0
235 342 0
230 343 0
225 345 0
220 346 0
215 348 0
214 353 0
212 358 0
211 363 0
209 368 0
207 373 0
206 378 0
204 383 0
203 388 0
202 393 0
201 398 0
201 403 0
201 408 0
201 413 0
201 418 0
201 423 0
201 428 0
200 433 0
200 438 0
201 443 0
201 448 0
201 453 0
201 458 0
201 463 0
201 468 0
202 473 0
202 478 0
202 483 0
202 488 0
198 492 0
194 496 0
191 500 0
186 503 0
181 503 0
176 503 0
171 503 0
166 503 0
161 504 0
156 503 0
154 503 0
256.627 49 0
256 93.5 0
89.9717 170.972 0
258.205 153.5 0
208.066 314.013 0
178.5 459.9 0
218.705 273.182 0
432.337 176.909 0
462.676 195.324 0
238.773 239.682 0
292.12 279.376 0
278.544 243.5 0
298.044 314.5 0
320.071 448.5 0
245.491 30.7432 0
278.538 167.292 0
236.737 163.853 0
277.294 131.818 0
282.826 107.349 0
181.842 479.842 0
72.6404 179.925 0
53.7609 189.268 0
339.268 482.29 0
236.778 122.078 0
162.714 480.228 0
223.272 132.882 0
185.963 409.896 0
314.569 408.285 0
323.406 483.443 0
319.312 112.25 0
272.121 53.0242 0
240.893 52.0213 0
236.118 93.1184 0
193.017 306.007 0
417.124 167.754 0
469.221 206.221 0
256.426 21.871 0
286.559 151.712 0
224.614 162.111 0
299.038 103.539 0
182.994 491.478 0
351.125 487.35 0
217.332 109.998 0
297.605 120.954 0
246.791 74.8227 0
276.09 39.5454 0
407.825 175.132 0
459.809 204.459 0
474.4 195.697 0
232.959 147.083 0
172.412 486.65 0
341.93 492.474 0
236.212 72.1781 0
244.034 63.3725 0
239.211 82.6619 0
249.548 85.0723 0
266.407 75.0421 0
260.121 83.6611 0
274.844 87.7961 0
404.327 161.173 0
256.694 66.3808 0
255.929 75.5126 0
252.067 57.7082 0
267.836 63.6627 0
275.668 70.4263 0
148.546 488.367 0
94.2988 157.482 0
240.61 205.707 0
223.291 204.258 0
284.954 218 0
298.672 217.741 0
48.6362 178.746 0
189.442 398.842 0
330.263 468.092 0
329.09 117.263 0
245.685 19.8072 0
236.396 25.1124 0
234.12 38.9486 0
225.884 33.4652 0
269.839 26.0132 0
258.354 35.4219 0
308.492 116.684 0
266.206 43.9588 0
224.088 151.988 0
331.117 491.141 0
413.586 158.901 0
152.76 479.302 0
106.811 168.934 0
113.572 175.728 0
85.2688 162.024 0
77.1652 169.713 0
292.104 233.353 0
291.462 199.264 0
301.804 197.609 0
298.057 207.336 0
191.972 388.108 0
330.955 477.608 0
337.027 122.172 0
244.768 41.7228 0
277.317 30.7689 0
221.242 142.54 0
97.9234 166.083 0
291.93 224.092 0
462.156 181.396 0
448.206 188.891 0
452.897 197.503 0
451.146 177.634 0
441.591 181.151 0
440.83 170.597 0
314.258 321.044 0
60.7871 179.72 0
66.5271 190.569 0
209.774 292.657 0
192.526 325.076 0
180.757 327.054 0
184.972 316.132 0
428.229 166.518 0
420.558 179.264 0
290.206 163.445 0
272.49 154.324 0
266.081 141.19 0
277.793 143.69 0
290.766 137.198 0
248.542 138.643 0
287.349 126.198 0
276.62 118.806 0
288.571 115.937 0
266.561 105.948 0
293.794 145.943 0
256.735 143.885 0
288.779 96.2834 0
278.312 97.7858 0
310.448 104.932 0
224.352 120.389 0
212.916 125.694 0
232.127 107.57 0
201.461 114.001 0
222.982 98.1333 0
211.643 100.012 0
245.862 103.586 0
227.014 88.982 0
202.163 103.812 0
245.734 93.937 0
256.305 103.945 0
257.997 122.541 0
268.329 125.759 0
241.062 112.705 0
247.41 121.273 0
235.822 134.726 0
244.177 130.206 0
244.838 153.217 0
159.93 491.783 0
233.602 185.249 0
229.14 173.668 0
222.336 182.939 0
226.049 193.454 0
236.651 195.634 0
258.939 183.451 0
246.466 187.112 0
241.616 175.476 0
257.236 200.724 0
251.264 165.51 0
254.6 191.744 0
264.944 165.737 0
251.951 175.828 0
270.485 177.49 0
287.181 182.396 0
279.82 176.584 0
296.518 188.055 0
230.51 222.198 0
216.112 222.147 0
217.004 212.12 0
223.262 236.318 0
223.293 227.413 0
232.309 232.042 0
227.217 255.521 0
213.36 232.425 0
229.49 245.044 0
340.462 471.578 0
348.257 477.798 0
315.758 470.82 0
312.715 481.292 0
321.291 460.312 0
330.754 453.366 0
310.67 461.431 0
329.211 442.596 0
315.925 432.056 0
335.909 460.909 0
309.662 450.815 0
326.146 432.816 0
309.469 440.326 0
106.735 156.456 0
116.785 162.634 0
279.078 230.079 0
259.194 236.01 0
247.197 224.235 0
266.616 216.548 0
270.151 236.445 0
265.035 227.091 0
275.5 220.87 0
293.867 249.843 0
300.904 330.774 0
310.788 306.284 0
318.987 312.144 0
307.315 314.888 0
295.677 296.838 0
301.012 305.112 0
204.29 302.965 0
195.432 292.55 0
188.425 298.237 0
202.715 277.65 0
202.646 286.846 0
197.534 315.664 0
298.731 130.99 0
266.762 95.0737 0
210.546 116.558 0
274.53 194.584 0
276.654 207.667 0
268.121 187.075 0
266.281 206.055 0
282.128 200.064 0
293.379 173.669 0
231.413 211.413 0
240.696 216.112 0
253.093 212.854 0
256.711 221.946 0
248.462 234.946 0
251.999 253.927 0
265.822 250.116 0
239.477 252.695 0
247.36 244.971 0
244.699 263.866 0
257.137 245.587 0
279.877 261.602 0
261.282 260.625 0
270.431 263.93 0
233.422 273.322 0
275.319 252.837 0
225.92 288.275 0
226.133 265.88 0
226.008 278.962 0
288.089 242.121 0
299.459 240.906 0
284.664 325.239 0
277.534 331.581 0
312.189 332.234 0
306.317 343.587 0
307.675 355.306 0
283.504 307.459 0
281.994 290.531 0
278.729 277.394 0
291.148 288.667 0
306.259 285.552 0
286.544 298.657 0
286.661 270.033 0
301.294 267.749 0
301.445 277.301 0
292.717 260.813 0
302.559 256.3 0
207.4 263.572 0
212.773 248.456 0
209.809 272.192 0
199.592 268.792 0
216.021 283.736 0
221.614 304.35 0
294.304 323.545 0
290.881 333.59 0
308.5 367.805 0
278.511 316.713 0
312.419 295.067 0
216.85 258.418 0
204.297 253.957 0
219.094 295.061 0
231.483 298.379 0
223.732 321.648 0
310.68 380.398 0
217.974 313.574 0
230.448 312.047 0
229.746 331.479 0
209.251 331.472 0
219.499 330.992 0
311.885 394.445 0
318.667 400.31 0
201.653 343.379 0
194.006 335.765 0
199.05 356.192 0
196.373 367.743 0
194.804 378.062 0
188.097 468.543 0
189.604 457.22 0
191.836 477.993 0
180.288 442.966 0
190.666 486.868 0
190.388 446.536 0
171.158 450.563 0
84.5744 181.775 0
48.1486 200.361 0
40.1789 192.955 0
166.576 466.934 0
165.278 457.744 0
176.689 470.455 0
157.686 470.904 0
184.343 426.539 0
189.525 435.885 0
179.246 417.643 0
190.88 418.775 0
176.174 433.237 0
392.45 154.725 0
383.065 148.533 0
373.761 142.567 0
363.846 137.55 0
355.489 133.119 0
187.214 117.379 0
195.623 121.112 0
192.661 108.621 0
177.641 123.176 0
168.409 129.061 0
158.838 135.348 0
310.002 420.47 0
322.462 418.192 0
324.159 408.743 0
126.055 152.094 0
115.87 151.948 0
137.449 146.788 0
147.135 140.673 0
