745
160 499 0
156 496 0
155 492 0
155 487 0
157 483 0
161 479 0
163 475 0
167 472 0
171 469 0
176 468 0
177 463 0
180 462 0
178 458 0
178 453 0
175 453 0
172 451 0
173 448 0
172 444 0
174 440 0
175 435 0
174 430 0
174 425 0
174 420 0
172 416 0
174 412 0
175 407 0
178 403 0
180 399 0
181 394 0
182 390 0
183 385 0
185 381 0
185 376 0
186 371 0
186 366 0
186 361 0
186 356 0
186 351 0
188 347 0
186 343 0
186 338 0
188 334 0
189 329 0
189 324 0
189 319 0
191 315 0
192 310 0
194 306 0
194 301 0
194 296 0
195 291 0
196 287 0
197 282 0
198 277 0
200 273 0
203 269 0
203 264 0
205 260 0
208 256 0
212 252 0
214 248 0
214 245 0
213 242 0
216 238 0
219 234 0
220 229 0
222 225 0
225 221 0
226 216 0
226 211 0
226 208 0
226 203 0
226 198 0
224 193 0
223 189 0
222 184 0
220 180 0
219 175 0
217 171 0
216 166 0
216 161 0
216 156 0
214 152 0
214 147 0
215 143 0
213 139 0
209 137 0
208 135 0
204 136 0
200 133 0
197 130 0
192 128 0
188 126 0
183 125 0
178 125 0
173 125 0
169 123 0
164 122 0
159 122 0
154 122 0
150 120 0
145 119 0
140 119 0
135 119 0
130 120 0
126 122 0
121 122 0
118 119 0
113 119 0
108 119 0
103 119 0
98 119 0
93 120 0
88 120 0
83 120 0
78 120 0
73 120 0
69 122 0
64 122 0
59 122 0
54 123 0
52 126 0
48 128 0
43 130 0
39 131 0
35 133 0
30 134 0
25 134 0
21 136 0
19 131 0
21 127 0
26 127 0
23 125 0
18 126 0
13 127 0
9 129 0
5 127 0
7 123 0
5 120 0
5 115 0
9 113 0
14 113 0
19 112 0
24 112 0
29 112 0
34 112 0
39 112 0
43 110 0
48 109 0
52 107 0
56 104 0
61 103 0
66 103 0
71 103 0
75 101 0
79 99 0
84 98 0
89 98 0
93 96 0
98 96 0
103 95 0
108 95 0
113 96 0
118 96 0
122 98 0
127 99 0
132 98 0
136 96 0
140 98 0
145 99 0
150 99 0
155 99 0
160 99 0
165 99 0
170 99 0
175 98 0
180 98 0
185 98 0
190 98 0
194 96 0
199 95 0
203 98 0
208 97 0
212 96 0
217 95 0
220 92 0
222 88 0
226 85 0
228 81 0
227 78 0
228 73 0
223 71 0
225 67 0
226 62 0
227 58 0
228 53 0
225 49 0
223 45 0
220 41 0
219 36 0
223 38 0
228 37 0
228 32 0
229 27 0
232 24 0
234 19 0
239 17 0
242 14 0
246 11 0
251 11 0
256 11 0
260 14 0
265 14 0
264 17 0
269 18 0
272 21 0
275 24 0
276 29 0
278 33 0
278 38 0
283 38 0
287 36 0
289 39 0
286 43 0
283 47 0
283 52 0
281 56 0
280 60 0
280 65 0
282 69 0
279 71 0
279 76 0
276 77 0
276 82 0
279 85 0
282 89 0
284 93 0
288 95 0
293 95 0
297 93 0
302 93 0
307 93 0
312 93 0
316 95 0
321 95 0
326 96 0
331 96 0
336 96 0
340 98 0
345 99 0
350 99 0
355 99 0
360 98 0
364 96 0
369 96 0
373 99 0
378 98 0
383 98 0
387 96 0
392 95 0
397 95 0
402 95 0
407 95 0
412 95 0
417 96 0
421 98 0
426 99 0
430 101 0
434 99 0
438 101 0
442 102 0
445 106 0
450 107 0
455 107 0
459 109 0
464 110 0
468 112 0
473 113 0
478 113 0
483 113 0
488 112 0
493 113 0
498 113 0
502 114 0
503 117 0
500 120 0
499 124 0
499 128 0
494 129 0
490 127 0
487 126 0
487 129 0
486 133 0
482 136 0
478 134 0
473 133 0
469 131 0
465 129 0
460 128 0
455 128 0
452 124 0
449 121 0
444 119 0
441 119 0
437 117 0
433 119 0
429 117 0
424 117 0
419 117 0
414 118 0
410 119 0
405 119 0
400 119 0
395 119 0
390 119 0
386 117 0
381 116 0
376 116 0
372 119 0
368 117 0
363 117 0
358 117 0
354 119 0
349 120 0
344 120 0
339 120 0
334 120 0
329 120 0
324 120 0
319 120 0
315 122 0
310 124 0
308 128 0
304 132 0
301 136 0
298 140 0
298 145 0
296 149 0
296 154 0
296 159 0
295 164 0
295 169 0
293 173 0
291 177 0
289 182 0
287 186 0
286 191 0
286 196 0
286 201 0
287 206 0
287 211 0
289 215 0
287 219 0
289 223 0
290 228 0
293 232 0
291 236 0
293 239 0
295 243 0
295 246 0
298 250 0
300 254 0
302 259 0
304 263 0
307 267 0
309 271 0
310 276 0
312 280 0
314 284 0
314 289 0
315 294 0
315 299 0
317 303 0
317 308 0
317 313 0
317 318 0
318 323 0
319 328 0
319 331 0
318 336 0
320 340 0
321 345 0
323 349 0
321 353 0
321 358 0
323 362 0
324 367 0
326 371 0
326 376 0
327 381 0
329 385 0
331 389 0
332 394 0
332 399 0
333 402 0
334 406 0
334 411 0
335 416 0
334 421 0
335 426 0
335 431 0
335 436 0
335 441 0
337 445 0
337 450 0
337 453 0
336 457 0
334 460 0
332 464 0
335 466 0
339 468 0
343 471 0
344 475 0
348 477 0
352 480 0
356 482 0
358 486 0
358 491 0
358 496 0
354 499 0
349 499 0
344 499 0
339 499 0
334 499 0
329 499 0
324 499 0
319 498 0
316 494 0
313 490 0
310 487 0
307 483 0
308 478 0
310 474 0
311 469 0
314 466 0
315 461 0
315 456 0
313 452 0
311 448 0
312 444 0
312 441 0
311 437 0
311 432 0
310 427 0
308 423 0
305 419 0
304 414 0
303 409 0
301 405 0
301 400 0
299 396 0
299 391 0
299 386 0
297 382 0
296 377 0
296 372 0
296 367 0
296 362 0
296 357 0
294 353 0
291 349 0
290 344 0
288 340 0
286 335 0
283 331 0
280 328 0
278 323 0
276 319 0
274 315 0
272 310 0
269 306 0
267 302 0
264 298 0
262 294 0
261 289 0
259 285 0
257 281 0
253 283 0
250 287 0
247 291 0
245 295 0
242 299 0
240 303 0
238 308 0
236 312 0
233 316 0
232 321 0
229 324 0
227 329 0
225 333 0
224 338 0
221 342 0
219 346 0
218 351 0
216 355 0
213 359 0
212 363 0
211 368 0
211 373 0
211 378 0
211 383 0
213 387 0
213 392 0
211 396 0
211 401 0
210 406 0
208 410 0
207 415 0
207 420 0
205 424 0
204 429 0
204 434 0
202 438 0
205 442 0
207 446 0
204 449 0
200 451 0
197 455 0
199 459 0
199 464 0
201 468 0
204 472 0
204 477 0
206 482 0
204 486 0
201 490 0
197 492 0
194 496 0
191 499 0
186 499 0
181 499 0
176 499 0
171 499 0
166 499 0
161 499 0
252.293 121.854 0
254.716 183.196 0
236.752 261.876 0
219.692 290.346 0
254.667 51.5419 0
280.384 271.808 0
256.149 224.63 0
210.043 319.317 0
252.042 79.5 0
293.454 304.319 0
262.061 100.829 0
278.57 122.303 0
264.163 151.5 0
240.525 158.5 0
225.72 117.975 0
190.273 416 0
270.331 215 0
95.8333 107.5 0
115.167 107.5 0
176.272 111.525 0
199.849 354.355 0
174.5 484.5 0
188.5 477.167 0
301.008 109.788 0
333.071 107.929 0
392.929 107.071 0
314.84 392.202 0
310.938 374.625 0
324.75 448 0
261.758 36.8871 0
272.282 234.277 0
239.193 235.731 0
305.27 305.884 0
292.664 319.398 0
297.268 287.996 0
279.64 140.642 0
276.776 164.672 0
304.803 342.81 0
319.021 412.713 0
243.175 64.5591 0
246.445 31.4452 0
196.5 112.536 0
188.253 442.539 0
197.423 389.5 0
365.868 106.713 0
328.192 481.808 0
229.16 148.449 0
34.6586 121.985 0
476.929 123.357 0
220.471 268.258 0
84.8498 109.061 0
125.845 109.879 0
136.563 108.277 0
105.5 109.459 0
185.173 487.846 0
179.292 476.617 0
343.518 109.453 0
322.984 436.114 0
284.694 311.42 0
280.717 297.561 0
304.631 295.436 0
240.468 45 0
186.239 114.966 0
187.686 452.238 0
189.639 461.682 0
228.369 160.795 0
237.492 175.776 0
235.754 166.566 0
246.559 140.225 0
353.196 108.551 0
321.574 424.316 0
290.256 294.964 0
282.328 284.662 0
272.462 289.98 0
237.657 35.6652 0
250.721 41.426 0
244.756 54.3734 0
239.623 148.069 0
251.626 151.694 0
258.133 166.959 0
246.9 169.231 0
269.317 277.797 0
258.02 259.639 0
260.839 270.479 0
248.147 267.993 0
271.234 261.989 0
234.969 278.868 0
266.914 247.95 0
280.906 246.241 0
239.335 270.737 0
284.181 259.097 0
292.615 268.539 0
251.472 245.429 0
274.662 253.25 0
281.495 236.726 0
291.409 279.112 0
258.523 250.794 0
246.901 256.149 0
235.959 248.616 0
225.027 255.923 0
228.662 239.936 0
250.334 234.247 0
261.308 234.316 0
223.033 247.063 0
252.511 204.014 0
164.802 110.513 0
153.93 109.84 0
198.514 366.825 0
165.312 488.856 0
320.526 107.542 0
310.249 104.163 0
405.01 106.918 0
317.118 382.474 0
269.106 48.7324 0
264.505 63.5951 0
262.819 54.9299 0
253.761 62.3232 0
266.824 225.092 0
277.748 224.815 0
304.796 318.079 0
300.002 330.446 0
288.491 130.925 0
290.933 118.096 0
280.494 107.687 0
300.839 119.846 0
267.855 113.458 0
273.51 98.2584 0
265.34 127.417 0
256.497 111.025 0
238.228 101.552 0
250.137 100.938 0
244.159 112.466 0
243.579 89.5514 0
256.006 90.6556 0
238.132 125.905 0
233.993 137.315 0
233.703 111.08 0
222.42 106.085 0
233.501 92.2513 0
239.871 77.8407 0
263.937 81.5551 0
211.037 115.648 0
259.39 72.4222 0
266.075 91.4246 0
274.613 131.735 0
265.361 139.488 0
256.078 142.874 0
247.048 130.297 0
205.141 107.679 0
216.847 126.474 0
227.459 128.671 0
223.897 138.155 0
202.266 121.11 0
256.817 132.813 0
276.368 152.438 0
285.833 148.712 0
285.587 159.122 0
308.487 354.921 0
312.792 364.39 0
312.76 403.308 0
321.961 399.284 0
256.908 26.2704 0
248.147 21.7226 0
187.409 429.128 0
182.942 421.277 0
195.459 424.008 0
195.85 403.29 0
198.427 412 0
186.864 406.925 0
190.286 395.671 0
339.63 486.611 0
323.727 471.542 0
240.88 191.611 0
266.923 161.482 0
268.912 177.705 0
260.029 175.836 0
279.895 175.443 0
267.47 195.073 0
263.976 186.039 0
223.434 279.42 0
210.444 281.076 0
207.417 293.344 0
216.89 305.505 0
211.873 271.862 0
205.504 308.464 0
227.953 299.712 0
230.642 289.014 0
225.911 309.271 0
220.397 318.116 0
258.956 213.506 0
265.796 205.482 0
275.559 201.713 0
278.031 210.358 0
199.543 378.238 0
415.556 107.032 0
291.072 105.607 0
232.703 185.08 0
244.81 182.49 0
251.429 193.374 0
239.205 204.837 0
246.014 216.157 0
243.605 226.293 0
235.983 219.127 0
275.406 186.988 0
204.198 338.198 0
197.425 345.039 0
208.041 347.896 0
200.727 326.778 0
213.373 330.693 0
384.889 113.217 0
