549
227 481 0
222 477 0
220 472 0
218 467 0
219 462 0
221 457 0
221 452 0
224 447 0
226 442 0
224 437 0
227 432 0
227 427 0
227 422 0
227 417 0
227 412 0
226 407 0
225 402 0
225 397 0
224 392 0
223 387 0
222 382 0
221 377 0
221 372 0
221 367 0
221 362 0
221 357 0
220 352 0
219 347 0
219 342 0
220 337 0
220 332 0
220 327 0
220 322 0
219 317 0
218 312 0
218 307 0
217 302 0
215 297 0
214 292 0
213 287 0
211 282 0
210 277 0
209 272 0
208 267 0
207 262 0
206 257 0
205 252 0
204 247 0
204 242 0
204 237 0
203 232 0
203 227 0
204 223 0
204 218 0
206 213 0
207 208 0
208 203 0
211 198 0
213 193 0
214 188 0
216 183 0
218 178 0
218 173 0
217 168 0
216 163 0
214 158 0
212 153 0
210 148 0
208 143 0
206 138 0
202 134 0
197 131 0
192 129 0
187 127 0
182 126 0
177 125 0
172 125 0
167 124 0
162 124 0
157 124 0
152 124 0
147 124 0
142 124 0
137 124 0
132 123 0
127 123 0
122 123 0
118 121 0
113 121 0
108 121 0
103 120 0
98 120 0
93 119 0
88 119 0
83 119 0
78 118 0
73 118 0
68 117 0
63 119 0
58 119 0
53 119 0
48 119 0
43 122 0
38 125 0
33 127 0
30 126 0
26 128 0
21 127 0
19 123 0
22 118 0
27 114 0
32 112 0
37 110 0
42 110 0
47 110 0
52 110 0
57 110 0
62 110 0
67 110 0
72 110 0
77 110 0
82 110 0
87 110 0
92 110 0
97 109 0
102 109 0
107 109 0
112 109 0
117 109 0
122 108 0
127 108 0
132 108 0
137 108 0
142 109 0
147 109 0
152 109 0
157 109 0
162 109 0
167 108 0
172 108 0
177 108 0
182 108 0
187 108 0
192 109 0
197 109 0
202 109 0
207 109 0
212 110 0
217 110 0
222 109 0
227 105 0
230 101 0
230 96 0
231 91 0
229 86 0
225 83 0
221 80 0
218 75 0
216 70 0
214 66 0
213 61 0
212 56 0
212 51 0
212 46 0
213 41 0
215 36 0
219 33 0
224 30 0
229 28 0
234 27 0
239 27 0
244 27 0
249 28 0
254 28 0
259 30 0
264 33 0
268 36 0
272 40 0
272 45 0
272 50 0
272 55 0
273 60 0
272 65 0
272 70 0
268 74 0
266 79 0
262 82 0
257 84 0
254 89 0
256 94 0
256 99 0
258 104 0
263 108 0
268 109 0
273 109 0
278 108 0
283 108 0
288 107 0
293 107 0
298 106 0
303 106 0
308 106 0
313 106 0
318 106 0
323 106 0
328 105 0
333 105 0
338 105 0
343 105 0
348 105 0
353 105 0
358 105 0
363 105 0
368 105 0
373 105 0
378 105 0
383 105 0
388 105 0
393 105 0
398 105 0
403 105 0
408 105 0
413 105 0
418 105 0
423 105 0
428 105 0
433 105 0
438 105 0
443 105 0
448 105 0
453 105 0
458 105 0
462 108 0
466 111 0
470 116 0
468 120 0
463 121 0
458 119 0
455 119 0
452 120 0
447 116 0
442 114 0
437 114 0
432 113 0
427 113 0
422 112 0
417 112 0
412 112 0
407 114 0
402 114 0
397 114 0
392 115 0
387 116 0
382 116 0
377 117 0
372 118 0
367 119 0
362 119 0
357 120 0
352 120 0
347 120 0
342 121 0
337 121 0
332 122 0
327 122 0
322 123 0
317 123 0
312 124 0
307 124 0
302 125 0
297 127 0
292 129 0
287 131 0
283 134 0
280 139 0
278 144 0
277 149 0
275 154 0
273 159 0
272 164 0
270 169 0
269 174 0
269 179 0
272 184 0
273 189 0
276 193 0
278 198 0
280 203 0
282 208 0
284 213 0
285 218 0
286 223 0
287 228 0
286 233 0
286 238 0
286 243 0
286 248 0
285 253 0
285 258 0
284 263 0
283 268 0
282 273 0
280 278 0
279 283 0
278 288 0
278 293 0
276 298 0
275 303 0
274 308 0
274 313 0
273 317 0
273 322 0
273 327 0
273 332 0
273 337 0
274 342 0
273 347 0
273 352 0
273 357 0
273 362 0
272 367 0
272 372 0
272 377 0
272 382 0
271 387 0
270 392 0
269 397 0
269 402 0
268 407 0
268 412 0
267 417 0
267 422 0
267 427 0
269 432 0
271 437 0
270 442 0
272 447 0
273 452 0
275 457 0
277 462 0
278 467 0
276 472 0
273 476 0
269 480 0
264 480 0
259 476 0
256 471 0
255 466 0
254 461 0
255 456 0
254 451 0
254 446 0
255 441 0
254 436 0
256 431 0
257 426 0
256 421 0
257 416 0
256 411 0
256 406 0
255 401 0
255 396 0
254 391 0
253 386 0
253 381 0
253 376 0
252 371 0
252 366 0
251 361 0
250 356 0
250 351 0
250 346 0
250 341 0
251 336 0
252 331 0
253 326 0
253 321 0
253 316 0
253 311 0
253 306 0
253 301 0
252 296 0
251 291 0
251 286 0
250 281 0
250 276 0
249 271 0
248 266 0
248 261 0
247 256 0
247 251 0
247 246 0
247 241 0
247 236 0
247 231 0
243 232 0
243 237 0
243 242 0
243 247 0
243 252 0
243 257 0
243 262 0
242 267 0
241 272 0
241 277 0
241 282 0
240 287 0
239 292 0
239 297 0
239 302 0
239 307 0
239 312 0
238 317 0
239 322 0
239 327 0
240 332 0
242 337 0
243 342 0
243 347 0
243 352 0
243 357 0
242 362 0
242 367 0
241 372 0
240 377 0
240 382 0
239 387 0
239 392 0
239 397 0
239 402 0
239 407 0
238 412 0
238 417 0
239 422 0
238 427 0
239 432 0
240 437 0
239 442 0
240 447 0
240 452 0
240 457 0
240 462 0
240 467 0
239 472 0
235 477 0
231 481 0
228 481 0
243.5 137.5 0
243.561 165.288 0
228.412 214.882 0
260.649 213.64 0
235.712 121.015 0
241.883 56.3723 0
229.134 466.037 0
266.361 465.986 0
269.751 228 0
249.46 192.616 0
228.623 46.467 0
251.08 43.6005 0
257.138 60 0
232.689 69.2093 0
264.571 456.567 0
239.876 45.2301 0
233.313 37.3255 0
250.732 53.0476 0
230.428 57.8789 0
246.796 69.6015 0
262.914 447.654 0
257.593 70.8607 0
239.462 79.4981 0
248.968 78.8771 0
242.555 90.6377 0
243.336 104.371 0
225.108 136.107 0
253.305 122.786 0
250.871 112.198 0
272.405 216.253 0
257.845 225.482 0
261.135 239.33 0
273.633 239.893 0
266.603 256.926 0
267.045 247.141 0
235.404 110.806 0
234.7 131.575 0
233.197 151.416 0
222.107 122.727 0
214.989 131.35 0
206.288 121.857 0
196.134 119.409 0
261.148 138.636 0
247.705 151.385 0
240.463 156.795 0
230.15 165.369 0
236.95 181.016 0
236.894 171.739 0
240.439 146.006 0
252.039 142.493 0
261.469 152.08 0
268.174 145.194 0
224.314 156.785 0
269.06 124.855 0
260.49 129.097 0
261.961 117.891 0
270.649 134.929 0
251.495 177.876 0
245.321 184.534 0
256.995 165.615 0
259.728 186.523 0
260.819 200.06 0
269.736 205.921 0
232.843 197.99 0
220.897 146.299 0
280.658 120.255 0
245.352 208.292 0
247.983 219.515 0
236.976 222.359 0
221.348 231.617 0
232.169 232.065 0
251.704 201.58 0
221.924 204.153 0
217.171 214.353 0
214.215 224.205 0
227.004 187.593 0
221.845 195.07 0
291.255 117.749 0
300.658 115.403 0
242.392 199.14 0
235.361 207.678 0
265.297 272.552 0
272.874 265.318 0
258.6 264.124 0
264.567 286.099 0
258.876 278.999 0
264.28 297.817 0
224 250.491 0
226.399 240.531 0
215.322 243.132 0
225 267.173 0
231.91 258.388 0
217.534 259.25 0
226.485 281.617 0
231.735 273.779 0
219.437 275.044 0
226.872 293.885 0
228.5 304.544 0
228.5 314.395 0
120 117.351 0
355.556 113.805 0
226.905 224 0
