651
222 501 0
217 501 0
217 499 0
214 496 0
215 491 0
218 488 0
220 483 0
219 478 0
219 473 0
220 468 0
220 463 0
219 458 0
218 453 0
217 448 0
216 443 0
215 438 0
215 433 0
214 428 0
214 423 0
213 418 0
212 413 0
212 408 0
212 403 0
212 398 0
212 393 0
213 388 0
214 384 0
215 379 0
216 374 0
214 371 0
214 370 0
214 365 0
214 360 0
214 355 0
214 350 0
214 345 0
213 340 0
213 336 0
212 331 0
212 326 0
210 321 0
211 316 0
211 311 0
210 306 0
209 301 0
208 296 0
208 291 0
208 286 0
208 281 0
208 276 0
209 271 0
211 267 0
213 262 0
215 257 0
217 253 0
220 248 0
222 243 0
224 238 0
227 234 0
229 229 0
228 224 0
228 220 0
226 215 0
224 210 0
222 205 0
220 200 0
217 196 0
214 191 0
213 186 0
208 181 0
206 176 0
205 171 0
207 166 0
208 162 0
205 157 0
200 154 0
195 153 0
190 153 0
185 153 0
180 153 0
175 153 0
170 154 0
165 152 0
160 152 0
155 152 0
150 151 0
145 151 0
140 151 0
135 152 0
130 153 0
125 153 0
120 153 0
115 152 0
110 152 0
106 150 0
101 149 0
98 148 0
93 149 0
88 147 0
83 147 0
78 147 0
73 147 0
68 148 0
65 152 0
60 151 0
55 149 0
50 148 0
45 148 0
40 148 0
35 145 0
31 142 0
26 141 0
24 137 0
19 136 0
14 134 0
10 132 0
11 130 0
16 130 0
21 131 0
26 131 0
31 131 0
36 131 0
41 130 0
45 132 0
50 133 0
54 131 0
59 130 0
64 130 0
68 133 0
73 134 0
78 134 0
83 134 0
88 134 0
93 134 0
98 132 0
103 132 0
108 132 0
113 131 0
118 131 0
123 131 0
128 131 0
133 132 0
138 134 0
143 134 0
148 134 0
153 134 0
158 134 0
163 134 0
168 134 0
173 135 0
178 135 0
183 134 0
188 134 0
193 133 0
198 131 0
203 131 0
208 131 0
213 131 0
218 129 0
223 125 0
228 125 0
233 125 0
237 123 0
241 120 0
244 115 0
243 110 0
242 105 0
239 100 0
235 98 0
231 94 0
228 90 0
224 87 0
222 82 0
220 77 0
218 72 0
216 67 0
216 62 0
216 57 0
216 52 0
217 47 0
219 42 0
222 38 0
225 34 0
229 31 0
234 28 0
239 27 0
244 26 0
249 26 0
254 25 0
259 24 0
264 26 0
269 26 0
273 30 0
278 34 0
281 37 0
283 42 0
285 45 0
288 48 0
288 53 0
289 58 0
290 63 0
290 68 0
288 73 0
288 78 0
286 81 0
282 85 0
283 87 0
279 87 0
276 92 0
273 97 0
269 102 0
265 106 0
265 111 0
266 116 0
270 121 0
275 123 0
280 124 0
285 125 0
290 128 0
294 131 0
299 130 0
304 130 0
309 130 0
314 130 0
319 133 0
324 134 0
329 134 0
334 134 0
339 135 0
344 135 0
349 135 0
354 134 0
359 135 0
364 134 0
369 134 0
374 134 0
378 131 0
383 132 0
388 131 0
393 131 0
398 132 0
403 132 0
408 133 0
413 132 0
416 134 0
421 134 0
426 134 0
431 134 0
436 134 0
441 133 0
446 131 0
451 131 0
455 132 0
460 133 0
465 133 0
470 133 0
475 133 0
480 132 0
485 132 0
490 131 0
495 131 0
500 130 0
501 132 0
496 134 0
491 136 0
486 137 0
488 141 0
485 143 0
480 144 0
476 146 0
471 148 0
466 150 0
461 150 0
457 147 0
452 150 0
447 150 0
444 147 0
439 146 0
434 147 0
429 147 0
424 148 0
419 148 0
414 149 0
409 150 0
404 150 0
399 150 0
394 152 0
389 152 0
384 152 0
379 153 0
374 153 0
369 152 0
364 152 0
359 152 0
354 153 0
349 153 0
344 153 0
339 153 0
334 154 0
329 154 0
324 154 0
319 154 0
314 154 0
309 154 0
305 158 0
301 162 0
303 167 0
304 172 0
305 177 0
301 181 0
298 186 0
297 191 0
293 194 0
291 199 0
290 204 0
288 209 0
286 214 0
284 219 0
282 224 0
282 229 0
282 234 0
285 239 0
288 243 0
291 248 0
295 253 0
298 258 0
300 263 0
301 268 0
302 273 0
302 278 0
303 283 0
303 288 0
303 293 0
304 297 0
305 302 0
304 307 0
303 312 0
303 317 0
303 322 0
302 327 0
301 332 0
300 337 0
299 342 0
298 347 0
298 352 0
298 357 0
297 362 0
297 367 0
295 372 0
295 377 0
296 382 0
297 387 0
298 392 0
298 397 0
298 402 0
298 407 0
297 412 0
297 417 0
295 422 0
295 427 0
293 432 0
292 437 0
291 441 0
290 446 0
290 451 0
289 456 0
288 461 0
289 466 0
291 469 0
291 474 0
289 478 0
287 483 0
290 487 0
292 492 0
293 497 0
289 502 0
284 502 0
279 501 0
274 500 0
269 498 0
268 493 0
269 488 0
272 484 0
271 479 0
268 476 0
267 471 0
270 467 0
273 462 0
272 457 0
272 452 0
271 447 0
270 443 0
269 438 0
268 433 0
267 428 0
266 423 0
265 418 0
265 413 0
265 408 0
266 403 0
266 398 0
266 393 0
267 389 0
269 385 0
271 380 0
273 376 0
272 372 0
271 367 0
271 362 0
268 358 0
267 353 0
266 349 0
264 345 0
265 340 0
264 335 0
263 330 0
262 325 0
261 320 0
260 315 0
260 310 0
259 305 0
258 300 0
254 299 0
252 304 0
252 309 0
252 314 0
250 319 0
250 324 0
248 329 0
248 334 0
247 339 0
246 344 0
246 349 0
246 354 0
243 358 0
242 363 0
241 368 0
241 373 0
241 378 0
244 382 0
242 384 0
243 389 0
245 392 0
244 396 0
244 400 0
244 405 0
243 410 0
244 415 0
243 419 0
242 424 0
242 429 0
241 434 0
241 439 0
239 441 0
238 444 0
238 449 0
238 454 0
237 459 0
236 464 0
238 468 0
239 473 0
239 478 0
236 481 0
236 486 0
240 491 0
241 496 0
241 501 0
238 500 0
235 501 0
230 501 0
225 501 0
223 501 0
255.405 164.81 0
244.125 269.062 0
245.178 144.356 0
251.844 61.3623 0
231.182 293.5 0
255.762 200.195 0
254.5 242.1 0
281.63 303.074 0
272.715 147.426 0
272.608 271.057 0
235.523 51.5093 0
263.807 46.6157 0
260.557 79.3343 0
227.98 394.717 0
227.475 366.728 0
229.974 348.658 0
228.133 414.5 0
281.669 342.703 0
275.622 177.576 0
285.964 184.04 0
230.376 319.112 0
310.85 142 0
280.866 424.373 0
237.498 182.001 0
228.827 141.567 0
239.371 75.222 0
229.882 64.4235 0
257.925 36.252 0
271.59 64.5179 0
450.5 140.312 0
279.652 472.237 0
272.182 194.585 0
287.999 169.279 0
249.972 47.6176 0
227.476 491.282 0
279.977 490.656 0
320.999 143.875 0
225.98 55.0297 0
240.661 61.4426 0
229.52 74.3097 0
282.343 193.586 0
292.449 177.413 0
274.466 162.472 0
287.588 153.295 0
298.538 146.244 0
240.079 39.6543 0
230.672 42.8425 0
265.805 170.732 0
253.322 180.561 0
264.006 156.064 0
252.586 153.435 0
236.825 163.377 0
259.585 140.163 0
246.352 161.017 0
292.002 161.179 0
278.569 154.37 0
284.147 140.236 0
248.52 35.4283 0
246.33 191.399 0
240.588 207.009 0
232.971 195.104 0
249.145 131.139 0
271.043 134.95 0
244.625 172.648 0
225.44 185.168 0
219.621 172.312 0
231.554 204.4 0
238.393 135.116 0
260.679 128.346 0
252.814 121.08 0
222.676 157.165 0
254.017 110.128 0
254.255 94.0873 0
227.249 165.969 0
229.44 175.86 0
216.744 163.85 0
233.242 152.319 0
242.276 152.932 0
228.05 379.789 0
233.399 387.278 0
222.623 387.228 0
232.939 358.276 0
222.991 404.648 0
233.514 403.716 0
280.434 435.977 0
280.449 445.538 0
250.801 72.9662 0
260.904 68.0258 0
261.848 57.2518 0
247.122 84.4109 0
236.953 85.1252 0
272.471 76.6898 0
268.732 211.322 0
265.174 184.315 0
262.662 193.556 0
213.946 145.522 0
213.861 154.681 0
219.977 138.244 0
222.604 148.125 0
264.527 89.7527 0
277.677 204.442 0
253.646 215.785 0
249.849 207.331 0
259.746 208.675 0
265.364 227.668 0
241.202 220.198 0
251.339 229.031 0
240.604 238.544 0
262.68 218.595 0
238.486 229.293 0
244.155 253.597 0
260.885 258.247 0
230.402 261.303 0
233.096 248.261 0
253.677 251.762 0
239.447 261.32 0
230.348 277.412 0
234.894 269.372 0
202.65 142.65 0
272.534 220.626 0
269.422 242.028 0
261.933 236.391 0
272.728 233.34 0
258.197 272.476 0
252.783 264.085 0
264.871 266.369 0
276.478 255.943 0
266.834 286.301 0
247.847 284.432 0
267.864 251.564 0
278.327 246.258 0
286.139 266.469 0
265.942 277.248 0
249.943 275.789 0
256.967 289.164 0
242.863 295.121 0
235.338 306.45 0
240.211 278.146 0
286.109 256.8 0
223.222 309.005 0
240.168 315.646 0
220.813 285.972 0
220.234 297.674 0
219.47 274.885 0
221.86 265.618 0
270.249 298.201 0
228.115 428.398 0
227.162 439.935 0
227.83 450.148 0
283.957 356.566 0
288.838 348.64 0
276.336 350.704 0
283.5 368.561 0
232.867 333.922 0
236.831 342.352 0
223.8 339.794 0
223.203 327.933 0
238.522 325.585 0
220.524 318.467 0
281.291 408.221 0
286.801 416.448 0
274.962 416.136 0
274.909 52.4325 0
272.919 42.7287 0
284.969 285.216 0
279.059 293.352 0
281.692 275.601 0
291.174 295.617 0
292.454 307.092 0
280.749 322.035 0
284.216 312.695 0
291.873 320.851 0
272.075 313.502 0
287.444 332.092 0
275.551 332.621 0
282.479 392.729 0
275.723 400.002 0
288.097 400.952 0
283.799 380.931 0
