948
364 504 0
360 502 0
355 502 0
350 501 0
346 499 0
341 498 0
337 496 0
333 498 0
329 499 0
324 499 0
319 499 0
314 499 0
310 498 0
310 493 0
310 488 0
310 483 0
310 478 0
310 473 0
310 468 0
310 463 0
312 459 0
308 457 0
303 457 0
298 457 0
293 456 0
288 457 0
283 456 0
279 454 0
274 453 0
270 451 0
270 446 0
273 443 0
277 440 0
280 436 0
282 432 0
282 427 0
284 423 0
286 419 0
286 414 0
286 409 0
286 404 0
284 400 0
284 395 0
284 390 0
284 385 0
284 380 0
284 375 0
284 370 0
282 366 0
281 361 0
280 357 0
278 353 0
276 349 0
274 345 0
274 340 0
273 335 0
272 331 0
272 326 0
272 321 0
272 316 0
270 312 0
269 307 0
267 303 0
264 300 0
262 296 0
260 292 0
256 290 0
251 289 0
248 293 0
246 297 0
244 301 0
242 305 0
242 310 0
240 314 0
240 319 0
240 324 0
238 328 0
238 333 0
238 338 0
236 342 0
236 347 0
234 351 0
232 355 0
230 359 0
229 363 0
228 368 0
228 373 0
228 378 0
228 383 0
228 388 0
226 392 0
226 397 0
226 402 0
226 407 0
224 411 0
224 416 0
225 419 0
226 423 0
228 427 0
230 431 0
232 435 0
234 439 0
237 443 0
241 446 0
242 450 0
238 452 0
234 454 0
229 454 0
225 456 0
220 456 0
215 456 0
210 457 0
205 457 0
200 458 0
201 463 0
202 467 0
201 471 0
200 476 0
200 481 0
200 486 0
201 491 0
202 495 0
200 499 0
195 499 0
190 499 0
185 499 0
180 499 0
176 496 0
172 498 0
167 498 0
162 500 0
158 501 0
153 502 0
148 502 0
143 502 0
138 502 0
133 502 0
128 501 0
123 501 0
119 499 0
117 495 0
116 492 0
119 489 0
124 488 0
128 486 0
133 484 0
137 482 0
141 479 0
143 475 0
147 472 0
152 471 0
157 470 0
159 466 0
161 462 0
163 458 0
167 457 0
172 458 0
174 454 0
169 453 0
165 451 0
160 450 0
156 447 0
153 444 0
149 441 0
145 438 0
148 435 0
151 432 0
156 431 0
160 429 0
164 426 0
168 423 0
172 421 0
176 418 0
178 414 0
180 410 0
183 406 0
185 402 0
186 398 0
187 393 0
189 389 0
189 384 0
189 379 0
189 374 0
189 369 0
191 365 0
189 361 0
189 356 0
189 351 0
189 346 0
189 341 0
189 336 0
189 331 0
189 326 0
187 322 0
187 317 0
187 312 0
185 308 0
185 303 0
185 298 0
185 293 0
185 288 0
185 283 0
186 279 0
187 274 0
189 270 0
191 266 0
192 262 0
195 258 0
195 253 0
198 250 0
199 245 0
201 241 0
201 236 0
203 233 0
207 230 0
206 225 0
201 225 0
199 222 0
199 217 0
199 212 0
201 208 0
201 203 0
201 198 0
201 193 0
201 188 0
201 183 0
201 178 0
200 173 0
197 170 0
192 171 0
187 171 0
184 171 0
180 174 0
176 176 0
171 176 0
166 177 0
162 179 0
157 180 0
153 182 0
149 184 0
144 185 0
140 188 0
136 190 0
132 193 0
127 194 0
123 196 0
118 198 0
115 201 0
110 203 0
106 206 0
102 209 0
98 212 0
95 215 0
90 217 0
86 219 0
82 221 0
77 222 0
73 224 0
69 227 0
66 231 0
62 234 0
58 237 0
54 239 0
51 237 0
50 234 0
51 229 0
48 231 0
44 234 0
40 237 0
36 240 0
32 242 0
27 242 0
22 242 0
17 241 0
19 237 0
23 234 0
27 231 0
30 228 0
34 225 0
37 221 0
38 217 0
42 214 0
45 211 0
49 208 0
53 205 0
55 201 0
58 198 0
62 195 0
67 193 0
71 191 0
75 189 0
80 188 0
84 186 0
89 184 0
93 182 0
97 179 0
101 177 0
105 175 0
110 174 0
114 171 0
118 169 0
123 167 0
127 165 0
131 163 0
135 161 0
140 160 0
144 157 0
148 155 0
152 152 0
156 149 0
160 147 0
164 144 0
169 142 0
173 139 0
177 136 0
179 132 0
183 129 0
186 127 0
191 126 0
195 124 0
199 121 0
204 120 0
208 117 0
212 115 0
216 113 0
221 112 0
226 113 0
231 112 0
235 110 0
239 107 0
239 102 0
238 97 0
235 94 0
231 91 0
227 88 0
223 86 0
223 81 0
218 80 0
214 78 0
210 75 0
207 72 0
204 68 0
204 65 0
207 61 0
210 59 0
213 55 0
213 50 0
211 46 0
209 42 0
207 38 0
205 34 0
203 30 0
207 26 0
211 23 0
215 21 0
219 18 0
223 15 0
227 13 0
231 11 0
236 10 0
241 10 0
245 8 0
250 8 0
255 8 0
260 8 0
265 8 0
269 10 0
274 11 0
278 13 0
283 14 0
287 16 0
290 19 0
294 21 0
298 24 0
301 27 0
303 31 0
301 35 0
299 39 0
297 43 0
295 47 0
297 51 0
297 56 0
301 59 0
305 62 0
305 67 0
303 71 0
300 74 0
296 77 0
295 82 0
296 87 0
301 86 0
298 89 0
294 92 0
291 92 0
288 89 0
284 86 0
280 89 0
276 92 0
273 96 0
273 101 0
274 106 0
278 109 0
283 110 0
287 111 0
292 112 0
297 113 0
301 115 0
305 118 0
309 120 0
313 123 0
318 124 0
322 126 0
327 127 0
329 131 0
332 135 0
336 138 0
339 140 0
343 143 0
347 145 0
352 147 0
355 150 0
359 153 0
364 155 0
368 158 0
372 160 0
377 161 0
381 163 0
385 165 0
389 168 0
394 169 0
398 172 0
402 174 0
407 175 0
411 178 0
415 180 0
419 182 0
423 185 0
428 186 0
432 188 0
436 191 0
441 191 0
445 194 0
449 196 0
453 199 0
457 202 0
459 206 0
463 209 0
467 211 0
469 215 0
473 218 0
475 222 0
478 226 0
482 229 0
484 233 0
488 236 0
491 238 0
490 241 0
485 242 0
480 242 0
475 241 0
471 238 0
467 235 0
464 232 0
461 228 0
459 232 0
461 236 0
457 239 0
452 238 0
448 235 0
446 231 0
443 227 0
439 225 0
435 222 0
430 222 0
426 219 0
421 218 0
417 215 0
413 213 0
409 210 0
405 207 0
401 204 0
397 201 0
393 199 0
389 197 0
384 196 0
380 193 0
377 190 0
373 188 0
368 187 0
364 185 0
360 182 0
356 181 0
351 179 0
346 179 0
342 177 0
337 176 0
333 174 0
328 173 0
324 171 0
319 171 0
314 170 0
311 173 0
309 177 0
309 182 0
309 187 0
309 192 0
309 197 0
309 202 0
309 207 0
311 211 0
311 216 0
311 221 0
310 225 0
305 226 0
305 231 0
309 233 0
309 238 0
311 242 0
311 247 0
314 251 0
315 255 0
317 259 0
319 263 0
321 267 0
323 271 0
325 275 0
325 280 0
325 285 0
325 290 0
325 295 0
325 300 0
327 304 0
325 308 0
325 313 0
323 317 0
323 322 0
323 327 0
323 332 0
323 337 0
321 341 0
321 346 0
321 351 0
321 356 0
321 361 0
321 366 0
321 371 0
321 376 0
321 381 0
322 386 0
323 390 0
323 395 0
325 399 0
327 403 0
329 407 0
331 411 0
333 415 0
335 419 0
339 422 0
344 424 0
348 427 0
351 430 0
356 432 0
360 434 0
363 436 0
364 439 0
361 443 0
357 446 0
353 448 0
349 451 0
345 453 0
340 454 0
338 457 0
343 458 0
348 458 0
351 461 0
351 466 0
353 470 0
358 472 0
363 472 0
367 474 0
369 478 0
372 482 0
377 483 0
381 485 0
385 488 0
390 489 0
394 491 0
395 495 0
393 499 0
389 501 0
384 501 0
379 502 0
374 502 0
369 503 0
365 504 0
257.344 159.688 0
200.286 427.643 0
218.17 282.085 0
274.809 257.383 0
294.891 291.554 0
320.393 437.214 0
245.151 135.303 0
277.915 138.842 0
219.515 150.485 0
295.709 154.709 0
254.146 52.5 0
235.96 35.9203 0
213.439 328.5 0
209.793 353.5 0
297.667 332.667 0
300.427 353.5 0
307.305 411.5 0
277.273 184.5 0
237.542 190.5 0
314.097 145.302 0
268.617 69.6563 0
185.379 467 0
307.639 304 0
67.3255 209.947 0
86.234 202.074 0
107.093 189.449 0
168.125 481.812 0
208.503 373.612 0
205.777 402.228 0
342.735 160.724 0
435.83 206.511 0
325.674 466.761 0
219.364 304.692 0
207.44 269.22 0
289.949 244.243 0
277.923 289.912 0
307.416 279.185 0
301.6 431.633 0
259.701 30.5957 0
202.129 318.36 0
225.562 320.514 0
224.972 334.827 0
310.375 333.917 0
287.503 341.722 0
279.159 55.2425 0
230.65 307.2 0
262.205 19.329 0
126.303 180.307 0
388.236 181.845 0
401.245 187.823 0
206.561 137.887 0
191.438 142.304 0
338.462 470.538 0
356.931 487.043 0
243.852 72.5186 0
229.412 249.361 0
276.91 30.1797 0
213.901 341.333 0
303.111 342.545 0
310.458 350.151 0
305.398 319.288 0
227.905 292.906 0
248.308 22.1524 0
327.916 482.706 0
216.111 242.106 0
224.058 345.944 0
201.498 343.922 0
199.328 354.182 0
205.177 363.301 0
217.086 362.922 0
171.944 159.056 0
282.72 71.7936 0
154.047 485.377 0
170.399 469.961 0
324.595 452.735 0
201.311 330.65 0
214.129 316.353 0
285.035 328.72 0
115.851 183.099 0
221.182 129.272 0
197.217 133.991 0
203.161 154.342 0
366.967 491.995 0
346.112 480.564 0
347.934 489.793 0
288.934 32.1377 0
281.086 42.4373 0
267.414 46.9278 0
290.079 309.235 0
313.487 312.666 0
313.524 324.684 0
216.344 293.516 0
203.887 302.878 0
201.661 285.31 0
236.777 275.136 0
234.94 298.965 0
248.08 34.3687 0
256.826 41.5229 0
243.411 46.0114 0
242.72 59.2802 0
228.377 49.3156 0
229.488 67.0792 0
320.029 488.976 0
236.6 220.362 0
216.518 257.18 0
218.23 372.631 0
274.37 79.2918 0
257.586 82.7784 0
267.15 86.6763 0
276.62 64.4475 0
159.798 478.51 0
162.597 489.561 0
333.225 442.069 0
200.494 145.212 0
264.462 58.4802 0
255.881 68.0311 0
300.076 310.7 0
293.651 320.624 0
282.926 317.843 0
196.779 309.911 0
206.662 293.601 0
195.773 295.397 0
228.842 282.274 0
223.736 269.208 0
239.351 285.976 0
222.008 36.8661 0
233.741 77.5338 0
218.102 67 0
222.816 57.9112 0
233.017 57.9419 0
229.205 233.919 0
205.795 258.537 0
330.319 430.368 0
317.55 422.473 0
340.196 434.126 0
348.4 439.4 0
215.591 273.329 0
226.62 259.298 0
228.293 26.1957 0
238.652 25.9131 0
224.962 241.698 0
218.272 230.998 0
255.257 239.334 0
208.433 248.739 0
311.955 431.197 0
309.204 443.98 0
306.385 422.114 0
295.853 422.782 0
318.156 446.149 0
296.571 412.058 0
318.568 411.253 0
219.746 212.428 0
243.052 232.677 0
296.247 443.445 0
291.847 434.332 0
215.35 221.422 0
226.099 223.376 0
243.278 246.779 0
235.133 241.562 0
257.58 256.431 0
252.59 248.403 0
452.546 217.678 0
442.491 214.634 0
187.338 453.806 0
180.423 437.05 0
198.009 442.801 0
180.565 446.796 0
191.147 434.02 0
183.195 426.368 0
214.22 437.486 0
204.778 436.068 0
223.678 443.893 0
59.041 219.369 0
49.5868 219.648 0
78.5634 210.295 0
75.9668 200.183 0
97.4895 197.126 0
183.669 482.464 0
175.698 486.888 0
179.004 474.121 0
190.307 475.371 0
355.242 166.075 0
346.571 169.052 0
267.049 274.54 0
288.171 272.517 0
307.301 291.595 0
315.094 285.462 0
315.302 297.584 0
289.705 352.285 0
137.436 174.038 0
149.657 169.016 0
376.783 175.431 0
272.141 21.2527 0
320.19 475.662 0
180.641 149.458 0
191.439 154.03 0
287.807 62.0403 0
144.122 490.763 0
135.144 493 0
210.684 128.17 0
217.449 139.651 0
231.516 138.849 0
234.408 125.364 0
242.218 152.01 0
249.835 119.465 0
239.871 142.987 0
243.579 126.227 0
214.509 165.861 0
337.516 485.897 0
268.452 36.4502 0
285.652 298.535 0
279.627 307.293 0
275.427 298.931 0
198.451 275.074 0
244.856 85.4968 0
233.389 205.315 0
219.012 194.378 0
260.018 204.789 0
229.272 214.06 0
223.627 203.23 0
212.306 203.871 0
209.385 213.417 0
246.808 210.317 0
243.005 200.021 0
259.597 222.332 0
252.642 229.612 0
255.887 213.466 0
247.051 220.773 0
285.896 445.789 0
241.082 261.199 0
233.048 266.351 0
251.86 272.161 0
250.468 262.75 0
260.541 266.413 0
258.407 280.042 0
266.771 246.476 0
266.989 233.273 0
283.085 214.432 0
297.09 214.369 0
277.849 240.056 0
272.433 221.628 0
281.323 249.596 0
292.897 258.622 0
288.49 228.883 0
271.75 209.135 0
270.016 195.81 0
254.797 186.926 0
286.302 198.277 0
260.275 195.02 0
265.984 185.239 0
258.498 173.534 0
280.358 205.491 0
278.71 193.405 0
283.498 263.176 0
277.467 272.032 0
299.942 249.686 0
300.215 268.862 0
310.646 269.259 0
278.365 229.894 0
290.113 220.04 0
295.978 235.921 0
290.056 207.422 0
297.724 198.931 0
243.67 176.644 0
276.013 165.102 0
270.993 175.168 0
305.05 259.203 0
245.558 185.762 0
226.793 177.463 0
249.454 167.317 0
265.642 165.967 0
235.437 181.286 0
192.554 416.093 0
195.351 405.523 0
205.863 415.547 0
213.819 408.836 0
212.071 425.743 0
208.162 446.389 0
190.752 489.232 0
268.29 285.194 0
287.098 283.601 0
296.73 278.967 0
159.775 161.74 0
167.382 167.3 0
365.625 171.646 0
182.659 160.297 0
254.964 145.637 0
259.958 131.07 0
268.887 150.506 0
264.321 117.046 0
264.482 140.76 0
282.444 151.673 0
254.751 104.322 0
258.639 93.8754 0
248.407 96.0135 0
277.57 123.92 0
256.229 113.171 0
264.2 107.176 0
273.102 116.325 0
293.455 131.018 0
270.41 131.55 0
283.827 131.24 0
291.37 143.169 0
303.23 138.95 0
303.467 128.669 0
313.318 134.162 0
322.456 139.12 0
327.51 154.696 0
304.509 149.234 0
313.56 157.649 0
329.789 145.348 0
337.748 151.786 0
321.767 161.989 0
303.373 163.839 0
289.829 167.426 0
281.8 174.675 0
294.709 180.903 0
292.474 190.543 0
283.872 160.612 0
298.284 171.986 0
230.933 150.255 0
234.463 164.711 0
242.814 161.092 0
224.612 167.468 0
204.836 164.042 0
212.337 156.652 0
214.265 181.947 0
210.242 190.605 0
209.461 173.829 0
332.778 163.63 0
203.713 387.594 0
215.802 385.012 0
197.035 395.394 0
199.294 378.268 0
214.968 396.053 0
198.718 369.402 0
413.292 195.421 0
425.533 198.989 0
426.126 208.986 0
417.35 204.28 0
167.951 438.761 0
302.461 371.952 0
309.098 362.019 0
294.016 363.545 0
303.35 391.327 0
301.439 402.176 0
294.078 395.286 0
312.182 398.476 0
295.841 381.964 0
309.355 381.343 0
313.549 389.451 0
370.667 174.644 0
225.029 280 0
