723
197 510 0
193 506 0
192 501 0
193 496 0
194 491 0
196 486 0
198 481 0
199 476 0
199 471 0
202 467 0
201 462 0
202 457 0
201 452 0
202 447 0
203 442 0
202 437 0
202 432 0
201 427 0
200 422 0
200 417 0
201 412 0
201 407 0
201 402 0
200 397 0
200 392 0
200 387 0
202 382 0
202 377 0
201 372 0
201 367 0
203 362 0
204 357 0
203 352 0
202 347 0
202 342 0
201 337 0
203 332 0
203 327 0
203 322 0
203 317 0
203 312 0
204 307 0
204 302 0
204 297 0
203 292 0
203 287 0
203 282 0
205 278 0
206 273 0
206 268 0
207 263 0
207 258 0
207 253 0
208 248 0
209 243 0
211 238 0
210 233 0
211 228 0
211 223 0
211 218 0
211 213 0
213 208 0
213 203 0
214 198 0
215 193 0
216 188 0
217 183 0
217 178 0
217 173 0
217 168 0
216 163 0
217 158 0
218 153 0
218 148 0
217 143 0
217 138 0
217 133 0
216 128 0
214 125 0
209 126 0
204 126 0
199 127 0
194 127 0
189 128 0
184 128 0
179 128 0
174 127 0
169 127 0
164 127 0
159 127 0
154 128 0
150 131 0
145 132 0
140 132 0
135 133 0
130 134 0
125 134 0
120 135 0
115 135 0
112 131 0
111 126 0
111 121 0
111 116 0
109 112 0
104 111 0
99 109 0
94 107 0
89 106 0
84 104 0
79 104 0
74 106 0
69 107 0
64 107 0
59 107 0
54 106 0
49 103 0
44 102 0
40 104 0
40 99 0
41 94 0
44 89 0
46 84 0
51 82 0
56 83 0
61 82 0
66 85 0
71 87 0
76 89 0
81 90 0
86 92 0
91 93 0
96 93 0
101 93 0
106 92 0
111 92 0
116 92 0
121 91 0
126 90 0
131 91 0
136 91 0
141 91 0
146 91 0
151 91 0
156 92 0
161 95 0
166 97 0
171 97 0
176 97 0
181 99 0
186 100 0
191 100 0
194 102 0
198 103 0
203 104 0
207 102 0
212 100 0
217 98 0
222 96 0
227 94 0
232 94 0
237 92 0
242 90 0
244 85 0
244 80 0
243 75 0
238 71 0
233 67 0
230 70 0
227 64 0
224 59 0
221 54 0
219 55 0
218 50 0
216 47 0
219 44 0
219 39 0
214 37 0
217 36 0
221 32 0
218 31 0
213 30 0
220 28 0
223 23 0
225 18 0
224 13 0
222 11 0
227 12 0
232 11 0
237 8 0
242 7 0
246 6 0
250 3 0
255 5 0
260 3 0
265 2 0
270 3 0
275 5 0
267 4 0
262 6 0
265 9 0
270 9 0
275 11 0
280 15 0
283 20 0
286 25 0
291 27 0
296 27 0
291 29 0
288 31 0
290 36 0
294 41 0
297 44 0
292 43 0
291 46 0
295 49 0
291 47 0
286 46 0
288 51 0
287 52 0
284 55 0
283 59 0
281 64 0
280 69 0
283 74 0
278 69 0
273 69 0
268 73 0
265 78 0
264 83 0
265 88 0
270 92 0
275 94 0
280 93 0
285 95 0
290 98 0
295 100 0
300 101 0
305 103 0
310 103 0
315 101 0
320 100 0
325 98 0
330 97 0
335 96 0
339 96 0
344 95 0
349 92 0
354 91 0
359 91 0
364 90 0
369 91 0
374 90 0
379 90 0
384 90 0
389 90 0
393 93 0
398 92 0
399 92 0
402 94 0
407 94 0
412 95 0
417 95 0
422 91 0
427 93 0
432 92 0
437 93 0
442 92 0
447 91 0
452 91 0
457 91 0
461 93 0
464 97 0
468 102 0
467 105 0
467 110 0
462 109 0
457 111 0
452 113 0
448 113 0
443 113 0
438 113 0
433 111 0
428 110 0
423 108 0
419 109 0
414 107 0
409 107 0
404 108 0
399 109 0
395 111 0
395 116 0
396 121 0
395 126 0
394 131 0
391 134 0
386 134 0
381 134 0
376 133 0
371 132 0
366 132 0
361 131 0
356 130 0
351 127 0
346 127 0
341 127 0
336 127 0
331 127 0
326 126 0
321 127 0
316 127 0
311 126 0
306 126 0
301 125 0
296 125 0
293 128 0
293 133 0
293 138 0
293 143 0
293 148 0
292 153 0
292 158 0
292 163 0
291 168 0
292 173 0
292 178 0
292 183 0
293 188 0
295 193 0
296 198 0
296 203 0
296 208 0
298 213 0
299 218 0
299 223 0
299 228 0
300 233 0
300 238 0
300 243 0
301 248 0
301 253 0
302 258 0
303 263 0
305 268 0
305 273 0
305 278 0
305 283 0
307 288 0
307 293 0
305 298 0
304 303 0
303 308 0
303 313 0
302 318 0
302 323 0
302 328 0
301 333 0
301 338 0
300 343 0
302 348 0
303 353 0
302 358 0
301 363 0
301 368 0
300 373 0
302 378 0
302 383 0
301 388 0
301 393 0
301 398 0
302 403 0
302 408 0
304 413 0
304 418 0
303 423 0
301 428 0
302 433 0
302 438 0
303 443 0
302 448 0
300 453 0
300 458 0
299 463 0
302 468 0
303 473 0
307 477 0
310 480 0
315 484 0
320 488 0
325 492 0
326 497 0
323 502 0
318 503 0
313 505 0
308 505 0
303 505 0
298 502 0
293 497 0
289 492 0
284 490 0
279 489 0
277 484 0
277 479 0
277 474 0
280 469 0
279 464 0
278 459 0
277 454 0
277 449 0
278 444 0
279 439 0
278 434 0
277 429 0
275 424 0
274 419 0
273 414 0
273 409 0
272 404 0
272 399 0
270 394 0
270 389 0
271 384 0
270 379 0
269 374 0
267 369 0
266 364 0
267 359 0
269 354 0
267 349 0
264 344 0
264 339 0
266 335 0
266 330 0
264 325 0
263 320 0
262 315 0
260 310 0
262 305 0
263 300 0
261 296 0
261 291 0
258 286 0
253 286 0
251 291 0
250 296 0
249 301 0
249 306 0
249 311 0
246 316 0
243 321 0
240 326 0
240 331 0
241 336 0
241 341 0
238 346 0
235 351 0
233 355 0
233 360 0
233 365 0
232 370 0
231 375 0
231 380 0
230 385 0
231 390 0
229 395 0
228 400 0
228 405 0
227 410 0
226 415 0
225 420 0
224 425 0
224 430 0
224 435 0
226 440 0
227 445 0
225 450 0
224 455 0
223 460 0
223 465 0
221 470 0
223 475 0
224 480 0
224 485 0
224 490 0
222 495 0
222 500 0
222 505 0
218 509 0
213 510 0
208 510 0
203 510 0
198 510 0
138.5 111.451 0
254.026 162.805 0
226.855 289.829 0
237 260.5 0
367.5 111.5 0
282.5 306.5 0
254.695 205.5 0
276.048 265.79 0
234.753 199.551 0
270.7 189.86 0
274.578 219.469 0
223.884 312.93 0
186.729 114.083 0
215.33 285.018 0
58.8333 94.8333 0
230.807 114.033 0
220.577 338.808 0
216.363 369.873 0
214.885 389.777 0
210.313 487.463 0
214.754 443.925 0
283.647 364 0
285.487 391.103 0
290.359 477.558 0
288.911 415.818 0
306.227 492.742 0
126 104.434 0
235.176 163 0
238.062 233 0
271.939 310 0
290.184 270.763 0
228.762 216.352 0
235.906 307.522 0
224.069 233 0
247.28 42.5467 0
266.442 33.3351 0
259.116 56.7695 0
233.324 39.3069 0
271.193 47.4318 0
252.392 22.5305 0
238.067 24.0673 0
454.5 101 0
226.932 273.436 0
210.666 498.849 0
213.077 432.936 0
289.968 467.482 0
233.193 317.556 0
223.197 325.993 0
225.948 301.454 0
237.21 53.2008 0
229.944 334.047 0
213.607 330.707 0
214.223 318.971 0
215.286 305.46 0
217.531 295.244 0
277.596 114.39 0
279.066 103.843 0
282.564 340.853 0
282.332 323.677 0
273.023 319.964 0
289.311 290.5 0
275.188 292.569 0
68.7531 96.8753 0
212.253 379.575 0
212.897 454.872 0
297.907 485.553 0
135.93 101.387 0
125.913 119.231 0
115.145 102.926 0
287.17 256.753 0
231.066 225.987 0
244.55 217.669 0
231.066 246.5 0
277.773 37.2698 0
274.99 27.0016 0
270.017 58.3901 0
259.324 44.5602 0
244.507 16.5645 0
246.119 31.5893 0
256.093 34.6425 0
230.477 30.0627 0
443.981 102.429 0
216.439 274.527 0
212.377 420.487 0
228.832 48.0539 0
248.377 53.6696 0
250.747 65.6099 0
260.565 66.5229 0
279.239 279.296 0
283.095 297.303 0
136.287 121.942 0
119.718 111.796 0
294.006 262.612 0
266.684 242.904 0
237.248 209.909 0
259.49 219.81 0
222.056 258.577 0
220.552 243.386 0
254.216 76.0129 0
241.674 61.9199 0
289.055 280.601 0
266.278 275.228 0
274.831 252.929 0
257.18 258.949 0
282.979 237.986 0
264.894 252.681 0
283.185 247.792 0
252.68 214.133 0
266.802 209.402 0
263.6 198.604 0
252.552 182.379 0
260.506 188.837 0
267.209 173.346 0
281.283 206.253 0
273.69 199.542 0
282.077 191.649 0
267.269 230.054 0
277.505 229.305 0
286.796 221.187 0
253.102 235.847 0
254.316 247.544 0
246.765 255.502 0
228.881 264.567 0
215.872 265.363 0
268.86 284.861 0
265.71 264.864 0
287.024 199.241 0
289.523 230.64 0
288.034 212.246 0
246.858 227.684 0
242.825 244.031 0
198.609 115.084 0
210.524 113.493 0
220.586 116.732 0
223.352 106.506 0
171.771 112.073 0
179.928 108.037 0
178.506 118.62 0
218.464 355.481 0
223.55 363.573 0
212.062 361.896 0
214.516 403.356 0
217.023 412.368 0
210.743 475.724 0
286.93 377.391 0
292.311 384.889 0
280.175 383.612 0
278.601 372.335 0
288.973 427.846 0
290.534 439.277 0
284.722 403.803 0
291.775 397.855 0
244.339 137.504 0
268.641 140.5 0
224.526 205.373 0
237.762 295.411 0
221.202 223.207 0
242.252 274.974 0
248.977 266.273 0
236.504 284.423 0
280.736 352.537 0
290.524 348.083 0
291.88 358.113 0
290.529 315.168 0
289.754 332.166 0
293.045 323.799 0
276.299 332.348 0
212.043 465.064 0
264.417 21.0961 0
244.695 171.945 0
238.032 185.138 0
247.338 194.522 0
245.04 204.017 0
227.503 190.322 0
256.795 172.856 0
278.986 178.97 0
212.782 346.291 0
225.278 347.874 0
288.538 450.78 0
244.488 151.952 0
244.587 161.483 0
231.209 150.208 0
226.597 158.649 0
255.799 144.61 0
266.139 154.801 0
256.84 153.896 0
278.773 149.642 0
263.68 164.247 0
277.621 164.073 0
280.631 137.398 0
271.518 126.896 0
283.215 157.258 0
282.412 124.461 0
257.014 129.857 0
243.753 122.205 0
255.072 105.535 0
267.273 107.576 0
259.353 117.432 0
249.817 114.144 0
242.356 103.681 0
231.479 130.335 0
268.797 117.844 0
232.645 103.689 0
234.345 140.312 0
234.81 122.033 0
255.294 275.259 0
290.838 112.686 0
302.007 113.819 0
155.154 110.783 0
147.351 102.384 0
163.029 117.008 0
147.22 118.898 0
163.848 106.465 0
229.903 174.934 0
253.872 93.2772 0
350.818 110.274 0
358.596 118.554 0
359.761 102.697 0
335.38 111.524 0
343.614 117.256 0
342.624 105.029 0
322.114 113.205 0
312.041 112.87 0
381.136 104.968 0
371.071 101.456 0
390.502 102.389 0
379.554 119.165 0
369.47 121.712 0
386.017 112.698 0
272.65 283.556 0
216.278 392 0
193.778 115.595 0
