719
224 506 0
219 504 0
215 500 0
212 495 0
214 490 0
216 485 0
217 480 0
218 475 0
221 470 0
222 465 0
221 460 0
221 455 0
222 450 0
222 445 0
222 440 0
223 435 0
222 430 0
221 425 0
220 420 0
219 415 0
218 410 0
217 405 0
213 401 0
212 397 0
213 392 0
214 387 0
215 382 0
217 378 0
218 373 0
219 368 0
218 363 0
218 358 0
218 353 0
218 348 0
218 343 0
218 338 0
217 333 0
216 328 0
215 323 0
215 318 0
213 313 0
211 308 0
210 303 0
208 298 0
207 293 0
206 288 0
205 283 0
202 278 0
200 274 0
201 269 0
201 264 0
202 259 0
202 254 0
201 250 0
198 247 0
200 242 0
201 237 0
204 232 0
205 227 0
207 222 0
209 217 0
211 212 0
215 207 0
219 202 0
219 197 0
222 193 0
220 189 0
222 184 0
222 179 0
222 174 0
220 169 0
218 164 0
218 159 0
216 154 0
213 149 0
211 144 0
210 139 0
210 134 0
210 129 0
209 124 0
204 122 0
199 119 0
194 117 0
189 118 0
184 118 0
179 118 0
174 117 0
169 116 0
164 115 0
159 113 0
154 113 0
149 113 0
144 111 0
139 109 0
134 109 0
129 110 0
124 109 0
119 110 0
114 110 0
109 109 0
104 108 0
99 108 0
94 111 0
89 113 0
85 118 0
80 122 0
75 125 0
70 126 0
66 126 0
66 121 0
66 116 0
67 111 0
66 106 0
62 104 0
57 106 0
52 106 0
47 105 0
42 104 0
37 106 0
32 106 0
32 102 0
27 102 0
22 103 0
17 100 0
12 99 0
8 97 0
10 93 0
15 93 0
20 93 0
25 94 0
30 93 0
35 93 0
40 92 0
45 92 0
50 93 0
55 94 0
60 93 0
65 92 0
70 91 0
75 91 0
80 91 0
85 89 0
90 88 0
95 88 0
100 88 0
105 88 0
110 87 0
115 87 0
120 87 0
125 87 0
130 87 0
135 88 0
140 89 0
145 90 0
150 89 0
155 89 0
160 90 0
165 90 0
170 90 0
175 90 0
180 90 0
185 89 0
190 88 0
195 87 0
200 86 0
205 85 0
210 85 0
215 84 0
219 82 0
221 77 0
222 72 0
224 67 0
226 62 0
227 57 0
228 52 0
229 47 0
229 42 0
229 37 0
229 32 0
230 27 0
232 22 0
233 17 0
237 12 0
240 8 0
244 5 0
249 3 0
254 3 0
259 3 0
264 3 0
269 6 0
274 9 0
278 12 0
281 17 0
283 22 0
283 27 0
284 32 0
285 37 0
285 42 0
286 47 0
286 52 0
287 57 0
288 62 0
290 67 0
291 72 0
293 77 0
294 82 0
299 84 0
304 85 0
309 85 0
314 86 0
319 87 0
324 88 0
329 89 0
334 90 0
339 90 0
344 90 0
349 90 0
354 90 0
359 89 0
364 89 0
369 90 0
374 89 0
379 88 0
384 87 0
389 87 0
394 87 0
399 87 0
404 87 0
409 88 0
414 88 0
419 88 0
424 88 0
429 89 0
434 91 0
439 91 0
444 91 0
449 92 0
454 93 0
459 94 0
464 93 0
469 92 0
474 92 0
479 93 0
484 93 0
489 94 0
494 93 0
499 93 0
504 93 0
506 97 0
501 100 0
496 101 0
491 103 0
486 102 0
482 104 0
479 106 0
474 105 0
469 105 0
464 106 0
459 106 0
454 104 0
449 104 0
447 109 0
447 114 0
448 119 0
449 124 0
446 127 0
441 125 0
436 123 0
432 120 0
428 117 0
424 112 0
419 110 0
414 108 0
409 108 0
404 109 0
399 110 0
394 110 0
389 109 0
384 110 0
379 109 0
374 110 0
369 111 0
364 113 0
359 113 0
354 114 0
349 115 0
344 116 0
339 118 0
334 118 0
329 118 0
324 118 0
319 118 0
314 120 0
309 122 0
304 125 0
305 130 0
304 135 0
305 140 0
303 145 0
301 150 0
297 155 0
296 160 0
295 165 0
294 170 0
292 175 0
292 180 0
293 185 0
294 190 0
292 193 0
294 197 0
295 202 0
298 206 0
302 210 0
304 215 0
306 220 0
308 225 0
310 230 0
312 235 0
313 240 0
315 245 0
314 250 0
312 254 0
312 259 0
312 264 0
313 269 0
314 274 0
311 279 0
309 283 0
308 288 0
307 293 0
306 298 0
304 303 0
302 308 0
301 313 0
300 318 0
298 323 0
297 328 0
297 333 0
296 338 0
296 343 0
296 348 0
297 353 0
296 358 0
295 363 0
294 368 0
296 373 0
297 378 0
299 382 0
300 387 0
301 392 0
301 397 0
300 402 0
297 406 0
296 411 0
294 416 0
294 421 0
293 426 0
291 431 0
290 436 0
292 441 0
291 446 0
292 451 0
293 456 0
293 461 0
292 466 0
294 471 0
296 476 0
297 481 0
299 486 0
301 491 0
301 496 0
298 501 0
294 504 0
290 506 0
285 507 0
280 507 0
275 507 0
270 506 0
265 502 0
263 497 0
262 492 0
263 487 0
264 482 0
266 477 0
266 472 0
268 467 0
269 462 0
266 457 0
267 452 0
268 447 0
267 442 0
269 437 0
269 432 0
269 427 0
269 422 0
267 417 0
266 412 0
266 407 0
265 402 0
263 398 0
263 393 0
264 388 0
265 383 0
267 378 0
268 373 0
268 368 0
266 363 0
266 358 0
265 353 0
265 348 0
265 343 0
265 338 0
265 333 0
265 328 0
265 323 0
264 318 0
263 313 0
262 308 0
262 303 0
261 298 0
260 293 0
259 288 0
256 285 0
254 290 0
254 295 0
253 300 0
252 305 0
251 310 0
250 315 0
250 320 0
249 325 0
249 330 0
249 335 0
249 340 0
250 345 0
250 350 0
249 355 0
248 360 0
246 365 0
246 370 0
246 375 0
249 379 0
250 384 0
250 389 0
250 394 0
251 399 0
248 404 0
248 409 0
247 414 0
246 419 0
245 424 0
244 429 0
244 434 0
244 439 0
246 443 0
246 448 0
247 453 0
247 458 0
246 463 0
246 468 0
247 473 0
249 478 0
250 483 0
251 488 0
251 493 0
250 498 0
248 503 0
243 506 0
238 507 0
233 507 0
228 506 0
225 506 0
280.045 263.955 0
257 65.6 0
256.578 117.084 0
256.973 157.111 0
236.463 256.5 0
230.134 285.773 0
256.536 34.8929 0
283 296.2 0
265.085 227.561 0
288.716 241.414 0
237.249 136.401 0
274.894 165.258 0
238.899 164.34 0
228.476 233.49 0
211.283 104.195 0
295.536 105.227 0
232 388 0
234.071 445.929 0
246.77 206.257 0
271.533 204.822 0
216.121 244.047 0
233.25 201.75 0
336.4 104 0
280.536 360.293 0
280.134 474.627 0
279.765 442.073 0
295.865 270.773 0
278.794 130 0
246.999 23.2494 0
266.402 22.7111 0
284.624 221.417 0
291.893 130 0
285.343 144.36 0
285.343 116.382 0
282.095 393.743 0
218.997 271.429 0
301.177 246.191 0
290.621 255.084 0
298.596 234.285 0
288.712 230.998 0
275.89 236.211 0
295.429 222.469 0
223.724 395.816 0
235.745 400.255 0
233.542 435.392 0
246.473 184.615 0
234.131 188.5 0
237.15 176.546 0
243.111 195.484 0
259.18 194.499 0
275.275 186.847 0
235.251 218.28 0
281.662 373.94 0
280.689 462.916 0
279.98 431.055 0
242.804 36.4131 0
270.554 36.1598 0
256.756 24.9851 0
253.64 14.2104 0
294.349 139.794 0
267.958 143.616 0
296.627 116.458 0
270.988 117.862 0
301.308 257.058 0
289.299 264.247 0
275.293 225.883 0
268.465 216.236 0
254.414 218.21 0
278.474 212.808 0
283.073 201.801 0
289.055 211.751 0
282.694 192.488 0
277.48 250.156 0
238.164 209.541 0
226.285 210.979 0
287.279 383.724 0
276.162 384.323 0
281.58 452.435 0
281.319 418.247 0
239.132 27.9927 0
251.294 50.3292 0
273.954 27.7447 0
263.219 13.6587 0
276.84 139.565 0
265.104 130.225 0
265.19 91.411 0
241.787 88.2149 0
259.07 206.812 0
247.759 236.568 0
258.141 260.89 0
250.304 41.385 0
262.637 45.5724 0
274.256 47.3095 0
260.214 55.6977 0
272.664 65.2119 0
252.633 139.882 0
264.433 105.438 0
254.666 228.687 0
243.623 225.976 0
244.934 216.416 0
261.904 242.61 0
269.606 258.758 0
268.196 274.675 0
262.466 252.253 0
248.889 250.856 0
269.887 55.943 0
265.125 77.2268 0
258.903 147.464 0
242.229 150.125 0
247.408 127.238 0
248.361 103.071 0
279.943 99.2411 0
270.924 243.84 0
256.197 272.867 0
242.868 278.719 0
246.012 265.067 0
282.921 279.043 0
254.232 84.3688 0
255.18 94.939 0
243.985 73.269 0
278.608 77.3145 0
230.204 154.806 0
228.958 164.675 0
247.156 158.776 0
254.432 171.897 0
245.045 171.449 0
228.934 116.966 0
256.655 126.371 0
255.829 108.108 0
244.068 115.004 0
270.752 98.7451 0
286.005 106.753 0
241.476 291.226 0
228.492 303.709 0
232.657 295.047 0
240.264 304.037 0
220.065 294.325 0
219.028 282.901 0
231.499 273.217 0
226.628 262.675 0
236.824 265.703 0
214.471 259.782 0
225.998 250.753 0
236.784 243.515 0
238.136 233.939 0
276.889 272.374 0
295.258 284.088 0
286.62 287.605 0
294.585 296.019 0
272.424 287.428 0
253.586 74.685 0
233.171 79.3135 0
245.613 61.1533 0
235.999 66.0286 0
239.771 51.1837 0
263.792 165.894 0
268.753 155.293 0
269.949 176.143 0
280.437 154.968 0
280.922 174.562 0
264.728 185.417 0
284.933 164.027 0
236.415 125.262 0
223.924 131.798 0
210.763 251.439 0
272.15 298.52 0
255.752 181.573 0
227.443 143.198 0
219.519 122.048 0
212.657 114.387 0
216.317 231.769 0
223.819 222.582 0
348.811 102.5 0
360.862 101 0
371.136 100.091 0
232.952 423.34 0
269.273 194.975 0
278.598 405.896 0
287.821 401.971 0
290.952 93.866 0
281.346 88.1518 0
232.382 101.259 0
235.755 110.232 0
227.878 90.1101 0
221.346 99.2331 0
230.651 411.35 0
240.901 97.4892 0
221.767 109.543 0
79.1117 104.204 0
76.2348 113.268 0
90.1035 99.8298 0
434.679 104.204 0
437.847 112.866 0
424.059 99.5817 0
414.184 98 0
403.151 98 0
391.864 98.0828 0
381.481 98.8851 0
196.317 102.061 0
202.862 109.706 0
204.863 95.6705 0
232.003 373.964 0
225.846 380.981 0
232.53 359.378 0
233.823 458.805 0
233.709 471.616 0
321.227 102.954 0
329.174 98.2394 0
328.45 108.753 0
308.701 107.699 0
303.923 96.852 0
313.935 96.0449 0
283.304 490.703 0
287.138 481.596 0
274.689 484.051 0
182.299 103.957 0
190.084 108.743 0
188.544 97.3625 0
169.324 102.993 0
157.793 101.426 0
147.014 100.62 0
233.712 343.695 0
227.494 351.112 0
239.388 352.009 0
233.068 489.176 0
227.549 480.183 0
238.937 480.599 0
280.5 344.7 0
274.71 352.51 0
286.923 352.482 0
232.196 320.664 0
239.925 314.143 0
224.507 313.461 0
236.939 331.917 0
227.714 335.721 0
225.206 326.778 0
281 328.693 0
280.785 312.372 0
290.679 306.722 0
271.821 308.342 0
274.841 336.512 0
286.314 336.87 0
287.69 320.442 0
274.862 320.612 0
280.733 267.556 0
393.778 103.538 0
115.556 102.816 0
