826
195 504 0
190 502 0
187 497 0
185 492 0
185 487 0
187 482 0
190 477 0
195 473 0
200 470 0
204 467 0
204 462 0
203 457 0
203 452 0
203 447 0
202 442 0
201 437 0
201 432 0
200 427 0
200 422 0
200 417 0
200 412 0
200 407 0
199 402 0
197 397 0
195 392 0
197 387 0
202 382 0
202 377 0
199 373 0
194 369 0
194 364 0
193 359 0
189 356 0
184 354 0
179 351 0
174 349 0
172 345 0
175 340 0
176 335 0
177 330 0
178 325 0
180 320 0
181 315 0
183 310 0
184 305 0
185 300 0
186 295 0
187 290 0
189 285 0
190 280 0
191 275 0
193 270 0
193 265 0
195 260 0
196 255 0
197 250 0
198 245 0
198 240 0
198 235 0
199 230 0
200 225 0
198 220 0
197 215 0
200 210 0
205 206 0
206 201 0
206 196 0
207 191 0
207 186 0
204 181 0
200 176 0
196 171 0
195 166 0
190 162 0
185 159 0
180 156 0
175 156 0
170 156 0
165 156 0
160 156 0
155 155 0
150 152 0
145 150 0
140 147 0
135 146 0
130 143 0
125 140 0
121 138 0
119 134 0
114 134 0
109 133 0
104 131 0
99 130 0
94 129 0
89 129 0
84 127 0
79 126 0
74 125 0
69 125 0
64 125 0
59 125 0
54 125 0
49 125 0
44 127 0
39 128 0
34 127 0
37 122 0
32 122 0
27 125 0
22 127 0
18 124 0
13 122 0
9 118 0
10 113 0
12 108 0
17 105 0
22 103 0
27 102 0
32 101 0
37 99 0
42 99 0
47 100 0
52 101 0
57 102 0
62 102 0
67 101 0
72 102 0
77 102 0
82 103 0
87 103 0
92 103 0
97 103 0
102 103 0
107 102 0
112 102 0
117 102 0
122 102 0
127 101 0
132 101 0
137 101 0
142 101 0
146 99 0
151 99 0
155 102 0
160 102 0
165 101 0
170 101 0
175 102 0
180 102 0
185 100 0
190 99 0
195 100 0
200 100 0
205 99 0
207 94 0
209 89 0
210 84 0
211 79 0
212 74 0
214 69 0
215 64 0
216 59 0
216 54 0
217 49 0
219 44 0
220 39 0
223 35 0
228 30 0
233 27 0
238 25 0
243 23 0
248 22 0
253 20 0
258 21 0
263 23 0
268 26 0
272 29 0
277 31 0
282 34 0
286 38 0
289 43 0
292 48 0
294 53 0
296 58 0
297 63 0
298 68 0
299 73 0
300 78 0
301 83 0
302 88 0
304 93 0
304 98 0
309 100 0
314 100 0
319 102 0
324 104 0
329 101 0
334 99 0
339 99 0
344 99 0
349 99 0
354 100 0
359 102 0
364 103 0
369 101 0
374 100 0
379 100 0
384 100 0
389 99 0
394 99 0
399 99 0
404 100 0
409 101 0
414 101 0
419 102 0
424 102 0
429 102 0
434 102 0
439 101 0
444 99 0
449 102 0
454 103 0
459 100 0
464 99 0
469 99 0
474 99 0
479 100 0
484 102 0
489 104 0
494 106 0
499 108 0
501 113 0
501 118 0
497 120 0
492 120 0
487 119 0
482 118 0
477 117 0
478 120 0
483 123 0
483 127 0
478 126 0
473 125 0
468 125 0
463 125 0
458 125 0
453 124 0
448 124 0
443 124 0
438 125 0
433 125 0
428 125 0
423 125 0
418 125 0
413 126 0
408 127 0
403 128 0
398 130 0
393 132 0
388 134 0
385 138 0
381 143 0
376 145 0
371 146 0
366 147 0
361 149 0
356 149 0
351 149 0
346 149 0
341 148 0
336 148 0
331 149 0
326 151 0
321 152 0
317 157 0
313 162 0
312 167 0
310 172 0
310 177 0
311 182 0
310 187 0
309 192 0
310 197 0
310 202 0
312 207 0
313 212 0
314 217 0
313 222 0
317 224 0
321 228 0
321 233 0
321 238 0
322 243 0
321 248 0
321 253 0
321 258 0
318 263 0
318 268 0
320 273 0
321 278 0
323 283 0
324 288 0
324 293 0
325 298 0
326 303 0
330 307 0
332 312 0
333 317 0
335 322 0
337 327 0
338 332 0
341 337 0
345 342 0
347 347 0
342 349 0
337 349 0
332 349 0
327 349 0
324 352 0
323 357 0
322 362 0
321 367 0
323 372 0
324 377 0
321 382 0
321 387 0
319 392 0
318 397 0
317 402 0
315 407 0
314 412 0
314 417 0
314 422 0
314 427 0
313 432 0
312 437 0
311 442 0
311 447 0
311 452 0
311 457 0
313 462 0
317 467 0
321 470 0
326 474 0
331 478 0
335 483 0
337 488 0
337 493 0
332 498 0
327 501 0
322 502 0
317 502 0
312 501 0
307 500 0
302 498 0
297 495 0
292 493 0
287 488 0
282 483 0
278 478 0
275 473 0
275 468 0
276 463 0
277 458 0
276 453 0
276 448 0
275 443 0
275 438 0
275 433 0
275 428 0
275 423 0
276 418 0
276 413 0
276 408 0
276 403 0
276 398 0
278 394 0
274 389 0
271 385 0
269 380 0
267 375 0
268 370 0
268 365 0
267 360 0
262 359 0
257 359 0
252 359 0
248 361 0
247 366 0
247 371 0
247 376 0
247 381 0
247 386 0
245 391 0
243 396 0
243 401 0
242 406 0
242 411 0
242 416 0
242 421 0
242 426 0
242 431 0
242 436 0
241 441 0
241 446 0
240 451 0
240 456 0
241 461 0
243 466 0
243 471 0
240 476 0
236 481 0
234 486 0
231 491 0
228 495 0
223 499 0
218 502 0
213 503 0
208 504 0
203 504 0
198 504 0
196 504 0
229.09 318.18 0
239.569 339.138 0
255.578 95.7155 0
139.5 123 0
167.5 128.537 0
209.26 133.3 0
257.3 242.5 0
220.851 400.23 0
220.952 424.5 0
258.029 188.5 0
224.433 373.5 0
346.5 123.745 0
293.737 130.907 0
319.592 127.73 0
373.786 120.214 0
294.443 367.5 0
298.377 390.475 0
207.52 335.473 0
207.838 307.168 0
276.419 305.116 0
232.471 91.0942 0
262.035 62.8859 0
277.118 85.1763 0
227.597 242.5 0
283.344 265.5 0
235.561 209.512 0
282.189 174.5 0
300.525 300.295 0
304.618 329.618 0
269.949 332.256 0
238.581 66.1162 0
248.789 44.7224 0
214.042 482.678 0
294.864 468.609 0
203.502 150.248 0
233.522 166.687 0
305.581 143.764 0
270.545 47.4251 0
215.704 167.537 0
442.934 112.164 0
279.344 216.647 0
211.979 359.9 0
336.645 113.223 0
358.155 133.775 0
311.19 115.052 0
281.688 373.681 0
288.502 95.8995 0
221.649 270.53 0
295.782 243 0
295.533 182 0
315.526 316.483 0
254.166 33.1608 0
233.874 45.2216 0
296.542 217 0
207.372 267.674 0
308.887 243 0
45.7041 112.684 0
147.632 112.782 0
373.668 132.717 0
243.077 35.0348 0
260.057 42.9319 0
302.334 258.062 0
302.334 230.814 0
34.9776 111.386 0
136.425 112.207 0
125.334 121.202 0
153.495 125.793 0
262.031 52.8113 0
190.264 121.731 0
209.699 392.9 0
214.561 381.297 0
210.497 403.834 0
219.273 412.372 0
211.116 370.858 0
227.486 387.514 0
230.197 407.618 0
210.898 419.712 0
307.858 374.5 0
453.362 113.493 0
349.027 111.501 0
333.141 126.381 0
324.645 116.394 0
345.805 136.339 0
306.421 127.335 0
312.756 135.895 0
324.506 138.789 0
301.829 135.337 0
282.175 358.434 0
292.462 379.664 0
287.681 389.303 0
289.044 83.9202 0
294.187 112.179 0
301.863 118.499 0
272.005 102.009 0
295.485 166.465 0
279.184 195.467 0
241.648 54.4476 0
252.179 57.8527 0
228.934 57.3426 0
226.538 69.6676 0
235.734 78.656 0
223.412 82.0709 0
251.854 75.7229 0
245.151 87.7732 0
217.337 254.969 0
210.855 287.383 0
57.239 113.566 0
366.231 137.924 0
310.94 252.849 0
311.449 233.767 0
286.786 230.308 0
131.324 130.71 0
143.029 134.932 0
126.361 111.133 0
160.345 114.88 0
158.035 139.735 0
235.304 378.472 0
307.168 359.469 0
465.497 113.119 0
335.084 136.942 0
277.025 365.901 0
273.289 346.64 0
280.979 382.914 0
295.486 102.593 0
278.738 94.8612 0
300.842 174.216 0
291.111 174.246 0
276.211 149.59 0
284.749 185.566 0
294.525 197.575 0
271.101 184.409 0
248.257 66.7194 0
215.564 263.838 0
212.961 276.849 0
201.707 280.076 0
287.86 220.866 0
276.583 247.075 0
269.707 230.754 0
174.475 116.18 0
172.035 141.969 0
149.102 141.8 0
312.158 366.771 0
294.873 354.084 0
306.397 344.501 0
257.488 342.729 0
287.648 335.725 0
285.422 347.203 0
303.619 108.468 0
283.163 161.094 0
262.988 165.434 0
291.231 148.366 0
272.328 159.789 0
291.954 157.746 0
299.96 190.106 0
285.551 206.009 0
285.303 240.894 0
288.219 253.507 0
278.132 226.164 0
167.932 109.859 0
184.802 112.037 0
179.486 127.156 0
191.86 138.321 0
164.091 146.765 0
319.171 335.426 0
313.76 351.626 0
266.384 340.664 0
278.02 337.961 0
298.033 337.953 0
271.06 173.205 0
259.807 176.816 0
243.373 180.293 0
282.847 138.253 0
252.171 127.909 0
279.259 121.19 0
266.438 136.259 0
260.228 150.316 0
284.523 128.992 0
310.313 336.485 0
314.28 326.545 0
325.101 326.374 0
329.463 338.535 0
268.011 145.354 0
248.013 160.357 0
254.922 139.572 0
231.755 138.879 0
243.431 136.126 0
246.08 148.174 0
256.912 158.732 0
243.518 169.819 0
253.547 168.931 0
222.824 465.998 0
232.912 468.424 0
279.286 62.3086 0
281.981 74.1006 0
268.475 74.7767 0
287.992 66.5231 0
270.769 65.845 0
264.571 86.8133 0
264.853 96.0919 0
259.962 71.6979 0
254.759 85.2282 0
205.734 161.623 0
431.327 113.443 0
202.989 348.921 0
202.536 358.462 0
191.724 337.638 0
193.365 347.265 0
197.518 321.206 0
200.16 340.481 0
230.132 355.779 0
234.061 366.819 0
300.648 315.225 0
308.777 307.692 0
311.998 295.797 0
298.962 279.427 0
302.958 289.621 0
286.214 291.418 0
310.125 280.931 0
305.971 269.585 0
294.433 268.786 0
285.561 278.372 0
253.254 277.31 0
269.517 274.509 0
275.377 285.421 0
277.039 295.208 0
255.676 298.845 0
265.524 292.129 0
265.735 303.016 0
268.427 317.552 0
255.47 287.965 0
233.082 293.831 0
223.745 284.483 0
242.745 285.054 0
244.34 296.517 0
238.624 268.457 0
246.595 314.303 0
244.111 275.905 0
293.364 324.978 0
280.55 325.056 0
287.387 312.918 0
230.963 276.265 0
258.103 311.947 0
255.237 327.228 0
286.774 302.169 0
264.065 325.434 0
249.523 335.972 0
240.904 326.104 0
232.322 397.096 0
230.843 418.944 0
309.074 386.023 0
361.404 115.864 0
370.092 110.931 0
364.887 125.746 0
283.191 106.886 0
206.671 256.864 0
212.836 240.809 0
219.669 246.432 0
206.77 247.691 0
222.267 223.758 0
221.067 234.228 0
210.568 229.535 0
211.588 216.867 0
222.914 211.035 0
226.985 191.566 0
228.24 201.989 0
217.118 201.532 0
242.276 195.654 0
216.985 191.534 0
222.025 179.232 0
212.68 176.727 0
224.76 170.198 0
232.58 182.151 0
248.472 188.377 0
257.682 211.674 0
247.021 206.509 0
256.722 200.07 0
269.407 204.863 0
267.043 194.37 0
268.075 216.068 0
68.9396 113.296 0
300.258 206.797 0
267.8 241.166 0
247.057 348.272 0
240 355.194 0
198.679 129.294 0
204.045 114.859 0
194.893 110.248 0
222.466 108.009 0
236.181 119.657 0
242.718 126.61 0
211.742 107.364 0
201.835 140.23 0
191.988 149.841 0
182.691 144.184 0
258.637 112.316 0
247.325 115.729 0
237.277 104.992 0
245.38 98.2879 0
250.718 106.522 0
230.97 111.894 0
221.429 123.93 0
213.862 117.24 0
228.591 100.216 0
230.756 128.528 0
220.652 135.508 0
221.689 152.065 0
213.086 144.052 0
212.268 154.434 0
217.608 97.7591 0
213.697 471.844 0
224.7 477.637 0
281.179 51.1881 0
419.749 113.554 0
212.455 321.374 0
204.927 326.652 0
205.047 315.928 0
195.732 308.136 0
200.851 295.98 0
219.153 311.343 0
217.46 298.512 0
230.241 305.867 0
237.061 312.715 0
223.33 333.094 0
233.025 331.882 0
214.796 330.107 0
217.321 346.356 0
228.695 343.517 0
220.511 355.44 0
224.929 363.936 0
188.573 327.29 0
258.697 260.303 0
266.652 252.353 0
275.904 257.777 0
228.992 260.118 0
243.892 252.64 0
254.436 227.049 0
244.206 219.133 0
240.702 234.229 0
230.885 230.049 0
231.981 219.498 0
263.251 224.038 0
260.871 233.847 0
250.273 235.812 0
237.838 244.207 0
80.4748 114.497 0
270.298 113.617 0
268.406 124.944 0
259.441 121.786 0
234.033 151.054 0
238.807 159.035 0
406.607 113.927 0
260.407 270.225 0
248.019 262.801 0
253.746 251.735 0
93.4375 115.966 0
390.171 115.466 0
398.833 119.433 0
380.739 110.512 0
108.253 116.785 0
116.619 111.754 0
100.575 121.256 0
397.854 108.986 0
383.796 124.114 0
115.518 123.926 0
306.885 480.918 0
305.672 470.078 0
295.395 480.114 0
303.406 155.276 0
295.073 409.305 0
292.023 399.065 0
304.233 401.208 0
200.352 489.074 0
204.201 479.463 0
210.375 492.678 0
293.46 451.102 0
300.448 459.351 0
287.671 460.376 0
221.678 447.351 0
228.665 456.28 0
214.897 457.126 0
319.919 487.532 0
316.302 478.51 0
310.249 490.439 0
293.792 432.3 0
299.77 441.81 0
286.632 441.578 0
288.649 420.481 0
301.377 420.363 0
303.362 430.003 0
214.357 436.147 0
212.372 445.438 0
209.373 428.614 0
228.5 435.697 0
233.056 427.794 0
231.23 445.119 0
262.222 31.1111 0
298.667 95.66 0
352 106.863 0
223.111 97.3747 0
168 111.415 0
244.651 283.556 0
233.094 364.444 0
262.324 279.111 0
280.583 354.667 0
