647
207 487 0
204 483 0
203 478 0
204 473 0
204 468 0
206 464 0
210 461 0
214 458 0
218 454 0
217 449 0
215 444 0
214 440 0
211 435 0
208 430 0
208 425 0
213 421 0
218 416 0
219 411 0
218 406 0
218 401 0
217 396 0
215 391 0
214 386 0
213 381 0
212 376 0
212 371 0
212 366 0
211 361 0
212 356 0
215 351 0
218 346 0
218 341 0
218 336 0
218 331 0
218 326 0
218 321 0
218 316 0
218 311 0
217 306 0
216 301 0
215 296 0
215 291 0
215 286 0
215 281 0
214 276 0
214 271 0
214 266 0
212 261 0
212 256 0
212 251 0
211 246 0
207 242 0
204 237 0
204 232 0
204 227 0
204 222 0
200 221 0
196 218 0
195 213 0
196 208 0
196 203 0
196 198 0
197 194 0
200 190 0
203 186 0
205 181 0
205 176 0
204 171 0
205 166 0
200 163 0
195 163 0
190 162 0
185 162 0
180 160 0
175 157 0
170 156 0
165 156 0
160 154 0
155 151 0
150 148 0
145 146 0
140 143 0
136 141 0
131 142 0
126 142 0
121 142 0
116 142 0
111 142 0
106 141 0
101 140 0
96 139 0
91 138 0
86 136 0
81 135 0
76 135 0
71 135 0
66 135 0
61 137 0
56 140 0
51 143 0
47 147 0
43 149 0
39 152 0
37 156 0
32 156 0
31 151 0
34 147 0
38 143 0
35 142 0
30 143 0
25 145 0
20 146 0
16 146 0
12 142 0
7 138 0
9 135 0
7 131 0
12 131 0
17 131 0
22 130 0
27 128 0
32 126 0
37 126 0
42 126 0
47 126 0
52 126 0
57 126 0
62 127 0
67 127 0
72 127 0
77 127 0
82 126 0
87 126 0
92 126 0
97 127 0
102 127 0
107 127 0
112 126 0
117 126 0
122 126 0
127 126 0
131 126 0
136 126 0
140 124 0
145 124 0
150 124 0
155 124 0
160 125 0
165 125 0
170 125 0
175 125 0
180 125 0
185 124 0
190 122 0
195 118 0
200 115 0
204 111 0
207 107 0
211 103 0
213 98 0
215 93 0
217 89 0
216 84 0
213 79 0
210 74 0
208 69 0
210 65 0
213 61 0
216 56 0
218 51 0
220 46 0
221 41 0
226 39 0
231 37 0
236 34 0
241 33 0
246 31 0
251 29 0
255 33 0
259 37 0
264 41 0
269 41 0
274 43 0
276 48 0
278 53 0
279 58 0
280 63 0
280 68 0
281 73 0
283 78 0
281 83 0
277 85 0
273 88 0
272 93 0
272 98 0
277 100 0
282 102 0
287 103 0
292 105 0
294 108 0
294 113 0
298 116 0
303 118 0
307 120 0
312 123 0
317 124 0
322 124 0
327 124 0
332 124 0
337 124 0
342 123 0
347 123 0
352 123 0
357 123 0
362 123 0
367 124 0
372 124 0
377 124 0
382 124 0
387 124 0
392 124 0
397 124 0
402 124 0
407 124 0
412 124 0
417 124 0
422 124 0
427 124 0
432 124 0
435 126 0
440 126 0
445 126 0
450 126 0
455 126 0
460 125 0
465 125 0
470 127 0
475 127 0
479 130 0
484 130 0
489 130 0
493 131 0
488 134 0
485 137 0
490 139 0
492 140 0
487 142 0
482 145 0
477 147 0
472 145 0
468 146 0
467 151 0
463 149 0
458 146 0
453 144 0
448 142 0
443 139 0
438 136 0
434 133 0
430 131 0
426 132 0
421 133 0
416 134 0
411 135 0
406 136 0
401 137 0
396 139 0
391 140 0
386 141 0
381 143 0
376 144 0
372 141 0
368 139 0
364 141 0
359 141 0
354 144 0
350 146 0
345 148 0
340 150 0
335 151 0
330 153 0
325 155 0
320 156 0
315 159 0
310 159 0
305 160 0
300 161 0
296 164 0
296 169 0
295 174 0
294 179 0
296 184 0
299 189 0
302 194 0
302 199 0
302 204 0
303 209 0
298 209 0
294 212 0
295 217 0
299 222 0
302 227 0
303 232 0
301 236 0
299 241 0
296 246 0
293 250 0
293 255 0
292 260 0
292 265 0
291 270 0
291 275 0
291 280 0
291 285 0
291 290 0
290 295 0
290 300 0
289 305 0
289 310 0
288 315 0
287 320 0
287 325 0
287 330 0
287 335 0
288 340 0
291 345 0
294 350 0
297 355 0
297 360 0
296 365 0
296 370 0
296 375 0
295 380 0
295 385 0
295 390 0
294 395 0
294 400 0
294 405 0
293 410 0
293 415 0
297 418 0
302 422 0
305 427 0
303 432 0
301 437 0
300 442 0
297 447 0
297 452 0
300 457 0
304 460 0
308 464 0
310 467 0
312 472 0
312 477 0
312 482 0
308 484 0
303 486 0
298 486 0
293 486 0
288 486 0
283 486 0
278 486 0
273 486 0
270 483 0
269 478 0
268 473 0
267 468 0
271 463 0
274 458 0
276 454 0
278 449 0
276 444 0
275 439 0
274 434 0
272 429 0
269 424 0
272 419 0
276 414 0
276 409 0
276 404 0
275 399 0
274 394 0
273 389 0
272 384 0
271 379 0
270 374 0
269 369 0
269 364 0
269 359 0
271 354 0
271 349 0
271 344 0
269 339 0
269 334 0
267 329 0
266 324 0
265 319 0
263 314 0
262 309 0
260 304 0
260 299 0
258 294 0
257 289 0
254 286 0
251 289 0
251 294 0
249 299 0
248 304 0
246 309 0
244 314 0
243 319 0
241 324 0
239 329 0
237 334 0
236 339 0
235 344 0
234 349 0
236 354 0
239 359 0
241 364 0
241 369 0
241 374 0
240 379 0
240 384 0
239 389 0
239 394 0
237 399 0
236 404 0
236 409 0
234 413 0
235 418 0
240 421 0
244 423 0
242 428 0
241 433 0
240 438 0
238 443 0
237 448 0
236 453 0
237 458 0
240 463 0
243 468 0
244 473 0
244 478 0
244 483 0
242 486 0
237 487 0
232 487 0
227 487 0
222 487 0
217 487 0
212 487 0
208 487 0
242.723 104.361 0
227.089 138.089 0
245.071 64.7286 0
247.91 201.064 0
197.5 141.89 0
245.5 253.5 0
291.771 138.821 0
214.465 125.465 0
225.884 192.254 0
261.298 169.86 0
267.797 219.841 0
232.138 224.5 0
269.305 252.5 0
229.357 72.5859 0
281.172 233.703 0
167.9 140.5 0
224.5 361 0
233.034 290.607 0
310.034 140.946 0
463 136 0
274.651 301.27 0
282.61 361.522 0
241.618 49.0462 0
228.978 257.804 0
225.658 171 0
219.298 232.861 0
44.5 135.559 0
218.375 472.688 0
283.932 424.149 0
212.097 200.837 0
225.196 351.79 0
218.563 217.692 0
233.91 241.262 0
223.362 225.061 0
213.328 225.548 0
208.883 211.738 0
232.022 207.793 0
228.748 233.333 0
222.553 244.106 0
227.818 216.176 0
225.414 429.873 0
226.076 420.601 0
261.329 58.2832 0
272.719 124.17 0
232.462 120.092 0
212.325 140.229 0
203.837 131.462 0
193.215 132.147 0
182.633 142.614 0
218.908 133.646 0
221.909 154.351 0
206.091 151.576 0
195.461 152.352 0
176.217 134.934 0
174.418 147.473 0
220.548 144.961 0
212.881 159.343 0
245.197 84.622 0
155.859 136.874 0
299.91 148.418 0
301.886 131.434 0
283.09 374.436 0
283.759 385.677 0
284.184 395.497 0
281.738 350.688 0
232.521 59.2706 0
223.109 64.0677 0
230.85 48.624 0
241.476 271.914 0
225.987 463.187 0
230.605 474.687 0
287.896 436.644 0
293.501 427.99 0
287.324 446.327 0
214.42 189.205 0
222.564 181.661 0
215.402 173.802 0
251.117 230.968 0
235.999 250.891 0
221.105 207.049 0
236.79 196.927 0
248.378 182.791 0
235.417 183.449 0
245.009 191.847 0
244.891 216.058 0
241.28 207.53 0
257.525 210.801 0
242.247 225.917 0
276.137 200.007 0
288.989 197.453 0
279.847 185.064 0
257.012 221.739 0
268.641 208.525 0
261.815 194.961 0
281.093 211.926 0
288.183 188.48 0
271.305 190.875 0
262.032 182.4 0
272.168 175.516 0
276.366 154.175 0
283.548 174.224 0
287.906 150.348 0
271.134 164.229 0
285.004 222.8 0
291.508 231.211 0
226.414 441.512 0
226.855 450.887 0
264.883 74.0376 0
250.725 55.2625 0
251.365 44.5465 0
259.472 49.1481 0
281.349 114.755 0
285.518 127.24 0
268.025 111.204 0
276.943 139.349 0
294.811 125.009 0
252.381 124.201 0
257.271 100.766 0
262.544 120.521 0
262.273 135.648 0
253.81 112.271 0
259.964 152.028 0
243.466 117.082 0
248.132 95.0145 0
258.831 86.382 0
270.771 132.889 0
244.942 140.627 0
240.83 129.066 0
267.772 144.776 0
252.457 134.133 0
220.552 113.026 0
211.736 116.421 0
231.453 108.223 0
222.486 102.644 0
231.748 90.995 0
235.327 81.1703 0
185.647 151.963 0
145.776 134.362 0
238.811 261.685 0
257.943 265.866 0
241.421 283.142 0
227.737 271.494 0
225.884 282.298 0
245.8 241.609 0
259.894 242.002 0
264.212 231.052 0
271.712 240.875 0
282.451 245.216 0
257.431 253.678 0
280.399 257.017 0
243.298 164.794 0
241.486 175.021 0
284.426 162.599 0
269.643 64.6856 0
255.707 67.8295 0
247.946 74.6576 0
256.534 77.6001 0
234.584 149.433 0
246.426 152.868 0
231.736 160.884 0
252.011 275.157 0
253.954 161.443 0
226.25 375.167 0
231.63 367.311 0
226.789 387.463 0
227.223 397.366 0
231.728 305.294 0
239.051 298.543 0
225.451 297.334 0
230.32 317.643 0
228.346 327.992 0
275.879 313.43 0
276.527 323.937 0
273.635 283.9 0
263.151 278.718 0
274.117 269.729 0
268.444 292.918 0
282.62 266.023 0
281.093 277.06 0
279.92 292.247 0
267.334 262.337 0
287.434 468.783 0
287.242 457.556 0
279.274 475.505 0
299.155 473.44 0
324.908 138.872 0
316.611 133.745 0
318.357 146.262 0
337.856 137.048 0
348.694 134.102 0
295.111 131.87 0
205.333 133.274 0
261.396 252.444 0
243.646 249.778 0
