15
524 562 554 628 658 506 545 278 240 433 686 582 704 705 706 
707
5
0 490 489 488 487 
6
1 0 490 489 488 487 
12
2 3 4 5 581 486 1 0 490 489 488 487 
1
3 
1
4 
1
5 
1
6 
1
7 
1
8 
1
9 
1
10 
1
11 
2
12 11 
1
13 
1
14 
1
15 
1
16 
1
17 
1
18 
1
19 
2
20 21 
1
21 
1
22 
1
23 
1
24 
1
25 
1
26 
1
27 
2
28 27 
1
29 
2
30 31 
1
31 
1
32 
1
33 
2
34 33 
1
35 
1
36 
1
37 
1
38 
1
39 
10
40 449 665 450 448 39 666 38 667 451 
1
41 
1
42 
1
43 
1
44 
1
45 
1
46 
1
47 
2
48 47 
1
49 
2
50 51 
1
51 
1
52 
1
53 
1
54 
1
55 
1
56 
1
57 
2
58 59 
1
59 
2
60 61 
1
61 
1
62 
1
63 
2
64 63 
1
65 
2
66 67 
1
67 
1
68 
1
69 
2
70 69 
1
71 
1
72 
1
73 
1
74 
2
75 76 
1
76 
1
77 
1
78 
1
79 
1
80 
1
81 
2
82 83 
1
83 
1
84 
1
85 
1
86 
1
87 
1
88 
1
89 
1
90 
1
91 
1
92 
1
93 
1
94 
1
95 
1
96 
1
97 
1
98 
1
99 
1
100 
1
101 
1
102 
1
103 
2
104 103 
1
105 
1
106 
1
107 
1
108 
1
109 
1
110 
1
111 
1
112 
1
113 
1
114 
1
115 
2
116 115 
4
117 114 116 115 
7
118 113 112 117 114 116 115 
2
119 111 
3
120 135 136 
6
121 133 134 120 135 136 
11
122 130 132 131 123 129 128 124 127 126 125 
7
123 129 128 124 127 126 125 
1
124 
1
125 
1
126 
3
127 126 125 
5
128 124 127 126 125 
1
129 
1
130 
1
131 
2
132 131 
1
133 
1
134 
1
135 
1
136 
1
137 
1
138 
1
139 
2
140 141 
1
141 
1
142 
1
143 
1
144 
1
145 
1
146 
1
147 
1
148 
1
149 
1
150 
2
151 152 
1
152 
1
153 
1
154 
1
155 
1
156 
1
157 
1
158 
1
159 
1
160 
1
161 
1
162 
1
163 
1
164 
1
165 
1
166 
1
167 
1
168 
2
169 168 
1
170 
1
171 
1
172 
1
173 
1
174 
1
175 
1
176 
1
177 
1
178 
2
179 178 
1
180 
2
181 182 
1
182 
1
183 
1
184 
1
185 
5
186 187 185 189 188 
1
187 
1
188 
2
189 188 
1
190 
1
191 
1
192 
2
193 192 
1
194 
2
195 194 
1
196 
1
197 
1
198 
3
199 198 197 
2
200 201 
1
201 
1
202 
1
203 
2
204 205 
1
205 
1
206 
2
207 208 
1
208 
1
209 
1
210 
1
211 
2
212 211 
1
213 
1
214 
1
215 
1
216 
1
217 
1
218 
1
219 
1
220 
1
221 
1
222 
1
223 
1
224 
2
225 224 
1
226 
1
227 
1
228 
2
229 230 
1
230 
1
231 
1
232 
1
233 
1
234 
1
235 
1
236 
1
237 
3
238 239 277 
1
239 
39
240 276 239 277 241 275 274 272 244 242 273 243 263 246 271 245 262 248 249 247 264 270 269 265 268 266 267 261 250 260 253 251 252 259 255 257 256 258 254 
3
241 275 274 
3
242 273 243 
1
243 
1
244 
1
245 
1
246 
1
247 
1
248 
1
249 
1
250 
2
251 252 
1
252 
1
253 
1
254 
1
255 
1
256 
1
257 
1
258 
6
259 255 257 256 258 254 
4
260 253 251 252 
12
261 250 260 253 251 252 259 255 257 256 258 254 
4
262 248 249 247 
8
263 246 271 245 262 248 249 247 
7
264 270 269 265 268 266 267 
4
265 268 266 267 
2
266 267 
1
267 
1
268 
1
269 
1
270 
1
271 
5
272 244 242 273 243 
1
273 
1
274 
1
275 
1
276 
1
277 
38
278 237 279 236 532 282 233 232 283 234 281 547 235 280 507 231 284 229 230 533 287 228 285 286 293 646 223 292 225 224 584 290 226 227 289 288 291 238 
2
279 236 
1
280 
1
281 
1
282 
1
283 
1
284 
2
285 286 
1
286 
1
287 
1
288 
2
289 288 
1
290 
1
291 
1
292 
1
293 
1
294 
2
295 296 
1
296 
1
297 
1
298 
1
299 
1
300 
1
301 
1
302 
1
303 
1
304 
1
305 
1
306 
3
307 305 306 
1
308 
1
309 
1
310 
1
311 
1
312 
2
313 312 
1
314 
1
315 
1
316 
1
317 
1
318 
1
319 
1
320 
1
321 
2
322 321 
2
323 324 
1
324 
1
325 
1
326 
1
327 
1
328 
2
329 330 
1
330 
1
331 
2
332 333 
1
333 
1
334 
1
335 
1
336 
1
337 
1
338 
2
339 338 
1
340 
1
341 
3
342 341 682 
1
343 
1
344 
1
345 
1
346 
1
347 
5
348 563 409 408 347 
1
349 
1
350 
2
351 350 
1
352 
1
353 
1
354 
1
355 
2
356 357 
1
357 
3
358 356 357 
1
359 
1
360 
1
361 
1
362 
1
363 
2
364 365 
1
365 
1
366 
1
367 
1
368 
1
369 
1
370 
1
371 
1
372 
5
373 374 376 375 377 
4
374 376 375 377 
1
375 
3
376 375 377 
1
377 
1
378 
1
379 
1
380 
3
381 379 380 
4
382 381 379 380 
1
383 
1
384 
2
385 386 
1
386 
1
387 
1
388 
2
389 388 
2
390 391 
1
391 
1
392 
1
393 
1
394 
1
395 
1
396 
2
397 398 
1
398 
1
399 
1
400 
1
401 
1
402 
1
403 
1
404 
1
405 
1
406 
1
407 
1
408 
1
409 
1
410 
2
411 412 
1
412 
1
413 
1
414 
3
415 414 416 
1
416 
1
417 
1
418 
2
419 418 
1
420 
1
421 
1
422 
1
423 
1
424 
2
425 424 
1
426 
1
427 
2
428 429 
1
429 
1
430 
1
431 
1
432 
56
433 571 574 640 319 520 320 322 321 497 572 432 527 327 326 328 521 325 323 324 555 573 504 639 317 318 316 634 636 315 314 436 435 313 438 495 437 678 331 329 330 332 333 675 681 426 427 425 424 528 583 428 429 575 430 431 
1
434 
1
435 
1
436 
1
437 
1
438 
2
439 438 
1
440 
1
441 
1
442 
1
443 
1
444 
2
445 444 
1
446 
1
447 
1
448 
4
449 665 450 448 
1
450 
1
451 
1
452 
1
453 
1
454 
1
455 
1
456 
1
457 
1
458 
2
459 460 
1
460 
1
461 
1
462 
1
463 
1
464 
1
465 
1
466 
1
467 
1
468 
2
469 470 
1
470 
1
471 
1
472 
1
473 
1
474 
1
475 
1
476 
1
477 
1
478 
2
479 478 
1
480 
1
481 
1
482 
3
483 482 481 
1
484 
1
485 
1
486 
1
487 
2
488 487 
1
489 
1
490 
1
491 
12
492 603 600 213 601 624 623 501 599 210 212 211 
9
493 644 616 72 619 567 630 625 303 
5
494 539 56 55 57 
3
495 550 437 
1
496 
11
497 572 432 527 327 326 328 521 325 323 324 
1
498 
4
499 588 175 176 
3
500 590 174 
1
501 
3
502 626 302 
8
503 615 75 76 617 618 74 73 
9
504 639 317 318 316 634 636 315 314 
1
505 
54
506 142 107 143 108 140 141 530 139 109 138 529 110 137 119 111 121 133 134 120 135 136 118 113 112 117 114 116 115 122 130 132 131 123 129 128 124 127 126 125 147 546 146 102 104 103 531 105 144 106 145 664 148 101 
10
507 231 284 229 230 533 287 228 285 286 
14
508 36 452 37 40 449 665 450 448 39 666 38 667 451 
6
509 466 22 20 21 23 
3
510 455 456 
4
511 475 13 474 
1
512 
5
513 392 366 364 365 
3
514 345 344 
12
515 203 597 206 204 205 596 209 207 208 598 566 
6
516 629 304 307 305 306 
10
517 643 687 71 654 68 66 67 70 69 
3
518 58 59 
1
519 
4
520 320 322 321 
4
521 325 323 324 
8
522 196 199 198 197 576 195 194 
4
523 311 313 312 
47
524 8 480 483 482 481 580 485 6 7 484 2 3 4 5 581 486 1 0 490 489 488 487 536 15 473 14 16 472 548 17 471 18 537 477 10 12 11 476 511 475 13 474 9 479 478 470 
7
525 190 186 187 185 189 188 
4
526 363 394 393 
4
527 327 326 328 
7
528 583 428 429 575 430 431 
11
529 110 137 119 111 121 133 134 120 135 136 
4
530 139 109 138 
5
531 105 144 106 145 
10
532 282 233 232 283 234 281 547 235 280 
5
533 287 228 285 286 
8
534 535 453 35 454 510 455 456 
1
535 
29
536 15 473 14 16 472 548 17 471 469 470 18 557 19 468 467 537 477 10 12 11 476 511 475 13 474 9 479 478 
13
537 477 10 12 11 476 511 475 13 474 9 479 478 
14
538 368 367 390 391 369 389 388 549 387 384 370 385 386 
4
539 56 55 57 
2
540 54 
10
541 436 540 54 494 539 56 55 57 435 
8
542 52 50 51 53 495 550 437 
1
543 
4
544 191 193 192 
58
545 592 184 591 183 181 182 585 589 180 587 177 179 178 556 498 544 191 193 192 525 190 186 187 185 189 188 586 595 491 515 203 597 206 204 205 596 209 207 208 598 566 577 578 579 202 200 201 522 196 199 198 197 576 195 194 499 176 
5
546 146 102 104 103 
3
547 235 280 
6
548 17 471 469 470 18 
4
549 387 384 370 
2
550 437 
6
551 60 61 518 58 59 
4
552 62 64 63 
2
553 593 
41
553 642 505 64 641 631 638 637 653 652 65 517 643 687 71 654 68 66 67 70 69 568 570 308 309 569 310 632 307 633 519 523 311 312 493 644 559 635 496 552 63 
2
555 573 
13
556 498 544 191 193 192 525 190 186 187 185 189 188 
4
557 19 468 467 
15
558 383 372 371 594 378 373 374 376 375 377 382 381 379 380 
14
559 635 496 555 573 504 639 317 318 316 634 636 315 314 
4
560 463 464 462 
1
561 
72
562 24 561 465 509 466 22 20 21 23 672 26 28 27 671 461 459 460 673 29 560 463 464 462 25 469 557 19 468 467 670 32 669 457 34 33 668 458 30 31 534 535 453 35 454 510 455 456 508 36 452 37 40 449 665 450 448 39 666 38 667 451 695 446 42 43 445 44 696 697 41 447 
3
563 409 408 
18
564 565 410 346 411 412 514 345 344 348 563 409 408 347 685 413 684 343 
1
565 
1
566 
1
567 
19
568 570 308 309 569 310 632 516 629 304 307 305 306 633 519 523 311 313 312 
3
569 310 632 
3
570 308 309 
1
571 
2
572 432 
1
573 
3
574 640 319 
3
575 430 431 
3
576 195 194 
14
577 578 579 202 200 201 522 196 199 198 197 576 195 194 
1
578 
4
579 202 200 201 
5
580 485 6 7 484 
8
581 486 1 0 490 489 488 487 
45
582 396 361 395 362 360 526 363 394 393 513 392 366 364 365 538 368 367 390 391 369 389 388 549 387 384 370 385 386 558 383 372 371 594 378 373 374 376 375 377 382 381 379 380 397 
1
583 
7
584 290 226 227 289 288 291 
7
585 589 180 587 177 179 178 
30
586 622 595 491 515 203 597 206 204 205 596 209 207 208 598 566 577 578 579 202 200 201 522 196 199 198 197 576 195 194 
4
587 177 179 178 
3
588 175 176 
2
589 180 
2
590 174 
4
591 183 181 182 
2
592 184 
1
593 
11
594 378 373 374 376 375 377 382 381 379 380 
2
595 491 
6
596 209 207 208 598 566 
4
597 206 204 205 
2
598 566 
4
599 210 212 211 
4
600 213 601 624 
2
601 624 
2
602 604 
1
603 
1
604 
13
605 606 502 626 302 503 615 75 76 617 618 74 73 
1
606 
31
607 611 612 614 608 620 77 609 173 605 606 502 626 302 503 615 75 76 617 618 74 73 493 644 616 72 619 567 630 625 303 
5
608 620 77 609 173 
2
609 173 
11
610 78 649 172 171 648 170 80 169 168 79 
1
611 
2
612 614 
9
613 621 500 590 174 499 588 175 176 
1
614 
3
615 75 76 
2
616 72 
4
617 618 74 73 
3
618 74 73 
5
619 567 630 625 303 
2
620 77 
1
621 
1
622 
6
623 501 599 210 212 211 
1
624 
2
625 303 
2
626 302 
2
627 301 
29
604 492 603 601 624 623 501 613 621 500 588 607 611 612 614 605 606 502 503 615 617 618 616 619 567 630 625 622 516 
2
629 304 
1
630 
1
631 
1
632 
6
633 519 523 311 313 312 
4
634 636 315 314 
1
635 
3
636 315 314 
4
637 653 652 65 
1
638 
4
639 317 318 316 
2
640 319 
36
641 631 638 637 653 652 65 517 643 687 71 654 68 66 67 70 69 568 570 308 309 569 310 632 516 629 304 307 305 306 633 519 523 311 313 312 
6
642 505 552 62 64 63 
1
643 
1
644 
15
645 399 359 397 398 688 355 402 354 689 400 401 358 356 357 
5
646 223 292 225 224 
31
647 221 294 293 222 646 223 292 225 224 584 290 226 227 289 288 291 651 299 216 298 217 662 218 297 219 295 296 220 300 215 
6
648 170 80 169 168 79 
3
649 172 171 
3
650 167 81 
14
651 299 216 298 217 662 218 297 219 295 296 220 300 215 
2
652 65 
1
653 
6
654 68 66 67 70 69 
7
655 165 84 82 83 166 164 
31
656 163 86 162 87 657 88 161 160 85 655 165 84 82 83 166 164 650 167 81 610 78 649 172 171 648 170 80 169 168 79 
4
657 88 161 160 
39
658 159 90 89 659 92 157 91 158 93 156 661 96 153 151 152 97 154 95 660 94 155 663 150 98 99 656 163 86 162 87 657 88 161 160 85 164 100 149 
7
659 92 157 91 158 93 156 
3
660 94 155 
11
661 96 153 151 152 97 154 95 660 94 155 
7
662 218 297 219 295 296 220 
3
663 150 98 
17
664 148 100 149 99 147 101 546 146 102 104 103 531 105 144 106 145 
1
665 
4
666 38 667 451 
1
667 
4
668 458 30 31 
2
669 457 
32
670 32 669 457 34 33 668 458 30 31 534 535 453 35 454 510 455 456 508 36 452 37 40 449 665 450 448 39 666 38 667 451 
2
671 461 
15
672 26 28 27 671 461 459 460 673 29 560 463 464 462 25 
2
673 29 
5
674 335 422 336 421 
6
675 681 426 427 425 424 
11
676 337 677 420 674 335 422 336 421 419 418 
2
677 420 
23
678 331 329 330 332 333 675 681 426 427 425 424 680 423 679 334 528 583 428 429 575 430 431 
2
679 334 
4
680 423 679 334 
5
681 426 427 425 424 
1
682 
2
683 340 
1
684 
4
685 413 684 343 
75
686 417 683 340 415 414 416 512 342 341 682 339 338 676 337 677 420 674 335 422 336 421 419 418 564 565 410 346 411 412 514 345 344 348 563 409 408 347 685 413 684 343 680 423 679 334 693 407 694 349 351 350 692 691 353 404 403 690 405 352 406 645 399 359 398 688 355 402 354 689 400 401 358 356 357 
2
687 71 
10
688 355 402 354 689 400 401 358 356 357 
3
689 400 401 
4
690 405 352 406 
1
691 
9
692 691 353 404 403 690 405 352 406 
30
693 407 694 349 351 350 692 691 353 404 403 690 405 352 406 645 399 359 397 398 688 355 402 354 689 400 401 358 356 357 
2
694 349 
36
695 446 42 43 445 444 700 443 442 701 44 696 697 41 447 702 46 45 48 47 698 441 703 49 699 440 439 438 542 52 50 51 53 495 550 437 
4
696 697 41 447 
2
697 41 
2
698 441 
4
699 440 439 438 
5
700 443 442 701 44 
2
701 44 
21
702 46 45 48 47 698 441 703 49 699 440 439 438 542 52 50 51 53 495 550 437 
6
703 49 699 440 439 438 
43
704 554 434 593 518 59 541 540 494 56 57 48 698 703 699 439 542 50 53 550 543 551 60 61 58 62 54 539 55 52 47 441 49 440 51 444 700 443 701 46 45 442 702 
37
705 628 627 602 600 210 211 626 303 647 294 222 651 216 217 218 219 296 300 214 301 213 599 212 302 629 304 305 306 221 299 298 662 297 295 220 215 
34
706 174 175 608 77 173 75 74 72 655 84 83 650 81 78 172 648 80 168 590 620 609 76 73 165 82 166 167 610 649 171 170 169 79 
