15
676 637 518 608 647 633 616 194 509 619 488 701 699 702 703 
704
1
0 
1
1 
1
2 
3
3 2 4 
1
4 
1
5 
1
6 
1
7 
1
8 
1
9 
1
10 
1
11 
1
12 
1
13 
1
14 
2
15 14 
26
16 420 419 421 15 14 696 13 422 423 12 695 424 425 11 426 694 427 10 693 429 8 9 428 430 7 
1
17 
1
18 
3
19 20 18 
1
20 
1
21 
1
22 
1
23 
1
24 
1
25 
1
26 
2
27 26 
1
28 
1
29 
1
30 
1
31 
1
32 
1
33 
1
34 
1
35 
1
36 
3
37 35 36 
1
38 
2
39 40 
1
40 
1
41 
1
42 
2
43 44 
1
44 
1
45 
1
46 
1
47 
1
48 
1
49 
3
50 51 52 
1
51 
1
52 
1
53 
1
54 
1
55 
1
56 
1
57 
2
58 57 
2
59 532 
4
60 61 62 63 
3
61 62 63 
1
62 
1
63 
1
64 
44
65 489 594 480 530 451 597 614 512 456 291 287 286 289 513 599 285 290 579 284 613 596 595 528 69 490 598 573 570 283 529 71 453 569 571 574 592 612 593 70 288 67 66 68 
1
66 
3
67 66 68 
1
68 
1
69 
1
70 
1
71 
1
72 
1
73 
1
74 
1
75 
1
76 
1
77 
1
78 
1
79 
2
80 81 
1
81 
1
82 
1
83 
2
84 83 
1
85 
1
86 
1
87 
1
88 
1
89 
2
90 89 
1
91 
1
92 
2
93 92 
1
94 
1
95 
1
96 
1
97 
1
98 
1
99 
1
100 
1
101 
2
102 122 
2
103 121 
1
104 
4
105 108 106 107 
2
106 107 
1
107 
1
108 
19
109 120 104 103 121 105 108 106 107 110 119 118 111 117 112 116 113 115 114 
10
110 119 118 111 117 112 116 113 115 114 
1
111 
1
112 
1
113 
1
114 
2
115 114 
4
116 113 115 114 
6
117 112 116 113 115 114 
8
118 111 117 112 116 113 115 114 
1
119 
1
120 
1
121 
1
122 
11
123 101 102 122 124 100 125 126 461 99 127 
4
124 100 125 126 
2
125 126 
1
126 
1
127 
1
128 
1
129 
1
130 
1
131 
1
132 
1
133 
2
134 136 
1
135 
1
136 
1
137 
1
138 
1
139 
1
140 
2
141 142 
1
142 
1
143 
1
144 
2
145 146 
1
146 
1
147 
1
148 
1
149 
1
150 
1
151 
2
152 151 
1
153 
1
154 
1
155 
2
156 157 
1
157 
1
158 
1
159 
3
160 649 629 
1
161 
3
162 163 164 
1
163 
1
164 
1
165 
1
166 
1
167 
2
168 167 
2
169 170 
1
170 
1
171 
1
172 
1
173 
1
174 
2
175 174 
1
176 
2
177 176 
5
178 177 176 175 174 
6
179 178 177 176 175 174 
2
180 181 
1
181 
1
182 
1
183 
2
184 183 
2
185 186 
1
186 
3
187 185 186 
1
188 
1
189 
1
190 
1
191 
4
192 190 191 189 
1
193 
54
194 632 160 649 629 627 630 542 504 161 165 193 192 190 191 189 162 163 164 626 631 638 166 628 188 673 184 183 672 470 168 167 187 185 186 623 171 169 170 172 440 675 182 624 173 625 180 181 179 178 177 176 175 174 
6
195 552 645 646 442 589 
1
196 
3
197 199 198 
1
198 
2
199 198 
1
200 
1
201 
1
202 
1
203 
1
204 
1
205 
1
206 
1
207 
1
208 
1
209 
1
210 
2
211 212 
1
212 
1
213 
1
214 
1
215 
1
216 
1
217 
2
218 219 
1
219 
1
220 
1
221 
1
222 
1
223 
1
224 
1
225 
1
226 
2
227 228 
1
228 
1
229 
1
230 
2
231 252 
1
232 
1
233 
1
234 
1
235 
8
236 243 237 242 238 241 239 240 
6
237 242 238 241 239 240 
4
238 241 239 240 
2
239 240 
1
240 
1
241 
1
242 
1
243 
11
244 235 234 236 243 237 242 238 241 239 240 
20
245 233 251 232 249 246 247 248 250 244 235 234 236 243 237 242 238 241 239 240 
1
246 
2
247 248 
1
248 
5
249 246 247 248 250 
1
250 
2
251 232 
1
252 
5
253 230 254 231 252 
1
254 
1
255 
1
256 
1
257 
1
258 
2
259 260 
1
260 
1
261 
1
262 
1
263 
1
264 
1
265 
1
266 
1
267 
1
268 
1
269 
1
270 
1
271 
1
272 
2
273 272 
1
274 
1
275 
1
276 
1
277 
1
278 
1
279 
1
280 
1
281 
1
282 
1
283 
1
284 
1
285 
1
286 
7
287 286 289 513 599 285 290 
1
288 
1
289 
1
290 
1
291 
1
292 
1
293 
1
294 
1
295 
1
296 
1
297 
5
298 297 301 300 299 
1
299 
1
300 
1
301 
1
302 
1
303 
1
304 
2
305 306 
1
306 
1
307 
1
308 
2
309 310 
1
310 
1
311 
1
312 
1
313 
1
314 
1
315 
1
316 
2
317 316 
1
318 
1
319 
1
320 
3
321 320 319 
1
322 
1
323 
1
324 
1
325 
1
326 
1
327 
2
328 329 
1
329 
1
330 
1
331 
1
332 
1
333 
1
334 
4
335 334 333 332 
3
336 467 374 
1
337 
2
338 339 
1
339 
1
340 
1
341 
1
342 
1
343 
1
344 
1
345 
1
346 
1
347 
1
348 
1
349 
1
350 
6
351 352 350 353 349 348 
1
352 
1
353 
1
354 
5
355 357 358 359 356 
1
356 
3
357 358 359 
1
358 
1
359 
1
360 
1
361 
1
362 
1
363 
1
364 
1
365 
2
366 365 
1
367 
1
368 
1
369 
1
370 
2
371 370 
1
372 
1
373 
1
374 
1
375 
1
376 
1
377 
1
378 
1
379 
1
380 
2
381 380 
1
382 
1
383 
1
384 
1
385 
1
386 
1
387 
1
388 
2
389 388 
5
390 477 387 389 388 
1
391 
1
392 
1
393 
1
394 
1
395 
32
396 602 652 443 653 661 603 665 54 55 607 604 303 605 455 660 681 566 535 497 308 496 307 304 495 395 305 306 601 582 583 600 
1
397 
1
398 
1
399 
1
400 
1
401 
1
402 
1
403 
1
404 
1
405 
1
406 
1
407 
1
408 
1
409 
1
410 
1
411 
1
412 
1
413 
1
414 
4
415 418 416 417 
2
416 417 
1
417 
3
418 416 417 
1
419 
2
420 419 
1
421 
1
422 
1
423 
1
424 
1
425 
1
426 
1
427 
1
428 
1
429 
1
430 
1
431 
1
432 
1
433 
2
434 433 
4
435 434 433 432 
1
436 
2
437 0 
3
438 669 133 
1
439 
3
440 675 182 
1
441 
2
442 589 
1
443 
20
444 474 32 586 402 403 401 31 483 33 560 400 399 484 482 38 34 37 35 36 
2
445 516 
1
446 
3
447 522 204 
8
448 520 271 274 485 210 273 272 
1
449 
8
450 679 391 494 321 320 319 322 
1
451 
20
452 59 532 533 64 491 531 479 293 553 292 555 564 565 656 478 58 57 515 657 
2
453 569 
3
454 590 549 
2
455 660 
1
456 
6
457 591 572 454 590 549 
1
458 
1
459 
4
460 41 39 40 
3
461 99 127 
3
462 410 411 
7
463 643 220 265 217 218 219 
9
464 256 226 225 257 622 224 258 223 
34
465 261 222 259 260 621 620 263 264 221 262 463 643 220 265 217 218 219 487 269 270 476 213 211 212 524 215 214 268 525 267 266 642 216 
1
466 
2
467 374 
3
468 148 149 
5
469 502 155 156 157 
3
470 168 167 
2
471 82 
2
472 140 
3
473 404 405 
2
474 32 
4
475 202 201 203 
4
476 213 211 212 
1
477 
3
478 58 57 
13
479 293 553 292 555 564 565 656 478 58 57 515 657 
1
480 
2
481 47 
2
482 38 
2
483 33 
4
484 482 38 34 
2
485 210 
14
486 519 275 523 208 209 641 277 276 278 521 206 205 207 
16
487 269 270 476 213 211 212 524 215 214 268 525 267 266 642 216 
43
680 567 568 311 309 310 682 312 394 587 313 449 610 315 314 308 307 306 496 304 495 305 566 497 303 583 681 535 600 301 300 299 608 302 604 607 582 606 298 605 297 455 393 
1
489 
4
490 598 573 570 
1
491 
9
492 19 20 18 689 22 21 692 414 
4
493 197 199 198 
4
494 321 320 319 
1
495 
4
496 307 304 495 
2
497 308 
2
498 296 
4
499 372 337 373 
2
500 150 
5
501 153 154 152 151 
4
502 155 156 157 
25
503 76 536 468 148 149 75 543 544 578 77 147 145 146 545 79 78 506 80 81 537 439 500 150 74 
1
504 
5
505 441 144 471 82 
1
506 
1
507 
5
508 475 202 201 203 
36
448 520 271 485 210 273 272 621 620 263 264 221 262 463 643 220 265 217 218 219 487 269 270 476 213 211 212 524 215 214 268 525 267 266 642 216 
5
510 446 534 200 281 
9
511 550 493 197 199 198 551 580 196 
3
512 456 291 
4
513 599 285 290 
3
514 295 458 
2
515 657 
1
516 
5
517 43 44 45 42 
46
445 516 460 41 40 557 481 47 558 517 43 44 45 42 46 581 585 459 556 667 609 49 53 584 48 559 50 51 52 396 602 395 54 601 55 665 652 443 603 653 57 56 661 518 397 39 
2
519 275 
2
520 271 
4
521 206 205 207 
2
522 204 
3
523 208 209 
3
524 215 214 
5
525 267 266 642 216 
2
526 386 
24
527 384 385 561 324 325 326 383 562 563 382 327 466 381 380 686 330 328 329 685 379 683 377 378 
6
528 69 490 598 573 570 
10
529 71 453 569 571 574 592 612 593 70 
2
530 451 
1
531 
1
532 
4
533 64 491 531 
2
534 200 
1
535 
4
536 468 148 149 
5
537 439 500 150 74 
38
538 540 469 502 155 156 157 501 153 154 152 151 73 503 76 536 468 148 149 75 543 544 578 77 147 145 146 545 79 78 506 80 81 537 439 500 150 74 
3
539 72 575 
1
540 
1
541 
4
542 504 161 165 
13
543 544 578 77 147 145 146 545 79 78 506 80 81 
3
544 578 77 
6
545 79 78 506 80 81 
3
546 406 507 
5
547 30 473 404 405 
17
548 282 511 550 493 197 199 198 551 580 196 457 591 572 454 590 549 
1
549 
1
550 
3
551 580 196 
3
552 645 646 
1
553 
1
554 
1
555 
1
556 
10
557 481 47 558 517 43 44 45 42 46 
1
558 
1
559 
3
560 400 399 
3
561 324 325 
7
562 563 382 327 466 381 380 
1
563 
2
564 565 
1
565 
2
566 535 
7
567 568 311 309 310 682 312 
4
568 311 309 310 
1
569 
1
570 
2
571 574 
1
572 
1
573 
1
574 
1
575 
1
576 
1
577 
2
578 77 
22
579 284 613 596 595 528 69 490 598 573 570 283 529 71 453 569 571 574 592 612 593 70 
1
580 
14
581 585 459 556 667 609 49 53 584 48 559 50 51 52 
1
582 
2
583 600 
3
584 48 559 
1
585 
4
586 402 403 401 
6
587 313 449 610 315 314 
1
588 
1
589 
1
590 
1
591 
3
592 612 593 
1
593 
2
594 480 
1
595 
2
596 595 
5
597 614 512 456 291 
1
598 
2
599 285 
1
600 
4
601 582 583 600 
1
602 
1
603 
1
604 
1
605 
1
606 
6
607 604 303 605 455 660 
53
654 296 662 664 666 663 655 659 658 554 514 295 458 294 452 59 532 533 64 491 531 479 293 553 292 555 564 565 656 478 58 515 657 60 61 62 63 660 489 594 530 451 597 614 456 289 480 287 513 596 595 615 498 
1
609 
3
610 315 314 
2
611 576 
1
612 
1
613 
1
614 
1
615 
47
616 130 95 617 97 98 618 128 129 96 123 101 102 122 124 100 125 126 461 99 127 109 120 104 103 121 105 108 106 107 110 119 118 111 117 112 116 113 115 114 671 94 668 132 131 93 92 
7
617 97 98 618 128 129 96 
2
618 128 
44
619 229 227 228 255 253 230 254 231 252 464 256 226 225 257 622 224 258 223 245 233 251 232 249 246 247 248 250 244 235 234 236 243 237 242 238 241 239 240 259 260 465 261 222 
2
620 263 
6
621 620 263 264 221 262 
4
622 224 258 223 
19
623 171 169 170 172 440 675 182 624 173 625 180 181 179 178 177 176 175 174 
11
624 173 625 180 181 179 178 177 176 175 174 
1
625 
35
626 631 638 166 628 188 673 184 183 672 470 168 167 187 185 186 623 171 169 170 172 440 675 182 624 173 625 180 181 179 178 177 176 175 174 
49
627 630 542 504 161 165 193 192 190 191 189 162 163 164 626 631 638 166 628 188 673 184 183 672 470 168 167 187 185 186 623 171 169 170 172 440 675 182 624 173 625 180 181 179 178 177 176 175 174 
2
628 188 
1
629 
1
630 
3
631 638 166 
4
632 160 649 629 
37
633 85 84 83 472 140 143 505 441 144 471 82 141 142 89 674 137 636 88 136 635 87 634 139 138 86 145 80 81 670 91 90 438 669 133 134 135 
3
634 139 138 
6
635 87 634 139 138 86 
2
636 88 
49
690 25 24 688 691 412 27 26 462 410 411 640 28 639 408 409 407 29 546 406 507 547 30 473 404 405 444 474 32 403 31 33 586 483 34 35 402 400 401 36 560 37 482 38 398 484 399 413 23 
1
638 
2
639 408 
15
640 28 639 408 409 407 29 546 406 507 547 30 473 404 405 
4
641 277 276 278 
1
642 
2
643 220 
4
644 318 317 316 
1
645 
1
646 
38
611 576 195 552 645 646 442 589 550 197 551 580 196 457 591 572 454 590 549 613 573 570 569 571 574 592 612 593 650 648 651 159 577 598 541 647 158 453 
1
648 
1
649 
4
650 648 651 159 
1
651 
2
652 443 
6
653 661 603 665 54 55 
2
654 615 
1
655 
6
656 478 58 57 515 657 
1
657 
6
658 554 514 295 458 294 
1
659 
1
660 
2
661 603 
13
662 664 666 56 663 655 659 658 554 514 295 458 294 
3
663 655 659 
1
664 
3
665 54 55 
2
666 56 
4
667 609 49 53 
3
668 132 131 
2
669 133 
7
670 91 90 89 438 669 133 
27
671 94 668 132 131 93 92 670 91 90 89 438 669 133 674 137 636 88 134 136 635 87 634 139 138 86 135 
4
672 470 168 167 
10
673 184 183 672 470 168 167 187 185 186 
6
674 137 636 88 134 136 
2
675 182 
57
676 431 436 6 677 1 5 437 0 435 434 433 432 3 2 4 421 15 14 696 13 422 423 12 695 424 425 11 426 694 427 10 693 429 8 9 428 430 7 637 17 418 416 417 492 19 20 18 419 16 420 415 21 689 22 692 414 
5
677 1 5 437 0 
13
678 588 392 644 318 317 316 587 313 449 610 315 314 
1
679 
23
680 567 568 311 309 310 682 312 394 393 678 588 392 644 318 317 316 587 313 449 610 315 314 
16
681 566 535 497 308 496 307 304 495 395 305 306 601 582 583 600 
1
682 
3
683 377 378 
3
684 376 375 
2
685 379 
9
686 330 328 329 685 379 683 377 378 
12
687 684 376 375 331 336 467 374 335 334 333 332 
5
688 23 691 412 413 
3
689 22 21 
13
690 25 24 688 23 691 412 413 27 26 462 410 411 
3
691 412 413 
2
692 414 
7
693 429 8 9 428 430 7 
10
694 427 10 693 429 8 9 428 430 7 
5
695 424 425 11 426 
10
696 13 422 423 12 695 424 425 11 426 
14
697 360 354 351 352 350 353 349 348 355 357 358 359 356 
7
698 346 362 363 345 361 347 
54
699 344 364 698 346 362 363 345 361 347 697 360 354 351 352 350 353 349 348 355 357 358 359 356 701 340 369 338 339 371 370 700 367 342 341 368 366 365 343 499 372 337 373 375 336 467 374 335 334 684 376 333 687 332 
8
700 367 342 341 368 366 365 343 
49
331 527 384 385 561 324 325 326 383 562 563 382 327 466 381 380 686 330 328 329 685 379 683 378 488 526 386 323 387 322 477 389 494 320 388 321 390 679 391 450 644 318 319 392 317 588 316 678 377 
48
702 548 199 512 291 286 599 290 284 283 288 509 447 204 508 202 203 275 208 641 276 521 205 510 534 281 282 511 198 579 279 522 280 475 201 486 519 523 209 277 278 206 207 446 200 274 493 285 
49
703 539 575 65 528 490 529 70 66 538 469 155 157 153 152 73 76 149 537 500 74 72 71 69 540 502 156 501 154 151 503 536 468 148 75 543 544 578 77 147 78 439 150 68 67 146 545 79 506 
