15
435 579 552 447 517 511 487 226 606 650 651 657 658 659 660 
661
1
0 
1
1 
1
2 
1
3 
1
4 
1
5 
1
6 
1
7 
1
8 
1
9 
1
10 
1
11 
2
12 13 
1
13 
1
14 
1
15 
1
16 
1
17 
1
18 
1
19 
2
20 19 
1
21 
1
22 
1
23 
14
24 568 416 415 25 573 572 26 414 571 413 27 412 28 
1
25 
1
26 
1
27 
1
28 
1
29 
1
30 
1
31 
1
32 
1
33 
1
34 
1
35 
6
36 39 37 38 40 41 
2
37 38 
1
38 
1
39 
2
40 41 
1
41 
1
42 
1
43 
1
44 
1
45 
1
46 
1
47 
1
48 
1
49 
1
50 
1
51 
2
52 53 
1
53 
1
54 
1
55 
2
56 57 
1
57 
1
58 
1
59 
1
60 
1
61 
1
62 
1
63 
2
64 65 
1
65 
1
66 
1
67 
1
68 
1
69 
1
70 
1
71 
2
72 71 
1
73 
1
74 
1
75 
1
76 
1
77 
1
78 
1
79 
1
80 
1
81 
1
82 
1
83 
1
84 
1
85 
2
86 85 
1
87 
1
88 
1
89 
1
90 
1
91 
2
92 93 
1
93 
1
94 
1
95 
1
96 
1
97 
8
98 138 139 97 526 96 140 95 
1
99 
2
100 136 
1
101 
1
102 
1
103 
8
104 132 106 130 131 105 129 107 
1
105 
6
106 130 131 105 129 107 
1
107 
1
108 
1
109 
2
110 109 
21
111 127 128 108 110 109 112 125 126 113 124 116 114 123 115 117 121 122 118 120 119 
15
112 125 126 113 124 116 114 123 115 117 121 122 118 120 119 
2
113 124 
1
114 
1
115 
10
116 114 123 115 117 121 122 118 120 119 
6
117 121 122 118 120 119 
3
118 120 119 
1
119 
1
120 
1
121 
1
122 
1
123 
1
124 
1
125 
1
126 
1
127 
2
128 108 
2
129 107 
1
130 
2
131 105 
1
132 
6
133 103 134 102 135 101 
2
134 102 
2
135 101 
1
136 
26
137 99 100 136 133 103 134 102 135 101 98 138 139 97 526 96 140 95 104 132 106 130 131 105 129 107 
1
138 
1
139 
1
140 
2
141 142 
1
142 
1
143 
1
144 
1
145 
1
146 
1
147 
1
148 
1
149 
2
150 151 
1
151 
1
152 
1
153 
1
154 
1
155 
1
156 
4
157 160 158 159 
2
158 159 
1
159 
1
160 
1
161 
1
162 
1
163 
1
164 
2
165 503 
1
166 
1
167 
2
168 167 
1
169 
1
170 
1
171 
1
172 
1
173 
2
174 173 
1
175 
1
176 
1
177 
1
178 
1
179 
4
180 181 183 182 
1
181 
1
182 
2
183 182 
7
184 180 181 183 182 179 185 
1
185 
1
186 
1
187 
2
188 189 
1
189 
1
190 
1
191 
1
192 
1
193 
1
194 
1
195 
1
196 
1
197 
1
198 
1
199 
2
200 201 
1
201 
1
202 
1
203 
1
204 
1
205 
1
206 
2
207 206 
4
208 205 207 206 
1
209 
1
210 
1
211 
1
212 
2
213 212 
1
214 
1
215 
1
216 
1
217 
2
218 217 
1
219 
1
220 
1
221 
1
222 
2
223 224 
1
224 
1
225 
34
262 229 260 231 259 232 230 261 258 233 257 235 234 256 236 253 255 254 252 237 238 251 239 240 250 241 247 246 243 245 244 242 249 248 
2
227 264 
1
228 
1
229 
2
230 261 
1
231 
1
232 
1
233 
1
234 
1
235 
1
236 
1
237 
1
238 
1
239 
1
240 
1
241 
1
242 
1
243 
1
244 
2
245 244 
5
246 243 245 244 242 
1
247 
1
248 
2
249 248 
8
250 241 247 246 243 245 244 242 
3
251 239 240 
16
252 237 238 251 239 240 250 241 247 246 243 245 244 242 249 248 
2
253 255 
1
254 
1
255 
5
256 236 253 255 254 
3
257 235 234 
5
258 233 257 235 234 
2
259 232 
6
260 231 259 232 230 261 
1
261 
2
262 229 
4
263 228 262 229 
1
264 
1
265 
1
266 
1
267 
1
268 
1
269 
1
270 
1
271 
2
272 271 
1
273 
1
274 
1
275 
1
276 
1
277 
1
278 
1
279 
1
280 
1
281 
1
282 
1
283 
1
284 
1
285 
1
286 
1
287 
1
288 
1
289 
1
290 
2
291 290 
1
292 
1
293 
1
294 
1
295 
1
296 
1
297 
1
298 
1
299 
2
300 299 
1
301 
1
302 
2
303 302 
1
304 
1
305 
1
306 
1
307 
2
308 307 
3
309 311 310 
1
310 
2
311 310 
1
312 
1
313 
1
314 
1
315 
1
316 
1
317 
1
318 
2
319 318 
1
320 
1
321 
2
322 321 
1
323 
2
324 323 
1
325 
1
326 
6
327 325 326 324 323 328 
1
328 
1
329 
1
330 
1
331 
1
332 
2
333 334 
1
334 
1
335 
1
336 
2
337 338 
1
338 
1
339 
1
340 
17
341 514 390 340 515 339 516 391 337 338 640 394 641 336 392 393 466 
1
342 
1
343 
1
344 
2
345 344 
1
346 
2
347 348 
1
348 
1
349 
1
350 
1
351 
1
352 
1
353 
1
354 
1
355 
1
356 
1
357 
1
358 
3
359 371 360 
1
360 
1
361 
1
362 
1
363 
3
364 362 363 
1
365 
1
366 
1
367 
2
368 367 
4
369 366 368 367 
1
370 
1
371 
5
372 358 373 357 356 
3
373 357 356 
1
374 
1
375 
1
376 
1
377 
1
378 
1
379 
1
380 
2
381 380 
1
382 
1
383 
1
384 
1
385 
2
386 385 
1
387 
1
388 
1
389 
1
390 
1
391 
2
392 393 
1
393 
1
394 
1
395 
2
396 395 
1
397 
1
398 
1
399 
1
400 
1
401 
1
402 
1
403 
1
404 
1
405 
1
406 
1
407 
1
408 
1
409 
1
410 
1
411 
1
412 
1
413 
1
414 
1
415 
1
416 
1
417 
1
418 
1
419 
1
420 
1
421 
2
422 423 
1
423 
1
424 
1
425 
1
426 
1
427 
2
428 427 
2
429 430 
1
430 
1
431 
1
432 
1
433 
1
434 
35
435 5 6 580 7 433 432 8 434 436 4 3 437 2 442 441 438 439 440 443 1 444 0 579 431 9 578 11 10 429 430 428 427 12 13 
3
436 4 3 
11
437 2 442 441 438 439 440 443 1 444 0 
1
438 
2
439 440 
1
440 
4
441 438 439 440 
1
442 
4
443 1 444 0 
2
444 0 
26
445 567 190 188 189 563 172 171 174 173 483 175 176 484 187 473 186 177 178 184 180 181 183 182 179 185 
1
446 
33
537 539 538 534 528 477 492 455 501 536 165 503 531 507 166 459 505 504 532 494 454 488 489 521 490 506 502 447 527 566 656 452 533 
5
448 633 457 638 305 
1
449 
4
450 535 286 530 
2
451 612 
1
452 
2
453 495 
12
454 488 490 491 69 476 73 74 498 70 72 71 
3
455 520 77 
3
456 544 59 
3
457 638 305 
18
458 523 294 295 559 296 297 521 522 293 292 494 452 540 289 288 291 290 
4
459 566 196 195 
3
460 270 220 
3
461 152 84 
1
462 
4
463 21 419 22 
3
464 31 409 
5
465 278 279 213 212 
1
466 
2
467 156 
1
468 
4
469 75 76 492 
11
470 636 49 48 593 635 47 46 596 480 50 
4
471 80 519 155 
14
472 365 370 361 359 371 360 369 366 368 367 364 362 363 
11
473 186 177 178 184 180 181 183 182 179 185 
21
474 273 272 271 219 274 218 217 485 275 216 486 214 276 215 277 465 278 279 213 212 
8
475 268 222 221 269 460 270 220 
7
476 73 74 498 70 72 71 
8
477 469 75 76 492 455 520 77 
1
478 
5
479 54 51 52 53 
2
480 50 
2
481 79 
4
482 493 500 78 
3
483 175 176 
2
484 187 
3
485 275 216 
10
486 214 276 215 277 465 278 279 213 212 
41
487 266 225 223 224 267 475 268 222 221 269 460 270 220 474 273 272 271 219 274 218 217 485 275 216 486 214 276 215 277 465 278 279 213 212 226 265 227 264 263 228 
1
488 
38
489 453 495 497 548 550 67 68 458 523 294 295 559 296 297 521 522 293 292 494 452 540 289 288 291 290 454 488 490 491 69 476 73 74 498 70 72 71 
3
490 491 69 
2
491 69 
1
492 
1
493 
7
494 452 540 289 288 291 290 
1
495 
18
496 558 298 547 549 66 64 65 546 63 557 449 62 545 556 553 300 299 
5
497 548 550 67 68 
4
498 70 72 71 
8
499 162 446 161 481 79 467 156 
1
500 
17
501 536 165 503 656 531 198 507 166 459 566 196 195 505 197 504 532 
1
502 
1
503 
2
504 532 
2
505 197 
8
506 164 502 482 493 500 78 163 
10
507 166 459 566 196 195 505 197 504 532 
18
508 509 204 209 646 283 284 524 202 203 525 285 200 201 208 205 207 206 
2
509 204 
12
510 149 87 86 85 150 151 461 152 84 88 148 
41
137 99 100 136 133 103 134 102 135 101 98 138 104 132 106 130 131 105 129 107 111 127 128 108 110 109 112 125 126 113 124 116 114 123 115 117 121 122 118 120 119 
3
512 91 145 
8
513 94 143 141 142 92 93 144 
1
514 
6
515 339 516 391 337 338 
1
516 
40
517 82 83 518 153 154 81 471 80 519 155 499 162 446 161 481 79 467 156 157 160 158 159 164 482 493 500 78 163 469 75 76 520 77 476 73 74 498 72 71 
2
518 153 
2
519 155 
2
520 77 
4
521 522 293 292 
3
522 293 292 
3
523 294 295 
7
524 202 203 525 285 200 201 
2
525 285 
4
526 96 140 95 
4
527 529 287 528 
1
528 
2
529 287 
1
530 
1
531 
1
532 
1
533 
1
534 
3
535 286 530 
1
536 
2
537 539 
2
538 534 
1
539 
5
540 289 288 291 290 
1
541 
4
542 61 60 543 
1
543 
2
544 59 
1
545 
10
546 63 557 449 62 545 556 553 300 299 
5
547 549 66 64 65 
4
548 550 67 68 
4
549 66 64 65 
3
550 67 68 
8
551 554 303 302 304 560 301 555 
74
552 541 542 61 60 543 551 554 303 302 304 560 301 555 496 558 298 547 549 66 64 65 546 63 557 449 62 545 556 553 300 299 453 495 497 548 550 67 68 458 523 294 295 559 296 297 293 491 69 70 604 620 448 633 457 638 305 621 631 456 544 59 622 56 57 623 58 624 625 306 308 307 599 636 
3
553 300 299 
4
554 303 302 304 
1
555 
4
556 553 300 299 
1
557 
2
558 298 
3
559 296 297 
3
560 301 555 
6
561 170 564 192 191 193 
38
562 169 565 194 168 167 561 170 564 192 191 193 445 567 190 188 189 563 172 171 174 173 483 175 176 484 187 473 186 177 178 184 180 181 183 182 179 185 
5
563 172 171 174 173 
4
564 192 191 193 
2
565 194 
3
566 196 195 
4
567 190 188 189 
1
568 
23
569 570 23 417 418 463 21 419 22 24 568 416 415 25 573 572 26 414 571 413 27 412 28 
1
570 
5
571 413 27 412 28 
1
572 
4
573 572 26 414 
8
574 29 411 30 410 464 31 409 
13
575 18 421 20 19 420 17 576 424 16 422 423 425 
6
576 424 16 422 423 425 
6
577 14 426 12 13 15 
7
578 11 10 429 430 428 427 
53
577 14 426 15 575 18 421 20 19 420 17 576 424 16 422 423 425 569 570 23 417 418 463 21 419 22 24 568 416 415 25 573 572 26 414 571 413 27 412 28 582 408 32 574 29 411 30 410 464 31 409 583 407 
6
580 7 433 432 8 434 
1
581 
2
582 408 
16
583 582 408 32 581 33 407 406 574 29 411 30 410 464 31 409 
1
584 
12
585 42 35 595 43 584 36 39 37 38 40 41 
22
586 587 462 405 594 45 44 589 634 34 585 42 35 595 43 584 36 39 37 38 40 41 
1
587 
1
588 
3
589 634 34 
1
590 
2
591 590 
0

4
593 635 47 46 
3
594 45 44 
3
595 43 584 
3
596 480 50 
1
597 
1
598 
1
599 
1
600 
2
601 600 
2
602 628 
4
603 597 602 628 
27
604 620 599 448 633 457 638 305 616 478 479 54 51 52 53 621 631 456 544 59 622 56 57 623 58 632 55 
3
605 614 320 
66
606 598 403 608 607 451 612 611 613 317 319 318 610 629 315 314 316 626 609 605 614 320 615 322 321 329 402 327 325 326 324 323 328 619 313 630 618 617 468 637 312 311 310 404 601 591 603 597 628 635 46 596 587 405 45 589 34 42 595 584 39 38 41 309 330 401 
1
607 
2
608 607 
1
609 
5
610 629 315 314 316 
10
611 613 317 319 318 610 629 315 314 316 
1
612 
2
613 317 
2
614 320 
4
615 322 321 329 
19
616 478 479 54 51 52 53 621 631 456 544 59 622 56 57 623 58 632 55 
2
617 468 
1
618 
16
619 313 630 618 617 468 624 625 306 308 307 637 312 309 311 310 
1
620 
12
621 631 456 544 59 622 56 57 623 58 632 55 
7
622 56 57 623 58 632 55 
2
623 58 
10
624 625 306 308 307 637 312 309 311 310 
4
625 306 308 307 
16
626 609 605 614 320 615 322 321 329 402 327 325 326 324 323 328 
6
627 400 399 331 330 401 
1
628 
4
629 315 314 316 
1
630 
1
631 
2
632 55 
1
633 
2
634 34 
3
635 47 46 
3
636 49 48 
5
637 312 309 311 310 
2
638 305 
6
639 335 396 395 333 334 
7
640 394 641 336 392 393 466 
2
641 336 
16
642 398 332 397 639 335 396 395 333 334 627 400 399 331 330 401 
33
643 282 210 281 644 645 280 211 508 509 204 209 646 283 284 524 202 203 525 285 200 201 208 205 207 206 655 199 533 450 535 286 530 
4
644 645 280 211 
1
645 
3
646 283 284 
8
647 387 343 649 648 342 388 389 
2
648 342 
5
649 648 342 388 389 
53
650 346 384 383 345 344 386 385 647 387 343 649 648 342 388 389 341 514 390 340 515 339 516 391 337 338 640 394 641 336 392 393 466 642 398 332 397 639 335 396 395 333 334 627 400 399 331 651 382 347 348 349 381 
35
350 652 351 379 380 653 353 377 376 354 352 378 654 355 375 374 372 358 373 357 356 472 365 370 361 359 371 360 369 366 368 367 364 362 363 
5
652 351 379 381 380 
7
653 353 377 376 354 352 378 
9
654 355 375 374 372 358 373 357 356 
7
655 199 533 450 535 286 530 
3
656 531 198 
40
657 561 564 191 445 190 189 172 174 483 176 187 186 178 180 183 179 195 562 169 565 194 168 167 170 192 193 567 188 563 171 173 175 484 473 177 184 181 182 185 
88
658 592 588 600 590 602 470 593 47 586 462 594 44 634 585 35 43 36 37 40 581 49 480 50 616 478 479 54 51 52 53 632 55 48 33 406 404 601 591 603 597 628 636 49 48 635 46 596 480 50 587 405 45 589 34 42 595 584 39 38 41 604 620 599 448 633 457 638 305 616 478 479 54 51 52 53 621 631 456 544 59 622 56 57 623 58 632 55 
45
659 287 198 196 508 204 646 284 202 525 200 208 207 655 535 530 289 288 290 291 529 540 522 292 509 209 283 524 203 285 201 205 206 199 450 286 643 282 210 281 644 645 280 211 197 
35
660 511 89 146 91 513 143 142 93 510 87 85 151 152 88 526 140 147 90 512 145 94 141 92 144 149 86 150 461 84 148 96 95 97 139 
