15
800 793 431 676 499 570 517 742 565 775 579 766 767 803 804 
805
1
0 
1
1 
2
2 477 
2
3 4 
1
4 
1
5 
1
6 
2
7 6 
5
8 10 9 7 6 
1
9 
1
10 
1
11 
1
12 
1
13 
1
14 
1
15 
1
16 
1
17 
5
18 467 468 469 17 
1
19 
1
20 
1
21 
3
22 463 23 
1
23 
1
24 
1
25 
1
26 
1
27 
1
28 
1
29 
2
30 29 
1
31 
2
32 33 
1
33 
1
34 
2
35 791 
1
36 
2
37 38 
1
38 
1
39 
1
40 
1
41 
1
42 
1
43 
1
44 
1
45 
1
46 
1
47 
2
48 49 
1
49 
1
50 
1
51 
1
52 
2
53 54 
1
54 
1
55 
1
56 
1
57 
1
58 
1
59 
1
60 
1
61 
1
62 
1
63 
1
64 
1
65 
1
66 
1
67 
1
68 
2
69 68 
1
70 
1
71 
2
72 666 
1
73 
1
74 
1
75 
1
76 
1
77 
2
78 77 
1
79 
1
80 
1
81 
1
82 
1
83 
1
84 
2
85 84 
1
86 
3
87 88 86 
1
88 
1
89 
1
90 
1
91 
1
92 
1
93 
2
94 95 
1
95 
1
96 
1
97 
1
98 
1
99 
1
100 
1
101 
1
102 
1
103 
1
104 
1
105 
1
106 
1
107 
1
108 
4
109 140 141 108 
1
110 
1
111 
1
112 
1
113 
4
114 116 115 117 
1
115 
1
116 
1
117 
7
118 113 114 116 115 117 112 
31
119 111 549 139 110 118 113 114 116 115 117 112 123 133 134 122 135 121 136 120 137 138 124 132 125 130 131 129 127 126 128 
3
120 137 138 
5
121 136 120 137 138 
2
122 135 
19
123 133 134 122 135 121 136 120 137 138 124 132 125 130 131 129 127 126 128 
9
124 132 125 130 131 129 127 126 128 
3
125 130 131 
1
126 
1
127 
1
128 
4
129 127 126 128 
1
130 
1
131 
1
132 
1
133 
1
134 
1
135 
1
136 
1
137 
1
138 
1
139 
1
140 
2
141 108 
2
142 143 
1
143 
1
144 
1
145 
1
146 
1
147 
2
148 149 
1
149 
1
150 
1
151 
1
152 
1
153 
1
154 
1
155 
1
156 
1
157 
1
158 
1
159 
1
160 
2
161 573 
1
162 
1
163 
3
164 165 166 
1
165 
1
166 
1
167 
2
168 167 
1
169 
1
170 
1
171 
1
172 
1
173 
1
174 
1
175 
1
176 
1
177 
1
178 
1
179 
1
180 
1
181 
1
182 
1
183 
1
184 
2
185 184 
1
186 
1
187 
3
188 187 186 
2
189 190 
1
190 
1
191 
1
192 
2
193 192 
2
194 195 
1
195 
1
196 
1
197 
2
198 197 
1
199 
5
200 199 201 198 197 
1
201 
1
202 
1
203 
1
204 
1
205 
1
206 
1
207 
1
208 
1
209 
1
210 
1
211 
2
212 211 
1
213 
1
214 
1
215 
1
216 
1
217 
1
218 
2
219 218 
3
220 219 218 
1
221 
1
222 
1
223 
2
224 225 
1
225 
1
226 
1
227 
1
228 
1
229 
1
230 
1
231 
1
232 
1
233 
2
234 233 
1
235 
1
236 
1
237 
1
238 
1
239 
2
240 239 
1
241 
1
242 
1
243 
1
244 
2
245 244 
10
246 274 247 275 276 245 244 778 243 277 
1
247 
1
248 
1
249 
1
250 
2
251 250 
1
252 
1
253 
1
254 
1
255 
8
256 263 257 262 258 260 259 261 
2
257 262 
4
258 260 259 261 
1
259 
1
260 
1
261 
1
262 
1
263 
3
264 255 254 
13
265 253 264 255 254 256 263 257 262 258 260 259 261 
2
266 252 
1
267 
3
268 551 273 
1
269 
1
270 
4
271 269 270 272 
1
272 
1
273 
1
274 
4
275 276 245 244 
1
276 
1
277 
1
278 
1
279 
1
280 
2
281 282 
1
282 
1
283 
1
284 
1
285 
1
286 
2
287 288 
1
288 
1
289 
1
290 
1
291 
1
292 
1
293 
1
294 
2
295 296 
1
296 
1
297 
2
298 299 
1
299 
1
300 
1
301 
17
302 619 586 681 618 680 214 752 751 682 213 621 530 683 212 211 210 
1
303 
2
304 305 
1
305 
2
306 307 
1
307 
1
308 
1
309 
1
310 
1
311 
1
312 
1
313 
1
314 
3
315 314 313 
1
316 
1
317 
1
318 
1
319 
2
320 319 
1
321 
2
322 323 
1
323 
1
324 
1
325 
2
326 327 
1
327 
1
328 
1
329 
2
330 331 
1
331 
1
332 
1
333 
1
334 
1
335 
1
336 
1
337 
2
338 339 
1
339 
1
340 
1
341 
1
342 
3
343 342 344 
1
344 
1
345 
1
346 
1
347 
1
348 
2
349 350 
1
350 
1
351 
1
352 
1
353 
1
354 
2
355 354 
1
356 
1
357 
1
358 
1
359 
1
360 
1
361 
1
362 
1
363 
1
364 
2
365 366 
1
366 
1
367 
5
368 515 391 392 393 
1
369 
2
370 371 
1
371 
1
372 
1
373 
1
374 
7
375 378 377 376 379 380 374 
1
376 
1
377 
1
378 
2
379 380 
1
380 
2
381 385 
1
382 
1
383 
3
384 382 383 
1
385 
1
386 
2
387 386 
1
388 
1
389 
1
390 
3
391 392 393 
1
392 
1
393 
1
394 
1
395 
1
396 
2
397 364 
1
398 
1
399 
1
400 
1
401 
1
402 
2
403 404 
1
404 
1
405 
2
406 407 
1
407 
1
408 
1
409 
1
410 
1
411 
1
412 
1
413 
1
414 
2
415 414 
1
416 
1
417 
2
418 419 
1
419 
1
420 
1
421 
2
422 423 
1
423 
1
424 
1
425 
1
426 
1
427 
1
428 
1
429 
1
430 
55
431 661 667 725 726 491 643 642 523 733 64 63 659 65 66 691 433 724 735 55 53 54 432 728 729 730 59 692 731 57 56 58 727 732 62 734 61 60 669 481 673 641 67 674 761 434 694 722 689 435 489 723 52 51 658 
1
432 
1
433 
2
434 694 
1
435 
1
436 
1
437 
1
438 
1
439 
1
440 
1
441 
1
442 
1
443 
1
444 
1
445 
1
446 
4
447 788 448 446 
1
448 
1
449 
1
450 
1
451 
2
452 453 
1
453 
1
454 
1
455 
2
456 457 
1
457 
1
458 
1
459 
2
460 461 
1
461 
1
462 
1
463 
11
464 21 465 20 466 19 18 467 468 469 17 
2
465 20 
7
466 19 18 467 468 469 17 
1
467 
2
468 469 
1
469 
1
470 
1
471 
2
472 471 
1
473 
3
474 475 473 
1
475 
1
476 
1
477 
4
478 1 479 0 
2
479 0 
1
480 
8
481 759 673 721 760 324 322 323 
3
482 699 152 
1
483 
8
484 704 647 663 598 628 80 646 
1
485 
1
486 
3
487 655 581 
9
488 599 159 160 531 89 87 88 86 
7
489 434 694 723 52 51 722 
5
490 537 45 44 46 
12
491 643 637 642 523 733 64 63 658 659 65 66 
4
492 695 443 444 
1
493 
1
494 
15
495 538 285 286 697 235 236 234 233 698 232 525 289 287 288 
1
496 
4
497 567 341 340 
1
498 
48
499 736 741 739 705 707 706 484 704 647 663 646 597 748 708 716 715 710 711 717 714 712 500 713 749 774 750 755 709 754 718 664 616 670 645 613 671 742 506 738 740 664 616 670 645 613 671 504 
1
500 
4
501 672 70 71 
7
502 582 310 311 605 701 309 
1
503 
1
504 
12
505 650 665 74 73 627 75 720 76 78 77 79 
1
506 
1
507 
3
508 85 84 
7
509 677 625 332 330 331 329 
5
510 316 315 314 313 
1
511 
12
512 470 16 534 15 14 472 471 13 474 475 473 
5
513 784 408 406 407 
7
514 416 415 414 590 345 346 
1
515 
3
516 222 587 
43
105 145 106 780 107 144 142 143 109 140 141 108 119 111 549 139 110 118 113 114 116 115 117 112 123 133 134 122 135 121 136 120 137 138 124 132 125 130 131 129 127 126 128 
7
518 96 482 699 152 94 95 
10
519 185 184 772 191 189 190 188 187 186 
1
520 
2
521 43 
2
522 47 
8
523 733 64 63 658 659 65 66 
16
524 300 298 299 588 223 566 224 225 577 226 564 493 297 295 296 
4
525 289 287 288 
3
526 338 339 
4
527 308 306 307 
5
528 540 154 153 155 
14
529 373 381 385 375 378 377 376 379 380 374 384 382 383 
5
530 683 212 211 210 
5
531 89 87 88 86 
1
532 
9
533 600 163 162 161 573 508 85 84 
9
534 15 14 472 471 13 474 475 473 
1
535 
6
536 441 442 535 521 43 
3
537 45 44 
3
538 285 286 
1
539 
4
540 154 153 155 
18
541 93 92 511 696 156 157 528 540 154 153 155 542 158 532 575 91 90 
6
542 158 532 575 91 90 
7
543 576 283 237 284 281 282 
3
544 291 290 
9
545 230 231 539 544 291 290 494 292 
3
546 228 227 
1
547 
33
548 293 294 547 546 228 227 229 545 230 231 539 544 291 290 494 292 524 300 298 299 588 223 566 224 225 577 226 564 493 297 295 296 
3
549 139 110 
19
550 476 12 2 477 578 5 11 3 4 8 10 9 7 6 478 1 479 0 
1
551 
2
552 317 
3
553 617 312 
7
554 367 395 365 366 396 394 
4
555 389 369 390 
3
556 150 151 
7
557 147 103 104 584 102 101 
4
558 98 99 97 
30
559 183 485 561 203 585 202 520 200 199 201 198 197 771 193 192 773 196 194 195 519 185 184 772 191 189 190 188 187 186 
1
560 
2
561 203 
8
562 180 181 182 560 700 205 204 
8
563 41 42 40 492 695 443 444 
3
564 493 297 
60
565 301 480 679 216 215 516 222 587 684 217 221 220 219 218 302 619 586 681 618 680 214 752 751 682 213 621 530 683 212 211 210 527 308 306 307 781 782 304 305 620 303 310 311 701 309 312 753 524 300 298 299 588 223 566 224 225 564 493 297 
1
566 
2
567 341 
17
568 343 342 344 592 420 418 419 589 417 514 416 415 414 590 345 346 
4
569 626 337 336 
66
570 83 533 600 163 162 161 573 508 85 84 488 599 159 160 531 89 87 88 86 572 630 82 602 703 172 171 719 629 170 169 483 601 168 167 574 164 165 166 598 628 80 702 173 174 595 81 498 596 571 665 74 73 627 75 720 76 78 77 79 627 720 78 77 79 737 
1
571 
19
572 630 82 602 703 172 171 719 629 170 169 483 601 168 167 574 164 165 166 
1
573 
4
574 164 165 166 
3
575 91 90 
2
576 283 
7
577 226 564 493 297 295 296 
5
578 5 11 3 4 
40
579 249 267 251 250 248 266 252 268 551 273 246 274 247 275 276 245 244 778 243 277 271 269 270 272 265 253 264 255 254 256 263 257 262 258 260 259 261 278 242 
2
580 657 
1
581 
3
582 310 311 
11
583 388 372 370 371 387 386 555 389 369 390 
3
584 102 101 
8
585 202 520 200 199 201 198 197 
1
586 
1
587 
5
588 223 566 224 225 
2
589 417 
3
590 345 346 
49
591 421 497 567 341 340 526 338 339 569 626 337 336 648 496 649 425 426 624 333 334 593 424 594 335 623 422 423 678 674 675 429 622 427 428 761 762 328 326 327 758 325 509 677 625 332 330 331 329 
4
592 420 418 419 
7
593 424 594 335 623 422 423 
3
594 335 623 
5
595 81 498 596 571 
2
596 571 
12
597 748 702 737 173 175 174 595 81 498 596 571 
4
598 628 80 646 
3
599 159 160 
3
600 163 162 
3
601 168 167 
1
602 
3
603 552 317 
5
604 633 553 617 312 
3
605 701 309 
2
606 608 
12
607 527 308 306 307 781 782 304 305 504 620 303 
1
608 
1
609 
2
610 662 
4
611 615 612 634 
2
612 634 
2
613 671 
16
614 609 606 608 502 582 310 311 605 701 309 604 633 553 617 312 
1
615 
1
616 
2
617 312 
1
618 
1
619 
1
620 
1
621 
3
622 427 428 
1
623 
3
624 333 334 
5
625 332 330 331 329 
3
626 337 336 
7
627 75 720 76 78 77 79 
2
628 80 
11
629 170 169 483 601 168 167 574 164 165 166 
1
630 
1
631 
17
632 638 635 636 487 655 581 656 503 603 552 317 510 316 315 314 313 
1
633 
1
634 
2
635 636 
1
636 
2
637 642 
1
638 
1
639 
9
640 660 67 69 68 501 672 70 71 
8
641 639 580 657 651 654 318 631 
1
642 
1
643 
35
644 72 666 610 662 611 615 612 634 640 660 67 69 68 501 672 70 71 632 638 635 636 487 655 581 656 503 603 552 317 510 316 315 314 313 
1
645 
1
646 
2
647 663 
15
648 496 649 425 426 624 333 334 593 424 594 335 623 422 423 
3
649 425 426 
4
650 665 74 73 
4
651 654 318 631 
1
652 
8
653 668 652 757 321 756 320 319 
3
654 318 631 
1
655 
10
656 503 603 552 317 510 316 315 314 313 
1
657 
4
658 659 65 66 
3
659 65 66 
4
660 67 69 68 
2
661 667 
1
662 
1
663 
0

3
665 74 73 
1
666 
1
667 
1
668 
1
669 
2
670 645 
1
671 
2
672 70 
1
673 
1
674 
2
675 429 
73
639 580 657 644 72 666 610 662 611 615 612 634 640 660 69 501 672 70 71 632 638 635 636 487 655 581 656 503 603 552 510 315 314 313 650 665 74 73 75 76 609 608 502 582 310 311 605 701 309 604 633 553 617 312 637 607 609 608 502 605 604 633 553 582 617 650 505 505 614 614 606 606 68 
1
677 
21
678 674 675 429 622 427 428 761 762 328 326 327 758 325 509 677 625 332 330 331 329 
3
679 216 215 
2
680 214 
4
681 618 680 214 
3
682 213 621 
3
683 212 211 
6
684 217 221 220 219 218 
22
685 686 522 47 689 436 435 693 437 438 687 688 50 48 49 489 434 694 723 52 51 722 
3
686 522 47 
5
687 688 50 48 49 
4
688 50 48 49 
6
689 436 435 693 437 438 
22
690 439 490 537 45 44 46 440 536 441 442 535 521 43 563 41 42 40 492 695 443 444 
23
691 433 724 735 55 53 54 432 728 729 730 59 692 731 57 56 58 727 732 62 734 61 60 
5
692 731 57 56 58 
3
693 437 438 
1
694 
3
695 443 444 
3
696 156 157 
5
697 235 236 234 233 
2
698 232 
2
699 152 
3
700 205 204 
2
701 309 
5
702 737 173 175 174 
4
703 172 171 719 
1
704 
1
705 
1
706 
2
707 706 
31
708 716 715 710 711 717 714 712 500 713 749 774 209 750 753 755 709 754 718 607 527 308 306 307 781 782 304 305 504 620 303 
2
709 754 
1
710 
3
711 717 714 
7
712 500 713 749 774 209 750 
5
713 749 774 209 750 
1
714 
2
715 710 
1
716 
1
717 
1
718 
1
719 
5
720 76 78 77 79 
5
721 760 324 322 323 
1
722 
4
723 52 51 722 
5
724 735 55 53 54 
2
725 726 
1
726 
6
727 732 62 734 61 60 
15
728 729 730 59 692 731 57 56 58 727 732 62 734 61 60 
3
729 730 59 
2
730 59 
4
731 57 56 58 
2
732 62 
3
733 64 63 
3
734 61 60 
2
735 55 
2
736 176 
4
737 173 175 174 
1
738 
4
739 705 707 706 
1
740 
2
741 177 
53
747 208 745 178 743 744 746 206 486 207 179 562 180 181 182 560 700 205 204 559 183 485 561 203 585 202 520 200 199 201 198 197 771 193 192 773 196 194 195 519 185 184 772 191 189 190 188 187 186 176 177 175 209 
15
743 744 746 206 486 207 179 562 180 181 182 560 700 205 204 
1
744 
4
745 178 738 740 
4
746 206 486 207 
3
747 506 208 
1
748 
1
749 
1
750 
1
751 
10
752 751 682 213 621 530 683 212 211 210 
17
753 755 709 754 718 607 527 308 306 307 781 782 304 305 504 620 303 
1
754 
1
755 
1
756 
5
757 321 756 320 319 
2
758 325 
1
759 
4
760 324 322 323 
7
761 762 328 326 327 758 325 
4
762 328 326 327 
14
763 358 357 403 404 764 765 356 405 513 784 408 406 407 
9
764 765 356 405 513 784 408 406 407 
1
765 
68
513 784 408 407 768 348 785 411 410 412 786 351 349 350 783 409 787 353 352 355 354 769 770 413 347 568 343 342 344 592 420 418 419 589 417 514 416 415 414 590 345 346 591 421 497 567 341 340 526 338 339 569 626 337 336 425 424 422 423 426 593 594 623 648 334 335 649 406 
60
767 399 362 361 400 363 398 397 364 554 367 395 365 366 396 394 368 515 391 392 393 583 388 372 370 371 387 386 555 389 369 390 529 373 381 385 375 378 377 376 379 380 374 384 382 383 766 401 360 359 402 763 358 403 404 357 765 356 405 764 
21
768 348 785 411 410 412 786 351 349 350 783 409 787 353 352 355 354 769 770 413 347 
4
769 770 413 347 
1
770 
17
771 193 192 773 196 194 195 519 185 184 772 191 189 190 188 187 186 
4
772 191 189 190 
4
773 196 194 195 
3
774 209 750 
52
775 280 240 239 279 777 241 776 238 543 576 283 237 284 281 282 495 538 285 286 697 235 236 234 233 698 232 525 289 287 288 548 293 294 547 546 228 227 229 545 230 231 539 544 291 290 494 292 577 226 295 296 
2
776 238 
4
777 241 278 242 
3
778 243 277 
21
779 105 145 106 146 557 147 103 104 584 102 101 780 107 144 142 143 109 140 141 108 
9
780 107 144 142 143 109 140 141 108 
7
781 782 304 305 504 620 303 
1
782 
7
783 409 787 353 352 355 354 
4
784 408 406 407 
4
785 411 410 412 
4
786 351 349 350 
3
787 353 352 
1
788 
1
789 
4
790 789 39 445 
1
791 
1
792 
70
793 449 792 36 447 788 448 446 37 38 790 789 39 445 690 439 490 537 45 44 46 440 536 441 442 535 521 43 563 41 42 40 492 695 443 444 685 686 522 47 436 693 437 438 687 688 50 48 49 456 507 795 455 454 796 31 30 29 797 451 35 791 450 794 452 453 798 34 32 33 
7
794 452 453 798 34 32 33 
3
795 455 454 
2
796 31 
12
797 451 35 791 450 794 452 453 798 34 32 33 
4
798 34 32 33 
6
799 26 25 460 461 459 
60
800 458 457 801 28 27 799 26 25 460 461 459 802 24 462 22 463 23 464 21 465 20 466 19 18 467 468 469 17 512 470 16 534 15 14 472 471 13 474 475 473 550 476 12 2 477 578 5 11 3 4 8 10 9 7 6 478 1 479 0 
5
801 28 27 30 29 
29
802 24 462 22 463 23 464 21 465 20 466 19 18 467 468 469 17 512 470 16 534 15 14 472 471 13 474 475 473 
45
803 676 430 759 721 324 323 668 757 756 333 678 675 622 428 762 326 758 509 625 330 329 760 322 653 652 321 320 319 654 318 631 317 328 327 325 624 429 427 677 332 331 651 316 496 
46
804 517 558 99 556 151 149 96 699 94 541 92 696 157 540 153 542 532 91 557 584 101 100 98 97 150 148 518 482 152 95 93 511 156 528 154 155 158 575 90 779 146 147 103 104 102 
