15
569 27 666 446 650 91 108 221 676 719 720 282 549 561 572 
727
1
0 
1
1 
2
2 1 
1
3 
1
4 
1
5 
1
6 
1
7 
1
8 
1
9 
1
10 
1
11 
1
12 
1
13 
1
14 
2
15 14 
2
16 17 
1
17 
1
18 
1
19 
2
20 19 
1
21 
1
22 
2
23 22 
1
24 
1
25 
5
26 24 25 23 22 
70
27 655 652 514 472 471 724 474 723 473 21 698 29 30 520 656 468 466 467 28 654 469 470 26 24 25 23 22 657 462 463 658 465 464 659 31 33 32 614 36 613 458 38 37 660 34 35 519 460 459 461 481 726 18 725 478 722 476 477 475 20 19 647 480 479 16 17 15 39 457 
1
28 
1
29 
1
30 
1
31 
1
32 
2
33 32 
1
34 
1
35 
1
36 
1
37 
2
38 37 
1
39 
1
40 
2
41 40 
1
42 
1
43 
1
44 
1
45 
1
46 
1
47 
3
48 47 49 
1
49 
1
50 
1
51 
1
52 
3
53 52 54 
1
54 
1
55 
1
56 
1
57 
1
58 
2
59 58 
3
60 59 58 
1
61 
1
62 
1
63 
2
64 63 
1
65 
1
66 
1
67 
1
68 
1
69 
1
70 
1
71 
2
72 71 
1
73 
1
74 
5
75 74 77 73 76 
1
76 
1
77 
1
78 
1
79 
1
80 
1
81 
1
82 
1
83 
1
84 
1
85 
2
86 85 
1
87 
1
88 
1
89 
1
90 
40
91 151 152 90 153 567 94 149 92 150 93 147 148 653 144 100 143 99 98 145 517 97 146 95 96 697 102 142 101 103 141 104 140 105 139 138 107 136 137 106 
3
92 150 93 
1
93 
1
94 
2
95 96 
1
96 
1
97 
1
98 
1
99 
1
100 
1
101 
1
102 
1
103 
2
104 140 
7
105 139 138 107 136 137 106 
1
106 
4
107 136 137 106 
28
108 135 109 134 110 133 111 132 112 131 113 130 114 129 115 116 128 117 127 126 118 119 125 124 120 123 121 122 
2
109 134 
2
110 133 
5
111 132 112 131 113 
1
112 
1
113 
1
114 
1
115 
2
116 128 
11
117 127 126 118 119 125 124 120 123 121 122 
1
118 
7
119 125 124 120 123 121 122 
1
120 
1
121 
1
122 
3
123 121 122 
5
124 120 123 121 122 
1
125 
9
126 118 119 125 124 120 123 121 122 
1
127 
1
128 
2
129 115 
17
130 114 129 115 116 128 117 127 126 118 119 125 124 120 123 121 122 
2
131 113 
1
132 
1
133 
1
134 
1
135 
1
136 
2
137 106 
1
138 
1
139 
1
140 
1
141 
1
142 
1
143 
1
144 
1
145 
1
146 
2
147 148 
1
148 
1
149 
1
150 
1
151 
3
152 90 153 
1
153 
1
154 
1
155 
1
156 
1
157 
1
158 
1
159 
1
160 
1
161 
1
162 
1
163 
2
164 163 
1
165 
4
166 620 167 168 
2
167 168 
1
168 
1
169 
2
170 633 
1
171 
1
172 
2
173 174 
1
174 
1
175 
1
176 
1
177 
1
178 
5
179 178 584 180 183 
1
180 
2
181 182 
1
182 
1
183 
1
184 
1
185 
1
186 
2
187 186 
1
188 
1
189 
1
190 
4
191 189 192 190 
1
192 
3
193 194 195 
1
194 
1
195 
1
196 
1
197 
1
198 
2
199 198 
1
200 
1
201 
2
202 201 
1
203 
1
204 
5
205 203 204 202 201 
11
206 599 200 199 198 207 205 203 204 202 201 
1
207 
1
208 
1
209 
1
210 
2
211 210 
6
212 213 211 210 209 214 
1
213 
1
214 
1
215 
1
216 
1
217 
1
218 
1
219 
1
220 
42
221 558 603 548 601 632 547 170 633 602 557 637 604 636 318 575 626 644 583 581 534 510 580 635 527 625 623 319 643 582 533 72 536 169 513 73 219 634 171 220 320 172 
1
222 
1
223 
1
224 
1
225 
1
226 
1
227 
2
228 227 
3
229 228 227 
1
230 
1
231 
1
232 
1
233 
1
234 
1
235 
2
236 235 
1
237 
1
238 
1
239 
1
240 
2
241 298 
1
242 
1
243 
1
244 
1
245 
1
246 
2
247 246 
1
248 
1
249 
1
250 
1
251 
1
252 
1
253 
23
254 284 285 253 283 255 645 252 286 251 288 287 628 250 289 249 586 291 248 290 292 247 246 
1
255 
1
256 
1
257 
1
258 
1
259 
1
260 
1
261 
1
262 
1
263 
1
264 
9
265 273 272 266 271 267 270 268 269 
1
266 
1
267 
1
268 
1
269 
3
270 268 269 
5
271 267 270 268 269 
7
272 266 271 267 270 268 269 
1
273 
11
274 264 265 273 272 266 271 267 270 268 269 
9
275 262 263 276 261 277 278 279 260 
4
276 261 277 278 
2
277 278 
1
278 
2
279 260 
2
280 259 
2
281 258 
27
282 256 257 281 258 280 259 275 262 263 276 261 277 278 279 260 274 264 265 273 272 266 271 267 270 268 269 
2
283 255 
1
284 
2
285 253 
1
286 
1
287 
2
288 287 
1
289 
1
290 
1
291 
1
292 
1
293 
1
294 
2
295 294 
1
296 
1
297 
1
298 
2
299 240 
1
300 
1
301 
1
302 
1
303 
1
304 
1
305 
1
306 
1
307 
2
308 309 
1
309 
1
310 
1
311 
6
312 588 629 224 223 222 
1
313 
1
314 
41
315 317 318 575 626 644 314 583 581 534 510 580 635 618 78 527 625 623 319 643 582 533 696 70 72 71 619 79 166 620 167 168 536 169 513 316 75 74 77 73 76 
1
316 
1
317 
1
318 
2
319 643 
2
320 321 
1
321 
1
322 
1
323 
1
324 
1
325 
1
326 
2
327 326 
1
328 
1
329 
2
330 329 
1
331 
1
332 
2
333 332 
2
334 335 
1
335 
1
336 
1
337 
1
338 
2
339 338 
1
340 
1
341 
2
342 343 
1
343 
1
344 
2
345 346 
1
346 
1
347 
1
348 
1
349 
1
350 
2
351 350 
2
352 353 
1
353 
1
354 
1
355 
2
356 355 
1
357 
1
358 
1
359 
2
360 361 
1
361 
1
362 
1
363 
2
364 363 
1
365 
1
366 
2
367 369 
1
368 
1
369 
1
370 
1
371 
1
372 
1
373 
1
374 
1
375 
1
376 
2
377 378 
1
378 
1
379 
1
380 
1
381 
1
382 
1
383 
1
384 
1
385 
1
386 
1
387 
1
388 
2
389 388 
6
390 392 391 393 389 388 
1
391 
1
392 
1
393 
1
394 
1
395 
5
396 398 397 395 399 
1
397 
1
398 
1
399 
1
400 
1
401 
1
402 
1
403 
1
404 
1
405 
2
406 405 
1
407 
1
408 
1
409 
1
410 
1
411 
1
412 
2
413 414 
1
414 
1
415 
1
416 
1
417 
1
418 
1
419 
2
420 419 
3
421 420 419 
1
422 
1
423 
1
424 
5
425 516 426 427 424 
2
426 427 
1
427 
1
428 
1
429 
1
430 
1
431 
1
432 
1
433 
1
434 
1
435 
2
436 435 
1
437 
1
438 
1
439 
1
440 
2
441 442 
1
442 
1
443 
1
444 
1
445 
46
671 528 712 66 65 673 672 64 63 707 325 708 504 674 710 67 689 511 709 711 692 661 624 701 702 503 69 699 322 321 323 704 68 700 703 705 706 324 696 70 71 62 669 670 61 664 
1
447 
1
448 
2
449 448 
1
450 
1
451 
1
452 
1
453 
1
454 
1
455 
1
456 
1
457 
1
458 
1
459 
1
460 
1
461 
2
462 463 
1
463 
1
464 
1
465 
2
466 467 
1
467 
1
468 
1
469 
1
470 
1
471 
2
472 471 
1
473 
1
474 
1
475 
3
476 477 475 
1
477 
1
478 
1
479 
1
480 
2
481 482 
1
482 
1
483 
1
484 
1
485 
1
486 
1
487 
1
488 
1
489 
1
490 
8
491 493 492 497 494 495 496 498 
1
492 
7
493 492 497 494 495 496 498 
3
494 495 496 
1
495 
1
496 
1
497 
1
498 
1
499 
1
500 
5
501 0 3 2 1 
1
502 
1
503 
1
504 
10
505 686 687 336 334 335 566 339 338 337 
2
506 695 
5
507 531 46 45 611 
5
508 612 456 457 455 
1
509 
1
510 
2
511 709 
26
512 554 627 196 193 194 195 677 177 585 540 546 535 184 179 178 584 180 183 181 182 587 185 188 187 186 
1
513 
3
514 472 471 
5
515 374 413 414 415 
1
516 
5
517 97 146 95 96 
3
518 217 216 
3
519 460 459 
5
520 656 468 466 467 
5
521 489 7 6 490 
7
522 226 229 228 227 311 225 
6
523 379 409 380 377 378 
2
524 401 
6
525 383 404 382 406 405 
3
526 639 51 
11
527 625 623 319 643 582 533 696 70 72 71 
4
528 712 66 65 
8
529 537 443 593 344 592 342 343 
9
530 577 609 50 48 47 49 449 448 
4
531 46 45 611 
1
532 
1
533 
1
534 
2
535 184 
3
536 169 513 
2
537 443 
12
538 347 348 345 346 550 563 597 440 441 442 439 
8
539 434 433 532 598 354 356 355 
1
540 
1
541 
3
542 333 332 
2
543 197 
3
544 293 245 
7
545 565 418 421 420 419 422 
15
546 535 184 179 178 584 180 183 181 182 587 185 188 187 186 
1
547 
1
548 
69
549 589 591 341 590 340 594 444 529 537 443 593 344 592 342 343 505 686 687 336 334 335 566 339 338 337 631 630 445 688 714 331 693 542 333 332 595 691 713 328 330 329 690 327 326 560 349 351 350 596 438 437 509 436 553 352 552 538 347 348 345 346 550 563 597 440 441 442 439 
7
550 563 597 440 441 442 439 
5
551 559 432 357 358 
1
552 
12
553 352 353 552 539 434 433 532 598 354 356 355 
1
554 
1
555 
5
556 370 367 369 366 
1
557 
1
558 
1
559 
59
560 349 351 350 596 438 437 509 436 435 553 352 353 552 539 434 433 532 598 354 356 355 538 347 348 345 346 550 563 597 440 441 442 439 605 606 430 359 562 429 360 361 431 551 559 432 357 358 684 362 685 428 425 516 426 427 424 364 363 
70
561 417 416 564 372 371 373 515 374 413 414 415 556 370 367 369 366 683 682 423 365 545 565 418 421 420 419 422 368 353 539 434 433 532 598 354 356 355 605 606 430 359 562 429 360 361 431 551 559 432 357 358 684 362 685 428 425 516 426 427 424 364 363 571 411 376 412 375 377 435 
1
562 
1
563 
4
564 372 371 373 
5
565 418 421 420 419 
4
566 339 338 337 
8
567 94 149 92 150 93 147 148 
12
568 487 9 10 486 488 8 521 489 7 6 490 
41
569 5 499 491 493 492 497 494 495 496 498 608 4 500 501 0 3 2 1 638 483 13 484 12 607 11 485 482 14 568 487 9 10 486 488 8 521 489 7 6 490 
4
570 381 407 408 
12
571 411 376 412 375 410 523 379 409 380 377 378 
40
572 387 573 400 394 524 401 396 398 397 395 399 390 392 391 393 389 388 574 385 402 386 384 403 525 383 404 382 406 405 570 381 407 408 523 379 409 380 378 410 
3
573 400 394 
28
574 385 402 386 384 403 525 383 404 382 406 405 570 381 407 408 571 411 376 412 375 410 523 379 409 380 377 378 
4
575 626 644 314 
52
576 450 507 531 46 45 611 616 617 452 453 451 648 44 43 578 641 42 615 579 454 530 577 609 50 48 47 49 449 448 614 36 613 458 640 39 38 37 41 40 508 612 456 457 455 660 34 35 519 460 459 461 
1
577 
1
578 
2
579 454 
4
580 635 618 78 
1
581 
2
582 533 
8
583 581 534 510 580 635 618 78 
3
584 180 183 
2
585 540 
7
586 291 248 290 292 247 246 
5
587 185 188 187 186 
1
588 
5
589 591 341 590 340 
1
590 
2
591 341 
1
592 
5
593 344 592 342 343 
2
594 444 
9
595 691 713 328 330 329 690 327 326 
6
596 438 437 509 436 435 
4
597 440 441 442 
4
598 354 356 355 
4
599 200 199 198 
4
600 555 543 197 
5
601 632 547 170 633 
6
602 557 637 313 604 636 
1
603 
2
604 636 
25
605 606 430 359 562 429 360 361 431 551 559 432 357 358 684 362 685 428 425 516 426 427 424 364 363 
1
606 
3
607 11 485 
8
608 4 500 501 0 3 2 1 
2
609 50 
1
610 
1
611 
2
612 456 
2
613 458 
22
614 36 613 458 640 39 38 37 41 40 508 612 456 457 455 660 34 35 519 460 459 461 
1
615 
14
616 617 452 453 451 648 44 43 578 641 42 615 579 454 
4
617 452 453 451 
2
618 78 
9
619 79 166 620 167 168 536 169 513 
1
620 
7
621 622 165 164 163 81 80 
1
622 
1
623 
5
624 701 702 503 69 
1
625 
1
626 
1
627 
11
628 250 289 249 586 291 248 290 292 247 246 
3
629 224 223 
1
630 
19
631 630 445 688 714 331 693 542 333 332 595 691 713 328 330 329 690 327 326 
1
632 
1
633 
3
634 171 220 
1
635 
1
636 
4
637 313 604 636 
39
638 483 13 484 12 607 11 485 481 482 726 18 725 478 722 476 477 475 20 19 647 480 479 16 17 15 14 568 487 9 10 486 488 8 521 489 7 6 490 
2
639 51 
11
640 39 38 37 41 40 508 612 456 457 455 
5
641 42 615 579 454 
5
642 82 161 160 162 
1
643 
1
644 
6
645 252 286 251 288 287 
9
646 218 172 173 174 219 634 171 220 
7
647 480 479 16 17 15 14 
4
648 44 43 578 
5
649 84 159 83 158 
40
650 87 156 157 155 88 651 154 89 86 85 649 84 159 83 158 642 82 161 160 162 621 622 165 164 163 81 80 618 78 619 79 166 620 167 168 75 74 77 76 
3
651 154 89 
4
652 514 472 471 
12
653 144 100 143 99 98 145 517 97 146 95 96 
3
654 469 470 
1
655 
4
656 468 466 467 
10
657 462 463 658 465 464 659 31 33 32 
3
658 465 464 
4
659 31 33 32 
7
660 34 35 519 460 459 461 
18
661 624 701 702 503 69 699 322 320 321 323 704 68 700 703 705 706 324 
16
662 502 541 680 57 56 678 60 59 58 670 61 62 669 667 668 
10
663 610 526 639 51 679 55 53 52 54 
10
664 671 528 712 66 65 673 672 64 63 
1
665 
63
666 447 663 610 526 639 51 679 55 53 52 54 662 502 541 680 57 56 678 60 59 58 667 668 576 450 507 531 46 45 611 616 617 452 453 451 648 44 43 578 641 42 615 579 454 530 577 609 50 48 47 49 449 448 640 41 40 508 612 456 455 446 665 
2
667 668 
1
668 
1
669 
6
670 61 62 669 667 668 
1
671 
3
672 64 63 
1
673 
3
674 710 67 
1
675 
69
676 175 518 217 216 715 215 176 694 716 675 208 506 695 600 555 543 197 512 554 627 196 193 194 195 677 177 585 540 546 535 184 179 178 584 180 183 181 182 587 185 188 187 186 191 189 192 190 206 599 200 199 198 207 205 203 204 202 201 212 213 211 210 209 214 646 218 173 174 
4
677 177 585 540 
1
678 
5
679 55 53 52 54 
7
680 57 56 678 60 59 58 
10
681 243 297 296 295 294 244 242 241 298 
1
682 
11
683 682 423 365 545 565 418 421 420 419 422 
11
684 362 685 428 425 516 426 427 424 364 363 
2
685 428 
1
686 
4
687 336 334 335 
7
688 714 331 693 542 333 332 
5
689 511 709 711 692 
1
690 
1
691 
1
692 
1
693 
6
694 716 675 208 506 695 
1
695 
4
696 70 72 71 
15
697 102 142 101 103 141 104 140 105 139 138 107 136 137 106 
12
698 29 30 520 656 468 466 467 28 654 469 470 
5
699 322 320 321 323 
1
700 
1
701 
1
702 
4
703 705 706 324 
3
704 68 700 
1
705 
2
706 324 
12
707 325 708 504 674 710 67 689 511 709 711 692 
2
708 504 
1
709 
1
710 
2
711 692 
3
712 66 65 
7
713 328 330 329 690 327 326 
3
714 331 693 
2
715 215 
1
716 
4
717 310 230 231 
5
718 307 232 308 309 
32
719 305 234 306 233 718 307 232 308 309 717 310 230 231 522 226 229 228 227 311 225 313 312 588 629 224 223 222 315 317 314 316 
50
720 303 237 236 235 304 302 238 721 301 239 300 299 240 681 243 297 296 295 294 244 242 241 298 544 293 245 254 284 285 253 283 255 645 252 286 251 288 287 628 250 289 249 586 291 248 290 292 247 246 
6
721 301 239 300 299 240 
1
722 
1
723 
5
724 474 723 473 21 
2
725 478 
17
726 18 725 478 722 476 477 475 20 19 647 480 479 16 17 15 14 
