15
543 604 498 573 538 650 140 526 634 579 583 665 655 708 709 
710
1
0 
1
1 
6
2 0 1 497 496 3 
1
3 
1
4 
1
5 
1
6 
1
7 
1
8 
1
9 
1
10 
1
11 
2
12 11 
1
13 
2
14 15 
1
15 
1
16 
1
17 
1
18 
1
19 
1
20 
1
21 
1
22 
1
23 
1
24 
1
25 
1
26 
1
27 
1
28 
1
29 
2
30 29 
1
31 
1
32 
2
33 34 
1
34 
1
35 
1
36 
1
37 
1
38 
1
39 
11
40 39 454 697 455 41 453 701 702 452 42 
1
41 
1
42 
1
43 
1
44 
1
45 
1
46 
1
47 
1
48 
2
49 48 
1
50 
1
51 
1
52 
2
53 54 
1
54 
1
55 
1
56 
1
57 
3
58 56 567 
1
59 
1
60 
1
61 
1
62 
1
63 
1
64 
1
65 
1
66 
1
67 
1
68 
1
69 
1
70 
1
71 
1
72 
1
73 
1
74 
1
75 
1
76 
1
77 
2
78 79 
1
79 
1
80 
1
81 
1
82 
1
83 
2
84 85 
1
85 
1
86 
1
87 
1
88 
1
89 
1
90 
1
91 
2
92 141 
1
93 
1
94 
2
95 138 
1
96 
8
97 136 137 96 139 94 95 138 
2
98 135 
16
99 134 98 135 100 133 132 101 105 128 129 130 104 103 131 102 
4
100 133 132 101 
1
101 
1
102 
1
103 
2
104 103 
8
105 128 129 130 104 103 131 102 
1
106 
1
107 
1
108 
1
109 
1
110 
1
111 
3
112 110 111 
6
113 109 108 112 110 111 
3
114 107 126 
2
115 125 
1
116 
1
117 
1
118 
3
119 121 120 
1
120 
1
121 
5
122 118 119 121 120 
7
123 117 122 118 119 121 120 
9
124 116 123 117 122 118 119 121 120 
1
125 
1
126 
22
127 106 114 107 126 115 125 113 109 108 112 110 111 124 116 123 117 122 118 119 121 120 
1
128 
6
129 130 104 103 131 102 
1
130 
2
131 102 
2
132 101 
1
133 
1
134 
1
135 
1
136 
2
137 96 
1
138 
4
139 94 95 138 
41
97 136 99 134 98 135 100 133 132 101 105 128 129 130 104 103 131 102 127 106 114 107 126 115 125 113 109 108 112 110 111 124 116 123 117 122 118 119 121 120 137 
1
141 
2
142 91 
16
143 90 142 91 144 89 653 145 88 146 87 652 86 147 84 85 
1
144 
1
145 
1
146 
1
147 
1
148 
1
149 
1
150 
1
151 
1
152 
1
153 
1
154 
1
155 
1
156 
1
157 
2
158 157 
1
159 
1
160 
1
161 
1
162 
1
163 
1
164 
3
165 549 548 
1
166 
2
167 168 
1
168 
3
169 167 168 
1
170 
1
171 
2
172 171 
2
173 170 
1
174 
7
175 179 181 180 176 177 178 
3
176 177 178 
1
177 
1
178 
1
179 
1
180 
1
181 
2
182 183 
1
183 
1
184 
1
185 
2
186 185 
1
187 
1
188 
1
189 
3
190 189 188 
1
191 
1
192 
1
193 
1
194 
1
195 
2
196 195 
2
197 198 
1
198 
1
199 
1
200 
2
201 200 
1
202 
1
203 
5
204 208 203 561 209 
1
205 
1
206 
3
207 205 206 
1
208 
1
209 
1
210 
1
211 
1
212 
1
213 
3
214 213 212 
6
215 211 216 214 213 212 
1
216 
2
217 218 
1
218 
1
219 
3
220 528 166 
1
221 
1
222 
1
223 
1
224 
1
225 
1
226 
1
227 
1
228 
2
229 227 
1
230 
1
231 
1
232 
1
233 
1
234 
1
235 
1
236 
1
237 
1
238 
1
239 
1
240 
1
241 
1
242 
1
243 
1
244 
1
245 
1
246 
1
247 
1
248 
1
249 
1
250 
1
251 
1
252 
1
253 
1
254 
2
255 256 
1
256 
3
257 281 283 
1
258 
1
259 
1
260 
1
261 
8
262 269 268 263 267 264 266 265 
1
263 
1
264 
1
265 
2
266 265 
4
267 264 266 265 
6
268 263 267 264 266 265 
1
269 
11
270 261 260 262 269 268 263 267 264 266 265 
23
271 278 279 259 280 258 272 277 273 275 274 276 270 261 260 262 269 268 263 267 264 266 265 
6
272 277 273 275 274 276 
4
273 275 274 276 
1
274 
1
275 
1
276 
1
277 
1
278 
2
279 259 
2
280 258 
1
281 
1
282 
1
283 
1
284 
1
285 
1
286 
1
287 
1
288 
1
289 
1
290 
1
291 
1
292 
1
293 
2
294 244 
10
295 243 586 246 292 293 245 294 244 291 
8
296 242 241 297 636 240 298 239 
1
297 
1
298 
1
299 
1
300 
1
301 
1
302 
1
303 
1
304 
1
305 
1
306 
1
307 
1
308 
2
309 310 
1
310 
1
311 
1
312 
1
313 
1
314 
1
315 
1
316 
1
317 
2
318 317 
1
319 
2
320 321 
1
321 
1
322 
1
323 
1
324 
1
325 
1
326 
2
327 328 
1
328 
1
329 
1
330 
2
331 332 
1
332 
1
333 
1
334 
1
335 
2
336 337 
1
337 
1
338 
2
339 340 
1
340 
1
341 
1
342 
3
343 685 342 
1
344 
1
345 
2
346 347 
1
347 
1
348 
3
349 350 689 
1
350 
1
351 
1
352 
2
353 658 
1
354 
1
355 
3
356 357 355 
1
357 
1
358 
1
359 
1
360 
1
361 
1
362 
1
363 
1
364 
3
365 364 366 
1
366 
1
367 
1
368 
1
369 
1
370 
3
371 678 403 
1
372 
1
373 
10
374 675 401 400 399 677 676 398 376 375 
1
375 
1
376 
1
377 
1
378 
2
379 378 
1
380 
1
381 
1
382 
5
383 385 384 386 382 
1
384 
1
385 
1
386 
1
387 
1
388 
1
389 
1
390 
4
391 389 390 388 
5
392 391 389 390 388 
1
393 
1
394 
2
395 396 
1
396 
1
397 
1
398 
1
399 
2
400 399 
1
401 
1
402 
1
403 
1
404 
1
405 
1
406 
1
407 
1
408 
2
409 408 
1
410 
1
411 
1
412 
1
413 
1
414 
2
415 414 
1
416 
1
417 
3
418 513 417 
1
419 
1
420 
32
421 353 658 422 352 690 691 351 423 349 350 689 696 426 695 348 346 347 424 425 693 429 694 345 344 692 428 427 430 343 685 342 
1
422 
1
423 
2
424 425 
1
425 
1
426 
1
427 
1
428 
1
429 
1
430 
2
431 432 
1
432 
1
433 
1
434 
1
435 
2
436 435 
1
437 
1
438 
1
439 
1
440 
8
441 581 576 584 646 589 590 324 
1
442 
1
443 
1
444 
1
445 
1
446 
1
447 
1
448 
1
449 
1
450 
2
451 450 
1
452 
1
453 
3
454 697 455 
1
455 
1
456 
1
457 
1
458 
1
459 
1
460 
2
461 460 
1
462 
1
463 
1
464 
1
465 
1
466 
2
467 468 
1
468 
1
469 
1
470 
1
471 
2
472 471 
1
473 
1
474 
2
475 474 
1
476 
1
477 
1
478 
1
479 
1
480 
2
481 482 
1
482 
1
483 
2
484 485 
1
485 
1
486 
1
487 
1
488 
1
489 
5
490 491 493 492 494 
4
491 493 492 494 
1
492 
1
493 
1
494 
1
495 
1
496 
1
497 
50
498 544 52 577 443 521 55 53 54 564 58 56 567 442 57 546 565 547 59 580 60 61 703 447 448 706 45 46 44 700 43 705 449 451 450 545 707 47 49 48 704 446 445 585 444 563 50 51 441 581 
2
499 574 
1
500 
1
501 
5
502 591 333 331 332 
1
503 
1
504 
1
505 
1
506 
4
507 552 161 162 
2
508 32 
4
509 26 27 25 
4
510 464 463 465 
33
511 473 20 19 475 474 601 476 18 17 477 649 16 478 14 15 512 486 8 484 485 9 629 13 480 479 12 11 606 483 10 481 482 
17
512 486 8 484 485 9 629 13 480 479 12 11 606 483 10 481 482 
1
513 
1
514 
0

1
516 
1
517 
7
518 540 219 532 210 217 218 
1
519 
23
520 517 174 533 182 183 608 187 630 184 186 185 173 170 175 179 181 180 176 177 178 172 171 
4
521 55 53 54 
4
522 535 70 71 
1
523 
3
524 192 193 
11
525 609 194 610 199 197 198 196 195 201 200 
77
526 169 168 519 672 528 558 516 524 192 193 607 534 631 191 190 189 188 560 202 541 559 557 204 208 203 561 209 518 540 219 532 210 217 525 609 194 610 199 197 198 196 195 201 200 215 211 216 214 213 212 207 205 206 520 517 174 533 182 183 608 187 630 184 186 185 173 170 175 179 181 180 176 177 178 172 171 
4
527 68 69 67 
2
528 166 
11
529 226 309 310 229 227 613 619 225 311 228 
9
530 284 254 257 281 283 255 256 282 
6
531 160 159 156 158 157 
4
532 210 217 218 
3
533 182 183 
1
534 
2
535 70 
1
536 
4
537 72 536 73 
45
542 550 625 624 501 618 626 222 617 616 505 615 612 223 620 221 506 165 549 548 639 500 640 315 637 627 614 622 536 623 555 522 535 167 220 166 218 551 164 537 555 522 535 70 71 
1
539 
1
540 
1
541 
1
542 
45
543 6 488 7 487 5 489 562 495 4 490 491 493 492 494 2 0 1 497 496 3 649 16 478 14 15 512 486 8 484 485 9 629 13 480 479 12 11 606 483 10 481 482 17 477 
2
544 52 
13
545 707 47 49 48 704 446 445 585 444 563 50 51 
12
546 565 547 59 580 60 61 566 575 62 578 63 
5
547 59 580 60 61 
1
548 
1
549 
8
550 625 164 624 501 618 626 222 
2
551 163 
3
552 161 162 
5
553 252 286 285 253 
6
554 75 507 552 161 162 
1
555 
1
556 
1
557 
12
558 516 524 192 193 607 534 631 191 190 189 188 
2
559 557 
28
560 202 541 559 557 204 208 203 561 209 518 540 219 532 210 217 218 525 609 194 610 199 197 198 196 195 201 200 
2
561 209 
14
562 495 4 490 491 493 492 494 2 0 1 497 496 3 
3
563 50 51 
4
564 58 56 567 
1
565 
5
566 575 62 578 63 
1
567 
12
568 288 250 249 289 251 287 553 252 286 285 253 
6
569 539 527 68 69 67 
1
570 
1
571 
0

63
573 556 654 499 574 648 322 504 323 320 321 643 645 584 646 589 590 324 572 66 571 569 539 527 68 69 67 647 319 318 317 570 628 644 503 641 316 638 325 566 575 578 63 64 65 576 62 572 571 569 539 527 647 319 318 317 570 628 644 503 641 316 638 
1
574 
2
575 62 
1
576 
2
577 443 
1
578 
42
288 251 287 553 252 286 285 253 530 284 254 257 281 283 255 256 282 271 278 279 259 280 258 272 277 273 275 274 276 270 261 260 262 269 268 263 267 264 266 265 568 250 
3
580 60 61 
1
581 
1
582 
73
583 582 440 587 588 330 593 439 502 591 333 331 332 523 595 329 327 328 515 688 434 339 340 686 687 433 341 431 432 673 338 336 337 674 436 435 437 596 335 334 592 438 326 594 344 430 343 685 342 515 688 434 339 340 686 687 433 341 431 432 673 338 336 337 674 436 435 437 596 335 334 592 438 
2
584 646 
2
585 444 
8
586 246 292 293 245 294 244 291 
3
587 588 330 
2
588 330 
3
589 590 324 
2
590 324 
4
591 333 331 332 
2
592 438 
7
593 439 502 591 333 331 332 
8
594 326 523 325 595 329 327 328 
4
595 329 327 328 
5
596 335 334 592 438 
1
597 
6
598 597 466 28 30 29 
1
599 
18
600 462 599 31 461 460 508 32 684 683 459 35 33 34 510 464 463 465 
5
601 476 18 17 477 
4
602 470 472 471 
2
603 469 
97
604 22 21 602 470 472 471 23 605 24 603 469 467 468 509 26 27 25 598 597 466 28 30 29 600 462 599 31 461 460 508 32 684 683 459 35 33 34 510 464 463 465 698 699 456 38 37 682 36 458 457 40 39 454 697 455 41 453 701 702 452 42 511 473 20 19 475 474 601 476 18 703 447 448 706 45 46 44 700 43 705 449 451 450 545 707 47 49 48 704 446 445 585 444 563 50 51 
10
605 24 603 469 467 468 509 26 27 25 
5
606 483 10 481 482 
7
607 534 631 191 190 189 188 
6
608 187 630 184 186 185 
2
609 194 
8
610 199 197 198 196 195 201 200 
4
611 230 308 307 
1
612 
4
613 619 225 311 
1
614 
4
615 612 224 223 
1
616 
8
617 616 312 505 615 612 224 223 
3
618 626 222 
2
619 225 
6
620 221 506 165 549 548 
16
621 77 155 76 531 160 159 156 158 157 554 75 507 552 161 162 
6
622 537 72 536 73 623 
1
623 
2
624 501 
1
625 
1
626 
2
627 614 
3
628 644 503 
11
629 13 480 479 12 11 606 483 10 481 482 
4
630 184 186 185 
5
631 191 190 189 188 
4
632 306 232 231 
13
633 304 234 233 305 632 306 232 231 611 230 308 307 
33
634 302 236 303 235 633 304 234 233 305 632 306 232 231 611 230 308 307 529 226 309 310 229 227 613 619 225 311 228 312 224 314 313 
4
635 238 300 299 
4
636 240 298 239 
1
637 
1
638 
40
639 500 640 314 315 637 313 627 614 622 537 72 536 73 623 572 66 571 569 539 527 68 69 67 647 319 318 317 570 628 644 503 641 316 638 555 522 535 70 71 
5
640 314 315 637 313 
8
641 316 638 555 522 535 70 71 
6
642 80 153 78 79 154 
2
643 645 
1
644 
1
645 
1
646 
8
647 319 318 317 570 628 644 503 
8
648 322 504 323 320 321 643 645 
5
649 16 478 14 15 
40
650 151 82 152 81 150 83 642 80 153 78 79 154 621 77 155 76 531 160 159 156 158 157 554 75 507 552 161 162 74 72 73 66 68 69 67 70 71 538 163 
5
651 149 150 83 148 
5
652 86 147 84 85 
5
653 145 88 146 87 
1
654 
47
655 381 387 393 392 391 389 390 388 383 385 384 386 382 680 402 373 372 371 678 403 656 394 380 379 378 657 377 397 395 396 374 675 401 400 399 677 676 398 376 375 404 370 679 369 681 405 
20
656 394 380 379 378 657 377 397 395 396 374 675 401 400 399 677 676 398 376 375 
5
657 377 397 395 396 
1
658 
8
659 660 420 354 419 418 513 417 
1
660 
3
661 359 360 
1
662 
3
663 412 411 
5
664 410 409 408 514 
72
665 413 666 361 362 415 414 661 359 360 668 662 416 358 356 357 355 659 660 420 354 419 418 513 417 667 363 663 412 411 664 410 409 408 514 421 353 658 422 352 690 691 351 423 349 350 689 696 426 695 348 346 347 424 425 693 429 694 345 692 428 427 669 406 670 671 407 367 365 364 366 368 
2
666 361 
10
667 363 663 412 411 664 410 409 408 514 
7
668 662 416 358 356 357 355 
2
669 406 
7
670 671 407 367 365 364 366 
1
671 
1
672 
13
673 338 336 337 674 436 435 437 596 335 334 592 438 
4
674 436 435 437 
1
675 
1
676 
5
677 676 398 376 375 
1
678 
43
679 369 681 404 405 370 368 669 406 670 671 407 367 365 364 366 680 402 373 372 371 678 403 656 394 380 379 378 657 377 397 395 396 374 675 401 400 399 677 676 398 376 375 
7
680 402 373 372 371 678 403 
2
681 404 
4
682 36 458 457 
1
683 
6
684 683 459 35 33 34 
1
685 
6
686 687 433 341 431 432 
1
687 
1
688 
1
689 
7
690 691 351 423 349 350 689 
1
691 
3
692 428 427 
12
693 429 694 345 344 692 428 427 430 343 685 342 
3
694 345 344 
2
695 348 
8
696 426 695 348 346 347 424 425 
1
697 
20
698 699 456 38 37 682 36 458 457 40 39 454 697 455 41 453 701 702 452 42 
1
699 
6
700 43 705 449 451 450 
4
701 702 452 42 
1
702 
0

3
704 446 445 
4
705 449 451 450 
2
706 45 
4
707 47 49 48 
31
708 299 242 297 240 239 579 290 295 586 292 245 244 289 635 238 300 296 241 636 298 237 301 248 247 243 246 293 294 291 249 
29
709 148 140 92 139 95 143 142 144 653 88 87 86 93 141 94 138 90 91 89 145 146 652 147 85 651 149 84 96 
