15
596 830 773 780 646 859 737 141 610 343 605 290 655 559 728 
871
1
0 
1
1 
1
2 
6
3 4 5 6 7 2 
1
4 
3
5 6 7 
1
6 
1
7 
1
8 
1
9 
1
10 
1
11 
1
12 
1
13 
1
14 
1
15 
1
16 
1
17 
1
18 
1
19 
1
20 
1
21 
1
22 
1
23 
1
24 
2
25 24 
1
26 
1
27 
1
28 
1
29 
1
30 
1
31 
1
32 
1
33 
1
34 
1
35 
1
36 
1
37 
1
38 
3
39 40 38 
1
40 
2
41 42 
1
42 
1
43 
1
44 
1
45 
1
46 
1
47 
1
48 
1
49 
1
50 
2
51 52 
1
52 
1
53 
1
54 
1
55 
1
56 
1
57 
1
58 
1
59 
1
60 
1
61 
3
62 64 63 
1
63 
1
64 
8
65 716 720 719 555 715 717 61 
1
66 
1
67 
1
68 
2
69 70 
1
70 
1
71 
1
72 
1
73 
1
74 
1
75 
1
76 
1
77 
1
78 
1
79 
1
80 
2
81 82 
1
82 
5
83 84 858 190 191 
4
84 858 190 191 
1
85 
1
86 
1
87 
1
88 
1
89 
1
90 
2
91 90 
2
92 93 
1
93 
1
94 
1
95 
1
96 
1
97 
1
98 
1
99 
1
100 
4
101 99 100 102 
1
102 
1
103 
1
104 
1
105 
1
106 
1
107 
1
108 
1
109 
1
110 
1
111 
1
112 
1
113 
1
114 
1
115 
1
116 
5
117 121 118 120 119 
3
118 120 119 
1
119 
1
120 
1
121 
16
122 130 116 115 129 124 128 125 127 126 123 117 121 118 120 119 
1
123 
1
124 
1
125 
1
126 
2
127 126 
4
128 125 127 126 
7
129 124 128 125 127 126 123 
1
130 
1
131 
1
132 
1
133 
6
134 139 135 138 136 137 
4
135 138 136 137 
2
136 137 
1
137 
1
138 
1
139 
8
140 133 134 139 135 138 136 137 
71
141 150 132 842 843 151 114 131 113 152 617 164 567 112 140 133 134 139 135 138 136 137 566 109 166 656 165 657 111 110 142 148 149 147 143 144 146 145 122 130 116 115 129 124 128 125 127 126 123 117 121 118 120 119 161 162 163 153 160 154 159 155 156 158 157 636 841 107 108 167 168 
8
142 148 149 147 143 144 146 145 
1
143 
3
144 146 145 
1
145 
1
146 
5
147 143 144 146 145 
1
148 
1
149 
1
150 
1
151 
5
152 617 164 567 112 
1
153 
1
154 
1
155 
3
156 158 157 
1
157 
1
158 
5
159 155 156 158 157 
7
160 154 159 155 156 158 157 
11
161 162 163 153 160 154 159 155 156 158 157 
2
162 163 
1
163 
1
164 
1
165 
1
166 
1
167 
1
168 
1
169 
1
170 
1
171 
3
172 173 171 
1
173 
1
174 
1
175 
1
176 
1
177 
1
178 
1
179 
1
180 
1
181 
1
182 
1
183 
1
184 
1
185 
1
186 
1
187 
1
188 
1
189 
1
190 
1
191 
1
192 
1
193 
1
194 
1
195 
1
196 
1
197 
1
198 
1
199 
1
200 
1
201 
2
202 203 
1
203 
6
204 599 606 609 608 238 
3
205 206 207 
1
206 
1
207 
1
208 
1
209 
2
210 211 
1
211 
7
212 215 214 213 210 211 209 
1
213 
2
214 213 
1
215 
1
216 
1
217 
1
218 
1
219 
3
220 219 218 
4
221 220 219 218 
2
222 223 
1
223 
1
224 
1
225 
1
226 
4
227 228 229 230 
1
228 
2
229 230 
1
230 
1
231 
2
232 591 
1
233 
2
234 233 
11
235 232 591 625 645 231 226 227 228 229 230 
1
236 
2
237 236 
1
238 
1
239 
1
240 
1
241 
1
242 
1
243 
1
244 
1
245 
2
246 247 
1
247 
1
248 
1
249 
1
250 
1
251 
2
252 251 
1
253 
1
254 
1
255 
1
256 
1
257 
1
258 
1
259 
1
260 
1
261 
1
262 
1
263 
1
264 
1
265 
1
266 
2
267 268 
1
268 
1
269 
2
270 271 
1
271 
1
272 
1
273 
2
274 275 
1
275 
1
276 
1
277 
1
278 
1
279 
1
280 
2
281 280 
1
282 
4
283 286 285 284 
1
284 
2
285 284 
1
286 
1
287 
10
288 287 282 289 281 280 283 286 285 284 
3
289 281 280 
69
290 649 279 652 278 650 320 304 309 581 316 317 594 291 554 651 319 593 318 308 305 307 306 310 315 311 313 314 312 297 293 303 292 296 295 294 302 298 301 299 300 288 287 282 289 281 280 283 286 285 284 654 276 275 323 277 653 322 321 553 324 274 663 325 662 273 326 272 327 
1
291 
1
292 
1
293 
1
294 
1
295 
3
296 295 294 
12
297 293 303 292 296 295 294 302 298 301 299 300 
1
298 
1
299 
1
300 
3
301 299 300 
5
302 298 301 299 300 
1
303 
16
304 309 581 316 317 594 291 554 651 319 593 318 308 305 307 306 
1
305 
1
306 
1
307 
4
308 305 307 306 
1
309 
6
310 315 311 313 314 312 
4
311 313 314 312 
1
312 
1
313 
1
314 
1
315 
2
316 317 
1
317 
1
318 
1
319 
1
320 
1
321 
1
322 
1
323 
1
324 
1
325 
1
326 
1
327 
3
328 330 329 
1
329 
1
330 
1
331 
1
332 
1
333 
1
334 
1
335 
1
336 
1
337 
1
338 
1
339 
1
340 
1
341 
2
342 257 
37
343 256 643 255 344 345 254 620 253 346 252 251 575 250 347 589 672 759 350 585 245 246 247 244 348 627 678 248 249 349 670 668 258 341 342 257 857 
1
344 
1
345 
1
346 
1
347 
6
348 627 678 248 249 349 
1
349 
1
350 
1
351 
1
352 
2
353 354 
1
354 
3
355 353 354 
1
356 
1
357 
1
358 
2
359 358 
1
360 
1
361 
2
362 363 
1
363 
1
364 
16
365 368 640 616 639 364 361 362 363 714 360 638 763 766 762 712 
2
366 367 
1
367 
1
368 
1
369 
1
370 
1
371 
1
372 
1
373 
1
374 
1
375 
2
376 375 
1
377 
1
378 
1
379 
1
380 
1
381 
1
382 
1
383 
6
384 748 752 794 478 558 
1
385 
1
386 
2
387 386 
1
388 
1
389 
5
390 388 389 387 386 
2
391 392 
1
392 
1
393 
2
394 395 
1
395 
1
396 
1
397 
1
398 
1
399 
1
400 
1
401 
2
402 401 
1
403 
1
404 
1
405 
1
406 
2
407 406 
1
408 
1
409 
1
410 
1
411 
1
412 
1
413 
1
414 
1
415 
1
416 
1
417 
1
418 
1
419 
1
420 
1
421 
1
422 
1
423 
3
424 423 422 
1
425 
5
426 425 424 423 422 
6
427 426 425 424 423 422 
1
428 
1
429 
1
430 
1
431 
1
432 
1
433 
1
434 
1
435 
1
436 
3
437 439 438 
1
438 
1
439 
1
440 
1
441 
1
442 
1
443 
1
444 
1
445 
1
446 
1
447 
1
448 
2
449 450 
1
450 
1
451 
1
452 
1
453 
1
454 
2
455 454 
1
456 
1
457 
2
458 457 
1
459 
2
460 461 
1
461 
1
462 
1
463 
1
464 
1
465 
1
466 
4
467 747 750 791 
1
468 
1
469 
1
470 
1
471 
4
472 471 473 470 
1
473 
1
474 
1
475 
1
476 
1
477 
1
478 
1
479 
1
480 
1
481 
1
482 
1
483 
1
484 
1
485 
1
486 
1
487 
1
488 
1
489 
1
490 
1
491 
1
492 
1
493 
1
494 
2
495 494 
1
496 
1
497 
1
498 
1
499 
2
500 499 
3
501 500 499 
2
502 503 
1
503 
1
504 
1
505 
1
506 
1
507 
1
508 
1
509 
2
510 509 
1
511 
1
512 
2
513 514 
1
514 
1
515 
1
516 
1
517 
1
518 
1
519 
1
520 
1
521 
1
522 
1
523 
2
524 525 
1
525 
1
526 
1
527 
1
528 
1
529 
1
530 
1
531 
1
532 
4
533 534 535 532 
2
534 535 
1
535 
1
536 
1
537 
2
538 537 
3
539 538 537 
1
540 
1
541 
1
542 
1
543 
1
544 
1
545 
1
546 
2
547 688 
19
548 106 105 635 169 636 841 107 168 167 108 566 109 166 656 165 657 111 110 
1
549 
1
550 
9
551 845 13 835 528 529 840 14 15 
4
552 807 808 53 
3
553 324 323 
5
554 651 319 593 318 
1
555 
3
556 802 378 
1
557 
1
558 
71
573 405 406 793 464 396 813 398 462 460 461 397 463 394 395 792 466 393 465 821 459 400 399 402 401 458 457 827 403 456 828 404 455 454 467 747 791 391 392 812 468 469 472 471 470 390 790 473 389 655 749 385 750 384 748 752 794 478 558 811 814 476 789 477 474 475 388 387 386 453 866 
1
560 
1
561 
9
562 584 75 74 707 709 664 561 356 
1
563 
1
564 
1
565 
8
566 109 166 656 165 657 111 110 
2
567 112 
4
568 725 419 420 
1
569 
1
570 
23
571 569 692 79 681 679 683 198 604 242 760 689 578 685 686 199 600 601 201 603 547 688 200 
3
572 23 519 
7
573 453 866 405 408 407 406 
3
574 434 435 
3
575 250 347 
2
576 546 
48
577 576 546 626 628 237 236 205 206 207 582 224 644 560 222 223 225 235 232 591 625 645 231 226 227 228 229 230 624 216 208 212 215 214 213 210 211 209 622 621 623 217 221 220 219 218 234 233 
4
578 685 686 199 
3
579 45 758 
5
580 631 270 271 272 
3
581 316 317 
7
582 224 644 560 222 223 225 
9
583 665 355 353 354 696 549 674 352 
2
584 75 
5
585 245 246 247 244 
14
586 838 536 540 533 534 535 532 836 531 565 539 538 537 
2
587 421 
10
588 684 196 195 197 761 687 194 193 682 
15
589 672 759 350 585 245 246 247 244 348 627 678 248 249 349 
1
590 
1
591 
7
592 580 631 270 271 272 327 
2
593 318 
2
594 291 
26
595 669 666 667 675 629 77 76 583 665 355 353 354 696 549 674 352 562 584 75 74 707 709 664 561 356 
106
596 541 847 11 570 834 846 530 844 12 586 838 536 540 533 534 535 532 836 531 565 539 538 537 697 543 632 9 544 10 542 611 1 0 545 8 3 4 5 6 7 2 852 18 17 849 523 19 848 522 851 520 521 850 20 21 22 837 16 839 526 524 525 527 551 845 13 835 528 529 840 14 15 852 18 17 849 523 19 848 522 851 520 521 850 20 21 22 837 16 839 526 524 525 527 551 845 13 835 528 529 840 14 15 572 572 
12
597 429 428 587 421 427 426 425 424 423 422 430 
3
598 202 203 
2
599 606 
7
600 601 201 603 547 688 200 
1
601 
6
602 607 590 598 202 203 
1
603 
15
604 242 760 689 578 685 686 199 600 601 201 603 547 688 200 
34
605 269 331 592 631 270 271 855 337 262 261 338 263 336 856 339 260 854 335 264 334 265 853 333 266 267 268 332 328 330 329 259 340 580 
1
606 
1
607 
1
608 
3
609 608 238 
63
610 240 239 203 204 599 606 609 608 238 577 576 546 626 628 237 236 205 206 207 582 224 644 560 222 223 225 235 232 591 625 645 231 226 227 228 229 230 624 216 208 212 215 214 213 210 211 209 622 621 623 217 221 220 219 218 234 233 598 202 607 590 602 
11
611 1 0 545 8 3 4 5 6 7 2 
4
612 647 170 174 
1
613 
3
614 67 66 
4
615 648 369 745 
1
616 
1
617 
0

3
619 726 441 
5
620 253 346 252 251 
1
621 
8
622 621 623 217 221 220 219 218 
1
623 
18
624 216 208 212 215 214 213 210 211 209 622 621 623 217 221 220 219 218 
4
625 645 231 226 
2
626 628 
1
627 
1
628 
3
629 77 76 
20
630 432 431 433 568 725 419 420 597 429 428 587 421 427 426 425 424 423 422 430 
4
631 270 271 272 
2
632 9 
1
633 
3
634 103 98 
2
635 169 
6
636 841 107 168 167 108 
2
637 370 
1
638 
3
639 364 361 
1
640 
5
641 27 515 513 514 
6
642 574 434 435 724 418 
10
643 255 344 345 254 620 253 346 252 251 
2
644 560 
2
645 231 
36
694 695 690 693 563 691 676 243 564 671 673 677 571 569 692 681 679 683 198 604 760 689 578 685 686 199 600 601 201 603 547 688 200 669 241 242 
1
647 
2
648 369 
2
649 279 
2
650 320 
2
651 319 
4
652 278 650 320 
3
653 322 321 
16
654 276 274 275 553 324 323 277 653 322 321 663 325 662 273 326 
63
796 483 556 802 378 484 804 803 374 376 375 800 801 377 795 481 482 797 798 380 381 379 799 480 479 815 751 382 383 781 485 779 746 783 787 788 372 371 557 637 370 373 780 486 774 743 739 615 648 369 745 744 778 740 368 616 366 367 365 640 364 363 362 
5
656 165 657 111 110 
2
657 111 
1
658 
1
659 
11
660 43 37 41 42 39 40 38 661 44 659 
3
661 44 659 
2
662 273 
5
663 325 662 273 326 
2
664 561 
1
665 
3
666 667 675 
1
667 
4
668 563 351 691 
1
669 
2
670 671 
1
671 
1
672 
2
673 677 
2
674 352 
1
675 
7
676 243 564 670 671 673 677 
1
677 
3
678 248 249 
1
679 
14
680 80 588 684 196 195 197 761 687 194 193 682 81 82 
4
681 679 683 198 
1
682 
2
683 198 
4
684 196 195 197 
1
685 
2
686 199 
4
687 194 193 682 
1
688 
1
689 
2
690 693 
1
691 
1
692 
1
693 
2
694 695 
1
695 
2
696 549 
18
697 543 632 9 544 10 542 611 1 0 545 8 3 4 5 6 7 2 
4
698 700 71 72 
1
699 
2
700 71 
4
701 68 69 70 
9
702 701 68 69 70 698 700 71 72 
2
703 764 
1
704 
4
705 699 73 710 
8
706 765 770 771 742 744 778 740 
1
707 
40
708 704 705 699 73 710 767 713 357 711 703 764 359 358 595 669 666 667 675 629 77 76 583 665 355 353 354 696 549 674 352 562 584 75 74 707 709 664 561 356 
4
709 664 561 356 
1
710 
1
711 
1
712 
1
713 
7
714 360 638 763 766 762 712 
2
715 717 
1
716 
1
717 
1
718 
1
719 
3
720 719 555 
1
721 
3
722 60 718 
1
723 
2
724 418 
3
725 419 420 
2
726 441 
9
727 436 440 642 574 434 435 724 418 
69
728 730 443 442 729 415 416 733 417 619 726 441 727 436 440 642 574 434 435 724 418 630 432 431 433 568 725 419 420 597 429 428 587 421 427 426 425 424 423 422 430 437 439 438 559 734 445 731 413 414 444 412 736 447 446 448 735 411 732 410 449 450 865 409 864 451 452 408 407 
3
729 415 416 
2
730 443 
3
731 413 414 
1
732 
5
733 417 619 726 441 
2
734 445 
11
735 411 732 410 449 450 865 409 864 451 452 
4
736 447 446 448 
43
737 633 175 104 738 97 634 103 98 612 647 170 174 172 173 171 101 99 100 102 870 869 180 94 179 92 93 181 867 178 95 96 868 176 177 182 91 548 105 635 169 183 106 
2
738 97 
1
739 
1
740 
2
741 772 
4
742 744 778 740 
1
743 
1
744 
1
745 
1
746 
1
747 
1
748 
2
749 385 
1
750 
1
751 
1
752 
2
753 810 
17
754 48 49 658 818 784 491 492 755 47 46 819 493 753 810 495 494 
3
755 47 46 
3
756 51 52 
2
757 50 
1
758 
2
759 350 
2
760 689 
1
761 
2
762 712 
2
763 766 
1
764 
1
765 
1
766 
8
767 713 357 711 703 764 359 358 
15
768 769 614 67 66 613 702 701 68 69 70 698 700 71 72 
1
769 
2
770 771 
1
771 
1
772 
66
773 776 741 772 65 716 720 719 555 715 717 61 777 775 723 722 60 718 488 487 768 769 614 67 66 68 62 64 63 782 489 785 816 817 56 805 54 55 806 58 57 721 59 786 490 552 807 808 53 809 756 51 52 757 50 771 754 48 49 658 818 784 491 492 819 493 
3
774 743 739 
1
775 
1
776 
8
777 775 723 722 60 718 488 487 
2
778 740 
2
779 746 
63
706 765 770 742 639 361 714 360 638 763 766 762 712 708 704 705 699 73 710 767 713 357 711 703 764 359 358 595 666 667 675 629 77 76 583 665 355 353 354 696 549 674 352 562 584 75 74 707 709 664 561 356 613 702 701 69 70 698 700 71 72 351 78 
13
781 485 779 746 783 787 788 372 371 557 637 370 373 
26
782 489 785 816 817 56 805 54 55 806 58 57 721 59 786 490 552 807 808 53 809 756 51 52 757 50 
9
783 787 788 372 371 557 637 370 373 
3
784 491 492 
7
785 816 817 56 805 54 55 
12
786 490 552 807 808 53 809 756 51 52 757 50 
1
787 
3
788 372 371 
1
789 
8
790 474 475 469 472 471 473 470 
1
791 
4
792 466 393 465 
31
793 464 396 813 398 462 460 461 397 463 394 395 792 466 393 465 821 459 400 399 402 401 458 457 827 403 456 828 404 455 454 
3
794 478 558 
15
795 481 482 797 798 380 381 379 799 480 479 815 751 382 383 
42
796 483 556 802 378 484 804 803 374 376 375 800 801 377 795 481 482 797 798 380 381 379 799 480 479 815 751 382 383 781 485 779 746 783 787 788 372 371 557 637 370 373 
5
797 798 380 381 379 
3
798 380 381 
7
799 480 479 815 751 382 383 
3
800 801 377 
2
801 377 
1
802 
1
803 
8
804 803 374 376 375 800 801 377 
3
805 54 55 
5
806 58 57 721 59 
3
807 808 53 
2
808 53 
6
809 756 51 52 757 50 
1
810 
1
811 
15
812 811 814 476 789 477 468 790 474 475 469 472 471 473 470 
7
813 398 462 460 461 397 463 
4
814 476 789 477 
4
815 751 382 383 
3
816 817 56 
2
817 56 
1
818 
6
819 493 753 810 495 494 
8
820 826 497 505 823 496 822 550 
15
821 459 400 399 402 401 458 457 827 403 456 828 404 455 454 
2
822 550 
2
823 496 
8
824 498 504 502 503 501 500 499 
1
825 
1
826 
7
827 403 456 828 404 455 454 
2
828 404 
3
829 506 35 
106
830 36 825 579 45 758 820 826 497 505 823 496 822 550 755 47 46 753 810 495 494 660 43 37 41 42 39 40 38 661 44 659 824 498 504 502 503 501 500 499 618 517 518 25 24 516 26 641 27 515 513 514 23 832 31 511 30 510 509 32 833 29 512 28 831 508 33 34 507 829 506 35 618 517 518 25 24 516 26 641 27 515 513 514 23 832 31 511 30 510 509 32 833 29 512 28 831 508 33 34 507 829 506 35 519 519 
5
831 508 33 34 507 
19
832 31 511 30 510 509 32 833 29 512 28 831 508 33 34 507 829 506 35 
4
833 29 512 28 
5
834 846 530 844 12 
3
835 528 529 
3
836 531 565 
16
837 16 839 526 524 525 527 551 845 13 835 528 529 840 14 15 
2
838 536 
4
839 526 524 525 
3
840 14 15 
1
841 
6
842 843 151 114 131 113 
1
843 
1
844 
2
845 13 
1
846 
3
847 11 570 
5
848 522 851 520 521 
1
849 
7
850 20 21 22 572 23 519 
3
851 520 521 
18
852 18 17 849 523 19 848 522 851 520 521 850 20 21 22 572 23 519 
6
853 333 266 267 268 332 
11
854 335 264 334 265 853 333 266 267 268 332 
28
855 337 262 261 338 263 336 857 258 341 259 340 856 339 260 342 257 854 335 264 334 265 853 333 266 267 268 332 
3
856 339 260 
10
857 258 341 259 340 856 339 260 342 257 
3
858 190 191 
39
859 860 192 83 84 858 190 191 680 80 195 761 687 194 193 682 81 82 184 863 89 185 861 85 188 189 86 187 862 87 186 88 79 646 588 684 196 197 90 
2
860 192 
10
861 85 188 189 86 187 862 87 186 88 
4
862 87 186 88 
3
863 89 185 
3
864 451 452 
5
865 409 864 451 452 
3
866 405 408 
7
867 178 95 96 868 176 177 
3
868 176 177 
14
869 180 94 179 92 93 181 867 178 95 96 868 176 177 
33
870 182 183 184 91 90 863 89 185 861 85 188 189 86 187 862 87 186 88 869 180 94 179 92 93 181 867 178 95 96 868 176 177 
