15
634 665 497 500 637 680 682 594 166 216 186 467 657 328 353 
688
1
0 
1
1 
2
2 1 
1
3 
1
4 
3
5 4 6 
1
6 
1
7 
1
8 
1
9 
2
10 9 
1
11 
2
12 13 
1
13 
1
14 
1
15 
1
16 
1
17 
1
18 
2
19 18 
1
20 
1
21 
1
22 
1
23 
1
24 
2
25 24 
1
26 
1
27 
1
28 
1
29 
1
30 
1
31 
1
32 
1
33 
1
34 
1
35 
2
36 37 
1
37 
1
38 
1
39 
1
40 
1
41 
1
42 
2
43 44 
1
44 
1
45 
1
46 
2
47 46 
1
48 
1
49 
1
50 
2
51 52 
1
52 
1
53 
1
54 
1
55 
2
56 57 
1
57 
1
58 
1
59 
1
60 
1
61 
2
62 63 
1
63 
1
64 
1
65 
1
66 
2
67 66 
1
68 
1
69 
1
70 
1
71 
1
72 
1
73 
10
74 95 73 94 75 93 76 92 77 78 
1
75 
1
76 
1
77 
1
78 
1
79 
1
80 
3
81 82 80 
1
82 
4
83 81 82 80 
1
84 
1
85 
3
86 88 87 
1
87 
1
88 
6
89 85 86 88 87 84 
5
90 83 81 82 80 
13
91 79 90 83 81 82 80 89 85 86 88 87 84 
3
92 77 78 
5
93 76 92 77 78 
2
94 75 
1
95 
1
96 
1
97 
1
98 
1
99 
2
100 99 
1
101 
1
102 
2
103 104 
1
104 
1
105 
1
106 
4
107 679 106 108 
1
108 
1
109 
2
110 111 
1
111 
1
112 
1
113 
3
114 113 115 
1
115 
1
116 
1
117 
1
118 
1
119 
1
120 
1
121 
1
122 
1
123 
1
124 
1
125 
1
126 
1
127 
1
128 
1
129 
2
130 131 
1
131 
1
132 
1
133 
1
134 
1
135 
1
136 
1
137 
1
138 
1
139 
1
140 
1
141 
2
142 141 
1
143 
1
144 
1
145 
1
146 
1
147 
2
148 147 
1
149 
1
150 
1
151 
1
152 
1
153 
1
154 
1
155 
1
156 
1
157 
1
158 
1
159 
1
160 
2
161 160 
1
162 
1
163 
1
164 
1
165 
39
662 164 227 226 228 163 661 229 162 660 159 231 230 161 160 158 659 233 157 235 234 232 650 156 236 651 595 154 155 652 238 237 239 153 240 151 152 149 150 
1
167 
1
168 
1
169 
1
170 
2
171 220 
1
172 
4
173 218 174 217 
2
174 217 
1
175 
2
176 215 
1
177 
6
178 213 179 212 214 177 
2
179 212 
1
180 
12
181 210 211 180 206 185 184 207 183 208 209 182 
1
182 
4
183 208 209 182 
2
184 207 
1
185 
33
186 205 204 203 190 201 492 202 187 188 189 191 199 200 198 192 193 197 196 194 195 181 210 206 185 184 207 183 208 209 182 211 180 
1
187 
2
188 189 
1
189 
7
190 201 492 202 187 188 189 
10
191 199 200 198 192 193 197 196 194 195 
1
192 
5
193 197 196 194 195 
1
194 
1
195 
3
196 194 195 
1
197 
7
198 192 193 197 196 194 195 
1
199 
1
200 
1
201 
1
202 
1
203 
2
204 203 
1
205 
8
206 185 184 207 183 208 209 182 
1
207 
1
208 
2
209 182 
1
210 
2
211 180 
1
212 
1
213 
2
214 177 
1
215 
29
216 175 176 215 178 213 179 212 214 177 224 167 223 168 222 169 219 172 171 220 221 170 173 218 174 217 166 225 165 
1
217 
1
218 
10
219 172 171 220 221 170 173 218 174 217 
1
220 
2
221 170 
2
222 169 
2
223 168 
16
224 167 223 168 222 169 219 172 171 220 221 170 173 218 174 217 
1
225 
1
226 
1
227 
1
228 
1
229 
1
230 
1
231 
1
232 
1
233 
1
234 
2
235 234 
1
236 
1
237 
1
238 
1
239 
1
240 
1
241 
1
242 
1
243 
1
244 
1
245 
1
246 
1
247 
1
248 
2
249 248 
1
250 
1
251 
7
252 250 251 253 254 249 248 
2
253 254 
1
254 
1
255 
1
256 
1
257 
1
258 
1
259 
2
260 261 
1
261 
1
262 
1
263 
2
264 263 
1
265 
4
266 267 268 265 
1
267 
1
268 
1
269 
1
270 
1
271 
1
272 
1
273 
2
274 273 
3
275 274 273 
1
276 
2
277 278 
1
278 
3
279 277 278 
1
280 
1
281 
1
282 
2
283 282 
1
284 
1
285 
1
286 
8
287 602 603 545 549 601 296 295 
9
288 290 289 291 292 605 293 606 294 
1
289 
4
290 289 291 292 
1
291 
1
292 
1
293 
1
294 
1
295 
1
296 
1
297 
1
298 
1
299 
1
300 
1
301 
1
302 
1
303 
1
304 
1
305 
1
306 
1
307 
1
308 
1
309 
1
310 
1
311 
1
312 
1
313 
1
314 
1
315 
1
316 
1
317 
10
318 377 378 379 317 658 316 380 315 381 
14
319 376 320 375 318 377 378 379 317 658 316 380 315 381 
2
320 375 
2
321 374 
1
322 
6
323 372 373 322 321 374 
1
324 
1
325 
1
326 
1
327 
30
328 367 368 327 369 326 366 329 371 324 370 325 323 372 373 322 321 374 319 376 320 375 318 377 378 317 379 380 658 316 
1
329 
8
330 365 366 329 331 364 332 363 
4
331 364 332 363 
2
332 363 
19
333 362 334 361 360 335 359 336 337 358 338 354 341 340 355 339 357 356 342 
2
334 361 
1
335 
1
336 
1
337 
1
338 
3
339 357 356 
1
340 
1
341 
1
342 
1
343 
1
344 
1
345 
1
346 
2
347 348 
1
348 
2
349 346 
1
350 
2
351 350 
6
352 345 349 346 347 348 
36
353 343 344 352 345 349 346 347 348 351 350 361 360 335 359 336 337 358 338 354 341 340 355 339 357 356 342 332 363 333 362 334 331 364 330 365 
8
354 341 340 355 339 357 356 342 
1
355 
1
356 
1
357 
2
358 338 
13
359 336 337 358 338 354 341 340 355 339 357 356 342 
2
360 335 
1
361 
1
362 
1
363 
1
364 
1
365 
2
366 329 
1
367 
2
368 327 
2
369 326 
2
370 325 
10
371 324 370 325 323 372 373 322 321 374 
1
372 
2
373 322 
1
374 
1
375 
1
376 
1
377 
2
378 379 
1
379 
1
380 
1
381 
1
382 
2
383 384 
1
384 
1
385 
1
386 
1
387 
1
388 
1
389 
1
390 
1
391 
1
392 
1
393 
1
394 
1
395 
1
396 
1
397 
2
398 399 
1
399 
1
400 
1
401 
2
402 401 
1
403 
1
404 
1
405 
1
406 
2
407 408 
1
408 
1
409 
1
410 
1
411 
1
412 
1
413 
1
414 
1
415 
2
416 417 
1
417 
1
418 
1
419 
1
420 
1
421 
1
422 
1
423 
2
424 423 
1
425 
1
426 
1
427 
1
428 
1
429 
1
430 
1
431 
1
432 
1
433 
1
434 
2
435 436 
1
436 
1
437 
2
438 439 
1
439 
1
440 
1
441 
1
442 
1
443 
1
444 
1
445 
2
446 445 
1
447 
1
448 
1
449 
1
450 
1
451 
1
452 
1
453 
6
454 458 456 457 455 459 
1
455 
2
456 457 
1
457 
5
458 456 457 455 459 
1
459 
1
460 
5
461 462 0 2 1 
4
462 0 2 1 
2
463 574 
8
464 644 128 129 127 645 130 131 
1
465 
1
466 
95
467 555 259 552 477 544 559 257 258 604 285 286 547 475 554 271 560 478 270 551 553 564 548 565 283 282 284 558 272 562 491 556 280 281 563 276 279 277 278 275 274 273 649 269 648 264 263 561 262 260 261 266 267 268 265 476 557 600 599 287 602 603 545 549 601 296 295 543 550 484 546 246 542 256 540 541 255 247 252 250 251 253 254 249 248 288 290 289 291 292 605 293 606 294 537 
5
468 503 418 416 417 
1
469 
4
470 578 136 137 
1
471 
32
472 619 151 152 610 466 528 474 614 591 393 392 609 149 150 608 611 527 589 395 590 394 148 147 588 397 529 396 525 524 568 523 
1
473 
5
474 614 591 393 392 
1
475 
52
476 557 600 297 599 245 287 602 603 545 549 601 296 295 543 550 484 546 246 542 256 540 541 255 247 252 250 251 253 254 249 248 288 290 289 291 292 605 293 606 294 538 298 537 539 243 244 299 536 300 534 242 
5
477 544 559 257 258 
1
478 
7
479 530 471 582 400 398 399 
1
480 
9
481 522 607 146 145 510 521 515 520 
1
482 
1
483 
3
484 546 246 
4
485 26 25 24 
13
486 567 143 581 566 144 579 138 139 580 140 142 141 
3
487 51 52 
1
488 
16
489 3 453 572 460 461 462 0 2 1 454 458 456 457 455 459 
5
490 38 496 420 419 
1
491 
3
492 202 187 
7
493 468 503 418 416 417 39 
1
494 
4
495 504 415 414 
2
496 420 
40
497 495 504 415 414 40 502 413 508 494 585 586 409 407 408 526 519 587 411 412 410 500 512 511 499 41 501 583 406 405 490 38 419 493 468 503 418 416 417 39 
26
498 642 640 463 574 576 577 134 135 470 578 136 137 486 567 143 581 566 144 579 138 139 580 140 142 141 
2
499 41 
47
509 507 516 514 513 518 480 479 530 471 582 400 398 399 517 402 401 584 403 404 481 522 607 146 145 510 521 515 520 486 567 143 581 566 144 142 527 148 147 588 397 529 396 525 524 568 523 
1
501 
4
502 413 508 494 
4
503 418 416 417 
3
504 415 414 
1
505 
25
506 35 34 469 33 573 422 421 505 424 423 36 37 490 38 496 420 419 493 468 503 418 416 417 39 
1
507 
1
508 
3
509 501 507 
4
510 521 515 520 
1
511 
1
512 
3
513 518 480 
1
514 
2
515 520 
21
516 514 513 518 480 479 530 471 582 400 398 399 517 402 401 583 406 405 584 403 404 
9
517 402 401 583 406 405 584 403 404 
1
518 
1
519 
1
520 
1
521 
1
522 
1
523 
1
524 
4
525 524 568 523 
6
526 519 587 411 412 410 
1
527 
1
528 
1
529 
1
530 
1
531 
1
532 
1
533 
2
534 242 
5
535 533 483 301 241 
4
536 300 534 242 
1
537 
11
538 298 537 539 243 244 299 536 300 534 242 
3
539 243 244 
11
540 541 255 247 252 250 251 253 254 249 248 
1
541 
2
542 256 
7
543 550 484 546 246 542 256 
1
544 
1
545 
1
546 
2
547 475 
1
548 
4
549 601 296 295 
1
550 
2
551 553 
1
552 
1
553 
7
554 271 560 478 270 551 553 
3
555 259 552 
11
556 280 281 563 276 279 277 278 275 274 273 
1
557 
4
558 272 562 491 
3
559 257 258 
2
560 478 
4
561 262 260 261 
2
562 491 
8
563 276 279 277 278 275 274 273 
21
564 548 565 283 282 284 558 272 562 491 556 280 281 563 276 279 277 278 275 274 273 
4
565 283 282 284 
2
566 144 
2
567 143 
2
568 523 
8
569 451 7 450 5 4 6 452 
11
570 449 8 569 451 7 450 5 4 6 452 
6
571 11 447 448 10 9 
2
572 460 
6
573 422 421 505 424 423 
1
574 
1
575 
8
576 577 134 135 470 578 136 137 
3
577 134 135 
3
578 136 137 
7
579 138 139 580 140 142 141 
4
580 140 142 141 
1
581 
4
582 400 398 399 
6
583 406 405 584 403 404 
3
584 403 404 
11
585 586 409 407 408 526 519 587 411 412 410 
4
586 409 407 408 
4
587 411 412 410 
8
588 397 529 396 525 524 568 523 
4
589 395 590 394 
1
590 
3
591 393 392 
1
592 
2
593 617 
52
594 531 592 618 596 621 482 598 597 473 302 535 533 483 301 241 615 612 616 391 613 593 617 472 619 610 466 528 474 614 591 393 392 609 608 611 589 395 590 394 297 245 538 298 539 243 244 299 536 300 534 242 
1
595 
2
596 621 
1
597 
4
598 597 473 302 
2
599 245 
2
600 297 
3
601 296 295 
2
602 603 
1
603 
5
604 285 286 547 475 
4
605 293 606 294 
2
606 294 
3
607 146 145 
2
608 611 
12
609 149 150 608 611 527 589 395 590 394 148 147 
3
610 466 528 
1
611 
1
612 
1
613 
1
614 
7
615 612 616 391 613 593 617 
3
616 391 613 
1
617 
5
618 240 596 621 482 
2
619 151 
5
620 654 305 306 304 
1
621 
1
622 
4
623 303 622 532 
12
624 390 623 303 622 532 620 654 305 306 304 389 
3
625 55 54 
13
626 627 116 53 487 51 52 114 113 115 625 55 54 
1
627 
4
628 434 435 436 
8
629 632 437 21 628 434 435 436 
5
630 23 631 433 22 
2
631 433 
2
632 437 
6
633 16 442 441 15 443 
50
634 635 440 17 636 444 14 12 13 446 445 571 11 447 448 10 9 633 16 442 441 15 443 570 449 8 569 451 7 450 5 4 6 452 489 3 453 572 460 461 462 0 2 1 454 458 456 457 455 459 
1
635 
30
636 444 14 12 13 446 445 571 11 447 448 10 9 633 16 442 441 15 443 570 449 8 569 451 7 450 5 4 6 452 
34
637 639 575 646 132 133 42 464 644 128 129 127 645 130 131 498 642 640 463 574 576 577 134 135 470 578 136 137 579 138 139 580 140 141 
17
638 641 126 43 44 647 45 47 46 465 673 122 123 121 643 124 125 
1
639 
1
640 
2
641 126 
1
642 
3
643 124 125 
3
644 128 129 
3
645 130 131 
3
646 132 133 
12
647 45 47 46 465 673 122 123 121 643 124 125 
1
648 
13
649 269 648 264 263 561 262 260 261 266 267 268 265 
3
650 156 236 
8
651 595 154 155 652 238 237 239 
3
652 238 237 
9
653 307 388 655 310 309 308 387 386 
4
654 305 306 304 
6
655 310 309 308 387 386 
6
656 312 385 383 384 311 
33
657 382 314 313 656 312 385 383 384 311 653 307 388 655 310 309 308 387 386 624 390 623 303 622 532 620 654 305 306 304 389 315 381 
5
658 316 380 315 381 
6
659 233 157 235 234 232 
16
660 159 231 230 161 160 158 659 233 157 235 234 232 650 156 236 
3
661 229 162 
6
662 164 227 226 228 163 
1
663 
4
664 670 425 32 
60
665 429 668 27 667 431 430 485 26 25 24 432 428 666 427 663 426 669 29 28 30 31 630 23 631 433 664 670 425 32 506 35 34 469 33 573 422 421 505 424 423 36 37 496 420 434 628 435 22 20 629 632 437 21 436 488 438 439 19 18 
9
666 427 663 426 669 29 28 30 31 
8
667 431 430 485 26 25 24 432 
2
668 27 
5
669 29 28 30 31 
1
670 
5
671 120 674 48 49 
41
672 118 119 675 50 117 671 120 674 48 49 626 627 116 53 487 51 52 114 113 115 625 55 54 638 641 126 43 44 647 45 47 46 465 673 122 123 121 643 124 125 
4
673 122 123 121 
3
674 48 49 
2
675 50 
3
676 60 59 
2
677 58 
11
678 677 58 112 56 57 110 111 676 60 59 
1
679 
66
680 681 61 109 107 679 106 108 678 677 58 112 56 57 110 111 676 60 59 672 118 119 675 50 117 671 120 674 48 49 626 627 116 53 487 51 52 114 113 115 625 55 54 638 641 126 43 44 647 45 47 46 465 673 122 123 121 643 124 125 62 63 683 64 684 105 
1
681 
44
682 65 103 104 67 66 102 685 101 68 100 99 69 687 72 96 97 71 686 70 98 74 95 73 94 75 93 76 92 77 78 91 79 90 83 81 82 80 89 85 86 88 87 84 
6
683 64 684 105 62 63 
2
684 105 
6
685 101 68 100 99 69 
3
686 70 98 
8
687 72 96 97 71 686 70 98 
