15
542 705 650 621 557 519 611 107 523 304 536 517 618 682 385 
723
1
0 
3
1 486 0 
1
2 
6
3 4 1 486 0 2 
1
4 
7
5 3 4 1 486 0 2 
1
6 
1
7 
1
8 
1
9 
3
10 9 11 
1
11 
1
12 
1
13 
1
14 
1
15 
1
16 
1
17 
1
18 
3
19 676 20 
1
20 
1
21 
1
22 
14
23 462 700 463 22 465 19 676 20 701 21 702 464 466 
1
24 
1
25 
5
26 703 459 27 458 
1
27 
1
28 
1
29 
1
30 
1
31 
1
32 
1
33 
2
34 33 
1
35 
2
36 37 
1
37 
1
38 
1
39 
2
40 39 
1
41 
1
42 
1
43 
1
44 
1
45 
2
46 47 
1
47 
1
48 
1
49 
1
50 
2
51 654 
8
52 55 53 54 56 663 57 58 
1
53 
1
54 
4
55 53 54 56 
1
56 
1
57 
1
58 
1
59 
1
60 
2
61 60 
1
62 
1
63 
1
64 
1
65 
1
66 
1
67 
2
68 69 
1
69 
2
70 71 
1
71 
1
72 
1
73 
1
74 
1
75 
1
76 
1
77 
1
78 
1
79 
1
80 
1
81 
1
82 
1
83 
1
84 
1
85 
1
86 
2
87 86 
1
88 
1
89 
1
90 
1
91 
1
92 
1
93 
1
94 
1
95 
1
96 
1
97 
1
98 
1
99 
1
100 
1
101 
1
102 
1
103 
1
104 
1
105 
3
106 105 104 
38
107 129 509 130 103 106 105 104 109 125 124 110 108 126 127 128 120 115 121 114 113 122 123 111 112 119 116 118 117 525 100 134 516 102 132 131 101 133 
4
108 126 127 128 
21
109 125 124 110 108 126 127 128 120 115 121 114 113 122 123 111 112 119 116 118 117 
1
110 
1
111 
1
112 
2
113 122 
1
114 
1
115 
1
116 
1
117 
2
118 117 
4
119 116 118 117 
13
120 115 121 114 113 122 123 111 112 119 116 118 117 
2
121 114 
1
122 
3
123 111 112 
2
124 110 
1
125 
1
126 
2
127 128 
1
128 
1
129 
1
130 
1
131 
1
132 
1
133 
1
134 
1
135 
1
136 
1
137 
1
138 
1
139 
1
140 
1
141 
1
142 
1
143 
1
144 
1
145 
1
146 
1
147 
1
148 
1
149 
1
150 
1
151 
1
152 
1
153 
1
154 
1
155 
3
156 158 157 
1
157 
2
158 157 
1
159 
1
160 
2
161 162 
1
162 
1
163 
1
164 
1
165 
1
166 
1
167 
1
168 
1
169 
1
170 
3
171 173 172 
1
172 
2
173 172 
1
174 
2
175 174 
5
176 181 175 174 182 
1
177 
1
178 
1
179 
4
180 178 179 177 
1
181 
1
182 
1
183 
1
184 
7
185 187 184 506 520 189 188 
1
186 
1
187 
1
188 
1
189 
1
190 
1
191 
2
192 191 
1
193 
3
194 195 196 
1
195 
1
196 
1
197 
1
198 
1
199 
1
200 
2
201 200 
5
202 199 201 200 198 
1
203 
10
204 203 207 508 197 202 199 201 200 198 
2
205 206 
1
206 
1
207 
2
208 209 
1
209 
1
210 
1
211 
1
212 
1
213 
1
214 
1
215 
1
216 
3
217 499 576 
1
218 
1
219 
1
220 
1
221 
1
222 
2
223 224 
1
224 
1
225 
1
226 
1
227 
2
228 227 
1
229 
1
230 
1
231 
1
232 
1
233 
1
234 
1
235 
1
236 
1
237 
1
238 
1
239 
1
240 
1
241 
1
242 
1
243 
1
244 
1
245 
1
246 
1
247 
1
248 
1
249 
1
250 
1
251 
1
252 
1
253 
3
254 253 252 
1
255 
23
256 272 273 271 257 270 258 274 255 254 253 252 268 260 259 269 267 261 262 266 265 263 264 
1
257 
1
258 
2
259 269 
1
260 
1
261 
5
262 266 265 263 264 
1
263 
1
264 
3
265 263 264 
1
266 
2
267 261 
11
268 260 259 269 267 261 262 266 265 263 264 
1
269 
2
270 258 
4
271 257 270 258 
1
272 
1
273 
5
274 255 254 253 252 
1
275 
1
276 
2
277 276 
3
278 277 276 
1
279 
1
280 
1
281 
1
282 
1
283 
1
284 
1
285 
1
286 
1
287 
1
288 
1
289 
1
290 
1
291 
1
292 
2
293 292 
1
294 
1
295 
1
296 
1
297 
1
298 
1
299 
1
300 
1
301 
1
302 
1
303 
37
304 613 220 219 612 222 223 224 221 615 614 225 303 597 229 300 299 230 301 598 226 302 228 227 587 308 600 577 218 305 306 500 591 307 607 309 217 
1
305 
1
306 
1
307 
1
308 
2
309 308 
1
310 
1
311 
1
312 
1
313 
1
314 
1
315 
1
316 
2
317 316 
1
318 
1
319 
2
320 319 
1
321 
1
322 
1
323 
1
324 
1
325 
2
326 325 
1
327 
1
328 
2
329 328 
4
330 327 329 328 
7
331 326 325 330 327 329 328 
1
332 
1
333 
1
334 
1
335 
2
336 335 
1
337 
1
338 
1
339 
1
340 
1
341 
1
342 
2
343 342 
1
344 
1
345 
3
346 420 626 
1
347 
1
348 
2
349 350 
1
350 
1
351 
1
352 
1
353 
1
354 
1
355 
1
356 
1
357 
1
358 
1
359 
36
360 406 679 405 361 680 681 362 404 402 363 673 364 403 674 675 365 401 400 670 367 366 399 671 672 368 398 624 395 625 371 396 370 397 623 369 
1
361 
1
362 
3
363 673 364 
1
364 
1
365 
1
366 
1
367 
1
368 
1
369 
1
370 
1
371 
2
372 373 
1
373 
1
374 
1
375 
1
376 
1
377 
1
378 
1
379 
1
380 
4
381 380 379 378 
6
382 381 380 379 378 383 
1
383 
1
384 
48
385 387 386 388 389 384 518 377 382 381 380 379 378 383 674 675 365 401 400 670 367 366 399 671 672 368 398 624 395 625 371 396 370 397 623 369 502 374 372 373 394 392 393 512 391 376 390 375 
1
386 
1
387 
2
388 389 
1
389 
1
390 
1
391 
2
392 393 
1
393 
1
394 
1
395 
1
396 
3
397 623 369 
1
398 
1
399 
18
400 670 367 366 399 671 672 368 398 624 395 625 371 396 370 397 623 369 
1
401 
9
402 363 673 364 403 674 675 365 401 
1
403 
1
404 
1
405 
2
406 679 
1
407 
1
408 
2
409 408 
1
410 
1
411 
1
412 
1
413 
1
414 
1
415 
3
416 417 505 
1
417 
1
418 
1
419 
2
420 626 
1
421 
1
422 
1
423 
3
424 695 423 
1
425 
1
426 
1
427 
1
428 
1
429 
1
430 
1
431 
1
432 
1
433 
1
434 
1
435 
1
436 
1
437 
1
438 
2
439 440 
1
440 
1
441 
1
442 
1
443 
1
444 
2
445 446 
1
446 
1
447 
1
448 
1
449 
1
450 
1
451 
4
452 453 709 451 
1
453 
1
454 
2
455 456 
1
456 
1
457 
1
458 
1
459 
1
460 
1
461 
2
462 700 
1
463 
1
464 
9
465 19 676 20 701 21 702 464 466 
1
466 
1
467 
1
468 
1
469 
1
470 
1
471 
1
472 
2
473 472 
1
474 
1
475 
1
476 
2
477 476 
1
478 
1
479 
1
480 
1
481 
2
482 481 
1
483 
6
484 482 481 480 504 485 
1
485 
2
486 0 
1
487 
1
488 
25
489 565 555 550 67 553 638 636 585 586 314 313 566 570 567 569 496 549 70 71 68 69 548 552 72 
4
490 662 51 654 
3
491 720 45 
3
492 688 334 
0

4
494 554 65 66 
14
495 606 616 318 604 601 317 316 635 637 584 602 603 315 
9
496 549 70 71 68 69 548 552 72 
1
497 
1
498 
1
499 
4
500 578 591 307 
1
501 
12
502 374 372 373 394 392 393 512 391 376 390 375 
5
503 159 156 158 157 
2
504 485 
1
505 
4
506 520 189 188 
22
507 521 193 208 209 531 210 204 203 207 508 197 202 199 201 200 198 194 195 196 205 206 
2
508 197 
3
509 130 103 
13
510 475 474 630 12 10 9 11 473 472 8 477 476 
3
511 251 275 
5
512 391 376 390 375 
1
513 
5
514 190 522 192 191 
6
515 527 170 171 173 172 
6
516 102 132 131 101 133 
40
517 280 249 250 279 511 251 275 278 277 276 256 272 273 271 257 270 258 274 255 254 253 252 268 260 259 269 267 261 262 266 265 263 264 526 282 247 281 248 246 
2
518 377 
38
519 556 160 78 503 159 156 158 157 557 544 161 162 513 543 76 551 75 74 77 547 163 73 563 152 82 83 151 564 150 84 81 153 541 154 80 155 79 
3
520 189 188 
2
521 193 
1
522 
70
523 488 528 169 514 190 522 192 191 185 187 184 506 520 189 188 534 212 532 535 168 211 524 183 515 527 170 171 173 172 176 181 175 174 182 180 178 179 177 507 521 193 208 209 531 210 204 203 207 508 197 202 199 201 200 198 194 195 196 205 206 186 596 595 214 167 213 559 166 215 
17
524 183 515 527 170 171 173 172 176 181 175 174 182 180 178 179 177 
15
525 100 134 135 99 529 98 136 97 516 102 132 131 101 133 
15
526 282 247 281 248 530 284 245 283 246 285 244 533 243 286 
1
527 
1
528 
4
529 98 136 97 
7
530 284 245 283 246 285 244 
2
531 210 
3
532 535 168 
3
533 243 286 
6
534 212 532 535 168 211 
2
535 168 
39
536 241 288 287 242 289 240 537 239 290 538 237 291 238 293 292 236 539 235 294 234 295 530 284 245 283 285 244 533 243 286 540 296 233 232 297 562 231 298 
3
537 239 290 
12
538 237 291 238 293 292 236 539 235 294 234 295 
5
539 235 294 234 295 
19
540 296 233 232 297 562 231 298 597 229 300 299 230 301 598 226 302 228 227 
5
541 154 80 155 79 
49
542 7 478 479 6 484 482 481 480 504 485 5 3 4 1 486 0 2 483 631 16 469 17 468 677 467 678 18 632 633 15 470 629 471 14 13 510 475 474 630 12 10 9 11 473 472 8 477 476 
5
543 76 551 75 74 
1
544 
3
545 547 73 
1
546 
2
547 73 
3
548 552 72 
5
549 70 71 68 69 
2
550 67 
3
551 75 74 
2
552 72 
1
553 
2
554 65 
4
555 550 67 553 
2
556 160 
26
568 561 579 164 501 571 560 567 572 574 634 581 165 216 582 580 590 575 497 499 576 578 569 573 546 545 
26
558 138 96 137 593 140 94 139 95 93 141 525 100 134 135 99 529 98 136 97 516 102 132 131 101 133 
2
559 166 
1
560 
6
561 579 164 501 571 560 
3
562 231 298 
15
563 152 82 83 151 564 150 84 81 153 541 154 80 155 79 
3
564 150 84 
1
565 
13
566 570 567 569 496 549 70 71 68 69 548 552 72 
2
567 569 
11
568 546 545 547 73 561 579 164 501 571 560 
1
569 
1
570 
2
571 560 
35
572 574 634 581 165 216 582 580 583 588 312 311 498 587 590 607 310 309 308 573 589 600 577 218 305 306 575 497 217 499 576 500 578 591 307 
2
573 589 
1
574 
9
575 497 217 499 576 500 578 591 307 
1
576 
1
577 
1
578 
1
579 
1
580 
1
581 
2
582 580 
13
583 588 312 311 498 587 590 607 310 309 308 573 589 
4
584 602 603 315 
4
585 586 314 313 
2
586 314 
8
587 590 607 310 309 308 573 589 
4
588 312 311 498 
1
589 
1
590 
2
591 307 
1
592 
7
593 140 94 139 95 93 141 
3
594 92 142 
1
595 
8
596 595 214 167 213 559 166 215 
11
597 229 300 299 230 301 598 226 302 228 227 
5
598 226 302 228 227 
4
599 148 85 149 
14
600 577 218 305 306 575 497 217 499 576 500 578 591 307 
1
601 
3
602 603 315 
2
603 315 
4
604 601 317 316 
4
605 320 319 321 
3
606 616 318 
4
607 310 309 308 
5
608 494 554 65 66 
1
609 
8
610 144 90 91 143 594 92 142 
37
611 146 88 145 89 87 86 147 599 148 85 149 610 144 90 91 143 594 92 142 558 138 96 137 593 140 94 139 95 93 141 135 99 529 98 136 97 
5
612 222 223 224 221 
8
613 220 219 612 222 223 224 221 
2
614 225 
4
615 614 225 303 
2
616 318 
1
617 
86
655 320 321 617 639 645 646 656 322 667 666 333 332 657 324 665 664 323 642 643 434 641 622 331 326 325 330 327 329 328 493 687 428 427 426 689 339 338 340 685 430 429 686 337 336 335 431 640 432 492 688 334 433 647 435 493 687 428 427 426 689 339 338 340 685 430 429 686 337 336 335 431 640 432 492 688 334 433 697 341 696 697 341 696 425 425 
1
619 
2
620 609 
61
621 592 608 494 554 65 66 620 609 660 659 63 64 495 606 616 318 604 601 317 316 635 637 584 602 603 315 489 565 555 550 67 553 638 636 585 586 314 313 566 570 496 549 70 71 68 69 548 552 72 583 588 312 311 498 310 589 619 618 605 319 
1
622 
2
623 369 
9
624 395 625 371 396 370 397 623 369 
1
625 
1
626 
29
627 628 348 418 416 417 505 347 419 691 694 351 415 349 350 698 344 699 422 345 421 346 420 626 343 342 424 695 423 
1
628 
4
629 471 14 13 
5
630 12 10 9 11 
30
631 16 469 17 468 677 467 678 18 632 633 15 470 629 471 14 13 510 475 474 630 12 10 9 11 473 472 8 477 476 
8
632 633 15 470 629 471 14 13 
2
633 15 
6
634 581 165 216 582 580 
6
635 637 584 602 603 315 
1
636 
1
637 
6
638 636 585 586 314 313 
5
639 645 646 656 322 
6
640 432 492 688 334 433 
3
641 622 619 
1
642 
5
643 434 641 622 619 
1
644 
1
645 
3
646 656 322 
14
647 644 620 609 660 487 658 61 60 62 659 63 64 435 
1
648 
17
649 648 668 669 59 490 662 51 654 52 55 53 54 56 663 57 58 
51
650 436 651 652 48 46 47 49 653 50 649 648 668 669 59 490 662 51 654 52 55 53 54 56 663 57 58 719 42 722 443 661 438 491 720 45 721 441 442 718 43 44 439 440 437 644 487 658 61 60 62 
8
651 652 48 46 47 49 653 50 
5
652 48 46 47 49 
2
653 50 
1
654 
5
655 605 320 319 321 
2
656 322 
6
657 324 665 664 323 642 
4
658 61 60 62 
3
659 63 64 
9
660 487 658 61 60 62 659 63 64 
14
661 438 491 720 45 721 441 442 718 43 44 439 440 437 
1
662 
3
663 57 58 
2
664 323 
1
665 
2
666 333 
10
667 666 333 332 657 324 665 664 323 642 
3
668 669 59 
2
669 59 
3
670 367 366 
4
671 672 368 398 
2
672 368 
1
673 
4
674 675 365 401 
1
675 
1
676 
4
677 467 678 18 
2
678 18 
1
679 
4
680 681 362 404 
1
681 
65
682 357 358 409 408 683 359 684 407 410 356 692 411 693 355 690 353 413 414 352 412 354 627 628 348 418 416 417 505 347 419 691 694 351 415 349 350 698 344 699 422 345 421 346 420 626 343 342 424 695 423 360 406 679 405 361 680 681 362 404 363 673 403 364 402 
4
683 359 684 407 
1
684 
8
685 430 429 686 337 336 335 431 
4
686 337 336 335 
3
687 428 427 
2
688 334 
4
689 339 338 340 
7
690 353 413 414 352 412 354 
6
691 694 351 415 349 350 
11
692 411 693 355 690 353 413 414 352 412 354 
2
693 355 
1
694 
1
695 
2
696 425 
4
697 341 696 425 
14
698 344 699 422 345 421 346 420 626 343 342 424 695 423 
2
699 422 
1
700 
4
701 21 702 464 
2
702 464 
2
703 459 
1
704 
65
705 704 24 461 460 25 23 462 700 463 22 465 19 676 20 701 21 702 464 466 708 707 457 28 26 703 459 27 458 455 456 714 713 35 450 710 711 454 32 452 453 709 451 34 33 706 30 29 31 41 715 444 717 716 38 447 445 446 40 39 712 448 36 37 449 
4
706 30 29 31 
1
707 
11
708 707 457 28 26 703 459 27 458 455 456 
1
709 
14
710 711 454 32 452 453 709 451 34 33 706 30 29 31 
1
711 
5
712 448 36 37 449 
1
713 
18
714 713 35 450 710 711 454 32 452 453 709 451 34 33 706 30 29 31 
2
715 444 
1
716 
13
717 716 38 447 445 446 40 39 712 448 36 37 449 
2
718 43 
34
719 41 42 722 443 715 444 717 716 38 447 445 446 40 39 712 448 36 37 449 661 438 491 720 45 721 441 442 718 43 44 439 440 437 
2
720 45 
8
721 441 442 718 43 44 439 440 
2
722 443 
