15
19 696 611 639 573 559 94 130 504 538 547 624 693 663 562 
708
1
0 
2
1 5 
1
2 
1
3 
3
4 2 3 
1
5 
8
6 501 0 1 5 4 2 3 
1
7 
1
8 
1
9 
1
10 
1
11 
1
12 
1
13 
1
14 
1
15 
1
16 
1
17 
4
18 479 480 17 
61
19 478 20 477 18 479 480 17 633 481 16 15 601 484 14 482 483 599 491 13 600 485 490 488 487 489 486 516 498 7 500 499 8 497 496 597 9 495 10 598 11 494 12 493 492 6 501 0 1 5 4 2 3 700 474 23 24 475 22 21 476 
2
20 477 
2
21 476 
1
22 
1
23 
1
24 
1
25 
1
26 
2
27 26 
1
28 
2
29 30 
1
30 
1
31 
1
32 
1
33 
1
34 
2
35 36 
1
36 
1
37 
1
38 
1
39 
1
40 
1
41 
1
42 
1
43 
1
44 
1
45 
1
46 
1
47 
1
48 
1
49 
1
50 
1
51 
1
52 
1
53 
1
54 
1
55 
1
56 
1
57 
1
58 
1
59 
1
60 
1
61 
1
62 
1
63 
1
64 
1
65 
1
66 
2
67 66 
1
68 
1
69 
1
70 
1
71 
1
72 
1
73 
1
74 
1
75 
1
76 
2
77 78 
1
78 
1
79 
2
80 81 
1
81 
1
82 
1
83 
0

1
85 
1
86 
1
87 
1
88 
1
89 
1
90 
1
91 
1
92 
1
93 
52
94 148 147 95 149 93 707 150 92 91 151 706 90 152 146 96 97 145 144 98 84 83 701 158 156 157 705 87 88 153 89 86 154 704 155 85 84 83 701 158 156 157 705 87 88 153 89 86 154 704 155 85 
1
95 
1
96 
2
97 145 
1
98 
1
99 
1
100 
1
101 
1
102 
1
103 
1
104 
1
105 
1
106 
1
107 
1
108 
1
109 
1
110 
4
111 109 596 108 
1
112 
3
113 115 114 
1
114 
1
115 
1
116 
4
117 120 119 118 
1
118 
1
119 
1
120 
2
121 125 
1
122 
3
123 122 124 
1
124 
1
125 
1
126 
1
127 
1
128 
1
129 
53
130 590 104 139 591 102 103 140 593 128 107 127 594 595 129 105 106 131 138 137 132 133 136 134 135 513 112 126 116 121 125 117 120 119 118 111 109 596 108 113 115 114 123 122 124 110 592 142 100 99 143 101 141 
8
131 138 137 132 133 136 134 135 
1
132 
1
133 
1
134 
1
135 
2
136 134 
6
137 132 133 136 134 135 
1
138 
1
139 
1
140 
1
141 
1
142 
1
143 
2
144 98 
1
145 
13
146 96 97 145 592 142 100 99 143 144 98 101 141 
2
147 95 
1
148 
1
149 
1
150 
1
151 
1
152 
1
153 
1
154 
1
155 
2
156 157 
1
157 
1
158 
1
159 
1
160 
3
161 160 515 
1
162 
1
163 
1
164 
1
165 
2
166 165 
2
167 168 
1
168 
1
169 
1
170 
1
171 
1
172 
1
173 
3
174 673 672 
1
175 
1
176 
1
177 
1
178 
1
179 
1
180 
1
181 
1
182 
1
183 
5
184 185 183 186 182 
1
185 
1
186 
1
187 
2
188 189 
1
189 
1
190 
1
191 
1
192 
1
193 
2
194 193 
1
195 
4
196 195 194 193 
1
197 
2
198 199 
1
199 
1
200 
1
201 
2
202 203 
1
203 
1
204 
1
205 
1
206 
5
207 209 208 210 211 
1
208 
2
209 208 
2
210 211 
1
211 
1
212 
1
213 
1
214 
1
215 
1
216 
2
217 684 
1
218 
1
219 
1
220 
1
221 
1
222 
1
223 
1
224 
1
225 
3
226 227 225 
1
227 
4
228 226 227 225 
2
229 230 
1
230 
1
231 
1
232 
1
233 
1
234 
1
235 
1
236 
1
237 
1
238 
1
239 
1
240 
1
241 
3
242 303 304 
2
243 302 
1
244 
9
245 300 301 244 243 302 242 303 304 
1
246 
1
247 
3
248 298 247 
7
249 297 248 298 247 299 246 
22
250 296 295 294 251 293 249 297 248 298 247 299 246 245 300 301 244 243 302 242 303 304 
1
251 
1
252 
1
253 
1
254 
1
255 
5
256 260 257 258 259 
3
257 258 259 
1
258 
1
259 
1
260 
1
261 
9
262 255 261 254 256 260 257 258 259 
2
263 253 
1
264 
1
265 
1
266 
1
267 
2
268 267 
1
269 
1
270 
2
271 270 
6
272 269 268 267 271 270 
7
273 272 269 268 267 271 270 
3
274 276 275 
1
275 
1
276 
11
277 274 276 275 273 272 269 268 267 271 270 
1
278 
2
279 282 
2
280 281 
1
281 
1
282 
1
283 
1
284 
1
285 
1
286 
4
287 284 286 285 
1
288 
1
289 
1
290 
1
291 
1
292 
1
293 
3
294 251 293 
1
295 
1
296 
1
297 
1
298 
2
299 246 
1
300 
2
301 244 
1
302 
1
303 
1
304 
1
305 
1
306 
2
307 306 
1
308 
1
309 
1
310 
1
311 
2
312 313 
1
313 
1
314 
1
315 
2
316 317 
1
317 
1
318 
1
319 
1
320 
1
321 
1
322 
1
323 
1
324 
1
325 
1
326 
1
327 
1
328 
2
329 328 
1
330 
1
331 
1
332 
1
333 
2
334 333 
1
335 
1
336 
1
337 
1
338 
1
339 
1
340 
2
341 340 
1
342 
1
343 
2
344 343 
6
345 344 343 617 346 520 
1
346 
1
347 
1
348 
1
349 
1
350 
1
351 
1
352 
1
353 
1
354 
1
355 
1
356 
2
357 356 
1
358 
1
359 
1
360 
1
361 
2
362 361 
3
363 362 361 
1
364 
1
365 
1
366 
1
367 
1
368 
1
369 
1
370 
1
371 
1
372 
2
373 372 
1
374 
1
375 
2
376 375 
1
377 
2
378 379 
1
379 
1
380 
1
381 
1
382 
1
383 
1
384 
3
385 386 384 
1
386 
1
387 
1
388 
1
389 
9
390 398 397 391 396 392 394 393 395 
6
391 396 392 394 393 395 
4
392 394 393 395 
1
393 
1
394 
1
395 
1
396 
1
397 
1
398 
1
399 
1
400 
1
401 
2
402 401 
1
403 
2
404 403 
1
405 
1
406 
3
407 408 409 
1
408 
1
409 
1
410 
1
411 
2
412 411 
2
413 410 
1
414 
1
415 
1
416 
1
417 
1
418 
1
419 
2
420 419 
1
421 
1
422 
1
423 
1
424 
1
425 
1
426 
1
427 
2
428 429 
1
429 
1
430 
1
431 
1
432 
1
433 
2
434 433 
1
435 
1
436 
1
437 
1
438 
1
439 
1
440 
2
441 440 
1
442 
1
443 
1
444 
1
445 
1
446 
1
447 
25
448 605 511 616 342 341 340 606 508 675 55 607 609 610 676 57 56 612 647 337 338 613 614 615 339 
1
449 
1
450 
1
451 
1
452 
1
453 
1
454 
1
455 
1
456 
1
457 
1
458 
1
459 
1
460 
1
461 
6
462 461 532 37 35 36 
1
463 
1
464 
2
465 466 
1
466 
1
467 
2
468 469 
1
469 
1
470 
1
471 
1
472 
1
473 
1
474 
1
475 
1
476 
1
477 
1
478 
1
479 
1
480 
1
481 
2
482 483 
1
483 
1
484 
1
485 
1
486 
1
487 
4
488 487 489 486 
1
489 
1
490 
1
491 
1
492 
2
493 492 
1
494 
1
495 
1
496 
2
497 496 
1
498 
1
499 
2
500 499 
2
501 0 
1
502 
1
503 
57
504 575 179 180 580 213 581 212 530 207 209 208 210 211 569 555 554 553 205 206 568 187 570 181 184 185 183 186 182 512 514 204 202 203 536 190 188 189 527 563 192 197 196 195 194 193 191 535 200 201 198 199 576 582 177 214 178 
6
505 556 163 572 76 75 
6
506 650 652 653 70 71 
2
507 648 
1
508 
1
509 
13
510 546 231 232 539 316 317 318 540 314 543 315 233 
1
511 
23
512 514 204 202 203 536 190 188 189 527 563 192 197 196 195 194 193 191 535 200 201 198 199 
21
513 112 126 116 121 125 117 120 119 118 111 109 596 108 113 115 114 123 122 124 110 
4
514 204 202 203 
1
515 
26
516 498 7 500 499 8 497 496 597 9 495 10 598 11 494 12 493 492 6 501 0 1 5 4 2 3 
14
517 453 604 43 44 45 452 636 46 47 451 635 48 450 
8
518 459 39 458 561 560 38 460 
27
519 266 278 279 282 533 288 283 625 265 277 274 276 275 273 272 269 268 267 271 270 280 281 287 284 286 285 
1
520 
4
521 414 382 415 
10
522 353 442 354 695 351 352 443 350 444 
3
523 360 435 
4
524 400 399 389 
1
525 
1
526 
14
527 563 192 197 196 195 194 193 191 535 200 201 198 199 
2
528 224 
10
529 380 416 378 379 381 521 414 382 415 
6
530 207 209 208 210 211 
6
531 167 168 164 166 165 
4
532 37 35 36 
3
533 288 283 
6
534 406 413 410 412 411 
5
535 200 201 198 199 
4
536 190 188 189 
3
537 229 230 
42
538 319 537 229 230 320 510 546 231 539 316 317 318 542 509 321 552 222 223 541 528 224 228 226 227 225 667 324 323 564 322 550 545 567 221 220 548 549 232 540 543 315 
4
539 316 317 318 
5
540 314 543 315 233 
7
541 528 224 228 226 227 225 
13
542 509 321 552 222 223 541 528 224 228 226 227 225 
1
543 
1
544 
1
545 
3
546 231 232 
35
547 235 234 312 313 236 311 628 310 237 238 629 308 239 309 630 305 241 240 307 306 247 299 246 245 300 301 244 243 302 242 303 304 314 233 
1
548 
2
549 544 
6
550 545 567 221 220 548 
6
551 689 690 219 549 544 
3
552 222 223 
1
553 
4
554 553 205 206 
1
555 
1
556 
1
557 
15
558 557 162 79 161 160 515 77 78 505 556 163 572 76 75 
65
559 668 670 169 170 577 74 531 167 168 164 166 165 702 82 703 159 80 81 558 557 162 79 161 160 515 77 78 505 556 163 572 76 75 654 72 571 502 671 171 73 587 702 82 703 159 80 81 558 557 162 79 161 160 515 77 78 505 556 163 572 76 75 669 586 
2
560 38 
4
561 560 38 460 
60
562 405 383 534 406 413 410 412 411 407 408 409 622 387 388 402 401 524 400 399 389 385 386 384 404 403 390 398 397 391 396 392 394 393 395 423 422 373 372 666 421 374 376 375 623 418 377 417 420 419 529 380 416 378 379 381 521 414 382 415 
2
563 192 
14
564 322 550 545 567 221 220 548 551 689 690 219 549 544 
2
565 583 
1
566 
3
567 221 220 
2
568 187 
10
569 555 554 553 205 206 568 187 570 181 
2
570 181 
16
571 502 671 171 669 632 674 172 173 73 579 588 587 574 584 585 
3
572 76 75 
35
573 566 565 583 589 578 503 174 673 672 688 691 218 632 674 172 173 579 588 574 584 585 551 689 690 685 216 176 215 686 217 684 175 219 544 
3
574 584 585 
3
575 179 180 
6
576 582 177 215 214 178 
2
577 74 
8
578 503 174 673 672 688 691 218 
6
579 588 587 574 584 585 
2
580 213 
2
581 212 
1
582 
1
583 
2
584 585 
1
585 
1
586 
1
587 
1
588 
4
589 586 654 72 
2
590 104 
4
591 102 103 140 
9
592 142 100 99 143 144 98 101 141 
9
593 128 107 127 594 595 129 105 106 
5
594 595 129 105 106 
1
595 
2
596 108 
4
597 9 495 10 
6
598 11 494 12 493 492 
10
599 491 13 600 485 490 488 487 489 486 
3
600 485 490 
5
601 484 14 482 483 
17
602 42 455 454 456 41 603 457 40 518 459 39 458 561 560 38 460 
3
603 457 40 
4
604 43 44 45 
6
605 511 616 342 341 340 
5
606 508 675 55 607 
1
607 
8
608 50 49 634 52 53 51 54 
13
609 610 676 57 56 612 647 337 338 613 614 615 339 
1
610 
26
611 449 608 50 49 634 52 53 51 54 517 453 44 45 452 636 46 47 451 635 48 450 675 55 57 56 
8
612 647 337 338 613 614 615 339 
1
613 
3
614 615 339 
2
615 339 
4
616 342 341 340 
1
617 
10
618 432 364 431 365 434 433 363 362 361 
29
619 437 438 357 356 664 439 665 355 441 440 522 353 442 354 695 351 352 443 350 444 621 620 436 358 359 523 360 435 
1
620 
8
621 620 436 358 359 523 360 435 
23
622 387 388 402 401 524 400 399 389 385 386 384 404 403 390 398 397 391 396 392 394 393 395 
6
623 418 377 417 420 419 
57
624 264 290 291 626 627 292 252 289 263 253 262 255 261 254 256 260 257 258 259 519 266 278 279 282 533 288 283 625 265 277 274 276 275 273 272 269 268 267 271 270 280 281 287 284 286 285 250 296 295 294 251 293 249 297 248 298 
2
625 265 
1
626 
3
627 292 252 
4
628 310 237 238 
4
629 308 239 309 
6
630 305 241 240 307 306 
34
631 687 325 506 650 652 653 70 71 649 680 679 327 326 646 657 658 68 69 659 65 67 66 678 330 331 642 329 328 644 525 526 655 651 
4
632 674 172 173 
4
633 481 16 15 
5
634 52 53 51 54 
3
635 48 450 
3
636 46 47 
7
637 677 58 59 662 60 61 
10
638 641 332 334 333 656 64 63 643 660 
68
639 640 335 336 507 648 661 62 645 638 641 332 334 333 656 64 63 643 660 637 677 58 59 662 60 61 609 610 676 612 647 337 338 613 631 687 325 506 650 652 653 70 71 649 680 679 327 326 646 657 658 68 69 659 65 67 66 678 330 331 642 329 328 644 525 526 655 651 
3
640 335 336 
4
641 332 334 333 
1
642 
2
643 660 
5
644 525 526 655 651 
1
645 
5
646 657 658 68 69 
3
647 337 338 
1
648 
10
649 680 679 327 326 646 657 658 68 69 
1
650 
1
651 
1
652 
3
653 70 71 
1
654 
2
655 651 
5
656 64 63 643 660 
1
657 
3
658 68 69 
15
659 65 67 66 678 330 331 642 329 328 644 525 526 655 651 
1
660 
3
661 62 645 
3
662 60 61 
50
663 430 366 428 429 618 432 364 431 365 434 433 363 362 361 619 437 438 357 356 664 439 665 355 441 440 354 621 620 436 358 359 523 360 435 522 353 442 682 371 424 683 425 370 369 426 681 427 368 367 
6
664 439 665 355 441 440 
2
665 355 
11
666 421 374 376 375 623 418 377 417 420 419 
3
667 324 323 
4
668 670 169 170 
1
669 
3
670 169 170 
3
671 171 669 
1
672 
1
673 
2
674 172 
2
675 55 
3
676 57 56 
3
677 58 59 
11
678 330 331 642 329 328 644 525 526 655 651 
3
679 327 326 
1
680 
4
681 427 368 367 
37
682 423 371 424 422 373 372 683 425 370 369 426 681 427 368 367 666 421 374 376 375 623 418 377 417 420 419 529 380 416 378 379 381 521 414 382 415 
9
683 425 370 369 426 681 427 368 367 
1
684 
13
685 216 176 576 582 177 215 214 178 686 217 684 175 
4
686 217 684 175 
2
687 325 
3
688 691 218 
1
689 
2
690 219 
1
691 
3
692 445 349 
34
693 446 694 347 348 345 344 343 617 346 520 447 692 445 349 448 605 511 616 342 341 340 606 508 607 614 339 695 351 352 443 350 444 615 
3
694 347 348 
6
695 351 352 443 350 444 
50
696 464 32 465 466 33 463 34 462 461 532 37 35 36 602 42 455 456 41 603 457 40 518 459 39 458 561 560 38 460 699 25 472 471 27 26 697 467 31 29 30 698 28 470 468 469 43 604 454 473 
10
697 467 31 29 30 698 28 470 468 469 
5
698 28 470 468 469 
6
699 25 472 471 27 26 
25
700 474 23 473 24 475 22 21 476 699 25 472 471 27 26 697 467 31 29 30 698 28 470 468 469 
2
701 158 
6
702 82 703 159 80 81 
2
703 159 
3
704 155 85 
10
705 87 88 153 89 86 154 704 155 85 
3
706 90 152 
5
707 150 92 91 151 
