15
728 720 590 649 79 534 584 612 184 485 733 738 754 755 756 
757
2
0 436 
6
1 434 433 435 0 436 
1
2 
2
3 2 
5
4 7 6 5 8 
1
5 
1
6 
1
7 
1
8 
17
9 431 475 432 3 2 4 7 6 5 8 1 434 433 435 0 436 
6
10 430 11 429 428 12 
2
11 429 
1
12 
2
13 427 
4
14 426 13 427 
3
15 425 424 
1
16 
1
17 
1
18 
1
19 
1
20 
1
21 
1
22 
2
23 22 
1
24 
1
25 
1
26 
2
27 28 
1
28 
1
29 
1
30 
1
31 
3
32 31 33 
1
33 
1
34 
1
35 
1
36 
1
37 
1
38 
1
39 
1
40 
3
41 40 39 
1
42 
1
43 
1
44 
1
45 
1
46 
1
47 
1
48 
3
49 47 48 
1
50 
1
51 
1
52 
1
53 
1
54 
1
55 
1
56 
2
57 56 
1
58 
1
59 
1
60 
1
61 
2
62 61 
1
63 
1
64 
1
65 
1
66 
1
67 
1
68 
1
69 
1
70 
2
71 70 
1
72 
1
73 
1
74 
1
75 
4
76 95 77 94 
2
77 94 
1
78 
27
79 92 470 86 87 89 88 90 91 84 82 81 85 80 83 96 75 97 74 98 73 76 95 77 94 93 78 
1
80 
1
81 
1
82 
1
83 
6
84 82 81 85 80 83 
1
85 
1
86 
5
87 89 88 90 91 
1
88 
1
89 
2
90 91 
1
91 
1
92 
2
93 78 
1
94 
1
95 
12
96 75 97 74 98 73 76 95 77 94 93 78 
2
97 74 
2
98 73 
2
99 72 
1
100 
1
101 
1
102 
1
103 
1
104 
1
105 
1
106 
2
107 106 
1
108 
1
109 
1
110 
1
111 
1
112 
2
113 112 
1
114 
1
115 
1
116 
1
117 
1
118 
1
119 
1
120 
1
121 
1
122 
1
123 
1
124 
2
125 124 
1
126 
1
127 
2
128 127 
1
129 
2
130 131 
1
131 
1
132 
1
133 
1
134 
1
135 
1
136 
1
137 
1
138 
3
139 140 141 
1
140 
1
141 
1
142 
1
143 
2
144 143 
2
145 146 
1
146 
1
147 
1
148 
1
149 
2
150 149 
1
151 
1
152 
1
153 
1
154 
1
155 
1
156 
1
157 
1
158 
1
159 
1
160 
1
161 
1
162 
1
163 
1
164 
1
165 
1
166 
1
167 
1
168 
1
169 
2
170 169 
1
171 
1
172 
2
173 172 
1
174 
1
175 
1
176 
2
177 176 
1
178 
1
179 
1
180 
1
181 
1
182 
1
183 
36
184 183 212 213 753 214 182 181 215 188 208 189 207 206 190 187 209 186 210 185 211 192 204 205 191 203 193 202 194 197 195 196 201 198 199 200 
2
185 211 
2
186 210 
6
187 209 186 210 185 211 
27
188 208 189 207 206 190 187 209 186 210 185 211 192 204 205 191 203 193 202 194 197 195 196 201 198 199 200 
2
189 207 
1
190 
1
191 
8
192 204 205 191 203 193 202 194 
1
193 
1
194 
1
195 
1
196 
7
197 195 196 201 198 199 200 
3
198 199 200 
1
199 
1
200 
1
201 
2
202 194 
4
203 193 202 194 
1
204 
2
205 191 
2
206 190 
1
207 
1
208 
1
209 
1
210 
1
211 
2
212 213 
1
213 
1
214 
1
215 
1
216 
1
217 
1
218 
1
219 
1
220 
1
221 
1
222 
1
223 
2
224 223 
1
225 
1
226 
2
227 226 
1
228 
1
229 
2
230 229 
1
231 
1
232 
1
233 
1
234 
2
235 234 
1
236 
1
237 
1
238 
1
239 
1
240 
1
241 
1
242 
1
243 
1
244 
2
245 246 
1
246 
1
247 
2
248 249 
1
249 
1
250 
1
251 
2
252 251 
1
253 
1
254 
2
255 254 
1
256 
1
257 
1
258 
1
259 
2
260 261 
1
261 
1
262 
1
263 
1
264 
1
265 
2
266 265 
1
267 
2
268 269 
1
269 
1
270 
1
271 
1
272 
1
273 
1
274 
1
275 
1
276 
1
277 
2
278 277 
1
279 
1
280 
17
281 280 508 573 243 244 496 495 483 457 500 276 278 277 486 603 279 
1
282 
1
283 
1
284 
1
285 
1
286 
2
287 288 
1
288 
1
289 
1
290 
1
291 
1
292 
1
293 
1
294 
1
295 
2
296 297 
1
297 
1
298 
1
299 
2
300 299 
1
301 
1
302 
1
303 
2
304 303 
1
305 
1
306 
1
307 
1
308 
2
309 308 
1
310 
1
311 
2
312 339 
1
313 
6
314 337 336 315 316 335 
1
315 
2
316 335 
14
317 334 314 337 336 315 316 335 331 320 319 332 318 333 
2
318 333 
4
319 332 318 333 
1
320 
1
321 
2
322 329 
6
323 328 326 327 324 325 
1
324 
1
325 
4
326 327 324 325 
1
327 
1
328 
1
329 
10
330 321 322 329 323 328 326 327 324 325 
6
331 320 319 332 318 333 
1
332 
1
333 
1
334 
1
335 
4
336 315 316 335 
1
337 
4
338 313 312 339 
1
339 
2
340 311 
1
341 
2
342 343 
1
343 
1
344 
1
345 
1
346 
1
347 
1
348 
1
349 
1
350 
2
351 350 
1
352 
1
353 
2
354 353 
1
355 
1
356 
1
357 
1
358 
1
359 
2
360 359 
1
361 
1
362 
1
363 
1
364 
1
365 
1
366 
1
367 
1
368 
1
369 
1
370 
1
371 
2
372 373 
1
373 
1
374 
1
375 
2
376 377 
1
377 
1
378 
2
379 380 
1
380 
1
381 
2
382 383 
1
383 
1
384 
1
385 
1
386 
1
387 
1
388 
1
389 
1
390 
1
391 
1
392 
1
393 
1
394 
2
395 396 
1
396 
1
397 
1
398 
1
399 
2
400 399 
1
401 
1
402 
1
403 
1
404 
2
405 406 
1
406 
1
407 
2
408 409 
1
409 
1
410 
1
411 
2
412 411 
1
413 
1
414 
1
415 
1
416 
1
417 
2
418 417 
1
419 
1
420 
1
421 
1
422 
1
423 
1
424 
1
425 
1
426 
1
427 
2
428 12 
1
429 
1
430 
1
431 
1
432 
1
433 
1
434 
3
435 0 436 
1
436 
1
437 
1
438 
31
439 678 437 705 706 703 687 155 156 708 367 368 704 697 707 710 366 365 712 709 450 674 668 702 688 685 157 684 677 700 701 
1
440 
1
441 
11
442 482 454 480 586 247 245 246 507 248 249 
6
443 607 164 611 233 232 
1
444 
7
445 554 53 639 117 116 54 
3
446 656 286 
6
447 718 293 716 357 292 
1
448 
1
449 
4
450 674 668 702 
2
451 625 
4
452 591 543 387 
2
453 524 
2
454 480 
21
455 473 487 250 472 259 260 261 556 262 263 467 257 255 254 258 256 488 253 252 251 
3
456 499 267 
8
457 500 276 278 277 486 603 279 
1
458 
9
459 699 698 643 369 370 620 451 625 
5
460 630 374 372 373 
32
461 596 692 682 691 696 152 695 150 149 151 595 147 148 145 146 519 537 535 520 522 139 140 141 138 536 593 142 463 594 144 143 
1
462 
4
463 594 144 143 
7
464 581 608 604 585 161 160 
3
465 398 530 
1
466 
10
467 257 255 254 258 256 488 253 252 251 
4
468 635 382 383 
4
469 134 133 135 
2
470 86 
9
471 588 600 126 125 124 555 128 127 
7
472 259 260 261 556 262 263 
1
473 
4
474 264 266 265 
4
475 432 3 2 
16
476 528 465 398 530 41 40 39 517 546 547 397 395 396 394 42 
5
477 401 400 399 448 
1
478 
1
479 
1
480 
5
481 474 264 266 265 
1
482 
1
483 
1
484 
83
485 484 275 274 481 474 264 266 265 497 273 498 270 271 268 269 272 456 499 267 442 482 454 480 586 247 245 246 507 248 249 455 473 487 250 472 259 260 261 556 262 263 467 257 255 254 258 256 488 253 252 251 571 458 242 560 494 506 241 564 562 575 574 563 283 282 281 280 508 573 243 244 496 495 483 457 500 276 278 277 486 603 279 
1
486 
2
487 250 
4
488 253 252 251 
7
489 38 477 401 400 399 448 
1
490 
6
491 462 478 136 527 493 
2
492 501 
1
493 
2
494 506 
2
495 483 
1
496 
11
497 273 498 270 271 268 269 272 456 499 267 
6
498 270 271 268 269 272 
2
499 267 
4
500 276 278 277 
1
501 
8
502 613 532 592 632 384 637 385 
1
503 
10
504 525 492 501 521 523 137 533 453 524 
1
505 
1
506 
1
507 
15
508 573 243 244 496 495 483 457 500 276 278 277 486 603 279 
2
509 503 
2
510 539 
1
511 
1
512 
6
513 542 544 389 390 388 
7
514 512 441 452 591 543 387 
24
515 510 539 545 393 392 529 538 540 391 513 542 544 389 390 388 43 514 512 441 452 591 543 387 
61
516 511 509 503 634 518 633 386 531 636 515 510 539 545 393 392 529 538 540 391 513 542 544 389 390 388 43 514 512 441 452 591 543 387 589 505 526 479 490 469 134 133 135 45 491 462 478 136 527 493 44 504 525 492 501 521 523 137 533 453 524 
7
517 546 547 397 395 396 394 
1
518 
16
519 537 535 520 522 139 140 141 138 536 593 142 463 594 144 143 
1
520 
6
521 523 137 533 453 524 
5
522 139 140 141 138 
1
523 
1
524 
1
525 
7
526 479 490 469 134 133 135 
2
527 493 
1
528 
2
529 538 
1
530 
2
531 636 
1
532 
1
533 
123
534 541 615 614 616 617 502 613 532 592 632 637 618 468 635 382 383 626 627 619 624 642 371 460 630 374 372 373 631 378 628 375 376 377 629 381 379 380 461 596 692 682 691 696 152 695 150 149 151 595 147 148 145 146 519 537 535 520 522 139 140 141 138 536 593 142 463 594 144 143 634 518 504 525 501 521 523 533 453 524 689 693 153 680 681 622 690 683 549 623 621 548 459 699 698 370 620 451 625 503 531 636 491 462 137 509 689 693 153 680 681 622 690 683 549 623 621 548 699 698 620 451 625 
7
535 520 522 139 140 141 138 
7
536 593 142 463 594 144 143 
1
537 
1
538 
1
539 
2
540 391 
1
541 
1
542 
2
543 387 
4
544 389 390 388 
7
545 393 392 529 538 540 391 
1
546 
5
547 397 395 396 394 
1
548 
1
549 
4
550 551 55 115 
2
551 55 
12
552 50 444 640 121 122 49 47 48 597 641 123 
2
553 52 
1
554 
1
555 
3
556 262 263 
5
557 404 403 651 402 
6
558 602 132 130 131 598 
17
559 36 35 449 37 557 404 403 651 402 489 38 477 401 400 399 448 
3
560 494 506 
1
561 
1
562 
1
563 
9
564 562 561 575 574 563 572 283 282 
1
565 
2
566 567 
1
567 
14
568 565 566 567 654 653 284 672 569 570 713 364 711 661 
2
569 570 
1
570 
33
571 458 242 560 494 506 241 564 562 561 575 574 563 572 283 282 281 280 508 573 243 244 496 495 483 457 500 276 278 277 486 603 279 
1
572 
4
573 243 244 496 
1
574 
4
575 574 563 572 
1
576 
3
577 671 670 
2
578 438 
5
579 580 576 578 438 
1
580 
1
581 
1
582 
1
583 
90
584 240 582 577 671 670 579 580 576 578 438 609 159 605 669 158 686 676 675 673 568 565 567 672 569 570 154 694 679 439 678 437 705 706 703 687 155 156 704 697 707 450 674 668 702 688 685 157 684 677 700 701 561 572 154 694 679 643 369 439 678 437 705 706 703 687 155 156 708 367 368 704 697 707 710 366 365 712 709 450 674 668 702 688 685 157 684 677 700 701 
1
585 
7
586 247 245 246 507 248 249 
11
587 440 558 602 132 130 131 598 599 601 129 
8
588 600 126 125 124 555 128 127 
27
589 505 526 479 490 469 134 133 135 45 491 462 478 136 527 493 44 504 525 492 501 521 523 137 533 453 524 
58
590 46 471 588 600 126 125 124 555 128 127 587 440 558 602 132 130 131 598 599 601 129 552 50 444 640 121 122 49 47 48 597 641 123 526 479 490 469 134 133 135 478 136 527 493 492 638 119 118 553 52 51 120 445 554 53 639 117 
1
591 
5
592 632 384 637 385 
2
593 142 
3
594 144 143 
5
595 147 148 145 146 
1
596 
3
597 641 123 
1
598 
3
599 601 129 
7
600 126 125 124 555 128 127 
2
601 129 
4
602 132 130 131 
2
603 279 
4
604 585 161 160 
2
605 669 
3
606 162 163 
2
607 164 
1
608 
9
609 159 605 669 158 686 676 675 673 
4
610 236 235 234 
3
611 233 232 
28
612 238 237 583 610 236 235 234 606 162 163 443 607 164 611 233 232 741 740 165 239 464 581 608 604 585 161 160 
1
613 
1
614 
4
615 614 616 617 
2
616 617 
1
617 
26
618 468 635 382 383 626 627 619 624 642 371 460 630 374 372 373 631 378 628 375 376 377 629 381 379 380 
9
619 624 642 371 460 630 374 372 373 
3
620 451 625 
1
621 
2
622 690 
3
623 621 548 
1
624 
1
625 
2
626 627 
1
627 
4
628 375 376 377 
4
629 381 379 380 
4
630 374 372 373 
10
631 378 628 375 376 377 629 381 379 380 
3
632 384 637 
2
633 386 
6
634 518 633 386 531 636 
1
635 
1
636 
1
637 
14
638 119 118 553 52 51 120 445 554 53 639 117 116 54 
2
639 117 
3
640 121 122 
2
641 123 
7
642 371 460 630 374 372 373 
3
643 369 370 
3
644 110 60 
1
645 
29
646 645 59 111 58 113 112 466 114 57 56 550 551 55 115 638 119 118 553 52 51 120 445 554 53 639 117 116 54 
6
647 108 63 109 62 61 
17
648 65 105 66 104 107 106 64 647 108 63 109 62 61 644 110 60 
47
649 67 103 68 102 650 101 69 71 70 100 99 72 648 65 105 66 104 107 106 64 647 108 63 109 62 61 644 110 60 646 645 59 111 58 113 112 466 114 57 56 550 551 55 115 116 54 
8
650 101 69 71 70 100 99 72 
1
651 
1
652 
1
653 
3
654 653 284 
1
655 
2
656 286 
1
657 
1
658 
6
659 289 657 290 287 288 
1
660 
1
661 
6
662 652 660 663 655 285 
3
663 655 285 
2
664 291 
4
665 664 291 358 
15
666 658 361 360 359 659 289 657 290 287 288 665 664 291 358 
12
667 362 363 446 656 286 662 652 660 663 655 285 
2
668 702 
1
669 
1
670 
1
671 
7
672 569 570 713 364 711 661 
1
673 
1
674 
2
675 673 
1
676 
1
677 
5
678 437 705 706 703 
1
679 
2
680 681 
1
681 
1
682 
5
683 549 623 621 548 
4
684 677 700 701 
1
685 
4
686 676 675 673 
3
687 155 156 
7
688 685 157 684 677 700 701 
0

1
690 
1
691 
3
692 682 691 
3
693 154 153 
4
694 679 622 690 
4
695 150 149 151 
11
696 152 695 150 149 151 595 147 148 145 146 
1
697 
1
698 
1
699 
2
700 701 
1
701 
1
702 
1
703 
3
704 697 707 
2
705 706 
1
706 
1
707 
6
708 367 368 704 697 707 
1
709 
16
710 366 365 712 709 450 674 668 702 688 685 157 684 677 700 701 
2
711 661 
2
712 709 
4
713 364 711 661 
1
714 
15
715 717 295 355 356 294 447 718 293 716 357 292 714 354 353 
2
716 357 
2
717 295 
1
718 
1
719 
68
405 559 36 35 449 37 557 404 403 651 402 489 38 477 401 400 399 448 476 528 465 398 530 41 40 39 517 546 547 397 395 396 394 42 516 511 515 510 539 545 393 392 529 538 540 391 513 542 544 389 390 388 43 514 512 543 387 589 505 45 44 384 385 633 386 441 452 591 
2
721 34 
13
722 29 412 411 27 28 723 724 30 410 719 408 409 
7
723 724 30 410 719 408 409 
1
724 
4
725 414 26 413 
11
726 416 24 25 415 725 414 26 413 23 22 
5
727 419 21 418 417 
31
16 15 425 424 14 426 13 427 10 430 11 429 428 12 9 431 475 432 3 2 4 7 6 5 8 1 434 433 435 0 436 
17
729 17 423 16 15 425 424 14 426 13 427 10 430 11 429 428 12 
1
730 
6
731 298 732 352 296 297 
1
732 
51
447 718 716 292 666 658 361 360 359 659 289 657 290 287 288 665 664 291 358 667 362 363 446 656 286 662 652 660 663 655 285 566 654 653 284 713 364 711 661 459 643 369 370 708 367 368 710 366 365 712 709 
2
734 301 
30
735 734 301 349 730 351 350 300 299 731 298 732 352 296 297 715 717 295 355 356 294 447 718 293 716 357 292 714 354 353 
3
736 305 346 
10
737 307 344 342 343 345 306 736 305 346 
32
341 340 338 313 339 317 334 314 337 336 315 316 335 331 320 319 332 318 333 330 321 322 329 323 328 326 327 324 325 310 311 312 
3
739 167 166 
2
740 165 
7
741 231 739 167 166 740 165 
1
742 
1
743 
24
744 228 743 168 230 229 742 170 169 227 226 746 747 225 171 745 173 172 224 223 750 749 222 174 
1
745 
9
746 747 225 171 745 173 172 224 223 
2
747 225 
10
748 221 175 220 177 176 219 751 178 218 
1
749 
4
750 749 222 174 
3
751 178 218 
17
752 180 216 181 215 217 179 748 221 175 220 177 176 219 751 178 218 
3
753 214 182 
44
754 231 167 748 175 177 219 178 744 743 230 742 169 226 747 171 173 224 750 222 739 166 228 168 229 170 227 746 225 745 172 223 752 180 216 217 179 221 220 176 751 218 749 174 
46
755 733 302 304 737 344 343 306 305 735 301 730 350 299 738 308 734 349 351 300 731 298 732 352 296 297 715 717 295 355 356 294 293 357 714 354 353 309 348 347 303 307 342 345 736 346 
48
756 32 728 20 727 21 417 416 25 725 26 23 722 412 27 723 30 719 409 720 407 721 34 31 33 406 29 411 724 410 408 414 413 28 421 19 420 422 18 419 418 726 24 415 22 729 17 423 
