15
621 619 660 556 558 557 506 497 692 519 694 695 696 697 698 
699
1
0 
1
1 
4
2 463 0 1 
1
3 
9
4 461 462 3 460 2 463 0 1 
1
5 
1
6 
1
7 
2
8 7 
1
9 
1
10 
1
11 
1
12 
1
13 
1
14 
1
15 
2
16 17 
1
17 
1
18 
1
19 
1
20 
1
21 
1
22 
2
23 22 
3
24 23 22 
1
25 
2
26 27 
1
27 
2
28 29 
1
29 
2
30 31 
1
31 
1
32 
1
33 
1
34 
1
35 
1
36 
1
37 
1
38 
1
39 
1
40 
1
41 
3
42 43 41 
1
43 
1
44 
1
45 
2
46 45 
1
47 
1
48 
1
49 
1
50 
1
51 
2
52 51 
1
53 
1
54 
1
55 
1
56 
2
57 56 
1
58 
1
59 
1
60 
1
61 
1
62 
1
63 
3
64 65 66 
1
65 
1
66 
1
67 
1
68 
1
69 
1
70 
1
71 
1
72 
1
73 
1
74 
1
75 
1
76 
1
77 
23
78 480 157 156 526 527 155 154 81 80 79 572 84 83 152 485 153 82 151 632 588 158 77 
1
79 
2
80 79 
1
81 
1
82 
1
83 
1
84 
1
85 
2
86 87 
1
87 
1
88 
1
89 
2
90 89 
1
91 
1
92 
2
93 94 
1
94 
1
95 
1
96 
2
97 96 
1
98 
1
99 
2
100 99 
1
101 
1
102 
3
103 131 132 
1
104 
2
105 129 
2
106 128 
1
107 
1
108 
3
109 110 108 
1
110 
5
111 107 109 110 108 
30
112 127 106 128 130 104 105 129 103 131 132 111 107 109 110 108 123 115 124 114 113 125 126 122 116 121 117 120 118 119 
3
113 125 126 
1
114 
1
115 
1
116 
1
117 
1
118 
1
119 
3
120 118 119 
5
121 117 120 118 119 
7
122 116 121 117 120 118 119 
14
123 115 124 114 113 125 126 122 116 121 117 120 118 119 
2
124 114 
1
125 
1
126 
1
127 
1
128 
1
129 
7
130 104 105 129 103 131 132 
1
131 
1
132 
1
133 
1
134 
1
135 
1
136 
1
137 
1
138 
2
139 138 
1
140 
1
141 
1
142 
2
143 142 
1
144 
1
145 
1
146 
1
147 
1
148 
2
149 148 
1
150 
1
151 
1
152 
1
153 
1
154 
1
155 
1
156 
2
157 156 
1
158 
2
159 160 
1
160 
1
161 
1
162 
1
163 
1
164 
2
165 164 
1
166 
1
167 
1
168 
2
169 170 
1
170 
2
171 591 
1
172 
1
173 
1
174 
5
175 173 172 176 174 
1
176 
1
177 
2
178 179 
1
179 
1
180 
1
181 
1
182 
2
183 182 
3
184 183 182 
1
185 
1
186 
1
187 
4
188 187 186 189 
1
189 
1
190 
2
191 192 
1
192 
1
193 
1
194 
1
195 
1
196 
1
197 
1
198 
3
199 555 554 
1
200 
1
201 
1
202 
1
203 
2
204 203 
1
205 
1
206 
1
207 
1
208 
1
209 
1
210 
2
211 210 
1
212 
1
213 
1
214 
2
215 214 
1
216 
1
217 
1
218 
1
219 
2
220 221 
1
221 
1
222 
1
223 
1
224 
1
225 
1
226 
1
227 
1
228 
1
229 
1
230 
5
231 265 264 232 266 
1
232 
31
233 263 262 235 234 236 261 260 237 253 238 259 240 252 239 251 241 242 250 243 249 244 248 247 245 246 254 257 258 255 256 
1
234 
1
235 
4
236 261 260 237 
1
237 
2
238 259 
1
239 
3
240 252 239 
1
241 
2
242 250 
2
243 249 
5
244 248 247 245 246 
1
245 
1
246 
3
247 245 246 
1
248 
1
249 
1
250 
11
251 241 242 250 243 249 244 248 247 245 246 
1
252 
6
253 238 259 240 252 239 
5
254 257 258 255 256 
2
255 256 
1
256 
1
257 
1
258 
1
259 
2
260 237 
1
261 
3
262 235 234 
1
263 
2
264 232 
1
265 
1
266 
1
267 
1
268 
1
269 
1
270 
1
271 
1
272 
2
273 272 
3
274 273 272 
2
275 276 
1
276 
1
277 
1
278 
1
279 
2
280 281 
1
281 
1
282 
1
283 
1
284 
2
285 284 
1
286 
1
287 
1
288 
1
289 
1
290 
1
291 
2
292 291 
1
293 
1
294 
1
295 
1
296 
1
297 
1
298 
2
299 298 
1
300 
1
301 
1
302 
1
303 
1
304 
8
305 674 308 673 495 675 309 310 
2
306 307 
1
307 
1
308 
1
309 
1
310 
1
311 
1
312 
1
313 
1
314 
1
315 
1
316 
2
317 316 
1
318 
2
319 320 
1
320 
1
321 
1
322 
1
323 
1
324 
1
325 
1
326 
2
327 326 
1
328 
1
329 
1
330 
1
331 
2
332 331 
1
333 
1
334 
1
335 
2
336 335 
2
337 338 
1
338 
1
339 
1
340 
1
341 
1
342 
2
343 342 
1
344 
1
345 
1
346 
2
347 346 
1
348 
1
349 
1
350 
1
351 
8
352 379 380 351 693 350 381 349 
21
353 378 377 354 355 376 629 373 358 375 356 374 357 352 379 380 351 693 350 381 349 
1
354 
2
355 376 
1
356 
1
357 
1
358 
1
359 
1
360 
1
361 
2
362 363 
1
363 
4
364 362 363 361 
7
365 360 364 362 363 361 366 
1
366 
1
367 
1
368 
1
369 
5
370 368 369 371 367 
1
371 
1
372 
1
373 
1
374 
4
375 356 374 357 
1
376 
1
377 
1
378 
1
379 
1
380 
1
381 
1
382 
1
383 
2
384 383 
1
385 
1
386 
1
387 
1
388 
1
389 
1
390 
1
391 
1
392 
2
393 392 
9
394 482 337 338 339 569 336 335 395 
1
395 
1
396 
1
397 
2
398 397 
1
399 
1
400 
2
401 400 
1
402 
1
403 
1
404 
2
405 406 
1
406 
1
407 
1
408 
1
409 
2
410 411 
1
411 
1
412 
2
413 628 
29
414 661 464 653 651 649 47 46 45 647 656 48 49 646 50 52 51 650 644 648 625 645 53 655 55 54 502 57 56 
1
415 
1
416 
1
417 
2
418 419 
1
419 
1
420 
1
421 
1
422 
1
423 
2
424 423 
1
425 
1
426 
1
427 
1
428 
3
429 428 427 
4
430 429 428 427 
4
431 508 571 426 
1
432 
1
433 
1
434 
2
435 434 
1
436 
2
437 438 
1
438 
1
439 
1
440 
2
441 440 
1
442 
1
443 
1
444 
1
445 
1
446 
1
447 
1
448 
1
449 
1
450 
1
451 
2
452 451 
1
453 
1
454 
1
455 
5
456 457 458 459 455 
1
457 
1
458 
1
459 
1
460 
1
461 
2
462 3 
2
463 0 
1
464 
1
465 
1
466 
1
467 
3
468 590 198 
10
469 541 538 33 32 507 30 31 28 29 
1
470 
11
471 634 635 636 295 296 478 637 297 299 298 
5
472 510 180 178 179 
3
473 568 324 
2
474 676 
1
475 
33
476 576 399 531 330 332 331 534 396 398 397 498 334 333 543 402 401 400 532 328 329 327 326 517 577 403 404 533 325 516 407 405 406 
11
477 570 69 499 71 70 72 545 546 73 74 
5
478 637 297 299 298 
1
479 
1
480 
34
481 573 433 529 25 432 491 26 27 469 541 538 33 32 507 30 31 28 29 537 35 492 687 425 36 34 431 508 571 426 430 429 428 427 
3
482 337 338 
11
483 389 341 343 342 690 387 386 691 344 388 
15
484 98 137 139 138 525 135 136 100 99 134 559 133 102 101 
3
485 153 82 
7
486 442 18 441 440 16 17 
1
487 
3
488 282 213 
8
489 222 223 274 273 272 220 221 
2
490 602 
3
491 26 27 
3
492 687 425 
5
493 181 184 183 182 
2
494 177 
4
495 675 309 310 
1
496 
57
497 475 542 318 317 316 410 411 515 409 408 568 512 593 322 323 514 321 319 320 633 574 595 596 311 594 315 314 575 313 312 659 626 474 676 513 412 511 680 305 674 308 673 495 675 309 310 306 307 660 669 413 628 661 464 648 473 
3
498 334 333 
4
499 71 70 72 
10
500 21 20 24 23 22 536 436 435 434 
7
501 37 686 422 424 423 421 
3
502 57 56 
5
503 88 147 90 89 
1
504 
1
505 
45
684 269 227 228 268 685 267 229 230 231 265 264 232 266 233 263 262 235 234 236 261 260 237 253 238 259 240 252 239 251 241 242 250 243 249 244 248 247 245 246 254 257 258 255 256 
5
507 30 31 28 29 
3
508 571 426 
12
509 190 185 188 187 186 189 493 181 184 183 182 
4
510 180 178 179 
1
511 
4
512 593 322 323 
4
513 412 511 680 
4
514 321 319 320 
14
515 409 408 473 568 324 512 593 322 323 514 321 319 320 
4
516 407 405 406 
10
517 577 403 404 533 325 516 407 405 406 
7
518 5 456 457 458 459 455 
38
519 359 372 370 368 369 371 367 365 360 364 362 363 361 366 348 382 353 378 377 354 355 376 629 373 358 375 356 374 357 352 379 380 351 693 350 381 349 
6
520 552 521 166 165 164 
4
521 166 165 164 
1
522 
1
523 
5
524 95 140 97 96 
6
525 135 136 100 99 134 
7
526 527 155 154 81 80 79 
1
527 
9
528 285 284 211 210 560 561 283 212 
2
529 25 
2
530 194 
4
531 330 332 331 
5
532 328 329 327 326 
2
533 325 
7
534 396 398 397 498 334 333 
5
535 68 598 600 616 
4
536 436 435 434 
15
537 35 492 687 425 36 34 431 508 571 426 430 429 428 427 
3
538 33 32 
28
539 39 38 470 679 420 417 501 37 686 422 424 423 421 418 419 678 416 677 415 654 44 505 42 43 41 631 40 
12
540 150 149 148 86 87 503 88 147 90 89 85 
1
541 
4
542 318 317 316 
4
543 402 401 400 
4
544 453 6 454 
4
545 546 73 74 
3
546 73 74 
21
547 586 548 75 522 520 552 521 166 165 164 549 587 161 159 160 162 76 550 163 551 
3
548 75 522 
10
549 587 161 159 160 162 76 550 163 551 
3
550 163 551 
1
551 
1
552 
4
553 523 167 467 
1
554 
1
555 
26
556 468 168 555 554 613 585 583 601 553 523 467 581 584 612 465 578 580 547 586 490 602 582 615 579 199 
43
557 589 614 196 195 197 169 170 567 494 177 530 194 171 591 175 173 172 176 174 630 193 191 192 472 510 180 178 179 509 190 185 188 187 186 189 493 181 184 183 182 590 198 
47
97 96 484 98 137 139 138 525 135 136 100 99 134 559 133 102 101 112 127 106 128 130 104 105 129 103 131 132 111 107 109 110 108 123 115 124 114 113 125 126 122 116 121 117 120 118 119 
4
559 133 102 101 
4
560 561 283 212 
2
561 283 
20
562 563 209 208 286 287 564 207 487 206 608 605 565 288 566 202 205 289 204 203 
3
563 209 208 
4
564 207 487 206 
1
565 
3
566 202 205 
7
567 494 177 530 194 171 591 
2
568 324 
4
569 336 335 395 
2
570 69 
1
571 
8
572 84 83 152 485 153 82 151 
2
573 433 
1
574 
3
575 313 312 
2
576 399 
3
577 403 404 
2
578 580 
1
579 
1
580 
17
581 584 612 465 578 580 477 570 69 499 71 70 72 545 546 73 74 
56
582 615 599 597 610 294 579 535 68 598 600 616 642 63 479 641 643 688 67 64 65 66 665 670 671 300 666 672 302 301 471 634 635 636 295 296 478 637 297 299 298 668 303 667 504 304 657 662 663 664 681 640 61 624 60 62 
2
583 601 
1
584 
1
585 
1
586 
1
587 
1
588 
5
589 614 196 195 197 
2
590 198 
1
591 
6
592 145 91 144 92 146 
1
593 
6
594 315 314 575 313 312 
3
595 596 311 
2
596 311 
1
597 
1
598 
2
599 597 
2
600 616 
1
601 
1
602 
1
603 
6
604 201 603 490 602 200 
1
605 
2
606 607 
1
607 
10
608 605 565 288 566 202 205 289 204 203 
35
609 290 466 611 293 292 291 606 607 604 201 603 490 602 200 562 563 209 208 286 287 564 207 487 206 608 605 565 288 566 202 205 289 204 203 
3
610 294 579 
4
611 293 292 291 
2
612 465 
8
613 585 583 601 553 523 167 467 
4
614 196 195 197 
1
615 
1
616 
1
617 
5
618 15 444 443 445 
72
443 486 442 18 441 440 16 17 623 439 622 19 437 438 500 21 20 24 23 22 536 436 435 434 481 573 433 529 25 432 491 26 27 469 541 538 33 32 507 30 31 28 29 537 35 492 687 425 36 34 431 508 571 426 430 429 428 427 539 39 38 470 679 420 501 37 686 422 424 423 421 419 
5
620 448 11 447 12 
42
621 450 9 10 620 11 12 452 451 8 7 544 453 6 454 518 5 456 457 458 459 455 4 461 462 3 460 2 463 0 1 449 448 447 619 13 446 14 618 15 444 445 
2
622 19 
16
623 439 622 19 437 438 500 21 20 24 23 22 536 436 435 434 
1
624 
1
625 
1
626 
20
627 279 217 216 215 214 280 281 488 282 213 528 285 284 211 210 560 561 283 212 
1
628 
7
629 373 358 375 356 374 357 
21
630 193 191 192 472 510 180 178 179 509 190 185 188 187 186 189 493 181 184 183 182 
2
631 40 
4
632 588 158 77 
11
633 574 595 596 311 594 315 314 575 313 312 
1
634 
9
635 636 295 296 478 637 297 299 298 
3
636 295 296 
4
637 297 299 298 
4
638 639 59 58 
3
639 59 58 
5
640 61 624 60 62 
1
641 
29
642 63 479 641 643 688 67 64 65 66 665 670 671 300 666 672 302 301 471 634 635 636 295 296 478 637 297 299 298 
1
643 
1
644 
8
645 53 655 55 54 502 57 56 
4
646 50 52 51 
8
647 656 48 49 646 50 52 51 
2
648 625 
4
649 47 46 45 
12
650 644 648 625 645 53 655 55 54 502 57 56 
1
651 
1
652 
6
653 651 649 47 46 45 
6
654 44 505 42 43 41 
3
655 55 54 
3
656 48 49 
3
657 662 663 
6
658 496 638 639 59 58 
18
659 626 474 676 513 412 511 680 305 674 308 673 495 675 309 310 306 307 
60
658 638 639 59 599 597 535 68 598 600 616 642 63 479 641 643 688 67 64 65 66 665 670 671 300 666 672 302 301 471 634 635 636 295 296 478 637 297 299 298 668 303 667 504 657 662 663 664 681 640 61 624 60 62 570 69 652 496 58 304 
2
661 464 
1
662 
1
663 
7
664 681 640 61 624 60 62 
19
665 670 671 300 666 672 302 301 471 634 635 636 295 296 478 637 297 299 298 
4
666 672 302 301 
1
667 
15
668 303 667 504 304 657 662 663 664 681 640 61 624 60 62 
1
669 
3
670 671 300 
2
671 300 
3
672 302 301 
1
673 
2
674 308 
3
675 309 310 
1
676 
1
677 
12
678 416 677 415 654 44 505 42 43 41 631 40 
3
679 420 417 
1
680 
1
681 
18
682 617 391 393 392 340 390 483 389 341 343 342 690 387 386 691 344 388 
4
683 271 224 225 
11
684 269 227 228 268 270 226 683 271 224 225 
9
685 267 229 230 231 265 264 232 266 
2
686 422 
2
687 425 
5
688 67 64 65 66 
5
689 385 345 347 346 
6
690 387 386 691 344 388 
2
691 344 
69
692 384 383 689 385 345 347 346 682 617 391 393 392 340 390 483 389 341 343 342 690 387 386 691 344 388 394 482 337 338 339 569 336 335 395 476 576 399 531 330 332 331 534 396 398 397 498 334 333 543 402 401 400 532 328 329 327 326 517 577 403 404 533 325 516 407 405 406 324 
4
693 350 381 349 
40
694 499 72 546 74 548 522 552 166 164 587 159 162 550 551 78 157 80 632 158 70 167 477 71 545 73 75 520 521 165 549 161 160 76 163 480 156 79 588 77 
39
695 609 466 293 291 607 201 200 563 208 287 207 206 605 288 202 289 203 610 528 210 290 611 292 606 604 603 562 209 286 564 487 608 565 566 205 204 294 285 
41
696 649 46 656 49 50 51 644 645 655 54 56 417 678 677 654 505 43 631 414 651 47 647 48 646 52 650 625 53 55 502 57 416 415 44 42 41 653 45 40 418 
41
697 540 154 152 151 558 592 91 92 150 148 87 88 90 572 485 143 142 141 93 94 95 145 144 146 149 86 503 147 89 83 82 155 85 84 153 140 524 526 527 81 
39
698 212 217 280 213 506 277 278 276 222 274 220 279 214 282 219 218 275 489 223 273 272 221 683 271 224 225 216 281 284 561 627 215 488 211 560 283 270 226 
