15
484 474 457 500 525 172 101 108 532 235 302 291 522 360 391 
558
2
0 498 
1
1 
1
2 
1
3 
1
4 
1
5 
3
6 5 4 
6
7 3 6 5 4 2 
13
8 1 497 495 496 0 498 7 3 6 5 4 2 
2
9 494 
5
10 492 493 9 494 
1
11 
2
12 13 
1
13 
1
14 
1
15 
3
16 488 15 
1
17 
1
18 
1
19 
1
20 
1
21 
2
22 481 
1
23 
1
24 
2
25 478 
1
26 
2
27 476 
4
28 475 27 476 
1
29 
1
30 
2
31 471 
5
32 470 33 469 34 
1
33 
1
34 
2
35 468 
9
36 467 35 468 32 470 33 469 34 
2
37 466 
4
38 465 37 466 
2
39 464 
18
40 463 462 41 39 464 38 465 37 466 460 43 42 461 459 44 45 458 
1
41 
2
42 461 
1
43 
1
44 
2
45 458 
1
46 
2
47 456 
1
48 
1
49 
2
50 453 
2
51 52 
1
52 
1
53 
2
54 55 
1
55 
1
56 
1
57 
1
58 
3
59 509 62 
2
60 61 
1
61 
1
62 
1
63 
1
64 
1
65 
1
66 
1
67 
1
68 
1
69 
2
70 69 
1
71 
1
72 
2
73 72 
1
74 
1
75 
1
76 
2
77 76 
1
78 
1
79 
1
80 
1
81 
1
82 
1
83 
1
84 
1
85 
2
86 168 
1
87 
6
88 166 167 87 86 168 
12
89 165 163 91 90 164 88 166 167 87 86 168 
2
90 164 
1
91 
1
92 
2
93 161 
2
94 160 
6
95 159 96 158 94 160 
2
96 158 
1
97 
2
98 156 
2
99 155 
2
100 154 
31
101 153 100 154 99 155 157 97 98 156 162 92 93 161 95 159 96 158 94 160 147 148 106 102 152 103 151 105 149 104 150 
8
102 152 103 151 105 149 104 150 
2
103 151 
2
104 150 
4
105 149 104 150 
1
106 
2
107 147 
40
108 146 107 109 145 144 110 143 111 142 112 141 113 114 140 116 138 137 117 115 139 118 136 120 134 119 135 121 133 132 122 123 131 130 124 129 128 126 127 125 
12
109 145 144 110 143 111 142 112 141 113 114 140 
1
110 
1
111 
1
112 
1
113 
2
114 140 
2
115 139 
15
116 138 137 117 115 139 118 136 120 134 119 135 121 133 132 
1
117 
2
118 136 
2
119 135 
7
120 134 119 135 121 133 132 
3
121 133 132 
10
122 123 131 130 124 129 128 126 127 125 
1
123 
2
124 129 
1
125 
2
126 127 
1
127 
4
128 126 127 125 
1
129 
1
130 
2
131 130 
1
132 
1
133 
1
134 
1
135 
1
136 
2
137 117 
1
138 
1
139 
1
140 
4
141 113 114 140 
2
142 112 
2
143 111 
4
144 110 143 111 
1
145 
1
146 
1
147 
2
148 106 
1
149 
1
150 
1
151 
1
152 
1
153 
1
154 
1
155 
1
156 
4
157 97 98 156 
1
158 
1
159 
1
160 
1
161 
10
162 92 93 161 95 159 96 158 94 160 
4
163 91 90 164 
1
164 
1
165 
1
166 
2
167 87 
1
168 
4
169 85 170 84 
2
170 84 
2
171 83 
34
172 82 171 83 169 85 170 84 89 165 163 91 90 164 88 166 167 87 86 168 81 551 80 173 174 73 72 75 538 74 77 76 78 79 
2
173 174 
1
174 
1
175 
1
176 
2
177 228 
4
178 227 177 228 
2
179 226 
14
180 225 179 226 224 178 227 177 228 552 182 223 181 222 
1
181 
1
182 
1
183 
1
184 
1
185 
1
186 
1
187 
2
188 187 
2
189 190 
1
190 
9
191 188 187 555 185 184 186 189 190 
1
192 
1
193 
1
194 
1
195 
1
196 
1
197 
2
198 197 
1
199 
2
200 199 
9
201 198 197 514 196 195 194 200 199 
4
202 513 508 212 
10
203 207 510 209 208 210 211 204 205 206 
3
204 205 206 
1
205 
1
206 
1
207 
1
208 
1
209 
1
210 
1
211 
1
212 
1
213 
8
214 531 220 219 218 215 216 217 
3
215 216 217 
1
216 
1
217 
1
218 
1
219 
3
220 219 218 
1
221 
1
222 
1
223 
1
224 
1
225 
1
226 
1
227 
1
228 
1
229 
1
230 
1
231 
1
232 
2
233 232 
1
234 
22
235 320 236 319 318 237 322 233 232 321 234 323 528 332 329 331 330 327 328 326 325 324 
2
236 319 
1
237 
2
238 317 
4
239 316 238 317 
2
240 315 
10
241 314 313 242 240 315 239 316 238 317 
1
242 
1
243 
1
244 
2
245 310 
4
246 309 245 310 
1
247 
1
248 
1
249 
1
250 
1
251 
1
252 
1
253 
1
254 
1
255 
2
256 299 
6
257 298 256 299 300 255 
1
258 
1
259 
2
260 295 
4
261 294 260 295 
2
262 293 
1
263 
1
264 
2
265 290 
15
266 289 267 288 287 268 286 269 284 271 285 270 283 272 273 
4
267 288 287 268 
1
268 
1
269 
1
270 
1
271 
1
272 
1
273 
1
274 
1
275 
1
276 
1
277 
1
278 
3
279 277 278 
7
280 276 281 275 279 277 278 
1
281 
9
282 274 280 276 281 275 279 277 278 
3
283 272 273 
7
284 271 285 270 283 272 273 
2
285 270 
2
286 269 
2
287 268 
1
288 
1
289 
1
290 
40
291 264 265 290 292 263 262 293 297 258 296 259 261 294 260 295 266 289 267 288 287 268 286 269 284 271 285 270 283 272 273 282 274 280 276 281 275 279 277 278 
2
292 263 
1
293 
1
294 
1
295 
2
296 259 
8
297 258 296 259 261 294 260 295 
1
298 
1
299 
2
300 255 
2
301 254 
40
302 253 301 254 304 251 303 252 257 298 256 299 300 255 305 250 306 249 308 247 307 248 312 243 311 244 246 309 245 310 241 314 313 242 240 315 239 316 238 317 
2
303 252 
4
304 251 303 252 
8
305 250 306 249 308 247 307 248 
2
306 249 
2
307 248 
4
308 247 307 248 
1
309 
1
310 
2
311 244 
18
312 243 311 244 246 309 245 310 241 314 313 242 240 315 239 316 238 317 
2
313 242 
1
314 
1
315 
1
316 
1
317 
2
318 237 
1
319 
1
320 
2
321 234 
5
322 233 232 321 234 
4
323 528 231 230 
1
324 
1
325 
1
326 
1
327 
1
328 
1
329 
1
330 
2
331 330 
1
332 
1
333 
1
334 
1
335 
1
336 
1
337 
2
338 337 
1
339 
1
340 
1
341 
1
342 
1
343 
1
344 
1
345 
1
346 
1
347 
1
348 
1
349 
1
350 
2
351 350 
1
352 
1
353 
1
354 
1
355 
9
356 445 446 534 447 354 355 353 448 
1
357 
2
358 443 
1
359 
34
360 441 361 440 362 439 364 437 438 363 434 367 435 366 436 365 433 368 369 432 370 431 371 376 425 375 426 374 427 430 372 373 429 428 
2
361 440 
2
362 439 
1
363 
4
364 437 438 363 
1
365 
1
366 
1
367 
1
368 
1
369 
1
370 
1
371 
1
372 
3
373 429 428 
2
374 427 
2
375 426 
11
376 425 375 426 374 427 430 372 373 429 428 
1
377 
1
378 
1
379 
1
380 
2
381 420 
1
382 
2
383 418 
1
384 
1
385 
5
386 415 413 412 414 
1
387 
1
388 
2
389 388 
1
390 
49
391 410 392 409 393 408 523 407 402 394 406 403 405 404 395 400 401 399 396 398 397 411 390 387 389 388 421 380 381 420 419 382 383 418 422 379 423 378 424 377 416 385 417 384 386 415 413 412 414 
2
392 409 
2
393 408 
1
394 
7
395 400 401 399 396 398 397 
3
396 398 397 
1
397 
1
398 
1
399 
1
400 
1
401 
1
402 
1
403 
1
404 
2
405 404 
4
406 403 405 404 
1
407 
1
408 
1
409 
1
410 
5
411 390 387 389 388 
1
412 
3
413 412 414 
1
414 
4
415 413 412 414 
9
416 385 417 384 386 415 413 412 414 
2
417 384 
1
418 
4
419 382 383 418 
1
420 
23
421 380 381 420 419 382 383 418 422 379 423 378 424 377 416 385 417 384 386 415 413 412 414 
6
422 379 423 378 424 377 
2
423 378 
2
424 377 
1
425 
1
426 
1
427 
1
428 
1
429 
5
430 372 373 429 428 
2
431 371 
2
432 370 
7
433 368 369 432 370 431 371 
6
434 367 435 366 436 365 
4
435 366 436 365 
2
436 365 
1
437 
2
438 363 
1
439 
1
440 
1
441 
15
442 359 358 443 444 357 356 445 446 534 447 354 355 353 448 
1
443 
2
444 357 
1
445 
1
446 
1
447 
1
448 
1
449 
1
450 
14
451 517 56 519 518 347 346 533 53 51 52 452 54 55 
1
452 
1
453 
4
454 49 455 48 
2
455 48 
1
456 
27
457 46 47 456 454 49 455 48 50 453 451 517 56 518 533 53 51 52 452 54 55 45 458 59 516 57 58 
1
458 
4
459 44 45 458 
8
460 43 42 461 459 44 45 458 
1
461 
2
462 41 
1
463 
1
464 
1
465 
1
466 
1
467 
1
468 
2
469 34 
1
470 
1
471 
2
472 30 
1
473 
41
474 29 473 472 30 31 471 36 467 35 468 32 470 33 469 34 40 463 462 41 39 464 38 465 37 466 460 43 42 461 459 44 24 477 26 25 478 28 475 27 476 
1
475 
1
476 
8
477 26 25 478 28 475 27 476 
1
478 
2
479 24 
6
480 23 22 481 479 24 
1
481 
2
482 21 
4
483 20 482 21 
44
484 19 483 20 482 21 485 18 17 480 23 22 481 479 486 487 16 488 15 490 14 489 12 13 491 11 10 492 493 9 494 8 1 497 495 496 0 498 7 3 6 5 4 2 
3
485 18 17 
17
486 487 16 488 15 490 14 489 12 13 491 11 10 492 493 9 494 
1
487 
1
488 
1
489 
5
490 14 489 12 13 
7
491 11 10 492 493 9 494 
1
492 
1
493 
1
494 
1
495 
1
496 
2
497 495 
1
498 
1
499 
42
500 515 341 511 64 63 512 507 343 344 342 509 62 60 61 333 539 71 70 69 543 542 334 506 339 340 546 545 66 67 65 338 337 547 336 541 335 544 68 501 548 550 
51
501 548 332 333 539 71 73 72 70 69 543 542 334 506 339 340 546 545 66 67 65 338 337 547 336 541 335 544 68 537 540 75 550 329 331 330 538 74 77 76 549 327 328 326 527 325 499 536 78 79 324 
1
502 
1
503 
1
504 
1
505 
16
506 339 340 546 545 66 67 65 338 337 547 336 541 335 544 68 
4
507 343 344 342 
2
508 212 
2
509 62 
5
510 209 208 210 211 
3
511 64 63 
5
512 507 343 344 342 
1
513 
4
514 196 195 194 
2
515 341 
6
516 57 521 345 502 58 
2
517 56 
1
518 
4
519 518 347 346 
6
520 349 348 450 351 350 
3
521 345 502 
30
522 352 449 520 349 348 450 351 350 442 359 358 443 444 357 356 445 446 534 447 354 355 353 448 521 345 502 519 347 346 
8
523 407 402 394 406 403 405 404 
2
524 176 
26
525 229 524 176 231 230 175 503 535 526 537 540 549 527 499 536 180 225 179 226 224 178 227 177 228 181 
1
526 
7
527 325 499 536 78 79 324 
3
528 231 230 
1
529 
3
530 529 213 
1
531 
58
532 505 221 554 192 553 183 557 504 193 556 530 529 213 202 513 508 212 201 198 197 514 196 195 194 200 199 203 207 510 209 208 210 211 204 205 206 214 531 220 219 218 215 216 217 191 188 187 555 185 184 186 189 190 552 182 223 222 
7
533 53 51 52 452 54 55 
6
534 447 354 355 353 448 
3
535 526 80 
3
536 78 79 
22
537 540 75 550 329 331 330 538 74 77 76 549 327 328 326 527 325 499 536 78 79 324 
2
538 74 
4
539 71 73 72 
2
540 75 
1
541 
1
542 
3
543 542 334 
2
544 68 
2
545 66 
5
546 545 66 67 65 
6
547 336 541 335 544 68 
3
548 332 333 
4
549 327 328 326 
4
550 329 331 330 
6
551 175 503 535 526 80 
5
552 182 223 181 222 
2
553 183 
2
554 192 
3
555 185 184 
1
556 
11
557 504 193 556 530 529 213 202 513 508 212 
