15
834 655 784 714 636 147 118 671 263 281 788 606 832 877 878 
879
1
0 
1
1 
1
2 
1
3 
1
4 
5
5 4 7 6 8 
1
6 
3
7 6 8 
1
8 
1
9 
1
10 
1
11 
1
12 
1
13 
1
14 
1
15 
1
16 
1
17 
1
18 
1
19 
1
20 
1
21 
1
22 
3
23 25 24 
1
24 
1
25 
1
26 
2
27 28 
1
28 
1
29 
1
30 
2
31 30 
2
32 33 
1
33 
5
34 35 36 32 33 
1
35 
1
36 
2
37 38 
1
38 
1
39 
1
40 
1
41 
1
42 
1
43 
1
44 
1
45 
1
46 
2
47 46 
1
48 
1
49 
2
50 51 
1
51 
1
52 
1
53 
1
54 
1
55 
1
56 
1
57 
1
58 
1
59 
1
60 
1
61 
2
62 61 
4
63 64 62 61 
1
64 
1
65 
1
66 
2
67 68 
1
68 
1
69 
1
70 
2
71 72 
1
72 
1
73 
1
74 
1
75 
1
76 
1
77 
1
78 
1
79 
1
80 
1
81 
1
82 
1
83 
1
84 
1
85 
1
86 
1
87 
2
88 89 
1
89 
1
90 
1
91 
1
92 
2
93 94 
1
94 
1
95 
1
96 
1
97 
2
98 97 
1
99 
1
100 
1
101 
1
102 
1
103 
1
104 
2
105 104 
1
106 
2
107 108 
1
108 
1
109 
1
110 
1
111 
1
112 
1
113 
1
114 
2
115 114 
2
116 117 
1
117 
57
118 115 114 122 127 742 111 112 138 128 604 113 121 119 120 123 125 124 126 116 117 129 136 137 130 135 131 133 132 134 147 148 741 107 108 109 110 740 146 139 150 105 561 106 149 145 140 144 142 143 141 852 151 853 103 152 104 
1
119 
1
120 
3
121 119 120 
2
122 127 
4
123 125 124 126 
1
124 
2
125 124 
1
126 
1
127 
3
128 604 113 
9
129 136 137 130 135 131 133 132 134 
6
130 135 131 133 132 134 
4
131 133 132 134 
1
132 
1
133 
1
134 
1
135 
1
136 
1
137 
1
138 
1
139 
1
140 
1
141 
1
142 
1
143 
4
144 142 143 141 
6
145 140 144 142 143 141 
1
146 
50
851 102 153 101 854 856 100 156 157 154 155 841 166 843 90 88 89 862 92 865 164 165 91 162 861 163 161 864 863 160 95 93 94 855 158 159 591 857 96 99 98 97 845 169 168 86 842 87 844 167 
1
148 
1
149 
1
150 
1
151 
1
152 
1
153 
2
154 155 
1
155 
2
156 157 
1
157 
1
158 
1
159 
1
160 
1
161 
4
162 861 163 161 
1
163 
1
164 
1
165 
1
166 
1
167 
1
168 
1
169 
1
170 
1
171 
2
172 173 
1
173 
1
174 
1
175 
1
176 
1
177 
1
178 
1
179 
1
180 
3
181 182 183 
2
182 183 
1
183 
1
184 
2
185 641 
1
186 
1
187 
2
188 189 
1
189 
1
190 
1
191 
1
192 
4
193 196 195 194 
1
194 
2
195 194 
1
196 
1
197 
1
198 
1
199 
5
200 202 201 199 203 
1
201 
1
202 
1
203 
1
204 
1
205 
2
206 205 
1
207 
1
208 
2
209 208 
5
210 207 211 209 208 
1
211 
1
212 
1
213 
1
214 
3
215 213 214 
4
216 212 218 217 
1
217 
2
218 217 
1
219 
1
220 
1
221 
1
222 
2
223 222 
1
224 
1
225 
3
226 225 224 
4
227 228 223 222 
1
228 
1
229 
1
230 
1
231 
1
232 
2
233 231 
1
234 
1
235 
1
236 
5
237 238 239 822 240 
2
238 239 
1
239 
1
240 
1
241 
1
242 
1
243 
1
244 
1
245 
1
246 
1
247 
2
248 249 
1
249 
1
250 
2
251 252 
1
252 
1
253 
1
254 
1
255 
1
256 
1
257 
1
258 
3
259 872 258 
1
260 
1
261 
1
262 
48
263 324 869 262 325 874 875 326 261 260 328 327 329 259 872 258 876 330 873 257 866 255 256 254 849 846 335 334 336 251 252 867 333 868 253 331 332 871 870 264 323 847 250 848 337 249 338 339 
1
264 
1
265 
1
266 
1
267 
1
268 
1
269 
2
270 269 
1
271 
1
272 
1
273 
1
274 
1
275 
3
276 277 278 
1
277 
1
278 
4
279 276 277 278 
7
280 275 279 276 277 278 274 
66
281 273 579 314 313 588 282 312 590 311 310 295 294 283 302 296 305 309 304 303 306 308 307 301 298 300 299 297 293 284 291 286 285 292 290 287 289 288 280 275 279 276 277 278 274 858 266 578 317 318 270 269 271 617 272 316 315 860 268 859 319 320 267 265 322 321 
1
282 
1
283 
1
284 
2
285 292 
1
286 
1
287 
1
288 
2
289 288 
4
290 287 289 288 
8
291 286 285 292 290 287 289 288 
1
292 
10
293 284 291 286 285 292 290 287 289 288 
2
294 283 
1
295 
1
296 
1
297 
1
298 
1
299 
2
300 299 
5
301 298 300 299 297 
14
302 296 305 309 304 303 306 308 307 301 298 300 299 297 
1
303 
2
304 303 
2
305 309 
3
306 308 307 
1
307 
1
308 
1
309 
1
310 
1
311 
1
312 
1
313 
1
314 
1
315 
1
316 
1
317 
1
318 
1
319 
1
320 
1
321 
1
322 
1
323 
2
324 869 
1
325 
1
326 
1
327 
6
328 327 329 259 872 258 
1
329 
1
330 
2
331 332 
1
332 
1
333 
1
334 
1
335 
1
336 
1
337 
1
338 
1
339 
1
340 
1
341 
2
342 343 
1
343 
1
344 
12
345 719 820 819 241 560 577 237 238 239 822 240 
1
346 
1
347 
1
348 
1
349 
1
350 
1
351 
1
352 
1
353 
2
354 355 
1
355 
1
356 
1
357 
1
358 
1
359 
2
360 359 
1
361 
1
362 
1
363 
1
364 
1
365 
2
366 365 
1
367 
1
368 
2
369 368 
1
370 
1
371 
1
372 
1
373 
1
374 
1
375 
1
376 
1
377 
1
378 
1
379 
1
380 
1
381 
2
382 383 
1
383 
1
384 
1
385 
1
386 
1
387 
2
388 387 
1
389 
2
390 389 
3
391 390 389 
1
392 
1
393 
1
394 
1
395 
1
396 
4
397 399 396 398 
1
398 
1
399 
1
400 
1
401 
2
402 403 
1
403 
1
404 
2
405 406 
1
406 
1
407 
1
408 
1
409 
1
410 
2
411 412 
1
412 
1
413 
4
414 415 416 417 
2
415 416 
1
416 
1
417 
1
418 
2
419 420 
1
420 
1
421 
1
422 
6
423 421 419 420 422 418 
9
424 425 426 423 421 419 420 422 418 
2
425 426 
1
426 
1
427 
1
428 
1
429 
1
430 
1
431 
1
432 
1
433 
1
434 
1
435 
1
436 
1
437 
4
438 437 436 439 
1
439 
1
440 
1
441 
1
442 
1
443 
1
444 
1
445 
1
446 
1
447 
1
448 
1
449 
2
450 451 
1
451 
3
452 450 451 
1
453 
2
454 455 
1
455 
1
456 
1
457 
1
458 
3
459 458 457 
1
460 
1
461 
1
462 
2
463 462 
1
464 
1
465 
1
466 
1
467 
1
468 
1
469 
1
470 
1
471 
2
472 471 
1
473 
1
474 
1
475 
1
476 
1
477 
1
478 
1
479 
1
480 
1
481 
1
482 
1
483 
2
484 485 
1
485 
1
486 
1
487 
1
488 
1
489 
1
490 
1
491 
1
492 
3
493 492 494 
1
494 
1
495 
1
496 
1
497 
1
498 
1
499 
1
500 
1
501 
2
502 500 
1
503 
1
504 
2
505 506 
1
506 
1
507 
1
508 
1
509 
1
510 
1
511 
1
512 
2
513 512 
1
514 
1
515 
5
516 514 515 513 512 
1
517 
1
518 
1
519 
1
520 
1
521 
2
522 523 
1
523 
1
524 
1
525 
1
526 
1
527 
1
528 
6
529 1 530 0 2 528 
2
530 0 
1
531 
3
532 674 480 
5
533 753 751 57 58 
3
534 702 80 
1
535 
3
536 670 230 
13
537 845 169 168 786 85 84 83 86 842 87 844 167 
2
538 664 
2
539 602 
1
540 
5
541 728 243 244 242 
8
542 850 339 338 340 738 247 246 
1
543 
17
544 676 619 620 583 460 459 458 457 553 772 464 465 621 461 463 462 
3
545 608 449 
11
546 704 696 713 593 65 707 63 64 62 61 
5
547 681 75 74 76 
3
548 633 635 
1
549 
4
550 643 41 40 
1
551 
5
552 618 456 454 455 
8
553 772 464 465 621 461 463 462 
1
554 
1
555 
57
556 661 586 361 360 359 767 769 778 531 627 776 363 362 802 475 794 474 801 780 797 367 798 369 368 777 779 364 366 365 800 781 715 765 766 705 708 756 764 803 476 757 768 754 533 753 751 57 58 706 555 574 60 599 752 59 594 
1
557 
1
558 
3
559 614 497 
7
560 577 237 238 239 822 240 
3
561 106 149 
4
562 526 9 525 
5
563 504 745 20 21 
4
564 429 428 430 
1
565 
1
566 
1
567 
3
568 645 204 
16
569 221 535 646 198 220 605 611 568 645 204 200 202 201 199 203 
4
570 190 188 189 
3
571 499 503 
1
572 
2
573 66 
3
574 60 599 
11
575 629 356 739 353 354 355 628 630 358 357 
8
576 491 653 495 496 493 492 494 
1
577 
16
578 317 318 270 269 271 617 272 316 315 860 268 859 319 320 267 
3
579 314 313 
3
580 370 371 
11
581 824 45 805 47 46 48 823 43 44 42 
12
582 589 31 30 596 37 38 34 35 36 32 33 
5
583 460 459 458 457 
5
584 626 377 376 378 
4
585 379 380 624 
4
586 361 360 359 
4
587 488 487 489 
9
588 282 312 590 311 310 295 294 283 
3
589 31 30 
4
590 311 310 295 
3
591 857 96 
17
592 219 598 206 205 216 212 218 217 210 207 211 209 208 215 213 214 
7
593 65 707 63 64 62 61 
1
594 
1
595 
8
596 37 38 34 35 36 32 33 
4
597 29 644 613 
1
598 
1
599 
7
600 601 39 550 643 41 40 
2
601 39 
1
602 
16
603 559 614 497 597 29 644 613 576 491 653 495 496 493 492 494 
2
604 113 
5
605 611 568 645 204 
81
606 395 545 608 452 451 814 394 815 816 453 818 811 552 618 456 454 455 396 623 622 381 382 383 659 384 660 812 393 551 817 813 388 387 392 782 386 385 391 390 389 544 676 619 620 583 460 459 458 457 553 772 464 465 621 461 463 462 378 678 554 677 658 585 379 380 624 790 625 771 466 584 626 377 376 469 747 774 468 467 773 
3
607 448 401 
2
608 449 
5
609 414 415 416 417 
2
610 229 
1
611 
1
612 
1
613 
2
614 497 
34
615 26 22 571 499 503 502 500 642 540 612 498 27 28 827 17 828 508 18 509 744 507 19 505 506 563 504 745 20 21 501 23 25 24 
14
616 657 490 654 587 488 487 489 675 567 750 486 484 485 
4
617 272 316 315 
4
618 456 454 455 
7
619 620 583 460 459 458 457 
1
620 
4
621 461 463 462 
4
622 381 382 383 
39
623 622 381 382 383 659 384 660 812 393 551 817 813 388 387 392 782 386 385 391 390 389 544 676 619 620 583 460 459 458 457 553 772 464 465 621 461 463 462 
1
624 
4
625 771 466 467 
4
626 377 376 378 
4
627 776 363 362 
4
628 630 358 357 
2
629 356 
3
630 358 357 
1
631 
2
632 821 
1
633 
4
634 631 632 821 
1
635 
32
636 667 595 236 185 641 634 631 557 639 638 548 633 635 737 184 558 736 182 183 663 662 679 640 637 186 235 693 234 577 821 560 
1
637 
1
638 
12
639 638 548 633 635 737 184 558 736 181 182 183 
2
640 637 
1
641 
6
642 540 612 498 27 28 
3
643 41 40 
1
644 
2
645 204 
2
646 198 
6
647 669 610 229 668 652 
53
648 197 192 647 669 610 229 668 652 227 228 223 222 569 221 535 646 198 220 605 611 568 645 204 200 202 201 199 203 592 219 598 206 205 216 212 218 217 210 207 211 209 208 215 213 214 193 196 195 194 226 225 224 
5
649 191 536 670 230 
24
650 651 427 413 411 412 564 429 428 430 609 414 415 416 417 424 425 426 423 421 419 420 422 418 
2
651 427 
1
652 
2
653 495 
5
654 587 488 487 489 
77
655 656 539 602 600 601 39 550 643 41 40 582 589 31 30 596 37 38 34 35 36 32 33 616 657 490 654 587 488 487 489 675 567 750 486 484 485 603 559 614 497 597 29 644 613 576 491 653 495 496 493 492 494 673 672 825 581 824 45 805 47 46 823 43 44 42 571 499 500 642 540 612 498 27 28 501 483 
1
656 
2
657 490 
1
658 
3
659 384 660 
1
660 
1
661 
1
662 
36
663 662 538 664 688 698 348 665 679 680 77 640 637 683 684 547 681 75 74 76 682 699 687 695 785 69 67 68 573 66 685 70 697 73 71 72 
1
664 
6
665 679 680 77 640 637 
1
666 
9
667 595 236 185 641 634 631 632 821 
2
668 652 
1
669 
2
670 230 
68
671 694 187 570 190 188 189 233 231 649 191 536 670 230 232 648 197 192 647 669 610 229 668 652 227 228 223 222 569 221 535 646 198 220 605 611 568 645 204 200 202 201 199 203 592 219 598 206 205 216 212 218 217 210 207 211 209 208 215 213 214 193 196 195 194 226 225 224 
1
672 
22
673 672 825 482 483 481 796 49 532 674 480 581 824 45 805 47 46 48 823 43 44 42 
2
674 480 
6
675 567 750 486 484 485 
1
676 
2
677 658 
17
678 554 677 658 585 379 380 624 790 747 773 774 468 625 771 466 467 
1
679 
2
680 77 
4
681 75 74 76 
3
682 699 687 
23
683 684 547 681 75 74 76 682 699 687 695 785 69 67 68 573 66 685 70 697 73 71 72 
1
684 
6
685 70 697 73 71 72 
2
686 689 
1
687 
3
688 698 348 
1
689 
1
690 
4
691 690 701 78 
7
692 79 735 733 178 666 179 
4
693 234 186 235 
2
694 187 
13
695 785 69 67 68 573 66 685 70 697 73 71 72 
2
696 713 
4
697 73 71 72 
2
698 348 
1
699 
1
700 
2
701 78 
2
702 80 
31
703 723 82 81 725 174 175 172 173 724 171 170 537 845 169 168 786 85 84 83 86 842 87 844 167 726 176 534 702 80 177 
1
704 
2
705 708 
8
706 555 574 60 599 752 59 594 
1
707 
1
708 
1
709 
4
710 709 686 689 
2
711 716 
1
712 
1
713 
69
714 712 700 711 716 710 709 686 689 546 704 696 713 707 732 731 352 722 730 350 351 349 575 629 356 739 353 354 355 628 630 358 357 556 359 715 766 538 664 688 698 348 683 684 547 681 75 74 76 682 699 687 695 785 69 67 68 573 685 70 697 73 71 72 708 66 593 65 347 
25
715 765 766 705 708 756 764 803 476 757 768 754 533 753 751 57 58 706 555 574 60 599 752 59 594 
1
716 
4
717 549 347 346 
1
718 
2
719 820 
9
720 344 541 728 243 244 242 342 343 
3
721 729 245 
5
722 730 350 351 349 
2
723 82 
3
724 171 170 
5
725 174 175 172 173 
6
726 176 534 702 80 177 
13
727 341 542 850 339 338 340 738 247 246 721 729 245 
4
728 243 244 242 
2
729 245 
4
730 350 351 349 
2
731 352 
19
732 731 352 722 730 350 351 349 575 629 356 739 353 354 355 628 630 358 357 
4
733 178 666 179 
26
734 180 557 691 690 701 78 692 79 735 733 178 666 179 639 638 548 633 635 737 184 558 736 181 182 183 
1
735 
4
736 181 182 183 
7
737 184 558 736 181 182 183 
3
738 247 246 
4
739 353 354 355 
3
740 146 139 
4
741 107 108 109 
7
742 111 112 138 128 604 113 
18
743 3 527 5 4 7 6 8 562 526 9 525 529 1 530 0 2 528 
5
744 507 19 505 506 
3
745 20 21 
1
746 
1
747 
3
748 374 373 
2
749 375 
4
750 486 484 485 
3
751 57 58 
3
752 59 594 
1
753 
1
754 
4
755 795 56 55 
4
756 764 803 476 
16
757 768 754 533 753 751 57 58 706 555 574 60 599 752 59 594 
1
758 
2
759 758 
2
760 566 
1
761 
3
762 54 53 
8
763 52 565 50 51 762 54 53 
1
764 
2
765 766 
1
766 
8
767 769 778 531 627 776 363 362 
1
768 
1
769 
18
770 446 445 402 403 447 831 830 444 404 829 443 442 405 406 607 448 401 
3
771 466 467 
3
772 464 465 
3
773 774 468 
2
774 468 
5
775 470 469 472 471 
2
776 363 
7
777 779 364 366 365 800 781 
2
778 531 
2
779 364 
3
780 797 367 
1
781 
3
782 386 385 
15
783 479 761 804 760 566 763 52 565 50 51 762 54 53 478 
46
784 477 759 758 755 795 56 55 783 479 761 804 760 566 763 52 565 50 51 762 54 53 478 482 481 796 49 532 674 480 48 63 64 62 61 705 57 58 706 555 574 60 599 752 59 594 
4
785 69 67 68 
5
786 85 84 83 86 
1
787 
65
788 473 787 543 792 793 372 748 374 373 799 746 580 370 371 791 749 375 789 572 775 470 472 471 361 360 767 769 778 531 627 776 363 362 802 475 794 474 801 780 797 367 798 369 368 777 779 364 366 365 800 781 765 756 764 803 476 757 768 754 533 753 751 586 661 
7
789 572 775 470 469 472 471 
9
790 747 773 774 468 625 771 466 467 
15
791 749 375 584 626 377 376 378 789 572 775 470 469 472 471 
6
792 793 372 748 374 373 
2
793 372 
1
794 
3
795 56 55 
5
796 49 532 674 480 
2
797 367 
3
798 369 368 
5
799 746 580 370 371 
2
800 781 
14
801 780 797 367 798 369 368 777 779 364 366 365 800 781 
18
802 475 794 474 801 780 797 367 798 369 368 777 779 364 366 365 800 781 
2
803 476 
1
804 
4
805 47 46 48 
6
806 809 434 807 435 440 
3
807 435 440 
32
808 433 408 432 810 431 409 410 650 651 427 413 411 412 564 429 428 430 609 414 415 416 417 424 425 426 423 421 419 420 422 418 
2
809 434 
4
810 431 409 410 
1
811 
4
812 393 551 817 
10
813 388 387 392 782 386 385 391 390 389 
12
814 394 815 816 453 818 811 552 618 456 454 455 
1
815 
2
816 453 
1
817 
2
818 811 
2
819 241 
1
820 
1
821 
2
822 240 
4
823 43 44 42 
2
824 45 
4
825 482 483 481 
4
826 16 510 15 
16
827 17 828 508 18 509 744 507 19 505 506 563 504 745 20 21 
1
828 
3
829 443 442 
1
830 
9
831 830 444 404 829 443 442 405 406 
70
832 833 441 407 806 809 434 807 435 440 438 437 436 439 808 433 408 432 810 431 409 410 650 651 427 413 411 412 564 429 428 430 609 414 415 416 417 424 425 426 423 421 419 420 422 418 400 770 446 445 402 403 447 831 830 444 404 829 443 442 405 406 607 448 401 399 398 449 450 397 
2
833 441 
72
834 835 511 517 826 16 510 15 516 514 515 513 512 836 13 520 519 12 839 521 14 837 518 838 11 840 524 522 523 10 743 3 527 5 4 7 6 8 562 526 9 525 529 1 530 0 2 528 22 503 502 827 17 828 508 18 509 744 507 19 505 506 563 504 745 20 21 23 25 24 615 26 
1
835 
10
836 13 520 519 12 839 521 14 837 518 
2
837 518 
25
838 11 840 524 522 523 10 743 3 527 5 4 7 6 8 562 526 9 525 529 1 530 0 2 528 
2
839 521 
4
840 524 522 523 
31
841 166 843 90 88 89 862 92 865 164 165 91 162 861 163 161 864 863 160 95 93 94 855 158 159 591 857 96 99 98 97 
4
842 87 844 167 
4
843 90 88 89 
2
844 167 
2
845 169 
1
846 
28
847 250 848 337 248 249 727 341 542 850 339 338 340 738 247 246 721 729 245 720 344 541 728 243 244 242 342 343 
1
848 
13
849 846 335 334 336 251 252 867 333 868 253 331 332 
4
850 339 338 340 
11
851 102 153 101 854 856 100 156 157 154 155 
22
852 151 853 103 152 150 105 104 561 106 149 851 102 153 101 854 856 100 156 157 154 155 
2
853 103 
7
854 856 100 156 157 154 155 
9
855 158 159 591 857 96 99 98 97 
2
856 100 
1
857 
3
858 266 321 
2
859 319 
6
860 268 859 319 320 267 
1
861 
10
862 92 865 164 165 91 162 861 163 161 
1
863 
6
864 863 160 95 93 94 
2
865 164 
4
866 255 256 254 
6
867 333 868 253 331 332 
2
868 253 
1
869 
1
870 
25
871 870 264 323 265 322 858 266 321 578 317 318 270 269 271 617 272 316 315 860 268 859 319 320 267 
1
872 
2
873 257 
5
874 875 326 261 260 
1
875 
8
876 330 873 257 866 255 256 254 
41
877 180 691 701 692 735 178 179 703 82 725 175 173 171 786 84 726 534 80 734 690 78 79 733 666 181 680 77 665 723 81 174 172 724 83 176 702 177 537 85 170 
37
878 718 549 346 632 345 820 241 238 822 248 727 738 246 729 720 541 243 242 343 719 819 237 239 240 717 341 542 340 247 721 245 344 728 244 342 850 
