15
736 756 571 629 707 170 682 744 738 768 769 770 771 772 773 
774
1
0 
1
1 
1
2 
1
3 
1
4 
1
5 
2
6 7 
1
7 
1
8 
1
9 
19
10 9 450 732 451 733 8 6 7 734 452 488 597 598 455 5 453 454 4 
1
11 
1
12 
1
13 
1
14 
1
15 
9
16 751 443 15 444 752 14 753 445 
1
17 
1
18 
1
19 
1
20 
2
21 20 
1
22 
1
23 
1
24 
1
25 
1
26 
1
27 
1
28 
1
29 
1
30 
1
31 
1
32 
1
33 
1
34 
1
35 
1
36 
1
37 
1
38 
12
39 45 678 48 49 46 47 44 40 43 41 42 
1
40 
1
41 
1
42 
3
43 41 42 
5
44 40 43 41 42 
1
45 
2
46 47 
1
47 
1
48 
1
49 
1
50 
1
51 
1
52 
2
53 54 
1
54 
1
55 
1
56 
1
57 
1
58 
1
59 
1
60 
1
61 
1
62 
1
63 
1
64 
2
65 66 
1
66 
1
67 
1
68 
1
69 
1
70 
1
71 
1
72 
2
73 72 
1
74 
1
75 
2
76 77 
1
77 
1
78 
1
79 
1
80 
1
81 
1
82 
1
83 
1
84 
1
85 
1
86 
1
87 
1
88 
1
89 
2
90 91 
1
91 
1
92 
1
93 
1
94 
1
95 
1
96 
1
97 
2
98 97 
1
99 
1
100 
1
101 
1
102 
1
103 
2
104 105 
1
105 
1
106 
1
107 
1
108 
1
109 
1
110 
2
111 112 
1
112 
26
113 132 111 112 502 134 133 110 131 114 130 115 129 116 118 127 117 128 126 119 125 120 121 124 122 123 
1
114 
1
115 
1
116 
2
117 128 
12
118 127 117 128 126 119 125 120 121 124 122 123 
1
119 
1
120 
4
121 124 122 123 
2
122 123 
1
123 
1
124 
6
125 120 121 124 122 123 
8
126 119 125 120 121 124 122 123 
1
127 
1
128 
2
129 116 
4
130 115 129 116 
18
131 114 130 115 129 116 118 127 117 128 126 119 125 120 121 124 122 123 
1
132 
1
133 
1
134 
2
135 136 
1
136 
1
137 
1
138 
1
139 
1
140 
1
141 
2
142 143 
1
143 
1
144 
1
145 
1
146 
1
147 
1
148 
1
149 
1
150 
1
151 
1
152 
1
153 
1
154 
1
155 
1
156 
2
157 156 
1
158 
1
159 
1
160 
1
161 
1
162 
3
163 540 164 
1
164 
1
165 
1
166 
1
167 
1
168 
1
169 
67
543 513 556 514 564 208 207 206 216 565 217 545 205 536 185 504 191 176 184 186 190 187 188 189 509 642 486 637 192 193 555 472 487 204 544 500 194 196 195 203 201 533 558 200 557 197 199 198 218 219 202 183 182 181 209 210 211 215 214 212 213 506 535 580 503 559 220 
3
171 173 172 
1
172 
1
173 
1
174 
8
175 509 642 559 486 637 192 193 
2
176 184 
7
177 183 182 179 178 181 180 
1
178 
1
179 
1
180 
2
181 180 
5
182 179 178 181 180 
1
183 
1
184 
1
185 
5
186 190 187 188 189 
3
187 188 189 
1
188 
1
189 
1
190 
1
191 
1
192 
1
193 
1
194 
1
195 
2
196 195 
1
197 
1
198 
2
199 198 
1
200 
1
201 
1
202 
9
203 201 533 558 200 557 197 199 198 
1
204 
1
205 
1
206 
2
207 206 
8
208 207 206 216 565 217 545 205 
7
209 210 211 215 214 212 213 
1
210 
5
211 215 214 212 213 
2
212 213 
1
213 
3
214 212 213 
1
215 
1
216 
1
217 
1
218 
1
219 
2
220 219 
4
221 218 220 219 
1
222 
1
223 
1
224 
1
225 
3
226 224 225 
23
227 223 512 542 562 510 508 534 505 467 563 167 541 626 625 538 539 228 501 166 495 561 496 
1
228 
1
229 
1
230 
1
231 
1
232 
1
233 
1
234 
2
235 234 
1
236 
1
237 
2
238 239 
1
239 
1
240 
1
241 
1
242 
1
243 
1
244 
1
245 
1
246 
1
247 
1
248 
1
249 
2
250 249 
1
251 
1
252 
1
253 
1
254 
1
255 
2
256 257 
1
257 
1
258 
3
259 261 516 
1
260 
1
261 
1
262 
1
263 
1
264 
1
265 
11
266 276 267 275 268 274 269 273 272 270 271 
9
267 275 268 274 269 273 272 270 271 
7
268 274 269 273 272 270 271 
5
269 273 272 270 271 
1
270 
1
271 
3
272 270 271 
1
273 
1
274 
1
275 
1
276 
15
277 265 278 264 266 276 267 275 268 274 269 273 272 270 271 
2
278 264 
19
279 263 280 262 277 265 278 264 266 276 267 275 268 274 269 273 272 270 271 
2
280 262 
1
281 
1
282 
26
283 281 259 261 516 260 282 279 263 280 262 277 265 278 264 266 276 267 275 268 274 269 273 272 270 271 
1
284 
1
285 
2
286 285 
1
287 
1
288 
1
289 
1
290 
1
291 
2
292 293 
1
293 
1
294 
1
295 
1
296 
1
297 
1
298 
1
299 
1
300 
1
301 
2
302 301 
1
303 
1
304 
1
305 
1
306 
1
307 
1
308 
1
309 
1
310 
1
311 
1
312 
1
313 
1
314 
1
315 
1
316 
1
317 
1
318 
1
319 
1
320 
1
321 
1
322 
1
323 
1
324 
1
325 
1
326 
1
327 
2
328 327 
1
329 
2
330 331 
1
331 
1
332 
1
333 
1
334 
1
335 
1
336 
1
337 
1
338 
1
339 
1
340 
1
341 
1
342 
1
343 
1
344 
1
345 
1
346 
1
347 
4
348 350 349 347 
1
349 
1
350 
5
351 348 350 349 347 
1
352 
1
353 
16
354 660 658 662 483 657 485 713 484 715 338 339 337 710 714 340 
1
355 
1
356 
1
357 
1
358 
2
359 360 
1
360 
1
361 
1
362 
1
363 
1
364 
1
365 
1
366 
2
367 366 
1
368 
1
369 
1
370 
1
371 
2
372 373 
1
373 
1
374 
1
375 
1
376 
1
377 
1
378 
5
379 410 741 409 378 
1
380 
1
381 
1
382 
1
383 
1
384 
2
385 384 
1
386 
1
387 
12
388 389 393 604 394 401 399 396 400 395 398 397 
2
389 393 
1
390 
1
391 
3
392 390 391 
1
393 
1
394 
1
395 
1
396 
1
397 
2
398 397 
6
399 396 400 395 398 397 
1
400 
1
401 
1
402 
1
403 
1
404 
1
405 
1
406 
1
407 
1
408 
1
409 
3
410 741 409 
1
411 
1
412 
1
413 
1
414 
1
415 
1
416 
1
417 
1
418 
1
419 
1
420 
1
421 
1
422 
1
423 
1
424 
1
425 
11
426 729 363 749 425 748 423 424 750 365 364 
1
427 
11
428 672 670 695 669 356 355 471 694 479 661 
15
429 704 703 705 34 35 700 722 32 31 33 693 692 701 702 
1
430 
1
431 
1
432 
1
433 
1
434 
1
435 
1
436 
1
437 
1
438 
1
439 
1
440 
1
441 
1
442 
1
443 
1
444 
1
445 
1
446 
1
447 
1
448 
1
449 
3
450 732 451 
1
451 
1
452 
2
453 454 
1
454 
1
455 
1
456 
1
457 
6
458 461 462 457 459 460 
2
459 460 
1
460 
1
461 
1
462 
1
463 
1
464 
5
465 2 466 0 1 
3
466 0 1 
2
467 563 
1
468 
2
469 582 
1
470 
4
471 694 479 661 
1
472 
1
473 
1
474 
1
475 
13
476 530 63 64 573 553 576 574 532 579 61 62 60 
16
477 549 324 567 644 584 546 643 525 528 548 321 320 566 323 322 
2
478 585 
2
479 661 
2
480 668 
1
481 
1
482 
4
483 657 485 713 
8
484 715 338 339 337 710 714 340 
2
485 713 
4
486 637 192 193 
3
487 204 544 
1
488 
3
489 160 85 
4
490 23 726 436 
17
491 233 308 515 307 235 234 306 236 681 310 602 309 232 601 231 311 
3
492 237 305 
5
493 258 284 256 257 
3
494 403 404 
1
495 
1
496 
3
497 74 474 
4
498 67 65 66 
8
499 641 325 649 326 329 328 327 
4
500 194 196 195 
5
501 166 495 561 496 
4
502 134 133 110 
7
503 543 513 222 556 514 564 
2
504 191 
1
505 
4
506 535 580 174 
2
507 615 
1
508 
1
509 
1
510 
5
511 537 165 613 624 
5
512 542 562 510 508 
2
513 222 
2
514 564 
6
515 307 235 234 306 236 
1
516 
12
517 287 255 288 254 286 285 493 258 284 256 257 
1
518 
9
519 522 475 523 473 630 316 315 468 
2
520 632 
2
521 319 
1
522 
6
523 473 630 316 315 468 
1
524 
1
525 
1
526 
4
527 521 319 526 
7
528 548 321 320 566 323 322 
4
529 569 70 69 
3
530 63 64 
3
531 554 59 
5
532 579 61 62 60 
7
533 558 200 557 197 199 198 
5
534 505 467 563 167 
1
535 
37
536 185 504 191 176 184 186 190 187 188 189 175 509 642 559 486 637 192 193 555 472 487 204 544 500 194 196 195 203 201 533 558 200 557 197 199 198 
1
537 
2
538 539 
1
539 
1
540 
11
541 626 625 538 539 228 501 166 495 561 496 
2
542 562 
1
543 
1
544 
2
545 205 
10
546 643 525 528 548 321 320 566 323 322 
1
547 
3
548 321 320 
3
549 324 567 
1
550 
5
551 71 73 72 550 
13
552 568 68 529 569 70 69 570 581 498 67 65 66 
1
553 
2
554 59 
18
555 472 487 204 544 500 194 196 195 203 201 533 558 200 557 197 199 198 
3
556 514 564 
4
557 197 199 198 
2
558 200 
1
559 
1
560 
1
561 
1
562 
1
563 
1
564 
4
565 217 545 205 
3
566 323 322 
1
567 
2
568 68 
3
569 70 69 
2
570 581 
67
571 551 71 73 72 550 497 74 474 527 521 319 526 607 518 75 524 631 317 318 520 632 572 469 582 583 547 552 568 68 529 569 70 69 570 581 498 67 66 577 477 549 324 567 644 584 546 643 525 528 548 321 320 566 323 322 646 499 641 325 649 326 327 476 553 522 55 
18
572 469 582 583 547 552 568 68 529 569 70 69 570 581 498 67 65 66 
2
573 553 
1
574 
136
575 590 531 554 59 476 530 63 64 573 553 576 574 532 579 61 62 60 593 591 480 668 578 592 595 57 56 58 594 55 53 54 482 665 481 666 691 52 51 676 667 50 38 587 588 589 655 654 656 651 652 354 660 658 662 483 657 485 713 484 715 338 339 337 710 714 340 720 353 717 719 344 343 345 709 716 342 341 718 346 352 351 348 350 349 347 39 45 678 48 49 46 47 44 40 43 41 42 664 673 653 659 663 674 679 706 36 675 677 37 428 672 670 695 669 356 355 471 694 479 661 429 704 703 705 34 35 700 722 32 31 33 693 692 701 702 
7
576 574 532 579 61 62 60 
43
577 586 478 585 690 711 336 335 648 334 333 477 549 324 567 644 584 546 643 525 528 548 321 320 566 323 322 650 689 332 645 647 330 331 646 499 641 325 649 326 329 328 327 
11
578 592 595 57 56 58 594 55 53 54 482 
2
579 61 
1
580 
1
581 
1
582 
2
583 547 
1
584 
1
585 
1
586 
43
587 588 589 655 654 656 651 652 354 660 658 662 483 657 485 713 484 715 338 339 337 710 714 340 720 353 717 719 344 343 345 709 716 342 341 718 346 352 351 348 350 349 347 
1
588 
2
589 655 
1
590 
1
591 
1
592 
25
593 591 480 668 578 592 595 57 56 58 594 55 53 54 482 665 481 666 691 52 51 676 667 50 38 
5
594 55 53 54 482 
4
595 57 56 58 
3
596 456 463 
7
597 598 455 5 453 454 4 
1
598 
17
599 3 464 596 456 463 458 461 462 457 459 460 465 2 466 0 1 
8
600 158 87 159 86 88 157 156 
1
601 
1
602 
9
603 240 303 238 239 304 492 237 305 
3
604 394 401 
1
605 
5
606 605 402 386 387 
9
607 518 75 524 631 317 318 520 632 
16
608 78 79 612 610 76 77 519 522 475 523 473 630 316 315 468 
1
609 
1
610 
26
611 80 609 619 618 622 314 620 623 616 608 78 79 612 610 76 77 519 522 475 523 473 630 316 315 468 
2
612 610 
2
613 624 
13
614 560 81 507 615 163 540 164 511 537 165 613 624 
1
615 
1
616 
1
617 
6
618 622 314 620 623 616 
1
619 
1
620 
1
621 
2
622 314 
2
623 616 
1
624 
1
625 
1
626 
4
627 617 633 313 
1
628 
41
621 617 507 537 613 624 609 619 618 620 623 616 612 610 475 523 473 468 512 542 562 510 505 467 563 541 626 625 538 539 501 495 561 496 684 633 622 519 630 615 534 
3
630 316 315 
5
631 317 318 520 632 
1
632 
1
633 
3
634 230 628 
8
635 684 229 621 627 617 633 313 
7
636 108 137 135 136 109 107 
2
637 192 
16
638 289 253 290 517 287 255 288 254 286 285 493 258 284 256 257 
10
639 83 640 84 162 161 489 160 85 82 
1
640 
2
641 325 
2
642 559 
1
643 
2
644 584 
1
645 
1
646 
4
647 330 331 646 
3
648 334 333 
5
649 326 329 328 327 
16
650 689 332 645 647 330 331 646 499 641 325 649 326 329 328 327 
2
651 652 
1
652 
1
653 
4
654 656 651 652 
1
655 
1
656 
1
657 
2
658 662 
2
659 663 
1
660 
1
661 
1
662 
1
663 
38
664 673 653 659 663 674 679 706 36 675 677 37 428 672 670 695 669 356 355 471 694 479 661 429 704 703 705 34 35 700 722 32 31 33 693 692 701 702 
10
665 481 666 691 52 51 676 667 50 38 
4
666 691 52 51 
2
667 50 
1
668 
2
669 356 
1
670 
6
671 358 470 359 360 357 
3
672 670 695 
1
673 
7
674 679 706 36 675 677 37 
3
675 677 37 
4
676 667 50 38 
2
677 37 
5
678 48 49 46 47 
1
679 
9
680 155 89 154 696 92 153 90 91 
8
681 310 602 309 232 601 231 311 
35
242 300 301 603 303 239 697 296 246 247 295 683 244 298 297 245 243 299 698 294 248 292 293 688 251 291 250 249 252 253 290 682 302 241 240 
7
683 244 298 297 245 243 299 
1
684 
13
685 139 106 104 105 138 636 108 137 135 136 109 107 
5
686 141 103 102 140 
10
687 101 144 142 143 686 141 103 102 140 
6
688 251 291 250 249 252 
2
689 332 
7
690 711 336 335 648 334 333 
3
691 52 51 
1
692 
4
693 692 701 702 
1
694 
1
695 
5
696 92 153 90 91 
39
697 296 246 247 295 683 244 298 297 245 243 299 698 294 248 292 293 688 251 291 250 249 252 638 289 253 290 517 287 255 288 254 286 285 493 258 284 256 257 
11
698 294 248 292 293 688 251 291 250 249 252 
60
699 146 99 100 145 147 98 97 708 148 96 687 101 144 142 143 686 141 103 102 140 685 139 106 104 105 138 636 108 137 135 136 109 107 113 132 111 112 502 134 133 110 131 114 130 115 129 116 118 127 117 128 126 119 125 120 121 124 122 123 
5
700 722 32 31 33 
2
701 702 
1
702 
1
703 
2
704 703 
3
705 34 35 
2
706 36 
52
707 94 150 95 149 151 152 93 696 92 153 91 699 146 99 100 145 147 98 97 708 148 96 687 101 144 142 143 686 141 103 102 685 106 104 138 108 135 109 113 111 502 133 131 130 129 118 117 126 125 121 122 
3
708 148 96 
4
709 716 342 341 
3
710 714 340 
3
711 336 335 
10
712 728 27 28 26 725 432 433 29 431 
1
713 
2
714 340 
4
715 338 339 337 
3
716 342 341 
5
717 719 344 343 345 
8
718 346 352 351 348 350 349 347 
2
719 344 
19
720 353 717 719 344 343 345 709 716 342 341 718 346 352 351 348 350 349 347 
2
721 30 
4
722 32 31 33 
4
723 721 30 430 
20
724 727 434 25 435 24 490 23 726 436 712 728 27 28 26 725 432 433 29 431 
3
725 432 433 
2
726 436 
1
727 
3
728 27 28 
4
729 363 749 425 
11
730 731 361 362 427 671 358 470 359 360 357 
2
731 361 
1
732 
7
733 8 6 7 734 452 488 
2
734 452 
5
735 447 12 13 446 
54
736 737 11 448 449 735 447 12 13 446 16 751 15 444 752 14 753 445 10 9 450 732 451 733 8 6 7 734 452 488 597 598 455 5 453 454 4 599 3 464 596 456 463 458 461 462 457 459 460 465 2 466 0 1 
1
737 
51
738 382 381 407 406 742 743 408 380 379 410 741 409 378 740 383 739 405 494 403 404 385 384 606 605 402 386 387 388 389 393 604 394 401 399 396 400 395 398 397 392 390 391 744 413 376 745 377 746 411 412 
2
739 405 
9
740 383 739 405 494 403 404 385 384 
1
741 
4
742 743 408 380 
1
743 
84
762 415 414 761 374 375 372 373 767 371 370 760 766 417 418 416 763 419 765 369 368 747 367 366 764 421 420 422 426 729 363 749 425 748 423 424 750 365 364 730 731 361 362 427 671 358 470 359 360 357 38 353 352 349 39 40 41 36 428 670 669 355 694 661 704 705 35 722 31 693 701 351 44 42 706 37 695 471 429 34 32 692 679 660 
5
745 377 746 411 412 
1
746 
7
747 367 366 764 421 420 422 
6
748 423 424 750 365 364 
2
749 425 
2
750 365 
1
751 
4
752 14 753 445 
1
753 
4
754 759 19 440 
8
755 438 437 758 21 20 22 439 
53
756 757 442 17 18 441 754 759 19 440 755 438 437 758 21 20 22 439 724 727 434 25 435 24 490 23 726 436 712 728 27 28 26 725 432 433 29 431 723 721 30 430 354 43 672 356 479 703 700 33 702 443 350 
1
757 
4
758 21 20 22 
1
759 
5
760 766 417 418 416 
5
761 374 375 372 373 
16
762 415 414 761 374 375 372 373 767 371 370 760 766 417 418 416 
12
763 419 765 369 368 747 367 366 764 421 420 422 
4
764 421 420 422 
3
765 369 368 
4
766 417 418 416 
8
767 371 370 760 766 417 418 416 
41
768 285 258 257 281 261 260 279 280 277 278 266 267 268 269 272 271 638 289 517 287 255 288 254 286 493 284 256 283 259 516 282 263 262 265 264 276 275 274 273 270 
21
769 140 139 105 636 137 136 107 132 112 134 110 114 115 116 127 128 119 120 124 123 
44
770 629 634 628 627 315 227 508 228 226 225 238 304 237 491 308 307 234 236 310 309 601 311 312 230 635 229 313 314 223 224 222 221 492 305 233 515 235 306 681 602 232 231 316 
53
771 614 81 540 511 165 611 79 76 167 166 680 89 600 87 86 157 639 640 162 489 85 560 163 164 80 78 77 170 168 174 175 177 179 178 180 169 171 173 172 608 155 158 159 88 156 83 84 161 160 82 154 90 
72
772 478 690 336 648 333 575 593 480 578 594 53 482 481 691 51 667 588 655 656 652 662 657 713 715 339 710 340 719 343 709 342 718 348 678 49 47 664 653 663 677 585 711 335 334 650 668 665 52 50 589 651 658 485 338 714 717 345 341 347 48 659 586 689 332 645 647 330 331 329 337 328 
39
773 590 59 591 592 58 54 666 676 587 654 483 484 720 344 716 346 45 46 673 674 675 554 57 530 63 64 573 576 574 532 579 61 62 60 65 531 595 56 
