15
485 478 631 728 669 95 559 686 435 771 772 773 774 775 776 
777
1
0 
1
1 
2
2 3 
1
3 
1
4 
2
5 751 
1
6 
1
7 
1
8 
1
9 
1
10 
1
11 
5
12 11 15 14 13 
1
13 
2
14 13 
3
15 14 13 
1
16 
1
17 
1
18 
1
19 
2
20 19 
1
21 
1
22 
1
23 
1
24 
1
25 
2
26 25 
1
27 
1
28 
1
29 
1
30 
2
31 30 
1
32 
1
33 
1
34 
1
35 
1
36 
1
37 
3
38 37 39 
1
39 
1
40 
1
41 
1
42 
1
43 
2
44 43 
3
45 44 43 
1
46 
1
47 
1
48 
2
49 48 
1
50 
1
51 
2
52 53 
1
53 
1
54 
1
55 
1
56 
1
57 
1
58 
1
59 
6
60 763 762 423 759 761 
1
61 
1
62 
1
63 
1
64 
2
65 64 
3
66 65 64 
36
67 497 63 755 496 467 134 131 133 132 500 421 526 69 68 130 498 499 764 62 760 754 756 135 136 61 758 757 137 437 139 140 138 66 65 64 
1
68 
1
69 
1
70 
1
71 
1
72 
1
73 
1
74 
1
75 
1
76 
1
77 
1
78 
1
79 
1
80 
1
81 
1
82 
1
83 
1
84 
1
85 
1
86 
5
87 88 86 85 89 
1
88 
1
89 
1
90 
4
91 93 92 94 
1
92 
1
93 
1
94 
35
95 469 111 552 112 84 90 87 88 86 85 89 96 107 507 109 110 108 91 93 92 94 97 105 104 106 101 98 103 100 99 102 114 83 113 
6
96 107 507 109 110 108 
10
97 105 104 106 101 98 103 100 99 102 
1
98 
1
99 
2
100 99 
6
101 98 103 100 99 102 
1
102 
1
103 
1
104 
1
105 
1
106 
1
107 
1
108 
1
109 
1
110 
1
111 
1
112 
1
113 
1
114 
1
115 
1
116 
1
117 
3
118 119 117 
1
119 
1
120 
1
121 
1
122 
2
123 124 
1
124 
1
125 
1
126 
1
127 
1
128 
1
129 
1
130 
3
131 133 132 
1
132 
2
133 132 
1
134 
1
135 
1
136 
1
137 
1
138 
1
139 
1
140 
1
141 
2
142 143 
1
143 
1
144 
1
145 
1
146 
1
147 
1
148 
1
149 
1
150 
1
151 
1
152 
1
153 
1
154 
2
155 474 
1
156 
1
157 
3
158 157 159 
1
159 
1
160 
1
161 
1
162 
1
163 
1
164 
1
165 
1
166 
2
167 166 
1
168 
4
169 167 166 168 
1
170 
1
171 
1
172 
1
173 
3
174 173 172 
1
175 
2
176 177 
1
177 
1
178 
1
179 
2
180 179 
1
181 
1
182 
1
183 
5
184 187 188 186 185 
1
185 
2
186 185 
2
187 188 
1
188 
1
189 
1
190 
1
191 
1
192 
1
193 
1
194 
1
195 
1
196 
1
197 
2
198 199 
1
199 
1
200 
2
201 200 
1
202 
1
203 
2
204 205 
1
205 
1
206 
1
207 
1
208 
1
209 
1
210 
2
211 212 
1
212 
1
213 
1
214 
2
215 216 
1
216 
1
217 
1
218 
1
219 
2
220 219 
1
221 
1
222 
1
223 
1
224 
1
225 
2
226 227 
1
227 
1
228 
1
229 
1
230 
2
231 230 
9
232 473 234 248 233 446 251 249 250 
1
233 
1
234 
1
235 
13
236 235 245 247 246 244 237 243 239 242 241 240 238 
1
237 
1
238 
4
239 242 241 240 
1
240 
2
241 240 
1
242 
6
243 239 242 241 240 238 
8
244 237 243 239 242 241 240 238 
2
245 247 
1
246 
1
247 
1
248 
2
249 250 
1
250 
1
251 
1
252 
2
253 252 
1
254 
1
255 
1
256 
3
257 256 258 
1
258 
1
259 
1
260 
1
261 
1
262 
1
263 
1
264 
2
265 266 
1
266 
1
267 
1
268 
1
269 
1
270 
1
271 
1
272 
4
273 274 275 272 
2
274 275 
1
275 
1
276 
1
277 
1
278 
3
279 679 673 
1
280 
1
281 
1
282 
1
283 
1
284 
1
285 
1
286 
1
287 
2
288 289 
1
289 
1
290 
2
291 292 
1
292 
1
293 
1
294 
1
295 
1
296 
2
297 298 
1
298 
1
299 
1
300 
1
301 
1
302 
1
303 
2
304 305 
1
305 
1
306 
1
307 
1
308 
1
309 
1
310 
1
311 
1
312 
1
313 
1
314 
1
315 
1
316 
1
317 
1
318 
1
319 
2
320 319 
1
321 
1
322 
1
323 
1
324 
1
325 
1
326 
1
327 
2
328 327 
1
329 
1
330 
1
331 
1
332 
2
333 332 
1
334 
11
335 336 341 337 338 340 339 593 343 344 342 
1
336 
4
337 338 340 339 
1
338 
1
339 
2
340 339 
5
341 337 338 340 339 
1
342 
1
343 
1
344 
1
345 
1
346 
1
347 
2
348 347 
1
349 
4
350 348 347 349 
1
351 
1
352 
1
353 
2
354 355 
1
355 
3
356 354 355 
1
357 
2
358 359 
1
359 
2
360 361 
1
361 
1
362 
1
363 
2
364 365 
1
365 
1
366 
1
367 
1
368 
1
369 
1
370 
1
371 
4
372 547 371 373 
1
373 
1
374 
1
375 
1
376 
1
377 
1
378 
1
379 
1
380 
3
381 513 382 
1
382 
2
383 384 
1
384 
1
385 
1
386 
2
387 388 
1
388 
1
389 
1
390 
1
391 
1
392 
1
393 
3
394 393 395 
1
395 
1
396 
1
397 
1
398 
1
399 
1
400 
1
401 
1
402 
4
403 404 401 402 
1
404 
1
405 
1
406 
1
407 
1
408 
5
409 410 407 408 406 
1
410 
7
411 412 409 410 407 408 406 
1
412 
1
413 
1
414 
1
415 
4
416 0 1 415 
2
417 511 
6
418 515 27 28 536 29 
1
419 
1
420 
1
421 
3
422 503 72 
3
423 759 761 
4
424 675 629 636 
3
425 483 10 
6
426 488 18 519 390 391 
5
427 491 22 23 21 
1
428 
5
429 689 213 211 212 
5
430 770 217 215 216 
6
431 481 311 530 309 310 
7
432 545 315 546 370 316 314 
2
433 658 
1
434 
52
493 524 328 327 534 357 525 330 329 358 359 542 325 522 360 361 535 326 434 461 351 352 436 453 331 333 332 492 345 334 521 346 462 353 356 354 355 350 348 347 349 335 336 341 337 338 340 339 593 343 344 342 
5
436 453 331 333 332 
4
437 139 140 138 
10
438 674 646 58 652 57 424 675 629 636 
1
439 
24
440 591 588 590 287 589 651 283 282 592 285 284 286 624 471 623 585 293 291 292 586 290 288 289 
1
441 
4
442 642 628 643 
1
443 
4
444 504 47 46 
18
445 120 79 118 119 117 746 121 122 741 76 742 125 123 124 744 78 77 
4
446 251 249 250 
10
447 153 154 417 511 512 738 739 190 191 
27
448 454 163 162 464 180 179 494 455 170 482 165 164 169 167 166 168 466 171 175 495 178 176 177 174 173 172 
3
449 383 384 
5
450 608 610 465 196 
1
451 
16
452 374 480 548 313 312 372 547 371 373 431 481 311 530 309 310 
4
453 331 333 332 
3
454 163 162 
9
455 170 482 165 164 169 167 166 168 
2
456 225 
2
457 701 
1
458 
2
459 16 
9
460 396 487 17 531 392 394 393 395 
33
461 351 352 436 453 331 333 332 492 345 334 521 346 462 353 356 354 355 350 348 347 349 335 336 341 337 338 340 339 593 343 344 342 
5
462 353 356 354 355 
6
463 296 661 299 297 298 
4
464 180 179 494 
2
465 196 
10
466 171 175 495 178 176 177 174 173 172 
5
467 134 131 133 132 
5
468 42 45 44 43 
2
469 111 
1
470 
1
471 
29
472 229 254 253 252 231 230 232 473 234 248 233 446 251 249 250 236 235 245 247 246 244 237 243 239 242 241 240 238 
4
473 234 248 233 
1
474 
9
475 161 155 474 556 557 558 182 181 
1
476 
6
477 527 528 31 30 380 
49
514 539 606 605 36 35 607 537 34 33 611 40 38 37 39 451 572 596 428 602 601 518 309 505 468 42 45 44 43 49 48 504 47 46 575 564 573 563 41 443 565 566 567 32 570 568 50 479 595 
24
479 529 518 308 307 516 375 376 452 374 480 548 313 312 372 547 371 373 431 481 311 530 309 310 
8
480 548 313 312 372 547 371 373 
5
481 311 530 309 310 
3
482 165 164 
2
483 10 
1
484 
53
485 484 9 399 8 400 398 554 486 397 459 425 483 10 12 11 14 13 396 750 5 751 405 413 582 470 752 7 6 411 412 409 410 407 408 406 403 404 401 402 753 4 414 2 3 416 0 1 415 15 460 395 394 
1
486 
2
487 17 
2
488 18 
1
489 
27
490 489 389 387 388 427 491 22 23 21 20 19 426 488 18 519 390 391 460 396 487 17 531 392 394 393 395 
3
491 22 23 
5
492 345 334 521 346 
26
493 524 328 327 534 357 525 330 329 358 359 532 363 362 523 538 323 542 324 325 522 360 361 535 326 434 
1
494 
4
495 178 176 177 
1
496 
1
497 
2
498 499 
1
499 
8
500 421 526 69 68 130 498 499 
1
501 
80
502 128 501 70 71 127 129 745 126 422 503 72 743 74 73 75 445 120 79 118 119 117 746 121 122 741 76 742 125 123 124 744 78 77 551 82 114 81 115 113 83 550 116 80 67 497 63 755 496 467 134 131 133 132 500 421 526 69 68 130 498 499 764 62 760 754 756 135 136 61 758 757 137 437 139 140 138 66 65 64 
2
503 72 
3
504 47 46 
1
505 
17
506 570 505 468 42 45 44 43 645 635 50 49 48 444 504 47 46 
4
507 109 110 108 
44
508 255 509 228 226 227 456 225 749 748 224 259 257 256 258 472 229 254 253 252 231 230 232 473 234 248 233 446 251 249 250 236 235 245 247 246 244 237 243 239 242 241 240 238 
6
509 228 226 227 456 225 
6
510 156 160 158 157 159 
1
511 
5
512 738 739 190 191 
2
513 382 
25
514 539 32 595 379 477 527 528 31 30 380 606 605 36 35 607 537 34 33 611 40 38 37 39 451 
5
515 27 28 536 29 
3
516 375 376 
5
517 597 306 304 305 
3
518 308 307 
3
519 390 391 
2
520 24 
2
521 346 
6
522 360 361 535 326 434 
6
523 538 323 542 324 325 
3
524 328 327 
3
525 330 329 
1
526 
1
527 
3
528 31 30 
1
529 
3
530 309 310 
5
531 392 394 393 395 
15
532 363 362 523 538 323 542 324 325 522 360 361 535 326 434 
2
533 366 
1
534 
3
535 326 434 
2
536 29 
3
537 34 33 
2
538 323 
2
539 32 
2
540 321 
4
541 318 320 319 
3
542 324 325 
13
543 368 369 544 549 317 432 545 315 546 370 316 314 
3
544 549 317 
2
545 315 
2
546 370 
1
547 
3
548 313 312 
1
549 
3
550 116 80 
10
551 82 114 81 115 113 83 550 116 80 
3
552 112 84 
3
553 386 385 
13
554 486 397 459 16 425 483 10 12 11 15 14 13 
1
555 
5
556 557 558 182 181 
1
557 
3
558 182 181 
69
559 189 560 183 447 153 154 417 511 512 738 739 190 191 475 161 155 474 556 557 558 182 181 731 151 737 476 192 152 448 454 163 162 464 180 179 494 455 170 482 165 164 169 167 166 168 466 171 175 495 178 176 177 174 173 172 184 187 188 186 185 510 156 160 158 157 159 150 193 
1
560 
1
561 
5
562 736 740 195 194 
3
563 41 443 
6
564 573 567 563 41 443 
90
565 577 568 569 663 574 578 612 571 575 566 572 594 596 378 428 564 573 567 563 41 443 614 618 616 615 583 587 295 294 584 441 660 555 659 300 463 296 661 299 297 298 581 579 657 576 580 433 658 604 602 603 601 377 600 599 303 598 662 302 301 517 597 306 304 305 479 529 518 308 307 516 375 376 452 374 480 548 313 312 372 547 371 373 431 481 311 530 309 310 
2
566 572 
1
567 
2
568 569 
1
569 
2
570 505 
14
571 575 566 572 594 596 378 428 564 573 567 563 41 443 
1
572 
1
573 
1
574 
1
575 
45
576 580 433 658 604 602 603 601 377 600 599 303 598 662 302 301 517 597 306 304 305 479 529 518 308 307 516 375 376 452 374 480 548 313 312 372 547 371 373 431 481 311 530 309 310 
1
577 
2
578 612 
1
579 
1
580 
3
581 579 657 
5
582 470 752 7 6 
6
583 587 295 294 584 441 
2
584 441 
8
585 293 291 292 586 290 288 289 
4
586 290 288 289 
3
587 295 294 
3
588 590 287 
8
589 651 283 282 592 285 284 286 
2
590 287 
1
591 
4
592 285 284 286 
4
593 343 344 342 
4
594 596 378 428 
2
595 379 
1
596 
4
597 306 304 305 
4
598 662 302 301 
2
599 303 
12
600 599 303 598 662 302 301 517 597 306 304 305 
1
601 
1
602 
1
603 
5
604 602 603 601 377 
3
605 36 35 
14
606 605 36 35 607 537 34 33 611 40 38 37 39 451 
4
607 537 34 33 
1
608 
6
609 198 199 197 201 200 
3
610 465 196 
6
611 40 38 37 39 451 
1
612 
1
613 
23
614 618 616 615 583 587 295 294 584 441 660 555 659 300 463 296 661 299 297 298 581 579 657 
1
615 
2
616 615 
2
617 620 
1
618 
1
619 
1
620 
1
621 
4
622 619 617 620 
1
623 
11
624 471 623 585 293 291 292 586 290 288 289 
3
625 637 613 
2
626 640 
1
627 
2
628 643 
2
629 636 
1
630 
69
631 630 621 625 637 613 622 619 617 620 440 591 588 590 287 589 592 285 284 286 624 471 623 586 288 289 638 639 633 627 442 642 628 643 649 56 55 653 634 644 51 654 54 52 53 506 645 635 444 577 569 663 574 578 612 614 618 616 615 632 283 629 636 626 424 290 585 583 581 
4
632 647 648 281 
2
633 627 
7
634 644 51 654 54 52 53 
4
635 50 49 48 
1
636 
1
637 
36
638 639 633 627 442 642 628 643 649 56 55 653 634 644 51 654 54 52 53 506 570 505 468 42 45 44 43 645 635 50 49 48 444 504 47 46 
1
639 
1
640 
3
641 280 439 
1
642 
1
643 
2
644 51 
9
645 635 50 49 48 444 504 47 46 
4
646 58 652 57 
3
647 648 281 
2
648 281 
11
649 56 55 653 634 644 51 654 54 52 53 
7
650 668 667 656 59 655 665 
3
651 283 282 
2
652 57 
1
653 
4
654 54 52 53 
1
655 
4
656 59 655 665 
1
657 
1
658 
2
659 300 
13
660 555 659 300 463 296 661 299 297 298 581 579 657 
4
661 299 297 298 
3
662 302 301 
4
663 574 578 612 
3
664 717 710 
1
665 
2
666 671 
1
667 
1
668 
57
669 672 60 763 762 423 759 761 677 678 141 700 144 142 143 497 63 755 496 467 134 764 62 760 754 756 135 136 61 758 757 137 437 139 140 138 64 650 656 59 655 646 58 652 57 676 671 668 665 438 670 697 696 702 146 147 145 
2
670 697 
1
671 
1
672 
1
673 
1
674 
1
675 
6
676 724 457 701 666 671 
14
677 678 141 670 697 696 702 146 147 145 700 144 142 143 
2
678 141 
1
679 
2
680 420 
1
681 
22
682 278 683 680 420 704 698 203 699 206 204 205 705 726 202 561 609 198 199 197 201 200 
1
683 
11
684 681 277 690 210 209 693 691 694 207 208 
7
685 276 271 273 274 275 272 
49
686 270 429 689 213 211 212 688 268 269 687 692 214 690 210 209 693 208 685 271 273 274 275 272 767 267 264 265 266 430 770 217 215 216 765 263 766 218 220 219 769 221 222 223 768 262 261 747 260 
3
687 692 214 
6
688 268 269 687 692 214 
4
689 213 211 212 
4
690 210 209 693 
4
691 694 207 208 
2
692 214 
1
693 
3
694 207 208 
1
695 
9
696 702 146 147 145 700 144 142 143 
1
697 
2
698 203 
4
699 206 204 205 
4
700 144 142 143 
1
701 
4
702 146 147 145 
4
703 148 458 149 
7
704 698 203 699 206 204 205 
10
705 726 202 561 609 198 199 197 201 200 
1
706 
2
707 716 
2
708 695 
30
709 718 664 717 710 712 719 722 725 650 668 667 656 59 655 665 713 715 626 640 632 647 648 281 711 708 695 641 280 439 
1
710 
6
711 708 695 641 280 439 
4
712 719 722 725 
14
713 715 626 640 632 647 648 281 711 708 695 641 280 439 
8
714 707 716 727 706 279 679 673 
1
715 
1
716 
1
717 
1
718 
1
719 
16
720 721 723 450 608 610 465 196 714 707 716 727 706 279 679 673 
2
721 723 
2
722 725 
1
723 
1
724 
1
725 
2
726 202 
5
727 706 279 679 673 
40
728 733 703 458 724 457 701 666 730 419 735 732 729 562 736 740 720 721 723 610 714 709 718 664 717 710 712 719 722 725 667 713 715 711 674 675 148 149 734 194 
1
729 
13
730 150 419 735 193 734 732 729 562 736 740 195 194 
6
731 151 737 476 192 152 
2
732 729 
1
733 
1
734 
3
735 193 734 
4
736 740 195 194 
3
737 476 192 
1
738 
3
739 190 191 
2
740 195 
9
741 76 742 125 123 124 744 78 77 
4
742 125 123 124 
4
743 74 73 75 
3
744 78 77 
9
745 126 422 503 72 743 74 73 75 
3
746 121 122 
1
747 
1
748 
7
749 748 224 259 257 256 258 
30
750 5 751 405 413 582 470 752 7 6 411 412 409 410 407 408 406 403 404 401 402 753 4 414 2 3 416 0 1 415 
1
751 
3
752 7 6 
9
753 4 414 2 3 416 0 1 415 
4
754 756 135 136 
7
755 496 467 134 131 133 132 
3
756 135 136 
2
757 137 
7
758 757 137 437 139 140 138 
2
759 761 
1
760 
1
761 
1
762 
2
763 762 
15
764 62 760 754 756 135 136 61 758 757 137 437 139 140 138 
6
765 263 766 218 220 219 
2
766 218 
69
767 267 264 265 266 430 770 217 215 216 765 263 766 218 220 219 769 221 222 223 768 262 261 747 260 508 255 509 228 226 227 456 225 749 748 224 259 257 256 258 472 229 254 253 252 231 230 232 473 234 248 233 446 251 249 250 236 235 245 247 246 244 237 243 239 242 241 240 238 
5
768 262 261 747 260 
9
769 221 222 223 768 262 261 747 260 
4
770 217 215 216 
45
771 255 228 227 225 748 259 256 472 254 252 230 473 248 446 249 236 245 246 237 239 241 238 508 509 226 456 749 224 257 258 229 253 231 232 234 233 251 250 235 247 244 243 242 240 
44
772 571 594 660 659 661 297 579 576 433 604 603 599 598 302 517 306 305 529 293 291 292 587 295 294 584 555 300 463 296 299 298 657 580 658 600 303 662 301 597 304 307 441 308 
46
773 376 548 547 481 310 314 435 321 533 364 367 318 319 368 544 317 315 370 363 378 377 516 374 312 373 530 432 540 322 366 365 541 320 543 369 549 545 546 316 532 362 523 538 323 324 
60
774 553 385 24 490 389 388 491 23 20 426 18 390 478 520 26 25 449 383 384 381 513 382 418 515 27 28 536 29 379 477 527 528 31 30 380 375 452 480 313 372 371 431 311 489 387 427 22 21 19 488 519 391 392 386 17 393 16 487 531 
56
775 502 501 71 745 422 72 74 75 120 118 117 121 741 742 123 744 77 82 81 550 80 128 70 127 129 126 503 743 73 125 124 67 131 133 132 500 421 526 69 68 130 498 499 66 65 445 79 119 746 122 76 78 551 115 116 
53
776 684 277 691 207 276 682 683 420 698 699 204 705 202 609 199 201 608 196 707 727 279 673 640 647 281 708 641 439 651 282 681 694 278 704 203 206 205 280 195 450 465 716 706 679 648 695 680 726 561 198 197 200 
