15
23 39 493 475 133 89 470 262 214 513 376 361 546 547 548 
549
1
0 
2
1 2 
1
2 
1
3 
1
4 
20
5 440 441 6 439 7 438 8 437 453 442 3 4 444 443 1 2 446 0 445 
1
6 
1
7 
2
8 437 
1
9 
4
10 435 436 9 
1
11 
2
12 433 
1
13 
1
14 
4
15 430 16 429 
2
16 429 
2
17 428 
1
18 
1
19 
1
20 
1
21 
2
22 423 
54
23 422 22 423 421 24 25 420 427 18 17 428 426 19 425 20 424 21 431 14 432 13 12 433 15 430 16 429 434 11 10 435 436 9 5 440 441 6 439 7 438 8 437 453 442 3 4 444 443 1 2 446 0 445 
1
24 
2
25 420 
4
26 419 418 27 
1
27 
2
28 417 
8
29 416 28 417 26 419 418 27 
1
30 
1
31 
1
32 
1
33 
1
34 
1
35 
1
36 
1
37 
1
38 
45
39 40 540 405 542 41 541 404 402 401 403 537 43 42 44 543 37 407 38 406 36 408 544 409 35 545 33 412 411 34 410 415 30 414 31 413 32 29 416 28 417 26 418 27 419 
1
40 
1
41 
1
42 
2
43 42 
1
44 
1
45 
3
46 47 45 
1
47 
1
48 
1
49 
2
50 51 
1
51 
1
52 
1
53 
2
54 53 
1
55 
1
56 
1
57 
1
58 
1
59 
1
60 
1
61 
1
62 
1
63 
1
64 
1
65 
1
66 
1
67 
1
68 
1
69 
1
70 
1
71 
1
72 
1
73 
5
74 141 142 73 143 
9
75 140 139 76 74 141 142 73 143 
1
76 
2
77 138 
4
78 137 77 138 
1
79 
2
80 135 
2
81 134 
1
82 
1
83 
8
84 131 130 85 87 128 129 86 
1
85 
1
86 
4
87 128 129 86 
2
88 127 
29
122 120 95 121 94 119 96 97 118 117 98 100 115 116 99 101 114 102 112 113 111 103 104 105 110 109 106 107 108 
2
90 125 
1
91 
1
92 
1
93 
1
94 
1
95 
1
96 
10
97 118 117 98 100 115 116 99 101 114 
1
98 
1
99 
6
100 115 116 99 101 114 
2
101 114 
12
102 112 113 111 103 104 105 110 109 106 107 108 
1
103 
1
104 
6
105 110 109 106 107 108 
1
106 
2
107 108 
1
108 
4
109 106 107 108 
1
110 
9
111 103 104 105 110 109 106 107 108 
1
112 
1
113 
1
114 
1
115 
2
116 99 
2
117 98 
1
118 
2
119 96 
6
120 95 121 94 119 96 
2
121 94 
2
122 93 
2
123 92 
12
124 91 123 92 122 93 120 95 121 94 119 96 
1
125 
1
126 
1
127 
1
128 
2
129 86 
2
130 85 
1
131 
2
132 83 
27
136 79 78 137 77 138 75 140 139 76 74 141 142 73 143 487 146 145 71 488 144 72 70 80 69 68 147 
1
134 
1
135 
8
136 79 80 135 78 137 77 138 
1
137 
1
138 
2
139 76 
1
140 
1
141 
3
142 73 143 
1
143 
1
144 
1
145 
1
146 
2
147 148 
1
148 
1
149 
1
150 
1
151 
1
152 
1
153 
1
154 
1
155 
1
156 
2
157 156 
2
158 159 
1
159 
1
160 
1
161 
1
162 
1
163 
1
164 
3
165 164 163 
4
166 165 164 163 
2
167 168 
1
168 
1
169 
1
170 
1
171 
1
172 
1
173 
2
174 173 
3
175 174 173 
1
176 
1
177 
7
178 176 177 175 174 173 179 
1
179 
1
180 
1
181 
7
182 184 183 185 186 181 468 
1
183 
1
184 
1
185 
1
186 
1
187 
1
188 
1
189 
2
190 189 
1
191 
1
192 
1
193 
1
194 
1
195 
1
196 
1
197 
1
198 
1
199 
1
200 
2
201 200 
1
202 
2
203 266 
1
204 
1
205 
1
206 
1
207 
1
208 
1
209 
1
210 
2
211 258 
2
212 257 
2
213 256 
41
255 256 251 218 252 217 254 216 250 219 249 220 247 222 248 221 246 223 245 224 241 228 244 225 243 226 242 227 240 230 229 237 232 238 239 231 233 236 235 234 257 
4
215 254 253 216 
1
216 
1
217 
1
218 
1
219 
1
220 
1
221 
1
222 
1
223 
1
224 
1
225 
1
226 
1
227 
1
228 
1
229 
1
230 
1
231 
1
232 
4
233 236 235 234 
1
234 
2
235 234 
1
236 
9
237 232 238 239 231 233 236 235 234 
3
238 239 231 
1
239 
12
240 230 229 237 232 238 239 231 233 236 235 234 
8
241 228 244 225 243 226 242 227 
2
242 227 
2
243 226 
6
244 225 243 226 242 227 
2
245 224 
24
246 223 245 224 241 228 244 225 243 226 242 227 240 230 229 237 232 238 239 231 233 236 235 234 
4
247 222 248 221 
2
248 221 
2
249 220 
8
250 219 249 220 247 222 248 221 
16
251 218 252 217 215 254 253 216 250 219 249 220 247 222 248 221 
2
252 217 
2
253 216 
1
254 
1
255 
1
256 
1
257 
1
258 
4
259 210 211 258 
4
260 209 261 208 
2
261 208 
35
207 209 208 265 204 205 206 267 202 203 266 268 201 200 525 269 199 198 524 197 271 270 512 195 272 196 194 500 193 273 210 258 274 275 276 
2
263 206 
4
264 205 263 206 
6
265 204 264 205 263 206 
1
266 
7
267 202 203 266 268 201 200 
1
268 
1
269 
1
270 
1
271 
1
272 
1
273 
1
274 
1
275 
1
276 
1
277 
1
278 
1
279 
1
280 
1
281 
1
282 
1
283 
1
284 
2
285 286 
1
286 
1
287 
1
288 
1
289 
1
290 
1
291 
1
292 
2
293 292 
1
294 
1
295 
2
296 295 
6
297 481 390 391 296 295 
1
298 
1
299 
1
300 
1
301 
1
302 
1
303 
1
304 
1
305 
1
306 
1
307 
3
308 379 307 
1
309 
7
310 377 378 309 308 379 307 
1
311 
1
312 
6
313 374 314 373 372 315 
4
314 373 372 315 
1
315 
2
316 371 
14
317 370 316 371 319 368 318 369 320 367 321 366 365 322 
2
318 369 
10
319 368 318 369 320 367 321 366 365 322 
2
320 367 
4
321 366 365 322 
1
322 
1
323 
2
324 363 
6
325 362 324 363 364 323 
1
326 
1
327 
1
328 
1
329 
1
330 
2
331 356 
2
332 355 
7
333 353 354 332 355 331 356 
1
334 
1
335 
1
336 
1
337 
1
338 
1
339 
1
340 
2
341 340 
3
342 341 340 
1
343 
6
344 343 345 342 341 340 
1
345 
1
346 
1
347 
2
348 347 
2
349 350 
1
350 
1
351 
22
352 334 335 467 351 336 461 337 349 350 338 348 347 454 339 346 344 343 345 342 341 340 
1
353 
1
354 
1
355 
1
356 
2
357 330 
4
358 329 357 330 
2
359 328 
4
360 327 359 328 
55
361 326 360 327 359 328 358 329 357 330 333 353 354 332 355 331 356 325 362 324 363 364 323 319 368 318 369 320 367 321 366 365 322 352 334 335 467 351 336 461 337 349 350 338 348 347 454 339 346 344 343 345 342 341 340 
1
362 
1
363 
2
364 323 
2
365 322 
1
366 
1
367 
1
368 
1
369 
1
370 
1
371 
2
372 315 
1
373 
1
374 
2
375 312 
44
376 311 375 312 313 374 314 373 372 315 310 377 378 309 308 379 307 533 306 381 305 382 380 531 304 383 528 302 301 532 384 385 386 303 299 530 387 529 300 388 316 371 317 370 
1
377 
2
378 309 
1
379 
1
380 
1
381 
1
382 
1
383 
1
384 
1
385 
1
386 
1
387 
1
388 
1
389 
2
390 391 
1
391 
1
392 
1
393 
8
394 514 477 450 509 287 285 286 
1
395 
1
396 
1
397 
1
398 
1
399 
1
400 
1
401 
3
402 401 403 
1
403 
1
404 
1
405 
1
406 
1
407 
1
408 
1
409 
1
410 
1
411 
1
412 
2
413 32 
2
414 31 
14
415 30 414 31 413 32 29 416 28 417 26 419 418 27 
1
416 
1
417 
2
418 27 
1
419 
1
420 
2
421 24 
1
422 
1
423 
2
424 21 
2
425 20 
4
426 19 425 20 
10
427 18 17 428 426 19 425 20 424 21 
1
428 
1
429 
1
430 
36
431 14 432 13 12 433 15 430 16 429 434 11 10 435 436 9 5 440 441 6 439 7 438 8 437 453 442 3 4 444 443 1 2 446 0 445 
4
432 13 12 433 
1
433 
6
434 11 10 435 436 9 
1
435 
1
436 
1
437 
1
438 
3
439 7 438 
2
440 441 
1
441 
1
442 
1
443 
7
444 443 1 2 446 0 445 
1
445 
3
446 0 445 
1
447 
6
448 492 63 506 280 279 
3
449 519 57 
5
450 509 287 285 286 
1
451 
19
452 462 171 465 160 158 159 457 162 463 169 167 168 170 166 165 164 163 161 
11
453 442 3 4 444 443 1 2 446 0 445 
9
454 339 346 344 343 345 342 341 340 
8
455 291 293 292 476 289 290 288 
1
456 
12
457 162 463 169 167 168 170 166 165 164 163 161 
3
458 172 464 
12
459 180 458 172 464 178 176 177 175 174 173 179 
4
460 155 157 156 
16
461 337 349 350 338 348 347 454 339 346 344 343 345 342 341 340 
2
462 171 
5
463 169 167 168 170 
1
464 
4
465 160 158 159 
1
466 
3
467 351 336 
1
468 
2
469 154 
49
470 187 469 154 466 460 155 157 156 182 184 183 185 186 181 468 452 462 171 465 160 158 159 457 162 463 169 167 168 170 166 165 164 163 161 459 180 458 172 464 178 176 177 175 174 173 179 471 188 
8
471 153 188 152 472 151 190 189 
4
472 151 190 189 
6
473 511 67 66 483 451 
1
474 
34
475 482 150 191 474 495 447 484 490 485 149 486 148 473 511 67 66 483 451 501 502 192 503 497 277 496 489 498 153 152 472 151 190 189 
4
476 289 290 288 
6
477 450 509 287 285 286 
13
478 479 294 392 393 455 291 293 292 476 289 290 288 
2
479 294 
15
480 389 298 299 530 387 529 300 388 297 481 390 391 296 295 
3
481 390 391 
2
482 150 
2
483 451 
6
484 499 65 64 490 491 
13
485 149 486 69 68 147 148 473 511 67 66 483 451 
3
486 69 68 
8
487 146 145 71 488 144 72 70 
3
488 144 72 
3
489 498 276 
2
490 491 
1
491 
2
492 63 
32
493 61 505 504 281 494 62 282 448 492 63 506 280 279 510 523 58 59 522 60 64 278 284 526 507 456 283 499 65 491 518 285 
2
494 62 
8
495 447 484 499 65 64 490 491 
1
496 
7
497 278 277 496 489 498 276 
2
498 276 
2
499 65 
3
500 193 273 
13
501 502 192 503 274 275 497 278 277 496 489 498 276 
1
502 
3
503 274 275 
5
504 281 494 62 282 
1
505 
2
506 280 
3
507 456 283 
2
508 284 
4
509 287 285 286 
7
510 523 58 59 527 522 60 
3
511 67 66 
8
512 195 272 196 194 500 193 273 
31
513 508 394 514 477 450 509 287 286 478 479 294 392 393 455 291 293 292 476 289 290 288 481 390 391 296 295 389 297 480 298 
1
514 
25
515 395 449 519 57 510 523 58 59 527 522 60 516 49 517 396 521 52 50 51 520 55 56 54 53 
13
516 49 517 396 521 52 50 51 520 55 56 54 53 
2
517 396 
1
518 
2
519 57 
5
520 55 56 54 53 
4
521 52 50 51 
2
522 60 
3
523 58 59 
4
524 197 271 270 
8
525 269 199 198 524 197 271 270 
4
526 507 456 283 
1
527 
8
528 302 301 532 384 385 386 303 
2
529 300 
5
530 387 529 300 388 
3
531 304 383 
4
532 384 385 386 
17
533 306 381 305 382 380 531 304 383 528 302 301 532 384 385 386 303 
3
534 398 399 
1
535 
7
536 48 535 397 46 47 45 
1
537 
2
538 400 
7
539 44 538 400 534 398 399 
2
540 405 
1
541 
10
542 41 541 404 402 401 403 537 43 42 
30
543 37 407 38 406 36 408 544 409 35 545 33 412 411 34 410 415 30 414 31 413 32 29 416 28 417 26 419 418 27 
9
544 409 35 545 33 412 411 34 410 
6
545 33 412 411 34 410 
27
546 89 90 88 84 130 87 129 124 123 93 133 132 81 126 125 127 131 85 128 86 91 92 82 83 134 135 
13
547 262 260 261 264 263 214 213 212 259 211 215 253 
33
548 515 449 527 516 517 521 50 520 56 53 48 397 539 538 400 534 398 399 536 535 46 47 45 49 396 519 57 55 54 395 52 51 
