15
17 616 736 483 677 579 615 139 597 472 745 240 590 354 487 
751
1
0 
1
1 
1
2 
7
3 2 1 4 451 0 450 
1
4 
8
5 3 2 1 4 451 0 450 
1
6 
1
7 
2
8 9 
1
9 
1
10 
6
11 12 439 440 13 438 
1
12 
2
13 438 
4
14 437 436 15 
1
15 
1
16 
41
17 434 435 16 18 433 432 14 437 436 15 11 12 439 440 13 438 610 443 7 6 441 10 8 9 442 609 449 444 5 3 2 1 4 451 0 450 445 448 447 446 
3
18 433 432 
1
19 
1
20 
1
21 
1
22 
2
23 24 
1
24 
1
25 
1
26 
1
27 
1
28 
2
29 30 
1
30 
1
31 
2
32 33 
1
33 
1
34 
1
35 
1
36 
1
37 
2
38 37 
1
39 
2
40 41 
1
41 
1
42 
1
43 
1
44 
2
45 46 
1
46 
1
47 
1
48 
1
49 
2
50 49 
11
51 716 48 458 717 719 44 720 47 45 46 
1
52 
1
53 
2
54 53 
1
55 
1
56 
1
57 
1
58 
1
59 
1
60 
1
61 
1
62 
1
63 
1
64 
1
65 
7
66 65 64 62 68 63 67 
1
67 
1
68 
1
69 
20
70 512 663 654 656 644 646 507 306 645 649 655 643 647 648 305 638 509 653 631 
1
71 
1
72 
1
73 
1
74 
1
75 
1
76 
1
77 
2
78 77 
1
79 
1
80 
1
81 
1
82 
1
83 
1
84 
1
85 
1
86 
1
87 
1
88 
1
89 
2
90 89 
1
91 
1
92 
3
93 92 91 
1
94 
1
95 
1
96 
1
97 
1
98 
1
99 
1
100 
2
101 138 
4
102 137 101 138 
1
103 
1
104 
1
105 
1
106 
1
107 
1
108 
1
109 
2
110 109 
15
111 123 110 109 122 113 112 121 117 120 119 118 115 116 114 
1
112 
2
113 112 
1
114 
2
115 116 
1
116 
6
117 120 119 118 115 116 
1
118 
1
119 
1
120 
8
121 117 120 119 118 115 116 114 
3
122 113 112 
1
123 
4
124 608 108 107 
15
125 130 607 131 606 106 132 124 608 108 107 128 126 127 129 
2
126 127 
1
127 
4
128 126 127 129 
1
129 
1
130 
1
131 
1
132 
1
133 
1
134 
1
135 
12
136 103 135 737 134 104 105 133 102 137 101 138 
1
137 
1
138 
60
139 141 100 140 485 144 96 95 142 143 528 98 99 97 526 147 145 146 136 103 135 737 134 104 105 133 102 137 101 138 125 130 607 131 606 106 132 124 608 108 107 128 126 127 129 111 123 110 109 122 113 112 121 117 120 119 118 115 116 114 
1
140 
1
141 
6
142 143 528 98 99 97 
1
143 
1
144 
2
145 146 
1
146 
1
147 
1
148 
2
149 150 
1
150 
1
151 
1
152 
1
153 
1
154 
2
155 156 
1
156 
1
157 
2
158 159 
1
159 
1
160 
1
161 
1
162 
1
163 
1
164 
1
165 
1
166 
1
167 
1
168 
1
169 
1
170 
4
171 172 170 173 
1
172 
1
173 
1
174 
1
175 
1
176 
1
177 
1
178 
1
179 
2
180 179 
2
181 182 
1
182 
1
183 
1
184 
1
185 
1
186 
2
187 188 
1
188 
1
189 
1
190 
1
191 
1
192 
3
193 194 195 
1
194 
1
195 
9
196 698 684 688 672 693 699 692 680 
12
197 691 685 686 671 293 498 670 492 497 295 294 
1
198 
1
199 
1
200 
2
201 202 
1
202 
1
203 
1
204 
1
205 
1
206 
1
207 
1
208 
1
209 
1
210 
2
211 210 
1
212 
1
213 
4
214 216 217 215 
1
215 
3
216 217 215 
1
217 
1
218 
1
219 
1
220 
1
221 
2
222 223 
1
223 
1
224 
1
225 
22
226 266 267 225 265 264 227 529 228 263 749 221 271 270 269 750 268 224 222 223 220 272 
1
227 
1
228 
1
229 
1
230 
5
231 229 486 262 230 
1
232 
1
233 
2
234 233 
1
235 
3
236 238 237 
1
237 
2
238 237 
7
239 236 238 237 235 234 233 
56
240 530 531 260 261 232 241 231 229 486 262 230 239 236 238 237 235 234 233 612 257 256 242 611 255 254 259 258 249 246 248 247 244 245 243 250 253 251 252 226 266 267 225 265 264 227 529 228 263 270 269 750 268 224 222 223 
1
241 
1
242 
1
243 
2
244 245 
1
245 
3
246 248 247 
1
247 
1
248 
11
249 246 248 247 244 245 243 250 253 251 252 
2
250 253 
2
251 252 
1
252 
1
253 
1
254 
1
255 
1
256 
1
257 
1
258 
2
259 258 
2
260 261 
1
261 
1
262 
1
263 
1
264 
6
265 264 227 529 228 263 
1
266 
1
267 
1
268 
1
269 
2
270 269 
1
271 
1
272 
3
273 275 274 
1
274 
2
275 274 
1
276 
3
277 276 278 
1
278 
4
279 277 276 278 
1
280 
1
281 
1
282 
1
283 
1
284 
1
285 
1
286 
1
287 
3
288 289 287 
1
289 
1
290 
1
291 
1
292 
2
293 498 
1
294 
1
295 
1
296 
1
297 
4
298 300 299 297 
1
299 
1
300 
6
301 302 298 300 299 297 
1
302 
1
303 
1
304 
1
305 
1
306 
1
307 
1
308 
1
309 
1
310 
1
311 
1
312 
20
313 315 567 596 316 500 565 321 317 318 566 319 320 562 709 524 323 322 467 564 
1
314 
1
315 
1
316 
5
317 318 566 319 320 
1
318 
2
319 320 
1
320 
1
321 
1
322 
2
323 322 
2
324 325 
1
325 
1
326 
1
327 
1
328 
1
329 
1
330 
2
331 330 
1
332 
1
333 
2
334 333 
1
335 
2
336 589 
1
337 
1
338 
1
339 
2
340 339 
1
341 
4
342 341 340 339 
7
343 601 338 342 341 340 339 
3
344 587 337 
1
345 
1
346 
1
347 
1
348 
1
349 
1
350 
1
351 
1
352 
1
353 
67
354 353 390 355 748 391 352 392 351 393 747 350 394 395 479 396 349 505 398 397 544 348 347 510 336 589 514 406 344 587 337 517 549 550 335 334 333 603 551 407 408 343 601 338 342 341 340 339 543 345 462 503 403 404 405 588 513 402 504 482 401 399 400 346 409 604 332 
2
355 389 
1
356 
2
357 387 
2
358 386 
4
359 385 358 386 
1
360 
1
361 
1
362 
1
363 
1
364 
1
365 
1
366 
1
367 
5
368 370 371 372 369 
1
369 
1
370 
2
371 372 
1
372 
1
373 
1
374 
1
375 
1
376 
1
377 
1
378 
2
379 377 
1
380 
1
381 
9
382 362 383 361 363 532 364 380 381 
2
383 361 
19
384 360 359 385 358 386 388 356 357 387 382 362 383 361 363 532 364 380 381 
1
385 
1
386 
1
387 
4
388 356 357 387 
1
389 
1
390 
1
391 
1
392 
1
393 
1
394 
1
395 
1
396 
1
397 
1
398 
2
399 400 
1
400 
1
401 
1
402 
1
403 
2
404 405 
1
405 
1
406 
1
407 
1
408 
1
409 
1
410 
1
411 
1
412 
1
413 
1
414 
1
415 
1
416 
2
417 416 
1
418 
1
419 
1
420 
1
421 
1
422 
2
423 542 
1
424 
1
425 
2
426 425 
1
427 
2
428 427 
1
429 
1
430 
1
431 
1
432 
1
433 
1
434 
2
435 16 
2
436 15 
1
437 
1
438 
1
439 
1
440 
5
441 10 8 9 442 
1
442 
1
443 
1
444 
4
445 448 447 446 
1
446 
1
447 
1
448 
1
449 
1
450 
3
451 0 450 
1
452 
1
453 
9
454 650 651 659 641 304 455 661 652 
3
455 661 652 
18
456 618 413 624 39 38 37 623 36 35 625 480 418 620 415 417 416 414 
5
457 488 421 422 420 
2
458 717 
1
459 
6
460 489 176 175 570 186 
1
461 
5
462 503 403 404 405 
2
463 657 
5
464 559 718 57 56 
7
465 600 586 60 511 518 519 
3
466 545 547 
2
467 564 
6
468 689 697 200 199 198 
12
469 706 292 291 705 461 468 689 697 200 199 198 
1
470 
5
471 725 453 723 165 
62
472 700 204 702 205 690 695 203 696 201 202 701 703 290 289 469 706 292 291 705 461 468 689 697 200 199 198 197 691 685 686 671 293 498 670 492 497 295 294 642 303 536 669 296 667 662 681 196 698 684 688 693 699 692 680 301 302 298 300 299 297 687 
15
473 218 279 277 276 278 746 219 273 275 274 214 216 217 215 
2
474 683 
4
475 153 154 84 
3
476 88 148 
17
477 493 160 484 82 81 583 80 161 568 158 159 538 539 79 78 77 
7
478 25 23 24 428 427 26 
9
479 396 349 505 398 397 544 348 347 
7
480 418 620 415 417 416 414 
4
481 31 29 30 
4
482 401 399 400 
61
483 310 309 465 600 586 60 511 518 519 520 515 560 459 311 466 545 641 304 639 308 506 516 727 307 584 599 585 540 61 496 491 69 495 512 663 654 656 644 646 507 306 645 649 655 643 647 305 66 65 64 62 68 63 67 70 648 638 509 455 653 
5
484 82 81 583 80 
14
485 144 96 95 142 143 528 98 99 97 526 147 145 146 
2
486 262 
37
487 365 376 379 377 378 622 373 374 367 366 375 368 370 371 372 369 384 360 359 385 358 386 388 357 387 382 362 383 361 363 532 364 380 381 389 356 
4
488 421 422 420 
3
489 176 175 
33
490 189 187 188 460 489 176 175 570 186 569 178 181 182 180 179 177 533 183 184 185 575 168 573 571 534 169 640 174 171 172 170 173 
1
491 
4
492 497 295 294 
2
493 160 
3
494 637 76 
1
495 
4
496 491 69 495 
2
497 295 
1
498 
1
499 
3
500 565 321 
30
501 34 629 508 419 32 33 457 488 421 422 420 456 618 413 624 39 38 37 623 36 35 625 480 418 620 415 417 416 414 
13
502 424 423 542 481 31 29 30 541 27 28 426 425 
2
503 403 
6
504 482 401 399 400 346 
3
505 398 397 
2
506 516 
5
507 306 645 649 655 
2
508 419 
3
509 653 631 
52
510 336 589 514 406 344 587 337 517 549 550 335 334 333 604 332 603 452 551 407 408 591 593 605 602 329 328 331 330 343 601 338 342 341 340 339 543 345 462 503 403 404 405 588 513 402 504 482 401 399 400 346 
3
511 518 519 
1
512 
1
513 
2
514 406 
1
515 
1
516 
21
517 549 550 335 334 333 604 332 603 452 551 407 408 591 593 605 602 329 328 331 330 
2
518 519 
1
519 
8
520 515 560 58 59 561 553 459 
4
521 522 324 325 
3
522 324 325 
3
523 327 592 
3
524 323 322 
10
525 94 90 89 476 88 148 93 92 91 
4
526 147 145 146 
22
527 157 83 155 156 477 493 160 484 82 81 583 80 161 568 158 159 538 539 79 78 77 
4
528 98 99 97 
3
529 228 263 
1
530 
3
531 260 261 
4
532 364 380 381 
4
533 183 184 185 
8
534 169 640 174 171 172 170 173 
1
535 
3
536 669 296 
5
537 726 665 738 664 
5
538 539 79 78 77 
2
539 79 
1
540 
3
541 27 28 
1
542 
16
543 345 462 503 403 404 405 588 513 402 504 482 401 399 400 346 
3
544 348 347 
1
545 
1
546 
1
547 
12
548 546 312 721 707 556 554 555 558 466 545 547 
9
549 550 335 334 333 604 332 603 452 
4
550 335 334 333 
3
551 407 408 
6
552 594 523 327 592 326 
2
553 459 
6
554 555 558 466 545 547 
2
555 558 
1
556 
1
557 
1
558 
1
559 
4
560 58 59 561 
1
561 
7
562 709 524 323 322 467 564 
1
563 
1
564 
2
565 321 
3
566 319 320 
3
567 596 316 
3
568 158 159 
11
569 178 181 182 180 179 177 533 183 184 185 
2
570 186 
1
571 
3
572 535 191 
1
573 
2
574 576 
4
575 168 573 571 
1
576 
9
577 166 574 576 167 572 535 191 190 
1
578 
45
579 578 162 582 581 494 637 76 527 157 83 155 156 477 493 160 484 82 81 583 80 161 568 158 159 538 539 79 78 77 72 635 74 75 633 73 722 164 537 726 163 71 632 580 630 
2
580 582 
4
581 494 637 76 
1
582 
2
583 80 
2
584 599 
3
585 540 61 
2
586 60 
2
587 337 
2
588 513 
1
589 
53
590 552 594 523 327 592 326 595 563 521 522 324 325 313 315 567 596 316 500 565 321 317 318 566 319 320 562 709 524 323 322 467 564 314 546 312 721 556 707 554 548 555 558 547 452 591 593 605 602 329 328 331 330 
8
591 593 605 602 329 328 331 330 
1
592 
2
593 605 
1
594 
6
595 563 521 522 324 325 
1
596 
57
597 192 598 471 725 453 723 165 474 683 577 166 574 576 167 572 535 191 190 490 189 187 188 460 489 176 175 570 186 569 178 181 182 180 179 177 533 183 184 185 575 168 573 571 534 169 640 174 171 172 170 173 704 193 194 195 724 
1
598 
1
599 
1
600 
2
601 338 
5
602 329 328 331 330 
1
603 
4
604 332 603 452 
1
605 
3
606 106 132 
2
607 131 
2
608 108 
15
609 449 444 5 3 2 1 4 451 0 450 445 448 447 446 
9
610 443 7 6 441 10 8 9 442 
3
611 255 254 
20
612 257 256 242 611 255 254 259 258 249 246 248 247 244 245 243 250 253 251 252 
2
613 694 
5
614 151 149 150 152 
23
615 86 85 614 151 149 150 152 87 475 153 154 84 525 94 90 89 476 88 148 93 92 91 
64
616 429 21 22 617 431 20 430 19 478 25 23 24 428 427 26 502 424 423 542 481 31 29 30 541 27 28 426 425 501 34 629 508 419 32 33 457 488 421 422 420 456 618 413 624 39 38 37 623 36 35 625 480 418 620 415 417 416 414 40 626 621 412 410 
5
617 431 20 430 19 
2
618 413 
10
619 628 42 43 627 40 41 626 621 412 
4
620 415 417 416 
2
621 412 
11
622 373 374 367 366 375 368 370 371 372 369 
11
623 36 35 625 480 418 620 415 417 416 414 
4
624 39 38 37 
8
625 480 418 620 415 417 416 414 
1
626 
1
627 
6
628 42 43 627 40 41 
1
629 
5
630 72 463 657 71 
1
631 
8
632 635 74 75 633 73 634 636 
1
633 
2
634 636 
3
635 74 75 
1
636 
2
637 76 
4
638 509 653 631 
42
639 308 506 516 727 307 584 599 585 540 61 496 491 69 495 70 512 663 654 656 644 646 507 306 645 649 655 643 647 648 305 638 509 653 631 66 65 64 62 68 63 67 
2
640 174 
5
641 304 455 661 652 
19
642 303 536 669 296 667 662 681 678 668 196 698 684 688 672 693 699 692 680 
8
643 647 648 305 638 509 653 631 
2
644 646 
1
645 
1
646 
1
647 
1
648 
2
649 655 
1
650 
2
651 659 
1
652 
1
653 
1
654 
1
655 
3
656 644 646 
1
657 
1
658 
1
659 
1
660 
1
661 
1
662 
2
663 654 
1
664 
1
665 
25
666 658 630 72 463 657 71 632 635 74 75 633 73 634 636 722 164 724 674 537 726 665 738 664 163 
5
667 662 681 678 668 
1
668 
1
669 
5
670 492 497 295 294 
3
671 293 498 
5
672 693 699 692 680 
3
673 675 660 
1
674 
1
675 
1
676 
29
677 679 613 673 675 660 454 650 651 659 661 652 666 658 463 657 634 636 674 665 738 664 631 682 678 668 672 676 694 
2
678 668 
1
679 
1
680 
1
681 
3
682 474 683 
1
683 
2
684 688 
2
685 686 
1
686 
1
687 
1
688 
1
689 
12
690 695 203 696 201 202 701 703 290 288 289 287 
1
691 
1
692 
1
693 
1
694 
1
695 
1
696 
3
697 200 199 
1
698 
3
699 692 680 
2
700 204 
1
701 
2
702 286 
5
703 290 288 289 287 
8
704 687 676 193 194 195 613 694 
8
705 461 468 689 697 200 199 198 
1
706 
2
707 556 
1
708 
1
709 
1
710 
2
711 712 
1
712 
6
713 734 715 55 54 53 
3
714 52 499 
4
715 55 54 53 
1
716 
1
717 
3
718 57 56 
6
719 44 720 47 45 46 
4
720 47 45 46 
1
721 
10
722 164 724 674 537 726 665 738 664 163 
2
723 165 
2
724 674 
2
725 453 
1
726 
1
727 
21
728 729 710 711 712 410 731 470 708 548 546 312 721 707 556 554 555 558 466 545 547 
2
729 710 
1
730 
3
731 470 708 
2
732 733 
1
733 
1
734 
13
735 557 713 734 715 55 54 53 464 559 718 57 56 
52
736 730 732 733 714 52 499 411 51 716 48 458 717 719 44 720 47 45 46 50 49 619 628 42 43 627 41 735 557 713 734 54 53 728 729 710 711 712 731 470 708 715 55 58 59 561 553 464 559 718 57 56 
5
737 134 104 105 133 
2
738 664 
9
739 208 740 206 207 205 741 285 284 
4
740 206 207 205 
3
741 285 284 
5
742 282 211 210 212 
4
743 744 209 283 
2
744 209 
44
745 213 280 281 742 282 211 210 212 743 744 209 283 473 218 279 277 276 278 746 219 273 275 274 214 216 217 215 749 221 271 220 272 208 284 286 739 740 206 207 741 285 288 287 
5
746 219 273 275 274 
4
747 350 394 395 
10
748 391 352 392 351 393 747 350 394 395 
12
749 221 271 270 269 750 268 224 222 223 220 272 
5
750 268 224 222 223 
