15
781 764 725 666 688 719 528 724 200 835 824 605 635 469 838 
839
1
0 
1
1 
1
2 
3
3 4 2 
1
4 
1
5 
1
6 
1
7 
2
8 9 
1
9 
1
10 
1
11 
1
12 
2
13 14 
1
14 
1
15 
1
16 
1
17 
1
18 
1
19 
1
20 
1
21 
1
22 
2
23 24 
1
24 
1
25 
1
26 
1
27 
1
28 
1
29 
1
30 
1
31 
2
32 33 
1
33 
1
34 
1
35 
1
36 
1
37 
3
38 39 40 
2
39 40 
1
40 
1
41 
10
42 516 520 596 621 519 517 518 522 525 
1
43 
1
44 
4
45 44 46 47 
2
46 47 
1
47 
1
48 
1
49 
2
50 51 
1
51 
1
52 
1
53 
2
54 55 
1
55 
1
56 
1
57 
1
58 
1
59 
1
60 
1
61 
1
62 
1
63 
2
64 63 
1
65 
1
66 
2
67 68 
1
68 
1
69 
2
70 71 
1
71 
1
72 
1
73 
1
74 
1
75 
1
76 
1
77 
1
78 
1
79 
1
80 
2
81 80 
1
82 
1
83 
1
84 
4
85 87 86 84 
1
86 
2
87 86 
2
88 89 
1
89 
1
90 
1
91 
4
92 574 537 103 
1
93 
6
94 99 97 95 96 98 
2
95 96 
1
96 
4
97 95 96 98 
1
98 
1
99 
2
100 101 
1
101 
1
102 
1
103 
1
104 
5
105 107 106 104 108 
1
106 
2
107 106 
1
108 
1
109 
1
110 
1
111 
1
112 
1
113 
1
114 
1
115 
1
116 
1
117 
1
118 
1
119 
2
120 119 
1
121 
1
122 
2
123 122 
1
124 
1
125 
1
126 
1
127 
1
128 
1
129 
1
130 
1
131 
1
132 
1
133 
1
134 
1
135 
1
136 
2
137 136 
1
138 
3
139 789 818 
13
140 749 436 795 694 689 691 687 776 774 772 773 206 
1
141 
1
142 
1
143 
72
144 619 758 509 753 617 648 618 148 646 645 437 663 615 616 455 595 151 149 150 660 644 658 643 176 671 175 172 173 174 560 612 620 152 511 613 162 163 614 641 594 706 171 489 642 169 170 705 166 165 168 167 704 456 490 164 512 510 157 513 154 153 161 464 155 156 159 160 158 145 146 147 
3
145 146 147 
2
146 147 
1
147 
1
148 
2
149 150 
1
150 
1
151 
1
152 
1
153 
2
154 153 
2
155 156 
1
156 
1
157 
1
158 
3
159 160 158 
1
160 
1
161 
1
162 
1
163 
1
164 
1
165 
2
166 165 
1
167 
2
168 167 
2
169 170 
1
170 
1
171 
1
172 
2
173 174 
1
174 
1
175 
1
176 
1
177 
3
178 180 179 
1
179 
2
180 179 
2
181 182 
1
182 
1
183 
1
184 
1
185 
1
186 
3
187 186 188 
1
188 
1
189 
1
190 
1
191 
1
192 
1
193 
2
194 196 
1
195 
1
196 
1
197 
1
198 
2
199 198 
132
200 199 198 757 755 752 629 653 654 202 143 647 664 566 662 661 527 745 190 601 201 600 673 602 628 197 526 565 194 196 438 567 476 746 192 193 191 195 471 659 556 559 183 672 496 181 182 178 180 179 177 558 185 189 557 505 184 187 186 188 144 619 758 509 753 617 648 618 148 646 645 437 663 615 616 455 595 151 149 150 660 644 658 643 176 671 175 172 173 174 560 612 620 152 511 613 162 163 614 641 594 706 171 489 642 169 170 705 166 165 168 167 704 456 490 164 512 510 157 513 154 153 161 464 155 156 159 160 158 145 146 147 
1
201 
1
202 
1
203 
1
204 
1
205 
1
206 
1
207 
1
208 
2
209 210 
1
210 
1
211 
1
212 
1
213 
2
214 215 
1
215 
1
216 
1
217 
1
218 
1
219 
1
220 
1
221 
1
222 
1
223 
2
224 223 
1
225 
1
226 
1
227 
1
228 
1
229 
1
230 
1
231 
1
232 
2
233 232 
1
234 
1
235 
1
236 
1
237 
1
238 
1
239 
3
240 241 239 
1
241 
4
242 240 241 239 
1
243 
1
244 
1
245 
1
246 
4
247 250 248 249 
2
248 249 
1
249 
1
250 
5
251 247 250 248 249 
8
252 246 251 247 250 248 249 245 
10
253 244 252 246 251 247 250 248 249 245 
1
254 
1
255 
1
256 
1
257 
1
258 
1
259 
1
260 
4
261 259 260 262 
1
262 
1
263 
1
264 
1
265 
1
266 
1
267 
1
268 
2
269 268 
1
270 
1
271 
1
272 
1
273 
1
274 
1
275 
1
276 
1
277 
1
278 
1
279 
1
280 
1
281 
1
282 
1
283 
1
284 
1
285 
1
286 
1
287 
13
288 693 207 449 685 683 692 211 212 209 210 287 208 
1
289 
2
290 289 
1
291 
1
292 
1
293 
1
294 
1
295 
1
296 
1
297 
2
298 297 
5
299 300 301 298 297 
1
300 
1
301 
1
302 
1
303 
1
304 
1
305 
1
306 
1
307 
1
308 
2
309 308 
2
310 311 
1
311 
1
312 
1
313 
1
314 
1
315 
1
316 
1
317 
1
318 
1
319 
1
320 
2
321 322 
1
322 
1
323 
1
324 
1
325 
1
326 
10
327 328 831 377 787 375 376 634 466 633 
1
328 
1
329 
1
330 
1
331 
1
332 
2
333 332 
1
334 
1
335 
2
336 337 
1
337 
1
338 
1
339 
1
340 
1
341 
1
342 
1
343 
2
344 343 
1
345 
2
346 345 
13
347 344 343 500 493 350 342 348 349 341 351 346 345 
2
348 349 
1
349 
1
350 
1
351 
1
352 
1
353 
1
354 
1
355 
2
356 355 
2
357 358 
1
358 
1
359 
2
360 361 
1
361 
1
362 
1
363 
1
364 
1
365 
1
366 
1
367 
1
368 
2
369 370 
1
370 
1
371 
1
372 
1
373 
2
374 373 
2
375 376 
1
376 
1
377 
1
378 
1
379 
2
380 379 
1
381 
1
382 
1
383 
1
384 
1
385 
1
386 
1
387 
1
388 
1
389 
1
390 
1
391 
1
392 
1
393 
1
394 
1
395 
3
396 398 397 
1
397 
2
398 397 
1
399 
1
400 
1
401 
2
402 403 
1
403 
1
404 
1
405 
1
406 
1
407 
2
408 407 
1
409 
2
410 411 
1
411 
1
412 
1
413 
2
414 413 
1
415 
1
416 
1
417 
1
418 
2
419 418 
8
420 499 426 421 422 423 424 425 
5
421 422 423 424 425 
4
422 423 424 425 
1
423 
2
424 425 
1
425 
1
426 
1
427 
1
428 
1
429 
1
430 
1
431 
1
432 
1
433 
1
434 
3
435 0 434 
1
436 
9
437 663 615 616 455 595 151 149 150 
7
438 567 476 746 192 193 191 
4
439 569 76 77 
1
440 
8
441 67 68 806 126 127 125 66 
5
442 532 74 531 118 
1
443 
1
444 
2
445 780 
1
446 
3
447 580 31 
1
448 
1
449 
1
450 
1
451 
1
452 
1
453 
4
454 792 761 759 
5
455 595 151 149 150 
1
456 
6
457 536 723 111 570 79 
2
458 624 
1
459 
1
460 
4
461 770 415 416 
7
462 747 369 370 632 372 371 
4
463 640 338 504 
1
464 
1
465 
2
466 633 
5
467 492 340 503 339 
4
468 800 7 6 
68
469 550 463 640 338 504 552 354 353 545 363 364 611 639 335 336 337 495 365 553 555 637 551 352 467 492 340 503 339 347 344 343 500 493 350 342 348 349 341 351 346 345 514 362 359 357 358 360 361 356 355 591 367 554 453 368 610 592 366 488 638 333 334 462 747 369 370 371 
1
470 
22
471 659 556 559 183 672 496 181 182 178 180 179 177 558 185 189 557 505 184 187 186 188 
1
472 
4
473 546 708 52 
2
474 257 
7
475 284 285 214 215 820 216 
5
476 746 192 193 191 
4
477 427 428 429 
2
478 5 
3
479 64 63 
2
480 138 
4
481 220 221 280 
7
482 113 112 534 535 78 114 
2
483 109 
2
484 41 
5
485 604 29 28 30 
4
486 316 586 315 
2
487 320 
8
488 636 331 330 638 333 332 334 
1
489 
3
490 164 512 
3
491 54 55 
4
492 340 503 339 
2
493 350 
1
494 
5
495 365 553 555 637 
1
496 
3
497 50 51 
8
498 263 258 264 261 259 260 262 
2
499 426 
8
500 493 350 342 348 349 341 351 
1
501 
16
502 433 478 5 1 3 4 2 468 800 7 6 435 0 434 432 
1
503 
1
504 
2
505 184 
11
506 431 798 797 494 803 799 10 8 9 11 
3
507 430 465 
1
508 
1
509 
12
510 157 513 154 153 161 464 155 156 159 160 158 
4
511 613 162 163 
1
512 
1
513 
9
514 362 359 357 358 360 361 356 355 
12
515 43 561 48 49 497 50 51 473 546 708 52 
2
516 520 
1
517 
1
518 
5
519 517 518 522 525 
1
520 
1
521 
2
522 525 
1
523 
1
524 
1
525 
1
526 
3
527 745 190 
56
528 115 116 439 569 76 77 482 113 112 534 535 78 114 457 536 723 111 570 79 82 81 80 719 121 120 119 568 72 71 73 442 532 74 531 118 530 75 529 117 70 533 123 122 720 721 69 124 441 67 68 806 126 127 125 66 
2
529 117 
4
530 75 529 117 
2
531 118 
2
532 74 
1
533 
1
534 
2
535 78 
1
536 
1
537 
5
538 37 603 35 36 
5
539 399 396 398 397 
3
540 314 313 
9
541 323 452 321 322 742 382 383 324 
1
542 
1
543 
11
544 744 384 584 487 320 319 585 587 318 317 
3
545 363 364 
3
546 708 52 
5
547 785 549 256 255 
1
548 
3
549 256 255 
1
550 
20
551 352 467 492 340 503 339 347 344 343 500 493 350 342 348 349 341 351 346 345 
3
552 354 353 
1
553 
1
554 
2
555 637 
3
556 559 183 
3
557 505 184 
6
558 185 189 557 505 184 
2
559 183 
27
560 612 620 152 511 613 162 163 614 641 594 706 171 489 642 169 170 705 166 165 168 167 704 456 490 164 512 
3
561 48 49 
1
562 
11
563 606 630 656 652 307 306 651 305 524 304 
4
564 446 484 41 
3
565 194 196 
1
566 
1
567 
6
568 72 70 71 533 73 
3
569 76 77 
2
570 79 
12
571 483 109 105 107 106 104 108 92 574 537 103 
10
572 91 716 717 82 81 80 722 110 440 
3
573 90 508 
3
574 537 103 
4
575 38 39 40 
5
576 575 38 39 40 
6
577 538 37 603 35 36 
4
578 34 32 33 
15
579 393 447 580 31 578 34 32 33 577 538 37 603 35 36 
2
580 31 
26
581 392 576 575 38 39 40 564 446 484 41 579 393 447 580 31 578 34 32 33 577 538 37 603 35 36 
9
582 395 583 485 604 29 28 30 394 
6
583 485 604 29 28 30 
4
584 487 320 319 
4
585 587 318 317 
1
586 
2
587 318 
19
588 386 385 544 744 384 584 487 320 319 585 587 318 317 387 486 316 586 315 
6
589 451 388 540 314 313 
1
590 
23
591 367 554 453 368 610 592 366 488 636 331 330 638 333 332 334 462 747 369 370 632 372 371 
1
592 
1
593 
1
594 
4
595 151 149 150 
2
596 621 
3
597 625 562 
7
598 523 627 626 597 625 562 
20
599 391 598 523 627 626 597 625 562 563 606 630 656 652 307 306 651 305 524 304 
2
600 673 
5
601 201 600 673 602 
1
602 
3
603 35 36 
3
604 29 28 
51
605 590 657 748 312 631 310 311 309 308 540 314 313 390 666 458 303 667 522 525 599 391 598 523 627 626 597 625 562 563 606 630 656 652 307 306 651 305 524 304 778 650 777 700 296 302 299 300 301 298 297 
6
606 630 656 652 307 306 
40
607 374 373 608 593 609 329 327 328 831 377 787 375 376 634 466 633 591 367 554 453 368 610 592 366 488 636 331 330 638 333 332 334 462 747 369 370 632 372 371 
2
608 593 
2
609 329 
2
610 592 
10
611 639 335 336 337 495 365 553 555 637 
1
612 
1
613 
9
614 641 594 706 171 489 642 169 170 
7
615 616 455 595 151 149 150 
1
616 
6
617 648 618 148 646 645 
2
618 148 
1
619 
2
620 152 
1
621 
2
622 521 
2
623 667 
1
624 
1
625 
1
626 
2
627 626 
14
628 197 526 565 194 196 438 567 476 746 192 193 191 195 
2
629 653 
1
630 
5
631 310 311 309 308 
3
632 372 371 
1
633 
1
634 
67
635 542 741 325 832 378 380 379 326 743 381 543 541 323 452 321 322 742 382 383 324 588 386 385 544 744 384 584 487 320 319 585 587 318 317 387 586 607 374 373 608 593 609 329 327 328 831 377 787 375 376 634 466 633 636 331 330 332 632 372 389 589 451 388 486 316 315 
3
636 331 330 
1
637 
4
638 333 332 334 
4
639 335 336 337 
2
640 338 
2
641 594 
1
642 
1
643 
1
644 
1
645 
2
646 645 
3
647 664 566 
1
648 
7
649 460 697 680 701 293 292 
1
650 
3
651 305 524 
3
652 307 306 
1
653 
2
654 202 
14
655 204 203 669 448 756 750 754 142 205 775 670 751 141 
4
656 652 307 306 
8
657 748 312 631 310 311 309 308 
3
658 643 176 
1
659 
10
660 644 658 643 176 671 175 172 173 174 
1
661 
24
662 661 527 745 190 601 201 600 673 602 628 197 526 565 194 196 438 567 476 746 192 193 191 195 
1
663 
1
664 
2
665 681 
51
624 622 521 707 53 459 677 443 623 596 621 497 51 546 708 52 679 760 812 813 56 57 454 792 761 759 690 676 791 665 681 696 291 678 675 674 491 54 55 668 699 698 294 649 460 697 680 701 293 292 295 
1
667 
1
668 
3
669 448 756 
1
670 
5
671 175 172 173 174 
8
672 496 181 182 178 180 179 177 
1
673 
1
674 
1
675 
4
676 791 665 681 
1
677 
6
678 675 674 491 54 55 
36
679 760 812 813 56 57 454 792 761 759 690 676 791 665 681 696 291 678 675 674 491 54 55 778 650 668 699 698 294 649 460 697 680 701 293 292 
1
680 
1
681 
2
682 739 
8
683 692 211 212 209 210 287 208 
4
684 286 695 213 
1
685 
2
686 762 
1
687 
22
762 793 794 790 788 749 436 795 689 776 774 772 773 655 669 448 756 750 754 775 670 751 
2
689 691 
1
690 
1
691 
5
692 211 212 209 210 
4
693 207 449 685 
4
694 689 691 687 
2
695 213 
2
696 291 
5
697 680 701 293 292 
2
698 294 
3
699 698 294 
3
700 296 295 
3
701 293 292 
1
702 
17
703 419 418 779 702 477 427 428 429 420 499 426 421 422 423 424 425 
5
704 456 490 164 512 
10
705 166 165 168 167 704 456 490 164 512 
6
706 171 489 642 169 170 
7
707 53 459 677 443 623 667 
2
708 52 
1
709 
32
710 265 711 474 257 715 236 470 547 785 549 256 255 784 501 238 548 243 254 242 240 241 239 237 498 263 258 264 261 259 260 262 
1
711 
1
712 
1
713 
8
714 267 266 713 830 235 234 712 
8
715 236 470 547 785 549 256 255 
1
716 
4
717 82 81 80 
11
718 83 573 90 508 88 89 85 87 86 84 
38
804 65 805 128 129 807 130 131 479 64 63 132 815 62 808 61 816 133 810 139 789 818 59 809 480 138 817 135 134 137 136 60 814 58 811 140 142 141 
17
720 721 69 124 441 67 68 806 126 127 125 66 804 65 805 128 129 
2
721 69 
3
722 110 440 
2
723 111 
41
724 102 100 101 93 94 99 97 95 96 98 572 91 716 717 722 110 440 718 83 573 90 508 88 89 85 87 86 84 571 483 109 105 107 106 104 108 92 574 537 103 
37
581 392 576 575 38 39 40 564 446 484 41 578 34 33 577 538 37 603 35 36 42 516 520 519 517 518 515 43 561 48 49 50 473 45 44 46 47 
2
726 26 
2
727 400 
5
728 23 24 731 25 
1
729 
16
730 444 728 23 24 731 25 402 403 732 736 737 404 405 22 401 
2
731 25 
5
732 736 737 404 405 
1
733 
2
734 19 
2
735 27 
1
736 
2
737 404 
1
738 
1
739 
8
740 406 682 739 733 786 21 20 
1
741 
3
742 382 383 
3
743 381 543 
2
744 384 
2
745 190 
3
746 192 193 
1
747 
2
748 312 
3
749 436 795 
2
750 754 
1
751 
1
752 
1
753 
1
754 
2
755 752 
1
756 
129
757 755 752 629 653 654 202 143 647 664 566 662 661 527 745 190 601 201 600 673 602 628 197 526 565 194 196 438 567 476 746 192 193 191 195 471 659 556 559 183 672 496 181 182 178 180 179 177 558 185 189 557 505 184 187 186 188 144 619 758 509 753 617 648 618 148 646 645 437 663 615 616 455 595 151 149 150 660 644 658 643 176 671 175 172 173 174 560 612 620 152 511 613 162 163 614 641 594 706 171 489 642 169 170 705 166 165 168 167 704 456 490 164 512 510 157 513 154 153 161 464 155 156 159 160 158 145 146 147 
3
758 509 753 
1
759 
1
760 
2
761 759 
1
762 
2
763 472 
67
764 763 472 738 734 19 768 409 408 407 740 406 682 739 733 786 21 20 783 18 16 17 725 729 727 400 735 27 726 26 730 444 728 23 24 731 25 402 403 732 736 737 404 405 22 401 583 485 604 29 28 539 399 398 397 410 582 395 30 394 396 579 393 447 580 31 32 
1
765 
1
766 
4
767 796 771 417 
4
768 409 408 407 
6
769 412 414 413 410 411 
3
770 415 416 
2
771 417 
1
772 
1
773 
3
774 772 773 
4
775 670 751 141 
5
776 774 772 773 206 
10
777 700 296 295 302 299 300 301 298 297 
13
778 650 668 699 698 294 649 460 697 680 701 293 292 
2
779 702 
1
780 
73
781 801 12 767 796 771 417 507 430 465 506 431 798 797 494 803 799 10 8 9 11 802 766 709 765 769 412 414 413 411 461 770 415 416 703 419 418 779 702 477 427 428 429 420 499 426 421 422 423 424 425 502 433 478 5 1 3 4 2 468 800 7 6 435 0 434 432 782 15 445 780 13 14 
6
782 15 445 780 13 14 
4
783 18 16 17 
11
784 501 238 548 243 254 242 240 241 239 237 
1
785 
3
786 21 20 
1
787 
1
788 
1
789 
1
790 
1
791 
1
792 
1
793 
3
794 790 788 
1
795 
1
796 
2
797 494 
1
798 
1
799 
2
800 7 
1
801 
14
802 766 709 765 769 412 414 413 410 411 461 770 415 416 
6
803 799 10 8 9 11 
5
804 65 805 128 129 
3
805 128 129 
4
806 126 127 125 
27
807 130 131 479 64 63 132 815 62 808 61 816 133 810 139 789 818 59 809 480 138 817 135 134 137 136 60 
4
808 61 816 133 
9
809 480 138 817 135 134 137 136 60 
14
810 139 789 818 59 809 480 138 817 135 134 137 136 60 
2
811 793 
1
812 
2
813 56 
7
814 58 811 793 794 790 788 
2
815 62 
2
816 133 
5
817 135 134 137 136 
1
818 
15
819 282 281 821 219 218 217 283 475 284 285 214 215 820 216 
2
820 216 
4
821 219 218 217 
8
822 828 270 827 233 232 269 268 
2
823 271 
54
233 714 267 266 713 830 235 234 712 710 265 711 474 257 715 236 470 547 785 549 256 255 784 501 238 548 243 254 242 240 241 239 237 498 263 258 264 261 259 260 262 253 244 252 246 251 247 250 248 249 245 828 827 268 
3
825 272 273 
4
826 229 228 230 
1
827 
1
828 
13
829 231 450 823 271 822 828 270 827 233 232 269 268 
4
830 235 234 712 
8
831 377 787 375 376 634 466 633 
4
832 378 380 379 
4
833 276 277 275 
2
834 274 
38
819 217 283 475 284 285 214 215 820 216 684 286 695 213 288 693 207 449 685 683 692 211 212 209 210 287 208 688 686 694 691 687 206 290 289 204 203 205 
3
836 278 279 
9
837 222 836 278 279 833 276 277 275 
44
838 835 834 224 837 836 833 277 824 226 272 826 228 829 450 271 232 225 223 222 278 279 276 275 481 220 221 280 282 281 821 219 218 227 825 273 229 230 231 823 822 270 269 274 
