15
663 535 546 437 631 586 657 108 643 538 294 277 584 592 688 
712
1
0 
1
1 
1
2 
9
3 491 492 493 0 1 2 490 4 
1
4 
1
5 
1
6 
1
7 
1
8 
1
9 
1
10 
1
11 
1
12 
1
13 
1
14 
2
15 16 
1
16 
1
17 
1
18 
1
19 
1
20 
1
21 
1
22 
1
23 
1
24 
1
25 
1
26 
1
27 
3
28 26 27 
1
29 
1
30 
2
31 32 
1
32 
1
33 
1
34 
1
35 
2
36 37 
1
37 
1
38 
2
39 40 
1
40 
1
41 
1
42 
1
43 
1
44 
2
45 44 
1
46 
1
47 
1
48 
1
49 
2
50 49 
1
51 
1
52 
3
53 54 52 
1
54 
1
55 
1
56 
1
57 
1
58 
1
59 
1
60 
1
61 
3
62 61 60 
1
63 
1
64 
1
65 
1
66 
1
67 
1
68 
1
69 
1
70 
1
71 
1
72 
1
73 
1
74 
1
75 
1
76 
1
77 
1
78 
1
79 
1
80 
1
81 
2
82 160 
3
83 158 159 
1
84 
1
85 
1
86 
1
87 
1
88 
1
89 
1
90 
1
91 
2
92 149 
1
93 
1
94 
1
95 
1
96 
1
97 
1
98 
2
99 98 
1
100 
6
101 103 102 104 100 105 
1
102 
1
103 
1
104 
1
105 
1
106 
1
107 
40
108 135 116 110 133 109 134 115 112 114 113 111 119 129 130 118 117 131 132 120 127 128 126 124 125 123 121 122 106 107 136 140 137 139 138 101 103 102 104 105 
2
109 134 
1
110 
1
111 
1
112 
1
113 
2
114 113 
5
115 112 114 113 111 
10
116 110 133 109 134 115 112 114 113 111 
3
117 131 132 
1
118 
7
119 129 130 118 117 131 132 
9
120 127 128 126 124 125 123 121 122 
2
121 122 
1
122 
3
123 121 122 
2
124 125 
1
125 
3
126 124 125 
1
127 
1
128 
1
129 
2
130 118 
1
131 
1
132 
1
133 
1
134 
1
135 
1
136 
1
137 
1
138 
2
139 138 
5
140 141 137 139 138 
1
141 
1
142 
1
143 
1
144 
1
145 
2
146 145 
1
147 
1
148 
1
149 
5
150 91 152 90 151 
1
151 
3
152 90 151 
7
153 89 150 91 152 90 151 
2
154 88 
24
155 86 87 154 88 153 89 150 91 152 90 151 660 147 94 93 148 92 149 656 95 96 146 145 
9
156 85 157 84 83 158 159 82 160 
2
157 84 
1
158 
1
159 
1
160 
2
161 81 
1
162 
1
163 
1
164 
1
165 
2
166 165 
1
167 
1
168 
1
169 
1
170 
1
171 
1
172 
1
173 
1
174 
1
175 
1
176 
5
177 176 175 179 178 
1
178 
2
179 178 
1
180 
1
181 
1
182 
2
183 184 
1
184 
1
185 
1
186 
1
187 
1
188 
2
189 190 
1
190 
1
191 
3
192 193 191 
1
193 
1
194 
1
195 
1
196 
1
197 
2
198 199 
1
199 
1
200 
1
201 
2
202 201 
1
203 
1
204 
2
205 204 
3
206 205 204 
1
207 
1
208 
5
209 648 208 646 494 
1
210 
1
211 
1
212 
1
213 
1
214 
1
215 
1
216 
5
217 563 610 548 608 
1
218 
1
219 
1
220 
1
221 
1
222 
1
223 
1
224 
1
225 
1
226 
9
227 301 226 589 303 225 302 224 304 
2
228 300 
3
229 298 299 
7
230 297 229 298 299 228 300 
1
231 
1
232 
1
233 
1
234 
1
235 
1
236 
1
237 
1
238 
1
239 
1
240 
1
241 
1
242 
1
243 
4
244 284 285 243 
2
245 283 
12
246 281 282 245 283 278 250 249 247 280 279 248 
4
247 280 279 248 
1
248 
1
249 
1
250 
1
251 
2
252 276 
1
253 
1
254 
1
255 
1
256 
1
257 
1
258 
1
259 
1
260 
1
261 
3
262 260 261 
7
263 259 265 264 262 260 261 
1
264 
1
265 
12
266 257 258 267 256 263 259 265 264 262 260 261 
2
267 256 
15
268 255 254 266 257 258 267 256 263 259 265 264 262 260 261 
3
269 253 275 
5
270 274 271 273 272 
3
271 273 272 
1
272 
1
273 
1
274 
1
275 
1
276 
35
277 251 252 276 269 253 275 270 274 271 273 272 268 255 254 266 257 258 267 256 263 259 265 264 262 260 261 281 278 250 249 247 280 279 248 
7
278 250 249 247 280 279 248 
2
279 248 
1
280 
1
281 
1
282 
1
283 
1
284 
2
285 243 
3
286 241 242 
23
287 240 288 239 286 241 242 244 284 285 243 246 281 282 245 283 278 250 249 247 280 279 248 
2
288 239 
2
289 238 
1
290 
5
291 237 290 289 238 
2
292 236 
3
293 234 235 
35
294 233 293 234 235 292 236 291 237 290 289 238 295 232 296 231 230 297 229 298 287 240 288 239 286 241 242 244 284 285 243 246 282 245 283 
11
295 232 296 231 230 297 229 298 299 228 300 
2
296 231 
1
297 
1
298 
1
299 
1
300 
1
301 
1
302 
1
303 
1
304 
1
305 
1
306 
1
307 
1
308 
1
309 
1
310 
1
311 
1
312 
1
313 
1
314 
2
315 314 
1
316 
1
317 
1
318 
1
319 
1
320 
1
321 
1
322 
2
323 324 
1
324 
1
325 
1
326 
1
327 
2
328 327 
1
329 
1
330 
1
331 
1
332 
1
333 
1
334 
1
335 
1
336 
1
337 
2
338 337 
1
339 
1
340 
1
341 
1
342 
1
343 
1
344 
1
345 
1
346 
1
347 
1
348 
2
349 350 
1
350 
1
351 
1
352 
1
353 
1
354 
1
355 
1
356 
1
357 
2
358 357 
1
359 
1
360 
1
361 
1
362 
1
363 
1
364 
1
365 
1
366 
1
367 
1
368 
1
369 
1
370 
1
371 
1
372 
1
373 
2
374 373 
1
375 
2
376 377 
1
377 
1
378 
1
379 
1
380 
2
381 380 
3
382 381 380 
6
383 379 382 381 380 384 
1
384 
1
385 
1
386 
1
387 
3
388 390 389 
1
389 
1
390 
1
391 
2
392 393 
1
393 
1
394 
1
395 
1
396 
1
397 
1
398 
1
399 
1
400 
1
401 
1
402 
1
403 
1
404 
1
405 
1
406 
1
407 
1
408 
1
409 
1
410 
1
411 
1
412 
1
413 
1
414 
1
415 
1
416 
1
417 
1
418 
1
419 
2
420 419 
1
421 
1
422 
1
423 
1
424 
1
425 
2
426 427 
1
427 
1
428 
1
429 
1
430 
1
431 
1
432 
1
433 
1
434 
1
435 
1
436 
45
602 506 549 318 603 525 601 565 64 580 551 553 529 320 567 319 552 316 500 315 314 618 566 619 67 66 317 617 65 550 620 598 599 600 62 61 60 63 313 523 68 605 597 583 321 
1
438 
1
439 
1
440 
1
441 
1
442 
2
443 444 
1
444 
1
445 
1
446 
1
447 
2
448 447 
1
449 
1
450 
1
451 
1
452 
1
453 
1
454 
1
455 
1
456 
1
457 
1
458 
2
459 460 
1
460 
2
461 462 
1
462 
1
463 
1
464 
1
465 
2
466 467 
1
467 
1
468 
1
469 
1
470 
1
471 
1
472 
1
473 
1
474 
2
475 474 
1
476 
1
477 
11
478 661 8 9 686 476 687 10 477 475 474 
1
479 
1
480 
1
481 
1
482 
1
483 
5
484 486 485 487 483 
1
485 
1
486 
1
487 
1
488 
1
489 
1
490 
1
491 
5
492 493 0 1 2 
3
493 0 1 
1
494 
2
495 615 
1
496 
1
497 
9
498 554 25 521 459 460 28 26 27 
1
499 
1
500 
16
501 558 56 536 57 58 570 597 598 599 59 600 62 61 60 63 
3
502 559 445 
11
503 708 432 431 430 433 579 336 335 338 337 
1
504 
5
505 649 211 212 210 
1
506 
1
507 
5
508 323 324 325 622 
5
509 55 53 54 52 
1
510 
6
511 77 164 76 166 165 
15
512 73 168 74 169 537 167 75 511 77 164 76 166 165 170 
3
513 481 482 
4
514 451 450 452 
3
515 218 219 
3
516 223 305 
3
517 414 415 
3
518 400 370 
1
519 
6
520 48 545 47 561 439 
3
521 459 460 
3
522 527 311 
5
523 634 69 68 70 
9
524 194 528 189 190 192 193 191 188 
1
525 
14
526 197 200 198 199 196 651 203 547 202 201 206 205 204 
2
527 311 
3
528 189 190 
4
529 320 567 319 
3
530 195 504 
4
531 647 207 507 
10
532 142 107 143 136 140 141 137 139 138 
5
533 463 461 462 464 
2
534 29 
74
535 556 21 557 465 533 463 461 462 464 555 23 24 22 498 554 25 521 459 460 28 26 27 675 455 456 454 678 33 31 32 680 457 676 30 534 29 458 693 17 690 470 18 469 569 19 499 616 468 466 467 20 451 452 677 453 679 35 34 667 38 666 449 36 37 514 450 664 448 447 665 446 39 40 
3
536 57 58 
3
537 167 75 
38
538 306 590 220 221 222 516 223 305 227 301 226 589 303 225 302 224 304 515 218 219 307 299 228 300 217 563 564 308 309 312 311 635 310 614 216 215 214 
2
539 46 
1
540 
6
541 442 540 443 444 441 
18
542 43 502 559 445 541 442 540 443 444 441 543 497 440 539 46 45 44 
7
543 497 440 539 46 45 44 
10
544 509 55 53 54 52 560 51 50 49 
1
545 
50
546 438 544 509 55 53 54 52 560 51 50 49 520 48 545 47 561 439 42 542 43 502 559 445 541 442 540 443 444 441 543 497 440 539 46 45 44 437 571 562 501 558 56 536 57 570 58 668 41 59 
3
547 202 201 
1
548 
9
549 318 603 525 601 565 64 580 551 
2
550 620 
1
551 
15
552 316 500 315 314 618 566 619 67 66 317 617 65 550 620 
1
553 
2
554 25 
4
555 23 24 22 
2
556 21 
2
557 465 
2
558 56 
2
559 445 
4
560 51 50 49 
2
561 439 
1
562 
1
563 
3
564 308 309 
4
565 64 580 551 
1
566 
1
567 
3
568 322 321 
8
569 19 499 616 468 466 467 20 
1
570 
2
571 562 
3
572 495 615 
3
573 621 331 
4
574 333 334 332 
3
575 576 330 
2
576 330 
4
577 573 621 331 
5
578 574 333 334 332 
5
579 336 335 338 337 
1
580 
1
581 
1
582 
21
583 313 582 312 581 523 634 69 68 70 628 633 71 522 527 311 635 606 609 310 629 
51
584 572 495 615 508 323 324 325 622 436 623 326 329 575 576 330 577 573 621 331 328 327 709 339 340 707 429 710 341 624 434 503 708 432 431 430 433 579 336 335 338 337 578 574 333 334 332 435 604 568 322 
2
585 174 
38
586 79 78 163 80 162 161 81 83 158 159 82 160 512 73 168 74 169 537 167 75 511 77 164 76 166 165 170 69 70 71 72 174 177 176 175 630 171 
2
587 488 
10
588 489 5 587 488 484 486 485 487 483 
6
589 303 225 302 224 304 
4
590 220 221 222 
8
591 398 372 371 399 397 374 373 
74
592 353 595 416 417 352 594 354 355 517 414 415 596 418 420 419 593 351 349 350 519 696 356 358 357 695 413 694 704 411 359 412 410 360 706 361 703 409 362 408 700 705 407 363 701 365 366 702 405 406 404 364 673 348 674 421 672 423 424 346 422 347 699 698 425 345 344 697 343 342 426 427 711 428 
5
593 351 349 350 519 
6
594 354 355 517 414 415 
3
595 416 417 
9
596 418 420 419 593 351 349 350 519 
9
597 598 599 59 600 62 61 60 63 
3
598 599 59 
2
599 59 
5
600 62 61 60 63 
1
601 
1
602 
3
603 525 601 
9
604 553 568 322 321 529 320 567 319 
3
605 602 506 
1
606 
1
607 
1
608 
1
609 
3
610 548 608 
5
611 612 614 613 216 
1
612 
1
613 
3
614 613 216 
1
615 
4
616 468 466 467 
4
617 65 550 620 
4
618 566 619 67 
2
619 67 
1
620 
2
621 331 
1
622 
6
623 326 329 575 576 330 
19
624 434 503 708 432 431 430 433 579 336 335 338 337 578 574 333 334 332 435 
5
625 654 182 181 639 
12
626 396 395 375 591 398 372 371 399 397 374 373 
1
627 
6
628 633 71 522 527 311 
1
629 
5
630 171 632 627 72 
27
631 607 610 548 608 172 582 581 628 633 522 527 606 609 629 627 611 612 613 636 637 640 585 632 173 634 496 
3
632 627 72 
1
633 
4
634 69 68 70 
5
635 606 609 310 629 
43
636 637 173 640 215 638 496 652 213 214 653 655 180 585 174 177 176 175 179 178 645 641 505 649 211 212 210 625 654 182 181 639 642 185 650 183 184 186 209 648 208 646 494 
1
637 
2
638 496 
1
639 
4
640 215 638 496 
1
641 
11
642 185 650 183 184 186 209 648 208 646 494 
64
643 187 644 530 195 504 531 647 207 507 526 197 200 198 199 196 651 203 547 202 201 206 205 204 524 194 528 189 190 192 193 191 188 638 652 213 653 655 180 179 178 645 641 505 649 211 212 210 625 654 182 181 639 642 185 650 183 184 186 209 648 208 646 494 
1
644 
23
645 641 505 649 211 212 210 625 654 182 181 639 642 185 650 183 184 186 209 648 208 646 494 
2
646 494 
3
647 207 507 
1
648 
3
649 211 212 
1
650 
8
651 203 547 202 201 206 205 204 
3
652 213 214 
10
653 655 180 585 174 177 176 175 179 178 
3
654 182 181 
2
655 180 
5
656 95 96 146 145 
41
657 144 510 658 97 659 99 98 532 142 143 141 100 153 89 150 91 152 90 151 660 147 94 93 148 92 149 656 95 96 146 145 156 85 157 84 155 86 87 154 88 
2
658 97 
4
659 99 98 106 
12
660 147 94 93 148 92 149 656 95 96 146 145 
2
661 8 
1
662 
52
663 662 7 480 479 6 513 481 482 588 489 5 587 488 484 486 485 487 483 3 491 492 493 0 1 2 490 4 15 16 692 14 691 473 685 12 11 13 689 471 472 478 661 8 9 686 476 687 10 477 475 474 
10
664 448 447 665 446 668 41 42 39 40 
2
665 446 
2
666 449 
43
667 38 666 449 36 37 514 451 450 452 677 453 679 35 34 664 448 447 665 446 668 41 42 39 40 542 43 502 559 445 541 442 540 443 444 441 543 497 440 539 46 45 44 
5
668 41 42 39 40 
11
669 403 367 701 365 366 702 405 406 404 364 
32
670 671 368 402 401 369 518 400 370 669 403 367 701 365 366 702 405 406 404 364 626 396 395 375 591 398 372 371 399 397 374 373 
1
671 
6
672 423 424 346 422 347 
48
673 348 674 421 672 423 424 346 422 347 699 698 425 345 344 697 343 342 426 427 709 339 340 707 429 711 428 710 341 624 434 503 708 432 431 430 433 579 336 335 338 337 578 574 333 334 332 435 
2
674 421 
15
675 455 456 454 678 33 31 32 680 457 676 30 534 29 458 
2
676 30 
5
677 453 679 35 34 
4
678 33 31 32 
3
679 35 34 
7
680 457 676 30 534 29 458 
2
681 386 
6
682 387 391 388 390 389 
7
683 684 394 392 393 681 386 
2
684 394 
4
685 12 11 13 
7
686 476 687 10 477 475 474 
2
687 10 
48
688 378 385 376 377 683 684 394 392 393 681 386 682 387 391 388 390 389 383 379 382 381 380 384 670 671 368 402 401 369 518 400 370 669 403 367 626 396 395 375 591 398 372 371 399 397 374 373 
3
689 471 472 
2
690 470 
2
691 473 
11
692 14 691 473 685 12 11 13 689 471 472 
38
693 17 690 470 18 469 569 19 499 616 468 466 467 20 15 16 692 14 691 473 685 12 11 13 689 471 472 478 661 8 9 686 476 687 10 477 475 474 
17
694 704 411 359 412 410 360 706 361 703 409 362 408 700 705 407 363 
2
695 413 
6
696 356 358 357 695 413 
3
697 343 342 
1
698 
10
699 698 425 345 344 697 343 342 426 427 
4
700 705 407 363 
8
701 365 366 702 405 406 404 364 
4
702 405 406 404 
2
703 409 
2
704 411 
2
705 407 
6
706 361 703 409 362 408 
2
707 429 
5
708 432 431 430 433 
9
709 339 340 707 429 711 428 710 341 
2
710 341 
4
711 428 710 341 
