15
506 532 48 49 736 737 589 683 701 543 215 608 553 708 749 
751
1
0 
6
1 2 470 0 3 469 
1
2 
1
3 
7
4 1 2 470 0 3 469 
1
5 
1
6 
2
7 8 
1
8 
1
9 
1
10 
1
11 
1
12 
1
13 
1
14 
1
15 
1
16 
1
17 
1
18 
1
19 
1
20 
1
21 
1
22 
1
23 
2
24 23 
1
25 
2
26 27 
1
27 
1
28 
1
29 
1
30 
1
31 
1
32 
2
33 32 
1
34 
2
35 36 
1
36 
1
37 
1
38 
1
39 
2
40 41 
1
41 
1
42 
1
43 
1
44 
1
45 
1
46 
1
47 
49
48 710 712 716 410 685 471 711 713 714 409 408 696 46 632 417 635 47 697 709 513 412 411 413 631 414 481 633 416 415 688 42 43 422 694 44 687 686 692 421 634 690 419 420 418 45 715 407 406 
62
603 161 602 604 620 587 611 619 486 616 500 401 538 624 405 403 404 402 489 537 400 618 488 612 475 623 166 167 165 609 610 164 614 163 162 669 677 615 666 399 617 168 613 668 667 491 171 660 663 675 674 395 664 397 661 396 662 698 170 699 169 398 
1
50 
1
51 
1
52 
1
53 
1
54 
1
55 
1
56 
1
57 
1
58 
1
59 
1
60 
1
61 
1
62 
1
63 
1
64 
1
65 
1
66 
1
67 
1
68 
1
69 
2
70 71 
1
71 
1
72 
1
73 
1
74 
1
75 
1
76 
1
77 
2
78 79 
1
79 
1
80 
1
81 
1
82 
2
83 84 
1
84 
1
85 
1
86 
1
87 
1
88 
1
89 
1
90 
1
91 
1
92 
1
93 
1
94 
6
95 94 97 96 98 93 
1
96 
2
97 96 
1
98 
1
99 
1
100 
1
101 
7
102 105 104 103 101 106 107 
1
103 
2
104 103 
1
105 
2
106 107 
1
107 
1
108 
1
109 
1
110 
1
111 
1
112 
2
113 112 
1
114 
1
115 
1
116 
1
117 
1
118 
1
119 
1
120 
1
121 
1
122 
1
123 
2
124 123 
1
125 
2
126 127 
1
127 
1
128 
1
129 
1
130 
1
131 
2
132 131 
2
133 134 
1
134 
1
135 
1
136 
1
137 
1
138 
1
139 
1
140 
1
141 
1
142 
2
143 144 
1
144 
1
145 
1
146 
1
147 
1
148 
1
149 
1
150 
2
151 150 
1
152 
1
153 
1
154 
1
155 
1
156 
2
157 158 
1
158 
1
159 
1
160 
1
161 
1
162 
2
163 162 
1
164 
1
165 
1
166 
1
167 
1
168 
1
169 
3
170 699 169 
1
171 
1
172 
1
173 
1
174 
1
175 
1
176 
1
177 
1
178 
1
179 
2
180 179 
1
181 
1
182 
2
183 182 
1
184 
1
185 
1
186 
2
187 188 
1
188 
1
189 
1
190 
2
191 192 
1
192 
1
193 
1
194 
2
195 194 
1
196 
1
197 
1
198 
9
199 501 236 234 235 200 539 233 201 
1
200 
1
201 
5
202 232 231 203 230 
2
203 230 
1
204 
1
205 
1
206 
7
207 213 208 212 209 211 210 
5
208 212 209 211 210 
3
209 211 210 
1
210 
1
211 
1
212 
1
213 
3
214 205 206 
38
215 204 229 214 205 206 202 232 231 203 230 216 227 228 226 217 225 218 224 219 223 220 222 221 207 213 208 212 209 211 210 234 200 539 233 201 199 235 
13
216 227 228 226 217 225 218 224 219 223 220 222 221 
1
217 
1
218 
1
219 
1
220 
1
221 
2
222 221 
4
223 220 222 221 
6
224 219 223 220 222 221 
8
225 218 224 219 223 220 222 221 
10
226 217 225 218 224 219 223 220 222 221 
2
227 228 
1
228 
1
229 
1
230 
1
231 
1
232 
1
233 
2
234 235 
1
235 
1
236 
1
237 
1
238 
1
239 
1
240 
1
241 
1
242 
1
243 
1
244 
1
245 
3
246 248 247 
1
247 
2
248 247 
1
249 
1
250 
1
251 
1
252 
0

2
254 641 
2
255 256 
1
256 
4
257 519 262 258 
1
258 
1
259 
3
260 259 261 
1
261 
1
262 
1
263 
1
264 
1
265 
2
266 267 
1
267 
1
268 
1
269 
1
270 
1
271 
1
272 
1
273 
1
274 
1
275 
1
276 
2
277 276 
3
278 277 276 
5
279 280 278 277 276 
1
280 
3
281 282 283 
1
282 
1
283 
1
284 
4
285 286 287 284 
1
286 
1
287 
1
288 
1
289 
1
290 
3
291 292 290 
1
292 
1
293 
1
294 
3
295 607 596 
1
296 
1
297 
1
298 
3
299 298 297 
4
300 299 298 297 
1
301 
1
302 
1
303 
1
304 
2
305 306 
1
306 
1
307 
1
308 
1
309 
1
310 
1
311 
1
312 
2
313 314 
1
314 
1
315 
1
316 
1
317 
1
318 
2
319 318 
1
320 
1
321 
1
322 
2
323 322 
1
324 
1
325 
1
326 
1
327 
1
328 
1
329 
1
330 
1
331 
1
332 
1
333 
4
334 363 362 335 
1
335 
1
336 
1
337 
14
338 350 337 348 340 349 339 341 347 342 346 343 345 344 
1
339 
1
340 
7
341 347 342 346 343 345 344 
5
342 346 343 345 344 
3
343 345 344 
1
344 
1
345 
1
346 
1
347 
11
348 340 349 339 341 347 342 346 343 345 344 
2
349 339 
1
350 
12
351 361 336 352 359 360 358 353 357 354 356 355 
9
352 359 360 358 353 357 354 356 355 
1
353 
1
354 
1
355 
1
356 
4
357 354 356 355 
6
358 353 357 354 356 355 
1
359 
1
360 
2
361 336 
2
362 335 
1
363 
1
364 
1
365 
1
366 
1
367 
1
368 
1
369 
1
370 
2
371 372 
1
372 
1
373 
1
374 
1
375 
1
376 
1
377 
2
378 379 
1
379 
1
380 
1
381 
1
382 
1
383 
1
384 
1
385 
2
386 387 
1
387 
1
388 
1
389 
1
390 
1
391 
1
392 
1
393 
1
394 
1
395 
1
396 
1
397 
1
398 
1
399 
1
400 
1
401 
1
402 
3
403 404 402 
1
404 
1
405 
1
406 
1
407 
1
408 
1
409 
1
410 
1
411 
1
412 
1
413 
1
414 
1
415 
1
416 
1
417 
1
418 
1
419 
1
420 
1
421 
1
422 
2
423 422 
1
424 
1
425 
1
426 
1
427 
1
428 
1
429 
1
430 
1
431 
1
432 
1
433 
2
434 433 
1
435 
1
436 
1
437 
2
438 437 
1
439 
1
440 
1
441 
1
442 
1
443 
1
444 
1
445 
1
446 
1
447 
1
448 
1
449 
1
450 
1
451 
1
452 
2
453 454 
1
454 
1
455 
2
456 457 
1
457 
1
458 
1
459 
1
460 
2
461 460 
1
462 
1
463 
2
464 463 
8
465 462 464 463 461 460 466 467 
2
466 467 
1
467 
1
468 
1
469 
2
470 0 
6
471 711 713 714 409 408 
3
472 571 245 
1
473 
5
474 574 274 573 289 
1
475 
14
476 544 145 143 144 546 55 56 545 586 57 58 512 142 
5
477 638 152 151 150 
9
478 744 72 70 71 647 128 126 127 
5
479 605 91 90 89 
6
480 547 59 630 140 141 
1
481 
1
482 
1
483 
13
484 688 42 40 41 43 691 424 423 422 689 39 38 
3
485 579 436 
1
486 
7
487 625 567 159 160 157 158 
7
488 612 475 623 166 167 165 
26
489 537 400 618 488 612 475 623 166 167 165 609 610 164 614 163 162 669 677 615 666 399 617 168 613 668 
1
490 
1
491 
1
492 
1
493 
10
494 393 557 563 562 561 559 555 302 556 
3
495 655 653 
4
496 31 33 32 
27
497 6 725 458 456 457 5 724 459 726 727 468 4 1 2 470 0 3 469 465 462 464 463 461 460 466 467 
4
498 147 146 148 
16
499 441 440 529 439 438 437 530 25 531 28 26 27 485 579 436 
2
500 401 
4
501 236 234 235 
1
502 
10
503 100 108 102 105 104 103 101 106 107 
16
504 747 373 371 372 746 324 325 583 375 374 581 321 320 323 322 
15
505 450 16 449 542 17 448 18 447 15 541 14 13 452 451 
57
506 12 730 11 10 453 454 728 455 729 9 7 8 497 6 725 458 456 457 5 724 459 726 727 468 4 1 2 470 0 3 469 465 462 464 463 461 460 466 467 507 446 505 450 16 449 542 17 448 18 447 15 541 14 13 452 451 
3
507 19 446 
4
508 187 188 189 
14
509 193 517 240 241 191 192 595 242 243 244 239 195 194 
16
510 642 263 254 641 704 640 257 519 262 258 260 259 261 255 256 
17
511 275 518 288 643 281 282 283 279 280 278 277 276 285 286 287 284 
2
512 142 
4
513 412 411 413 
3
514 308 309 
5
515 156 588 568 155 
1
516 
2
517 240 
2
518 288 
3
519 262 258 
3
520 196 238 
4
521 66 65 64 
19
522 117 81 118 82 116 645 646 119 80 78 79 570 115 83 84 592 85 86 
4
523 246 248 247 
15
524 293 291 292 290 575 525 272 273 271 474 574 274 573 289 
4
525 272 273 271 
5
526 130 129 743 69 
14
527 268 266 267 495 655 653 700 174 173 702 673 703 576 
11
528 577 149 498 147 146 148 601 53 54 52 
4
529 439 438 437 
2
530 25 
7
531 28 26 27 485 579 436 
71
532 533 435 30 29 499 441 440 529 439 438 437 530 25 531 28 26 27 485 579 436 721 431 722 34 430 723 432 496 31 33 32 434 433 536 580 445 444 21 20 19 535 443 534 22 24 23 442 717 720 429 35 36 719 718 37 693 427 695 425 426 428 484 40 41 691 424 423 689 39 38 
2
533 435 
4
534 22 24 23 
7
535 443 534 22 24 23 442 
31
536 580 445 444 21 20 507 19 446 535 443 534 22 24 23 442 505 450 16 449 542 17 448 18 447 15 541 14 13 452 451 
2
537 400 
3
538 624 405 
3
539 233 201 
7
540 317 319 318 582 377 376 
5
541 14 13 452 451 
5
542 17 448 18 447 
58
543 190 472 571 245 509 193 517 240 241 191 192 595 242 243 244 239 195 194 569 198 237 197 520 196 238 501 236 626 629 186 185 250 249 508 187 188 189 523 246 248 247 627 251 502 252 628 184 183 182 627 251 502 252 628 184 183 182 
4
544 145 143 144 
6
545 586 57 58 512 142 
3
546 55 56 
2
547 59 
6
548 307 304 305 306 482 
3
549 310 311 
4
550 514 308 309 
10
551 388 386 387 385 483 549 310 311 389 
22
552 390 550 514 308 309 551 388 386 387 385 483 549 310 311 389 548 307 304 305 306 482 
50
553 558 303 554 392 391 552 390 550 514 308 309 551 388 386 387 385 483 549 310 311 389 548 307 304 305 306 482 494 393 557 563 561 559 555 302 556 683 301 665 676 394 300 675 674 395 664 397 396 398 
1
554 
1
555 
1
556 
2
557 563 
1
558 
4
559 555 302 556 
1
560 
1
561 
2
562 561 
1
563 
3
564 650 651 
1
565 
2
566 490 
5
567 159 160 157 158 
1
568 
7
569 198 237 197 520 196 238 
7
570 115 83 84 592 85 86 
2
571 245 
2
572 597 
2
573 289 
1
574 
5
575 525 272 273 271 
1
576 
2
577 149 
19
578 51 477 638 152 151 150 50 528 577 149 498 147 146 148 601 53 54 52 
2
579 436 
3
580 445 444 
5
581 321 320 323 322 
3
582 377 376 
3
583 375 374 
6
584 380 378 379 585 316 
2
585 316 
3
586 57 58 
2
587 611 
1
588 
56
589 114 594 88 87 590 111 113 112 479 605 91 90 89 110 593 591 109 92 682 99 95 94 97 96 98 93 503 100 108 102 105 104 103 101 106 107 120 522 117 81 118 82 116 645 646 119 80 79 570 115 83 84 592 85 86 
10
590 111 113 112 479 605 91 90 89 110 
1
591 
3
592 85 86 
22
593 591 109 92 682 99 95 94 97 96 98 93 503 100 108 102 105 104 103 101 106 107 
3
594 88 87 
4
595 242 243 244 
1
596 
1
597 
6
598 654 493 295 607 596 
2
599 473 
10
600 637 636 154 153 515 156 588 568 155 
4
601 53 54 52 
1
602 
47
603 161 602 604 620 587 611 619 715 407 486 406 616 500 401 538 624 405 403 404 402 489 537 400 618 488 612 475 623 166 167 165 609 610 164 614 163 162 669 677 615 666 399 617 168 613 668 
1
604 
4
605 91 90 89 
2
606 296 
2
607 596 
44
608 270 572 597 294 524 293 291 292 290 575 525 272 273 271 474 574 274 573 289 511 275 518 288 643 281 282 283 279 280 278 277 276 285 286 287 284 606 296 295 299 298 297 598 
6
609 610 164 614 163 162 
1
610 
1
611 
2
612 475 
2
613 668 
1
614 
1
615 
9
616 500 401 538 624 405 403 404 402 
4
617 168 613 668 
1
618 
5
619 715 407 486 406 
3
620 587 611 
1
621 
9
622 621 487 625 567 159 160 157 158 
4
623 166 167 165 
1
624 
1
625 
14
626 629 186 185 250 249 508 187 188 189 523 246 248 247 
8
627 251 502 252 628 184 183 182 
4
628 184 183 182 
3
629 186 185 
3
630 140 141 
6
631 414 481 633 416 415 
3
632 417 635 
3
633 416 415 
1
634 
1
635 
3
636 154 153 
1
637 
2
638 152 
1
639 
1
640 
1
641 
1
642 
4
643 281 282 283 
3
644 120 121 
6
645 646 119 80 78 79 
1
646 
4
647 128 126 127 
15
648 649 68 67 132 131 521 66 65 64 526 130 129 743 69 
3
649 68 67 
2
650 651 
1
651 
3
652 492 656 
1
653 
1
654 
1
655 
1
656 
1
657 
7
658 665 670 676 394 566 490 
2
659 671 
1
660 
1
661 
2
662 698 
4
663 675 674 395 
10
664 397 661 396 662 698 170 699 169 398 
2
665 670 
2
666 399 
0

1
668 
9
669 677 615 666 399 617 168 613 668 
1
670 
1
671 
5
672 172 659 671 657 
1
673 
2
674 395 
1
675 
2
676 394 
1
677 
2
678 264 
1
679 
2
680 315 
2
681 312 
2
682 99 
26
560 565 654 493 607 596 658 670 566 490 492 656 564 650 651 659 657 491 660 663 661 662 698 562 652 684 
13
684 269 652 492 656 564 650 651 672 172 659 671 657 
1
685 
3
686 692 421 
1
687 
4
688 42 40 41 
3
689 39 38 
4
690 419 420 418 
4
691 424 423 422 
2
692 421 
6
693 427 695 425 426 428 
12
694 44 687 686 692 421 634 690 419 420 418 45 
3
695 425 426 
18
696 46 632 417 635 47 697 709 513 412 411 413 631 414 481 633 416 415 
12
697 709 513 412 411 413 631 414 481 633 416 415 
1
698 
1
699 
7
700 174 173 702 673 703 576 
87
701 175 706 599 473 678 264 265 527 268 266 267 495 655 653 700 174 173 702 673 703 576 253 639 516 705 177 176 731 181 732 178 180 179 510 642 263 254 641 704 640 257 519 262 258 260 259 261 255 256 269 672 172 671 667 171 170 169 699 253 639 516 705 177 176 731 181 732 178 180 179 510 642 263 254 641 704 640 257 519 262 258 260 259 261 255 256 
4
702 673 703 576 
1
703 
2
704 640 
2
705 177 
1
706 
15
707 382 680 315 679 313 314 383 381 584 380 378 379 585 316 
52
708 384 681 312 707 382 680 315 679 313 314 383 381 584 380 378 379 585 316 540 317 319 318 582 377 376 748 368 328 329 367 327 369 745 370 326 504 747 373 371 372 746 324 325 583 375 374 581 321 320 323 322 
1
709 
5
710 712 716 410 685 
1
711 
4
712 716 410 685 
4
713 714 409 408 
3
714 409 408 
4
715 407 486 406 
2
716 410 
39
717 720 429 35 36 719 718 37 693 427 695 425 426 428 484 688 42 40 41 43 691 424 423 422 689 39 38 694 44 687 686 692 421 634 690 419 420 418 45 
2
718 37 
9
719 718 37 693 427 695 425 426 428 
2
720 429 
13
721 431 722 34 430 723 432 496 31 33 32 434 433 
2
722 34 
8
723 432 496 31 33 32 434 433 
5
724 459 726 727 468 
4
725 458 456 457 
3
726 727 468 
1
727 
6
728 455 729 9 7 8 
2
729 9 
3
730 11 10 
6
731 181 732 178 180 179 
2
732 178 
6
733 136 137 735 138 139 
2
734 135 
3
735 138 139 
46
476 544 145 144 546 55 56 578 51 477 638 152 151 150 50 528 577 149 498 147 146 148 601 53 54 52 49 600 637 636 154 153 515 156 588 568 155 622 621 487 625 567 159 157 158 160 
70
737 63 734 135 133 134 648 649 68 67 132 131 521 66 65 64 526 130 129 743 69 478 744 72 70 71 647 128 126 127 741 122 740 77 644 121 742 125 738 76 75 739 74 73 124 123 78 736 61 733 136 137 735 138 62 60 139 480 547 59 630 140 141 143 545 586 57 58 512 142 
6
738 76 75 739 74 73 
3
739 74 73 
2
740 77 
17
741 122 740 77 644 120 121 742 125 738 76 75 739 74 73 124 123 
10
742 125 738 76 75 739 74 73 124 123 
2
743 69 
4
744 72 70 71 
19
745 370 326 504 747 373 371 372 746 324 325 583 375 374 581 321 320 323 322 
3
746 324 325 
4
747 373 371 372 
26
748 368 328 329 367 327 369 745 370 326 504 747 373 371 372 746 324 325 583 375 374 581 321 320 323 322 
39
749 331 330 366 750 364 365 332 333 334 363 362 335 351 361 336 352 359 360 358 353 357 354 356 355 338 350 337 348 340 349 339 341 347 342 346 343 345 344 
9
750 364 365 332 333 334 363 362 335 
