15
578 630 737 647 164 152 707 252 298 643 717 597 784 785 786 
787
1
0 
7
1 2 547 3 548 549 0 
1
2 
1
3 
1
4 
1
5 
1
6 
1
7 
1
8 
1
9 
1
10 
41
11 14 573 526 523 524 572 16 522 521 613 525 15 570 530 8 531 7 529 9 614 528 10 527 696 6 532 533 5 693 520 692 23 22 21 17 20 19 18 12 13 
2
12 13 
1
13 
1
14 
1
15 
1
16 
1
17 
1
18 
1
19 
3
20 19 18 
2
21 17 
1
22 
2
23 22 
1
24 
4
25 28 26 27 
2
26 27 
1
27 
1
28 
1
29 
1
30 
1
31 
1
32 
2
33 34 
1
34 
1
35 
1
36 
2
37 38 
1
38 
1
39 
2
40 41 
1
41 
1
42 
1
43 
1
44 
1
45 
1
46 
2
47 48 
1
48 
1
49 
1
50 
1
51 
1
52 
1
53 
1
54 
3
55 54 56 
1
56 
1
57 
1
58 
2
59 58 
3
60 59 58 
1
61 
1
62 
1
63 
1
64 
1
65 
1
66 
5
67 69 68 70 66 
1
68 
2
69 68 
1
70 
1
71 
1
72 
1
73 
1
74 
1
75 
1
76 
2
77 78 
1
78 
4
79 77 78 587 
1
80 
1
81 
1
82 
1
83 
1
84 
1
85 
2
86 85 
1
87 
1
88 
1
89 
1
90 
1
91 
12
92 178 91 179 90 181 89 180 666 183 88 182 
2
93 177 
8
94 176 95 175 96 174 93 177 
2
95 175 
2
96 174 
20
97 173 172 98 171 99 170 100 94 176 95 175 96 174 93 177 169 101 168 102 
1
98 
1
99 
1
100 
1
101 
1
102 
1
103 
1
104 
2
105 165 
1
106 
4
107 163 108 162 
2
108 162 
1
109 
2
110 160 
2
111 159 
1
112 
1
113 
1
114 
9
115 155 156 157 114 116 154 153 117 
4
116 154 153 117 
1
117 
1
118 
2
119 148 
1
120 
1
121 
1
122 
1
123 
1
124 
2
125 124 
4
126 123 125 124 
7
127 122 121 126 123 125 124 
11
128 611 120 147 119 148 129 145 146 130 144 
5
129 145 146 130 144 
2
130 144 
2
131 143 
1
132 
1
133 
2
134 135 
1
135 
7
136 134 135 140 137 139 138 
3
137 139 138 
1
138 
1
139 
1
140 
2
141 133 
13
142 132 131 143 141 133 136 134 135 140 137 139 138 
1
143 
1
144 
1
145 
1
146 
1
147 
1
148 
2
149 151 
1
150 
1
151 
50
152 118 149 151 150 128 611 120 147 119 148 129 145 146 130 144 127 122 121 126 123 125 124 142 132 131 143 141 133 136 134 135 140 137 139 138 158 112 113 111 159 115 155 156 157 114 116 154 153 117 
2
153 117 
1
154 
1
155 
1
156 
2
157 114 
5
158 112 113 111 159 
1
159 
1
160 
18
161 109 110 160 158 112 113 111 159 115 155 156 157 114 116 154 153 117 
1
162 
1
163 
30
164 106 107 163 166 104 105 165 167 103 97 173 172 98 171 99 170 100 96 174 169 101 168 102 108 162 161 109 110 160 
1
165 
6
166 104 105 165 167 103 
2
167 103 
2
168 102 
4
169 101 168 102 
2
170 100 
2
171 99 
6
172 98 171 99 170 100 
1
173 
1
174 
1
175 
1
176 
1
177 
1
178 
2
179 90 
1
180 
3
181 89 180 
1
182 
1
183 
1
184 
1
185 
1
186 
1
187 
1
188 
1
189 
1
190 
1
191 
2
192 191 
1
193 
1
194 
1
195 
1
196 
3
197 196 195 
4
198 197 196 195 
1
199 
1
200 
1
201 
1
202 
2
203 202 
1
204 
1
205 
2
206 207 
1
207 
1
208 
2
209 210 
1
210 
1
211 
2
212 211 
1
213 
1
214 
1
215 
1
216 
2
217 216 
6
218 220 219 221 217 216 
1
219 
1
220 
1
221 
1
222 
1
223 
1
224 
2
225 226 
1
226 
1
227 
1
228 
1
229 
1
230 
1
231 
1
232 
1
233 
7
234 328 233 236 326 327 235 
1
235 
4
236 326 327 235 
2
237 325 
5
238 323 324 237 325 
1
239 
1
240 
3
241 320 321 
2
242 319 
1
243 
1
244 
1
245 
1
246 
2
247 315 
1
248 
1
249 
2
250 312 
2
251 311 
33
252 310 251 311 253 309 308 254 313 249 250 312 314 248 247 315 316 246 317 244 245 318 243 242 319 241 320 321 307 255 306 256 305 
2
253 309 
1
254 
1
255 
1
256 
1
257 
1
258 
16
259 302 303 304 258 305 257 306 256 260 301 300 261 299 262 263 
7
260 301 300 261 299 262 263 
1
261 
1
262 
1
263 
1
264 
1
265 
1
266 
1
267 
1
268 
1
269 
1
270 
2
271 283 
1
272 
1
273 
7
274 279 280 275 277 276 278 
4
275 277 276 278 
1
276 
1
277 
1
278 
1
279 
1
280 
2
281 273 
18
282 272 271 283 281 273 284 270 285 268 269 274 279 280 275 277 276 278 
1
283 
5
284 270 285 268 269 
3
285 268 269 
1
286 
1
287 
1
288 
1
289 
1
290 
1
291 
2
292 291 
4
293 290 292 291 
9
294 288 287 295 289 293 290 292 291 
1
295 
1
296 
3
297 266 265 
49
298 264 297 266 265 612 267 296 286 294 288 287 295 289 293 290 292 291 282 272 271 283 281 273 284 270 285 268 269 274 279 280 275 277 276 278 259 302 303 304 258 257 260 301 300 261 299 262 263 
3
299 262 263 
2
300 261 
1
301 
1
302 
1
303 
2
304 258 
4
305 257 306 256 
2
306 256 
2
307 255 
4
308 254 307 255 
1
309 
1
310 
1
311 
1
312 
17
313 249 250 312 314 248 247 315 316 246 317 244 245 318 243 242 319 
6
314 248 247 315 316 246 
1
315 
2
316 246 
7
317 244 245 318 243 242 319 
2
318 243 
1
319 
1
320 
1
321 
18
322 239 240 241 320 321 238 323 324 237 325 234 328 233 236 326 327 235 
1
323 
1
324 
1
325 
1
326 
2
327 235 
1
328 
1
329 
1
330 
1
331 
1
332 
1
333 
3
334 333 335 
1
335 
1
336 
2
337 338 
1
338 
1
339 
1
340 
1
341 
1
342 
1
343 
1
344 
1
345 
1
346 
1
347 
1
348 
5
349 347 351 350 348 
1
350 
1
351 
1
352 
1
353 
1
354 
1
355 
1
356 
2
357 358 
1
358 
3
359 357 358 
2
360 361 
1
361 
1
362 
1
363 
1
364 
1
365 
2
366 367 
1
367 
1
368 
1
369 
1
370 
2
371 372 
1
372 
1
373 
1
374 
1
375 
1
376 
1
377 
1
378 
1
379 
1
380 
3
381 380 379 
1
382 
1
383 
1
384 
1
385 
4
386 388 628 385 
1
387 
1
388 
1
389 
1
390 
1
391 
3
392 390 391 
1
393 
1
394 
1
395 
2
396 399 
2
397 398 
1
398 
1
399 
1
400 
1
401 
5
402 763 439 440 438 
1
403 
2
404 403 
1
405 
1
406 
1
407 
1
408 
1
409 
1
410 
2
411 410 
1
412 
1
413 
1
414 
5
415 418 417 416 414 
1
416 
1
417 
1
418 
1
419 
1
420 
1
421 
1
422 
1
423 
1
424 
7
425 423 424 422 428 426 427 
1
426 
1
427 
3
428 426 427 
1
429 
1
430 
1
431 
1
432 
1
433 
2
434 433 
1
435 
1
436 
1
437 
1
438 
1
439 
1
440 
1
441 
1
442 
2
443 442 
1
444 
1
445 
3
446 447 445 
1
447 
1
448 
1
449 
1
450 
2
451 452 
1
452 
1
453 
1
454 
1
455 
1
456 
1
457 
1
458 
1
459 
1
460 
1
461 
2
462 463 
1
463 
1
464 
1
465 
1
466 
2
467 468 
1
468 
1
469 
1
470 
2
471 470 
1
472 
1
473 
1
474 
1
475 
2
476 475 
1
477 
1
478 
2
479 478 
1
480 
1
481 
1
482 
1
483 
2
484 485 
1
485 
1
486 
1
487 
2
488 487 
1
489 
1
490 
1
491 
2
492 493 
1
493 
1
494 
1
495 
2
496 495 
1
497 
1
498 
1
499 
1
500 
1
501 
1
502 
3
503 501 500 
1
504 
1
505 
1
506 
1
507 
2
508 507 
3
509 508 507 
1
510 
1
511 
2
512 513 
1
513 
3
514 512 513 
2
515 516 
1
516 
1
517 
1
518 
1
519 
1
520 
1
521 
2
522 521 
9
523 524 572 16 522 521 613 525 15 
1
524 
1
525 
1
526 
1
527 
1
528 
1
529 
1
530 
1
531 
1
532 
1
533 
1
534 
1
535 
1
536 
5
537 536 539 543 538 
1
538 
1
539 
1
540 
1
541 
3
542 540 541 
1
543 
1
544 
1
545 
1
546 
1
547 
1
548 
2
549 0 
2
550 742 
4
551 738 64 63 
1
552 
17
553 698 75 646 657 340 341 619 699 700 76 636 339 79 77 78 587 
1
554 
10
555 727 510 600 36 588 35 32 33 34 
1
556 
2
557 641 
3
558 589 368 
5
559 721 450 726 384 
7
560 724 455 725 381 380 379 
14
561 744 678 329 232 675 664 671 228 229 673 230 231 679 
2
562 704 
1
563 
1
564 
18
565 622 706 193 194 591 198 197 196 195 567 620 200 199 621 201 203 202 
18
566 615 213 214 662 616 224 223 581 215 222 632 218 220 219 221 217 216 
8
567 620 200 199 621 201 203 202 
1
568 
4
569 762 47 48 
16
570 530 8 531 7 529 9 614 528 10 527 696 6 532 533 5 
2
571 395 
2
572 16 
2
573 526 
14
574 37 38 509 508 507 684 39 683 506 681 505 40 41 
2
575 461 
4
576 746 332 331 
7
577 61 617 57 60 59 58 
81
578 515 516 690 518 517 687 29 689 691 519 24 30 25 28 26 27 11 14 573 526 523 524 572 16 522 521 613 525 15 570 530 8 531 7 529 9 614 528 10 527 696 6 532 533 5 693 520 692 23 22 21 17 20 19 18 12 13 585 4 534 546 1 2 547 3 548 549 0 697 544 545 535 537 536 539 543 538 542 540 541 
1
579 
2
580 364 
10
581 215 222 632 218 220 219 221 217 216 
28
582 55 54 56 53 607 609 489 577 61 617 57 60 59 58 774 610 739 62 773 484 485 608 586 776 486 488 487 
22
583 479 478 579 748 747 356 584 359 357 358 710 605 477 480 695 751 354 694 355 353 599 
7
584 359 357 358 710 605 477 
23
585 4 534 546 1 2 547 3 548 549 0 697 544 545 535 537 536 539 543 538 542 540 541 
1
586 
1
587 
3
588 35 32 
2
589 368 
11
590 780 783 208 206 207 631 212 211 209 210 
5
591 198 197 196 195 
8
592 494 569 762 47 48 496 495 
3
593 476 475 
22
594 429 421 420 430 718 412 719 413 419 415 418 417 416 414 425 423 424 422 428 426 427 
7
595 730 732 84 83 86 85 
1
596 
79
597 606 389 393 720 448 449 446 447 445 388 628 387 392 390 391 765 764 400 441 396 399 778 444 443 442 571 395 777 394 766 437 405 402 763 439 440 438 401 756 432 409 411 410 431 767 407 435 406 436 408 434 433 404 403 397 398 594 429 421 420 430 718 412 719 413 419 415 418 417 416 414 425 423 424 422 428 426 427 
5
598 511 514 512 513 
1
599 
2
600 36 
4
601 366 367 365 
1
602 
7
603 50 602 49 492 493 51 
3
604 491 490 
2
605 477 
2
606 389 
3
607 609 489 
6
608 586 776 486 488 487 
2
609 489 
1
610 
2
611 120 
4
612 267 296 286 
3
613 525 15 
4
614 528 10 527 
3
615 213 214 
3
616 224 223 
5
617 57 60 59 58 
1
618 
10
619 699 700 76 636 339 79 77 78 587 
3
620 200 199 
4
621 201 203 202 
1
622 
1
623 
7
624 781 623 779 782 205 204 
47
625 639 552 661 663 624 781 623 779 782 205 204 590 780 783 208 206 207 631 212 211 209 210 660 563 672 227 225 226 566 615 213 214 662 616 224 223 581 215 222 632 218 220 219 221 217 216 
4
626 638 187 649 
1
627 
2
628 385 
2
629 677 
73
630 52 556 604 491 490 603 50 602 49 492 493 51 592 494 569 762 47 48 496 495 53 758 497 498 760 44 759 499 568 43 761 46 45 685 42 682 504 503 501 500 502 574 37 38 509 508 507 684 39 683 506 681 505 40 41 727 510 600 36 588 35 33 34 511 512 555 32 598 513 688 514 31 
5
631 212 211 209 210 
1
632 
8
633 634 554 80 656 654 337 338 
1
634 
1
635 
2
636 339 
1
637 
3
638 187 649 
1
639 
6
640 346 627 749 750 352 
1
641 
1
642 
57
643 642 557 641 481 640 346 627 749 750 352 349 347 351 350 348 583 479 478 579 748 747 356 584 359 357 358 710 605 477 480 695 751 354 694 355 353 599 483 345 596 670 629 484 715 474 580 716 711 593 476 475 712 362 360 361 363 
30
644 618 81 645 336 633 634 554 80 656 654 337 338 553 698 75 646 657 340 341 619 699 700 76 636 339 79 77 78 587 
2
645 336 
4
646 657 340 341 
23
637 659 665 648 743 561 686 550 742 730 728 576 731 644 618 645 564 595 635 651 655 733 729 
2
648 743 
1
649 
8
650 185 564 186 626 638 187 649 
6
651 652 184 653 87 731 
2
652 184 
3
653 87 731 
1
654 
5
655 635 334 333 335 
4
656 654 337 338 
3
657 340 341 
1
658 
4
659 665 648 743 
24
660 563 672 227 225 226 566 615 213 214 662 616 224 223 581 215 222 632 218 220 219 221 217 216 
2
661 663 
4
662 616 224 223 
1
663 
8
664 671 228 229 673 230 231 679 
1
665 
4
666 183 88 182 
1
667 
4
668 342 667 658 
8
669 344 345 596 343 670 629 677 
1
670 
3
671 228 229 
4
672 227 225 226 
4
673 230 231 679 
1
674 
1
675 
47
676 674 701 705 74 668 342 667 658 669 344 345 596 343 670 629 677 644 618 81 645 336 633 634 554 80 656 654 337 338 553 698 75 646 657 340 341 619 699 700 76 636 339 79 77 78 587 
1
677 
4
678 329 232 675 
1
679 
2
680 71 
1
681 
1
682 
2
683 506 
8
684 39 683 506 681 505 40 41 
8
685 42 682 504 503 501 500 502 
31
686 745 330 550 742 595 730 732 84 83 86 85 728 729 82 655 635 334 333 335 733 576 746 332 331 651 652 184 653 87 731 
2
687 29 
3
688 30 31 
4
689 691 519 24 
3
690 518 517 
1
691 
1
692 
10
693 520 692 23 22 21 17 20 19 18 
1
694 
7
695 751 354 694 355 353 599 
5
696 6 532 533 5 
12
697 544 545 535 537 536 539 543 538 542 540 541 
2
698 75 
3
699 700 76 
1
700 
3
701 705 74 
1
702 
3
703 73 72 
1
704 
2
705 74 
3
706 193 194 
75
707 708 188 189 709 190 192 191 565 622 706 193 194 591 198 197 196 195 567 620 200 199 621 201 203 202 625 639 552 661 663 624 781 623 779 782 205 204 590 780 783 208 206 207 631 212 211 209 210 660 563 672 225 226 566 615 213 214 662 616 224 223 581 215 222 632 218 220 219 221 217 216 626 647 649 
3
708 188 189 
4
709 190 192 191 
3
710 605 477 
1
711 
5
712 362 360 361 363 
20
713 601 366 367 365 715 474 473 580 364 716 711 593 476 475 712 362 360 361 363 
5
714 472 558 589 368 
3
715 474 473 
10
716 711 593 476 475 712 362 360 361 363 
72
717 469 467 468 752 370 471 470 369 714 472 558 589 368 713 601 366 367 365 473 364 753 466 754 373 371 372 465 755 464 462 463 757 374 375 772 460 459 770 376 575 461 768 377 769 457 456 458 771 378 723 383 722 453 452 454 382 560 724 455 725 381 380 379 385 726 384 386 559 451 721 450 
5
718 412 719 413 419 
3
719 413 419 
6
720 448 449 446 447 445 
2
721 450 
2
722 453 
15
723 383 722 453 451 452 454 382 560 724 455 725 381 380 379 
2
724 455 
4
725 381 380 379 
2
726 384 
2
727 510 
13
728 729 82 655 635 334 333 335 733 576 746 332 331 
2
729 82 
1
730 
1
731 
5
732 84 83 86 85 
5
733 576 746 332 331 
10
734 741 65 680 71 67 69 68 70 66 
7
735 740 562 704 703 73 72 
2
736 702 
39
702 73 676 674 701 705 74 668 342 667 658 669 344 343 677 633 634 554 80 654 553 698 75 646 657 340 341 619 699 700 76 636 339 79 77 78 587 656 703 
3
738 64 63 
2
739 62 
1
740 
2
741 65 
1
742 
1
743 
1
744 
2
745 330 
3
746 332 331 
2
747 356 
3
748 747 356 
3
749 750 352 
2
750 352 
5
751 354 694 355 353 
2
752 370 
44
753 466 754 373 371 372 465 755 464 462 463 757 374 375 772 460 459 770 376 575 461 768 377 769 457 456 458 771 378 723 383 722 453 451 452 454 382 560 724 455 725 381 380 379 
4
754 373 371 372 
7
755 464 462 463 757 374 375 
14
756 432 409 411 410 431 767 407 435 406 436 408 434 433 
1
757 
34
758 497 498 760 44 759 499 568 43 761 46 45 685 42 682 504 503 501 500 502 574 37 38 509 508 507 684 39 683 506 681 505 40 41 
3
759 499 568 
2
760 44 
3
761 46 45 
3
762 47 48 
4
763 439 440 438 
1
764 
41
765 764 400 441 396 399 778 444 443 442 571 395 777 394 766 437 405 402 763 439 440 438 401 756 432 409 411 410 431 767 407 435 406 436 408 434 433 404 403 397 398 
23
766 437 405 402 763 439 440 438 401 756 432 409 411 410 431 767 407 435 406 436 408 434 433 
8
767 407 435 406 436 408 434 433 
23
768 377 769 457 456 458 771 378 723 383 722 453 451 452 454 382 560 724 455 725 381 380 379 
3
769 457 456 
2
770 376 
2
771 378 
7
772 460 459 770 376 575 461 
3
773 484 485 
13
774 610 739 62 773 484 485 608 586 776 486 488 487 
16
775 483 551 738 64 63 734 741 65 680 71 67 69 68 70 66 
4
776 486 488 487 
2
777 394 
8
778 444 443 442 571 395 777 394 
4
779 782 205 204 
1
780 
1
781 
3
782 205 204 
4
783 208 206 207 
50
784 737 482 740 775 551 64 734 65 66 61 57 59 774 739 773 485 586 486 487 736 735 562 704 72 738 63 741 680 71 67 69 68 70 577 617 60 58 610 62 608 776 55 609 488 582 56 607 489 54 
35
785 650 638 732 83 85 184 87 91 90 89 666 88 185 186 84 86 82 652 653 183 92 178 179 181 180 182 81 187 94 176 95 175 93 177 
41
786 744 329 675 671 229 230 679 745 333 746 331 325 328 236 327 678 232 664 228 673 231 330 334 335 332 336 337 338 227 233 324 237 234 326 235 322 239 238 323 240 
