15
773 569 606 452 641 718 748 751 563 744 264 733 369 778 786 
787
1
0 
1
1 
1
2 
1
3 
2
4 5 
1
5 
1
6 
1
7 
1
8 
1
9 
5
10 11 662 12 13 
1
11 
1
12 
1
13 
1
14 
1
15 
1
16 
1
17 
1
18 
1
19 
1
20 
2
21 20 
2
22 23 
1
23 
1
24 
1
25 
1
26 
1
27 
1
28 
2
29 30 
1
30 
1
31 
1
32 
1
33 
2
34 35 
1
35 
1
36 
1
37 
1
38 
2
39 40 
1
40 
1
41 
1
42 
1
43 
1
44 
1
45 
1
46 
2
47 46 
1
48 
1
49 
1
50 
1
51 
2
52 51 
2
53 54 
1
54 
1
55 
1
56 
3
57 56 58 
1
58 
1
59 
1
60 
1
61 
1
62 
1
63 
1
64 
4
65 64 63 66 
1
66 
1
67 
1
68 
1
69 
2
70 68 
1
71 
1
72 
1
73 
1
74 
1
75 
2
76 77 
1
77 
1
78 
1
79 
1
80 
1
81 
1
82 
1
83 
2
84 85 
1
85 
1
86 
1
87 
1
88 
1
89 
1
90 
1
91 
1
92 
1
93 
2
94 93 
1
95 
1
96 
1
97 
1
98 
2
99 98 
1
100 
2
101 102 
1
102 
1
103 
1
104 
1
105 
1
106 
1
107 
1
108 
1
109 
1
110 
1
111 
2
112 126 
1
113 
1
114 
1
115 
2
116 117 
1
117 
1
118 
4
119 118 116 117 
2
120 121 
1
121 
1
122 
1
123 
5
124 114 123 125 113 
2
125 113 
1
126 
6
127 111 112 126 110 128 
1
128 
1
129 
1
130 
1
131 
1
132 
2
133 132 
1
134 
1
135 
1
136 
2
137 138 
1
138 
1
139 
1
140 
1
141 
1
142 
1
143 
2
144 145 
1
145 
1
146 
1
147 
1
148 
1
149 
1
150 
1
151 
1
152 
1
153 
2
154 153 
1
155 
1
156 
1
157 
1
158 
1
159 
1
160 
2
161 160 
1
162 
1
163 
1
164 
2
165 164 
1
166 
2
167 168 
1
168 
1
169 
1
170 
1
171 
1
172 
1
173 
2
174 175 
1
175 
5
176 174 175 173 172 
7
177 171 176 174 175 173 172 
1
178 
1
179 
2
180 179 
6
181 180 179 182 669 178 
1
182 
1
183 
1
184 
1
185 
1
186 
1
187 
2
188 187 
1
189 
1
190 
1
191 
1
192 
1
193 
1
194 
1
195 
1
196 
1
197 
1
198 
2
199 198 
1
200 
2
201 200 
4
202 203 201 200 
1
203 
1
204 
1
205 
1
206 
1
207 
5
208 212 209 211 210 
3
209 211 210 
1
210 
1
211 
1
212 
7
213 207 208 212 209 211 210 
2
214 206 
1
215 
1
216 
5
217 220 218 219 216 
2
218 219 
1
219 
3
220 218 219 
16
221 215 214 206 213 207 208 212 209 211 210 217 220 218 219 216 
1
222 
1
223 
1
224 
1
225 
3
226 227 643 
1
227 
1
228 
1
229 
1
230 
1
231 
1
232 
1
233 
1
234 
1
235 
1
236 
1
237 
1
238 
1
239 
1
240 
1
241 
1
242 
1
243 
3
244 245 243 
1
245 
1
246 
1
247 
1
248 
1
249 
1
250 
1
251 
2
252 251 
1
253 
1
254 
1
255 
1
256 
2
257 256 
1
258 
1
259 
1
260 
1
261 
1
262 
1
263 
29
264 280 279 265 266 680 278 267 268 277 562 269 276 275 274 271 270 272 273 281 263 663 262 282 261 283 548 260 284 
2
265 266 
1
266 
1
267 
1
268 
1
269 
1
270 
4
271 270 272 273 
2
272 273 
1
273 
1
274 
2
275 274 
1
276 
1
277 
1
278 
1
279 
1
280 
15
281 263 663 262 282 261 283 591 286 258 259 285 548 260 284 
1
282 
1
283 
1
284 
1
285 
1
286 
1
287 
2
288 287 
1
289 
1
290 
1
291 
1
292 
1
293 
2
294 295 
1
295 
1
296 
1
297 
1
298 
1
299 
2
300 301 
1
301 
1
302 
1
303 
1
304 
1
305 
1
306 
1
307 
1
308 
1
309 
1
310 
1
311 
1
312 
2
313 312 
1
314 
1
315 
1
316 
1
317 
1
318 
1
319 
1
320 
2
321 322 
1
322 
1
323 
1
324 
2
325 324 
1
326 
3
327 326 328 
1
328 
2
329 702 
1
330 
1
331 
1
332 
1
333 
2
334 335 
1
335 
1
336 
1
337 
1
338 
1
339 
1
340 
1
341 
1
342 
1
343 
1
344 
2
345 344 
1
346 
1
347 
2
348 349 
1
349 
1
350 
1
351 
1
352 
1
353 
1
354 
1
355 
1
356 
1
357 
1
358 
1
359 
1
360 
1
361 
1
362 
1
363 
1
364 
1
365 
2
366 365 
1
367 
1
368 
80
767 364 768 420 421 363 526 571 422 423 593 362 361 723 556 360 359 555 425 424 426 672 673 427 674 428 725 357 358 356 724 355 354 353 559 433 600 352 525 554 429 432 430 431 553 435 434 572 350 348 349 351 579 347 671 438 437 436 524 583 346 345 344 740 439 440 736 739 343 342 715 737 441 442 735 341 340 738 443 444 
1
370 
1
371 
1
372 
1
373 
1
374 
1
375 
3
376 377 375 
1
377 
1
378 
2
379 380 
1
380 
1
381 
1
382 
1
383 
1
384 
6
385 390 389 386 388 387 
1
386 
1
387 
2
388 387 
4
389 386 388 387 
1
390 
2
391 392 
1
392 
1
393 
1
394 
1
395 
1
396 
1
397 
1
398 
1
399 
2
400 399 
4
401 400 399 402 
1
402 
1
403 
1
404 
1
405 
1
406 
1
407 
1
408 
2
409 408 
1
410 
1
411 
1
412 
1
413 
1
414 
1
415 
1
416 
1
417 
1
418 
2
419 418 
1
420 
1
421 
1
422 
1
423 
1
424 
1
425 
1
426 
1
427 
1
428 
1
429 
2
430 431 
1
431 
3
432 430 431 
1
433 
1
434 
1
435 
1
436 
1
437 
2
438 437 
1
439 
1
440 
1
441 
1
442 
2
443 444 
1
444 
1
445 
1
446 
2
447 446 
1
448 
1
449 
1
450 
1
451 
48
594 319 531 609 611 610 558 712 320 565 580 72 608 582 71 516 692 601 529 576 595 614 317 318 617 607 581 584 73 629 630 575 613 620 315 530 316 533 628 602 75 74 544 70 76 566 69 691 
1
453 
1
454 
1
455 
1
456 
1
457 
2
458 459 
1
459 
1
460 
1
461 
2
462 463 
1
463 
1
464 
1
465 
1
466 
1
467 
1
468 
1
469 
1
470 
1
471 
2
472 473 
1
473 
1
474 
1
475 
1
476 
1
477 
1
478 
1
479 
2
480 479 
1
481 
1
482 
1
483 
1
484 
1
485 
1
486 
1
487 
2
488 489 
1
489 
1
490 
1
491 
2
492 491 
1
493 
1
494 
1
495 
1
496 
2
497 496 
1
498 
2
499 500 
1
500 
1
501 
2
502 503 
1
503 
1
504 
1
505 
1
506 
1
507 
2
508 507 
1
509 
1
510 
1
511 
7
512 513 0 1 2 3 511 
4
513 0 1 2 
11
514 734 445 714 339 738 443 444 447 446 338 
5
515 677 678 193 666 
5
516 692 601 529 576 
3
517 627 622 
4
518 38 568 470 
4
519 765 29 30 
1
520 
1
521 
1
522 
13
523 704 329 702 706 713 323 707 325 324 327 326 328 
19
524 583 346 345 344 740 439 440 736 739 343 342 715 737 441 442 735 341 340 
3
525 554 429 
7
526 571 422 423 593 362 361 
1
527 
1
528 
1
529 
1
530 
1
531 
1
532 
5
533 628 602 75 74 
1
534 
1
535 
3
536 726 310 
1
537 
13
538 18 492 491 17 658 659 493 494 16 15 721 495 
8
539 501 502 503 499 500 661 9 
7
540 255 289 288 287 257 256 
2
541 454 
4
542 55 53 54 
1
543 
18
544 70 68 566 690 69 688 694 689 543 681 67 545 62 65 64 63 66 
1
545 
1
546 
2
547 14 
3
548 260 284 
1
549 
12
550 191 664 192 670 186 189 190 667 185 188 187 
3
551 474 471 
3
552 32 31 
44
553 435 434 572 350 348 349 351 579 347 671 438 437 436 524 583 346 345 344 740 439 440 736 739 343 342 715 737 441 442 735 341 340 514 734 445 714 339 738 443 444 447 446 338 
1
554 
4
555 425 424 426 
3
556 360 359 
3
557 197 196 
5
558 321 322 712 320 
10
559 433 600 352 525 554 429 432 430 431 
8
560 199 198 204 202 203 201 200 
9
561 122 115 119 118 116 117 120 121 
9
562 269 276 275 274 271 270 272 273 
79
563 169 665 515 677 678 193 666 647 642 167 649 223 537 679 675 676 195 194 573 528 557 197 196 564 205 574 222 560 199 198 204 202 203 201 200 722 527 170 668 183 184 181 180 179 182 669 178 550 191 664 192 670 186 189 190 667 185 188 187 177 171 176 173 172 221 215 214 206 213 207 208 212 209 211 210 217 220 216 
3
564 205 574 
11
565 580 72 608 582 71 516 692 601 529 576 
1
566 
1
567 
2
568 470 
72
569 468 716 43 42 469 598 41 39 40 518 38 568 470 752 37 551 474 471 472 473 577 476 477 570 592 34 35 36 546 33 475 578 478 519 765 29 30 552 32 31 762 481 764 28 480 479 719 464 462 463 652 720 461 654 48 47 46 465 599 466 467 717 45 44 521 49 460 763 483 482 27 
1
570 
3
571 422 423 
5
572 350 348 349 351 
17
573 528 557 197 196 564 205 574 222 560 199 198 204 202 203 201 200 
1
574 
1
575 
1
576 
11
577 476 477 570 592 34 35 36 546 33 475 
17
578 478 519 765 29 30 552 32 31 762 481 482 764 27 28 480 479 
2
579 347 
1
580 
6
581 584 73 629 630 575 
1
582 
1
583 
2
584 73 
1
585 
3
586 228 638 
5
587 506 508 507 505 
34
588 291 253 254 290 252 251 292 686 293 250 249 540 255 289 288 287 257 256 281 263 663 262 282 261 283 591 286 258 259 285 548 260 284 
1
589 
9
590 59 522 57 56 58 541 454 60 
8
591 286 258 259 285 548 260 284 
6
592 34 35 36 546 33 
2
593 362 
11
594 319 531 609 611 610 558 321 322 712 320 
23
595 614 317 318 617 607 581 584 73 629 630 575 613 633 620 315 530 316 533 628 602 75 74 
2
596 705 
3
597 61 567 
4
598 41 39 40 
7
599 466 467 717 45 44 521 
2
600 352 
3
601 529 576 
3
602 75 74 
6
603 615 78 76 77 79 
2
604 504 
23
605 8 604 504 587 506 508 507 505 753 6 4 5 510 509 7 512 513 0 1 2 3 511 
54
606 687 453 589 597 61 567 68 690 688 694 689 543 681 67 545 62 65 64 63 66 657 520 651 50 458 459 650 656 52 51 655 457 456 455 653 542 55 53 54 590 59 522 57 56 58 541 454 60 452 697 693 695 699 
1
607 
2
608 582 
1
609 
1
610 
7
611 610 558 321 322 712 320 
1
612 
11
613 633 620 315 530 316 533 628 602 75 74 
2
614 317 
4
615 78 76 77 
10
616 623 603 615 78 76 77 79 625 624 
2
617 607 
5
618 314 313 312 534 
7
619 621 311 632 626 682 229 
2
620 315 
1
621 
1
622 
1
623 
1
624 
2
625 624 
3
626 682 229 
1
627 
1
628 
2
629 630 
1
630 
26
631 618 314 313 312 534 517 627 622 619 621 311 632 626 682 229 616 623 603 615 78 76 77 79 625 624 
1
632 
1
633 
1
634 
5
635 636 644 80 535 
1
636 
2
637 532 
1
638 
12
639 163 637 532 586 228 638 635 636 644 80 535 
13
640 81 634 161 160 162 646 157 156 82 645 159 158 
42
641 166 225 226 227 643 165 164 639 163 637 532 586 228 638 635 636 535 631 517 627 622 621 632 626 682 616 623 603 625 624 534 229 536 230 224 168 218 219 633 634 162 
1
642 
1
643 
3
644 80 535 
3
645 159 158 
7
646 157 156 82 645 159 158 
5
647 224 642 167 168 
5
648 83 155 154 153 
8
649 223 537 679 675 676 195 194 
4
650 656 52 51 
2
651 50 
1
652 
1
653 
3
654 48 49 
18
655 457 456 455 653 542 55 53 54 590 59 522 57 56 58 541 454 60 
1
656 
11
657 520 460 651 50 458 459 650 656 52 51 
8
658 659 493 494 16 15 721 495 
3
659 493 494 
19
660 498 497 496 10 11 662 12 13 547 14 539 501 502 503 499 500 661 9 
2
661 9 
3
662 12 13 
5
663 262 282 261 283 
1
664 
1
665 
1
666 
2
667 185 
3
668 183 184 
2
669 178 
6
670 186 189 190 667 185 
4
671 438 437 436 
13
672 673 427 674 428 725 357 358 356 724 355 354 353 
2
673 427 
2
674 428 
1
675 
1
676 
1
677 
2
678 193 
5
679 675 676 195 194 
5
680 278 267 268 277 
8
681 67 545 62 65 64 63 66 
2
682 229 
6
683 231 230 536 726 310 
2
684 309 
13
685 233 234 235 684 309 232 683 231 230 536 726 310 
4
686 293 250 249 
1
687 
4
688 694 689 543 
2
689 543 
1
690 
1
691 
1
692 
1
693 
1
694 
5
695 699 612 596 705 
1
696 
3
697 693 691 
4
698 711 330 331 
1
699 
1
700 
15
701 709 710 337 448 732 449 703 332 333 585 708 334 335 336 
1
702 
8
703 332 333 585 708 334 335 336 
1
704 
1
705 
6
706 713 323 707 325 324 
3
707 325 324 
4
708 334 335 336 
1
709 
2
710 337 
1
711 
1
712 
2
713 323 
2
714 339 
4
715 737 441 442 
3
716 43 42 
4
717 45 44 521 
34
718 86 152 84 85 648 83 155 154 153 640 81 161 160 646 157 156 82 645 159 158 644 80 615 78 77 79 174 175 741 150 88 151 87 
49
719 464 462 463 652 720 461 654 48 49 47 46 465 599 466 467 717 45 44 521 657 520 460 651 50 458 459 650 656 52 51 655 457 456 455 653 542 55 53 54 590 59 522 57 56 58 541 454 60 
2
720 461 
2
721 495 
31
722 527 170 668 183 184 181 180 179 182 669 178 550 191 664 192 670 186 189 190 667 185 188 187 177 171 176 174 175 173 172 
21
723 556 360 359 555 425 424 426 672 673 427 674 428 725 357 358 356 724 355 354 353 
4
724 355 354 353 
4
725 357 358 356 
2
726 310 
3
727 236 308 
5
728 306 238 237 307 
15
729 304 240 241 303 305 239 728 306 238 237 307 727 236 308 
5
730 248 296 294 295 
10
731 298 246 247 297 730 248 296 294 295 
2
732 449 
50
733 450 700 698 711 330 331 696 451 701 709 710 337 448 732 449 703 332 333 585 708 334 335 336 523 704 329 702 706 713 323 707 325 324 327 326 328 612 596 705 321 322 514 734 445 714 339 447 446 338 
2
734 445 
3
735 341 340 
11
736 739 343 342 715 737 441 442 735 341 340 
3
737 441 442 
3
738 443 444 
1
739 
3
740 439 440 
11
741 150 88 151 87 149 89 742 148 90 147 
4
742 148 90 147 
17
743 146 92 144 145 91 741 150 88 151 87 149 89 742 148 90 147 
38
300 244 245 299 731 298 246 247 297 730 248 296 294 295 588 291 253 254 290 252 251 292 686 293 250 249 540 255 289 288 287 257 256 591 286 258 259 285 
10
745 95 143 94 93 142 96 746 141 97 
3
746 141 97 
8
747 100 139 140 99 98 137 138 
43
748 136 103 135 101 102 749 105 134 104 106 133 132 747 100 139 140 99 98 137 138 745 95 143 94 93 142 96 746 141 97 743 146 92 144 145 91 149 89 742 148 90 147 
7
749 105 134 104 106 133 132 
3
750 131 107 
28
751 129 109 130 108 750 131 107 127 111 112 126 110 128 124 114 123 125 113 561 122 115 119 118 116 117 120 121 
7
752 37 551 474 471 472 473 
14
753 6 4 5 510 509 7 512 513 0 1 2 3 511 
1
754 
4
755 398 403 754 
3
756 405 406 
2
757 404 
2
758 407 
12
759 378 376 377 375 758 407 756 405 406 379 380 
19
760 757 404 381 755 398 403 754 401 400 399 402 783 395 784 397 396 382 383 
4
761 763 483 26 
8
762 481 482 764 27 28 480 479 
1
763 
3
764 27 28 
3
765 29 30 
1
766 
16
767 364 768 420 766 366 365 421 363 526 571 422 423 593 362 361 
2
768 420 
3
769 416 415 
2
770 367 
22
771 417 770 367 419 418 767 364 768 420 766 366 365 421 363 526 571 422 423 593 362 361 
3
772 21 20 
77
773 774 19 490 488 489 772 21 20 538 18 492 491 17 658 659 493 494 16 15 721 495 660 498 497 496 10 11 662 12 13 547 14 539 501 502 503 499 500 661 9 605 8 604 504 587 506 508 507 505 753 6 4 5 510 509 7 512 513 0 1 2 3 511 775 24 776 485 22 23 777 487 486 484 25 761 26 
1
774 
32
775 24 776 485 22 23 777 487 486 484 25 761 763 483 26 578 478 519 765 29 30 552 32 31 762 481 482 764 27 28 480 479 
2
776 485 
3
777 487 486 
75
778 412 413 372 373 411 782 374 779 410 549 409 408 759 378 376 377 375 758 407 756 405 406 379 380 760 757 404 381 755 398 403 754 401 400 399 402 783 395 784 397 396 382 383 785 393 391 392 384 394 385 390 389 386 388 387 369 370 769 416 415 781 780 414 371 368 771 417 770 367 419 418 766 366 365 
2
779 410 
2
780 414 
4
781 780 414 371 
7
782 374 779 410 549 409 408 
7
783 395 784 397 396 382 383 
3
784 397 396 
12
785 393 391 392 384 394 385 390 389 386 388 387 
38
786 618 313 619 311 728 237 727 308 685 234 684 232 231 310 302 729 304 240 241 303 305 239 306 238 307 236 233 235 309 683 726 314 312 243 744 242 301 
