15
690 602 437 539 478 709 595 541 704 689 607 376 716 717 718 
719
1
0 
1
1 
1
2 
1
3 
1
4 
6
5 470 471 4 472 3 
1
6 
1
7 
1
8 
1
9 
1
10 
1
11 
1
12 
1
13 
1
14 
1
15 
1
16 
1
17 
1
18 
1
19 
1
20 
1
21 
1
22 
1
23 
1
24 
1
25 
1
26 
1
27 
1
28 
1
29 
1
30 
1
31 
2
32 30 
1
33 
1
34 
1
35 
1
36 
2
37 36 
2
38 39 
1
39 
1
40 
1
41 
1
42 
1
43 
1
44 
1
45 
1
46 
1
47 
2
48 49 
1
49 
1
50 
1
51 
1
52 
2
53 52 
1
54 
2
55 56 
1
56 
1
57 
2
58 59 
1
59 
1
60 
2
61 60 
1
62 
1
63 
2
64 65 
1
65 
1
66 
2
67 68 
1
68 
1
69 
1
70 
2
71 72 
1
72 
1
73 
1
74 
1
75 
1
76 
1
77 
1
78 
6
79 78 706 155 156 154 
1
80 
1
81 
1
82 
1
83 
1
84 
1
85 
1
86 
1
87 
1
88 
1
89 
1
90 
1
91 
1
92 
1
93 
2
94 93 
19
95 137 138 715 139 92 140 91 94 93 136 96 97 135 596 134 98 132 133 
1
96 
1
97 
1
98 
1
99 
1
100 
1
101 
6
102 101 105 100 103 104 
2
103 104 
1
104 
1
105 
3
106 130 129 
1
107 
2
108 127 
2
109 126 
6
110 125 109 126 108 127 
1
111 
2
112 123 
4
113 122 112 123 
1
114 
1
115 
1
116 
3
117 119 118 
1
118 
1
119 
2
120 116 
8
121 114 115 120 116 117 119 118 
1
122 
1
123 
22
124 111 113 122 112 123 110 125 109 126 108 127 128 107 121 114 115 120 116 117 119 118 
1
125 
1
126 
1
127 
2
128 107 
1
129 
1
130 
1
131 
2
132 133 
1
133 
1
134 
1
135 
9
136 96 97 135 596 134 98 132 133 
1
137 
1
138 
1
139 
1
140 
1
141 
1
142 
2
143 142 
1
144 
1
145 
1
146 
1
147 
1
148 
1
149 
1
150 
1
151 
1
152 
1
153 
1
154 
1
155 
1
156 
1
157 
1
158 
1
159 
1
160 
1
161 
1
162 
1
163 
1
164 
1
165 
1
166 
1
167 
1
168 
2
169 168 
1
170 
1
171 
1
172 
3
173 172 171 
1
174 
1
175 
1
176 
1
177 
3
178 177 179 
1
179 
1
180 
1
181 
1
182 
2
183 182 
3
184 185 186 
2
185 186 
1
186 
1
187 
1
188 
1
189 
4
190 192 191 193 
1
191 
2
192 191 
1
193 
2
194 195 
1
195 
1
196 
1
197 
1
198 
1
199 
1
200 
1
201 
1
202 
1
203 
1
204 
1
205 
1
206 
1
207 
1
208 
1
209 
1
210 
1
211 
1
212 
1
213 
1
214 
1
215 
2
216 215 
1
217 
1
218 
2
219 220 
1
220 
1
221 
1
222 
1
223 
2
224 225 
1
225 
1
226 
1
227 
1
228 
1
229 
1
230 
1
231 
1
232 
1
233 
1
234 
2
235 234 
1
236 
1
237 
2
238 254 
1
239 
1
240 
2
241 251 
4
242 250 241 251 
7
243 249 244 248 245 247 246 
5
244 248 245 247 246 
3
245 247 246 
1
246 
1
247 
1
248 
1
249 
1
250 
1
251 
2
252 240 
19
253 239 252 240 255 238 254 237 242 250 241 251 243 249 244 248 245 247 246 
1
254 
4
255 238 254 237 
6
256 236 598 233 235 234 
14
257 261 597 262 232 256 236 598 233 235 234 260 258 259 
1
258 
1
259 
3
260 258 259 
1
261 
1
262 
1
263 
1
264 
1
265 
1
266 
2
267 268 
1
268 
1
269 
1
270 
1
271 
1
272 
1
273 
1
274 
1
275 
1
276 
1
277 
1
278 
1
279 
1
280 
1
281 
1
282 
2
283 282 
1
284 
1
285 
1
286 
1
287 
1
288 
1
289 
1
290 
1
291 
1
292 
1
293 
1
294 
1
295 
1
296 
3
297 296 298 
1
298 
1
299 
1
300 
1
301 
1
302 
2
303 302 
1
304 
1
305 
3
306 307 308 
1
307 
1
308 
1
309 
1
310 
2
311 312 
1
312 
1
313 
1
314 
1
315 
1
316 
1
317 
1
318 
1
319 
1
320 
2
321 322 
1
322 
1
323 
1
324 
1
325 
1
326 
1
327 
1
328 
1
329 
2
330 331 
1
331 
1
332 
1
333 
1
334 
1
335 
1
336 
1
337 
1
338 
1
339 
1
340 
1
341 
1
342 
1
343 
1
344 
1
345 
1
346 
1
347 
1
348 
1
349 
1
350 
1
351 
1
352 
1
353 
1
354 
1
355 
1
356 
10
357 364 365 356 363 358 362 359 361 360 
1
358 
1
359 
1
360 
2
361 360 
4
362 359 361 360 
6
363 358 362 359 361 360 
1
364 
1
365 
1
366 
1
367 
1
368 
5
369 372 371 370 368 
1
370 
2
371 370 
1
372 
1
373 
1
374 
1
375 
59
376 651 351 350 650 381 382 377 380 682 347 385 384 348 683 684 383 349 606 343 688 386 346 387 345 502 388 344 389 378 379 519 352 353 375 505 374 354 520 373 367 652 366 355 369 372 371 370 368 357 364 365 356 363 358 362 359 361 360 
2
377 380 
2
378 379 
1
379 
1
380 
1
381 
1
382 
1
383 
1
384 
1
385 
1
386 
1
387 
1
388 
1
389 
1
390 
2
391 392 
1
392 
1
393 
1
394 
1
395 
1
396 
1
397 
1
398 
1
399 
1
400 
1
401 
1
402 
1
403 
2
404 403 
1
405 
1
406 
5
407 405 406 404 403 
1
408 
2
409 410 
1
410 
1
411 
1
412 
1
413 
1
414 
13
415 671 482 613 327 612 610 615 399 616 329 492 328 
1
416 
39
417 572 571 479 568 569 658 46 45 655 47 573 577 44 508 578 42 43 580 698 574 575 570 567 554 566 552 543 579 555 556 561 527 526 316 315 521 525 314 
1
418 
1
419 
1
420 
1
421 
1
422 
1
423 
1
424 
1
425 
1
426 
1
427 
1
428 
3
429 427 428 
1
430 
1
431 
1
432 
2
433 434 
1
434 
1
435 
1
436 
41
41 418 563 558 487 685 54 55 659 656 50 48 49 657 660 51 53 52 524 417 571 568 658 45 47 577 508 42 580 574 570 554 552 579 556 527 316 521 584 40 419 
13
438 500 28 532 494 594 33 34 531 29 32 30 31 
1
439 
1
440 
1
441 
1
442 
1
443 
2
444 443 
1
445 
1
446 
1
447 
1
448 
2
449 448 
1
450 
1
451 
1
452 
2
453 452 
1
454 
2
455 457 
1
456 
1
457 
16
458 544 12 10 11 455 457 528 454 13 692 8 460 459 9 456 
1
459 
1
460 
1
461 
5
462 466 463 464 465 
3
463 464 465 
1
464 
1
465 
1
466 
1
467 
1
468 
1
469 
1
470 
2
471 4 
2
472 3 
5
473 2 474 0 1 
3
474 0 1 
1
475 
1
476 
1
477 
40
478 600 623 626 599 489 621 622 625 202 668 624 162 645 601 637 636 627 485 667 161 638 491 160 628 629 699 630 70 484 69 631 639 483 640 632 490 495 163 201 
2
479 568 
5
480 591 587 37 36 
82
481 559 563 565 558 487 564 685 54 551 550 694 57 55 56 562 659 509 656 50 48 49 657 660 51 53 52 537 560 653 305 306 307 308 488 654 309 524 512 310 313 311 312 417 572 571 479 568 569 658 46 45 655 47 573 577 44 508 578 42 43 580 698 574 575 570 567 554 566 552 543 579 555 556 561 527 526 316 315 521 525 314 
1
482 
4
483 640 290 289 
1
484 
1
485 
5
486 585 593 435 436 
10
487 564 685 54 551 550 694 57 55 56 
9
488 654 309 524 512 310 313 311 312 
3
489 621 203 
3
490 641 293 
1
491 
1
492 
4
493 620 204 287 
1
494 
4
495 163 200 201 
42
496 540 196 516 167 170 499 194 195 189 649 477 188 517 175 518 648 173 172 171 174 190 192 191 193 169 168 497 180 176 507 187 183 182 535 181 184 185 186 178 177 179 
15
497 180 176 507 187 183 182 535 181 184 185 186 178 177 179 
3
498 58 59 
4
499 194 195 189 
2
500 28 
21
501 447 446 603 20 21 19 449 448 695 16 450 696 18 17 697 451 14 453 452 15 
4
502 388 344 389 
22
503 393 339 391 392 604 390 605 340 341 606 342 343 688 386 346 387 345 502 388 344 389 
4
504 334 397 333 
3
505 374 354 
3
506 318 317 
6
507 187 183 182 535 181 
4
508 578 42 43 
5
509 656 50 48 49 
1
510 
21
511 611 400 673 676 413 414 675 402 409 410 401 674 411 412 408 407 405 406 404 403 
5
512 310 313 311 312 
2
513 206 
4
514 61 60 62 
2
515 301 
3
516 167 170 
2
517 175 
1
518 
28
519 352 353 375 505 374 354 520 373 367 652 366 355 369 372 371 370 368 357 364 365 356 363 358 362 359 361 360 
11
520 373 367 652 366 355 369 372 371 370 368 
3
521 525 314 
6
522 546 514 61 60 62 
3
523 166 197 
6
524 512 310 313 311 312 
2
525 314 
3
526 316 315 
7
527 526 316 315 521 525 314 
3
528 454 13 
18
529 635 642 66 64 65 547 548 299 679 634 646 295 294 530 297 296 298 
1
530 
5
531 29 32 30 31 
5
532 494 594 33 34 
6
533 534 332 330 331 398 
4
534 332 330 331 
2
535 181 
3
536 304 510 
16
537 560 653 305 306 307 308 488 654 309 524 512 310 313 311 312 
2
538 300 
65
539 549 498 58 59 557 515 301 303 302 536 304 510 545 475 63 538 300 522 546 514 61 60 62 481 551 550 694 57 537 653 305 306 308 654 310 311 633 644 643 67 68 641 293 529 635 642 66 64 65 547 548 299 679 634 646 295 294 530 297 296 298 314 564 56 
2
540 196 
51
541 164 199 198 165 523 166 197 200 496 540 196 516 167 170 499 194 195 189 649 477 188 517 175 518 648 173 172 171 174 190 192 191 193 169 168 497 180 176 507 187 183 182 535 181 184 185 186 178 177 179 
4
542 506 318 317 
2
543 579 
3
544 12 10 
11
545 475 63 538 300 522 546 514 61 60 62 
1
546 
3
547 548 299 
2
548 299 
1
549 
1
550 
6
551 550 694 57 55 56 
3
552 543 579 
24
553 416 677 476 542 506 318 317 609 670 320 319 321 322 672 617 618 323 324 614 619 678 325 326 
2
554 566 
10
555 556 561 527 526 316 315 521 525 314 
2
556 561 
8
557 515 301 303 302 536 304 510 
1
558 
1
559 
1
560 
1
561 
12
562 659 509 656 50 48 49 657 660 51 53 52 
3
563 565 558 
1
564 
1
565 
1
566 
1
567 
1
568 
6
569 658 46 45 655 47 
17
570 567 554 566 552 543 579 555 556 561 527 526 316 315 521 525 314 
1
571 
1
572 
11
573 577 44 508 578 42 43 580 698 574 575 
2
574 575 
1
575 
7
576 661 584 40 41 38 39 
2
577 44 
3
578 42 43 
1
579 
4
580 698 574 575 
1
581 
16
582 419 581 576 661 584 40 41 38 39 480 591 587 37 36 418 
25
583 588 421 420 486 585 593 435 436 589 663 423 422 433 434 590 425 431 430 426 429 427 428 424 432 
5
584 40 41 38 39 
1
585 
3
586 592 35 
3
587 37 36 
2
588 421 
16
589 663 423 422 433 434 590 425 431 430 426 429 427 428 424 432 
10
590 425 431 430 426 429 427 428 424 432 
1
591 
2
592 35 
3
593 435 436 
3
594 33 34 
34
595 131 106 130 129 102 101 105 100 103 104 124 111 113 122 112 123 110 125 109 126 108 127 128 107 121 114 115 120 116 117 119 118 132 
5
596 134 98 132 133 
3
597 262 232 
4
598 233 235 234 
6
599 693 288 489 621 203 
1
600 
1
601 
74
602 22 445 23 444 443 669 24 442 687 26 440 25 441 27 439 446 603 20 21 437 438 500 28 532 494 33 531 29 32 30 31 593 435 436 589 433 434 590 431 430 426 429 427 428 432 662 586 592 35 594 34 581 661 38 39 480 591 587 37 36 583 588 421 420 486 585 663 423 422 425 424 576 582 
4
603 20 21 19 
8
604 390 605 340 341 606 342 343 
3
605 340 341 
3
606 342 343 
74
607 336 337 338 608 395 394 335 396 504 334 397 333 533 534 332 330 331 398 415 671 482 613 327 612 610 615 399 616 329 492 328 322 617 618 323 324 614 619 678 325 326 511 611 400 673 676 413 414 675 402 409 410 401 674 411 412 408 407 405 406 404 403 503 393 339 391 392 604 390 605 340 341 342 
3
608 395 394 
16
609 670 320 319 321 322 672 617 618 323 324 614 619 678 325 326 
7
610 615 399 616 329 492 328 
2
611 400 
1
612 
3
613 327 612 
1
614 
1
615 
4
616 329 492 328 
1
617 
8
618 323 324 614 619 678 325 326 
1
619 
1
620 
2
621 203 
8
622 625 202 668 624 162 645 601 
2
623 626 
1
624 
2
625 202 
1
626 
2
627 485 
45
628 629 699 73 71 72 630 70 484 633 644 643 69 67 68 631 639 291 292 483 640 290 289 632 490 641 293 529 635 642 66 64 65 547 548 299 679 634 646 295 294 530 297 296 298 
1
629 
3
630 70 484 
12
631 639 291 292 483 640 290 289 632 490 641 293 
4
632 490 641 293 
6
633 644 643 69 67 68 
1
634 
1
635 
1
636 
20
637 636 74 627 485 667 161 638 491 680 76 681 159 160 708 77 707 157 158 75 
1
638 
3
639 291 292 
3
640 290 289 
2
641 293 
4
642 66 64 65 
4
643 69 67 68 
1
644 
2
645 601 
7
646 295 294 530 297 296 298 
14
647 285 513 206 701 208 209 207 205 286 493 620 204 287 
5
648 173 172 171 174 
11
649 477 188 517 175 518 648 173 172 171 174 
3
650 381 382 
2
651 351 
3
652 366 355 
5
653 305 306 307 308 
2
654 309 
2
655 47 
4
656 50 48 49 
5
657 660 51 53 52 
3
658 46 45 
1
659 
4
660 51 53 52 
1
661 
1
662 
3
663 423 422 
18
664 230 264 231 263 265 229 665 266 228 666 226 269 224 225 267 268 227 
3
665 266 228 
8
666 226 269 224 225 267 268 227 
4
667 161 638 491 
3
668 624 162 
3
669 24 442 
5
670 320 319 321 322 
2
671 482 
2
672 617 
4
673 676 413 414 
3
674 411 412 
14
675 402 409 410 401 674 411 412 408 407 405 406 404 403 
2
676 413 
2
677 476 
3
678 325 326 
9
679 634 646 295 294 530 297 296 298 
11
680 76 681 159 160 708 77 707 157 158 75 
3
681 159 160 
9
682 347 385 384 348 683 684 383 349 
4
683 684 383 349 
1
684 
2
685 54 
4
686 271 223 270 
7
687 26 440 25 441 27 439 
9
688 386 346 387 345 502 388 344 389 
38
664 230 264 231 263 257 261 597 262 232 256 236 598 233 235 234 260 258 259 253 239 252 240 255 238 254 237 242 250 241 251 243 249 244 248 245 247 246 
57
690 467 7 461 462 466 463 464 465 691 468 469 6 5 470 471 4 472 3 473 2 474 0 1 695 16 450 697 451 14 453 452 15 458 544 12 10 11 455 457 528 454 13 692 8 460 459 9 456 449 696 18 17 448 501 447 19 
15
691 468 469 6 5 470 471 4 472 3 473 2 474 0 1 
5
692 8 460 459 9 
2
693 288 
4
694 57 55 56 
12
695 16 450 696 18 17 697 451 14 453 452 15 
3
696 18 17 
6
697 451 14 453 452 15 
1
698 
4
699 73 71 72 
4
700 210 284 211 
4
701 208 209 207 
5
702 281 212 283 282 
5
703 279 214 280 213 
37
215 278 703 279 214 280 213 702 281 212 283 282 700 210 284 211 647 285 513 206 701 208 209 207 205 286 493 620 204 287 693 288 203 291 292 290 289 
4
705 275 218 274 
4
706 155 156 154 
1
707 
5
708 77 707 157 158 
36
709 153 80 79 78 155 154 710 82 150 151 81 152 83 149 711 84 148 147 85 77 74 680 76 681 159 708 707 157 158 75 73 71 72 706 156 
11
710 82 150 151 81 152 83 149 711 84 148 
3
711 84 148 
11
712 86 146 147 85 713 144 88 145 87 89 
6
713 144 88 145 87 89 
35
714 141 90 143 142 712 86 146 147 85 713 144 88 145 87 89 95 137 138 715 139 92 140 91 94 93 136 96 97 135 596 134 98 132 133 
7
715 139 92 140 91 94 93 
34
716 704 277 705 218 689 273 272 220 271 270 265 665 228 226 224 267 227 217 276 275 274 216 221 222 219 686 223 229 266 666 269 225 268 
34
717 99 714 95 138 139 140 94 136 97 596 98 133 141 90 143 142 713 144 88 145 87 89 137 715 92 91 93 96 135 134 712 86 146 
45
718 559 565 562 509 560 307 488 309 512 313 312 572 479 569 46 655 573 44 578 43 698 575 567 566 543 555 561 526 315 525 476 506 317 553 677 542 318 609 670 320 319 321 416 672 
