15
600 483 558 62 472 649 151 603 621 225 530 663 477 667 668 
669
2
0 461 
3
1 0 461 
1
2 
1
3 
2
4 3 
1
5 
9
6 5 2 4 3 7 1 0 461 
1
7 
1
8 
1
9 
1
10 
1
11 
1
12 
1
13 
1
14 
1
15 
2
16 15 
1
17 
1
18 
2
19 18 
1
20 
1
21 
1
22 
1
23 
2
24 25 
1
25 
1
26 
1
27 
2
28 27 
1
29 
1
30 
1
31 
1
32 
1
33 
1
34 
1
35 
1
36 
1
37 
1
38 
1
39 
1
40 
1
41 
1
42 
1
43 
1
44 
2
45 43 
1
46 
1
47 
1
48 
1
49 
1
50 
3
51 50 52 
1
52 
1
53 
1
54 
2
55 56 
1
56 
1
57 
1
58 
1
59 
1
60 
1
61 
47
62 66 590 589 598 520 503 295 597 626 596 299 297 298 296 64 65 63 292 522 595 294 591 67 593 592 523 293 546 466 594 610 71 493 290 652 70 69 576 651 586 584 68 291 611 521 300 
1
63 
3
64 65 63 
1
65 
1
66 
2
67 593 
1
68 
1
69 
1
70 
1
71 
1
72 
1
73 
3
74 75 73 
1
75 
1
76 
1
77 
1
78 
1
79 
1
80 
1
81 
1
82 
1
83 
1
84 
1
85 
2
86 156 
1
87 
2
88 154 
6
89 153 88 154 155 87 
1
90 
1
91 
1
92 
1
93 
1
94 
1
95 
1
96 
1
97 
2
98 97 
1
99 
1
100 
1
101 
1
102 
2
103 139 
1
104 
1
105 
1
106 
2
107 134 
2
108 133 
6
109 132 108 133 110 131 
2
110 131 
1
111 
1
112 
3
113 129 112 
26
114 128 113 129 112 130 111 109 132 108 133 110 131 115 127 117 116 126 125 118 124 119 123 120 122 121 
13
115 127 117 116 126 125 118 124 119 123 120 122 121 
1
116 
11
117 116 126 125 118 124 119 123 120 122 121 
7
118 124 119 123 120 122 121 
5
119 123 120 122 121 
3
120 122 121 
1
121 
1
122 
1
123 
1
124 
1
125 
1
126 
1
127 
1
128 
1
129 
2
130 111 
1
131 
1
132 
1
133 
1
134 
1
135 
5
136 106 135 107 134 
16
137 105 138 104 532 101 140 102 103 139 141 136 106 135 107 134 
2
138 104 
1
139 
1
140 
1
141 
1
142 
1
143 
1
144 
1
145 
1
146 
14
147 95 480 145 144 96 146 98 97 509 99 142 143 100 
4
148 94 149 93 
2
149 93 
2
150 92 
41
137 105 138 104 140 102 103 139 136 106 135 107 134 114 128 113 129 112 130 111 109 132 108 133 110 131 115 127 117 116 126 125 118 124 119 123 120 122 121 532 101 
2
152 90 
1
153 
1
154 
2
155 87 
1
156 
1
157 
1
158 
1
159 
1
160 
2
161 160 
1
162 
1
163 
1
164 
1
165 
1
166 
1
167 
1
168 
1
169 
1
170 
1
171 
1
172 
1
173 
1
174 
1
175 
2
176 175 
3
177 176 175 
6
178 179 177 176 175 180 
1
179 
1
180 
1
181 
1
182 
1
183 
2
184 185 
1
185 
1
186 
6
187 186 184 185 183 188 
1
188 
1
189 
1
190 
1
191 
1
192 
1
193 
1
194 
1
195 
1
196 
1
197 
1
198 
1
199 
1
200 
1
201 
1
202 
2
203 202 
1
204 
1
205 
2
206 275 
1
207 
6
208 273 274 207 206 275 
1
209 
2
210 271 
4
211 270 210 271 
1
212 
1
213 
1
214 
5
215 216 266 265 217 
1
216 
1
217 
1
218 
9
219 263 264 218 215 216 266 265 217 
2
220 262 
5
221 260 261 220 262 
1
222 
1
223 
1
224 
41
225 256 226 255 227 259 222 258 223 257 224 221 260 261 252 230 231 251 228 254 253 229 233 249 232 250 234 248 235 245 246 247 244 236 243 237 238 242 239 241 240 
1
226 
1
227 
4
228 254 253 229 
1
229 
1
230 
2
231 251 
2
232 250 
6
233 249 232 250 234 248 
2
234 248 
13
235 245 246 247 244 236 243 237 238 242 239 241 240 
1
236 
1
237 
5
238 242 239 241 240 
3
239 241 240 
1
240 
1
241 
1
242 
7
243 237 238 242 239 241 240 
9
244 236 243 237 238 242 239 241 240 
2
245 246 
1
246 
1
247 
1
248 
1
249 
1
250 
1
251 
27
252 230 231 251 228 254 253 229 233 249 232 250 234 248 235 245 246 247 244 236 243 237 238 242 239 241 240 
2
253 229 
1
254 
2
255 227 
1
256 
2
257 224 
2
258 223 
11
259 222 258 223 257 224 221 260 261 220 262 
1
260 
1
261 
1
262 
1
263 
2
264 218 
2
265 217 
1
266 
18
267 214 268 213 269 212 272 209 211 270 210 271 208 273 274 207 206 275 
2
268 213 
2
269 212 
1
270 
1
271 
6
272 209 211 270 210 271 
1
273 
2
274 207 
1
275 
2
276 205 
1
277 
1
278 
1
279 
1
280 
1
281 
1
282 
1
283 
1
284 
1
285 
1
286 
1
287 
2
288 287 
1
289 
1
290 
2
291 290 
1
292 
1
293 
1
294 
1
295 
1
296 
3
297 298 296 
1
298 
2
299 300 
1
300 
1
301 
1
302 
2
303 304 
1
304 
1
305 
1
306 
1
307 
1
308 
1
309 
1
310 
2
311 310 
1
312 
1
313 
1
314 
1
315 
1
316 
1
317 
1
318 
1
319 
1
320 
2
321 322 
1
322 
1
323 
1
324 
1
325 
1
326 
5
327 476 393 395 394 
1
328 
1
329 
1
330 
4
331 332 662 330 
1
332 
1
333 
1
334 
1
335 
1
336 
1
337 
1
338 
1
339 
1
340 
2
341 340 
1
342 
1
343 
1
344 
1
345 
1
346 
1
347 
1
348 
1
349 
1
350 
1
351 
1
352 
1
353 
1
354 
1
355 
1
356 
1
357 
5
358 357 356 355 359 
1
359 
1
360 
1
361 
2
362 364 
1
363 
1
364 
1
365 
1
366 
20
367 512 351 352 366 487 365 353 362 364 363 511 354 360 361 358 357 356 355 359 
4
368 370 371 369 
1
369 
2
370 371 
1
371 
1
372 
1
373 
2
374 375 
1
375 
1
376 
1
377 
1
378 
1
379 
2
380 381 
1
381 
1
382 
1
383 
1
384 
1
385 
1
386 
1
387 
1
388 
1
389 
1
390 
1
391 
1
392 
1
393 
1
394 
2
395 394 
1
396 
1
397 
1
398 
1
399 
2
400 399 
1
401 
1
402 
1
403 
1
404 
1
405 
2
406 407 
1
407 
1
408 
1
409 
1
410 
1
411 
1
412 
1
413 
1
414 
1
415 
1
416 
2
417 416 
1
418 
1
419 
1
420 
1
421 
2
422 423 
1
423 
1
424 
1
425 
1
426 
2
427 428 
1
428 
1
429 
1
430 
1
431 
1
432 
1
433 
1
434 
1
435 
1
436 
1
437 
1
438 
1
439 
1
440 
1
441 
1
442 
1
443 
1
444 
2
445 444 
1
446 
1
447 
1
448 
1
449 
1
450 
1
451 
3
452 451 453 
1
453 
4
454 452 451 453 
1
455 
1
456 
1
457 
1
458 
2
459 458 
1
460 
1
461 
1
462 
2
463 577 
1
464 
7
465 535 193 192 502 169 168 
1
466 
0

16
468 514 41 40 559 418 417 416 419 42 515 539 415 495 45 43 
1
469 
12
470 529 318 317 550 405 404 406 407 528 549 316 
1
471 
40
472 654 653 72 623 646 622 505 74 73 580 578 544 497 545 474 491 288 564 566 565 567 579 568 463 577 479 543 562 519 563 585 575 494 289 650 518 471 583 492 
14
473 498 172 173 601 181 496 174 178 179 177 176 175 180 
5
474 491 286 288 287 
5
475 548 302 616 547 
4
476 393 395 394 
37
477 347 346 376 374 375 506 349 373 348 534 372 350 368 370 371 369 367 512 351 352 366 487 365 353 362 364 363 511 354 360 361 358 357 356 355 359 
4
478 312 311 310 
4
479 499 284 283 
7
480 145 144 96 146 98 97 
40
481 35 34 426 425 36 632 37 630 424 422 423 629 633 420 421 631 39 38 661 33 656 427 428 660 31 32 659 430 429 655 431 30 658 29 28 27 657 432 433 
7
482 637 434 635 26 24 25 
89
483 21 440 638 438 439 634 23 636 436 435 437 22 482 637 434 635 26 24 25 441 20 481 35 34 426 425 36 632 37 630 424 422 423 629 633 420 421 631 39 38 661 33 656 427 428 660 31 32 659 430 429 655 431 30 658 29 28 27 657 432 433 467 605 48 537 414 413 606 46 536 47 468 514 41 40 559 418 417 416 419 42 515 539 415 495 45 43 44 
5
484 14 446 16 15 
3
485 335 334 
3
486 341 340 
6
487 365 353 362 364 363 
3
488 191 190 
3
489 320 319 
2
490 182 
4
491 286 288 287 
1
492 
4
493 292 291 290 
2
494 289 
3
495 45 43 
8
496 174 178 179 177 176 175 180 
2
497 285 
2
498 172 
3
499 284 283 
4
500 516 170 171 
15
501 488 191 190 500 516 170 171 465 535 193 192 502 169 168 
3
502 169 168 
1
503 
7
504 49 572 53 51 50 52 
5
505 76 74 75 73 
4
506 349 373 348 
7
507 307 306 469 525 309 308 
5
508 527 314 315 313 
5
509 99 142 143 100 
5
510 17 443 445 444 
9
511 354 360 361 358 357 356 355 359 
1
512 
4
513 194 195 540 
2
514 41 
6
515 539 415 495 45 43 
3
516 170 171 
1
517 
2
518 471 
3
519 541 196 
11
520 503 295 597 626 596 521 301 524 299 300 
5
521 301 524 299 300 
15
522 595 294 591 67 593 592 523 293 546 466 586 584 594 68 
8
523 293 546 466 586 584 594 68 
1
524 
3
525 309 308 
5
526 604 305 303 304 
4
527 314 315 313 
3
528 549 316 
3
529 318 317 
44
530 408 508 527 314 315 313 470 529 318 317 550 405 404 406 407 528 549 316 553 531 478 312 311 310 475 548 604 305 303 304 507 307 306 309 308 526 525 301 524 464 302 551 403 
1
531 
7
532 101 140 102 103 139 141 
16
533 441 20 19 18 442 510 17 443 445 444 484 14 446 16 15 
7
534 372 350 368 370 371 369 
3
535 193 192 
1
536 
3
537 414 413 
18
538 573 554 557 412 555 54 628 57 55 56 504 49 572 53 51 50 52 
2
539 415 
1
540 
2
541 196 
13
542 197 560 282 479 499 284 283 543 562 519 541 196 
5
543 562 519 541 196 
9
544 497 285 545 474 491 286 288 287 
1
545 
2
546 466 
1
547 
1
548 
2
549 316 
5
550 405 404 406 407 
14
551 403 489 320 319 402 552 401 570 323 321 322 400 399 
8
552 401 570 323 321 322 400 399 
6
553 531 478 312 311 310 
1
554 
6
555 54 628 57 55 56 
1
556 
2
557 412 
70
558 574 462 608 58 612 60 59 411 614 617 556 609 61 538 573 554 557 412 555 54 628 57 55 56 504 49 572 53 51 50 52 467 605 48 537 414 413 606 46 536 47 468 514 41 40 559 418 417 416 419 42 515 539 415 495 45 43 44 613 618 619 615 410 616 547 607 569 469 409 
5
559 418 417 416 419 
2
560 282 
6
561 199 200 280 198 281 
1
562 
32
563 585 575 494 289 583 492 493 292 291 290 652 70 650 69 576 651 522 595 294 591 67 593 592 523 293 546 466 586 584 594 68 
22
564 566 565 567 579 568 166 463 577 542 197 560 282 479 499 284 283 543 562 519 541 196 
2
565 567 
1
566 
1
567 
1
568 
1
569 
4
570 323 321 322 
6
571 398 397 581 325 324 
2
572 53 
1
573 
2
574 462 
3
575 494 289 
2
576 651 
1
577 
4
578 645 79 78 
5
579 568 166 463 577 
9
580 165 578 645 79 78 644 80 164 
2
581 325 
23
582 396 326 571 398 397 581 325 324 551 403 489 320 319 402 552 401 570 323 321 322 400 399 
6
583 492 493 292 291 290 
1
584 
1
585 
4
586 584 594 68 
7
587 450 10 454 452 451 453 
20
588 9 455 624 460 8 625 457 456 459 458 6 5 2 4 3 7 1 0 461 
2
589 598 
1
590 
4
591 67 593 592 
1
592 
1
593 
2
594 68 
1
595 
1
596 
1
597 
1
598 
5
599 344 378 377 345 
48
600 12 448 13 447 449 11 587 450 10 454 452 451 453 588 9 455 624 460 8 625 457 456 459 458 6 5 2 4 3 7 1 0 461 533 19 18 442 510 17 443 445 444 484 14 446 16 15 
10
601 181 496 174 178 179 177 176 175 180 
24
602 189 490 182 187 186 184 185 183 188 473 498 172 173 601 181 496 174 178 179 177 176 175 180 
49
603 167 517 513 194 195 540 501 488 191 190 500 516 170 171 465 535 193 192 502 169 168 602 189 490 182 187 186 184 185 183 188 473 498 172 173 601 181 496 174 178 179 177 176 175 180 197 541 196 
4
604 305 303 304 
2
605 48 
4
606 46 536 47 
15
607 569 526 604 305 303 304 507 307 306 469 525 309 308 409 
5
608 58 612 60 59 
3
609 610 61 
2
610 61 
2
611 618 
3
612 60 59 
3
613 611 618 
6
614 617 556 609 610 61 
1
615 
2
616 547 
1
617 
1
618 
24
619 615 464 410 475 548 302 616 547 607 569 526 604 305 303 304 507 307 306 469 525 309 308 409 
3
620 201 279 
29
621 204 278 277 276 205 203 202 620 201 279 561 199 200 280 198 281 285 286 287 542 560 282 499 284 283 207 275 206 
1
622 
9
623 646 77 622 505 76 74 75 73 
8
624 460 8 625 457 456 459 458 
5
625 457 456 459 458 
2
626 596 
9
627 342 379 343 599 344 378 377 345 
4
628 57 55 56 
1
629 
2
630 424 
3
631 39 38 
7
632 37 630 424 422 423 629 
6
633 420 421 631 39 38 
7
634 23 636 436 435 437 22 
4
635 26 24 25 
4
636 436 435 437 
2
637 434 
3
638 438 439 
16
639 384 643 339 338 642 337 336 641 386 387 385 485 335 334 388 
33
640 382 383 380 381 486 341 340 627 342 379 343 599 344 378 377 345 639 384 643 339 338 642 337 336 641 386 387 385 485 335 334 388 
8
641 386 387 385 485 335 334 388 
3
642 337 336 
3
643 339 338 
3
644 80 164 
3
645 79 78 
2
646 77 
9
647 162 81 163 648 159 82 161 160 
5
648 159 82 161 160 
31
649 157 84 85 86 156 83 158 647 162 81 163 648 159 82 161 160 77 76 75 165 645 79 78 644 80 164 166 155 154 87 
1
650 
1
651 
6
652 70 650 69 576 651 
3
653 72 71 
1
654 
1
655 
3
656 427 428 
3
657 432 433 
7
658 29 28 27 657 432 433 
4
659 430 429 655 
16
660 31 32 659 430 429 655 431 30 658 29 28 27 657 432 433 
21
661 33 656 427 428 660 31 32 659 430 429 655 431 30 658 29 28 27 657 432 433 
1
662 
74
663 666 333 389 665 664 391 329 392 328 327 476 393 395 394 390 331 332 662 330 640 382 383 380 381 486 341 340 627 342 379 343 599 344 378 377 345 639 384 643 339 338 642 337 336 641 386 387 385 485 335 334 388 582 396 326 571 398 397 581 325 324 489 320 319 402 552 401 570 323 321 322 400 399 
2
664 391 
16
665 664 391 329 392 328 327 476 393 395 394 390 331 332 662 330 
2
666 333 
27
667 264 215 266 217 214 213 212 209 270 271 273 219 263 218 216 265 267 268 269 272 211 210 208 274 262 220 
29
668 151 152 150 148 149 89 88 147 480 144 146 97 99 143 141 91 90 92 94 93 153 95 145 96 98 509 142 100 
