15
453 697 670 672 552 87 88 542 273 264 524 592 370 703 704 
705
1
0 
1
1 
4
2 460 0 1 
2
3 459 
1
4 
1
5 
1
6 
1
7 
1
8 
5
9 10 11 12 8 
2
10 11 
1
11 
1
12 
1
13 
1
14 
1
15 
1
16 
2
17 18 
1
18 
1
19 
1
20 
2
21 22 
1
22 
1
23 
1
24 
1
25 
1
26 
1
27 
1
28 
1
29 
1
30 
1
31 
1
32 
2
33 34 
1
34 
1
35 
1
36 
1
37 
1
38 
1
39 
1
40 
2
41 40 
1
42 
1
43 
1
44 
1
45 
1
46 
1
47 
1
48 
1
49 
2
50 49 
1
51 
1
52 
1
53 
2
54 55 
1
55 
1
56 
1
57 
2
58 57 
1
59 
1
60 
1
61 
1
62 
1
63 
1
64 
1
65 
1
66 
1
67 
1
68 
1
69 
1
70 
5
71 578 477 551 461 
1
72 
1
73 
1
74 
1
75 
2
76 155 
2
77 153 
1
78 
1
79 
1
80 
1
81 
1
82 
1
83 
2
84 146 
2
85 145 
2
86 144 
32
84 146 147 83 148 82 149 81 619 75 156 76 155 150 80 151 79 154 77 153 152 78 604 73 74 72 157 158 159 160 511 161 
35
100 130 131 99 98 132 101 129 102 128 104 126 103 127 105 125 106 124 109 123 107 111 121 110 122 108 119 113 120 112 114 118 115 117 116 
2
89 141 
4
90 140 91 139 
2
91 139 
6
92 138 137 93 136 94 
1
93 
1
94 
1
95 
4
96 134 135 95 
4
97 133 98 132 
2
98 132 
1
99 
12
100 130 131 99 97 133 98 132 96 134 135 95 
12
101 129 102 128 104 126 103 127 105 125 106 124 
2
102 128 
2
103 127 
8
104 126 103 127 105 125 106 124 
4
105 125 106 124 
2
106 124 
1
107 
1
108 
17
109 123 107 111 121 110 122 108 119 113 120 112 114 118 115 117 116 
2
110 122 
4
111 121 110 122 
1
112 
1
113 
5
114 118 115 117 116 
3
115 117 116 
1
116 
1
117 
1
118 
9
119 113 120 112 114 118 115 117 116 
2
120 112 
1
121 
1
122 
1
123 
1
124 
1
125 
1
126 
1
127 
1
128 
1
129 
1
130 
2
131 99 
1
132 
1
133 
1
134 
2
135 95 
2
136 94 
2
137 93 
1
138 
1
139 
1
140 
1
141 
1
142 
1
143 
1
144 
1
145 
1
146 
6
147 83 148 82 149 81 
2
148 82 
2
149 81 
9
150 80 151 79 154 77 153 152 78 
2
151 79 
2
152 78 
1
153 
5
154 77 153 152 78 
1
155 
1
156 
1
157 
1
158 
1
159 
1
160 
1
161 
2
162 161 
1
163 
1
164 
2
165 164 
1
166 
1
167 
1
168 
1
169 
1
170 
1
171 
1
172 
1
173 
2
174 175 
1
175 
3
176 177 178 
1
177 
1
178 
1
179 
1
180 
1
181 
1
182 
1
183 
1
184 
1
185 
3
186 185 184 
1
187 
5
188 187 186 185 184 
26
189 496 480 529 183 182 188 187 186 185 184 531 598 570 657 181 180 599 173 600 179 176 177 178 174 175 
1
190 
1
191 
11
192 497 543 193 199 197 198 196 195 194 200 
1
193 
1
194 
2
195 194 
3
196 195 194 
2
197 198 
1
198 
1
199 
1
200 
1
201 
1
202 
4
203 609 580 605 
3
204 623 288 
1
205 
1
206 
1
207 
1
208 
2
209 283 
1
210 
4
211 281 282 210 
17
212 280 211 281 282 210 284 208 209 283 627 206 285 207 205 286 287 
2
213 279 
4
214 278 213 279 
1
215 
1
216 
1
217 
1
218 
1
219 
1
220 
1
221 
1
222 
1
223 
1
224 
2
225 267 
2
226 266 
1
227 
1
228 
12
229 263 262 230 261 231 260 232 259 233 258 234 
1
230 
1
231 
1
232 
1
233 
1
234 
1
235 
1
236 
1
237 
1
238 
1
239 
11
240 250 241 249 248 242 243 247 244 246 245 
9
241 249 248 242 243 247 244 246 245 
1
242 
5
243 247 244 246 245 
3
244 246 245 
1
245 
1
246 
1
247 
7
248 242 243 247 244 246 245 
1
249 
1
250 
13
251 239 240 250 241 249 248 242 243 247 244 246 245 
23
252 238 254 257 235 256 236 255 237 251 239 240 250 241 249 248 242 243 247 244 246 245 253 
1
253 
1
254 
2
255 237 
2
256 236 
6
257 235 256 236 255 237 
2
258 234 
2
259 233 
4
260 232 259 233 
2
261 231 
2
262 230 
1
263 
39
264 228 265 227 229 263 262 230 261 231 260 232 259 233 258 234 252 238 254 257 235 256 236 255 237 251 239 240 250 241 249 248 242 243 247 244 246 245 253 
4
265 227 226 266 
1
266 
1
267 
4
268 224 269 223 
2
269 223 
2
270 222 
8
271 221 270 222 268 224 269 223 
2
272 220 
33
213 279 212 280 211 281 282 210 284 208 209 283 627 206 285 207 205 286 287 488 622 289 204 623 288 203 291 290 292 626 202 201 293 
6
274 218 275 217 276 216 
2
275 217 
2
276 216 
6
277 215 214 278 213 279 
1
278 
1
279 
1
280 
1
281 
2
282 210 
1
283 
4
284 208 209 283 
1
285 
2
286 287 
1
287 
1
288 
1
289 
1
290 
1
291 
1
292 
1
293 
2
294 295 
1
295 
1
296 
1
297 
1
298 
1
299 
1
300 
1
301 
1
302 
1
303 
1
304 
2
305 306 
1
306 
2
307 308 
1
308 
1
309 
1
310 
1
311 
2
312 311 
1
313 
1
314 
1
315 
1
316 
2
317 316 
1
318 
1
319 
1
320 
1
321 
2
322 321 
1
323 
1
324 
2
325 324 
1
326 
2
327 328 
1
328 
1
329 
1
330 
1
331 
1
332 
1
333 
2
334 333 
2
335 590 
1
336 
2
337 338 
1
338 
1
339 
1
340 
1
341 
1
342 
2
343 342 
1
344 
1
345 
1
346 
1
347 
1
348 
1
349 
1
350 
1
351 
2
352 351 
2
353 354 
1
354 
1
355 
1
356 
1
357 
1
358 
2
359 364 
4
360 363 362 361 
1
361 
1
362 
1
363 
1
364 
1
365 
1
366 
3
367 366 365 
4
368 367 366 365 
1
369 
60
370 357 371 358 369 508 359 364 368 367 366 365 360 363 362 361 645 644 344 640 646 383 382 345 638 475 659 381 660 346 347 380 661 658 348 639 379 378 518 490 560 517 356 481 637 377 372 664 350 349 374 375 376 373 665 355 353 354 352 351 
1
371 
1
372 
1
373 
4
374 375 376 373 
2
375 376 
1
376 
1
377 
1
378 
1
379 
1
380 
1
381 
1
382 
1
383 
1
384 
1
385 
2
386 387 
1
387 
1
388 
1
389 
1
390 
1
391 
1
392 
1
393 
1
394 
1
395 
1
396 
2
397 396 
1
398 
1
399 
1
400 
1
401 
1
402 
2
403 404 
1
404 
1
405 
1
406 
1
407 
1
408 
1
409 
1
410 
1
411 
1
412 
1
413 
1
414 
1
415 
1
416 
1
417 
2
418 417 
1
419 
2
420 421 
1
421 
1
422 
2
423 424 
1
424 
1
425 
1
426 
1
427 
1
428 
1
429 
2
430 429 
1
431 
1
432 
1
433 
1
434 
1
435 
1
436 
1
437 
1
438 
1
439 
1
440 
1
441 
1
442 
1
443 
1
444 
1
445 
1
446 
4
447 448 446 449 
1
448 
1
449 
2
450 451 
1
451 
12
452 489 515 6 631 445 450 451 447 448 446 449 
88
453 4 5 454 458 3 459 456 455 457 2 460 0 1 632 442 443 468 636 16 15 633 14 628 629 444 516 559 7 634 13 9 10 11 12 8 452 489 515 6 631 445 450 451 447 448 446 449 635 17 18 630 441 440 632 442 443 468 636 16 15 633 14 628 629 444 516 559 7 634 13 9 10 11 12 8 452 489 515 6 631 445 450 451 447 448 446 449 
11
454 458 3 459 456 455 457 2 460 0 1 
1
455 
3
456 455 457 
1
457 
1
458 
1
459 
3
460 0 1 
1
461 
2
462 544 
1
463 
1
464 
11
465 679 414 689 42 41 40 43 685 44 45 
16
466 690 37 36 38 691 419 699 35 701 422 420 421 698 33 34 
7
467 648 20 651 437 438 436 
1
468 
1
469 
1
470 
1
471 
13
472 614 318 521 409 562 589 315 317 316 587 313 314 
4
473 616 402 401 
1
474 
1
475 
1
476 
1
477 
8
478 502 305 306 498 303 304 302 
6
479 569 463 585 171 172 
1
480 
1
481 
1
482 
1
483 
1
484 
3
485 693 56 
14
486 510 168 511 160 169 512 163 166 165 164 162 161 167 
3
487 571 159 
6
488 622 289 204 623 288 
3
489 515 6 
11
490 560 517 356 481 637 377 372 664 350 349 
3
491 25 24 
1
492 
4
493 407 563 408 
5
494 391 528 336 390 
3
495 293 292 
1
496 
10
497 543 193 199 197 198 196 195 194 200 
4
498 303 304 302 
1
499 
2
500 201 
18
501 484 500 201 532 535 191 192 497 543 193 199 197 198 196 195 194 200 
3
502 305 306 
3
503 575 301 
18
504 471 296 294 295 583 66 613 67 68 65 554 64 555 297 507 584 298 
12
505 499 492 69 495 293 292 70 550 506 553 476 
1
506 
2
507 584 
11
508 359 364 368 367 366 365 360 363 362 361 
5
509 541 482 556 170 
1
510 
2
511 160 
8
512 163 166 165 164 162 161 167 
2
513 606 
1
514 
1
515 
10
516 559 7 634 13 9 10 11 12 8 
2
517 356 
1
518 
5
519 27 469 28 26 
3
520 433 434 
2
521 409 
7
522 678 462 544 503 575 301 
5
523 588 310 312 311 
51
524 410 525 523 588 310 312 311 572 545 546 307 308 309 478 502 305 306 672 411 674 677 522 678 462 544 666 319 493 563 408 472 614 318 521 409 562 589 315 317 316 587 313 314 526 406 321 625 320 407 304 
6
525 523 588 310 312 311 
40
526 617 405 403 404 406 655 323 322 321 325 324 473 616 402 401 615 326 597 400 625 320 319 493 407 563 408 472 614 318 521 409 562 589 315 317 316 587 313 314 
2
527 389 
2
528 336 
8
529 183 182 188 187 186 185 184 
3
530 190 483 
15
531 598 570 657 181 180 599 173 600 179 176 177 178 174 175 
2
532 535 
3
533 540 621 
38
534 537 539 530 190 483 479 569 463 585 171 172 189 496 480 529 183 182 188 187 186 185 184 531 598 570 657 181 180 599 173 600 179 176 177 178 174 175 
1
535 
2
536 538 
1
537 
1
538 
1
539 
1
540 
1
541 
78
542 571 536 538 509 541 482 556 170 533 540 501 484 500 532 535 191 192 497 543 193 199 197 198 196 195 194 534 537 539 530 190 483 479 569 463 585 171 172 189 496 480 529 183 182 188 187 186 185 184 531 598 570 657 181 180 599 173 600 179 176 177 178 174 175 486 510 168 169 512 163 166 165 164 162 167 621 200 
2
543 193 
1
544 
1
545 
4
546 307 308 309 
2
547 668 
8
548 601 612 61 62 666 547 668 
1
549 
4
550 506 553 476 
2
551 461 
35
552 581 603 557 514 586 558 609 580 605 607 608 610 611 624 71 578 477 551 461 505 499 492 69 495 70 550 506 553 476 487 620 513 606 579 
2
553 476 
7
554 64 555 297 507 584 298 
5
555 297 507 584 298 
2
556 170 
5
557 514 158 586 558 
1
558 
1
559 
1
560 
1
561 
8
562 589 315 317 316 587 313 314 
1
563 
7
564 339 474 337 338 527 389 
1
565 
1
566 
3
567 341 340 
5
568 594 332 334 333 
1
569 
1
570 
1
571 
14
572 545 546 307 308 309 478 502 305 306 498 303 304 302 
1
573 
4
574 577 300 549 
1
575 
3
576 470 299 
3
577 300 549 
2
578 477 
6
579 604 73 74 72 157 
1
580 
2
581 603 
11
582 618 602 63 576 470 299 574 577 300 549 
5
583 66 613 67 68 
1
584 
2
585 171 
2
586 558 
3
587 313 314 
4
588 310 312 311 
2
589 315 
1
590 
10
591 393 335 590 392 494 391 528 336 390 
113
592 395 394 568 594 332 334 333 397 396 593 331 330 595 398 399 596 329 327 328 591 393 335 590 392 494 391 528 336 390 641 566 567 341 340 565 343 342 642 385 384 643 388 386 387 564 339 474 337 338 527 389 617 405 403 404 655 323 322 325 324 473 616 402 401 615 326 597 400 645 644 344 640 646 383 382 345 638 475 659 381 660 346 347 380 661 658 348 639 379 378 518 490 560 517 356 481 637 377 372 664 350 349 374 375 376 373 665 355 353 354 352 351 
3
593 331 330 
4
594 332 334 333 
7
595 398 399 596 329 327 328 
4
596 329 327 328 
2
597 400 
1
598 
9
599 173 600 179 176 177 178 174 175 
5
600 179 176 177 178 
1
601 
1
602 
1
603 
4
604 73 74 72 
1
605 
1
606 
24
607 608 610 611 624 291 290 71 578 477 551 461 505 499 492 69 495 293 292 70 550 506 553 476 
1
608 
3
609 580 605 
5
610 611 624 291 290 
1
611 
3
612 61 62 
3
613 67 68 
2
614 318 
4
615 326 597 400 
3
616 402 401 
5
617 405 403 404 406 
1
618 
14
619 75 156 76 155 150 80 151 79 154 77 153 152 78 
1
620 
1
621 
1
622 
2
623 288 
2
624 291 
3
625 320 319 
8
626 620 513 606 202 533 540 621 
7
627 206 285 207 205 286 287 
3
628 629 444 
1
629 
3
630 441 440 
4
631 445 450 451 
0

2
633 14 
7
634 13 9 10 11 12 8 
3
635 17 18 
3
636 16 15 
3
637 377 372 
8
638 475 659 381 660 346 347 380 
4
639 379 378 518 
4
640 646 383 382 
22
641 566 567 341 340 565 343 342 642 385 384 643 388 386 387 564 339 474 337 338 527 389 
3
642 385 384 
4
643 388 386 387 
1
644 
0

3
646 383 382 
7
647 662 23 21 22 652 435 
1
648 
1
649 
19
650 653 439 663 19 649 635 17 18 630 441 440 467 648 20 651 437 438 436 
4
651 437 438 436 
2
652 435 
1
653 
36
654 431 432 561 520 433 434 491 25 24 647 662 23 21 22 652 435 650 653 439 663 19 649 635 17 18 630 441 440 467 648 20 651 437 438 436 
4
655 323 322 321 
1
656 
3
657 181 180 
2
658 348 
1
659 
3
660 346 347 
7
661 658 348 639 379 378 518 
2
662 23 
3
663 19 649 
3
664 350 349 
6
665 355 353 354 352 351 
3
666 547 668 
7
667 656 692 59 58 57 60 
1
668 
1
669 
77
670 669 667 656 692 58 57 412 671 694 53 54 55 485 693 56 684 416 415 465 679 414 689 42 41 43 685 44 45 675 413 683 676 687 48 47 686 46 681 682 673 51 52 50 49 464 668 684 416 415 465 679 414 689 42 41 43 685 44 45 675 413 683 676 687 48 47 686 46 681 682 673 51 52 50 49 464 
8
671 694 53 54 55 485 693 56 
44
573 503 575 301 548 601 612 61 62 547 582 618 602 63 576 470 299 574 577 300 549 504 471 296 294 295 583 66 613 67 65 554 64 555 297 507 584 298 498 303 302 60 59 68 
5
673 51 52 50 49 
3
674 677 573 
17
675 413 683 676 687 48 47 686 46 681 682 673 51 52 50 49 464 
4
676 687 48 47 
2
677 573 
1
678 
2
679 414 
0

8
681 682 673 51 52 50 49 464 
1
682 
7
683 676 687 48 47 686 46 
4
684 416 418 417 
3
685 44 45 
2
686 46 
3
687 48 47 
2
688 39 
5
689 42 41 40 43 
2
690 37 
2
691 419 
5
692 59 58 57 60 
2
693 56 
4
694 53 54 55 
5
695 427 30 31 426 
1
696 
80
697 696 29 428 430 429 519 27 469 28 26 700 32 702 425 695 427 30 31 426 423 424 466 690 37 36 38 691 419 699 35 701 422 420 421 698 33 34 654 431 432 561 520 433 434 491 25 24 647 662 23 21 22 652 435 650 653 439 663 19 649 467 648 20 651 437 438 436 680 418 417 688 39 40 680 418 417 688 39 40 
1
698 
9
699 35 701 422 420 421 698 33 34 
11
700 32 702 425 695 427 30 31 426 423 424 
1
701 
2
702 425 
27
703 273 272 274 275 276 277 214 226 225 271 270 268 269 219 220 218 217 216 215 278 266 267 221 222 224 223 
27
704 87 86 145 88 89 90 91 92 137 136 97 96 135 142 141 140 139 138 93 94 133 134 95 143 144 85 
