15
590 15 731 185 762 703 96 585 264 742 586 364 367 781 782 
783
2
0 528 
5
1 0 528 2 3 
2
2 3 
1
3 
1
4 
1
5 
2
6 5 
4
7 591 6 5 
1
8 
2
9 8 
1
10 
1
11 
4
12 13 506 14 
1
13 
1
14 
63
550 26 24 25 777 496 495 494 696 493 695 492 27 489 491 487 486 488 547 30 28 29 574 35 36 34 33 484 568 485 573 32 31 490 714 477 476 478 715 41 40 39 709 713 475 710 42 43 474 473 631 44 45 483 482 481 480 559 37 711 712 38 479 
1
16 
2
17 16 
1
18 
1
19 
1
20 
1
21 
1
22 
1
23 
1
24 
1
25 
1
26 
1
27 
2
28 29 
1
29 
1
30 
1
31 
2
32 31 
1
33 
2
34 33 
1
35 
1
36 
1
37 
1
38 
1
39 
2
40 39 
1
41 
1
42 
1
43 
1
44 
1
45 
2
46 45 
1
47 
1
48 
1
49 
1
50 
1
51 
1
52 
1
53 
1
54 
1
55 
1
56 
1
57 
1
58 
1
59 
1
60 
1
61 
1
62 
1
63 
1
64 
1
65 
1
66 
1
67 
1
68 
2
69 70 
1
70 
1
71 
1
72 
2
73 74 
1
74 
1
75 
1
76 
1
77 
1
78 
1
79 
1
80 
1
81 
1
82 
3
83 84 82 
1
84 
1
85 
2
86 87 
1
87 
1
88 
1
89 
1
90 
4
91 131 132 90 
15
92 130 93 129 767 134 88 89 133 91 131 132 90 86 87 
2
93 129 
2
94 128 
1
95 
61
96 126 127 95 94 128 125 557 101 123 104 102 103 98 100 99 780 124 97 706 111 708 122 105 107 106 108 109 110 707 112 118 121 119 115 116 117 114 113 120 135 92 130 93 129 767 134 88 89 133 91 131 132 90 87 699 137 85 84 136 86 
1
97 
3
98 100 99 
1
99 
1
100 
1
101 
1
102 
1
103 
3
104 102 103 
6
105 107 106 108 109 110 
1
106 
5
107 106 108 109 110 
3
108 109 110 
2
109 110 
1
110 
1
111 
1
112 
1
113 
2
114 113 
5
115 116 117 114 113 
1
116 
1
117 
1
118 
1
119 
1
120 
2
121 119 
1
122 
1
123 
1
124 
1
125 
1
126 
1
127 
1
128 
1
129 
1
130 
1
131 
2
132 90 
1
133 
1
134 
1
135 
2
136 135 
1
137 
1
138 
1
139 
1
140 
1
141 
1
142 
2
143 142 
1
144 
1
145 
1
146 
2
147 146 
1
148 
2
149 150 
1
150 
3
151 149 150 
1
152 
1
153 
1
154 
1
155 
2
156 157 
1
157 
1
158 
1
159 
1
160 
2
161 160 
1
162 
1
163 
1
164 
1
165 
3
166 165 167 
1
167 
1
168 
1
169 
8
170 173 174 172 171 615 175 169 
1
171 
1
172 
2
173 174 
1
174 
1
175 
1
176 
1
177 
1
178 
1
179 
1
180 
3
181 180 179 
1
182 
1
183 
1
184 
71
185 746 774 690 744 692 676 682 603 691 689 451 605 602 608 599 448 450 596 445 447 446 745 186 680 688 683 678 191 679 677 684 192 594 597 443 444 604 681 598 600 595 758 535 542 453 609 756 733 633 452 449 189 187 188 190 439 440 540 193 675 541 601 531 611 442 752 757 184 195 673 
1
186 
1
187 
1
188 
4
189 187 188 190 
1
190 
1
191 
1
192 
1
193 
1
194 
2
195 196 
1
196 
1
197 
1
198 
1
199 
1
200 
1
201 
1
202 
1
203 
1
204 
2
205 206 
1
206 
1
207 
1
208 
1
209 
1
210 
1
211 
1
212 
1
213 
1
214 
1
215 
2
216 217 
1
217 
1
218 
1
219 
2
220 219 
2
221 222 
1
222 
2
223 271 
1
224 
1
225 
1
226 
2
227 267 
5
228 265 266 227 267 
1
229 
1
230 
1
231 
1
232 
1
233 
1
234 
1
235 
1
236 
1
237 
2
238 237 
5
239 240 236 238 237 
1
240 
8
241 235 239 240 236 238 237 234 
10
242 233 241 235 239 240 236 238 237 234 
2
243 232 
3
244 262 261 
16
245 259 260 246 258 247 256 249 248 257 255 250 251 252 254 253 
13
246 258 247 256 249 248 257 255 250 251 252 254 253 
5
247 256 249 248 257 
1
248 
2
249 248 
1
250 
1
251 
3
252 254 253 
1
253 
1
254 
6
255 250 251 252 254 253 
1
256 
1
257 
1
258 
1
259 
1
260 
1
261 
1
262 
1
263 
46
264 229 230 263 566 231 244 262 261 243 232 242 233 241 235 239 240 236 238 237 234 245 259 260 246 258 247 256 249 248 257 255 250 251 252 254 253 226 228 265 266 227 267 269 225 268 
1
265 
1
266 
1
267 
2
268 226 
4
269 225 268 226 
11
270 224 269 225 268 226 228 265 266 227 267 
1
271 
1
272 
1
273 
1
274 
1
275 
1
276 
1
277 
1
278 
1
279 
1
280 
1
281 
1
282 
2
283 209 
24
284 208 575 207 285 205 206 569 288 289 204 287 286 555 203 290 202 669 293 200 674 201 291 292 
1
285 
1
286 
2
287 286 
1
288 
1
289 
1
290 
1
291 
1
292 
1
293 
1
294 
22
295 664 618 622 636 648 637 606 740 741 638 650 651 653 436 564 438 439 437 440 634 645 
1
296 
1
297 
1
298 
1
299 
1
300 
2
301 300 
1
302 
1
303 
1
304 
2
305 304 
1
306 
1
307 
1
308 
1
309 
1
310 
3
311 312 310 
1
312 
1
313 
1
314 
1
315 
2
316 315 
1
317 
1
318 
3
319 318 320 
1
320 
1
321 
2
322 323 
1
323 
1
324 
1
325 
2
326 325 
1
327 
1
328 
1
329 
2
330 331 
1
331 
1
332 
1
333 
1
334 
5
335 334 337 338 336 
1
336 
2
337 338 
1
338 
1
339 
1
340 
1
341 
1
342 
1
343 
1
344 
1
345 
2
346 347 
1
347 
1
348 
1
349 
1
350 
1
351 
1
352 
4
353 352 427 428 
1
354 
1
355 
3
356 355 425 
6
357 423 424 356 355 425 
10
358 422 359 421 357 423 424 356 355 425 
2
359 421 
2
360 420 
4
361 419 360 420 
1
362 
8
363 417 418 362 361 419 360 420 
28
364 416 365 415 366 414 363 417 418 362 361 419 360 420 358 422 359 421 357 423 424 356 355 425 426 354 353 427 
2
365 415 
2
366 414 
48
369 411 410 370 371 409 372 408 407 406 373 393 375 693 374 379 380 391 381 392 378 377 376 383 388 389 390 382 387 384 386 385 394 404 405 395 403 396 402 401 397 400 398 399 367 413 368 412 
1
368 
3
369 411 412 
1
370 
2
371 409 
3
372 408 407 
1
373 
1
374 
1
375 
1
376 
1
377 
3
378 377 376 
17
379 380 391 381 392 378 377 376 383 388 389 390 382 387 384 386 385 
1
380 
1
381 
1
382 
9
383 388 389 390 382 387 384 386 385 
1
384 
1
385 
1
386 
4
387 384 386 385 
2
388 389 
1
389 
2
390 382 
2
391 381 
4
392 378 377 376 
4
393 375 693 374 
12
394 404 405 395 403 396 402 401 397 400 398 399 
2
395 403 
7
396 402 401 397 400 398 399 
4
397 400 398 399 
2
398 399 
1
399 
1
400 
1
401 
1
402 
1
403 
1
404 
1
405 
2
406 373 
1
407 
1
408 
1
409 
7
410 370 371 409 372 408 407 
1
411 
1
412 
1
413 
1
414 
1
415 
1
416 
1
417 
2
418 362 
1
419 
1
420 
1
421 
1
422 
1
423 
1
424 
1
425 
19
426 354 353 352 427 428 773 429 351 772 350 430 349 431 743 348 432 346 347 
2
427 428 
1
428 
1
429 
1
430 
1
431 
1
432 
1
433 
1
434 
1
435 
1
436 
1
437 
2
438 439 
1
439 
1
440 
2
441 442 
1
442 
2
443 444 
1
444 
2
445 447 
1
446 
1
447 
6
448 450 596 445 447 446 
1
449 
1
450 
5
451 605 602 608 599 
1
452 
1
453 
1
454 
1
455 
1
456 
1
457 
1
458 
1
459 
1
460 
2
461 460 
3
462 464 463 
1
463 
1
464 
1
465 
1
466 
1
467 
1
468 
2
469 470 
1
470 
1
471 
1
472 
1
473 
2
474 473 
1
475 
1
476 
1
477 
1
478 
1
479 
1
480 
1
481 
1
482 
10
483 482 481 480 559 37 711 712 38 479 
1
484 
1
485 
1
486 
3
487 486 488 
1
488 
21
489 491 487 486 488 547 30 28 29 574 35 36 34 33 484 568 485 573 32 31 490 
1
490 
1
491 
1
492 
1
493 
1
494 
2
495 494 
1
496 
1
497 
2
498 499 
1
499 
1
500 
1
501 
1
502 
1
503 
4
504 17 16 503 
1
505 
2
506 14 
1
507 
2
508 509 
1
509 
2
510 512 
1
511 
1
512 
1
513 
1
514 
1
515 
2
516 515 
1
517 
1
518 
2
519 518 
3
520 519 518 
2
521 522 
1
522 
1
523 
8
524 523 521 522 520 519 518 525 
1
525 
1
526 
1
527 
1
528 
2
529 750 
1
530 
2
531 611 
4
532 612 61 62 
15
533 561 468 467 732 50 51 592 632 49 48 629 471 469 470 
9
534 631 44 716 472 630 47 46 45 
1
535 
2
536 770 
6
537 754 747 183 182 184 
1
538 
1
539 
7
540 685 193 675 194 687 686 
1
541 
4
542 725 454 453 
1
543 
1
544 
3
545 628 317 
5
546 145 77 147 146 
4
547 30 28 29 
23
548 4 514 583 527 1 0 528 2 3 775 526 517 516 515 524 523 521 522 520 519 518 525 
5
549 67 158 156 157 
14
550 26 24 25 23 777 496 495 494 696 493 695 492 27 
4
551 277 215 276 
3
552 139 81 
4
553 302 299 298 
13
554 313 311 312 310 717 309 307 308 565 306 305 304 
4
555 203 290 202 
5
556 71 69 70 72 
12
557 101 123 104 102 103 98 100 99 780 124 97 
9
558 10 9 8 513 7 591 6 5 
2
559 37 
6
560 162 161 160 571 63 
3
561 468 467 
3
562 578 459 
9
563 771 333 666 329 332 330 331 328 
7
564 438 439 437 440 634 645 
4
565 306 305 304 
2
566 231 
3
567 326 325 
5
568 485 573 32 31 
6
569 288 289 204 287 286 
14
570 164 163 532 612 61 62 166 165 167 720 60 59 579 
2
571 63 
7
572 465 461 460 562 578 459 
3
573 32 31 
11
574 35 36 34 33 484 568 485 573 32 31 
5
575 207 285 205 206 
1
576 
3
577 614 466 
2
578 459 
1
579 
6
580 576 168 721 719 58 
8
581 723 455 456 728 724 457 458 
3
582 646 176 
2
583 527 
7
584 218 275 216 217 220 219 
37
585 273 272 221 222 223 271 274 584 218 275 216 217 220 219 551 277 215 276 270 224 698 281 210 282 283 209 697 279 213 214 278 212 280 211 284 208 
66
641 659 626 640 545 628 317 642 656 567 326 325 660 657 658 327 644 321 319 318 320 663 324 322 323 639 544 589 655 627 314 316 315 588 625 303 554 313 311 312 310 717 309 307 308 565 306 305 304 735 738 563 771 333 666 329 332 330 331 328 335 334 336 538 643 539 
1
587 
9
588 625 303 553 302 299 298 301 300 
6
589 655 627 314 316 315 
65
590 508 509 507 12 13 506 14 11 510 512 558 10 9 8 513 7 591 6 5 511 548 4 514 583 527 1 0 528 2 3 775 526 517 516 515 524 523 521 522 520 519 518 525 15 505 504 17 16 503 779 502 18 778 500 20 501 19 499 776 22 497 21 498 23 
1
591 
8
592 632 49 48 629 471 469 470 
7
593 541 601 531 611 441 442 
9
594 597 443 444 604 681 598 600 595 
1
595 
4
596 445 447 446 
3
597 443 444 
3
598 600 595 
1
599 
2
600 595 
1
601 
1
602 
14
603 691 689 451 605 602 608 599 448 450 596 445 447 446 
2
604 681 
1
605 
1
606 
1
607 
2
608 599 
5
609 756 733 633 452 
2
610 673 
1
611 
3
612 61 62 
32
613 159 718 65 66 64 560 162 161 160 571 63 570 164 163 532 612 61 62 166 165 167 720 60 59 579 580 576 168 721 719 58 
2
614 466 
2
615 175 
4
616 582 646 176 
4
617 587 530 296 
2
618 622 
1
619 
1
620 
1
621 
1
622 
3
623 620 619 
13
624 736 617 587 530 296 342 739 621 343 623 620 619 
2
625 303 
23
626 640 545 628 317 642 656 567 326 325 660 657 658 327 644 321 319 318 320 663 324 322 323 
4
627 314 316 315 
2
628 317 
4
629 471 469 470 
4
630 47 46 45 
2
631 44 
3
632 49 48 
2
633 452 
2
634 645 
3
635 178 177 
2
636 648 
4
637 606 740 741 
12
638 650 651 653 436 564 438 439 437 440 634 645 
30
639 544 589 655 627 314 316 315 588 625 303 553 302 299 298 301 300 554 313 311 312 310 717 309 307 308 565 306 305 304 
1
640 
1
641 
9
642 656 567 326 325 660 657 658 327 
4
643 661 662 667 
9
644 321 319 318 320 663 324 322 323 
1
645 
2
646 176 
1
647 
1
648 
31
649 607 665 199 294 755 197 195 196 668 670 672 198 671 647 610 673 540 685 193 675 194 687 686 593 541 601 531 611 441 442 
1
650 
3
651 653 436 
3
652 654 435 
2
653 436 
2
654 435 
1
655 
4
656 567 326 325 
3
657 658 327 
2
658 327 
1
659 
4
660 657 658 327 
1
661 
2
662 667 
4
663 324 322 323 
1
664 
2
665 199 
6
666 329 332 330 331 328 
1
667 
1
668 
7
669 293 200 674 201 291 292 
3
670 672 198 
18
671 647 610 673 540 685 193 675 194 687 686 593 541 601 531 611 441 442 
2
672 198 
1
673 
4
674 201 291 292 
1
675 
1
676 
3
677 684 192 
1
678 
4
679 677 684 192 
5
680 688 683 678 191 
1
681 
1
682 
1
683 
2
684 192 
2
685 193 
1
686 
2
687 686 
1
688 
1
689 
1
690 
1
691 
1
692 
2
693 374 
1
694 
1
695 
5
696 493 695 492 27 
8
697 279 213 214 278 212 280 211 
14
698 281 210 282 283 209 697 279 213 214 278 212 280 211 
38
699 137 85 83 84 82 138 552 139 81 136 135 700 79 78 702 144 80 701 141 140 143 142 92 130 93 129 767 134 88 89 133 91 131 132 90 86 87 
11
700 79 78 702 144 80 701 141 140 143 142 
5
701 141 140 143 142 
2
702 144 
58
703 151 149 150 73 74 769 768 75 148 76 546 145 77 147 146 704 153 152 556 71 69 70 72 154 705 155 68 67 156 157 83 82 138 552 139 81 700 79 78 702 144 80 701 141 140 143 142 613 159 718 65 66 64 161 160 158 549 
17
704 153 152 556 71 69 70 72 154 705 155 68 549 67 158 156 157 
8
705 155 68 549 67 158 156 157 
21
706 111 708 122 105 107 106 108 109 110 707 112 118 121 119 115 116 117 114 113 120 
11
707 112 118 121 119 115 116 117 114 113 120 
1
708 
1
709 
3
710 42 43 
4
711 712 38 479 
2
712 38 
7
713 475 710 42 43 474 473 
35
714 477 476 478 715 41 40 39 709 713 475 710 42 43 474 473 534 631 44 716 472 630 47 46 45 483 482 481 480 559 37 711 712 38 479 
5
715 41 40 39 709 
2
716 472 
4
717 309 307 308 
4
718 65 66 64 
2
719 58 
4
720 60 59 579 
1
721 
26
722 57 536 770 616 582 646 176 748 529 750 751 181 180 179 635 178 177 170 173 174 172 171 615 175 169 
3
723 455 456 
3
724 457 458 
3
725 454 453 
23
726 729 581 723 455 456 728 724 457 458 764 53 766 572 465 461 460 562 578 459 462 464 463 
5
727 542 725 454 453 
1
728 
1
729 
4
730 577 614 466 
57
731 52 730 577 614 466 533 561 468 467 732 50 51 592 632 49 48 629 471 469 470 726 729 581 723 455 456 728 724 457 458 764 53 766 572 465 461 460 562 578 459 462 464 463 763 543 54 759 727 454 725 534 716 472 630 47 46 
3
732 50 51 
3
733 633 452 
5
734 539 340 659 341 
1
735 
1
736 
18
737 735 339 738 563 771 333 666 329 332 330 331 328 335 334 337 338 336 
1
738 
6
739 621 343 623 620 619 
2
740 741 
1
741 
28
618 622 636 648 637 606 741 638 650 634 624 617 587 530 739 621 623 620 619 607 671 647 610 687 661 662 667 736 
5
743 348 432 346 347 
4
744 692 676 682 
20
745 186 680 688 683 678 191 679 677 684 192 594 597 443 444 604 681 598 600 595 
1
746 
4
747 183 182 184 
10
748 529 750 751 181 180 179 635 178 177 
2
749 753 
1
750 
7
751 181 180 179 635 178 177 
1
752 
1
753 
1
754 
8
755 197 195 196 668 670 672 198 
1
756 
17
757 758 763 543 54 759 535 727 542 725 454 453 609 756 733 633 452 
1
758 
12
759 535 727 542 725 454 453 609 756 733 633 452 
1
760 
3
761 752 760 
64
762 55 694 761 760 765 749 753 537 754 747 183 182 56 722 57 536 770 616 582 646 176 748 529 750 751 181 180 179 635 178 177 170 173 174 172 171 615 175 169 560 162 571 63 570 164 163 532 612 61 62 166 165 167 720 60 59 579 580 576 168 721 719 58 
3
763 543 54 
3
764 53 766 
9
765 749 753 537 754 747 183 182 184 
1
766 
11
767 134 88 89 133 91 131 132 90 86 87 
2
768 75 
5
769 768 75 148 76 
1
770 
2
771 333 
5
772 350 430 349 431 
8
773 429 351 772 350 430 349 431 
2
774 690 
13
775 526 517 516 515 524 523 521 522 520 519 518 525 
25
776 22 497 21 778 500 20 501 19 498 499 550 26 24 25 23 777 496 495 494 696 493 695 492 27 
2
777 496 
7
778 500 20 501 19 498 499 
3
779 502 18 
3
780 124 97 
48
781 295 296 649 665 294 197 196 670 198 685 194 686 569 289 287 555 290 669 200 201 292 664 199 755 668 672 586 297 553 302 299 298 301 300 575 207 285 205 206 288 204 286 203 202 293 674 291 
43
782 742 345 344 654 740 651 436 438 437 645 342 343 593 441 772 430 431 348 346 434 433 652 435 653 564 734 340 341 737 339 337 338 352 428 773 429 351 350 349 743 432 347 
