15
9 449 611 501 620 653 97 597 639 667 228 522 661 557 397 
676
1
0 
1
1 
7
2 3 492 1 493 0 491 
1
3 
1
4 
1
5 
1
6 
1
7 
1
8 
50
9 479 478 477 10 476 11 12 563 483 5 481 482 607 480 7 8 6 484 533 490 4 486 489 485 2 3 492 1 493 0 491 487 488 537 15 14 13 475 507 16 17 600 472 18 469 471 470 474 473 
1
10 
1
11 
1
12 
1
13 
1
14 
3
15 14 13 
2
16 17 
1
17 
1
18 
1
19 
1
20 
2
21 20 
1
22 
1
23 
1
24 
1
25 
2
26 25 
1
27 
1
28 
2
29 30 
1
30 
1
31 
1
32 
1
33 
1
34 
1
35 
1
36 
1
37 
3
38 662 39 
1
39 
1
40 
9
41 446 671 447 42 675 43 672 445 
1
42 
1
43 
1
44 
1
45 
1
46 
1
47 
4
48 654 47 49 
1
49 
1
50 
1
51 
6
52 579 60 648 61 62 
1
53 
1
54 
2
55 56 
1
56 
5
57 55 56 54 58 
1
58 
1
59 
1
60 
1
61 
1
62 
1
63 
1
64 
1
65 
1
66 
1
67 
1
68 
1
69 
1
70 
1
71 
1
72 
1
73 
1
74 
1
75 
1
76 
1
77 
1
78 
1
79 
1
80 
1
81 
1
82 
1
83 
1
84 
2
85 84 
1
86 
1
87 
1
88 
1
89 
1
90 
4
91 157 92 156 
2
92 156 
2
93 155 
2
94 154 
4
95 153 94 154 
26
96 152 95 153 94 154 93 155 91 157 92 156 505 162 86 87 161 158 90 89 159 524 88 160 85 84 
28
97 98 151 99 150 149 599 146 102 101 147 100 148 96 152 95 153 94 154 93 155 91 157 92 156 158 90 89 
1
98 
3
99 150 149 
2
100 148 
1
101 
1
102 
1
103 
1
104 
1
105 
1
106 
1
107 
1
108 
1
109 
1
110 
1
111 
2
112 110 
2
113 135 
21
114 134 115 133 132 116 131 121 130 117 119 120 118 122 129 123 128 124 127 125 126 
5
115 133 132 116 131 
2
116 131 
1
117 
1
118 
3
119 120 118 
1
120 
6
121 130 117 119 120 118 
8
122 129 123 128 124 127 125 126 
6
123 128 124 127 125 126 
4
124 127 125 126 
2
125 126 
1
126 
1
127 
1
128 
1
129 
1
130 
1
131 
1
132 
1
133 
1
134 
1
135 
1
136 
2
137 136 
1
138 
1
139 
1
140 
1
141 
1
142 
2
143 144 
1
144 
1
145 
1
146 
1
147 
1
148 
1
149 
1
150 
1
151 
1
152 
1
153 
1
154 
1
155 
1
156 
1
157 
7
158 90 89 159 524 88 160 
1
159 
1
160 
1
161 
1
162 
1
163 
1
164 
1
165 
2
166 165 
3
167 166 165 
1
168 
1
169 
1
170 
1
171 
1
172 
1
173 
1
174 
1
175 
1
176 
3
177 178 176 
1
178 
1
179 
3
180 181 182 
1
181 
1
182 
1
183 
1
184 
1
185 
2
186 185 
38
187 520 513 548 205 184 549 195 539 201 642 530 528 532 183 531 179 175 180 181 182 197 196 199 200 198 177 178 176 188 189 190 191 192 193 543 514 194 
9
188 189 190 191 192 193 543 514 194 
5
189 190 191 192 193 
1
190 
3
191 192 193 
1
192 
1
193 
1
194 
1
195 
1
196 
5
197 196 199 200 198 
1
198 
3
199 200 198 
1
200 
1
201 
3
202 204 203 
1
203 
1
204 
1
205 
1
206 
1
207 
1
208 
1
209 
1
210 
1
211 
1
212 
3
213 215 214 
1
214 
2
215 214 
1
216 
1
217 
1
218 
1
219 
1
220 
1
221 
1
222 
1
223 
5
224 289 223 288 225 
1
225 
1
226 
2
227 286 
27
228 285 227 286 287 226 224 289 223 288 225 229 284 230 282 283 280 232 281 231 279 234 233 235 278 277 290 
27
229 284 230 282 283 280 232 281 231 279 234 233 552 237 275 236 276 235 278 277 545 239 273 274 238 272 240 
3
230 282 283 
1
231 
1
232 
1
233 
1
234 
3
235 278 277 
1
236 
1
237 
1
238 
1
239 
1
240 
1
241 
1
242 
1
243 
3
244 243 242 
5
245 244 243 242 267 
10
246 266 247 265 248 245 244 243 242 267 
1
247 
1
248 
1
249 
1
250 
8
251 258 252 257 253 256 254 255 
6
252 257 253 256 254 255 
4
253 256 254 255 
2
254 255 
1
255 
1
256 
1
257 
1
258 
16
259 250 264 249 260 262 261 263 251 258 252 257 253 256 254 255 
4
260 262 261 263 
1
261 
1
262 
1
263 
2
264 249 
2
265 248 
1
266 
1
267 
2
268 270 
1
269 
1
270 
1
271 
1
272 
1
273 
1
274 
1
275 
1
276 
1
277 
1
278 
3
279 234 233 
4
280 232 281 231 
2
281 231 
1
282 
1
283 
1
284 
1
285 
1
286 
2
287 226 
2
288 225 
1
289 
1
290 
1
291 
2
292 291 
1
293 
1
294 
1
295 
1
296 
1
297 
1
298 
1
299 
1
300 
1
301 
1
302 
1
303 
1
304 
1
305 
1
306 
1
307 
1
308 
1
309 
1
310 
1
311 
2
312 311 
1
313 
1
314 
1
315 
1
316 
1
317 
1
318 
1
319 
1
320 
1
321 
2
322 321 
1
323 
2
324 325 
1
325 
7
326 323 324 325 322 321 327 
1
327 
1
328 
2
329 330 
1
330 
1
331 
1
332 
2
333 334 
1
334 
1
335 
1
336 
1
337 
1
338 
1
339 
3
340 339 341 
1
341 
1
342 
1
343 
1
344 
1
345 
2
346 345 
1
347 
1
348 
1
349 
1
350 
2
351 352 
1
352 
1
353 
1
354 
1
355 
1
356 
1
357 
1
358 
1
359 
2
360 361 
1
361 
1
362 
1
363 
1
364 
1
365 
3
366 367 365 
1
367 
15
368 529 364 398 404 523 363 366 367 365 403 402 400 399 401 
1
369 
2
370 396 
1
371 
1
372 
1
373 
1
374 
1
375 
1
376 
1
377 
1
378 
5
379 378 382 381 380 
1
380 
1
381 
1
382 
1
383 
1
384 
1
385 
1
386 
4
387 385 386 384 
1
388 
1
389 
1
390 
1
391 
1
392 
1
393 
1
394 
15
395 371 394 372 651 373 393 601 390 375 391 392 374 376 389 
1
396 
45
397 369 370 396 395 371 394 372 651 373 393 601 390 375 391 392 374 376 389 556 377 383 388 387 385 386 384 379 378 382 381 380 368 529 364 398 523 366 367 365 403 402 400 399 401 
1
398 
1
399 
3
400 399 401 
1
401 
4
402 400 399 401 
5
403 402 400 399 401 
3
404 523 363 
1
405 
1
406 
1
407 
1
408 
2
409 408 
1
410 
1
411 
1
412 
1
413 
1
414 
1
415 
2
416 415 
1
417 
1
418 
1
419 
1
420 
2
421 420 
2
422 423 
1
423 
1
424 
1
425 
2
426 425 
1
427 
1
428 
2
429 428 
1
430 
1
431 
1
432 
11
433 432 510 434 332 658 335 659 431 333 334 
1
434 
1
435 
1
436 
2
437 610 
1
438 
1
439 
2
440 441 
1
441 
1
442 
4
443 668 44 444 
1
444 
1
445 
3
446 671 447 
1
447 
1
448 
56
449 38 662 39 674 40 673 448 664 451 663 37 450 560 455 33 453 454 34 515 35 452 36 32 456 540 461 462 26 25 506 463 24 23 27 559 457 31 29 30 516 28 460 458 459 536 22 465 464 21 20 466 547 19 467 468 
1
450 
1
451 
1
452 
2
453 454 
1
454 
1
455 
1
456 
1
457 
2
458 459 
1
459 
1
460 
1
461 
1
462 
1
463 
1
464 
1
465 
1
466 
1
467 
1
468 
3
469 471 470 
1
470 
2
471 470 
1
472 
1
473 
2
474 473 
1
475 
3
476 11 12 
2
477 10 
1
478 
2
479 478 
1
480 
2
481 482 
1
482 
1
483 
1
484 
1
485 
3
486 489 485 
2
487 488 
1
488 
1
489 
1
490 
1
491 
5
492 1 493 0 491 
1
493 
1
494 
1
495 
4
496 589 72 73 
1
497 
1
498 
1
499 
1
500 
50
572 566 541 564 314 571 574 499 591 580 596 308 496 589 72 73 592 585 595 542 309 584 586 71 581 593 550 313 512 551 519 312 311 310 511 588 69 70 583 576 590 645 67 66 68 565 494 567 316 315 
4
502 666 633 210 
1
503 
1
504 
14
505 162 86 87 161 158 90 89 159 524 88 160 85 84 
4
506 463 24 23 
3
507 16 17 
33
508 414 351 352 353 413 555 412 354 538 417 349 350 416 415 554 357 410 356 411 355 409 408 358 553 407 359 546 405 362 360 361 406 
5
509 419 347 418 348 
1
510 
11
511 588 69 70 583 576 590 645 67 66 68 
1
512 
1
513 
2
514 194 
4
515 35 452 36 
5
516 28 460 458 459 
4
517 218 294 295 
18
518 613 643 76 77 621 622 303 304 644 78 615 624 619 616 628 301 302 
3
519 312 311 
1
520 
8
521 138 137 136 113 135 112 110 
44
522 241 271 268 270 269 246 266 247 265 248 245 244 243 242 267 259 250 264 249 260 262 261 263 251 258 252 257 253 256 254 255 552 237 275 236 276 545 239 273 274 238 272 240 
2
523 363 
3
524 88 160 
1
525 
4
526 525 296 217 
2
527 216 
3
528 532 183 
2
529 364 
1
530 
3
531 179 175 
1
532 
15
533 490 4 486 489 485 2 3 492 1 493 0 491 487 488 
2
534 164 
2
535 163 
11
536 22 465 464 21 20 466 547 19 467 468 
16
537 15 14 13 475 507 16 17 600 472 18 469 471 470 474 473 
6
538 417 349 350 416 415 
2
539 201 
31
540 461 462 26 25 506 463 24 23 27 559 457 31 29 30 516 28 460 458 459 536 22 465 464 21 20 466 547 19 467 468 
4
541 564 314 571 
1
542 
3
543 514 194 
5
544 108 140 139 109 
7
545 239 273 274 238 272 240 
6
546 405 362 360 361 406 
4
547 19 467 468 
2
548 205 
4
549 195 539 201 
3
550 313 512 
5
551 519 312 311 310 
15
552 237 275 236 276 235 278 277 545 239 273 274 238 272 240 
3
553 407 359 
18
554 357 410 356 411 355 409 408 358 553 407 359 546 405 362 360 361 406 
3
555 412 354 
13
556 377 383 388 387 385 386 384 379 378 382 381 380 
59
557 344 343 422 423 421 420 346 345 509 419 347 418 348 602 426 425 340 341 604 424 603 342 508 414 351 352 353 413 555 412 354 538 417 349 350 416 415 554 357 410 356 411 355 409 408 358 553 407 359 427 404 546 405 362 360 361 406 363 
1
558 
10
559 457 31 29 30 516 28 460 458 459 
12
560 455 33 453 454 34 515 35 452 36 32 456 
18
561 220 221 292 291 562 222 290 219 293 517 218 294 295 526 525 296 217 
3
562 222 290 
11
563 483 5 481 482 607 480 7 8 6 484 
1
564 
6
565 494 567 316 317 315 
1
566 
4
567 316 317 315 
1
568 
4
569 318 319 568 
26
570 320 328 608 569 318 319 568 609 436 558 573 577 565 494 567 316 317 315 326 323 324 325 322 321 327 
1
571 
2
572 566 
8
573 577 565 494 567 316 317 315 
5
574 499 591 65 580 
5
575 647 646 649 63 
6
576 590 645 67 66 68 
1
577 
8
578 650 52 579 60 648 61 62 
5
579 60 648 61 62 
1
580 
21
581 593 550 313 512 551 519 312 311 310 511 588 69 70 583 576 590 645 67 66 68 
8
582 53 59 57 55 56 54 58 
1
583 
1
584 
1
585 
2
586 71 
3
587 74 75 
3
588 69 70 
3
589 72 73 
5
590 645 67 66 68 
2
591 65 
8
592 585 595 542 309 584 586 71 
9
593 550 313 512 551 519 312 311 310 
4
594 596 308 307 
3
595 542 309 
3
596 308 307 
47
597 106 142 105 107 141 544 108 140 139 109 521 138 137 136 113 135 112 110 111 114 134 115 133 132 116 131 121 130 117 119 120 118 122 129 123 128 124 127 125 126 598 104 103 145 143 144 
6
598 104 103 145 143 144 
7
599 146 102 101 147 100 148 
8
600 472 18 469 471 470 474 473 
8
601 390 375 391 392 374 376 389 
10
602 426 425 340 339 341 604 424 603 342 
2
603 342 
4
604 424 603 342 
6
605 606 331 435 329 330 
1
606 
5
607 480 7 8 6 
5
608 569 318 319 568 
3
609 436 558 
1
610 
58
611 438 575 647 646 649 63 64 578 650 52 579 60 648 61 62 582 53 59 57 55 56 54 58 669 442 670 46 45 443 668 44 444 440 441 41 446 671 447 42 675 43 672 445 656 655 439 50 48 654 47 49 504 51 501 437 610 65 
4
612 587 74 75 
1
613 
45
614 594 596 308 307 623 305 306 612 587 74 75 496 589 72 73 592 585 595 542 309 584 586 71 581 593 550 313 512 551 519 312 311 310 511 588 69 70 583 576 590 645 67 66 68 
2
615 624 
1
616 
2
617 625 
2
618 627 
5
619 616 628 301 302 
53
620 500 618 627 502 666 503 638 626 630 518 613 643 76 77 621 622 303 304 644 78 615 624 619 616 628 301 302 640 80 617 625 79 629 495 635 636 652 82 81 637 614 594 307 623 305 306 612 587 74 75 631 169 
4
621 622 303 304 
3
622 303 304 
3
623 305 306 
1
624 
1
625 
2
626 630 
1
627 
3
628 301 302 
3
629 495 170 
1
630 
6
631 503 638 171 626 630 
4
632 208 172 209 
2
633 210 
4
634 211 665 212 
7
635 636 652 82 81 637 169 
1
636 
2
637 169 
1
638 
56
639 207 173 206 641 174 187 520 513 548 205 184 549 195 539 201 642 530 528 532 183 531 179 175 180 181 182 197 196 199 200 198 177 178 176 188 189 190 191 192 193 543 514 194 202 204 203 186 185 171 632 208 172 209 210 170 
15
640 80 617 625 79 629 495 170 635 636 652 82 81 637 169 
2
641 174 
11
642 530 528 532 183 531 179 175 180 181 182 
3
643 76 77 
9
644 78 615 624 619 616 628 301 302 
4
645 67 66 68 
3
646 649 63 
1
647 
3
648 61 62 
2
649 63 
1
650 
3
651 373 393 
3
652 82 81 
22
653 83 497 534 164 168 535 163 167 166 165 505 162 86 87 161 159 524 88 160 85 84 
1
654 
1
655 
10
656 655 439 50 48 654 47 49 504 51 
3
657 430 336 
6
658 335 659 431 333 334 
1
659 
3
660 338 337 
48
429 338 337 657 430 336 433 432 510 434 332 658 335 659 431 333 334 605 606 331 435 329 330 570 328 608 609 436 558 326 323 324 325 322 321 327 320 569 318 319 568 573 577 317 428 660 339 661 
1
662 
2
663 37 
5
664 451 663 37 450 
1
665 
1
666 
33
667 298 297 498 527 216 634 211 665 212 561 220 221 292 291 562 222 219 293 517 218 294 295 526 525 296 217 299 213 215 214 300 633 
2
668 44 
30
669 442 670 46 45 443 668 44 444 440 441 41 446 671 447 42 675 43 672 445 656 655 439 50 48 654 47 49 504 51 
3
670 46 45 
1
671 
2
672 445 
2
673 448 
4
674 40 673 448 
4
675 43 672 445 
