15
487 604 607 578 588 543 477 597 183 239 210 484 474 319 363 
628
1
0 
2
1 0 
1
2 
1
3 
1
4 
1
5 
1
6 
1
7 
1
8 
2
9 10 
1
10 
1
11 
1
12 
1
13 
1
14 
1
15 
1
16 
1
17 
1
18 
2
19 18 
1
20 
1
21 
1
22 
2
23 24 
1
24 
1
25 
1
26 
1
27 
1
28 
1
29 
2
30 31 
1
31 
1
32 
1
33 
1
34 
1
35 
2
36 35 
1
37 
1
38 
1
39 
1
40 
2
41 40 
1
42 
1
43 
1
44 
1
45 
1
46 
1
47 
1
48 
1
49 
1
50 
1
51 
1
52 
1
53 
1
54 
1
55 
2
56 57 
1
57 
1
58 
1
59 
1
60 
1
61 
1
62 
1
63 
1
64 
2
65 64 
1
66 
1
67 
1
68 
2
69 70 
1
70 
1
71 
1
72 
1
73 
2
74 75 
1
75 
1
76 
1
77 
1
78 
2
79 80 
1
80 
1
81 
1
82 
1
83 
1
84 
1
85 
1
86 
1
87 
1
88 
2
89 90 
1
90 
1
91 
1
92 
1
93 
3
94 96 95 
1
95 
1
96 
1
97 
1
98 
5
99 101 100 102 98 
1
100 
1
101 
1
102 
1
103 
1
104 
1
105 
3
106 105 107 
1
107 
1
108 
1
109 
1
110 
1
111 
2
112 111 
1
113 
1
114 
1
115 
2
116 117 
1
117 
1
118 
1
119 
1
120 
2
121 122 
1
122 
1
123 
1
124 
1
125 
1
126 
2
127 126 
1
128 
1
129 
1
130 
2
131 132 
1
132 
1
133 
1
134 
1
135 
1
136 
1
137 
1
138 
1
139 
1
140 
1
141 
1
142 
1
143 
1
144 
1
145 
1
146 
1
147 
1
148 
1
149 
1
150 
2
151 150 
6
152 153 154 149 151 150 
2
153 154 
1
154 
1
155 
1
156 
1
157 
1
158 
1
159 
1
160 
1
161 
1
162 
1
163 
1
164 
1
165 
2
166 165 
1
167 
1
168 
1
169 
1
170 
1
171 
1
172 
1
173 
1
174 
1
175 
1
176 
2
177 176 
1
178 
1
179 
1
180 
2
181 245 
2
182 244 
38
183 243 182 244 596 179 247 180 246 181 245 248 594 249 178 472 177 176 595 250 252 251 501 254 253 601 175 174 597 599 173 172 170 171 256 255 184 242 
2
184 242 
4
185 241 184 242 
2
186 240 
1
187 
1
188 
2
189 237 
2
190 236 
2
191 235 
2
192 234 
4
193 233 192 234 
6
194 232 193 233 192 234 
1
195 
1
196 
15
197 229 228 198 227 199 226 200 201 224 225 202 203 222 223 
1
198 
1
199 
2
200 201 
1
201 
1
202 
3
203 222 223 
2
204 221 
2
205 220 
1
206 
3
207 209 208 
1
208 
1
209 
29
210 206 205 220 204 221 207 209 208 211 218 219 217 212 216 213 215 214 199 226 200 201 224 225 202 203 222 223 227 
9
211 218 219 217 212 216 213 215 214 
1
212 
1
213 
1
214 
2
215 214 
4
216 213 215 214 
6
217 212 216 213 215 214 
1
218 
1
219 
1
220 
1
221 
1
222 
1
223 
2
224 225 
1
225 
6
226 200 201 224 225 202 
2
227 199 
1
228 
1
229 
25
230 196 231 195 194 232 193 233 192 234 197 229 228 198 227 199 226 200 201 224 225 202 203 222 223 
2
231 195 
1
232 
1
233 
1
234 
1
235 
1
236 
1
237 
8
238 188 189 237 190 236 191 235 
28
239 187 186 240 185 241 238 188 189 237 190 236 191 235 230 196 231 195 194 232 193 233 192 234 197 229 228 198 
1
240 
1
241 
1
242 
1
243 
1
244 
1
245 
1
246 
1
247 
1
248 
1
249 
1
250 
1
251 
1
252 
1
253 
1
254 
1
255 
1
256 
3
257 258 259 
2
258 259 
1
259 
1
260 
1
261 
1
262 
4
263 266 262 261 
2
264 265 
1
265 
1
266 
1
267 
1
268 
1
269 
2
270 269 
4
271 268 270 269 
1
272 
1
273 
3
274 276 275 
1
275 
1
276 
2
277 278 
1
278 
1
279 
1
280 
1
281 
5
282 281 283 280 284 
1
283 
1
284 
1
285 
1
286 
1
287 
8
288 291 287 292 285 289 290 286 
2
289 290 
1
290 
1
291 
1
292 
1
293 
1
294 
1
295 
2
296 295 
1
297 
1
298 
5
299 491 554 381 490 
1
300 
1
301 
2
302 303 
1
303 
1
304 
1
305 
1
306 
1
307 
1
308 
1
309 
1
310 
1
311 
1
312 
1
313 
1
314 
1
315 
1
316 
1
317 
1
318 
31
319 364 365 507 366 317 318 505 313 370 314 369 371 504 311 372 312 506 368 315 316 367 363 320 321 511 322 361 362 360 323 
1
320 
1
321 
1
322 
1
323 
1
324 
1
325 
1
326 
1
327 
1
328 
2
329 330 
1
330 
1
331 
1
332 
1
333 
1
334 
1
335 
1
336 
7
337 343 342 338 341 339 340 
1
338 
1
339 
1
340 
3
341 339 340 
5
342 338 341 339 340 
1
343 
13
344 348 336 345 347 346 337 343 342 338 341 339 340 
3
345 347 346 
1
346 
1
347 
1
348 
2
349 335 
4
350 334 349 335 
7
351 333 350 334 349 335 332 
16
352 353 331 329 330 483 355 354 328 351 333 350 334 349 335 332 
1
353 
1
354 
2
355 354 
1
356 
1
357 
1
358 
1
359 
1
360 
1
361 
1
362 
39
509 357 326 356 327 325 358 352 353 331 329 330 483 355 354 328 351 333 350 334 349 335 332 344 348 336 345 347 346 337 343 342 338 341 339 340 510 324 359 
1
364 
1
365 
1
366 
1
367 
1
368 
1
369 
1
370 
1
371 
1
372 
1
373 
1
374 
1
375 
1
376 
1
377 
1
378 
1
379 
1
380 
1
381 
1
382 
1
383 
1
384 
1
385 
1
386 
1
387 
1
388 
2
389 388 
1
390 
1
391 
1
392 
1
393 
2
394 393 
3
395 394 393 
1
396 
1
397 
1
398 
1
399 
1
400 
1
401 
2
402 401 
1
403 
2
404 403 
5
405 402 401 404 403 
1
406 
1
407 
1
408 
1
409 
1
410 
1
411 
1
412 
1
413 
1
414 
1
415 
1
416 
1
417 
1
418 
2
419 418 
1
420 
1
421 
1
422 
1
423 
2
424 423 
1
425 
1
426 
1
427 
1
428 
1
429 
1
430 
2
431 430 
1
432 
1
433 
1
434 
1
435 
2
436 435 
1
437 
1
438 
1
439 
2
440 441 
1
441 
1
442 
1
443 
1
444 
1
445 
2
446 445 
1
447 
1
448 
1
449 
1
450 
1
451 
2
452 455 
2
453 454 
1
454 
1
455 
1
456 
6
457 458 1 0 2 456 
3
458 1 0 
1
459 
1
460 
1
461 
1
462 
5
463 548 162 163 161 
1
464 
1
465 
3
466 522 460 
2
467 520 
5
468 553 383 382 519 
2
469 598 
7
470 123 73 124 72 121 122 
1
471 
10
472 177 176 595 250 252 251 501 254 253 
29
473 58 56 57 139 593 137 136 138 59 619 55 620 140 141 54 53 621 142 143 608 144 52 609 51 610 145 146 50 
36
474 305 377 476 304 302 303 301 498 556 379 380 378 300 299 491 554 381 490 383 382 385 384 298 386 310 373 503 374 309 375 308 502 376 307 306 
16
475 420 34 421 33 602 32 422 30 31 424 423 36 35 419 418 
11
476 304 302 303 301 498 556 379 380 378 300 
38
477 97 93 103 94 96 95 99 101 100 102 98 570 83 113 82 114 112 111 84 571 110 85 109 86 591 87 88 108 106 105 107 492 91 104 92 89 90 
1
478 
1
479 
1
480 
2
481 486 
10
482 481 486 272 495 267 263 266 262 261 
4
483 355 354 328 
56
484 480 496 293 497 479 508 279 485 277 278 273 493 260 478 499 294 482 481 486 272 495 267 263 266 262 261 282 281 283 280 284 271 268 270 269 274 276 275 288 291 287 292 285 289 290 286 264 265 494 296 295 257 258 259 297 
4
485 277 278 273 
1
486 
39
487 3 451 452 455 457 458 1 0 2 456 453 454 614 442 13 440 441 14 443 12 615 11 444 9 10 513 447 7 446 445 8 512 5 449 448 6 4 450 
14
488 71 125 69 70 127 126 470 123 73 124 72 121 122 
3
489 166 165 
1
490 
4
491 554 381 490 
6
492 91 104 92 89 90 
5
493 260 478 499 294 
13
494 296 295 257 258 259 297 533 535 256 534 525 298 
2
495 267 
1
496 
4
497 479 508 279 
1
498 
2
499 294 
5
500 120 76 74 75 
3
501 254 253 
4
502 376 307 306 
9
503 374 309 375 308 502 376 307 306 
6
504 311 372 310 373 312 
26
505 313 370 314 369 371 504 311 372 310 373 312 506 368 315 316 367 503 374 309 375 308 502 376 307 306 
5
506 368 315 316 367 
4
507 366 317 318 
1
508 
7
509 357 326 356 327 325 358 
3
510 324 359 
6
511 322 361 362 360 323 
7
512 5 449 448 6 4 450 
13
513 447 7 446 445 8 512 5 449 448 6 4 450 
21
514 68 128 67 129 544 66 130 65 64 592 60 61 135 134 62 572 133 63 131 132 
16
515 168 471 528 167 530 545 558 387 386 536 541 389 388 557 464 
5
516 517 170 169 171 
4
517 170 169 171 
1
518 
1
519 
1
520 
1
521 
1
522 
1
523 
1
524 
1
525 
1
526 
38
527 529 516 517 170 169 171 552 555 385 384 515 168 471 528 167 530 545 558 387 386 536 541 389 388 557 464 537 390 531 540 518 547 549 164 489 166 165 
1
528 
1
529 
2
530 545 
1
531 
1
532 
6
533 535 256 534 525 298 
2
534 525 
1
535 
2
536 541 
11
537 390 531 540 518 547 549 164 489 166 165 
8
538 465 542 392 391 395 394 393 
1
539 
2
540 518 
1
541 
6
542 392 391 395 394 393 
57
543 78 118 116 117 77 119 500 120 76 74 75 488 71 125 69 70 127 126 470 123 73 124 72 121 122 514 68 128 67 129 544 66 130 65 64 592 60 61 135 134 62 572 133 63 131 132 58 593 137 136 59 569 115 79 80 81 
5
544 66 130 65 64 
1
545 
7
546 459 463 548 162 163 161 
6
547 549 164 489 166 165 
4
548 162 163 161 
2
549 164 
4
550 532 521 255 
6
551 467 520 466 522 460 
4
552 555 385 384 
2
553 383 
2
554 381 
3
555 385 384 
4
556 379 380 378 
2
557 464 
9
558 387 386 536 541 389 388 557 464 
3
559 396 539 
7
560 461 561 397 564 399 398 
2
561 397 
5
562 567 565 400 406 
2
563 566 
3
564 399 398 
3
565 400 406 
1
566 
1
567 
1
568 
5
569 115 81 79 80 
31
570 83 113 82 114 569 115 81 79 80 112 111 84 571 110 85 109 86 591 87 88 108 106 105 107 492 91 104 92 89 90 
5
571 110 85 109 86 
5
572 133 63 131 132 
6
573 576 568 559 396 539 
16
574 563 566 47 562 567 565 400 406 560 461 561 397 564 399 398 
15
575 583 589 156 586 155 157 584 148 152 153 154 149 151 150 
1
576 
1
577 
47
568 559 539 579 590 582 160 580 546 459 463 548 162 163 161 538 465 542 392 391 395 394 393 515 168 471 528 167 530 545 558 387 389 388 557 464 537 390 531 540 518 547 549 164 489 166 165 
20
579 590 582 160 580 546 459 463 548 162 163 161 538 465 542 392 391 395 394 393 
1
580 
4
581 158 159 462 
3
582 160 580 
1
583 
2
584 148 
3
585 587 147 
2
586 155 
2
587 147 
49
588 49 585 587 147 575 583 589 156 586 155 157 584 148 152 153 154 149 151 150 473 56 57 139 619 55 620 140 141 54 53 621 142 143 608 144 52 609 51 610 145 146 50 138 577 581 158 159 462 
7
589 156 586 155 157 584 148 
1
590 
13
591 87 88 108 106 105 107 492 91 104 92 89 90 
11
592 60 61 135 134 62 572 133 63 131 132 
4
593 137 136 138 
3
594 249 178 
3
595 250 252 
8
596 179 247 180 246 181 245 248 
31
469 598 532 521 551 467 520 466 522 460 600 526 523 524 468 553 519 527 529 516 517 169 552 555 536 541 533 535 534 525 550 
1
598 
2
599 173 
10
600 172 526 523 524 468 553 383 382 519 
3
601 175 174 
7
602 32 422 30 31 424 423 
3
603 425 29 
57
604 27 427 426 28 603 425 29 475 420 34 421 33 602 32 422 30 31 424 423 36 35 419 606 432 22 433 21 431 430 611 20 434 436 435 19 18 605 25 429 23 24 26 428 613 15 439 438 16 612 437 17 607 37 417 38 418 
7
605 25 429 23 24 26 428 
55
606 432 22 433 21 431 430 611 20 434 436 435 19 18 605 25 429 23 24 26 428 613 15 439 438 16 612 437 17 614 442 13 440 441 14 443 12 615 11 444 9 10 513 447 7 446 445 8 512 5 449 448 6 4 450 
53
617 618 39 416 616 414 415 413 627 410 409 622 44 43 45 624 412 623 42 41 40 411 625 46 626 408 407 578 48 573 574 563 566 47 562 567 565 400 406 461 397 564 399 398 405 402 401 404 403 576 396 560 561 
3
608 144 52 
6
609 51 610 145 146 50 
2
610 145 
7
611 20 434 436 435 19 18 
3
612 437 17 
8
613 15 439 438 16 612 437 17 
26
614 442 13 440 441 14 443 12 615 11 444 9 10 513 447 7 446 445 8 512 5 449 448 6 4 450 
5
615 11 444 9 10 
4
616 414 415 413 
8
617 618 39 416 616 414 415 413 
1
618 
13
619 55 620 140 141 54 53 621 142 143 608 144 52 
3
620 140 141 
3
621 142 143 
4
622 44 43 45 
2
623 42 
7
624 412 623 42 41 40 411 
5
625 46 626 408 407 
2
626 408 
14
627 410 409 622 44 43 45 624 412 623 42 41 40 411 
