15
481 648 39 516 695 691 584 700 703 624 490 710 721 722 723 
724
1
0 
2
1 0 
1
2 
1
3 
1
4 
1
5 
1
6 
1
7 
1
8 
1
9 
1
10 
1
11 
1
12 
1
13 
1
14 
2
15 16 
1
16 
1
17 
1
18 
1
19 
2
20 21 
1
21 
1
22 
1
23 
2
24 25 
1
25 
1
26 
1
27 
4
28 651 564 27 
1
29 
2
30 31 
1
31 
1
32 
1
33 
2
34 33 
1
35 
1
36 
1
37 
1
38 
56
39 534 533 646 494 493 394 530 553 642 400 478 396 395 554 471 532 462 508 548 393 470 392 399 397 398 504 38 633 645 405 487 35 649 410 409 503 541 37 36 655 408 407 406 488 463 643 403 404 531 644 402 401 391 555 637 
1
40 
1
41 
1
42 
1
43 
1
44 
1
45 
1
46 
1
47 
1
48 
1
49 
1
50 
1
51 
2
52 53 
1
53 
1
54 
1
55 
1
56 
1
57 
1
58 
1
59 
2
60 59 
1
61 
3
62 687 101 
1
63 
1
64 
2
65 64 
1
66 
1
67 
2
68 67 
1
69 
1
70 
2
71 70 
1
72 
1
73 
1
74 
1
75 
6
76 80 77 79 78 81 
3
77 79 78 
1
78 
2
79 78 
1
80 
1
81 
1
82 
4
83 86 85 84 
1
84 
1
85 
1
86 
14
87 83 86 85 84 681 75 82 76 80 77 79 78 81 
1
88 
1
89 
1
90 
1
91 
1
92 
1
93 
2
94 95 
1
95 
1
96 
1
97 
1
98 
1
99 
1
100 
1
101 
2
102 103 
1
103 
1
104 
2
105 106 
1
106 
1
107 
1
108 
1
109 
1
110 
1
111 
1
112 
1
113 
1
114 
1
115 
1
116 
1
117 
1
118 
1
119 
1
120 
1
121 
2
122 121 
1
123 
2
124 123 
1
125 
1
126 
1
127 
1
128 
1
129 
2
130 129 
4
131 132 130 129 
1
132 
1
133 
2
134 135 
1
135 
1
136 
1
137 
1
138 
1
139 
1
140 
1
141 
1
142 
2
143 142 
1
144 
1
145 
1
146 
1
147 
1
148 
1
149 
1
150 
1
151 
1
152 
1
153 
2
154 153 
1
155 
1
156 
1
157 
2
158 157 
5
159 161 160 158 157 
1
160 
1
161 
1
162 
1
163 
1
164 
2
165 166 
1
166 
1
167 
2
168 169 
1
169 
1
170 
1
171 
1
172 
1
173 
1
174 
1
175 
1
176 
4
177 207 178 206 
2
178 206 
10
179 205 208 176 175 209 177 207 178 206 
4
180 204 203 181 
1
181 
1
182 
8
183 201 202 182 180 204 203 181 
4
184 200 185 199 
2
185 199 
1
186 
11
187 197 196 188 195 194 189 193 191 192 190 
8
188 195 194 189 193 191 192 190 
1
189 
1
190 
1
191 
1
192 
4
193 191 192 190 
6
194 189 193 191 192 190 
1
195 
1
196 
1
197 
25
198 186 184 200 185 199 183 201 202 182 180 204 203 181 187 197 196 188 195 194 189 193 191 192 190 
1
199 
1
200 
1
201 
2
202 182 
2
203 181 
1
204 
1
205 
1
206 
1
207 
8
208 176 175 209 177 207 178 206 
1
209 
1
210 
1
211 
1
212 
1
213 
1
214 
1
215 
2
216 217 
1
217 
1
218 
1
219 
1
220 
1
221 
2
222 223 
1
223 
1
224 
1
225 
2
226 225 
1
227 
1
228 
1
229 
1
230 
1
231 
1
232 
2
233 232 
1
234 
1
235 
1
236 
1
237 
7
238 507 542 625 289 476 543 
1
239 
1
240 
1
241 
1
242 
1
243 
1
244 
1
245 
2
246 245 
6
247 248 250 249 246 245 
1
248 
1
249 
2
250 249 
1
251 
1
252 
1
253 
1
254 
2
255 256 
1
256 
1
257 
1
258 
1
259 
1
260 
3
261 263 262 
1
262 
2
263 262 
1
264 
2
265 264 
1
266 
2
267 266 
1
268 
1
269 
1
270 
2
271 272 
1
272 
1
273 
1
274 
2
275 274 
7
276 278 609 281 279 280 277 
1
277 
1
278 
2
279 280 
1
280 
1
281 
2
282 283 
1
283 
1
284 
1
285 
1
286 
3
287 286 619 
1
288 
1
289 
1
290 
1
291 
1
292 
1
293 
1
294 
1
295 
1
296 
2
297 296 
1
298 
1
299 
1
300 
1
301 
2
302 303 
1
303 
1
304 
1
305 
1
306 
2
307 306 
1
308 
1
309 
1
310 
1
311 
1
312 
2
313 314 
1
314 
1
315 
1
316 
1
317 
1
318 
4
319 352 353 318 
6
320 351 322 349 321 350 
2
321 350 
4
322 349 321 350 
1
323 
1
324 
2
325 346 
1
326 
1
327 
1
328 
1
329 
1
330 
1
331 
1
332 
7
333 339 334 338 337 335 336 
5
334 338 337 335 336 
1
335 
1
336 
3
337 335 336 
1
338 
1
339 
9
340 332 333 339 334 338 337 335 336 
11
341 331 340 332 333 339 334 338 337 335 336 
2
342 330 
16
343 328 329 342 330 341 331 340 332 333 339 334 338 337 335 336 
2
344 327 
26
345 326 344 327 347 325 346 324 348 323 343 328 329 342 330 341 331 340 332 333 339 334 338 337 335 336 
1
346 
4
347 325 346 324 
2
348 323 
1
349 
1
350 
1
351 
1
352 
1
353 
1
354 
2
355 356 
1
356 
1
357 
1
358 
1
359 
1
360 
1
361 
1
362 
1
363 
1
364 
1
365 
1
366 
1
367 
4
368 367 369 370 
2
369 370 
1
370 
1
371 
1
372 
1
373 
2
374 373 
1
375 
1
376 
1
377 
1
378 
1
379 
1
380 
1
381 
2
382 383 
1
383 
1
384 
1
385 
1
386 
2
387 388 
1
388 
1
389 
1
390 
1
391 
1
392 
1
393 
1
394 
1
395 
2
396 395 
1
397 
1
398 
3
399 397 398 
1
400 
1
401 
1
402 
1
403 
1
404 
1
405 
1
406 
1
407 
1
408 
1
409 
1
410 
2
411 412 
1
412 
1
413 
1
414 
1
415 
2
416 417 
1
417 
1
418 
1
419 
1
420 
1
421 
1
422 
1
423 
1
424 
1
425 
1
426 
1
427 
1
428 
1
429 
2
430 431 
1
431 
1
432 
1
433 
1
434 
1
435 
1
436 
1
437 
1
438 
2
439 438 
1
440 
1
441 
5
442 445 444 443 441 
1
443 
2
444 443 
1
445 
1
446 
1
447 
7
448 2 449 1 0 3 447 
3
449 1 0 
33
450 612 464 616 257 255 256 615 254 662 273 607 271 272 613 614 258 259 610 270 269 465 663 260 611 268 265 264 261 263 262 267 266 
5
451 482 231 233 232 
1
452 
2
453 588 
1
454 
1
455 
1
456 
6
457 499 292 497 293 294 
1
458 
1
459 
1
460 
8
461 654 422 567 22 20 21 421 
1
462 
8
463 643 403 404 531 644 402 401 
7
464 616 257 255 256 615 254 
1
465 
4
466 570 453 588 
1
467 
3
468 640 141 
1
469 
1
470 
1
471 
1
472 
2
473 600 
6
474 544 664 290 538 569 
4
475 241 473 600 
2
476 543 
8
477 172 212 173 211 491 210 174 
3
478 396 395 
4
479 98 97 99 
1
480 
45
481 11 433 12 694 693 13 432 430 431 692 14 429 627 9 436 435 10 434 618 5 6 439 438 628 437 8 7 617 4 446 440 448 2 449 1 0 3 447 442 445 444 443 441 15 
4
482 231 233 232 
1
483 
2
484 128 
3
485 697 120 
2
486 295 
19
487 35 34 33 459 649 410 411 412 409 503 541 37 36 655 408 407 406 488 
1
488 
1
489 
46
490 371 581 458 372 705 302 303 369 370 537 378 291 377 457 499 292 497 293 294 501 486 295 376 559 298 558 297 296 560 539 299 300 562 301 561 374 373 375 647 379 665 381 380 382 383 
3
491 210 174 
8
492 170 214 215 168 169 213 171 
3
493 394 530 
4
494 493 394 530 
24
495 483 134 135 520 550 136 549 137 638 639 660 496 632 127 536 133 131 132 130 129 535 484 128 
3
496 632 127 
3
497 293 294 
2
498 557 
2
499 292 
4
500 498 557 291 
19
501 486 295 376 559 298 558 297 296 560 539 299 300 562 301 561 374 373 375 
4
502 32 30 31 
1
503 
32
504 38 633 645 405 487 35 34 33 459 649 410 411 412 409 503 541 37 36 655 408 407 406 488 463 643 403 404 531 644 402 401 
4
505 234 235 236 
3
506 237 472 
2
507 542 
5
508 548 393 470 392 
1
509 
7
510 546 389 390 387 388 586 
5
511 514 513 545 391 
4
512 635 515 637 
3
513 545 391 
1
514 
2
515 637 
53
516 509 511 514 513 545 518 521 522 641 139 140 519 517 523 138 525 590 145 552 528 572 384 469 576 579 587 547 386 385 510 546 389 387 388 586 524 456 468 640 141 526 529 527 144 143 142 512 549 137 390 574 520 
3
517 523 138 
10
518 521 522 641 139 140 519 517 523 138 
4
519 517 523 138 
5
520 550 136 549 137 
1
521 
4
522 641 139 140 
2
523 138 
11
524 456 468 640 141 526 529 527 144 143 142 
45
525 575 591 146 590 145 552 528 665 381 577 573 551 380 572 384 469 382 383 576 578 574 579 587 547 386 385 510 546 389 390 387 388 586 524 456 468 640 141 526 529 527 144 143 142 
6
526 529 527 144 143 142 
4
527 144 143 142 
1
528 
1
529 
1
530 
4
531 644 402 401 
1
532 
2
533 646 
3
534 533 646 
3
535 484 128 
9
536 133 131 132 130 129 535 484 128 
32
537 378 500 498 557 291 377 457 499 292 497 293 294 501 486 295 376 559 298 558 297 296 560 539 299 300 562 301 561 374 373 375 
2
538 569 
1
539 
1
540 
3
541 37 36 
1
542 
1
543 
1
544 
2
545 391 
5
546 389 390 387 388 
3
547 386 385 
3
548 393 470 
1
549 
4
550 136 549 137 
1
551 
2
552 528 
6
553 642 400 478 396 395 
9
554 471 532 462 508 548 393 470 392 
1
555 
2
556 585 
1
557 
1
558 
5
559 298 558 297 296 
10
560 539 299 300 562 301 561 374 373 375 
1
561 
3
562 301 561 
3
563 540 29 
1
564 
3
565 26 460 
18
566 653 420 23 712 424 425 715 19 423 461 654 422 567 22 20 21 421 
4
567 22 20 21 
1
568 
1
569 
1
570 
1
571 
8
572 384 469 382 383 576 578 574 
1
573 
1
574 
1
575 
3
576 578 574 
2
577 573 
1
578 
23
579 587 547 386 385 510 546 389 390 387 388 586 524 456 468 640 141 526 529 527 144 143 142 
1
580 
7
581 458 372 705 304 302 303 
2
582 580 
2
583 571 
35
583 571 472 474 544 664 290 538 569 238 507 542 625 289 476 543 467 556 585 589 582 580 466 570 453 588 575 591 577 573 551 578 500 498 557 
1
585 
1
586 
1
587 
1
588 
1
589 
1
590 
4
591 146 590 145 
6
592 489 505 234 235 236 
10
593 148 147 589 582 580 466 570 453 588 
9
594 151 592 489 505 234 235 236 150 
15
595 597 244 243 596 251 247 248 250 249 246 245 252 598 242 
9
596 251 247 248 250 249 246 245 252 
3
597 244 243 
2
598 242 
1
599 
1
600 
1
601 
3
602 601 253 
2
603 599 
9
604 606 603 599 275 274 602 601 253 
12
605 626 284 282 283 276 278 609 281 279 280 277 
1
606 
1
607 
65
608 621 620 285 475 241 473 600 604 606 603 599 275 274 602 601 253 595 597 244 243 596 251 247 248 250 249 246 245 252 598 242 450 612 464 616 257 255 256 615 254 662 273 607 271 272 613 614 258 259 610 270 269 465 663 260 611 268 265 264 261 263 262 267 266 
4
609 281 279 280 
4
610 270 269 465 
2
611 268 
1
612 
19
613 614 258 259 610 270 269 465 663 260 611 268 265 264 261 263 262 267 266 
3
614 258 259 
2
615 254 
4
616 257 255 256 
16
617 4 446 440 448 2 449 1 0 3 447 442 445 444 443 441 
9
618 5 6 439 438 628 437 8 7 
1
619 
2
620 285 
1
621 
5
622 240 287 286 619 
2
623 288 
86
624 239 623 288 622 240 287 286 619 608 621 620 285 475 241 473 600 604 606 603 599 275 274 602 601 253 595 597 244 243 596 251 247 248 250 249 246 245 252 598 242 450 612 464 616 257 255 256 615 254 662 273 607 271 272 613 614 258 259 610 270 269 465 663 260 611 268 265 264 261 263 262 267 266 605 626 284 282 283 276 278 609 281 279 280 277 
4
625 289 476 543 
2
626 284 
6
627 9 436 435 10 434 
4
628 437 8 7 
4
629 125 452 126 
1
630 
5
631 122 121 124 123 
2
632 127 
3
633 645 405 
1
634 
1
635 
2
636 634 
1
637 
6
638 639 660 496 632 127 
1
639 
2
640 141 
3
641 139 140 
2
642 400 
2
643 403 
3
644 402 401 
2
645 405 
1
646 
15
647 467 379 556 585 593 148 147 589 582 580 466 570 453 588 
59
648 413 568 502 32 30 31 652 565 26 460 418 24 25 419 416 417 650 415 563 540 29 414 28 651 564 27 713 428 714 17 16 427 711 18 426 566 653 420 23 712 424 425 715 19 423 461 654 422 567 22 20 21 421 34 33 459 411 412 
4
649 410 411 412 
10
650 415 563 540 29 414 28 651 564 27 
2
651 564 
20
652 565 26 460 418 24 25 419 416 417 650 415 563 540 29 414 28 651 564 27 
1
653 
2
654 422 
5
655 408 407 406 488 
20
656 41 629 125 452 126 658 43 659 485 697 120 42 657 630 631 122 121 124 123 
7
657 630 631 122 121 124 123 
14
658 43 659 485 697 120 42 657 630 631 122 121 124 123 
1
659 
1
660 
33
661 555 636 634 40 512 635 515 637 495 483 134 135 520 550 136 549 137 638 639 660 496 632 127 536 133 131 132 130 129 535 484 128 
5
662 273 607 271 272 
11
663 260 611 268 265 264 261 263 262 267 266 
2
664 290 
6
665 381 577 573 551 380 
4
666 45 454 44 
5
667 671 49 669 114 
1
668 
2
669 114 
7
670 51 50 678 680 112 113 
2
671 49 
15
672 54 52 53 675 110 111 455 670 51 50 678 680 112 113 
3
673 108 109 
4
674 47 48 46 
4
675 110 111 455 
21
676 56 55 673 108 109 672 54 52 53 675 110 111 455 670 51 50 678 680 112 113 
3
677 58 57 
1
678 
8
679 107 105 106 480 677 58 57 
3
680 112 113 
9
681 75 82 76 80 77 79 78 81 
4
682 74 89 88 
8
683 91 72 90 73 71 70 92 
29
684 69 93 683 91 72 90 73 71 70 92 686 66 68 67 685 96 94 95 65 64 479 98 97 99 682 74 89 88 
4
685 96 94 95 
14
686 66 68 67 685 96 94 95 65 64 479 98 97 99 
2
687 101 
4
688 689 63 100 
1
689 
2
690 104 
46
688 689 63 684 69 93 683 91 72 90 73 71 70 92 686 66 68 67 685 96 94 95 65 64 479 98 97 99 682 74 89 88 87 83 86 85 84 681 75 82 76 80 77 79 78 81 
3
692 14 429 
2
693 13 
6
694 693 13 432 430 431 
60
695 118 666 45 454 696 116 668 115 674 47 48 46 117 667 671 49 669 114 679 107 105 106 480 677 58 57 676 56 55 673 108 109 672 54 52 53 675 110 111 455 670 51 50 678 680 112 113 691 690 104 102 103 61 62 687 101 60 59 100 
9
696 116 668 115 674 47 48 46 117 
2
697 120 
1
698 
2
699 156 
44
701 226 225 699 156 719 720 227 155 698 154 153 159 158 157 718 152 717 230 716 228 229 451 482 231 233 232 594 151 592 489 505 234 235 236 150 584 506 237 149 593 148 147 146 
2
701 224 
5
702 220 164 221 163 
35
179 205 208 176 177 207 178 206 198 186 184 200 185 199 183 201 202 182 180 204 203 181 187 197 196 188 195 194 189 193 191 192 190 175 209 
5
704 305 365 307 306 
4
705 304 302 303 
4
706 308 363 364 
20
707 310 361 311 360 362 309 708 359 312 358 706 308 363 364 704 305 365 307 306 
4
708 359 312 358 
7
709 357 355 356 315 313 314 
34
319 352 320 351 322 349 321 350 345 326 344 327 347 325 346 324 348 323 343 328 329 342 330 341 331 340 332 333 339 334 338 337 335 336 
3
711 18 426 
14
712 424 425 715 19 423 461 654 422 567 22 20 21 421 
28
713 428 714 17 15 16 427 711 18 426 566 653 420 23 712 424 425 715 19 423 461 654 422 567 22 20 21 421 
4
714 17 15 16 
2
715 19 
3
716 228 229 
2
717 230 
21
718 152 717 230 716 228 229 451 482 231 233 232 594 151 592 489 505 234 235 236 150 
7
719 720 227 155 698 154 153 
1
720 
50
721 661 636 515 483 638 660 632 131 130 535 128 629 452 630 124 634 635 495 134 135 550 136 639 536 133 132 484 125 126 123 496 127 129 119 44 41 658 43 659 485 697 120 657 631 122 121 40 656 42 
38
722 709 356 313 707 361 360 309 359 358 308 364 305 307 710 354 317 316 353 318 357 355 315 314 310 311 362 708 312 706 363 704 365 306 366 304 368 367 
37
723 703 218 166 216 492 214 168 213 702 164 163 172 173 491 174 167 165 219 217 170 215 169 171 220 221 477 212 211 210 700 222 223 162 161 160 224 
