15
16 793 55 685 729 846 578 654 709 588 869 886 887 888 889 
890
2
0 507 
3
1 506 2 
1
2 
1
3 
1
4 
1
5 
1
6 
1
7 
1
8 
1
9 
1
10 
2
11 12 
1
12 
1
13 
1
14 
1
15 
56
16 15 841 842 14 487 882 18 840 486 485 17 885 484 881 19 483 565 7 8 494 6 492 493 577 491 490 10 535 11 12 13 489 488 9 614 5 4 496 495 767 3 505 497 1 506 2 503 499 500 502 501 498 504 0 507 
1
17 
1
18 
1
19 
1
20 
1
21 
1
22 
29
23 802 804 33 794 536 40 817 38 39 798 720 796 34 36 35 37 801 476 818 32 31 25 24 26 29 27 28 30 
1
24 
2
25 24 
5
26 29 27 28 30 
2
27 28 
1
28 
3
29 27 28 
1
30 
1
31 
1
32 
1
33 
1
34 
1
35 
3
36 35 37 
1
37 
2
38 39 
1
39 
1
40 
1
41 
1
42 
1
43 
1
44 
2
45 46 
1
46 
1
47 
1
48 
1
49 
1
50 
1
51 
1
52 
1
53 
22
54 640 638 639 708 545 432 613 442 563 611 434 433 612 443 439 437 438 435 436 440 441 
75
55 672 665 683 706 668 431 430 666 520 687 707 54 640 638 639 708 545 432 613 442 563 611 434 433 612 443 439 437 438 435 436 440 441 533 637 641 52 53 529 633 444 445 643 642 644 50 51 634 450 446 777 452 778 790 546 47 45 46 635 636 451 669 523 670 48 49 449 447 448 673 674 429 676 688 
28
56 674 677 617 647 525 579 173 557 172 576 166 167 168 169 171 170 518 680 689 682 162 774 163 164 772 773 165 
1
57 
1
58 
1
59 
5
60 61 856 857 62 
1
61 
1
62 
1
63 
1
64 
1
65 
1
66 
1
67 
1
68 
1
69 
1
70 
1
71 
1
72 
1
73 
1
74 
1
75 
2
76 75 
1
77 
1
78 
1
79 
1
80 
3
81 83 82 
1
82 
2
83 82 
5
84 80 81 83 82 
1
85 
1
86 
1
87 
1
88 
1
89 
1
90 
1
91 
10
92 130 843 131 93 844 845 94 128 129 
1
93 
1
94 
1
95 
2
96 97 
1
97 
1
98 
1
99 
1
100 
1
101 
1
102 
1
103 
1
104 
1
105 
1
106 
4
107 106 109 108 
1
108 
1
109 
1
110 
1
111 
1
112 
4
113 116 115 114 
1
114 
2
115 114 
1
116 
1
117 
1
118 
1
119 
1
120 
1
121 
1
122 
1
123 
1
124 
2
125 126 
1
126 
1
127 
1
128 
1
129 
2
130 843 
1
131 
1
132 
1
133 
1
134 
1
135 
1
136 
1
137 
1
138 
1
139 
1
140 
1
141 
1
142 
2
143 144 
1
144 
1
145 
1
146 
2
147 146 
1
148 
1
149 
1
150 
1
151 
1
152 
1
153 
1
154 
1
155 
1
156 
2
157 158 
1
158 
1
159 
1
160 
2
161 160 
1
162 
1
163 
1
164 
1
165 
1
166 
5
167 168 169 171 170 
4
168 169 171 170 
1
169 
1
170 
2
171 170 
1
172 
1
173 
2
174 175 
1
175 
1
176 
1
177 
1
178 
2
179 178 
1
180 
1
181 
1
182 
1
183 
1
184 
1
185 
1
186 
1
187 
1
188 
1
189 
1
190 
1
191 
1
192 
1
193 
1
194 
1
195 
1
196 
1
197 
1
198 
1
199 
1
200 
1
201 
1
202 
2
203 202 
1
204 
1
205 
1
206 
1
207 
1
208 
3
209 210 211 
2
210 211 
1
211 
1
212 
1
213 
1
214 
1
215 
1
216 
1
217 
1
218 
2
219 220 
1
220 
56
221 569 616 217 247 218 570 245 246 244 243 222 537 250 249 248 216 215 514 208 714 253 252 715 212 209 210 211 713 251 716 214 213 219 220 227 224 240 241 239 591 242 223 225 226 228 238 230 236 237 229 235 231 232 234 233 
1
222 
1
223 
1
224 
2
225 226 
1
226 
21
227 224 240 241 239 591 242 223 225 226 228 238 230 236 237 229 235 231 232 234 233 
11
228 238 230 236 237 229 235 231 232 234 233 
1
229 
9
230 236 237 229 235 231 232 234 233 
1
231 
3
232 234 233 
1
233 
1
234 
5
235 231 232 234 233 
1
236 
1
237 
1
238 
1
239 
2
240 241 
1
241 
1
242 
1
243 
2
244 243 
1
245 
1
246 
1
247 
1
248 
1
249 
2
250 249 
1
251 
1
252 
1
253 
1
254 
1
255 
1
256 
1
257 
1
258 
2
259 260 
1
260 
1
261 
2
262 871 
9
263 264 872 873 201 549 199 200 198 
1
264 
2
265 267 
1
266 
1
267 
1
268 
1
269 
2
270 271 
1
271 
1
272 
1
273 
1
274 
4
275 277 278 276 
1
276 
1
277 
1
278 
1
279 
1
280 
1
281 
1
282 
3
283 284 285 
2
284 285 
1
285 
1
286 
1
287 
1
288 
1
289 
1
290 
1
291 
1
292 
1
293 
1
294 
1
295 
2
296 297 
1
297 
1
298 
2
299 298 
1
300 
3
301 302 303 
1
302 
1
303 
1
304 
2
305 306 
1
306 
1
307 
1
308 
1
309 
1
310 
2
311 310 
1
312 
1
313 
1
314 
1
315 
1
316 
1
317 
1
318 
1
319 
1
320 
1
321 
1
322 
1
323 
1
324 
1
325 
2
326 325 
1
327 
1
328 
1
329 
1
330 
1
331 
1
332 
2
333 332 
1
334 
1
335 
1
336 
1
337 
1
338 
2
339 343 
1
340 
1
341 
3
342 340 341 
1
343 
1
344 
1
345 
1
346 
1
347 
1
348 
1
349 
1
350 
1
351 
2
352 353 
1
353 
1
354 
1
355 
1
356 
1
357 
23
358 379 357 378 359 374 376 375 362 377 361 360 373 371 364 372 363 369 367 368 366 370 365 
1
359 
1
360 
1
361 
1
362 
1
363 
1
364 
1
365 
1
366 
1
367 
1
368 
6
369 367 368 366 370 365 
2
370 365 
2
371 364 
1
372 
11
373 371 364 372 363 369 367 368 366 370 365 
7
374 376 375 362 377 361 360 
1
375 
2
376 375 
3
377 361 360 
2
378 359 
1
379 
46
380 575 356 355 739 574 385 354 387 388 386 550 352 353 721 351 722 389 390 383 381 382 384 358 379 357 378 359 374 376 375 362 377 361 360 373 371 364 372 363 369 367 368 366 370 365 
1
381 
1
382 
4
383 381 382 384 
1
384 
1
385 
1
386 
11
387 388 386 550 352 353 721 351 722 389 390 
1
388 
1
389 
1
390 
1
391 
1
392 
2
393 392 
1
394 
1
395 
1
396 
3
397 395 396 
1
398 
1
399 
1
400 
2
401 400 
1
402 
1
403 
2
404 403 
1
405 
1
406 
1
407 
1
408 
1
409 
10
410 603 601 602 327 328 555 324 326 325 
1
411 
1
412 
1
413 
1
414 
1
415 
1
416 
1
417 
1
418 
1
419 
1
420 
1
421 
1
422 
1
423 
1
424 
3
425 424 423 
1
426 
2
427 426 
6
428 425 424 423 427 426 
1
429 
1
430 
2
431 430 
1
432 
1
433 
1
434 
2
435 436 
1
436 
4
437 438 435 436 
1
438 
7
439 437 438 435 436 440 441 
1
440 
1
441 
5
442 563 611 434 433 
1
443 
1
444 
1
445 
1
446 
1
447 
1
448 
3
449 447 448 
1
450 
1
451 
1
452 
1
453 
2
454 453 
1
455 
1
456 
2
457 456 
1
458 
1
459 
2
460 459 
1
461 
1
462 
1
463 
2
464 463 
1
465 
1
466 
1
467 
3
468 470 469 
1
469 
1
470 
5
471 467 468 470 469 
7
472 466 471 467 468 470 469 
9
473 465 472 466 471 467 468 470 469 
9
474 462 712 461 460 459 711 464 463 
1
475 
1
476 
1
477 
1
478 
1
479 
2
480 479 
1
481 
1
482 
2
483 482 
1
484 
1
485 
1
486 
1
487 
1
488 
2
489 488 
1
490 
2
491 490 
2
492 493 
1
493 
1
494 
1
495 
1
496 
1
497 
1
498 
1
499 
3
500 502 501 
1
501 
1
502 
7
503 499 500 502 501 498 504 
1
504 
1
505 
1
506 
1
507 
1
508 
2
509 690 
2
510 620 
1
511 
1
512 
1
513 
15
514 208 714 253 252 715 212 209 210 211 713 251 716 214 213 
22
515 594 307 308 305 306 628 309 596 294 554 299 298 304 301 302 303 300 595 296 297 295 
1
516 
1
517 
11
518 680 689 682 162 774 163 164 772 773 165 
43
519 848 858 860 64 63 155 60 61 856 857 62 859 66 65 850 541 851 152 153 849 805 150 151 154 67 544 681 58 562 787 159 161 160 157 158 854 855 853 156 852 59 57 
3
520 687 707 
1
521 
3
522 629 329 
1
523 
5
524 673 684 678 679 
1
525 
1
526 
1
527 
7
528 605 315 314 607 316 317 
4
529 633 444 445 
1
530 
1
531 
2
532 599 
44
533 637 641 52 53 529 633 444 445 643 642 644 50 51 634 450 446 777 452 778 790 546 47 45 46 454 453 825 816 44 43 717 776 635 636 451 669 523 670 48 49 449 447 448 
11
534 609 346 345 724 394 393 392 397 395 396 
6
535 11 12 13 489 488 
2
536 40 
6
537 250 249 248 216 215 
5
538 96 97 95 98 
3
539 134 133 
1
540 
1
541 
10
542 732 879 140 139 547 74 581 76 75 
3
543 147 146 
17
544 681 58 562 787 159 161 160 157 158 854 855 853 156 852 59 57 
1
545 
4
546 47 45 46 
5
547 74 581 76 75 
2
548 268 
4
549 199 200 198 
3
550 352 353 
1
551 
6
552 823 830 187 811 807 
2
553 416 
12
554 299 298 304 301 302 303 300 595 296 297 295 
4
555 324 326 325 
1
556 
9
557 172 576 166 167 168 169 171 170 
4
558 313 312 600 
5
559 769 183 184 182 
2
560 344 
19
561 723 350 391 766 348 349 347 534 609 346 345 724 394 393 392 397 395 396 
7
562 787 159 161 160 157 158 
1
563 
17
564 110 105 119 107 106 109 108 725 117 112 113 116 115 114 111 118 
23
565 7 8 494 6 492 493 577 491 490 10 535 11 12 13 489 488 9 614 5 4 496 495 
1
566 
2
567 691 
4
568 176 174 175 
4
569 616 217 247 
6
570 245 246 244 243 222 
23
571 127 124 538 96 97 95 98 125 126 580 99 123 100 618 101 122 102 121 648 120 103 104 
3
572 727 77 
14
573 736 735 72 73 71 878 877 141 880 145 143 144 142 
1
574 
3
575 356 355 
1
576 
11
577 491 490 10 535 11 12 13 489 488 9 
46
741 749 744 755 759 809 754 760 743 752 747 756 748 753 810 808 552 823 830 811 807 824 661 512 786 513 819 826 827 822 659 658 553 763 761 764 660 626 831 820 742 745 750 751 746 593 
2
579 173 
13
580 99 123 100 618 101 122 102 121 648 120 103 104 
1
581 
3
582 286 744 
1
583 
6
584 587 568 176 174 175 
11
585 527 287 743 752 747 757 756 748 319 753 
1
586 
1
587 
60
588 289 532 599 558 313 312 600 288 608 606 318 510 620 589 586 528 605 315 314 607 316 317 597 590 293 598 664 311 310 621 291 292 290 515 594 307 308 305 306 628 309 596 294 554 299 298 304 301 302 303 300 595 296 297 295 527 319 320 585 
9
589 586 528 605 315 314 607 316 317 
2
590 293 
3
591 242 223 
3
592 420 419 
4
593 414 786 513 
7
594 307 308 305 306 628 309 
4
595 296 297 295 
2
596 294 
33
597 590 293 598 664 311 310 621 291 292 290 515 594 307 308 305 306 628 309 596 294 554 299 298 304 301 302 303 300 595 296 297 295 
4
598 664 311 310 
1
599 
1
600 
1
601 
3
602 327 328 
2
603 601 
2
604 322 
2
605 315 
2
606 318 
3
607 316 317 
14
608 606 318 510 620 589 586 528 605 315 314 607 316 317 
3
609 346 345 
4
610 398 560 344 
3
611 434 433 
2
612 443 
1
613 
5
614 5 4 496 495 
15
615 180 671 567 691 584 587 568 176 174 175 645 177 179 178 
1
616 
1
617 
9
618 101 122 102 121 648 120 103 104 
3
619 650 274 
1
620 
4
621 291 292 290 
3
622 530 421 
1
623 
2
624 418 
14
625 624 418 417 783 821 782 785 784 656 592 420 419 623 
1
626 
1
627 
2
628 309 
2
629 329 
9
630 331 330 775 406 556 407 333 332 
6
631 408 409 522 629 329 
2
632 323 
3
633 444 445 
3
634 450 446 
8
635 636 451 669 523 670 48 49 
2
636 451 
1
637 
2
638 639 
1
639 
1
640 
3
641 52 53 
4
642 644 50 51 
5
643 642 644 50 51 
2
644 50 
4
645 177 179 178 
4
646 771 768 181 
1
647 
4
648 120 103 104 
19
649 279 583 834 839 837 190 835 508 740 742 745 750 751 746 833 836 188 189 
1
650 
2
651 273 
3
652 651 273 
3
653 269 272 
67
654 193 516 652 651 273 838 191 192 619 650 274 655 195 196 548 268 194 653 269 272 275 277 278 276 649 279 583 834 839 837 190 835 508 740 833 836 188 189 270 271 578 566 283 284 285 280 281 582 286 287 282 187 186 261 259 874 262 203 263 872 201 199 198 197 265 266 
9
655 195 196 548 268 194 653 269 272 
5
656 592 420 419 623 
5
657 622 530 421 781 
3
658 553 416 
5
659 658 553 416 415 
2
660 626 
1
661 
18
662 521 411 632 323 412 762 765 627 604 322 763 761 764 663 413 660 626 
4
663 413 660 626 
3
664 311 310 
2
665 683 
4
666 520 687 707 
4
667 697 695 696 
2
668 688 
5
669 523 670 48 49 
3
670 48 49 
1
671 
3
672 665 683 
1
673 
1
674 
2
675 686 
1
676 
4
677 617 647 525 
2
678 679 
1
679 
1
680 
1
681 
2
682 162 
1
683 
1
684 
79
685 693 690 615 180 671 567 691 584 587 568 176 175 645 177 179 178 814 779 646 771 768 181 770 531 559 769 183 184 182 625 624 418 783 821 782 785 784 656 592 420 419 623 705 703 704 699 698 700 701 702 422 667 697 695 696 694 526 692 780 815 657 622 530 421 781 428 425 424 423 427 426 686 832 185 828 829 417 174 
1
686 
2
687 707 
1
688 
6
689 682 162 774 163 164 
1
690 
1
691 
3
692 780 815 
1
693 
10
694 526 692 780 815 657 622 530 421 781 
2
695 696 
1
696 
1
697 
1
698 
2
699 698 
4
700 701 702 422 
1
701 
2
702 422 
2
703 704 
1
704 
30
705 429 703 704 699 698 700 701 702 422 667 697 695 696 694 526 692 780 815 657 622 530 421 781 428 425 424 423 427 426 
10
706 676 668 688 431 430 666 520 687 707 
1
707 
4
708 545 432 613 
61
205 876 254 875 206 221 569 616 217 247 218 570 245 246 244 243 222 537 250 249 248 216 215 514 208 714 253 252 715 212 209 210 211 713 251 716 214 213 219 220 227 224 240 241 239 591 242 223 225 226 228 238 230 236 237 229 235 231 232 234 233 
1
710 
1
711 
5
712 461 460 459 711 
5
713 251 716 214 213 
2
714 253 
5
715 212 209 210 211 
3
716 214 213 
2
717 776 
1
718 
6
719 197 718 265 267 266 
6
720 796 34 36 35 37 
5
721 351 722 389 390 
3
722 389 390 
1
723 
7
724 394 393 392 397 395 396 
9
725 117 112 113 116 115 114 111 118 
9
726 78 85 79 84 80 81 83 82 
2
727 77 
7
728 731 136 135 137 733 138 
80
729 734 86 572 727 77 542 732 879 140 139 547 74 581 76 75 861 517 68 806 738 148 149 862 70 69 737 543 147 146 573 736 735 72 73 71 878 877 141 880 145 143 144 142 726 78 85 79 84 80 81 83 82 858 859 66 65 850 541 851 152 153 849 805 150 151 67 730 88 539 134 87 728 731 136 135 137 733 138 89 
15
730 89 88 90 539 134 133 87 728 731 136 135 137 733 138 
4
731 136 135 137 
4
732 879 140 139 
2
733 138 
1
734 
4
735 72 73 71 
1
736 
4
737 543 147 146 
3
738 148 149 
4
739 574 385 354 
1
740 
5
741 749 582 286 744 
5
742 745 750 751 746 
1
743 
1
744 
1
745 
1
746 
1
747 
1
748 
1
749 
1
750 
2
751 746 
2
752 747 
1
753 
5
754 760 758 321 320 
8
755 759 809 754 760 758 321 320 
1
756 
5
757 756 748 319 753 
3
758 321 320 
1
759 
1
760 
2
761 764 
5
762 765 627 604 322 
7
763 761 764 663 413 660 626 
1
764 
1
765 
4
766 348 349 347 
16
767 3 505 497 1 506 2 503 499 500 502 501 498 504 0 507 
2
768 181 
3
769 183 184 
7
770 531 559 769 183 184 182 
1
771 
3
772 773 165 
2
773 165 
3
774 163 164 
4
775 406 556 407 
1
776 
24
777 452 778 790 546 47 45 46 454 453 825 816 44 43 717 776 635 636 451 669 523 670 48 49 
1
778 
1
779 
2
780 815 
1
781 
1
782 
1
783 
1
784 
7
785 784 656 592 420 419 623 
2
786 513 
6
787 159 161 160 157 158 
1
788 
3
789 458 788 
5
790 546 47 45 46 
2
791 540 
1
792 
88
793 792 42 511 41 789 458 788 797 795 475 812 455 813 457 456 791 540 474 462 712 461 460 459 711 464 463 23 802 804 33 794 536 40 817 38 39 798 720 796 34 36 35 37 801 476 818 32 31 25 24 26 29 27 28 30 473 465 472 466 471 467 468 470 469 454 453 825 816 44 43 717 776 482 884 481 883 20 21 800 22 799 803 478 480 479 551 477 
15
794 536 40 817 38 39 798 720 796 34 36 35 37 801 476 
1
795 
2
796 34 
3
797 795 475 
1
798 
1
799 
9
800 22 799 803 478 480 479 551 477 
2
801 476 
3
802 804 33 
6
803 478 480 479 551 477 
2
804 33 
3
805 150 151 
4
806 738 148 149 
1
807 
1
808 
1
809 
31
810 808 552 823 830 187 811 807 824 661 512 593 414 786 513 831 832 185 186 828 829 819 820 826 827 822 659 658 553 416 415 
2
811 807 
7
812 455 813 457 456 791 540 
1
813 
57
814 779 646 771 768 181 770 531 559 769 183 184 182 625 624 418 417 783 821 782 785 784 656 592 420 419 623 705 429 703 704 699 698 700 701 702 422 667 697 695 696 694 526 692 780 815 657 622 530 421 781 428 425 424 423 427 426 
1
815 
3
816 44 43 
3
817 38 39 
10
818 32 31 25 24 26 29 27 28 30 
2
819 820 
1
820 
2
821 782 
1
822 
1
823 
7
824 661 512 593 414 786 513 
6
825 816 44 43 717 776 
3
826 827 822 
1
827 
2
828 829 
1
829 
2
830 187 
16
831 832 185 186 828 829 819 820 826 827 822 659 658 553 416 415 
2
832 185 
4
833 836 188 189 
2
834 839 
3
835 508 740 
2
836 188 
2
837 190 
3
838 191 192 
1
839 
3
840 486 485 
4
841 842 14 487 
2
842 14 
1
843 
5
844 845 94 128 129 
1
845 
56
846 847 132 91 92 130 843 131 93 844 845 94 128 129 90 133 571 127 124 538 96 97 95 98 125 126 580 99 123 100 618 101 122 102 121 648 120 103 104 564 110 105 119 107 106 109 108 725 117 112 113 116 115 114 111 118 
2
847 132 
1
848 
1
849 
10
850 541 851 152 153 849 805 150 151 154 
3
851 152 153 
1
852 
3
853 156 852 
6
854 855 853 156 852 59 
1
855 
3
856 857 62 
1
857 
1
858 
14
859 66 65 850 541 851 152 153 849 805 150 151 154 67 
3
860 64 63 
28
861 517 68 806 738 148 149 862 70 69 737 543 147 146 573 736 735 72 73 71 878 877 141 880 145 143 144 142 
3
862 70 69 
1
863 
2
864 405 
33
865 334 864 405 863 404 403 335 630 331 330 775 406 556 407 333 332 631 408 409 522 629 329 410 603 601 602 327 328 555 324 326 325 
1
866 
8
867 402 868 336 866 337 401 400 
1
868 
66
399 398 344 343 561 723 350 391 766 348 349 347 609 345 724 394 393 392 395 342 380 575 356 355 739 574 385 354 387 388 386 550 352 353 721 351 722 389 390 383 381 382 384 358 379 357 378 359 374 376 375 362 377 361 360 373 371 364 372 363 369 367 368 366 370 365 
2
870 399 
1
871 
7
872 873 201 549 199 200 198 
2
873 201 
21
874 204 262 871 203 202 263 264 872 873 201 549 199 200 198 719 197 718 265 267 266 
2
875 207 
8
876 255 254 256 875 207 206 257 
2
877 141 
3
878 877 141 
3
879 140 139 
5
880 145 143 144 142 
2
881 19 
12
882 18 840 486 485 17 885 484 881 19 483 482 
2
883 20 
14
884 481 883 20 21 800 22 799 803 478 480 479 551 477 
6
885 484 881 19 483 482 
54
886 414 416 662 411 323 627 663 868 864 403 630 330 406 407 332 408 522 329 603 602 328 324 325 415 521 632 412 322 413 758 321 757 762 765 604 334 404 331 775 556 333 631 409 629 410 601 327 555 326 338 337 341 401 
63
887 509 524 684 679 56 677 647 557 576 167 169 170 680 682 774 164 773 60 856 62 544 58 787 161 157 854 853 852 57 678 617 525 579 173 172 166 168 171 518 689 162 163 772 165 675 155 61 857 681 562 159 160 158 855 156 59 519 860 63 848 64 154 
19
888 709 710 258 255 256 207 257 260 204 871 202 264 873 549 200 719 718 267 
20
889 867 865 863 336 405 335 869 870 610 560 339 402 400 534 346 397 396 340 866 
