15
621 571 576 37 606 641 462 225 153 496 373 647 648 649 650 
651
2
0 442 
1
1 
1
2 
1
3 
5
4 2 3 5 6 
2
5 6 
1
6 
1
7 
1
8 
9
9 431 430 10 527 11 429 432 8 
1
10 
1
11 
1
12 
1
13 
1
14 
1
15 
1
16 
2
17 18 
1
18 
1
19 
1
20 
1
21 
2
22 23 
1
23 
1
24 
1
25 
1
26 
1
27 
1
28 
1
29 
2
30 31 
1
31 
1
32 
1
33 
2
34 33 
1
35 
1
36 
40
593 453 619 620 128 126 127 557 387 630 595 551 590 596 553 129 520 552 550 554 130 547 448 386 558 549 451 631 388 600 390 389 131 385 132 589 391 556 544 555 
1
38 
1
39 
1
40 
1
41 
1
42 
1
43 
1
44 
1
45 
1
46 
1
47 
2
48 49 
1
49 
1
50 
1
51 
1
52 
1
53 
1
54 
2
55 54 
1
56 
1
57 
1
58 
1
59 
1
60 
1
61 
1
62 
1
63 
1
64 
1
65 
1
66 
1
67 
2
68 73 
1
69 
1
70 
4
71 69 70 72 
1
72 
1
73 
1
74 
2
75 74 
1
76 
1
77 
2
78 79 
1
79 
4
80 78 79 77 
8
81 76 80 78 79 77 75 74 
16
82 81 76 80 78 79 77 75 74 512 68 73 71 69 70 72 
1
83 
1
84 
1
85 
1
86 
1
87 
1
88 
1
89 
1
90 
1
91 
1
92 
2
93 92 
1
94 
1
95 
1
96 
1
97 
1
98 
1
99 
1
100 
1
101 
1
102 
1
103 
1
104 
1
105 
1
106 
1
107 
1
108 
1
109 
1
110 
1
111 
1
112 
2
113 112 
1
114 
1
115 
2
116 117 
1
117 
1
118 
2
119 120 
1
120 
1
121 
2
122 123 
1
123 
1
124 
1
125 
2
126 127 
1
127 
1
128 
1
129 
1
130 
1
131 
1
132 
1
133 
1
134 
1
135 
1
136 
2
137 136 
11
138 559 137 136 224 223 139 220 560 222 221 
5
139 220 560 222 221 
2
140 219 
6
141 218 217 142 140 219 
1
142 
1
143 
4
144 215 216 143 
8
145 214 146 213 144 215 216 143 
2
146 213 
37
147 212 148 211 209 150 151 210 149 152 208 207 145 214 146 213 144 215 216 143 141 218 217 142 140 219 138 559 137 136 224 223 139 220 560 222 221 
2
148 211 
1
149 
1
150 
1
151 
3
152 208 207 
38
162 197 163 196 195 164 193 166 194 165 192 167 169 190 191 168 170 189 171 188 176 187 172 186 175 174 173 177 185 184 178 183 179 180 182 181 198 161 
2
154 205 
1
155 
2
156 203 
6
157 202 156 203 204 155 
1
158 
1
159 
2
160 199 
1
161 
10
162 197 198 161 160 199 163 196 195 164 
4
163 196 195 164 
1
164 
1
165 
1
166 
1
167 
1
168 
8
169 190 191 168 170 189 171 188 
4
170 189 171 188 
2
171 188 
1
172 
1
173 
1
174 
3
175 174 173 
16
176 187 172 186 175 174 173 177 185 184 178 183 179 180 182 181 
9
177 185 184 178 183 179 180 182 181 
1
178 
1
179 
3
180 182 181 
1
181 
1
182 
5
183 179 180 182 181 
7
184 178 183 179 180 182 181 
1
185 
1
186 
1
187 
1
188 
1
189 
1
190 
2
191 168 
2
192 167 
14
193 166 194 165 192 167 169 190 191 168 170 189 171 188 
2
194 165 
2
195 164 
1
196 
1
197 
2
198 161 
1
199 
2
200 159 
10
201 158 200 159 157 202 156 203 204 155 
1
202 
1
203 
2
204 155 
1
205 
1
206 
1
207 
1
208 
8
209 150 151 210 149 152 208 207 
2
210 149 
1
211 
1
212 
1
213 
1
214 
1
215 
2
216 143 
2
217 142 
1
218 
1
219 
1
220 
1
221 
1
222 
1
223 
1
224 
30
225 566 561 569 564 629 519 563 565 467 541 545 447 543 227 226 567 228 292 568 649 294 562 548 546 295 293 542 384 383 
5
226 567 568 293 637 
3
227 501 508 
1
228 
1
229 
2
230 229 
1
231 
1
232 
2
233 232 
1
234 
1
235 
1
236 
1
237 
1
238 
1
239 
1
240 
6
241 240 244 242 243 239 
1
242 
1
243 
3
244 242 243 
1
245 
1
246 
1
247 
1
248 
1
249 
2
250 251 
1
251 
1
252 
1
253 
1
254 
1
255 
1
256 
1
257 
1
258 
1
259 
1
260 
4
261 260 259 262 
1
262 
1
263 
1
264 
1
265 
1
266 
1
267 
1
268 
2
269 268 
1
270 
1
271 
1
272 
1
273 
1
274 
1
275 
7
276 278 277 279 280 281 282 
1
277 
1
278 
4
279 280 281 282 
1
280 
2
281 282 
1
282 
1
283 
1
284 
1
285 
1
286 
3
287 288 286 
1
288 
5
289 287 288 286 290 
1
290 
1
291 
1
292 
1
293 
1
294 
1
295 
1
296 
1
297 
1
298 
1
299 
1
300 
1
301 
1
302 
1
303 
1
304 
1
305 
2
306 370 
2
307 369 
2
308 368 
1
309 
1
310 
2
311 365 
4
312 364 311 365 
1
313 
1
314 
2
315 361 
2
316 360 
2
317 359 
1
318 
2
319 357 
12
320 356 321 355 354 322 353 323 351 325 352 324 
2
321 355 
1
322 
1
323 
1
324 
1
325 
1
326 
1
327 
3
328 348 349 
2
329 347 
1
330 
1
331 
1
332 
1
333 
1
334 
7
335 341 336 340 337 339 338 
5
336 340 337 339 338 
3
337 339 338 
1
338 
1
339 
1
340 
1
341 
9
342 334 335 341 336 340 337 339 338 
2
343 333 
17
344 332 343 333 345 331 346 330 342 334 335 341 336 340 337 339 338 
4
345 331 346 330 
2
346 330 
1
347 
1
348 
1
349 
25
350 326 327 328 348 349 329 347 344 332 343 333 345 331 346 330 342 334 335 341 336 340 337 339 338 
4
351 325 352 324 
2
352 324 
2
353 323 
4
354 322 353 323 
1
355 
1
356 
1
357 
6
358 318 317 359 319 357 
1
359 
1
360 
1
361 
6
362 314 315 361 316 360 
69
363 313 312 364 311 365 362 314 315 361 316 360 358 318 317 359 319 357 320 356 321 355 354 322 353 323 351 325 352 324 366 310 367 309 308 368 371 305 306 370 372 304 307 369 350 326 327 328 348 349 329 347 344 332 343 333 345 331 346 330 342 334 335 341 336 340 337 339 338 
1
364 
1
365 
14
366 310 367 309 308 368 371 305 306 370 372 304 307 369 
4
367 309 308 368 
1
368 
1
369 
1
370 
8
371 305 306 370 372 304 307 369 
2
372 304 
24
363 313 312 364 311 365 362 314 315 361 366 310 367 309 308 368 370 307 369 316 360 306 317 359 
1
374 
5
375 302 301 376 300 
2
376 300 
2
377 299 
5
378 297 298 377 299 
2
379 380 
1
380 
1
381 
1
382 
1
383 
1
384 
1
385 
2
386 558 
1
387 
1
388 
1
389 
1
390 
1
391 
2
392 391 
1
393 
1
394 
2
395 394 
2
396 397 
1
397 
1
398 
1
399 
1
400 
1
401 
3
402 403 404 
1
403 
1
404 
1
405 
1
406 
1
407 
1
408 
1
409 
1
410 
1
411 
1
412 
1
413 
1
414 
1
415 
1
416 
1
417 
1
418 
3
419 418 417 
2
420 623 
1
421 
7
422 528 530 19 17 18 423 
1
423 
1
424 
1
425 
1
426 
1
427 
1
428 
1
429 
1
430 
1
431 
2
432 8 
1
433 
1
434 
1
435 
2
436 435 
1
437 
1
438 
7
439 437 438 440 441 436 435 
2
440 441 
1
441 
1
442 
2
443 589 
2
444 509 
1
445 
6
446 608 43 42 625 109 
2
447 543 
3
448 386 558 
1
449 
8
450 420 623 525 416 419 418 417 
6
451 631 388 600 390 389 
1
452 
15
453 619 620 128 126 127 521 602 539 124 122 123 460 540 125 
5
454 483 231 233 232 
1
455 
1
456 
33
457 615 616 291 613 480 614 285 289 287 288 286 290 475 459 271 272 610 611 273 479 283 275 274 612 284 276 278 277 279 280 281 282 
10
458 533 537 118 116 117 538 121 119 120 
2
459 271 
3
460 540 125 
1
461 
41
517 518 59 91 58 90 515 62 87 86 63 88 61 516 89 60 514 64 85 65 84 513 66 67 83 82 81 76 80 78 79 77 75 74 512 68 73 71 69 70 72 
6
463 27 28 573 412 413 
4
464 0 442 434 
3
465 426 15 
1
466 
3
467 542 135 
3
468 407 408 
5
469 228 500 230 229 
3
470 248 249 
5
471 267 270 269 268 
4
472 402 403 404 
1
473 
8
474 492 266 471 267 270 269 268 
7
475 459 271 272 610 611 273 
5
476 265 473 493 264 
3
477 644 100 
8
478 50 477 644 100 47 48 49 
13
479 283 275 274 612 284 276 278 277 279 280 281 282 
3
480 614 285 
21
481 7 433 482 1 464 0 442 434 439 437 438 440 441 436 435 4 2 3 5 6 
6
482 1 464 0 442 434 
4
483 231 233 232 
1
484 
4
485 252 250 251 
9
486 255 502 253 254 485 252 250 251 
5
487 470 248 249 247 
39
488 455 487 470 248 249 247 504 484 469 228 500 230 229 489 617 234 490 461 505 236 235 246 454 483 231 233 232 491 506 237 238 245 241 240 244 242 243 239 
14
489 617 234 490 461 505 236 235 246 454 483 231 233 232 
6
490 461 505 236 235 246 
11
491 506 237 238 245 241 240 244 242 243 239 
2
492 266 
1
493 
29
494 511 503 499 256 456 476 265 473 493 264 495 263 498 258 257 261 260 259 262 486 255 502 253 254 485 252 250 251 
9
495 263 498 258 257 261 260 259 262 
106
496 507 444 509 497 510 501 508 474 492 266 471 267 270 269 268 457 615 616 613 480 614 475 459 271 272 610 611 273 479 283 275 274 612 284 276 278 277 279 280 281 282 494 511 503 499 256 456 476 265 473 493 264 495 263 498 258 257 261 260 259 262 486 255 502 253 254 485 252 250 251 488 455 487 470 248 249 247 504 484 469 500 489 617 490 461 505 246 454 483 491 506 237 238 245 241 240 244 242 243 239 236 235 234 638 637 
7
497 638 292 510 227 501 508 
3
498 258 257 
3
499 256 456 
1
500 
1
501 
3
502 253 254 
1
503 
7
504 484 469 228 500 230 229 
3
505 236 235 
3
506 237 238 
1
507 
1
508 
1
509 
1
510 
1
511 
7
512 68 73 71 69 70 72 
4
513 66 67 83 
9
514 64 85 65 84 513 66 67 83 
10
515 62 87 86 63 88 61 516 89 60 
3
516 89 60 
6
517 518 59 91 58 90 
2
518 59 
1
519 
1
520 
2
521 602 
1
522 
4
523 24 22 23 
12
524 414 415 522 25 26 463 27 28 573 412 413 
2
525 416 
6
526 13 428 12 14 427 
3
527 11 429 
1
528 
17
529 21 20 622 421 523 24 22 23 450 420 623 525 416 419 418 417 
4
530 19 17 18 
1
531 
6
532 534 536 115 114 466 
1
533 
1
534 
1
535 
4
536 115 114 466 
4
537 118 116 117 
4
538 121 119 120 
7
539 124 122 123 460 540 125 
2
540 125 
10
541 134 133 545 447 543 546 556 384 383 
2
542 135 
1
543 
5
544 555 132 549 385 
1
545 
4
546 556 384 383 
20
547 131 448 386 558 544 555 132 549 385 541 134 133 545 447 543 546 556 384 383 
1
548 
2
549 385 
2
550 554 
1
551 
1
552 
7
553 129 520 552 550 554 130 
1
554 
2
555 132 
3
556 384 383 
16
557 387 630 595 551 590 596 443 589 553 129 520 552 550 554 130 
1
558 
1
559 
3
560 222 221 
1
561 
1
562 
5
563 565 467 542 135 
6
564 562 629 382 519 548 
1
565 
2
566 561 
1
567 
1
568 
2
569 294 
3
570 449 409 
51
571 572 411 574 29 575 32 30 31 524 414 415 522 25 26 463 27 28 573 412 413 529 21 20 622 421 523 24 22 23 450 420 623 525 416 419 418 417 621 531 424 422 528 530 19 17 18 423 409 410 16 
2
572 411 
2
573 412 
2
574 29 
4
575 32 30 31 
48
576 570 449 34 33 35 581 468 407 408 583 584 405 406 578 580 472 402 403 404 582 452 597 599 400 401 399 639 393 395 394 598 398 396 397 579 577 36 592 585 594 591 392 587 37 601 443 588 
1
577 
6
578 580 472 402 403 404 
17
579 577 36 592 588 585 594 591 392 391 587 451 631 388 600 390 389 
1
580 
8
581 468 407 408 583 584 405 406 
15
582 452 597 599 400 401 399 639 393 395 394 598 398 396 397 
4
583 584 405 406 
3
584 405 406 
2
585 594 
1
586 
1
587 
1
588 
1
589 
4
590 596 443 589 
10
591 392 391 587 451 631 388 600 390 389 
4
592 588 585 594 
1
593 
1
594 
2
595 551 
1
596 
5
597 599 400 401 399 
4
598 398 396 397 
4
599 400 401 399 
3
600 390 389 
1
601 
1
602 
1
603 
2
604 603 
14
605 445 604 603 458 533 537 118 116 117 538 121 119 120 
46
606 627 535 39 532 534 536 115 114 466 628 111 113 112 38 607 40 625 109 624 626 110 605 445 604 603 458 533 537 118 116 117 538 121 119 120 586 539 122 123 521 602 124 540 125 460 
12
607 41 40 446 608 43 42 625 109 624 626 110 
3
608 43 42 
29
609 632 45 44 635 104 103 105 636 106 107 108 633 46 634 102 101 607 41 40 446 608 43 42 625 109 624 626 110 
3
610 611 273 
2
611 273 
2
612 284 
9
613 480 614 285 289 287 288 286 290 
2
614 285 
3
615 616 291 
2
616 291 
2
617 234 
6
618 379 380 381 296 295 
5
619 620 128 126 127 
4
620 128 126 127 
40
425 465 426 15 526 13 428 12 14 427 9 431 430 10 527 11 429 432 8 481 7 433 482 1 464 0 442 434 439 437 438 440 441 436 435 4 2 3 5 6 
2
622 421 
1
623 
3
624 626 110 
2
625 109 
2
626 110 
2
627 535 
4
628 111 113 112 
4
629 382 519 548 
1
630 
2
631 388 
1
632 
5
633 46 634 102 101 
3
634 102 101 
4
635 104 103 105 
4
636 106 107 108 
1
637 
2
638 292 
8
639 393 395 394 598 398 396 397 
3
640 96 97 
52
641 642 95 94 56 55 54 646 53 52 640 96 97 645 643 98 51 99 478 50 477 644 100 47 48 49 609 632 45 44 635 104 103 105 636 106 107 633 46 634 102 101 608 43 42 108 41 446 462 57 93 92 
1
642 
2
643 98 
1
644 
5
645 643 98 51 99 
6
646 53 52 640 96 97 
34
647 135 134 145 146 144 216 141 217 140 138 137 223 220 222 230 231 233 214 213 215 143 218 142 219 559 136 139 560 221 229 133 224 232 
29
648 148 210 153 152 206 201 200 157 156 204 160 207 205 158 159 202 203 155 199 208 147 209 154 151 212 211 150 149 
30
382 378 298 379 381 377 289 288 375 301 300 297 380 299 290 287 373 303 374 302 376 371 305 372 304 285 286 618 296 291 
42
650 358 319 320 321 354 353 351 352 350 327 348 329 344 343 345 346 342 335 336 337 338 318 357 356 355 322 323 325 324 326 328 349 347 332 333 331 330 334 341 340 339 
