15
697 673 561 574 568 152 660 626 646 260 550 684 716 717 718 
719
1
0 
2
1 0 
4
2 471 1 0 
1
3 
8
4 2 471 1 0 3 470 5 
1
5 
1
6 
1
7 
1
8 
1
9 
1
10 
1
11 
2
12 11 
1
13 
1
14 
1
15 
1
16 
1
17 
1
18 
1
19 
1
20 
1
21 
3
22 23 24 
1
23 
1
24 
1
25 
1
26 
1
27 
1
28 
2
29 30 
1
30 
1
31 
1
32 
1
33 
1
34 
1
35 
1
36 
1
37 
1
38 
1
39 
1
40 
1
41 
1
42 
1
43 
1
44 
1
45 
1
46 
1
47 
1
48 
3
49 47 50 
1
50 
1
51 
1
52 
1
53 
1
54 
4
55 53 56 54 
1
56 
1
57 
1
58 
2
59 60 
1
60 
1
61 
1
62 
1
63 
1
64 
2
65 66 
1
66 
1
67 
1
68 
1
69 
1
70 
1
71 
1
72 
1
73 
1
74 
1
75 
3
76 75 74 
1
77 
1
78 
1
79 
1
80 
1
81 
1
82 
1
83 
1
84 
1
85 
2
86 85 
1
87 
1
88 
2
89 88 
2
90 91 
1
91 
1
92 
1
93 
2
94 151 
1
95 
6
96 149 97 148 150 95 
2
97 148 
1
98 
2
99 146 
2
100 145 
1
101 
1
102 
1
103 
1
104 
1
105 
2
106 105 
1
107 
1
108 
6
109 107 108 106 105 110 
1
110 
1
111 
3
112 138 139 
3
113 136 137 
1
114 
1
115 
4
116 134 133 115 
2
117 132 
1
118 
1
119 
16
120 118 131 117 132 121 130 129 122 123 128 124 126 125 127 119 
10
121 130 129 122 123 128 124 126 125 127 
1
122 
6
123 128 124 126 125 127 
4
124 126 125 127 
1
125 
1
126 
1
127 
1
128 
8
129 122 123 128 124 126 125 127 
1
130 
1
131 
1
132 
1
133 
1
134 
25
135 114 116 134 133 115 113 136 137 120 118 131 117 132 121 130 129 122 123 128 124 126 125 127 119 
1
136 
1
137 
2
138 139 
1
139 
1
140 
1
141 
1
142 
2
143 142 
7
144 101 143 142 662 141 102 
1
145 
1
146 
6
147 98 99 146 100 145 
1
148 
1
149 
2
150 95 
1
151 
40
691 156 155 90 154 157 89 88 690 158 87 159 687 84 160 86 85 688 689 161 83 82 163 670 164 162 671 81 672 165 166 167 641 80 486 168 79 77 78 76 
1
153 
1
154 
1
155 
1
156 
1
157 
1
158 
1
159 
1
160 
1
161 
1
162 
4
163 670 164 162 
1
164 
1
165 
1
166 
1
167 
1
168 
1
169 
1
170 
2
171 170 
1
172 
2
173 174 
1
174 
1
175 
1
176 
1
177 
2
178 179 
1
179 
1
180 
1
181 
1
182 
3
183 185 184 
1
184 
2
185 184 
1
186 
2
187 188 
1
188 
1
189 
1
190 
1
191 
3
192 193 191 
1
193 
1
194 
1
195 
1
196 
1
197 
1
198 
1
199 
1
200 
1
201 
1
202 
1
203 
1
204 
1
205 
1
206 
1
207 
1
208 
1
209 
1
210 
1
211 
1
212 
1
213 
1
214 
1
215 
1
216 
1
217 
1
218 
1
219 
2
220 219 
1
221 
1
222 
2
223 224 
1
224 
1
225 
1
226 
1
227 
1
228 
1
229 
2
230 231 
1
231 
1
232 
1
233 
1
234 
1
235 
1
236 
2
237 236 
2
238 258 
2
239 257 
4
240 256 239 257 
1
241 
1
242 
1
243 
1
244 
1
245 
1
246 
1
247 
2
248 247 
4
249 246 248 247 
6
250 245 249 246 248 247 
8
251 244 250 245 249 246 248 247 
10
252 243 251 244 250 245 249 246 248 247 
1
253 
1
254 
24
255 254 242 253 241 240 256 239 257 259 238 258 237 236 252 243 251 244 250 245 249 246 248 247 
1
256 
1
257 
1
258 
5
259 238 258 237 236 
36
260 235 234 261 664 267 262 266 263 265 264 255 254 242 253 241 240 256 239 257 259 238 258 237 236 252 243 251 244 250 245 249 246 248 247 663 
1
261 
1
262 
1
263 
1
264 
2
265 264 
4
266 263 265 264 
2
267 268 
1
268 
1
269 
1
270 
1
271 
1
272 
1
273 
1
274 
1
275 
1
276 
1
277 
1
278 
1
279 
1
280 
1
281 
1
282 
1
283 
1
284 
1
285 
2
286 285 
1
287 
1
288 
1
289 
1
290 
1
291 
1
292 
1
293 
1
294 
1
295 
1
296 
2
297 298 
1
298 
1
299 
1
300 
1
301 
1
302 
1
303 
2
304 303 
1
305 
2
306 307 
1
307 
1
308 
1
309 
1
310 
1
311 
2
312 313 
1
313 
1
314 
1
315 
1
316 
1
317 
4
318 317 320 319 
1
319 
2
320 319 
1
321 
1
322 
1
323 
3
324 326 325 
1
325 
1
326 
1
327 
1
328 
1
329 
1
330 
1
331 
1
332 
1
333 
2
334 333 
1
335 
9
336 337 708 413 412 713 712 338 411 
1
337 
1
338 
1
339 
1
340 
1
341 
1
342 
1
343 
1
344 
2
345 346 
1
346 
1
347 
1
348 
1
349 
2
350 351 
1
351 
1
352 
1
353 
2
354 353 
1
355 
1
356 
1
357 
1
358 
1
359 
1
360 
1
361 
1
362 
1
363 
1
364 
1
365 
1
366 
1
367 
2
368 367 
8
369 370 371 372 373 374 368 367 
2
370 371 
1
371 
1
372 
1
373 
1
374 
7
375 379 378 377 380 381 376 
1
376 
1
377 
1
378 
6
379 378 377 380 381 376 
1
380 
1
381 
1
382 
1
383 
1
384 
1
385 
2
386 387 
1
387 
1
388 
1
389 
1
390 
1
391 
1
392 
1
393 
1
394 
2
395 396 
1
396 
1
397 
1
398 
1
399 
3
400 399 401 
1
401 
1
402 
1
403 
1
404 
1
405 
1
406 
1
407 
1
408 
1
409 
1
410 
1
411 
1
412 
1
413 
1
414 
2
415 416 
1
416 
1
417 
1
418 
1
419 
1
420 
1
421 
4
422 585 587 576 
1
423 
1
424 
1
425 
1
426 
1
427 
1
428 
1
429 
2
430 429 
1
431 
1
432 
1
433 
2
434 435 
1
435 
1
436 
1
437 
2
438 439 
1
439 
1
440 
2
441 442 
1
442 
1
443 
2
444 445 
1
445 
1
446 
1
447 
1
448 
1
449 
1
450 
1
451 
1
452 
1
453 
1
454 
1
455 
2
456 455 
1
457 
2
458 459 
1
459 
1
460 
1
461 
1
462 
7
463 462 467 465 466 464 468 
1
464 
1
465 
1
466 
5
467 465 466 464 468 
1
468 
1
469 
1
470 
3
471 1 0 
1
472 
1
473 
1
474 
21
475 595 484 594 70 71 580 593 72 581 599 635 77 78 634 482 639 73 76 75 74 
23
476 612 586 610 423 507 46 49 47 50 611 613 51 48 614 492 57 636 52 55 53 56 54 
3
477 609 45 
1
478 
9
479 637 419 710 332 331 620 330 329 
52
480 537 538 540 541 309 491 310 542 311 502 513 314 312 313 539 569 559 490 493 64 571 545 521 522 305 632 648 543 308 306 307 520 518 67 65 66 517 638 629 631 304 303 627 483 633 302 597 596 519 68 69 
1
481 
6
482 639 73 76 75 74 
3
483 633 302 
4
484 594 70 71 
7
485 642 58 643 61 59 60 
1
486 
1
487 
7
488 443 441 442 674 27 26 
3
489 454 13 
5
490 493 64 571 545 
1
491 
4
492 57 636 52 
2
493 64 
10
494 287 214 680 289 288 679 212 213 290 
35
495 406 343 700 408 407 701 341 342 340 409 699 339 410 405 524 404 403 345 346 548 547 347 402 348 344 336 337 708 413 412 713 712 338 411 
6
496 384 365 383 385 364 
4
497 359 390 360 
6
498 323 327 324 326 325 
1
499 
3
500 181 182 
24
501 190 553 194 192 193 191 529 500 181 182 551 180 178 179 554 189 187 188 530 186 183 185 184 
1
502 
3
503 295 499 
2
504 300 
1
505 
5
506 349 400 399 401 
8
507 46 49 47 50 611 613 51 
6
508 321 318 317 320 319 
3
509 535 322 
3
510 316 315 
15
511 510 316 315 481 508 321 318 317 320 319 573 544 512 584 
2
512 584 
4
513 314 312 313 
50
514 25 515 446 444 445 21 488 443 441 442 674 27 26 22 23 24 677 8 460 458 459 9 676 10 457 12 11 456 455 489 454 13 647 17 450 18 449 451 16 516 15 452 453 14 657 448 19 447 20 
4
515 446 444 445 
5
516 15 452 453 14 
2
517 638 
4
518 67 65 66 
3
519 68 69 
7
520 518 67 65 66 517 638 
29
521 522 305 632 648 543 308 306 307 520 518 67 65 66 517 638 629 631 304 303 627 483 633 302 597 596 519 68 69 
3
522 305 632 
4
523 546 62 63 
11
524 404 403 345 346 548 547 347 402 348 344 
9
525 363 362 386 387 549 361 388 389 
26
526 392 357 393 356 391 358 497 359 390 360 525 363 362 386 387 549 361 388 389 496 384 365 383 385 364 
6
527 177 478 528 196 195 
3
528 196 195 
8
529 500 181 182 551 180 178 179 
5
530 186 183 185 184 
3
531 296 299 
40
532 579 567 628 630 301 534 556 503 295 499 555 504 300 531 296 299 297 298 475 595 484 594 70 71 580 593 72 581 599 635 77 78 634 482 639 73 76 75 74 
17
533 505 294 651 603 583 206 681 292 682 207 208 683 209 210 487 293 
5
534 556 503 295 499 
2
535 322 
1
536 
1
537 
6
538 540 541 309 491 310 
8
539 569 559 490 493 64 571 545 
1
540 
4
541 309 491 310 
7
542 311 502 513 314 312 313 
4
543 308 306 307 
1
544 
1
545 
1
546 
2
547 347 
5
548 547 347 402 348 
4
549 361 388 389 
63
550 355 394 354 353 649 397 398 395 396 650 352 350 351 506 349 400 399 401 495 406 343 700 408 407 701 341 342 340 409 699 339 410 405 524 404 403 345 346 548 547 347 402 348 344 336 337 708 413 412 713 712 338 411 714 335 715 414 334 415 709 333 416 
4
551 180 178 179 
1
552 
5
553 194 192 193 191 
9
554 189 187 188 530 186 183 185 184 
8
555 504 300 531 296 299 297 298 
1
556 
1
557 
3
558 623 169 
1
559 
1
560 
66
561 575 572 422 585 587 576 615 616 560 485 642 58 643 59 60 476 612 586 610 423 507 46 49 47 50 611 613 51 48 614 492 57 636 52 55 53 56 54 421 472 509 322 588 328 420 323 324 325 544 604 424 608 43 606 44 42 477 609 45 427 607 426 605 41 425 
1
562 
5
563 564 198 197 562 
2
564 198 
4
565 577 199 200 
5
566 201 473 624 202 
1
567 
47
568 600 474 652 602 658 582 655 653 601 654 640 598 590 557 589 558 623 532 579 567 628 630 534 556 503 499 555 504 300 475 580 593 581 599 635 634 482 639 73 75 74 505 603 583 656 659 
1
569 
2
570 560 
2
571 545 
1
572 
4
573 544 512 584 
60
480 538 540 541 309 491 310 542 311 312 539 569 559 490 493 64 571 545 521 522 305 632 648 543 308 306 307 520 518 67 65 66 517 638 629 631 304 303 627 483 633 302 597 596 519 68 69 570 523 546 62 63 61 301 595 484 594 70 71 72 
1
575 
1
576 
1
577 
1
578 
1
579 
3
580 593 72 
12
581 599 635 77 78 634 482 639 73 76 75 74 
1
582 
1
583 
1
584 
1
585 
3
586 610 423 
1
587 
1
588 
1
589 
10
590 557 592 203 578 589 204 558 623 169 
21
591 622 625 172 171 170 566 201 473 624 202 590 557 592 203 578 589 204 558 623 169 
5
592 203 578 589 204 
2
593 72 
3
594 70 71 
1
595 
1
596 
5
597 596 519 68 69 
1
598 
1
599 
1
600 
5
601 654 640 598 79 
1
602 
1
603 
27
604 424 608 43 606 44 42 477 609 45 707 37 38 702 430 429 704 39 703 428 427 607 426 605 41 40 425 
3
605 41 40 
1
606 
6
607 426 605 41 40 425 
5
608 43 606 44 42 
2
609 45 
1
610 
3
611 613 51 
1
612 
2
613 51 
9
614 492 57 636 52 55 53 56 54 
15
615 616 570 560 523 546 62 63 485 642 58 643 61 59 60 
1
616 
3
617 472 536 
3
618 328 619 
1
619 
3
620 330 329 
12
621 588 618 328 619 420 498 323 327 324 326 325 
1
622 
2
623 169 
1
624 
4
625 172 171 170 
61
626 175 552 173 174 565 577 199 200 176 563 564 198 197 562 527 177 478 528 196 195 501 190 553 194 192 193 191 529 500 181 182 551 180 178 179 554 189 187 188 530 186 183 185 184 591 622 625 172 171 170 566 201 473 624 202 592 203 578 204 169 
4
627 483 633 302 
3
628 630 301 
13
629 631 304 303 627 483 633 302 597 596 519 68 69 
2
630 301 
3
631 304 303 
1
632 
2
633 302 
1
634 
4
635 77 78 634 
2
636 52 
2
637 419 
1
638 
2
639 73 
3
640 598 79 
3
641 80 486 
2
642 58 
4
643 61 59 60 
7
644 216 284 217 286 285 215 
14
645 218 282 283 281 220 219 644 216 284 217 286 285 215 
41
644 216 284 217 286 285 215 678 211 291 494 287 214 680 289 288 679 212 213 290 533 294 651 206 681 292 682 207 208 683 209 210 487 293 205 295 531 296 299 297 298 
17
647 17 450 18 449 451 16 516 15 452 453 14 657 448 19 447 20 
5
648 543 308 306 307 
5
649 397 398 395 396 
9
650 352 350 351 506 349 400 399 401 
4
651 603 583 206 
3
652 602 205 
1
653 
1
654 
3
655 168 653 
6
656 167 659 641 80 486 
5
657 448 19 447 20 
10
658 582 655 168 653 601 654 640 598 79 
1
659 
38
660 140 112 138 139 661 111 109 107 108 106 105 110 135 114 116 134 133 115 113 136 137 120 118 131 117 132 121 130 129 122 123 128 124 126 125 127 119 
9
661 104 111 109 107 108 106 105 110 
3
662 141 102 
4
663 233 270 261 
9
664 269 267 268 262 266 263 265 264 
5
665 232 271 230 231 
8
666 229 272 665 232 271 230 231 
5
667 227 274 273 228 
13
668 225 276 226 275 223 224 277 667 227 274 273 228 
3
669 222 278 
1
670 
11
671 81 672 165 166 656 167 659 641 80 486 
2
672 165 
64
673 28 440 438 439 29 30 675 31 437 694 695 436 32 434 435 705 431 706 35 36 432 693 34 433 33 707 37 38 702 430 429 704 39 703 428 40 514 25 515 446 444 445 21 488 443 441 442 674 27 26 22 23 24 647 17 450 18 449 657 448 19 447 20 
3
674 27 26 
9
675 31 437 694 695 436 32 434 435 
10
676 10 457 12 11 456 455 489 454 13 
33
677 8 460 458 459 9 676 10 457 12 11 456 455 489 454 13 647 17 450 18 449 451 16 516 15 452 453 14 657 448 19 447 20 
13
678 211 291 494 287 214 680 289 288 679 212 213 290 
3
679 212 213 
7
680 289 288 679 212 213 290 
10
681 292 682 207 208 683 209 210 487 293 
3
682 207 208 
3
683 209 210 
46
684 686 382 685 366 375 379 378 377 380 381 376 369 370 371 372 373 374 368 367 526 392 357 393 356 391 358 497 359 390 360 525 363 362 386 387 549 361 388 389 496 384 365 383 385 364 
2
685 366 
2
686 382 
14
687 84 160 86 85 688 689 161 83 82 163 670 164 162 
9
688 689 161 83 82 163 670 164 162 
2
689 161 
4
690 158 87 159 
29
691 156 155 90 91 692 92 154 157 89 88 690 158 87 159 687 84 160 86 85 688 689 161 83 82 163 670 164 162 
3
692 92 154 
4
693 34 433 33 
6
694 695 436 32 434 435 
2
695 436 
9
696 469 463 462 467 465 466 464 468 
45
697 698 461 7 6 696 469 463 462 467 465 466 464 468 4 2 471 1 0 3 470 5 677 8 460 458 459 9 676 10 457 12 11 456 455 489 454 13 451 16 516 15 452 453 14 
2
698 461 
3
699 339 410 
11
700 408 407 701 341 342 340 409 699 339 410 
3
701 341 342 
3
702 430 429 
2
703 428 
5
704 39 703 428 427 
10
705 431 706 35 36 432 693 34 433 33 
3
706 35 36 
17
707 37 38 702 430 429 704 39 703 428 427 607 426 605 41 40 425 
3
708 413 412 
1
709 
3
710 332 331 
6
711 417 415 416 709 418 
1
712 
4
713 712 338 411 
21
714 335 715 414 334 333 711 417 415 416 709 418 479 637 419 710 332 331 620 330 329 
2
715 414 
42
716 574 617 536 535 621 618 619 498 327 326 508 320 573 584 417 418 637 710 331 330 511 510 316 315 481 321 318 317 319 512 537 502 513 314 313 479 419 332 620 329 711 
40
717 646 279 669 278 225 226 223 277 227 273 645 282 281 219 270 666 272 271 231 280 221 222 668 276 275 224 667 274 228 218 283 220 233 229 665 232 230 269 268 
30
718 152 153 151 149 148 95 98 146 145 92 144 143 662 102 93 94 96 97 150 147 99 100 692 91 101 142 103 141 104 
