15
749 568 50 731 673 532 554 598 671 563 601 654 704 543 387 
766
1
0 
1
1 
3
2 3 4 
2
3 4 
1
4 
1
5 
1
6 
1
7 
2
8 7 
2
9 544 
1
10 
1
11 
1
12 
2
13 12 
1
14 
1
15 
1
16 
1
17 
1
18 
1
19 
2
20 19 
1
21 
1
22 
1
23 
5
24 26 27 28 25 
1
25 
2
26 27 
1
27 
1
28 
1
29 
1
30 
1
31 
1
32 
1
33 
1
34 
1
35 
1
36 
1
37 
1
38 
1
39 
1
40 
2
41 40 
1
42 
1
43 
1
44 
1
45 
1
46 
1
47 
2
48 47 
1
49 
52
50 694 577 700 443 440 441 442 697 450 696 46 48 47 512 698 44 43 45 734 452 451 754 455 453 454 753 42 511 695 49 699 447 446 449 448 735 445 444 41 513 540 616 439 438 578 437 729 431 430 429 432 
1
51 
1
52 
1
53 
1
54 
1
55 
2
56 57 
1
57 
1
58 
1
59 
1
60 
1
61 
1
62 
1
63 
1
64 
1
65 
1
66 
1
67 
1
68 
1
69 
1
70 
1
71 
1
72 
1
73 
2
74 73 
1
75 
2
76 75 
1
77 
4
78 76 75 77 
1
79 
1
80 
1
81 
1
82 
2
83 84 
1
84 
1
85 
1
86 
1
87 
1
88 
1
89 
1
90 
1
91 
1
92 
1
93 
3
94 95 93 
1
95 
1
96 
1
97 
1
98 
1
99 
6
100 101 102 99 103 98 
1
101 
1
102 
1
103 
1
104 
1
105 
1
106 
2
107 106 
1
108 
5
109 108 110 107 106 
1
110 
1
111 
4
112 667 553 118 
5
113 116 117 115 114 
1
114 
1
115 
2
116 117 
1
117 
1
118 
1
119 
3
120 90 91 
2
121 89 
1
122 
2
123 124 
1
124 
1
125 
2
126 127 
1
127 
1
128 
1
129 
1
130 
23
131 134 135 136 531 137 509 592 72 635 637 130 79 545 74 73 636 78 76 75 77 132 133 
2
132 133 
1
133 
3
134 135 136 
2
135 136 
1
136 
1
137 
1
138 
1
139 
1
140 
1
141 
1
142 
2
143 142 
1
144 
2
145 146 
1
146 
1
147 
1
148 
2
149 148 
1
150 
2
151 152 
1
152 
1
153 
1
154 
1
155 
1
156 
2
157 156 
1
158 
1
159 
1
160 
1
161 
3
162 161 160 
1
163 
1
164 
2
165 166 
1
166 
1
167 
1
168 
1
169 
1
170 
1
171 
1
172 
1
173 
5
174 176 175 173 177 
1
175 
1
176 
1
177 
1
178 
1
179 
1
180 
1
181 
1
182 
1
183 
1
184 
1
185 
2
186 185 
1
187 
1
188 
2
189 188 
3
190 189 188 
1
191 
1
192 
1
193 
1
194 
1
195 
1
196 
1
197 
1
198 
24
199 198 246 245 200 244 243 242 523 241 203 201 202 570 205 240 204 238 239 206 524 207 208 237 
4
200 244 243 242 
2
201 202 
1
202 
1
203 
1
204 
1
205 
1
206 
1
207 
1
208 
1
209 
1
210 
1
211 
3
212 214 213 
1
213 
1
214 
5
215 211 212 214 213 
2
216 210 
13
217 234 235 634 209 236 216 210 215 211 212 214 213 
16
218 233 232 231 221 219 220 230 222 229 227 223 224 225 226 228 
2
219 220 
1
220 
1
221 
1
222 
1
223 
3
224 225 226 
2
225 226 
1
226 
1
227 
1
228 
7
229 227 223 224 225 226 228 
2
230 222 
6
231 221 219 220 230 222 
1
232 
1
233 
2
234 235 
1
235 
1
236 
1
237 
2
238 239 
1
239 
1
240 
1
241 
1
242 
2
243 242 
3
244 243 242 
1
245 
1
246 
1
247 
1
248 
1
249 
1
250 
1
251 
1
252 
2
253 252 
4
254 253 252 255 
1
255 
1
256 
1
257 
2
258 256 
1
259 
1
260 
1
261 
1
262 
3
263 264 265 
1
264 
1
265 
1
266 
1
267 
1
268 
1
269 
1
270 
2
271 660 
1
272 
1
273 
1
274 
1
275 
1
276 
2
277 278 
1
278 
1
279 
1
280 
1
281 
1
282 
4
283 282 281 284 
1
284 
1
285 
1
286 
1
287 
1
288 
1
289 
1
290 
1
291 
4
292 293 294 291 
1
293 
1
294 
1
295 
1
296 
1
297 
1
298 
1
299 
1
300 
2
301 302 
1
302 
1
303 
1
304 
1
305 
1
306 
1
307 
1
308 
1
309 
1
310 
1
311 
4
312 311 310 313 
1
313 
1
314 
1
315 
4
316 643 652 653 
1
317 
1
318 
1
319 
1
320 
1
321 
5
322 323 324 320 321 
1
323 
1
324 
2
325 326 
1
326 
1
327 
1
328 
1
329 
1
330 
1
331 
1
332 
1
333 
1
334 
1
335 
1
336 
1
337 
1
338 
2
339 340 
1
340 
1
341 
1
342 
1
343 
1
344 
3
345 560 348 
2
346 347 
1
347 
1
348 
1
349 
1
350 
1
351 
1
352 
3
353 351 352 
1
354 
1
355 
1
356 
1
357 
1
358 
1
359 
6
360 362 361 403 402 401 
1
361 
2
362 361 
1
363 
1
364 
1
365 
1
366 
1
367 
1
368 
1
369 
1
370 
10
371 385 370 372 384 383 605 369 368 386 
3
372 384 383 
20
373 382 371 385 370 372 384 383 605 369 368 386 381 374 375 380 376 377 379 378 
1
374 
1
375 
1
376 
1
377 
1
378 
2
379 378 
5
380 376 377 379 378 
8
381 374 375 380 376 377 379 378 
1
382 
1
383 
1
384 
1
385 
1
386 
31
387 394 566 395 367 393 388 392 389 391 390 373 382 371 385 370 372 384 383 605 369 368 386 381 374 375 380 376 377 379 378 
2
388 392 
3
389 391 390 
1
390 
1
391 
1
392 
6
393 388 392 389 391 390 
1
394 
1
395 
1
396 
2
397 396 
1
398 
1
399 
1
400 
1
401 
1
402 
3
403 402 401 
3
404 359 358 
2
405 357 
2
406 407 
1
407 
1
408 
1
409 
1
410 
1
411 
1
412 
5
413 415 416 414 412 
1
414 
2
415 416 
1
416 
1
417 
1
418 
1
419 
1
420 
1
421 
1
422 
1
423 
1
424 
1
425 
2
426 427 
1
427 
1
428 
1
429 
3
430 428 429 
1
431 
1
432 
1
433 
1
434 
1
435 
1
436 
1
437 
1
438 
1
439 
3
440 441 442 
2
441 442 
1
442 
1
443 
1
444 
1
445 
1
446 
1
447 
1
448 
2
449 448 
1
450 
1
451 
1
452 
2
453 454 
1
454 
1
455 
2
456 457 
1
457 
1
458 
5
459 755 36 35 460 
1
460 
1
461 
1
462 
1
463 
1
464 
1
465 
2
466 465 
1
467 
1
468 
4
469 470 471 468 
2
470 471 
1
471 
1
472 
1
473 
1
474 
1
475 
2
476 477 
1
477 
1
478 
1
479 
1
480 
1
481 
1
482 
2
483 482 
1
484 
1
485 
4
486 488 487 485 
1
487 
1
488 
1
489 
1
490 
1
491 
4
492 493 494 495 
1
493 
2
494 495 
1
495 
1
496 
1
497 
1
498 
3
499 500 0 
2
500 0 
1
501 
1
502 
1
503 
1
504 
4
505 738 631 664 
1
506 
1
507 
27
508 575 153 151 152 536 56 57 611 58 55 530 150 576 59 676 54 557 548 155 157 156 154 547 677 158 159 
3
509 592 72 
3
510 550 342 
11
511 695 49 699 447 446 449 448 735 445 444 
8
512 698 44 43 45 734 452 451 
1
513 
1
514 
1
515 
48
516 701 303 301 302 702 305 304 306 644 645 657 517 330 316 643 652 653 648 307 520 646 315 647 309 314 312 311 310 313 308 642 317 640 318 641 328 329 533 319 325 326 327 322 323 324 320 321 
1
517 
1
518 
11
519 733 514 579 436 680 679 168 688 690 678 
1
520 
8
521 649 651 590 656 300 586 502 
1
522 
5
523 241 203 201 202 
4
524 207 208 237 
8
525 82 128 126 127 81 129 80 
14
526 595 69 619 141 140 143 142 70 593 71 594 139 138 
5
527 162 161 160 596 
1
528 
1
529 
4
530 150 576 59 
5
531 137 509 592 72 
63
532 65 145 146 66 743 144 742 67 68 615 64 63 613 147 148 526 595 69 619 141 140 143 142 70 593 71 594 139 138 131 134 135 136 531 137 509 592 72 635 637 130 79 545 74 73 636 78 76 75 77 132 133 83 84 525 82 128 126 127 81 129 80 
10
533 319 325 326 327 322 323 324 320 321 
12
534 475 21 20 19 474 744 478 18 479 476 477 
11
535 186 185 184 555 556 258 256 546 260 259 
3
536 56 57 
2
537 343 
1
538 
5
539 341 338 339 340 
4
540 616 439 438 
6
541 297 528 618 299 298 
1
542 
59
543 363 400 360 362 361 403 402 401 404 359 358 603 355 408 406 407 356 405 357 602 354 409 591 365 364 399 398 366 397 396 565 350 410 353 351 352 549 599 420 625 418 419 345 560 348 600 417 626 604 349 411 346 347 413 415 416 414 412 
1
544 
4
545 74 73 636 
3
546 260 259 
4
547 677 158 159 
5
548 155 157 156 154 
22
549 599 420 625 418 419 345 560 348 600 417 626 604 349 411 346 347 413 415 416 414 412 
2
550 342 
5
551 538 337 705 336 
1
552 
2
553 118 
50
554 542 96 92 668 119 112 667 553 118 665 97 104 666 111 105 94 95 93 109 108 110 107 106 100 101 102 99 103 98 113 116 117 115 114 125 85 123 124 639 87 122 88 86 121 89 120 90 91 638 
4
555 556 258 256 
1
556 
6
557 548 155 157 156 154 
4
558 537 343 344 
9
559 421 558 537 343 344 510 550 342 
2
560 348 
2
561 504 
2
562 192 
37
563 187 561 504 191 254 253 252 255 562 192 186 256 190 189 188 601 249 195 248 196 627 197 247 194 564 251 193 250 198 246 199 245 200 244 243 201 
4
564 251 193 250 
6
565 350 410 353 351 352 
3
566 395 367 
8
567 262 266 629 507 263 264 265 
62
568 472 467 610 515 29 609 608 22 569 473 23 469 470 471 468 24 26 27 28 25 534 475 21 20 19 474 476 758 756 458 37 456 457 757 752 39 38 764 765 461 34 459 755 36 35 460 761 32 31 30 760 763 466 465 759 462 463 762 464 33 40 
2
569 473 
11
570 205 240 204 238 239 206 524 207 208 237 
4
571 164 501 163 
1
572 
1
573 
4
574 167 165 166 
1
575 
2
576 59 
6
577 700 443 440 441 442 
2
578 437 
2
579 436 
3
580 295 296 
9
581 290 580 295 296 292 293 294 291 
2
582 289 
2
583 589 
20
584 287 286 585 277 278 276 279 288 588 275 503 274 617 285 280 283 282 281 284 
5
585 277 278 276 279 
2
586 502 
29
587 583 589 541 297 528 618 299 298 273 582 289 581 290 580 295 296 292 293 294 291 521 649 651 590 656 300 586 502 
4
588 275 503 274 
1
589 
5
590 656 300 586 502 
8
591 365 364 399 398 366 397 396 
2
592 72 
5
593 71 594 139 138 
2
594 139 
2
595 69 
1
596 
1
597 
29
598 518 725 722 721 663 522 723 623 662 632 726 718 716 506 741 719 624 552 620 621 505 631 333 332 660 270 334 664 
1
599 
6
600 417 626 604 349 411 
45
242 523 241 203 202 570 205 240 204 238 239 206 524 207 208 237 217 234 235 634 209 236 216 210 215 211 212 214 213 218 233 232 231 221 219 220 230 222 229 227 223 224 225 226 228 
3
602 354 409 
11
603 355 408 406 407 356 405 357 602 354 409 
1
604 
4
605 369 368 386 
2
606 261 
1
607 
5
608 22 569 473 23 
1
609 
2
610 515 
2
611 58 
9
612 614 62 61 60 613 147 149 148 
4
613 147 149 148 
4
614 62 61 60 
3
615 64 63 
1
616 
7
617 285 280 283 282 281 284 
3
618 299 298 
5
619 141 140 143 142 
2
620 621 
1
621 
1
622 
3
623 662 632 
4
624 552 335 334 
3
625 418 419 
3
626 604 349 
3
627 197 247 
1
628 
2
629 507 
3
630 607 268 
2
631 664 
1
632 
1
633 
3
634 209 236 
8
635 637 130 79 545 74 73 636 
1
636 
1
637 
25
638 125 85 83 84 123 124 639 87 122 88 86 121 89 120 90 91 525 82 128 126 127 81 129 80 
5
639 87 122 88 86 
1
640 
3
641 328 329 
17
642 317 640 318 641 328 329 533 319 325 326 327 322 323 324 320 321 
1
643 
2
644 645 
1
645 
1
646 
8
647 309 314 312 311 310 313 308 
13
648 307 520 646 315 647 309 314 312 311 310 313 308 
2
649 651 
1
650 
1
651 
2
652 653 
1
653 
106
654 650 658 272 655 659 331 587 583 589 541 297 528 618 299 298 273 582 289 581 290 580 295 296 292 293 294 291 521 649 651 590 656 300 586 502 584 287 286 585 277 278 276 279 288 588 275 503 274 617 285 280 283 282 281 284 516 701 303 301 302 702 305 304 306 644 645 657 517 330 316 643 652 653 648 307 520 646 315 647 309 314 312 311 310 313 308 642 317 640 318 641 328 329 533 319 325 326 327 322 323 324 320 321 661 271 
2
655 659 
1
656 
3
657 517 330 
4
658 272 655 659 
1
659 
1
660 
8
661 332 271 660 623 662 632 270 
1
662 
4
663 522 723 269 
1
664 
6
665 97 104 666 111 105 
3
666 111 105 
1
667 
2
668 119 
6
669 11 10 484 670 489 
2
670 489 
34
671 606 261 182 567 262 266 629 507 263 264 265 672 633 628 630 607 268 267 181 738 736 269 546 260 183 535 185 184 555 556 257 258 259 
12
672 633 628 630 607 268 267 181 505 738 631 664 
60
673 53 527 162 161 160 596 571 164 501 163 675 573 574 167 165 166 52 674 572 508 575 153 151 152 536 56 57 611 58 55 530 150 576 59 676 54 557 548 155 157 156 154 547 677 158 159 731 51 732 730 174 175 173 612 614 62 61 60 149 
3
674 572 727 
10
675 573 574 167 165 166 52 674 572 727 
12
676 54 557 548 155 157 156 154 547 677 158 159 
3
677 158 159 
1
678 
1
679 
3
680 679 168 
11
681 724 717 682 689 683 169 692 693 685 435 
4
682 689 683 169 
2
683 169 
1
684 
1
685 
6
686 687 170 739 684 180 
1
687 
3
688 690 678 
1
689 
1
690 
2
691 714 
4
692 693 685 435 
1
693 
1
694 
2
695 49 
4
696 46 48 47 
33
697 450 696 46 48 47 512 698 44 43 45 734 452 451 754 455 453 454 753 42 41 40 511 695 49 699 447 446 449 448 735 445 444 
3
698 44 43 
5
699 447 446 449 448 
5
700 443 440 441 442 
2
701 303 
4
702 305 304 306 
1
703 
27
704 422 703 551 538 337 705 336 539 341 338 339 340 559 421 558 537 343 344 510 550 342 708 709 597 622 335 
1
705 
37
706 423 708 716 506 741 719 709 597 622 624 552 335 334 620 621 711 529 712 434 720 713 691 714 715 433 710 431 430 428 429 426 427 432 425 707 424 
2
707 424 
3
708 716 506 
9
709 597 622 624 552 335 334 620 621 
9
710 431 430 428 429 426 427 432 425 
8
711 529 712 434 720 713 691 714 
1
712 
1
713 
1
714 
13
715 433 710 431 430 428 429 426 427 432 425 707 424 
1
716 
1
717 
1
718 
1
719 
4
720 713 691 714 
1
721 
2
722 721 
1
723 
1
724 
1
725 
21
726 718 736 737 686 687 170 739 684 180 681 724 717 682 689 683 169 692 693 685 435 
1
727 
1
728 
1
729 
3
730 729 728 
57
728 519 733 514 579 436 680 679 168 688 690 678 737 686 687 170 739 684 180 681 724 717 682 689 683 169 692 693 685 435 740 172 178 176 177 171 179 706 423 711 529 712 434 720 713 691 714 715 433 710 428 426 427 425 707 424 727 
4
732 730 729 728 
1
733 
3
734 452 451 
3
735 445 444 
2
736 737 
1
737 
1
738 
3
739 684 180 
10
740 172 178 174 176 175 173 177 171 179 
2
741 719 
2
742 67 
5
743 144 742 67 68 
6
744 478 18 479 476 477 
4
745 16 480 17 
24
746 14 481 15 745 16 480 17 483 482 13 12 534 475 21 20 19 474 744 478 18 479 476 477 
2
747 497 
19
748 5 498 1 499 500 0 2 3 4 750 496 491 747 497 492 493 494 495 
54
749 751 490 6 9 544 669 11 10 484 670 489 748 5 498 1 499 500 0 2 3 4 750 496 491 747 497 492 493 494 495 486 488 487 485 8 7 746 14 481 15 745 16 480 17 483 482 13 12 744 478 18 479 477 
9
750 496 491 747 497 492 493 494 495 
1
751 
1
752 
4
753 42 41 40 
8
754 455 453 454 753 42 41 40 
2
755 36 
1
756 
4
757 752 39 38 
66
758 756 458 37 456 457 757 752 39 38 764 765 461 34 459 755 36 35 460 761 32 31 30 760 763 466 465 759 462 463 762 464 33 697 450 696 46 48 47 512 698 44 43 45 734 452 451 754 455 453 454 753 42 41 40 511 695 49 699 447 446 449 448 735 445 444 
5
759 462 463 762 464 
4
760 763 466 465 
14
761 32 31 30 760 763 466 465 759 462 463 762 464 33 
2
762 464 
3
763 466 465 
23
764 765 461 34 459 755 36 35 460 761 32 31 30 760 763 466 465 759 462 463 762 464 33 
1
765 
