15
673 679 537 58 553 660 89 671 721 722 503 740 723 741 742 
743
1
0 
3
1 2 3 
1
2 
1
3 
1
4 
1
5 
1
6 
1
7 
1
8 
1
9 
1
10 
1
11 
2
12 13 
1
13 
1
14 
1
15 
1
16 
3
17 16 18 
1
18 
1
19 
1
20 
1
21 
1
22 
2
23 24 
1
24 
1
25 
2
26 25 
1
27 
1
28 
1
29 
1
30 
1
31 
1
32 
1
33 
1
34 
2
35 36 
1
36 
2
37 38 
1
38 
1
39 
1
40 
1
41 
2
42 43 
1
43 
1
44 
1
45 
1
46 
1
47 
1
48 
2
49 48 
2
50 51 
1
51 
1
52 
1
53 
1
54 
1
55 
1
56 
1
57 
76
58 57 520 626 611 59 521 56 523 61 484 638 60 591 522 614 635 637 620 622 473 474 294 295 621 293 613 627 624 612 632 619 590 470 472 62 550 589 441 563 587 454 588 564 618 298 296 297 658 292 644 499 67 636 450 643 65 66 631 630 486 524 289 290 629 639 646 63 64 645 291 623 628 299 55 562 
3
59 521 56 
1
60 
1
61 
1
62 
1
63 
1
64 
2
65 66 
1
66 
1
67 
1
68 
1
69 
1
70 
1
71 
1
72 
1
73 
1
74 
1
75 
1
76 
1
77 
1
78 
2
79 80 
1
80 
1
81 
1
82 
1
83 
1
84 
1
85 
2
86 85 
1
87 
1
88 
48
459 133 95 94 93 135 134 690 97 131 129 130 96 132 101 127 100 691 128 99 98 102 126 125 640 124 109 103 110 123 122 105 108 107 106 104 111 121 113 119 112 120 118 114 115 117 116 656 
1
90 
1
91 
1
92 
1
93 
1
94 
1
95 
1
96 
1
97 
1
98 
1
99 
1
100 
33
101 127 100 691 128 99 98 102 126 125 640 124 109 103 110 123 122 105 108 107 106 104 111 121 113 119 112 120 118 114 115 117 116 
1
102 
1
103 
1
104 
5
105 108 107 106 104 
1
106 
2
107 106 
1
108 
2
109 103 
3
110 123 122 
11
111 121 113 119 112 120 118 114 115 117 116 
2
112 120 
9
113 119 112 120 118 114 115 117 116 
1
114 
3
115 117 116 
1
116 
1
117 
5
118 114 115 117 116 
1
119 
1
120 
1
121 
1
122 
1
123 
1
124 
1
125 
2
126 125 
1
127 
1
128 
2
129 130 
1
130 
1
131 
1
132 
1
133 
1
134 
1
135 
1
136 
1
137 
1
138 
1
139 
2
140 141 
1
141 
1
142 
1
143 
1
144 
1
145 
1
146 
2
147 662 
1
148 
1
149 
2
150 149 
4
151 152 150 149 
1
152 
1
153 
1
154 
1
155 
1
156 
1
157 
1
158 
2
159 158 
1
160 
8
161 598 572 600 194 595 573 593 
1
162 
1
163 
1
164 
1
165 
2
166 167 
1
167 
1
168 
1
169 
2
170 169 
1
171 
2
172 171 
1
173 
1
174 
1
175 
4
176 178 177 179 
1
177 
3
178 177 179 
1
179 
1
180 
1
181 
2
182 181 
1
183 
1
184 
2
185 186 
1
186 
1
187 
1
188 
1
189 
2
190 189 
1
191 
1
192 
2
193 192 
2
194 595 
1
195 
1
196 
1
197 
1
198 
1
199 
1
200 
1
201 
1
202 
1
203 
1
204 
2
205 204 
1
206 
1
207 
1
208 
1
209 
1
210 
1
211 
2
212 213 
1
213 
1
214 
1
215 
1
216 
1
217 
1
218 
2
219 218 
1
220 
1
221 
1
222 
1
223 
2
224 223 
1
225 
1
226 
1
227 
1
228 
1
229 
1
230 
1
231 
1
232 
1
233 
1
234 
1
235 
7
236 242 237 241 238 240 239 
5
237 241 238 240 239 
3
238 240 239 
1
239 
2
240 239 
1
241 
1
242 
9
243 235 236 242 237 241 238 240 239 
12
244 234 233 243 235 236 242 237 241 238 240 239 
5
245 232 641 252 231 
6
246 251 250 247 248 249 
3
247 248 249 
1
248 
1
249 
1
250 
1
251 
1
252 
3
253 229 230 
1
254 
1
255 
1
256 
1
257 
2
258 257 
1
259 
1
260 
1
261 
2
262 263 
1
263 
1
264 
1
265 
3
266 267 265 
1
267 
1
268 
1
269 
1
270 
1
271 
1
272 
1
273 
1
274 
1
275 
2
276 275 
1
277 
1
278 
1
279 
1
280 
2
281 526 
1
282 
1
283 
1
284 
1
285 
1
286 
1
287 
1
288 
1
289 
1
290 
2
291 290 
1
292 
1
293 
1
294 
1
295 
2
296 297 
1
297 
1
298 
1
299 
1
300 
1
301 
1
302 
1
303 
2
304 305 
1
305 
1
306 
1
307 
1
308 
1
309 
1
310 
1
311 
1
312 
1
313 
1
314 
1
315 
1
316 
1
317 
1
318 
3
319 320 318 
1
320 
4
321 317 502 475 
2
322 532 
1
323 
1
324 
1
325 
1
326 
1
327 
1
328 
1
329 
1
330 
2
331 330 
1
332 
1
333 
1
334 
1
335 
1
336 
1
337 
3
338 377 731 
1
339 
1
340 
1
341 
1
342 
1
343 
1
344 
1
345 
1
346 
1
347 
1
348 
1
349 
1
350 
1
351 
1
352 
1
353 
2
354 353 
2
355 356 
1
356 
1
357 
1
358 
1
359 
2
360 359 
1
361 
4
362 361 360 359 
5
363 362 361 360 359 
6
364 363 362 361 360 359 
1
365 
1
366 
1
367 
1
368 
2
369 370 
1
370 
1
371 
1
372 
1
373 
10
374 728 342 341 375 732 733 340 376 339 
1
375 
1
376 
2
377 731 
1
378 
1
379 
1
380 
1
381 
1
382 
1
383 
2
384 385 
1
385 
1
386 
1
387 
1
388 
1
389 
1
390 
1
391 
1
392 
1
393 
1
394 
7
395 506 508 511 509 505 516 
1
396 
1
397 
1
398 
1
399 
2
400 399 
1
401 
1
402 
1
403 
2
404 405 
1
405 
1
406 
1
407 
1
408 
1
409 
1
410 
1
411 
1
412 
2
413 414 
1
414 
1
415 
1
416 
1
417 
1
418 
1
419 
1
420 
2
421 420 
1
422 
1
423 
1
424 
1
425 
1
426 
1
427 
1
428 
5
429 428 430 431 427 
1
430 
1
431 
6
432 429 428 430 431 427 
8
433 434 1 2 3 435 0 4 
7
434 1 2 3 435 0 4 
2
435 0 
8
436 717 719 42 43 465 720 44 
12
437 664 148 663 153 151 152 150 149 659 76 75 
1
438 
1
439 
2
440 498 
2
441 562 
12
442 699 31 30 29 702 401 402 696 403 698 28 
7
443 693 26 25 23 24 27 
1
444 
1
445 
1
446 
1
447 
16
448 655 175 602 168 166 167 653 654 180 476 607 183 184 182 181 
1
449 
1
450 
1
451 
1
452 
16
453 610 53 540 517 549 557 548 586 47 469 52 49 48 50 51 
1
454 
8
455 551 515 514 649 650 310 309 
1
456 
1
457 
4
458 142 140 141 
10
459 133 95 94 656 93 657 135 136 134 
41
460 21 697 410 20 694 692 408 409 22 407 695 406 404 405 443 693 26 25 23 24 27 442 699 31 30 29 702 401 402 696 403 698 28 700 33 704 398 400 399 32 
1
461 
3
462 609 207 
5
463 271 210 209 272 
1
464 
3
465 720 44 
2
466 393 
3
467 285 284 
4
468 69 68 70 
6
469 52 49 48 50 51 
4
470 472 296 297 
1
471 
3
472 296 297 
1
473 
5
474 294 295 621 293 
1
475 
6
476 607 183 184 182 181 
7
477 173 170 169 174 172 171 
4
478 91 92 137 
1
479 
7
480 37 38 34 718 479 39 
11
481 616 482 159 158 160 495 569 615 603 594 
3
482 159 158 
5
483 439 157 493 531 
1
484 
5
485 287 288 286 449 
5
486 524 289 291 290 
6
487 546 528 467 285 284 
19
488 71 451 497 440 498 490 492 547 72 555 567 452 525 527 283 282 545 530 
3
489 568 571 
3
490 492 547 
16
491 73 489 568 571 481 616 482 159 158 160 495 569 615 603 594 
1
492 
2
493 531 
13
494 666 74 665 155 154 661 156 483 439 157 493 531 
1
495 
39
496 500 499 468 69 68 70 529 501 485 287 288 286 449 487 546 528 467 285 284 488 71 451 497 440 498 490 492 547 72 555 567 452 525 527 283 282 545 530 
1
497 
1
498 
1
499 
1
500 
1
501 
2
502 475 
45
315 312 311 310 314 313 651 650 309 308 307 306 305 316 649 510 647 648 304 303 512 317 543 542 519 471 515 455 514 652 475 447 508 302 538 518 551 509 634 633 541 301 625 552 300 
10
504 323 684 392 534 391 322 532 466 393 
2
505 516 
1
506 
38
507 396 535 559 561 560 45 46 513 558 536 716 40 41 436 717 719 42 43 465 720 44 453 610 53 540 517 549 557 548 586 47 469 52 49 48 50 51 
1
508 
1
509 
4
510 651 312 311 
2
511 509 
16
512 519 314 313 510 651 312 311 455 551 515 514 649 650 310 309 
2
513 558 
1
514 
2
515 514 
1
516 
1
517 
1
518 
3
519 314 313 
63
520 626 611 55 59 521 56 523 61 484 638 60 591 522 614 635 637 620 622 473 474 294 295 621 293 613 627 624 612 632 298 299 619 590 470 472 296 297 629 639 636 450 646 63 62 64 645 643 65 66 644 67 631 630 486 524 289 291 290 623 658 628 292 
1
521 
1
522 
7
523 61 484 638 60 591 522 
2
524 289 
6
525 527 283 282 545 530 
1
526 
2
527 283 
4
528 467 285 284 
13
529 501 485 287 288 286 449 487 546 528 467 285 284 
1
530 
1
531 
1
532 
22
533 325 324 326 445 682 390 389 683 327 680 388 504 323 684 392 534 391 322 532 466 393 
1
534 
2
535 559 
12
536 716 40 41 436 717 719 42 43 465 720 44 
48
38 39 45 46 40 41 42 43 44 561 719 465 720 47 48 49 37 718 716 717 535 51 586 559 560 50 436 513 511 516 558 548 52 505 517 549 557 469 610 540 539 53 453 54 507 479 536 506 
55
538 539 518 395 506 508 511 509 505 516 512 519 314 313 510 651 312 311 455 551 515 514 649 650 310 309 652 647 308 648 306 304 305 307 550 589 441 562 563 587 54 541 552 634 302 471 303 633 301 625 300 454 588 564 618 
1
539 
2
540 517 
14
541 552 634 302 471 303 633 301 625 300 454 588 564 618 
3
542 316 315 
4
543 542 316 315 
1
544 
2
545 530 
1
546 
1
547 
3
548 586 47 
5
549 557 548 586 47 
21
550 589 441 562 563 587 54 541 552 634 302 471 303 633 301 625 300 454 588 564 618 
1
551 
1
552 
42
566 565 456 570 592 554 489 568 571 616 495 569 615 594 572 600 573 593 496 529 501 449 487 546 528 451 497 440 498 490 492 547 555 567 452 545 530 603 481 500 544 608 
1
554 
9
555 567 452 525 527 283 282 545 530 
1
556 
1
557 
1
558 
1
559 
1
560 
4
561 560 45 46 
1
562 
3
563 587 54 
2
564 618 
1
565 
1
566 
1
567 
1
568 
4
569 615 603 594 
1
570 
1
571 
2
572 600 
2
573 593 
6
574 556 672 197 585 544 
1
575 
19
576 199 200 198 577 280 575 668 444 578 201 202 279 574 556 672 197 585 544 
3
577 280 575 
3
578 201 202 
6
579 580 206 203 205 204 
3
580 206 203 
39
581 462 609 207 278 584 208 583 273 582 274 277 276 275 579 580 206 203 205 204 576 199 200 198 577 280 575 668 444 578 201 202 279 574 556 672 197 585 544 
3
582 274 277 
2
583 273 
7
584 208 583 273 582 274 277 
2
585 544 
2
586 47 
2
587 54 
1
588 
1
589 
1
590 
2
591 522 
2
592 554 
1
593 
1
594 
1
595 
18
596 597 617 163 599 164 457 162 193 192 161 598 572 600 194 595 573 593 
1
597 
1
598 
1
599 
1
600 
4
601 438 165 669 
2
602 168 
2
603 594 
1
604 
8
605 604 670 188 606 187 185 186 
4
606 187 185 186 
5
607 183 184 182 181 
7
608 456 196 570 195 592 554 
2
609 207 
2
610 53 
2
611 55 
1
612 
13
613 627 624 612 632 298 299 619 590 470 472 296 297 
11
614 635 637 620 622 473 474 294 295 621 293 
1
615 
1
616 
6
617 163 599 164 457 162 
1
618 
6
619 590 470 472 296 297 
1
620 
1
621 
7
622 473 474 294 295 621 293 
4
623 658 628 292 
5
624 612 632 298 299 
6
625 300 454 588 564 618 
1
626 
1
627 
1
628 
25
629 639 636 450 646 63 62 64 645 643 65 66 644 67 631 630 486 524 289 291 290 623 658 628 292 
1
630 
11
631 630 486 524 289 291 290 623 658 628 292 
3
632 298 299 
1
633 
6
634 302 471 303 633 301 
1
635 
2
636 450 
2
637 620 
1
638 
1
639 
4
640 124 109 103 
3
641 252 231 
9
642 19 703 412 411 461 17 16 18 
5
643 65 66 644 67 
2
644 67 
1
645 
10
646 63 62 64 645 643 65 66 644 67 
2
647 308 
5
648 306 304 305 307 
4
649 650 310 309 
3
650 310 309 
3
651 312 311 
8
652 647 308 648 306 304 305 307 
9
653 654 180 476 607 183 184 182 181 
2
654 180 
1
655 
6
656 93 657 135 136 134 
3
657 135 136 
3
658 628 292 
3
659 76 75 
48
660 77 78 667 79 80 662 437 664 148 663 153 151 152 150 149 659 76 75 494 666 74 665 155 154 661 156 483 439 157 493 531 491 73 482 159 158 160 163 164 162 468 69 68 70 488 71 72 
1
661 
1
662 
2
663 153 
2
664 148 
5
665 155 154 661 156 
1
666 
6
667 79 80 81 147 662 
6
668 444 578 201 202 279 
1
669 
6
670 188 606 187 185 186 
54
671 191 190 189 601 438 165 669 605 604 670 188 606 187 185 186 448 655 175 602 168 166 167 653 654 180 476 607 183 184 182 181 176 178 177 179 477 173 170 169 174 172 171 596 597 617 599 457 192 598 194 161 595 197 
4
672 197 585 544 
49
673 5 426 433 434 1 2 3 435 0 4 432 429 428 430 431 427 12 13 418 676 11 419 421 420 674 425 6 7 424 8 423 675 9 422 10 679 415 416 678 15 16 677 14 417 413 414 461 17 
11
674 425 6 7 424 8 423 675 9 422 10 
4
675 9 422 10 
5
676 11 419 421 420 
11
677 14 417 12 13 418 676 11 419 421 420 
2
678 15 
56
642 19 703 412 411 18 460 21 697 410 20 694 692 408 409 22 407 695 406 404 405 443 693 26 25 23 24 27 442 699 30 29 702 401 402 696 403 698 28 400 397 31 33 704 398 399 32 537 395 396 700 34 35 701 36 480 
2
680 388 
11
681 386 384 385 446 685 329 331 330 387 328 
3
682 390 389 
4
683 327 680 388 
4
684 392 534 391 
2
685 329 
6
686 83 689 146 145 82 
2
687 84 
5
688 143 144 687 84 
3
689 146 145 
7
690 97 131 129 130 96 132 
4
691 128 99 98 
1
692 
3
693 26 25 
6
694 692 408 409 22 407 
11
695 406 404 405 443 693 26 25 23 24 27 
4
696 403 698 28 
1
697 
2
698 28 
3
699 31 30 
7
700 33 704 398 400 399 32 
1
701 
3
702 401 402 
3
703 412 411 
4
704 398 400 399 
15
705 214 268 708 706 211 212 213 269 270 463 271 210 209 272 
2
706 211 
6
707 216 266 267 265 215 
7
708 706 211 212 213 269 270 
1
709 
12
710 709 264 217 262 263 707 216 266 267 265 215 
12
711 259 222 712 221 713 261 260 220 464 219 218 
9
712 221 713 261 260 220 464 219 218 
3
713 261 260 
3
714 139 138 
20
715 87 86 85 458 142 140 141 88 688 143 144 687 84 686 83 689 146 145 82 
3
716 40 41 
1
717 
3
718 479 39 
3
719 42 43 
2
720 44 
40
712 221 713 261 220 464 219 218 710 709 264 217 262 263 707 216 266 267 265 215 705 214 268 708 706 211 212 213 269 270 463 271 210 209 272 208 583 273 274 260 
42
722 227 255 254 228 253 229 230 245 232 641 252 231 246 251 250 247 248 249 244 234 233 243 235 236 242 237 241 238 240 239 721 225 256 226 258 257 224 223 711 259 222 
51
723 358 351 364 363 362 361 360 359 724 357 352 355 356 354 353 730 373 372 729 343 344 727 371 345 369 370 726 368 347 346 367 348 725 366 349 350 365 374 728 342 341 375 732 733 340 376 338 377 339 731 
7
724 357 352 355 356 354 353 
5
725 366 349 350 365 
11
726 368 347 346 367 348 725 366 349 350 365 
5
727 371 345 369 370 
3
728 342 341 
3
729 343 344 
32
730 373 372 729 343 344 727 371 345 369 370 374 728 342 341 375 732 733 340 376 339 726 368 347 346 367 348 725 366 349 350 365 
1
731 
5
732 733 340 376 339 
1
733 
1
734 
2
735 336 
9
736 735 336 379 337 378 338 377 731 
15
737 383 739 332 681 386 384 385 446 685 329 331 330 387 328 
3
738 381 382 
2
739 332 
59
740 734 334 333 738 381 382 380 335 736 735 336 379 337 737 383 739 332 681 386 384 385 446 685 329 331 330 387 328 326 682 390 389 683 327 680 388 533 325 324 445 504 323 684 392 534 391 393 466 322 394 378 319 320 321 503 502 532 318 
51
741 553 281 196 195 193 485 288 467 284 525 283 581 609 278 582 277 275 580 203 204 199 198 280 668 578 202 574 672 585 526 286 285 527 282 576 200 577 575 444 201 556 287 462 276 579 206 205 279 584 207 
34
742 89 714 138 91 137 136 715 86 458 140 88 143 687 686 689 145 81 147 85 688 144 84 83 146 82 142 90 139 478 92 87 141 657 
