15
649 616 804 49 154 596 636 818 729 264 297 421 420 554 896 
897
1
0 
2
1 0 
1
2 
1
3 
30
4 7 763 765 594 8 510 511 766 520 512 521 518 515 516 517 514 513 519 5 6 764 3 523 522 524 2 525 1 0 
2
5 6 
1
6 
1
7 
1
8 
1
9 
1
10 
1
11 
1
12 
1
13 
2
14 15 
1
15 
1
16 
1
17 
1
18 
1
19 
2
20 19 
1
21 
1
22 
1
23 
1
24 
1
25 
1
26 
1
27 
2
28 575 
1
29 
1
30 
2
31 30 
1
32 
1
33 
1
34 
1
35 
1
36 
1
37 
2
38 39 
1
39 
1
40 
1
41 
2
42 43 
1
43 
1
44 
5
45 44 801 42 43 
1
46 
1
47 
0

79
49 872 873 791 852 851 790 789 691 690 666 667 788 665 638 670 184 186 185 188 187 668 189 664 637 190 171 785 786 179 180 182 604 681 183 787 547 669 792 793 640 170 176 173 175 174 172 177 178 181 871 870 530 571 169 168 48 883 853 884 546 850 871 870 530 571 169 168 191 886 51 50 869 167 886 51 50 869 167 
1
50 
1
51 
2
52 53 
1
53 
1
54 
1
55 
1
56 
1
57 
1
58 
1
59 
1
60 
2
61 62 
1
62 
1
63 
1
64 
1
65 
1
66 
2
67 66 
1
68 
1
69 
1
70 
1
71 
1
72 
1
73 
1
74 
1
75 
2
76 77 
1
77 
1
78 
1
79 
1
80 
1
81 
2
82 81 
1
83 
1
84 
1
85 
1
86 
1
87 
1
88 
1
89 
1
90 
1
91 
2
92 91 
2
93 90 
5
94 99 100 752 101 
1
95 
2
96 97 
1
97 
4
98 95 96 97 
2
99 100 
1
100 
1
101 
1
102 
1
103 
1
104 
1
105 
1
106 
4
107 106 108 105 
1
108 
7
109 104 107 106 108 105 103 
1
110 
1
111 
2
112 111 
1
113 
1
114 
1
115 
1
116 
1
117 
1
118 
3
119 118 117 
2
120 116 
1
121 
2
122 123 
1
123 
1
124 
1
125 
1
126 
1
127 
1
128 
2
129 128 
6
130 127 129 128 126 131 
1
131 
1
132 
1
133 
1
134 
11
135 599 629 659 143 630 72 632 631 134 71 
2
136 140 
3
137 139 138 
1
138 
1
139 
1
140 
7
141 136 140 142 137 139 138 
1
142 
1
143 
1
144 
1
145 
1
146 
1
147 
1
148 
1
149 
1
150 
2
151 150 
4
152 149 151 150 
7
153 148 147 152 149 151 150 
113
154 146 635 145 600 767 774 65 768 634 534 69 144 772 68 67 66 770 777 778 61 62 155 156 834 157 158 532 771 63 64 769 833 159 773 776 60 59 843 58 841 143 153 148 147 152 149 151 150 572 868 845 54 52 53 838 166 165 842 531 840 844 56 57 55 836 161 160 835 162 163 839 164 874 837 572 868 845 54 52 53 838 166 165 842 531 840 844 56 57 55 836 161 160 835 162 163 839 164 874 837 775 659 142 70 599 629 630 71 141 135 136 140 
2
155 156 
1
156 
1
157 
1
158 
1
159 
1
160 
1
161 
2
162 163 
1
163 
1
164 
1
165 
1
166 
3
167 166 165 
1
168 
1
169 
1
170 
23
171 785 786 179 180 182 604 681 183 787 547 669 792 793 640 170 176 173 175 174 172 177 178 
1
172 
1
173 
1
174 
2
175 174 
7
176 173 175 174 172 177 178 
2
177 178 
1
178 
1
179 
2
180 182 
1
181 
1
182 
1
183 
1
184 
1
185 
4
186 185 188 187 
1
187 
2
188 187 
1
189 
1
190 
1
191 
1
192 
1
193 
1
194 
1
195 
1
196 
2
197 198 
1
198 
1
199 
1
200 
1
201 
1
202 
11
203 651 204 567 723 278 609 566 281 279 280 
1
204 
1
205 
3
206 207 208 
1
207 
1
208 
1
209 
1
210 
1
211 
2
212 211 
1
213 
1
214 
2
215 214 
1
216 
1
217 
2
218 217 
3
219 720 263 
1
220 
2
221 222 
1
222 
1
223 
1
224 
1
225 
1
226 
1
227 
1
228 
1
229 
1
230 
2
231 232 
1
232 
2
233 230 
3
234 252 251 
19
235 249 250 234 252 251 247 237 248 236 246 238 245 239 240 244 243 242 241 
1
236 
1
237 
1
238 
1
239 
5
240 244 243 242 241 
1
241 
1
242 
3
243 242 241 
1
244 
7
245 239 240 244 243 242 241 
9
246 238 245 239 240 244 243 242 241 
13
247 237 248 236 246 238 245 239 240 244 243 242 241 
2
248 236 
1
249 
1
250 
1
251 
1
252 
1
253 
1
254 
1
255 
1
256 
2
257 258 
1
258 
1
259 
2
260 261 
1
261 
1
262 
1
263 
51
720 751 225 224 257 258 226 256 750 227 255 254 562 221 222 832 259 260 261 223 265 581 253 229 228 233 230 231 232 235 249 250 234 252 251 247 237 248 236 246 238 245 239 240 244 243 242 241 263 262 220 
3
265 266 267 
1
266 
1
267 
1
268 
1
269 
1
270 
1
271 
1
272 
1
273 
1
274 
1
275 
1
276 
1
277 
1
278 
2
279 280 
1
280 
1
281 
2
282 283 
1
283 
1
284 
1
285 
1
286 
1
287 
3
288 289 287 
1
289 
1
290 
1
291 
1
292 
2
293 294 
1
294 
1
295 
1
296 
61
297 815 814 330 866 742 298 810 811 528 570 313 312 619 316 314 315 299 812 813 329 618 577 318 317 543 620 320 319 580 328 578 322 321 325 326 327 324 323 300 306 303 302 585 301 305 304 569 745 308 307 743 744 311 309 310 331 293 296 295 535 
1
298 
1
299 
17
300 306 303 302 585 301 305 304 569 745 308 307 743 744 311 309 310 
1
301 
1
302 
2
303 302 
1
304 
2
305 304 
5
306 303 302 585 301 
1
307 
1
308 
1
309 
1
310 
1
311 
1
312 
1
313 
2
314 315 
1
315 
1
316 
1
317 
1
318 
1
319 
1
320 
1
321 
2
322 321 
1
323 
2
324 323 
3
325 326 327 
2
326 327 
1
327 
1
328 
1
329 
1
330 
1
331 
1
332 
4
333 335 715 714 
1
334 
1
335 
1
336 
1
337 
1
338 
4
339 340 341 338 
1
340 
1
341 
1
342 
1
343 
1
344 
2
345 346 
1
346 
1
347 
1
348 
2
349 350 
1
350 
3
351 353 352 
1
352 
2
353 352 
1
354 
1
355 
1
356 
1
357 
1
358 
1
359 
1
360 
1
361 
1
362 
1
363 
4
364 362 363 361 
2
365 360 
1
366 
1
367 
1
368 
1
369 
1
370 
1
371 
1
372 
1
373 
1
374 
1
375 
1
376 
1
377 
1
378 
2
379 380 
1
380 
1
381 
1
382 
2
383 382 
1
384 
5
385 386 383 382 384 
1
386 
1
387 
1
388 
1
389 
2
390 389 
2
391 392 
1
392 
1
393 
1
394 
1
395 
1
396 
2
397 398 
1
398 
2
399 400 
1
400 
1
401 
2
402 401 
2
403 404 
1
404 
1
405 
1
406 
1
407 
1
408 
2
409 408 
1
410 
1
411 
1
412 
1
413 
1
414 
1
415 
2
416 415 
3
417 416 415 
4
418 831 538 414 
1
419 
44
754 348 588 347 587 746 413 351 353 352 349 350 586 354 574 412 418 831 538 414 417 416 415 554 359 403 404 360 643 642 411 410 355 409 408 356 644 357 358 606 407 641 405 406 
41
421 657 536 713 336 626 710 555 333 335 715 714 708 334 590 625 553 337 342 339 340 341 338 658 685 422 867 332 603 423 420 537 584 343 344 589 583 419 556 345 346 
1
422 
1
423 
3
424 425 426 
2
425 426 
1
426 
1
427 
1
428 
3
429 672 673 
1
430 
1
431 
2
432 433 
1
433 
1
434 
1
435 
1
436 
1
437 
2
438 437 
1
439 
1
440 
1
441 
1
442 
1
443 
1
444 
5
445 449 448 446 447 
1
446 
1
447 
3
448 446 447 
1
449 
10
450 444 889 443 442 445 449 448 446 447 
1
451 
1
452 
1
453 
2
454 456 
1
455 
1
456 
1
457 
1
458 
1
459 
1
460 
1
461 
1
462 
2
463 464 
1
464 
1
465 
1
466 
1
467 
2
468 476 
7
469 474 470 473 471 472 475 
4
470 473 471 472 
2
471 472 
1
472 
1
473 
1
474 
1
475 
1
476 
1
477 
1
478 
1
479 
1
480 
1
481 
1
482 
1
483 
1
484 
3
485 483 484 
6
486 482 485 483 484 481 
5
487 480 488 614 489 
1
488 
1
489 
1
490 
1
491 
1
492 
1
493 
1
494 
1
495 
2
496 495 
4
497 494 496 495 
1
498 
1
499 
1
500 
2
501 500 
1
502 
1
503 
1
504 
1
505 
2
506 504 
1
507 
1
508 
2
509 508 
1
510 
1
511 
1
512 
1
513 
1
514 
3
515 516 517 
1
516 
1
517 
7
518 515 516 517 514 513 519 
1
519 
1
520 
1
521 
1
522 
1
523 
5
524 2 525 1 0 
3
525 1 0 
3
526 608 284 
1
527 
1
528 
1
529 
1
530 
1
531 
5
532 771 63 64 769 
1
533 
1
534 
1
535 
1
536 
5
537 584 343 344 589 
1
538 
1
539 
1
540 
1
541 
1
542 
14
543 620 320 319 580 328 578 322 321 325 326 327 324 323 
2
544 711 
5
545 679 429 672 673 
20
546 803 850 655 692 529 707 705 559 703 706 684 799 689 601 662 192 663 544 711 
2
547 669 
8
548 698 550 702 40 41 38 39 
2
549 807 
1
550 
5
551 796 660 194 797 
14
552 272 273 271 718 213 212 211 717 719 216 215 214 270 
3
553 337 342 
50
366 365 895 374 394 373 395 894 372 396 371 592 368 397 398 370 758 402 401 367 759 399 400 369 721 376 375 393 391 392 377 564 390 389 378 388 722 381 387 379 380 385 386 383 382 384 364 362 363 361 
1
555 
4
556 345 346 347 
4
557 457 454 456 
2
558 849 
4
559 703 706 684 
4
560 436 438 437 
4
561 269 218 217 
10
562 221 222 262 832 259 260 261 223 220 
3
563 598 124 
5
564 390 389 378 388 
1
565 
4
566 281 279 280 
3
567 723 278 
1
568 
9
569 745 308 307 743 744 311 309 310 
3
570 313 312 
3
571 169 168 
28
572 868 869 845 54 52 53 838 167 166 165 842 531 840 844 56 57 55 836 161 160 835 162 163 839 164 874 837 
4
573 78 76 77 
2
574 412 
1
575 
20
576 541 479 794 26 478 795 27 652 487 480 488 614 489 486 482 485 483 484 481 
2
577 318 
8
578 322 321 325 326 327 324 323 
3
579 432 433 
2
580 328 
27
581 253 229 228 233 230 231 232 235 249 250 234 252 251 247 237 248 236 246 238 245 239 240 244 243 242 241 
29
582 113 624 89 93 90 753 102 110 112 111 94 99 100 752 101 92 91 109 104 107 106 108 105 103 98 95 96 97 
9
583 754 348 588 419 556 345 346 347 
3
584 343 344 
2
585 301 
4
586 354 574 412 
16
587 746 413 351 353 352 349 350 586 354 574 412 418 831 538 414 
1
588 
1
589 
9
590 625 553 337 342 339 340 341 338 
29
591 84 121 755 83 627 122 123 82 81 563 598 124 613 80 79 120 116 756 115 87 86 85 757 114 88 119 118 117 
12
592 368 397 398 370 758 402 401 367 759 399 400 
13
593 12 503 506 504 628 10 11 507 509 508 9 505 
4
594 8 510 511 
10
595 612 75 533 597 125 573 78 76 77 
88
596 133 633 784 73 74 132 595 612 75 533 597 125 573 78 76 77 130 127 129 128 126 131 591 84 121 755 83 627 122 123 82 81 563 598 124 613 80 79 120 116 756 115 87 86 85 757 114 88 119 118 117 582 113 624 89 93 90 753 102 110 112 111 94 99 100 752 101 92 91 109 104 107 106 108 105 103 98 95 96 97 72 632 631 134 137 139 138 
6
597 125 573 78 76 77 
2
598 124 
2
599 629 
1
600 
3
601 662 192 
1
602 
3
603 423 602 
3
604 681 183 
3
605 463 464 
5
606 407 641 405 406 
1
607 
2
608 284 
5
609 566 281 279 280 
15
610 526 608 284 282 283 285 202 735 290 731 286 288 289 287 
3
611 734 730 
3
612 75 533 
3
613 80 79 
2
614 489 
1
615 
88
616 477 615 782 653 28 575 468 476 748 29 32 31 30 617 467 540 747 33 576 541 479 794 26 478 795 27 652 487 480 488 614 486 482 481 469 474 470 473 471 472 475 459 654 682 36 749 34 35 697 37 696 783 466 465 605 463 464 683 693 694 461 462 699 460 698 550 702 40 38 39 800 700 695 458 557 457 456 44 801 42 43 548 41 455 701 539 45 
5
617 467 540 747 33 
4
618 577 318 317 
4
619 316 314 315 
3
620 320 319 
5
621 430 622 680 712 
1
622 
7
623 579 432 433 431 558 849 
2
624 89 
1
625 
9
626 710 555 333 335 715 714 686 708 
1
627 
7
628 10 11 507 509 508 9 
1
629 
6
630 72 632 631 134 71 
2
631 134 
3
632 631 134 
1
633 
10
634 534 775 70 69 144 772 68 67 66 
17
635 145 600 767 774 65 768 634 534 775 70 69 144 772 68 67 66 
67
636 687 688 798 677 661 621 622 680 712 545 679 672 673 676 639 674 655 692 529 707 705 703 799 689 663 544 711 193 660 194 195 196 551 796 797 865 655 692 529 707 705 703 799 689 601 662 192 663 544 711 601 662 192 803 803 430 706 706 429 428 427 559 559 425 671 426 
1
637 
1
638 
11
639 674 428 603 423 602 671 427 424 425 426 
1
640 
3
641 405 406 
3
642 411 410 
16
643 642 411 410 355 409 408 356 644 357 358 606 407 641 405 406 
8
644 357 358 606 407 641 405 406 
2
645 499 
4
646 607 498 493 
16
647 18 17 565 645 499 760 502 762 16 14 15 501 500 761 13 
9
648 21 22 20 19 23 542 779 492 
87
649 24 25 650 780 490 491 648 21 22 20 19 23 542 779 492 647 18 17 565 645 499 760 502 762 16 14 15 501 500 761 13 646 607 498 493 593 12 503 506 504 628 10 11 507 509 508 9 505 497 494 496 495 4 7 763 765 594 8 510 511 766 520 512 521 518 515 516 517 514 513 519 5 6 764 3 523 522 524 2 525 1 0 489 485 483 484 
1
650 
10
651 204 567 723 278 609 566 281 279 280 
1
652 
1
653 
30
654 682 36 749 34 35 697 37 696 783 466 465 605 463 464 683 693 694 461 462 699 460 548 698 550 702 40 41 38 39 
9
655 692 529 707 705 559 703 706 684 
3
656 434 435 
2
657 536 
10
658 709 738 685 422 867 828 823 332 827 
1
659 
2
660 194 
1
661 
1
662 
3
663 544 711 
1
664 
2
665 638 
2
666 667 
1
667 
6
668 189 664 191 637 190 
1
669 
6
670 184 186 185 188 187 
5
671 427 424 425 426 
2
672 673 
1
673 
1
674 
24
675 676 549 807 678 808 739 741 551 796 660 194 797 639 674 428 603 423 602 671 427 424 425 426 
1
676 
1
677 
4
678 808 739 741 
1
679 
2
680 712 
1
681 
2
682 36 
15
683 693 694 461 462 699 460 548 698 550 702 40 41 38 39 
1
684 
2
685 422 
2
686 708 
1
687 
1
688 
1
689 
1
690 
4
691 690 666 667 
1
692 
1
693 
3
694 461 462 
3
695 459 458 
1
696 
3
697 37 696 
2
698 550 
1
699 
1
700 
2
701 539 
3
702 40 41 
1
703 
1
704 
1
705 
2
706 684 
2
707 705 
1
708 
1
709 
1
710 
1
711 
1
712 
2
713 336 
1
714 
2
715 714 
1
716 
6
717 719 216 215 214 270 
4
718 213 212 211 
4
719 216 215 214 
2
720 263 
22
721 376 375 393 391 392 377 564 390 389 378 388 722 381 387 379 380 385 386 383 382 384 
10
722 381 387 379 380 385 386 383 382 384 
2
723 278 
12
724 726 209 725 276 277 275 728 206 207 208 205 
4
725 276 277 275 
2
726 209 
1
727 
5
728 206 207 208 205 
47
205 203 651 204 609 566 281 280 846 611 734 730 733 527 847 732 291 201 610 526 608 284 282 283 285 202 735 290 731 286 288 289 287 863 200 781 862 199 198 292 294 197 861 858 859 824 568 
1
730 
2
731 286 
2
732 291 
5
733 527 847 732 291 
2
734 730 
4
735 290 731 286 
1
736 
1
737 
1
738 
2
739 741 
13
740 856 809 855 860 862 199 197 198 865 195 864 196 
1
741 
1
742 
5
743 744 311 309 310 
3
744 311 309 
2
745 308 
2
746 413 
2
747 33 
5
748 29 32 31 30 
3
749 34 35 
4
750 227 255 254 
21
751 225 224 257 258 226 256 750 227 255 254 562 221 222 262 832 259 260 261 223 220 
2
752 101 
5
753 102 110 112 111 
2
754 348 
13
755 83 627 122 123 82 81 563 598 124 613 80 79 
8
756 115 87 86 85 757 114 88 
3
757 114 88 
7
758 402 401 367 759 399 400 
3
759 399 400 
10
760 502 762 16 14 15 501 500 761 13 
2
761 13 
4
762 16 14 15 
2
763 765 
9
764 3 523 522 524 2 525 1 0 
1
765 
11
766 520 512 521 518 515 516 517 514 513 519 
4
767 774 65 768 
1
768 
1
769 
24
770 777 778 61 62 155 156 834 157 158 532 771 63 64 769 833 159 773 776 60 59 843 58 841 
3
771 63 64 
4
772 68 67 66 
1
773 
1
774 
3
775 70 69 
3
776 60 59 
1
777 
3
778 61 62 
2
779 492 
2
780 490 
1
781 
4
782 653 28 575 
6
783 466 465 605 463 464 
3
784 73 74 
3
785 786 179 
2
786 179 
7
787 547 669 792 793 640 170 
15
788 665 638 670 184 186 185 188 187 668 189 664 191 637 190 
1
789 
2
790 789 
1
791 
4
792 793 640 170 
1
793 
2
794 26 
3
795 27 652 
1
796 
1
797 
3
798 677 661 
8
799 689 601 662 192 663 544 711 
5
800 700 695 459 458 
3
801 42 43 
1
802 
1
803 
104
804 453 454 854 716 882 891 887 452 885 881 47 48 883 853 848 704 623 579 432 433 558 849 878 560 436 438 437 656 434 435 884 893 802 888 439 876 877 440 892 890 879 441 451 875 880 450 444 889 443 442 445 449 448 446 447 546 850 848 704 623 579 432 433 558 849 878 560 436 438 437 656 434 435 893 802 888 439 876 877 440 892 890 879 441 451 875 880 450 444 889 443 442 445 449 448 446 447 431 684 431 684 805 46 
1
805 
24
806 857 819 820 736 863 861 200 858 859 781 740 856 809 855 860 862 199 197 198 865 195 864 196 
1
807 
1
808 
2
809 855 
49
810 811 528 570 313 312 619 316 314 315 299 812 813 329 618 577 318 317 543 620 320 319 580 328 578 322 321 325 326 327 324 323 300 306 303 302 585 301 305 304 569 745 308 307 743 744 311 309 310 
5
811 528 570 313 312 
7
812 813 329 618 577 318 317 
2
813 329 
4
814 330 866 742 
1
815 
1
816 
1
817 
36
818 816 821 825 830 829 737 826 822 817 709 738 828 823 827 806 857 819 820 736 740 856 809 855 860 549 807 678 808 739 741 675 602 686 424 864 
1
819 
2
820 736 
2
821 825 
1
822 
1
823 
31
824 295 568 292 846 611 734 730 733 527 847 732 291 201 610 526 608 284 282 283 285 202 735 290 731 286 288 289 287 293 294 
1
825 
4
826 822 817 331 
1
827 
1
828 
2
829 737 
3
830 829 737 
1
831 
5
832 259 260 261 223 
9
833 159 773 776 60 59 843 58 841 
3
834 157 158 
1
835 
6
836 161 160 835 162 163 
1
837 
4
838 167 166 165 
4
839 164 874 837 
1
840 
1
841 
17
842 531 840 844 56 57 55 836 161 160 835 162 163 839 164 874 837 
3
843 58 841 
4
844 56 57 55 
4
845 54 52 53 
10
846 611 734 730 733 527 847 732 291 201 
1
847 
1
848 
1
849 
1
850 
1
851 
8
852 851 790 789 691 690 666 667 
3
853 848 704 
10
854 716 882 891 887 452 885 881 46 47 
1
855 
1
856 
1
857 
3
858 859 781 
1
859 
9
860 862 199 197 198 865 195 864 196 
1
861 
4
862 199 197 198 
6
863 861 200 858 859 781 
1
864 
4
865 195 864 196 
1
866 
5
867 828 823 332 827 
2
868 869 
1
869 
1
870 
0

3
872 873 791 
1
873 
2
874 837 
2
875 880 
1
876 
1
877 
8
878 560 436 438 437 656 434 435 
2
879 441 
1
880 
1
881 
1
882 
1
883 
15
884 893 802 888 439 876 877 440 892 890 879 441 451 875 880 
4
885 881 46 47 
3
886 51 50 
1
887 
5
888 439 876 877 440 
3
889 443 442 
1
890 
2
891 887 
7
892 890 879 441 451 875 880 
1
893 
4
894 372 396 371 
22
895 374 394 373 395 894 372 396 371 592 368 397 398 370 758 402 401 367 759 399 400 369 
43
896 729 727 724 209 275 264 561 218 219 272 271 213 211 719 215 270 266 210 274 726 725 276 277 728 206 207 208 567 723 278 279 552 273 212 268 269 217 718 717 216 214 267 
