15
759 470 458 667 461 504 702 595 722 782 784 785 786 787 788 
789
1
0 
4
1 3 4 2 
1
2 
1
3 
1
4 
1
5 
1
6 
1
7 
1
8 
2
9 10 
1
10 
1
11 
2
12 427 
24
13 426 569 424 15 14 425 568 16 423 421 422 762 8 431 430 429 763 11 428 12 427 9 10 
1
14 
1
15 
1
16 
2
17 18 
1
18 
2
19 20 
1
20 
1
21 
1
22 
4
23 22 774 415 
1
24 
1
25 
1
26 
1
27 
1
28 
1
29 
1
30 
1
31 
1
32 
1
33 
1
34 
2
35 36 
1
36 
1
37 
1
38 
1
39 
2
40 41 
1
41 
1
42 
1
43 
1
44 
1
45 
1
46 
1
47 
1
48 
2
49 50 
1
50 
1
51 
1
52 
1
53 
2
54 53 
1
55 
1
56 
1
57 
1
58 
2
59 649 
1
60 
1
61 
1
62 
2
63 62 
1
64 
1
65 
1
66 
1
67 
1
68 
27
69 541 553 485 487 148 478 486 153 152 151 150 149 549 544 543 68 462 542 653 154 546 450 545 654 156 155 
1
70 
1
71 
4
72 73 74 71 
1
73 
1
74 
2
75 76 
1
76 
1
77 
1
78 
1
79 
1
80 
1
81 
1
82 
1
83 
6
84 86 85 83 87 82 
1
85 
2
86 85 
1
87 
1
88 
1
89 
1
90 
1
91 
1
92 
1
93 
1
94 
1
95 
1
96 
2
97 96 
1
98 
1
99 
2
100 102 
1
101 
1
102 
4
103 100 102 101 
7
104 98 99 103 100 102 101 
3
105 621 95 
1
106 
7
107 119 120 121 622 122 106 
11
108 118 109 117 116 115 111 110 112 114 113 
3
109 117 116 
1
110 
1
111 
3
112 114 113 
1
113 
1
114 
6
115 111 110 112 114 113 
1
116 
1
117 
1
118 
1
119 
2
120 121 
1
121 
1
122 
1
123 
1
124 
2
125 126 
1
126 
1
127 
1
128 
1
129 
1
130 
1
131 
1
132 
1
133 
1
134 
1
135 
2
136 135 
1
137 
1
138 
1
139 
1
140 
2
141 140 
1
142 
1
143 
1
144 
1
145 
1
146 
1
147 
1
148 
1
149 
2
150 149 
1
151 
4
152 151 150 149 
1
153 
1
154 
1
155 
1
156 
1
157 
1
158 
1
159 
1
160 
1
161 
1
162 
1
163 
1
164 
1
165 
1
166 
4
167 166 168 165 
1
168 
47
169 690 164 446 689 700 195 692 170 691 188 693 697 699 698 191 190 192 193 189 194 445 694 173 174 171 172 706 185 186 187 696 184 182 183 695 176 175 181 180 178 179 177 167 166 168 165 
1
170 
2
171 172 
1
172 
1
173 
1
174 
1
175 
1
176 
1
177 
3
178 179 177 
1
179 
4
180 178 179 177 
5
181 180 178 179 177 
2
182 183 
1
183 
1
184 
1
185 
1
186 
1
187 
2
188 693 
1
189 
1
190 
6
191 190 192 193 189 194 
1
192 
1
193 
1
194 
1
195 
1
196 
1
197 
1
198 
1
199 
2
200 201 
1
201 
1
202 
1
203 
1
204 
1
205 
3
206 207 208 
1
207 
1
208 
1
209 
1
210 
1
211 
2
212 211 
1
213 
1
214 
2
215 214 
1
216 
1
217 
1
218 
1
219 
1
220 
1
221 
2
222 223 
1
223 
1
224 
1
225 
1
226 
2
227 226 
1
228 
1
229 
2
230 231 
1
231 
1
232 
2
233 234 
1
234 
1
235 
1
236 
1
237 
2
238 237 
7
239 251 238 237 656 236 252 
1
240 
1
241 
1
242 
6
243 248 246 244 245 247 
1
244 
1
245 
4
246 244 245 247 
1
247 
1
248 
2
249 242 
11
250 241 240 249 242 243 248 246 244 245 247 
1
251 
1
252 
1
253 
8
254 261 259 255 256 258 257 260 
1
255 
3
256 258 257 
1
257 
1
258 
6
259 255 256 258 257 260 
1
260 
1
261 
2
262 263 
1
263 
1
264 
1
265 
1
266 
2
267 268 
1
268 
1
269 
1
270 
1
271 
1
272 
3
273 274 272 
1
274 
5
275 273 274 272 271 
6
276 275 273 274 272 271 
1
277 
1
278 
1
279 
1
280 
1
281 
1
282 
1
283 
1
284 
1
285 
1
286 
3
287 286 285 
1
288 
1
289 
1
290 
1
291 
1
292 
2
293 292 
1
294 
1
295 
3
296 297 295 
1
297 
1
298 
1
299 
1
300 
1
301 
1
302 
1
303 
2
304 303 
1
305 
1
306 
2
307 306 
1
308 
1
309 
1
310 
1
311 
1
312 
1
313 
1
314 
1
315 
1
316 
1
317 
1
318 
1
319 
1
320 
1
321 
1
322 
1
323 
2
324 323 
1
325 
1
326 
1
327 
1
328 
2
329 328 
1
330 
3
331 720 388 
1
332 
1
333 
19
334 726 385 730 335 727 384 382 383 381 729 728 386 333 332 387 331 720 388 
1
335 
1
336 
3
337 336 338 
1
338 
1
339 
1
340 
1
341 
1
342 
1
343 
1
344 
1
345 
2
346 373 
1
347 
1
348 
1
349 
1
350 
1
351 
1
352 
1
353 
2
354 353 
1
355 
1
356 
6
357 355 356 354 353 358 
1
358 
1
359 
1
360 
1
361 
5
362 364 363 365 361 
1
363 
1
364 
1
365 
1
366 
1
367 
1
368 
1
369 
1
370 
1
371 
1
372 
1
373 
1
374 
1
375 
1
376 
1
377 
1
378 
1
379 
1
380 
1
381 
3
382 383 381 
1
383 
1
384 
1
385 
1
386 
1
387 
1
388 
1
389 
1
390 
4
391 392 390 472 
1
392 
1
393 
1
394 
1
395 
1
396 
1
397 
1
398 
1
399 
12
400 524 515 520 531 525 634 529 526 731 48 735 
23
401 714 710 718 39 38 719 42 712 40 41 713 711 442 527 734 47 474 44 43 528 45 46 
1
402 
1
403 
1
404 
2
405 404 
1
406 
1
407 
1
408 
1
409 
1
410 
1
411 
1
412 
1
413 
1
414 
1
415 
2
416 417 
1
417 
1
418 
1
419 
1
420 
2
421 422 
1
422 
1
423 
1
424 
1
425 
1
426 
1
427 
1
428 
1
429 
1
430 
1
431 
1
432 
1
433 
1
434 
2
435 434 
1
436 
5
437 436 438 435 434 
1
438 
1
439 
1
440 
2
441 0 
4
442 527 734 47 
2
443 593 
1
444 
22
445 694 173 174 171 172 706 185 186 187 696 184 182 183 695 176 175 181 180 178 179 177 
2
446 689 
1
447 
1
448 
11
449 483 614 70 540 537 146 547 145 144 147 
1
450 
3
451 749 752 
5
452 709 37 35 36 
1
453 
4
454 508 220 221 
1
455 
1
456 
1
457 
77
458 746 631 665 637 305 467 744 302 304 303 741 745 742 629 630 633 306 634 529 748 747 750 451 749 752 757 300 738 464 299 301 751 740 755 754 753 756 465 646 645 58 57 652 648 59 649 743 636 647 56 641 643 632 639 640 642 635 733 54 53 644 55 650 469 60 565 64 61 63 62 679 680 677 298 297 572 
1
459 
1
460 
58
615 72 73 71 449 483 614 70 540 537 146 147 69 541 553 485 487 148 478 486 153 152 151 150 149 549 544 543 68 462 542 653 154 546 450 545 654 156 155 566 67 552 554 551 550 548 560 562 563 157 158 567 66 682 557 559 564 65 
4
462 542 653 154 
1
463 
1
464 
5
465 646 645 58 57 
13
466 567 66 564 650 469 60 565 64 61 63 62 65 
1
467 
5
468 732 51 49 50 
2
469 60 
51
405 404 707 716 715 403 452 709 37 35 36 402 401 714 710 718 39 38 719 42 712 40 41 713 711 442 527 47 474 44 43 528 45 46 400 524 515 525 531 526 731 48 735 468 732 51 49 50 734 52 34 
3
471 232 266 
1
472 
1
473 
6
474 44 43 528 45 46 
12
475 488 491 134 444 88 84 86 85 83 87 82 
1
476 
9
477 314 315 313 514 456 510 316 317 
7
478 486 153 152 151 150 149 
1
479 
3
480 293 292 
1
481 
1
482 
1
483 
2
484 594 
3
485 487 148 
1
486 
2
487 148 
1
488 
6
489 89 493 132 131 133 
1
490 
3
491 134 444 
6
492 138 137 136 135 490 
4
493 132 131 133 
10
494 80 448 492 138 137 136 135 490 81 
4
495 507 476 270 
9
496 497 228 269 498 225 455 227 226 
1
497 
5
498 225 455 227 226 
5
499 509 224 222 223 
9
500 229 267 268 230 231 471 232 266 
71
501 277 499 509 224 222 223 495 507 476 270 496 497 228 269 498 225 455 227 226 276 275 273 274 272 271 570 235 265 233 234 571 264 253 262 263 239 251 238 237 656 236 252 500 229 267 268 230 231 471 232 266 250 241 240 249 242 243 248 246 244 245 247 254 261 259 255 256 258 257 260 
3
502 513 318 
15
503 519 530 629 630 516 311 522 633 308 307 306 638 310 309 
52
504 129 130 505 91 90 128 489 89 131 88 87 620 124 94 123 105 621 95 97 96 107 119 120 121 622 122 106 506 127 92 125 126 93 108 118 109 117 116 115 111 110 112 114 113 104 98 99 103 100 102 101 
3
505 91 90 
6
506 127 92 125 126 93 
1
507 
3
508 220 221 
4
509 224 222 223 
3
510 316 317 
6
511 623 321 624 319 320 
1
512 
1
513 
1
514 
1
515 
10
516 311 522 633 308 307 306 638 310 309 
4
517 521 312 512 
20
518 517 521 312 512 399 523 398 502 513 318 477 314 315 313 514 456 510 316 317 
1
519 
3
520 531 525 
3
521 312 512 
1
522 
14
523 398 502 513 318 477 314 315 313 514 456 510 316 317 
2
524 515 
1
525 
4
526 731 48 735 
3
527 734 47 
3
528 45 46 
1
529 
1
530 
1
531 
21
532 533 78 538 535 142 534 139 141 140 79 494 80 448 492 138 137 136 135 490 81 
1
533 
4
534 139 141 140 
1
535 
1
536 
6
537 146 547 145 144 147 
3
538 535 142 
3
539 536 143 
7
540 537 146 547 145 144 147 
5
541 553 485 487 148 
1
542 
1
543 
2
544 543 
4
545 654 156 155 
6
546 450 545 654 156 155 
3
547 145 144 
1
548 
14
549 544 543 68 462 542 653 154 546 450 545 654 156 155 
1
550 
3
551 550 548 
2
552 554 
1
553 
1
554 
1
555 
2
556 557 
1
557 
8
558 560 559 562 561 563 157 158 
1
559 
1
560 
1
561 
5
562 561 563 157 158 
3
563 157 158 
1
564 
6
565 64 61 63 62 65 
17
566 67 552 554 556 557 551 550 548 558 560 559 562 561 563 157 158 
3
567 66 564 
5
568 16 423 421 422 
5
569 424 15 14 425 
45
570 235 265 233 234 571 264 253 262 263 239 251 238 237 656 236 252 500 229 267 268 230 231 471 232 266 250 241 240 249 242 243 248 246 244 245 247 254 261 259 255 256 258 257 260 
5
571 264 253 262 263 
1
572 
1
573 
1
574 
1
575 
1
576 
11
577 576 660 575 683 159 682 662 655 661 463 
2
578 581 
1
579 
4
580 555 578 581 
1
581 
1
582 
2
583 585 
1
584 
1
585 
2
586 584 
1
587 
2
588 587 
4
589 573 600 290 
6
590 479 663 291 588 587 
1
591 
5
592 599 591 605 460 
1
593 
1
594 
43
215 214 283 282 664 216 617 281 619 279 278 454 508 220 221 280 610 611 218 219 217 501 277 499 509 224 222 223 495 507 476 498 225 455 227 226 276 275 273 274 272 271 613 
1
596 
11
597 596 609 213 215 214 598 212 211 484 594 
1
598 
1
599 
1
600 
2
601 574 
1
602 
1
603 
28
604 603 204 601 574 589 573 600 290 586 584 659 579 612 602 583 585 758 202 657 481 658 482 704 199 200 201 203 
2
605 460 
1
606 
14
607 209 206 207 208 608 210 606 205 592 599 591 605 460 
3
608 210 606 
7
609 213 215 214 598 212 211 
5
610 611 218 219 217 
4
611 218 219 217 
2
612 602 
1
613 
1
614 
7
615 75 76 72 73 74 71 
3
616 283 282 
2
617 281 
15
618 284 288 616 283 282 664 216 613 617 281 459 287 286 285 
13
619 279 278 454 508 220 221 280 610 611 218 219 217 
40
620 124 94 123 105 621 95 97 96 107 119 120 121 622 122 106 506 127 92 125 126 93 108 118 109 117 116 115 111 110 112 114 113 104 98 99 103 100 102 101 
2
621 95 
3
622 122 106 
5
623 321 624 319 320 
3
624 319 320 
3
625 725 322 
10
626 395 457 724 325 326 394 396 324 323 
2
627 393 
11
628 397 625 725 322 511 623 321 624 319 320 
2
629 630 
1
630 
1
631 
16
632 639 468 732 51 49 50 640 642 635 733 52 54 53 644 55 
7
633 308 307 306 638 310 309 
6
634 529 526 731 48 735 
7
635 733 52 54 53 644 55 
1
636 
3
637 305 467 
3
638 310 309 
1
639 
9
640 642 635 733 52 54 53 644 55 
1
641 
1
642 
1
643 
2
644 55 
3
645 58 57 
1
646 
4
647 56 641 643 
3
648 59 649 
1
649 
3
650 469 60 
2
651 671 
4
652 648 59 649 
2
653 154 
3
654 156 155 
1
655 
3
656 236 252 
1
657 
6
658 482 704 199 200 201 
17
659 579 612 602 583 585 758 202 657 481 658 482 704 199 200 201 203 
2
660 575 
2
661 463 
1
662 
2
663 291 
6
664 216 613 617 281 459 
4
665 637 305 467 
46
666 670 651 671 466 567 66 564 650 469 60 565 64 61 63 62 65 672 678 679 680 675 677 676 739 480 293 292 736 294 572 737 298 296 297 295 669 668 674 582 590 479 663 291 588 587 
44
667 673 580 555 578 581 577 576 660 575 662 661 463 586 584 659 579 612 602 583 585 657 481 658 482 666 670 651 671 466 672 678 675 676 669 668 674 582 479 588 556 558 561 681 
1
668 
10
669 668 674 582 590 479 663 291 588 587 
1
670 
1
671 
29
672 678 679 680 675 677 676 739 480 293 292 736 294 572 737 298 296 297 295 669 668 674 582 590 479 663 291 588 587 
1
673 
2
674 582 
15
675 677 676 739 480 293 292 736 294 572 737 298 296 297 295 
5
676 739 480 293 292 
1
677 
1
678 
2
679 680 
1
680 
1
681 
1
682 
7
683 159 682 662 655 661 463 
4
684 447 705 160 
10
685 688 162 161 701 197 686 196 687 163 
1
686 
2
687 163 
2
688 162 
1
689 
2
690 164 
1
691 
8
692 170 691 188 693 697 699 698 
1
693 
5
694 173 174 171 172 
3
695 176 175 
12
696 184 182 183 695 176 175 181 180 178 179 177 
3
697 699 698 
1
698 
1
699 
2
700 195 
4
701 197 686 196 
71
702 703 198 684 447 705 160 685 688 162 161 701 197 686 196 687 163 169 690 164 446 689 700 195 692 170 691 188 693 697 699 698 191 190 192 193 189 194 445 694 173 174 171 172 706 185 186 187 696 184 182 183 695 176 175 181 180 178 179 177 167 166 168 165 683 159 655 704 199 200 203 
1
703 
4
704 199 200 201 
1
705 
3
706 185 186 
4
707 34 716 33 
4
708 32 31 30 
1
709 
1
710 
1
711 
1
712 
12
713 711 442 527 734 47 474 44 43 528 45 46 
5
714 710 718 39 38 
8
715 403 452 709 37 35 36 402 
1
716 
15
717 406 453 407 408 708 32 31 30 405 404 707 34 716 33 
3
718 39 38 
5
719 42 712 40 41 
1
720 
2
721 389 
52
626 395 457 724 325 394 396 324 323 628 397 625 725 322 511 623 321 624 319 320 518 517 521 312 512 399 523 398 502 513 318 477 314 315 313 514 456 510 316 317 519 311 503 530 516 522 308 638 310 309 520 307 
16
723 627 393 327 329 328 626 395 457 724 325 326 394 396 324 323 
3
724 325 326 
2
725 322 
2
726 385 
1
727 
1
728 
9
729 728 386 333 332 387 331 720 388 
7
730 335 727 384 382 383 381 
3
731 48 735 
4
732 51 49 50 
4
733 52 54 53 
2
734 47 
1
735 
8
736 294 572 737 298 296 297 295 
5
737 298 296 297 295 
2
738 464 
1
739 
1
740 
2
741 745 
1
742 
22
743 636 647 56 641 643 632 639 468 732 51 49 50 640 642 635 733 52 54 53 644 55 
7
744 302 304 303 741 745 742 
1
745 
1
746 
1
747 
49
748 747 750 451 749 752 757 300 738 464 299 301 751 740 755 754 753 756 465 646 645 58 57 652 648 59 649 743 636 647 56 641 643 632 639 468 732 51 49 50 640 642 635 733 52 54 53 644 55 
2
749 752 
1
750 
4
751 740 755 754 
1
752 
11
753 756 465 646 645 58 57 652 648 59 649 
1
754 
2
755 754 
1
756 
10
757 300 738 464 299 301 751 740 755 754 
11
758 202 657 481 658 482 704 199 200 201 203 
37
759 432 7 760 433 439 437 436 438 435 434 761 5 440 6 441 0 1 3 4 2 13 425 762 431 429 11 12 9 426 14 8 430 763 428 427 10 
3
760 433 439 
10
761 5 440 6 441 0 1 3 4 2 
12
762 8 431 430 429 763 11 428 12 427 9 10 
7
763 11 428 12 427 9 10 
20
764 367 351 765 366 360 766 352 359 357 355 356 354 353 358 362 364 363 365 361 
3
765 366 360 
9
766 352 359 357 355 356 354 353 358 
5
767 369 350 368 349 
13
768 348 371 347 372 346 373 370 767 369 350 368 349 
7
769 28 773 411 412 410 27 
27
770 409 771 29 717 406 453 407 408 708 32 31 30 405 404 707 34 716 33 715 403 452 709 37 35 36 402 
2
771 29 
10
772 26 413 769 28 773 411 412 410 27 
4
773 411 412 410 
2
774 415 
9
775 776 414 25 24 23 22 774 415 
2
776 414 
6
777 418 778 21 416 417 
2
778 21 
13
779 378 341 379 340 781 780 380 339 337 336 338 473 
1
780 
8
781 780 380 339 337 336 338 473 
35
374 345 768 348 371 347 372 346 373 370 767 369 350 368 349 764 367 351 765 366 360 766 352 359 357 355 356 354 353 358 362 364 363 365 361 
5
783 375 344 374 345 
61
784 604 204 574 573 290 202 201 739 293 736 737 296 295 590 663 587 595 593 597 609 598 211 594 284 616 459 286 607 206 208 210 205 599 605 603 601 589 600 758 480 292 294 291 443 289 596 213 212 484 618 288 287 285 209 207 608 606 592 591 460 
55
785 470 419 20 18 418 21 417 776 25 23 774 569 15 16 421 420 19 17 777 778 416 775 414 24 22 415 772 26 413 769 28 773 411 412 410 27 424 568 423 422 771 29 30 770 409 717 406 453 407 408 708 32 31 33 
56
786 722 389 390 329 779 341 340 780 339 336 473 334 385 335 384 383 729 386 332 331 388 721 330 391 392 472 723 627 393 327 328 326 378 379 781 380 337 338 726 730 727 382 381 728 333 387 720 782 376 343 377 783 375 344 342 
46
787 133 491 444 84 85 82 533 538 142 139 140 494 448 138 136 490 461 539 143 75 74 144 475 488 134 86 83 532 78 535 534 141 79 80 492 137 135 81 493 132 77 536 76 145 547 
51
788 496 228 570 265 234 264 262 239 238 656 252 229 268 231 232 250 240 242 248 244 247 261 255 258 260 270 497 269 235 233 571 253 263 251 237 236 500 267 230 471 266 241 249 243 246 245 254 259 256 257 
