15
672 683 481 617 706 719 510 632 730 690 508 483 629 323 479 
782
1
0 
1
1 
1
2 
1
3 
1
4 
1
5 
2
6 7 
1
7 
1
8 
1
9 
1
10 
1
11 
1
12 
2
13 12 
1
14 
1
15 
2
16 17 
1
17 
1
18 
1
19 
1
20 
2
21 20 
1
22 
2
23 24 
1
24 
1
25 
1
26 
1
27 
3
28 29 27 
1
29 
1
30 
1
31 
10
32 680 684 681 418 417 416 685 538 419 
3
33 35 34 
1
34 
2
35 34 
1
36 
2
37 38 
1
38 
1
39 
2
40 41 
1
41 
1
42 
1
43 
2
44 43 
1
45 
1
46 
1
47 
2
48 688 
1
49 
2
50 49 
3
51 50 49 
1
52 
1
53 
1
54 
1
55 
1
56 
2
57 56 
1
58 
2
59 60 
1
60 
1
61 
2
62 564 
1
63 
1
64 
1
65 
1
66 
1
67 
1
68 
1
69 
2
70 71 
1
71 
1
72 
1
73 
1
74 
1
75 
1
76 
1
77 
1
78 
1
79 
1
80 
1
81 
1
82 
1
83 
1
84 
2
85 84 
1
86 
1
87 
1
88 
1
89 
1
90 
1
91 
1
92 
1
93 
1
94 
2
95 94 
4
96 93 95 94 
2
97 92 
11
98 107 106 108 99 105 100 104 101 103 102 
7
99 105 100 104 101 103 102 
5
100 104 101 103 102 
3
101 103 102 
1
102 
1
103 
1
104 
1
105 
1
106 
1
107 
1
108 
1
109 
2
110 112 
1
111 
1
112 
1
113 
1
114 
2
115 114 
1
116 
1
117 
2
118 117 
1
119 
1
120 
1
121 
1
122 
2
123 124 
1
124 
1
125 
1
126 
1
127 
1
128 
1
129 
2
130 129 
1
131 
1
132 
2
133 134 
1
134 
1
135 
1
136 
1
137 
1
138 
1
139 
1
140 
1
141 
1
142 
2
143 142 
1
144 
1
145 
1
146 
1
147 
1
148 
2
149 148 
5
150 147 149 148 146 
7
151 145 150 147 149 148 146 
14
152 144 674 141 140 143 142 151 145 150 147 149 148 146 
37
153 673 139 678 679 574 676 546 675 67 519 459 516 138 487 135 132 545 136 137 133 134 68 152 144 674 141 140 143 142 151 145 150 147 149 148 146 
1
154 
1
155 
1
156 
1
157 
1
158 
1
159 
3
160 731 640 
1
161 
1
162 
4
163 164 644 165 
1
164 
1
165 
1
166 
1
167 
1
168 
1
169 
2
170 169 
1
171 
2
172 171 
1
173 
2
174 175 
1
175 
2
176 177 
1
177 
1
178 
1
179 
1
180 
2
181 182 
1
182 
1
183 
1
184 
1
185 
1
186 
2
187 186 
3
188 187 186 
4
189 188 187 186 
8
190 189 188 187 186 488 729 185 
1
191 
1
192 
6
193 717 710 609 714 718 
3
194 195 196 
1
195 
1
196 
1
197 
1
198 
18
199 700 658 698 494 655 217 218 216 215 739 214 200 210 738 213 211 212 
6
200 210 738 213 211 212 
1
201 
7
202 207 208 203 206 205 204 
4
203 206 205 204 
1
204 
1
205 
1
206 
1
207 
1
208 
9
209 201 202 207 208 203 206 205 204 
1
210 
2
211 212 
1
212 
1
213 
1
214 
1
215 
2
216 215 
1
217 
1
218 
1
219 
1
220 
1
221 
1
222 
1
223 
1
224 
2
225 224 
1
226 
1
227 
1
228 
1
229 
2
230 228 
1
231 
1
232 
1
233 
1
234 
1
235 
1
236 
1
237 
1
238 
1
239 
1
240 
2
241 242 
1
242 
1
243 
1
244 
1
245 
1
246 
6
247 252 248 251 250 249 
4
248 251 250 249 
1
249 
1
250 
1
251 
1
252 
2
253 246 
10
254 245 253 246 247 252 248 251 250 249 
15
255 244 511 243 263 241 242 256 262 264 257 261 260 258 259 
2
256 262 
5
257 261 260 258 259 
2
258 259 
1
259 
3
260 258 259 
1
261 
1
262 
1
263 
1
264 
1
265 
1
266 
1
267 
1
268 
1
269 
1
270 
1
271 
1
272 
1
273 
2
274 273 
1
275 
2
276 275 
1
277 
2
278 279 
1
279 
1
280 
1
281 
1
282 
1
283 
1
284 
3
285 284 283 
1
286 
1
287 
1
288 
1
289 
1
290 
1
291 
1
292 
1
293 
1
294 
1
295 
1
296 
1
297 
1
298 
2
299 298 
1
300 
1
301 
1
302 
1
303 
1
304 
3
305 306 304 
1
306 
2
307 548 
1
308 
1
309 
2
310 309 
1
311 
1
312 
1
313 
1
314 
1
315 
1
316 
1
317 
1
318 
1
319 
3
320 321 319 
1
321 
1
322 
71
323 631 724 394 622 620 396 395 721 630 723 393 665 470 331 664 660 386 662 666 661 389 387 388 667 330 497 722 392 390 391 496 324 325 326 327 328 329 397 625 322 318 320 321 319 670 334 333 668 335 663 669 740 384 385 383 332 498 741 336 743 338 337 775 382 503 753 776 381 380 379 
6
324 325 326 327 328 329 
1
325 
1
326 
3
327 328 329 
1
328 
1
329 
1
330 
1
331 
1
332 
1
333 
1
334 
1
335 
1
336 
1
337 
1
338 
1
339 
1
340 
1
341 
2
342 341 
1
343 
1
344 
1
345 
1
346 
1
347 
1
348 
1
349 
2
350 349 
4
351 348 350 349 
3
352 763 367 
1
353 
1
354 
1
355 
3
356 355 354 
5
357 356 355 354 358 
1
358 
1
359 
1
360 
1
361 
5
362 364 363 361 365 
1
363 
1
364 
1
365 
1
366 
1
367 
1
368 
1
369 
2
370 369 
1
371 
1
372 
1
373 
2
374 373 
1
375 
1
376 
1
377 
6
378 377 776 381 380 379 
1
379 
2
380 379 
1
381 
1
382 
1
383 
1
384 
1
385 
1
386 
2
387 388 
1
388 
1
389 
2
390 391 
1
391 
4
392 390 391 496 
1
393 
1
394 
1
395 
1
396 
1
397 
1
398 
1
399 
1
400 
1
401 
1
402 
1
403 
1
404 
1
405 
1
406 
1
407 
1
408 
1
409 
1
410 
1
411 
1
412 
1
413 
2
414 413 
1
415 
1
416 
2
417 416 
1
418 
1
419 
1
420 
1
421 
3
422 423 424 
1
423 
1
424 
1
425 
1
426 
1
427 
1
428 
1
429 
2
430 429 
1
431 
1
432 
1
433 
2
434 435 
1
435 
1
436 
1
437 
1
438 
2
439 440 
1
440 
1
441 
1
442 
2
443 444 
1
444 
1
445 
1
446 
1
447 
1
448 
6
449 450 451 452 448 447 
1
450 
2
451 452 
1
452 
1
453 
1
454 
1
455 
7
456 1 457 0 2 455 3 
2
457 0 
1
458 
1
459 
1
460 
1
461 
1
462 
1
463 
7
464 537 39 40 41 37 38 
1
465 
9
466 750 752 436 751 432 434 435 433 
1
467 
5
468 654 221 220 222 
11
469 627 628 402 621 575 593 313 312 311 403 
1
470 
7
471 522 520 300 299 298 301 
1
472 
21
473 559 462 540 61 521 586 608 294 295 590 607 292 293 566 565 563 562 589 62 564 
1
474 
12
475 725 178 179 726 176 177 173 174 175 172 171 
6
476 527 524 526 302 525 
1
477 
4
478 274 273 231 
57
479 764 368 370 369 639 352 763 367 347 761 346 758 762 372 371 345 374 373 765 359 353 766 360 366 362 364 363 361 365 357 356 355 354 358 351 348 350 349 339 759 375 757 472 344 343 756 754 755 342 341 376 760 742 340 378 377 
12
480 125 123 124 80 79 536 77 78 126 127 76 
58
481 614 687 45 704 410 686 48 688 689 46 47 542 618 543 52 51 50 49 596 409 580 595 411 557 581 42 597 464 537 39 40 41 38 598 412 414 413 44 43 617 408 611 573 544 53 514 458 485 55 56 54 407 592 747 406 405 705 
9
482 553 11 13 12 532 10 652 438 
40
483 240 239 265 255 244 511 243 263 241 242 256 262 264 257 261 260 258 259 254 245 253 246 247 252 248 251 250 249 781 266 238 267 237 780 236 268 235 269 270 
3
484 512 58 
5
485 55 57 56 54 
1
486 
8
487 135 132 545 136 137 133 134 
3
488 729 185 
1
489 
2
490 31 
1
491 
2
492 437 
5
493 18 15 16 17 
8
494 655 217 218 216 215 739 214 
1
495 
1
496 
1
497 
7
498 741 336 743 338 339 337 
1
499 
5
500 280 278 279 477 
18
501 486 69 515 518 131 130 129 535 73 74 72 70 71 502 128 534 75 
4
502 128 534 75 
5
503 753 760 742 340 
3
504 297 499 
1
505 
2
506 442 
3
507 36 558 
48
508 509 277 227 276 275 230 228 777 234 271 233 778 779 272 232 478 274 273 231 229 659 505 226 223 577 281 550 495 500 280 278 279 477 531 282 468 654 221 220 222 284 283 225 224 653 219 218 
1
509 
40
510 81 122 121 82 539 83 120 635 119 85 84 480 125 123 124 80 79 536 77 78 126 127 76 486 515 131 130 129 535 73 74 72 502 128 534 75 132 133 134 
13
511 243 263 241 242 256 262 264 257 261 260 258 259 
2
512 58 
4
513 569 59 60 
1
514 
5
515 518 131 130 129 
2
516 138 
3
517 26 30 
1
518 
13
519 459 516 138 487 135 132 545 136 137 133 134 68 
5
520 300 299 298 301 
5
521 586 608 294 295 
1
522 
3
523 606 296 
1
524 
1
525 
3
526 302 525 
1
527 
7
528 303 307 548 305 306 304 
5
529 547 308 310 309 
7
530 549 157 158 156 720 749 
11
531 286 282 468 654 221 220 222 285 284 283 
1
532 
1
533 
1
534 
6
535 73 74 72 70 71 
6
536 77 78 126 127 76 
6
537 39 40 41 37 38 
1
538 
3
539 83 120 
2
540 61 
1
541 
9
542 618 543 52 51 50 49 596 409 
2
543 52 
2
544 53 
3
545 136 137 
1
546 
4
547 308 310 309 
1
548 
4
549 157 158 156 
2
550 495 
1
551 
38
552 492 437 554 14 551 493 18 15 16 17 466 750 752 436 751 432 434 435 433 651 428 430 429 649 579 578 22 21 20 533 427 650 736 431 556 19 555 
6
553 11 13 12 532 10 
3
554 14 551 
1
555 
3
556 19 555 
3
557 581 42 
1
558 
1
559 
2
560 599 
1
561 
2
562 589 
5
563 562 589 62 564 
1
564 
1
565 
2
566 565 
1
567 
4
568 504 297 499 
1
569 
9
570 541 513 569 59 60 592 610 572 
10
571 484 512 58 458 485 55 57 56 54 
1
572 
3
573 544 53 
5
574 676 546 675 67 
5
575 593 313 312 311 
7
576 314 613 400 401 612 399 
4
577 281 550 495 
5
578 22 21 20 533 
1
579 
20
580 595 411 557 581 42 597 464 537 39 40 41 37 38 598 412 414 413 44 43 
1
581 
1
582 
1
583 
1
584 
9
585 474 605 561 582 63 583 560 599 
1
586 
4
587 523 606 296 
2
588 567 
1
589 
11
590 607 292 293 566 565 563 562 589 62 564 
20
591 615 616 291 584 585 474 605 561 582 63 583 560 599 193 717 710 609 714 718 
3
592 610 572 
4
593 313 312 311 
33
594 623 619 398 624 316 317 397 315 576 314 613 400 401 612 399 469 627 628 402 621 575 593 313 312 311 403 625 322 318 320 321 319 
1
595 
2
596 409 
12
597 464 537 39 40 41 37 38 598 412 414 413 
4
598 412 414 413 
1
599 
1
600 
1
601 
2
602 707 
1
603 
5
604 603 64 602 707 
5
605 561 582 63 583 
1
606 
3
607 292 293 
2
608 294 
1
609 
1
610 
5
611 573 544 53 514 
1
612 
4
613 400 401 612 
1
614 
2
615 616 
1
616 
49
571 484 512 58 57 570 541 513 569 59 60 572 473 559 462 540 61 521 586 608 294 295 590 607 292 293 566 565 563 562 589 62 564 744 588 567 703 568 504 297 587 523 606 296 63 499 702 610 748 
1
618 
2
619 398 
2
620 396 
1
621 
4
622 620 396 395 
1
623 
3
624 316 317 
6
625 322 318 320 321 319 
1
626 
1
627 
2
628 402 
56
629 404 626 529 547 308 310 309 476 527 524 526 302 525 528 303 307 548 305 306 304 594 623 619 398 624 316 317 315 576 314 613 400 401 612 399 469 627 628 402 621 575 593 313 312 311 403 746 471 522 520 300 299 298 301 745 
3
630 723 393 
1
631 
36
632 113 89 110 112 111 633 90 91 109 97 92 96 93 95 94 98 107 106 108 99 105 100 104 101 103 102 87 634 116 115 114 88 117 86 118 
10
633 90 91 109 97 92 96 93 95 94 
7
634 116 115 114 88 118 117 
13
635 86 119 85 84 87 634 116 115 114 88 118 117 
2
636 715 
3
637 636 715 
10
638 180 642 641 166 167 645 168 170 169 
1
639 
1
640 
3
641 166 167 
8
642 641 166 167 645 168 170 169 
28
643 460 163 164 644 165 638 180 642 641 166 167 645 168 170 169 475 725 178 179 726 176 177 173 174 175 172 171 
2
644 165 
4
645 168 170 169 
10
646 426 465 647 425 773 25 774 23 24 
1
647 
5
648 491 422 423 424 
7
649 579 578 22 21 20 533 
6
650 736 431 556 19 555 
18
651 428 430 429 649 579 578 22 21 20 533 427 650 736 431 556 19 555 
2
652 438 
2
653 219 
3
654 221 220 
5
655 217 218 216 215 
1
656 
4
657 737 653 219 
1
658 
26
659 505 226 223 577 281 550 495 500 280 278 279 477 531 286 282 468 654 221 220 222 285 284 283 225 224 
2
660 386 
4
661 389 387 388 
6
662 666 661 389 387 388 
2
663 669 
3
664 660 386 
26
665 470 331 664 660 386 662 666 661 389 387 388 667 330 497 722 392 390 391 496 324 325 326 327 328 329 
1
666 
14
667 330 497 722 392 390 391 496 324 325 326 327 328 329 
1
668 
1
669 
44
670 334 333 668 335 663 669 740 384 385 383 332 498 741 336 743 338 339 337 775 382 759 375 757 472 344 343 756 754 755 342 341 376 503 753 760 742 340 378 377 776 381 380 379 
1
671 
59
672 671 9 441 439 440 482 553 11 13 12 532 10 652 438 771 8 6 7 506 442 769 454 768 453 446 770 5 772 445 443 444 767 4 449 450 451 452 448 447 456 1 457 0 2 455 3 552 492 437 554 14 551 15 16 752 436 435 434 
2
673 139 
5
674 141 140 143 142 
1
675 
3
676 546 675 
3
677 154 155 
2
678 679 
1
679 
2
680 684 
7
681 418 417 416 685 538 419 
2
682 421 
71
683 682 421 420 490 31 648 491 422 423 424 517 26 30 646 426 465 647 425 773 25 774 23 24 28 29 27 18 466 750 751 432 433 651 428 430 429 649 579 578 22 21 20 533 427 650 736 431 556 19 555 415 507 36 558 33 35 34 32 680 684 681 418 417 416 685 538 419 37 493 17 
1
684 
2
685 538 
6
686 48 688 689 46 47 
2
687 45 
1
688 
3
689 46 47 
61
690 691 693 290 637 636 715 194 195 196 697 694 289 701 198 699 467 197 695 692 288 696 656 287 657 737 199 700 658 698 494 655 217 216 215 739 214 200 210 738 213 211 212 209 201 202 207 208 203 206 205 204 591 615 291 193 717 710 609 286 285 
1
691 
1
692 
2
693 290 
1
694 
2
695 692 
34
696 656 287 657 737 653 219 199 700 658 698 494 655 217 218 216 215 739 214 200 210 738 213 211 212 209 201 202 207 208 203 206 205 204 
11
697 694 289 701 198 699 467 197 695 692 288 
1
698 
1
699 
1
700 
5
701 198 699 467 197 
3
702 748 744 
9
703 568 504 297 499 587 523 606 296 
2
704 410 
38
705 415 507 36 558 33 35 34 32 680 684 681 418 417 416 685 538 419 580 595 411 557 581 42 597 464 537 39 40 41 37 38 598 412 414 413 44 43 
22
706 600 711 601 716 732 463 713 709 712 708 616 584 585 560 599 714 718 582 583 474 707 
1
707 
1
708 
1
709 
1
710 
2
711 601 
2
712 708 
4
713 709 712 708 
2
714 718 
1
715 
8
716 192 732 463 713 709 712 708 
1
717 
1
718 
60
719 461 66 677 154 155 65 530 549 157 158 156 720 749 153 673 139 678 679 574 676 546 675 67 519 459 516 138 545 136 137 68 152 144 674 141 140 143 142 151 145 150 147 149 148 146 159 603 602 69 70 604 518 71 487 135 64 605 561 501 
2
720 749 
4
721 630 723 393 
5
722 392 390 391 496 
2
723 393 
2
724 394 
2
725 178 
8
726 176 177 173 174 175 172 171 
14
727 728 183 184 181 182 190 189 188 187 186 488 729 185 
5
728 183 184 181 182 
2
729 185 
54
730 735 733 734 489 161 162 191 160 731 640 643 460 163 164 644 165 638 180 642 641 166 167 645 168 170 169 475 725 178 179 726 176 177 173 174 175 172 171 727 728 183 184 181 182 190 189 188 187 186 488 729 185 192 
1
731 
2
732 463 
5
733 734 489 161 162 
1
734 
1
735 
2
736 431 
3
737 653 219 
4
738 213 211 212 
2
739 214 
4
740 384 385 383 
2
741 336 
2
742 340 
4
743 338 339 337 
1
744 
10
745 746 471 522 520 300 299 298 301 405 
1
746 
26
747 406 702 748 744 588 567 703 568 504 297 499 587 523 606 296 745 746 471 522 520 300 299 298 301 405 
1
748 
1
749 
3
750 752 436 
5
751 432 434 435 433 
2
752 436 
1
753 
1
754 
3
755 342 341 
5
756 754 755 342 341 
4
757 472 344 343 
1
758 
17
759 375 757 472 344 343 756 754 755 342 341 376 503 753 760 742 340 
1
760 
9
761 346 758 762 372 371 345 374 373 
3
762 372 371 
2
763 367 
2
764 368 
16
765 359 353 766 360 366 362 364 363 361 365 357 356 355 354 358 
3
766 360 366 
1
767 
3
768 453 446 
26
769 454 768 453 446 770 5 772 445 443 444 767 4 449 450 451 452 448 447 456 1 457 0 2 455 3 
8
770 5 772 445 443 444 767 4 
6
771 8 6 7 506 442 
4
772 445 443 444 
3
773 25 774 
1
774 
2
775 382 
2
776 381 
13
777 270 234 271 233 778 779 272 232 478 274 273 231 
4
778 779 272 232 
2
779 272 
5
780 236 268 235 269 
23
781 266 238 267 237 780 236 268 235 269 777 270 234 271 233 778 779 272 232 478 274 273 231 
