15
700 488 513 529 598 660 681 565 648 672 196 593 539 651 655 
701
1
0 
1
1 
3
2 3 1 
1
3 
8
4 2 3 1 5 466 0 465 
1
5 
1
6 
1
7 
2
8 9 
1
9 
1
10 
1
11 
1
12 
1
13 
2
14 450 
1
15 
1
16 
1
17 
1
18 
1
19 
3
20 19 21 
1
21 
1
22 
1
23 
1
24 
3
25 26 27 
1
26 
1
27 
1
28 
2
29 591 
1
30 
1
31 
1
32 
1
33 
3
34 35 33 
1
35 
1
36 
1
37 
1
38 
1
39 
1
40 
2
41 42 
1
42 
1
43 
2
44 45 
1
45 
1
46 
1
47 
1
48 
1
49 
1
50 
1
51 
1
52 
1
53 
1
54 
1
55 
1
56 
1
57 
2
58 57 
1
59 
1
60 
1
61 
1
62 
1
63 
1
64 
1
65 
1
66 
1
67 
1
68 
1
69 
2
70 71 
1
71 
1
72 
2
73 74 
1
74 
1
75 
1
76 
1
77 
1
78 
1
79 
1
80 
1
81 
1
82 
1
83 
1
84 
1
85 
1
86 
2
87 88 
1
88 
1
89 
2
90 91 
1
91 
1
92 
1
93 
1
94 
4
95 94 96 97 
2
96 97 
1
97 
1
98 
1
99 
1
100 
7
101 102 105 103 104 106 100 
1
102 
2
103 104 
1
104 
3
105 103 104 
1
106 
1
107 
1
108 
1
109 
1
110 
1
111 
1
112 
1
113 
1
114 
1
115 
1
116 
1
117 
1
118 
1
119 
1
120 
1
121 
1
122 
1
123 
1
124 
1
125 
1
126 
1
127 
1
128 
1
129 
1
130 
1
131 
1
132 
1
133 
1
134 
2
135 134 
1
136 
1
137 
2
138 137 
1
139 
2
140 141 
1
141 
1
142 
1
143 
2
144 143 
1
145 
1
146 
2
147 148 
1
148 
1
149 
1
150 
1
151 
1
152 
1
153 
1
154 
1
155 
1
156 
1
157 
2
158 157 
1
159 
1
160 
1
161 
1
162 
1
163 
1
164 
1
165 
1
166 
1
167 
1
168 
1
169 
1
170 
1
171 
1
172 
15
173 566 467 624 261 259 260 262 560 623 641 263 621 264 172 
1
174 
1
175 
1
176 
1
177 
1
178 
1
179 
1
180 
1
181 
2
182 183 
1
183 
1
184 
1
185 
1
186 
1
187 
1
188 
1
189 
1
190 
1
191 
1
192 
2
193 192 
4
194 235 195 234 
2
195 234 
47
196 233 232 197 231 198 209 229 536 230 199 208 202 203 201 200 207 204 206 205 210 227 228 214 222 213 224 223 212 225 211 226 221 215 216 220 217 219 218 235 195 234 194 236 193 237 192 
1
197 
1
198 
1
199 
1
200 
2
201 200 
1
202 
1
203 
1
204 
1
205 
2
206 205 
4
207 204 206 205 
5
208 202 203 201 200 
10
209 229 536 230 199 208 202 203 201 200 
19
210 227 228 214 222 213 224 223 212 225 211 226 221 215 216 220 217 219 218 
2
211 226 
2
212 225 
5
213 224 223 212 225 
16
214 222 213 224 223 212 225 211 226 221 215 216 220 217 219 218 
1
215 
1
216 
1
217 
1
218 
2
219 218 
4
220 217 219 218 
7
221 215 216 220 217 219 218 
1
222 
1
223 
1
224 
1
225 
1
226 
1
227 
1
228 
1
229 
1
230 
2
231 198 
4
232 197 231 198 
1
233 
1
234 
1
235 
12
236 237 193 192 673 191 238 190 194 235 195 234 
1
237 
1
238 
1
239 
1
240 
2
241 240 
1
242 
1
243 
1
244 
2
245 246 
1
246 
1
247 
1
248 
1
249 
1
250 
1
251 
1
252 
1
253 
1
254 
1
255 
2
256 255 
1
257 
1
258 
2
259 260 
1
260 
1
261 
1
262 
1
263 
1
264 
5
265 556 622 559 553 
1
266 
1
267 
1
268 
1
269 
1
270 
1
271 
1
272 
2
273 272 
1
274 
1
275 
5
276 277 278 279 275 
1
277 
1
278 
1
279 
2
280 281 
1
281 
1
282 
1
283 
1
284 
1
285 
2
286 285 
1
287 
1
288 
2
289 288 
8
290 501 287 289 288 286 285 291 
1
291 
1
292 
1
293 
1
294 
1
295 
1
296 
1
297 
17
298 563 548 542 545 628 485 486 550 549 551 482 547 541 392 552 480 
1
299 
1
300 
1
301 
1
302 
1
303 
1
304 
1
305 
1
306 
2
307 306 
1
308 
1
309 
1
310 
2
311 310 
1
312 
1
313 
1
314 
1
315 
1
316 
1
317 
1
318 
1
319 
1
320 
1
321 
1
322 
1
323 
1
324 
1
325 
1
326 
1
327 
1
328 
1
329 
1
330 
3
331 332 366 
1
332 
1
333 
1
334 
1
335 
2
336 335 
1
337 
1
338 
1
339 
16
340 349 350 339 351 338 352 337 348 341 342 347 343 344 346 345 
1
341 
1
342 
1
343 
3
344 346 345 
1
345 
1
346 
5
347 343 344 346 345 
8
348 341 342 347 343 344 346 345 
1
349 
2
350 339 
2
351 338 
2
352 337 
4
353 336 335 334 
5
354 362 361 537 363 
1
355 
2
356 358 
1
357 
1
358 
1
359 
6
360 355 359 356 358 357 
1
361 
1
362 
1
363 
1
364 
1
365 
1
366 
2
367 330 
2
368 329 
7
369 328 327 368 329 367 330 
1
370 
1
371 
1
372 
1
373 
1
374 
1
375 
1
376 
1
377 
1
378 
1
379 
1
380 
1
381 
1
382 
1
383 
1
384 
2
385 386 
1
386 
1
387 
1
388 
1
389 
1
390 
1
391 
1
392 
1
393 
2
394 395 
1
395 
1
396 
1
397 
1
398 
2
399 398 
1
400 
1
401 
1
402 
2
403 404 
1
404 
1
405 
1
406 
1
407 
2
408 407 
1
409 
1
410 
1
411 
1
412 
1
413 
1
414 
1
415 
2
416 415 
1
417 
1
418 
1
419 
2
420 421 
1
421 
1
422 
1
423 
1
424 
1
425 
1
426 
1
427 
1
428 
1
429 
1
430 
1
431 
1
432 
1
433 
1
434 
1
435 
1
436 
1
437 
3
438 439 440 
1
439 
1
440 
1
441 
1
442 
1
443 
2
444 443 
1
445 
1
446 
1
447 
1
448 
2
449 15 
1
450 
1
451 
1
452 
1
453 
1
454 
1
455 
1
456 
1
457 
1
458 
1
459 
4
460 459 461 462 
2
461 462 
1
462 
1
463 
1
464 
1
465 
3
466 0 465 
5
467 624 261 259 260 
1
468 
7
469 606 142 140 141 144 143 
9
470 662 125 124 126 665 75 73 74 
3
471 609 149 
14
472 601 528 155 154 535 527 484 627 159 616 156 158 157 
3
473 502 282 
5
474 571 301 302 300 
6
475 525 414 416 415 413 
7
476 505 423 422 420 421 424 
3
477 521 409 
33
478 508 38 643 427 493 40 504 39 506 425 426 503 43 41 42 476 505 423 422 420 421 424 507 419 511 46 44 45 510 532 417 418 
8
479 637 23 691 438 439 440 437 
1
480 
2
481 557 
6
482 547 541 392 552 480 
5
483 573 305 307 306 
1
484 
1
485 
2
486 550 
8
487 387 385 386 312 311 310 388 
60
488 432 431 31 645 644 430 32 642 429 428 646 36 34 35 33 592 638 30 434 433 435 29 591 636 635 436 28 24 479 637 23 691 438 439 440 437 688 442 690 441 689 22 21 25 26 27 643 427 426 478 508 38 504 39 506 425 423 424 37 
2
489 534 
3
490 138 137 
9
491 274 280 281 276 277 278 279 275 
2
492 284 
7
493 40 504 39 506 425 426 
10
494 309 308 495 389 483 573 305 307 306 
1
495 
3
496 313 384 
16
497 273 272 271 473 502 282 491 274 280 281 276 277 278 279 275 
1
498 
1
499 
13
500 492 284 283 292 290 501 287 289 288 286 285 291 
2
501 287 
2
502 282 
21
503 43 41 42 476 505 423 422 420 421 424 507 419 511 46 44 45 510 532 417 418 
1
504 
5
505 423 422 420 421 
2
506 425 
2
507 419 
2
508 38 
11
509 315 383 314 595 381 382 316 496 313 384 
4
510 532 417 418 
8
511 46 44 45 510 532 417 418 
11
512 514 520 412 47 475 525 414 416 415 413 
47
513 477 521 409 517 410 411 48 512 514 520 412 47 475 525 414 416 415 413 493 40 503 43 41 42 476 505 422 420 421 507 419 511 46 44 45 510 532 417 418 597 49 516 408 406 518 407 
3
514 520 412 
1
515 
7
516 519 518 531 406 408 407 
3
517 410 411 
5
518 531 406 408 407 
1
519 
2
520 412 
2
521 409 
7
522 515 524 523 405 403 404 
1
523 
5
524 523 405 403 404 
2
525 414 
1
526 
8
527 484 627 159 616 156 158 157 
4
528 155 154 535 
49
529 619 402 617 489 534 587 162 519 522 524 523 405 403 404 620 400 401 588 468 618 584 586 589 163 574 399 398 580 165 164 625 530 526 515 161 626 484 627 160 527 159 158 531 397 585 582 579 583 
1
530 
2
531 406 
3
532 417 418 
3
533 615 153 
1
534 
1
535 
3
536 230 199 
2
537 363 
38
538 365 364 333 331 332 366 354 362 361 537 363 353 336 335 334 360 355 359 356 358 357 340 349 350 339 351 338 352 337 348 341 342 347 343 344 346 345 
40
539 390 572 303 304 494 309 308 495 389 483 573 305 307 306 540 543 391 562 299 474 571 301 302 300 541 392 396 394 395 393 487 387 386 312 311 310 388 547 544 
11
540 546 543 391 562 299 474 571 301 302 300 
2
541 392 
2
542 545 
2
543 391 
5
544 396 394 395 393 
1
545 
1
546 
1
547 
1
548 
2
549 551 
1
550 
1
551 
2
552 480 
1
553 
1
554 
2
555 554 
4
556 622 559 553 
1
557 
10
558 578 569 167 168 583 166 580 165 164 
2
559 553 
6
560 623 641 263 621 264 
5
561 576 570 169 170 
2
562 299 
1
563 
6
564 544 396 394 395 393 
34
481 557 555 554 556 622 559 553 563 548 542 545 628 485 486 550 549 551 482 552 480 558 578 568 577 561 576 564 546 265 629 590 581 298 
7
566 467 624 261 259 260 262 
7
567 256 255 254 575 258 257 
13
568 577 561 576 570 169 170 564 544 396 394 395 393 
5
569 167 168 583 166 
3
570 169 170 
4
571 301 302 300 
3
572 303 304 
4
573 305 307 306 
1
574 
3
575 258 257 
1
576 
1
577 
1
578 
18
579 585 574 582 581 397 399 398 558 578 569 167 168 583 166 580 165 164 
3
580 165 164 
1
581 
5
582 581 397 399 398 
2
583 166 
4
584 586 589 163 
1
585 
1
586 
3
587 162 161 
3
588 468 618 
2
589 163 
1
590 
1
591 
8
592 638 30 434 433 435 29 591 
47
593 293 499 634 270 497 273 272 271 473 502 282 491 274 280 281 276 277 278 279 275 500 492 284 283 292 290 501 287 289 288 286 285 291 631 267 630 633 295 294 632 268 269 498 296 266 297 
3
594 317 380 
3
595 381 382 
7
596 603 526 625 530 626 160 
16
597 49 516 519 518 531 406 408 407 522 515 524 523 405 403 404 
47
598 533 615 153 51 50 472 601 528 155 154 535 156 157 596 603 610 56 469 606 142 144 143 58 57 602 605 54 55 604 145 53 608 146 147 148 600 52 471 609 149 612 151 599 152 150 616 
1
599 
10
600 52 471 609 149 612 151 599 152 150 
1
601 
11
602 605 54 55 604 145 53 608 146 147 148 
1
603 
2
604 145 
2
605 54 
2
606 142 
2
607 139 
4
608 146 147 148 
2
609 149 
42
610 56 469 606 142 140 141 144 143 58 57 611 59 607 139 613 61 60 490 138 137 602 605 54 55 604 145 53 608 146 147 148 600 52 471 609 149 612 151 599 152 150 
4
611 59 607 139 
5
612 151 599 152 150 
6
613 61 60 490 138 137 
10
614 657 66 65 640 64 63 62 639 136 
2
615 153 
4
616 156 158 157 
1
617 
1
618 
3
619 402 617 
41
620 400 401 588 468 618 584 586 589 163 579 585 574 582 581 397 399 398 558 578 569 167 168 583 166 580 165 164 568 577 561 576 570 169 170 564 544 396 394 395 393 
1
621 
1
622 
1
623 
4
624 261 259 260 
4
625 530 626 160 
2
626 160 
2
627 159 
6
628 485 486 550 549 551 
3
629 590 297 
1
630 
15
631 267 630 633 295 294 632 268 269 498 296 266 629 590 297 
4
632 268 269 498 
8
633 295 294 632 268 269 498 296 
2
634 270 
2
635 436 
13
636 635 436 28 24 479 637 23 691 438 439 440 437 
1
637 
1
638 
2
639 136 
4
640 64 63 62 
3
641 263 621 
9
642 429 428 646 36 37 34 35 33 
2
643 427 
2
644 430 
4
645 644 430 32 
6
646 36 37 34 35 33 
7
647 252 175 176 251 649 253 
44
648 174 567 256 255 254 575 258 257 178 250 666 177 647 252 175 176 251 649 253 565 171 173 566 467 624 261 259 260 262 560 263 172 167 168 169 170 166 570 623 641 621 569 264 
2
649 253 
10
650 320 377 376 321 375 653 322 374 323 
34
651 652 378 319 379 318 594 317 380 509 315 383 314 595 381 382 316 496 313 384 324 650 320 377 376 321 375 653 322 374 323 654 373 385 
1
652 
4
653 322 374 323 
4
654 324 373 372 
51
371 370 369 328 327 368 329 367 330 538 365 364 333 331 332 366 354 362 361 537 363 353 336 335 334 360 355 359 356 358 357 340 349 350 339 351 338 352 337 348 341 342 347 343 344 346 345 655 326 325 372 
18
656 131 132 67 658 133 135 134 614 657 66 65 640 64 63 62 639 136 
3
657 66 65 
4
658 133 135 134 
26
659 129 128 661 127 664 72 70 71 470 662 125 124 126 665 75 73 74 682 122 121 683 77 76 78 123 
61
660 663 130 69 68 656 131 132 67 658 133 135 134 614 657 66 65 640 64 63 62 639 136 659 129 128 661 127 664 72 70 71 470 662 125 124 126 665 75 73 74 682 122 121 683 77 76 78 123 139 613 61 490 138 137 141 611 59 607 140 60 
2
661 127 
4
662 125 124 126 
2
663 130 
2
664 72 
4
665 75 73 74 
2
666 177 
7
667 249 179 178 250 666 177 
27
668 181 247 245 246 180 248 669 244 184 243 182 183 667 249 179 178 250 666 177 647 252 175 176 251 649 253 
6
669 244 184 243 182 183 
6
670 187 242 671 185 186 
3
671 185 186 
32
672 189 239 241 240 188 670 187 242 671 185 186 673 191 238 190 668 181 247 245 246 180 669 244 184 243 182 183 248 667 249 179 
4
673 191 238 190 
1
674 
19
675 98 99 93 677 678 674 107 101 102 105 103 104 106 100 95 94 96 97 
6
676 108 92 90 91 109 
4
677 678 674 107 
1
678 
11
679 89 110 87 88 676 108 92 90 91 109 
4
680 86 112 111 
54
681 114 84 115 83 85 113 680 86 112 111 687 116 82 117 81 119 684 118 80 679 89 110 87 88 676 108 92 90 91 109 675 98 99 93 677 678 674 107 101 102 105 103 104 106 100 95 94 96 97 685 79 686 120 
8
682 122 121 683 77 76 78 123 
4
683 77 76 78 
3
684 118 80 
8
685 79 686 120 119 684 118 80 
3
686 120 119 
5
687 116 82 117 81 
9
688 442 690 441 689 22 20 19 21 
2
689 22 
2
690 441 
4
691 438 439 440 
6
692 445 18 446 444 443 
22
693 447 16 448 449 15 17 692 445 18 446 444 443 688 442 690 441 689 22 20 19 21 
2
694 464 
7
695 458 463 460 459 461 462 
5
696 7 455 456 454 
21
697 698 6 457 694 464 4 2 3 1 5 466 0 465 695 458 463 460 459 461 462 
1
698 
10
699 10 453 8 9 696 7 455 456 454 
54
700 12 452 11 13 451 14 450 699 10 453 8 9 696 7 455 456 454 697 698 6 457 694 464 4 2 3 1 5 466 0 465 695 458 463 460 459 461 462 693 447 16 448 449 15 17 692 445 18 446 444 443 20 19 
