15
497 606 558 570 609 544 590 619 208 238 522 621 408 407 634 
635
1
0 
1
1 
1
2 
1
3 
1
4 
1
5 
2
6 495 
1
7 
2
8 493 
10
9 492 8 493 494 7 496 5 6 495 
20
10 491 11 490 12 489 13 488 14 487 9 492 8 493 494 7 496 5 6 495 
2
11 490 
2
12 489 
4
13 488 14 487 
2
14 487 
1
15 
1
16 
1
17 
1
18 
1
19 
1
20 
2
21 20 
1
22 
1
23 
2
24 23 
1
25 
1
26 
1
27 
1
28 
1
29 
1
30 
1
31 
1
32 
1
33 
1
34 
1
35 
1
36 
1
37 
1
38 
2
39 38 
1
40 
1
41 
1
42 
1
43 
1
44 
1
45 
1
46 
1
47 
1
48 
1
49 
1
50 
1
51 
1
52 
1
53 
1
54 
1
55 
1
56 
1
57 
1
58 
1
59 
1
60 
2
61 62 
1
62 
1
63 
1
64 
1
65 
1
66 
2
67 66 
1
68 
1
69 
1
70 
1
71 
1
72 
1
73 
2
74 73 
1
75 
1
76 
1
77 
1
78 
1
79 
2
80 81 
1
81 
1
82 
1
83 
2
84 83 
1
85 
1
86 
1
87 
1
88 
1
89 
1
90 
1
91 
1
92 
28
93 118 119 117 94 122 89 90 121 91 120 92 123 88 124 87 86 99 113 98 114 115 97 96 116 95 100 112 
1
94 
1
95 
1
96 
1
97 
2
98 114 
11
99 113 98 114 115 97 96 116 95 100 112 
2
100 112 
4
101 102 104 103 
3
102 104 103 
1
103 
1
104 
1
105 
1
106 
1
107 
1
108 
2
109 108 
5
110 107 106 109 108 
1
111 
1
112 
1
113 
1
114 
5
115 97 96 116 95 
2
116 95 
2
117 94 
1
118 
1
119 
2
120 92 
4
121 91 120 92 
12
122 89 90 121 91 120 92 123 88 124 87 86 
5
123 88 124 87 86 
3
124 87 86 
1
125 
2
126 127 
1
127 
1
128 
1
129 
1
130 
2
131 130 
1
132 
1
133 
1
134 
1
135 
1
136 
1
137 
5
138 139 74 73 137 
1
139 
1
140 
1
141 
1
142 
1
143 
1
144 
2
145 146 
1
146 
1
147 
1
148 
1
149 
1
150 
1
151 
1
152 
1
153 
1
154 
1
155 
1
156 
1
157 
1
158 
1
159 
1
160 
1
161 
1
162 
1
163 
1
164 
1
165 
1
166 
3
167 166 165 
1
168 
1
169 
1
170 
1
171 
1
172 
1
173 
2
174 173 
1
175 
1
176 
1
177 
1
178 
1
179 
1
180 
1
181 
6
182 183 184 185 620 186 
3
183 184 185 
1
184 
1
185 
1
186 
1
187 
6
188 272 627 274 273 275 
2
189 271 
1
190 
6
191 269 270 190 189 271 
1
192 
1
193 
1
194 
2
195 265 
1
196 
2
197 263 
26
198 262 199 261 201 259 260 200 204 256 203 257 258 202 264 196 197 263 266 194 195 265 267 193 268 192 
2
199 261 
1
200 
4
201 259 260 200 
1
202 
2
203 257 
6
204 256 203 257 258 202 
2
205 255 
2
206 254 
6
207 253 206 254 205 255 
28
266 194 195 265 267 193 268 192 191 269 270 190 189 271 276 187 188 272 627 274 273 275 182 183 184 185 620 186 
4
209 251 250 210 
1
210 
6
211 249 209 251 250 210 
1
212 
1
213 
6
214 246 245 215 216 244 
1
215 
2
216 244 
2
217 243 
4
218 242 217 243 
2
219 241 
4
220 240 219 241 
2
221 239 
1
222 
1
223 
1
224 
13
225 235 236 224 233 228 227 234 226 232 229 231 230 
1
226 
1
227 
2
228 227 
1
229 
1
230 
2
231 230 
4
232 229 231 230 
9
233 228 227 234 226 232 229 231 230 
2
234 226 
1
235 
2
236 224 
2
237 223 
42
238 222 237 223 221 239 220 240 219 241 218 242 217 243 225 235 236 224 233 228 227 234 226 232 229 231 230 247 214 245 216 213 246 215 244 634 248 211 250 212 249 210 
1
239 
1
240 
1
241 
1
242 
1
243 
1
244 
2
245 215 
1
246 
16
247 213 248 212 211 249 209 251 250 210 214 246 245 215 216 244 
2
248 212 
1
249 
2
250 210 
1
251 
1
252 
1
253 
1
254 
1
255 
1
256 
1
257 
2
258 202 
1
259 
2
260 200 
1
261 
1
262 
1
263 
12
264 196 197 263 266 194 195 265 267 193 268 192 
1
265 
4
266 194 195 265 
4
267 193 268 192 
2
268 192 
1
269 
2
270 190 
1
271 
1
272 
1
273 
1
274 
1
275 
1
276 
1
277 
1
278 
1
279 
2
280 325 
1
281 
1
282 
1
283 
1
284 
1
285 
1
286 
5
287 289 288 290 286 
1
288 
3
289 288 290 
1
290 
1
291 
1
292 
2
293 541 
1
294 
4
295 296 297 294 
2
296 297 
1
297 
2
298 299 
1
299 
2
300 301 
1
301 
1
302 
1
303 
1
304 
1
305 
1
306 
3
307 306 305 
1
308 
9
309 311 553 304 308 307 306 305 310 
1
310 
1
311 
21
312 551 552 303 542 537 292 512 302 293 541 313 526 300 301 298 299 295 296 297 294 
1
313 
1
314 
1
315 
5
316 320 319 317 318 
2
317 318 
1
318 
1
319 
1
320 
1
321 
1
322 
2
323 322 
1
324 
1
325 
4
326 279 280 325 
5
327 278 596 595 328 
1
328 
1
329 
4
330 331 624 332 
1
331 
1
332 
1
333 
2
334 333 
1
335 
1
336 
9
337 418 419 336 420 335 421 334 333 
2
338 417 
4
339 416 338 417 
7
340 414 415 339 416 338 417 
6
341 413 342 412 343 411 
2
342 412 
2
343 411 
1
344 
1
345 
1
346 
1
347 
1
348 
1
349 
1
350 
5
351 404 403 352 402 
2
352 402 
5
353 401 354 400 355 
1
354 
1
355 
12
356 399 357 398 358 397 394 361 360 359 396 395 
2
357 398 
2
358 397 
3
359 396 395 
1
360 
1
361 
1
362 
1
363 
2
364 391 
1
365 
1
366 
1
367 
1
368 
1
369 
1
370 
1
371 
1
372 
1
373 
1
374 
1
375 
1
376 
1
377 
3
378 376 377 
6
379 375 378 376 377 374 
10
380 381 382 373 379 375 378 376 377 374 
1
381 
2
382 373 
10
383 372 384 371 385 370 386 369 387 368 
4
384 371 385 370 
2
385 370 
4
386 369 387 368 
2
387 368 
2
388 367 
32
389 366 388 367 390 365 392 363 364 391 393 362 383 372 384 371 385 370 386 369 387 368 380 381 382 373 379 375 378 376 377 374 
2
390 365 
1
391 
6
392 363 364 391 393 362 
2
393 362 
6
394 361 360 359 396 395 
1
395 
1
396 
1
397 
1
398 
1
399 
2
400 355 
1
401 
1
402 
1
403 
1
404 
4
405 350 406 349 
2
406 349 
45
355 356 399 357 398 358 397 394 361 360 359 396 395 389 366 388 367 390 365 392 363 364 391 393 362 383 372 384 371 385 370 386 369 387 368 380 381 382 373 379 375 378 376 377 374 
30
408 346 409 345 410 344 341 413 342 412 343 411 340 414 407 348 347 405 350 406 349 351 404 403 352 402 353 401 354 400 
2
409 345 
2
410 344 
1
411 
1
412 
1
413 
1
414 
1
415 
1
416 
1
417 
1
418 
2
419 336 
2
420 335 
3
421 334 333 
6
422 623 330 331 624 332 
1
423 
1
424 
3
425 426 424 
1
426 
1
427 
1
428 
1
429 
1
430 
2
431 432 
1
432 
1
433 
1
434 
1
435 
1
436 
1
437 
1
438 
1
439 
1
440 
4
441 442 440 443 
1
442 
1
443 
1
444 
1
445 
1
446 
1
447 
1
448 
1
449 
1
450 
2
451 450 
1
452 
1
453 
1
454 
1
455 
1
456 
1
457 
2
458 457 
1
459 
1
460 
1
461 
2
462 463 
1
463 
1
464 
1
465 
1
466 
2
467 466 
1
468 
1
469 
1
470 
1
471 
1
472 
1
473 
2
474 473 
1
475 
1
476 
1
477 
1
478 
1
479 
2
480 481 
1
481 
2
482 483 
1
483 
1
484 
1
485 
2
486 15 
1
487 
1
488 
1
489 
1
490 
1
491 
1
492 
1
493 
2
494 7 
1
495 
4
496 5 6 495 
40
497 4 3 498 2 1 499 503 504 0 500 501 502 10 491 11 490 12 489 13 488 14 487 9 492 8 493 494 7 496 5 6 495 16 485 486 15 549 17 484 
3
498 2 1 
7
499 503 504 0 500 501 502 
3
500 501 502 
1
501 
1
502 
3
503 504 0 
2
504 0 
1
505 
13
506 534 535 169 168 527 577 171 170 519 167 166 165 
4
507 523 156 157 
1
508 
3
509 585 447 
1
510 
1
511 
4
512 302 293 541 
1
513 
4
514 150 151 149 
7
515 65 147 145 146 67 66 
21
516 85 125 548 128 126 127 607 132 79 78 133 80 81 131 130 547 82 129 84 83 
32
517 19 482 483 480 481 549 17 18 484 16 485 486 15 584 477 25 26 476 593 27 475 474 473 550 22 479 21 20 24 23 478 
4
518 462 463 461 
4
519 167 166 165 
4
520 154 153 155 
3
521 283 284 
60
522 314 538 513 521 283 284 531 282 530 323 322 539 315 543 321 312 551 552 303 542 537 292 512 302 293 541 313 526 300 301 298 299 295 296 297 294 540 291 529 285 287 289 288 290 286 309 311 553 304 308 307 306 305 310 316 320 319 317 318 
2
523 156 
17
524 58 59 533 152 520 154 153 155 532 56 57 55 507 523 156 157 
8
525 444 581 439 441 442 440 443 
9
526 300 301 298 299 295 296 297 294 
4
527 577 171 170 
3
528 162 163 
2
529 285 
3
530 323 322 
7
531 324 281 282 530 323 322 
8
532 56 57 55 507 523 156 157 
2
533 152 
1
534 
3
535 169 168 
2
536 164 
1
537 
2
538 513 
4
539 315 543 321 
9
540 291 529 285 287 289 288 290 286 
1
541 
3
542 537 292 
2
543 321 
39
544 105 111 101 102 104 103 110 107 106 109 108 93 118 119 117 94 122 89 90 121 91 120 92 123 88 99 113 98 114 115 97 96 116 95 100 112 87 124 
2
545 148 
20
546 63 545 148 64 61 62 554 60 514 150 151 149 515 65 147 145 146 67 66 
5
547 82 129 84 83 
2
548 128 
8
549 17 18 484 16 485 486 15 
8
550 22 479 21 20 24 23 478 
3
551 552 303 
2
552 303 
6
553 304 308 307 306 305 
6
554 60 514 150 151 149 
1
555 
3
556 445 446 
19
557 555 556 445 446 563 579 437 438 567 510 525 444 581 439 441 442 440 443 
46
558 51 509 585 447 586 449 448 633 456 632 44 457 559 452 561 49 451 450 50 562 46 45 568 48 47 587 454 455 453 581 439 441 442 440 443 525 444 555 556 445 446 563 510 579 438 
17
559 452 561 49 451 450 50 562 46 45 568 48 47 587 454 455 453 
38
560 52 566 572 575 574 172 573 588 582 175 592 435 174 173 580 583 436 511 557 555 556 445 446 563 579 437 438 567 510 525 444 581 439 441 442 440 443 
1
561 
10
562 46 45 568 48 47 587 454 455 453 
6
563 579 437 438 567 510 
3
564 536 164 
8
565 569 160 159 161 528 162 163 
2
566 572 
2
567 510 
3
568 48 47 
2
569 160 
57
570 53 564 536 164 565 569 160 159 161 528 162 163 506 534 535 169 168 519 167 166 165 571 578 576 158 54 524 58 520 154 153 155 532 56 57 55 507 523 156 157 560 52 566 557 567 554 60 151 59 533 152 61 514 527 170 573 
22
571 578 576 158 54 524 58 59 533 152 520 154 153 155 532 56 57 55 507 523 156 157 
1
572 
1
573 
1
574 
4
575 574 172 573 
2
576 158 
3
577 171 170 
1
578 
3
579 437 438 
4
580 583 436 511 
2
581 439 
1
582 
2
583 436 
18
584 477 25 26 476 593 27 475 474 473 550 22 479 21 20 24 23 478 
2
585 447 
3
586 449 448 
4
587 454 455 453 
11
588 582 175 592 435 174 173 580 583 436 511 
1
589 
37
590 433 589 431 432 591 176 177 508 434 430 616 178 575 172 588 582 175 592 435 174 173 580 583 436 511 437 171 574 572 614 612 429 179 180 428 577 
4
591 176 177 508 
2
592 435 
5
593 27 475 474 473 
4
594 472 29 28 
1
595 
1
596 
1
597 
3
598 427 423 
4
599 68 144 143 
4
600 142 70 69 
13
601 72 140 71 141 600 142 70 69 599 68 144 143 
5
602 35 465 467 466 
2
603 464 
48
604 37 36 603 464 518 462 463 461 39 38 602 35 465 467 466 631 40 630 460 633 456 632 44 458 457 629 42 459 41 43 559 452 561 49 451 450 50 562 46 45 568 48 47 587 454 455 453 
5
605 468 33 32 34 
66
606 470 31 469 30 471 594 472 29 28 605 468 33 32 34 517 19 482 483 480 481 18 584 477 25 26 476 593 27 475 474 473 550 22 479 21 20 24 23 478 604 37 36 603 464 518 462 463 461 39 38 602 35 465 467 466 40 631 630 460 629 42 459 41 43 458 
14
607 132 79 78 133 80 81 131 130 547 82 129 84 83 
3
608 134 77 
63
609 136 75 135 76 608 134 77 138 139 74 73 137 601 72 140 71 141 600 142 70 69 599 68 144 143 546 63 545 148 64 62 150 149 515 65 147 145 146 67 66 516 85 125 548 128 126 127 607 132 79 78 133 80 81 131 130 547 82 129 84 83 86 
1
610 
7
611 428 613 505 615 179 180 
1
612 
1
613 
6
614 430 612 429 616 178 
3
615 179 180 
2
616 178 
1
617 
2
618 617 
26
619 610 628 277 626 618 617 327 278 596 595 328 613 505 326 279 280 325 621 597 622 625 281 181 611 615 
2
620 186 
28
329 598 427 423 422 623 330 331 624 332 425 426 424 419 336 420 335 421 334 333 418 339 416 338 417 337 324 415 
1
622 
1
623 
2
624 332 
15
625 276 187 188 272 627 274 273 275 182 183 184 185 620 186 
1
626 
4
627 274 273 275 
3
628 277 626 
5
629 42 459 41 43 
1
630 
4
631 40 630 460 
2
632 44 
11
633 456 632 44 458 457 629 42 459 41 43 
28
208 207 206 205 209 204 252 253 254 255 251 201 259 260 200 256 203 257 258 202 198 262 199 261 264 196 197 263 
