15
538 798 613 632 680 110 115 782 640 246 531 355 418 804 805 
806
1
0 
1
1 
7
2 1 521 0 3 520 4 
1
3 
1
4 
1
5 
1
6 
1
7 
1
8 
1
9 
3
10 12 11 
1
11 
2
12 11 
5
13 10 12 11 9 
2
14 8 
1
15 
1
16 
1
17 
2
18 17 
3
19 18 17 
1
20 
1
21 
1
22 
1
23 
1
24 
1
25 
1
26 
1
27 
1
28 
1
29 
2
30 29 
1
31 
1
32 
27
33 773 488 34 799 800 35 487 486 774 489 775 32 491 490 558 31 30 29 577 26 493 607 492 606 28 27 
1
34 
1
35 
1
36 
1
37 
1
38 
2
39 40 
1
40 
1
41 
1
42 
1
43 
1
44 
1
45 
1
46 
1
47 
1
48 
1
49 
2
50 52 
1
51 
1
52 
1
53 
1
54 
5
55 56 601 53 54 
1
56 
1
57 
2
58 57 
1
59 
2
60 59 
4
61 770 60 59 
1
62 
1
63 
1
64 
2
65 66 
1
66 
1
67 
2
68 67 
1
69 
1
70 
1
71 
1
72 
1
73 
1
74 
1
75 
3
76 77 698 
1
77 
2
78 694 
1
79 
1
80 
5
81 83 82 84 80 
1
82 
1
83 
1
84 
6
85 81 83 82 84 80 
1
86 
1
87 
1
88 
1
89 
1
90 
1
91 
1
92 
1
93 
2
94 93 
1
95 
1
96 
1
97 
8
98 99 537 155 100 102 101 103 
1
99 
3
100 102 101 
1
101 
2
102 101 
1
103 
1
104 
3
105 150 151 
1
106 
2
107 148 
1
108 
1
109 
39
149 106 107 148 147 108 105 150 151 639 152 104 153 154 98 99 537 155 100 102 101 103 554 97 157 646 582 156 162 557 161 94 93 651 160 95 158 159 96 
2
111 144 
1
112 
2
113 142 
2
114 141 
38
115 140 139 138 116 137 117 118 122 134 121 133 123 132 135 120 119 136 125 130 124 131 129 126 128 127 143 112 113 142 114 141 110 145 111 144 146 109 
1
116 
1
117 
1
118 
2
119 136 
1
120 
1
121 
10
122 134 121 133 123 132 135 120 119 136 
2
123 132 
2
124 131 
8
125 130 124 131 129 126 128 127 
1
126 
1
127 
2
128 127 
4
129 126 128 127 
1
130 
1
131 
1
132 
1
133 
1
134 
4
135 120 119 136 
1
136 
3
137 117 118 
2
138 116 
1
139 
1
140 
1
141 
1
142 
4
143 112 113 142 
1
144 
1
145 
4
146 109 147 108 
2
147 108 
1
148 
11
149 106 107 148 146 109 147 108 105 150 151 
1
150 
1
151 
1
152 
2
153 154 
1
154 
1
155 
1
156 
1
157 
2
158 159 
1
159 
1
160 
1
161 
1
162 
1
163 
1
164 
1
165 
1
166 
1
167 
1
168 
1
169 
1
170 
1
171 
1
172 
4
173 175 174 176 
1
174 
2
175 174 
1
176 
1
177 
1
178 
1
179 
1
180 
1
181 
2
182 183 
1
183 
1
184 
1
185 
1
186 
2
187 186 
1
188 
1
189 
1
190 
1
191 
1
192 
4
193 194 192 785 
1
194 
1
195 
3
196 197 195 
1
197 
1
198 
1
199 
1
200 
1
201 
3
202 201 200 
5
203 204 202 201 200 
1
204 
1
205 
1
206 
1
207 
3
208 209 210 
1
209 
1
210 
1
211 
1
212 
1
213 
16
214 780 778 702 704 178 177 740 744 703 709 172 173 175 174 176 
1
215 
1
216 
1
217 
2
218 217 
1
219 
2
220 221 
1
221 
1
222 
1
223 
1
224 
1
225 
1
226 
1
227 
1
228 
1
229 
1
230 
1
231 
1
232 
1
233 
2
234 233 
1
235 
1
236 
2
237 236 
1
238 
1
239 
2
240 239 
1
241 
2
242 241 
1
243 
2
244 286 
1
245 
39
246 284 247 283 248 282 251 279 280 278 252 253 281 249 250 277 254 256 275 276 255 273 258 257 274 272 271 259 270 260 261 269 262 268 263 267 266 264 265 
4
247 283 248 282 
2
248 282 
1
249 
1
250 
9
251 279 280 278 252 253 281 249 250 
1
252 
1
253 
1
254 
1
255 
4
256 275 276 255 
2
257 274 
1
258 
1
259 
1
260 
9
261 269 262 268 263 267 266 264 265 
7
262 268 263 267 266 264 265 
5
263 267 266 264 265 
1
264 
1
265 
3
266 264 265 
1
267 
1
268 
1
269 
2
270 260 
1
271 
5
272 271 259 270 260 
18
273 258 257 274 272 271 259 270 260 261 269 262 268 263 267 266 264 265 
1
274 
1
275 
2
276 255 
24
277 254 256 275 276 255 273 258 257 274 272 271 259 270 260 261 269 262 268 263 267 266 264 265 
3
278 252 253 
1
279 
1
280 
3
281 249 250 
1
282 
1
283 
1
284 
2
285 245 
1
286 
2
287 243 
1
288 
1
289 
2
290 291 
1
291 
3
292 290 291 
2
293 294 
1
294 
12
295 578 293 294 237 236 540 238 292 290 291 289 
9
296 297 724 298 232 539 235 234 233 
1
297 
1
298 
2
299 300 
1
300 
1
301 
1
302 
1
303 
1
304 
1
305 
1
306 
1
307 
1
308 
1
309 
5
310 312 311 309 313 
1
311 
1
312 
1
313 
1
314 
1
315 
1
316 
1
317 
1
318 
1
319 
1
320 
1
321 
1
322 
1
323 
1
324 
1
325 
2
326 327 
1
327 
1
328 
1
329 
1
330 
1
331 
2
332 331 
3
333 334 335 
1
334 
1
335 
1
336 
1
337 
1
338 
1
339 
1
340 
1
341 
4
342 341 340 339 
1
343 
1
344 
1
345 
2
346 347 
1
347 
1
348 
1
349 
1
350 
2
351 352 
1
352 
1
353 
1
354 
59
355 356 541 666 438 439 437 436 665 667 440 791 357 790 435 788 433 434 792 789 432 360 430 431 358 359 370 424 579 369 425 608 367 427 542 366 365 364 428 368 426 643 429 642 363 361 641 362 572 442 441 664 353 351 352 354 551 350 443 
1
356 
1
357 
2
358 359 
1
359 
1
360 
3
361 641 362 
1
362 
1
363 
1
364 
1
365 
2
366 365 
1
367 
1
368 
1
369 
1
370 
2
371 372 
1
372 
4
373 374 376 375 
3
374 376 375 
1
375 
1
376 
1
377 
1
378 
1
379 
1
380 
1
381 
2
382 383 
1
383 
4
384 382 383 381 
7
385 380 384 382 383 381 379 
1
386 
1
387 
21
388 793 405 797 397 404 796 396 389 401 402 400 403 399 398 392 391 393 390 394 395 
1
389 
1
390 
1
391 
6
392 391 393 390 394 395 
1
393 
2
394 395 
1
395 
1
396 
1
397 
1
398 
2
399 398 
1
400 
6
401 402 400 403 399 398 
1
402 
1
403 
1
404 
1
405 
1
406 
1
407 
2
408 766 
2
409 414 
4
410 413 411 412 
2
411 412 
1
412 
1
413 
1
414 
7
415 409 414 410 413 411 412 
1
416 
1
417 
64
418 569 422 544 377 373 374 376 375 417 768 767 416 386 378 408 766 794 795 387 406 407 385 380 384 382 383 381 379 421 419 420 415 409 414 410 413 411 412 388 793 405 797 397 404 796 396 389 401 402 400 403 399 398 392 391 393 390 394 395 543 372 423 371 
1
419 
1
420 
3
421 419 420 
1
422 
1
423 
1
424 
1
425 
1
426 
1
427 
1
428 
1
429 
2
430 431 
1
431 
1
432 
1
433 
1
434 
1
435 
1
436 
2
437 436 
1
438 
1
439 
1
440 
1
441 
2
442 441 
1
443 
1
444 
1
445 
1
446 
1
447 
1
448 
1
449 
1
450 
4
451 661 456 659 
1
452 
4
453 454 452 455 
1
454 
1
455 
1
456 
1
457 
1
458 
2
459 460 
1
460 
1
461 
1
462 
2
463 625 
1
464 
1
465 
1
466 
1
467 
3
468 467 469 
1
469 
1
470 
1
471 
1
472 
1
473 
1
474 
2
475 474 
1
476 
1
477 
1
478 
1
479 
1
480 
1
481 
1
482 
1
483 
2
484 483 
1
485 
1
486 
1
487 
1
488 
1
489 
1
490 
2
491 490 
1
492 
1
493 
1
494 
1
495 
1
496 
2
497 496 
12
498 591 590 20 16 501 502 19 18 17 500 499 
1
499 
2
500 499 
2
501 502 
1
502 
1
503 
1
504 
1
505 
1
506 
4
507 506 505 508 
1
508 
1
509 
1
510 
5
511 512 515 514 513 
4
512 515 514 513 
1
513 
2
514 513 
1
515 
1
516 
1
517 
1
518 
1
519 
1
520 
2
521 0 
1
522 
5
523 673 589 620 323 
1
524 
1
525 
12
526 710 45 44 46 585 473 475 474 612 47 48 
7
527 725 449 450 604 345 344 
2
528 638 
13
529 618 41 42 39 40 803 480 481 479 776 478 477 
4
530 735 535 736 
71
531 602 446 447 445 576 726 448 571 348 346 347 527 725 449 450 604 345 344 637 458 528 638 563 330 655 332 331 329 662 660 457 636 656 550 722 337 657 336 565 333 334 335 658 645 343 723 338 644 451 661 456 659 453 454 452 455 342 341 340 339 459 632 635 634 588 587 328 349 603 444 
9
532 784 189 188 190 787 185 187 186 
1
533 
1
534 
2
535 736 
1
536 
5
537 155 100 102 101 
61
538 23 22 622 21 497 496 498 591 590 20 16 501 502 19 18 17 500 499 567 15 503 14 8 592 509 593 7 504 507 506 505 508 13 10 12 11 9 595 510 594 6 517 700 516 511 512 515 514 513 701 518 5 2 1 521 0 3 520 4 519 
4
539 235 234 233 
6
540 238 292 290 291 289 
1
541 
4
542 366 365 364 
26
543 423 371 372 370 424 579 369 425 608 367 427 542 366 365 364 428 368 426 643 429 642 363 361 641 362 
6
544 377 373 374 376 375 
27
545 596 198 663 211 207 208 209 210 573 199 552 206 205 203 204 202 201 200 570 196 197 195 193 194 192 785 
21
546 553 58 57 615 463 625 61 770 60 59 581 617 464 574 614 55 56 601 53 54 
2
547 633 
4
548 50 52 51 
3
549 466 465 
1
550 
3
551 350 349 
3
552 206 205 
3
553 58 57 
6
554 97 157 646 582 156 
30
555 165 164 648 89 647 88 649 167 166 650 169 168 584 583 163 90 162 91 557 92 161 94 93 651 160 95 158 159 96 
3
556 734 87 
5
557 92 161 94 93 
4
558 31 30 29 
3
559 228 227 
2
560 476 
9
561 587 328 326 327 566 325 619 324 
1
562 
5
563 330 655 332 331 
3
564 212 598 
4
565 333 334 335 
4
566 325 619 324 
19
567 15 503 14 8 592 509 593 7 504 507 506 505 508 13 10 12 11 9 
3
568 575 75 
1
569 
8
570 196 197 195 193 194 192 785 
4
571 348 346 347 
8
572 442 441 664 353 351 352 354 
10
573 199 552 206 205 203 204 202 201 200 
2
574 614 
2
575 75 
7
576 726 448 571 348 346 347 
8
577 26 493 607 492 606 28 27 
3
578 293 294 
3
579 369 425 
18
580 623 49 611 472 471 526 710 45 44 46 585 473 475 474 612 47 48 
10
581 617 464 574 614 55 56 601 53 54 
1
582 
1
583 
17
584 583 163 90 162 91 557 92 161 94 93 651 160 95 158 159 96 
4
585 473 475 474 
36
586 711 43 560 476 529 618 41 42 39 40 803 480 481 479 776 478 477 580 623 49 611 472 471 526 710 45 44 46 585 473 475 474 612 47 48 
4
587 328 326 327 
2
588 329 
3
589 620 323 
3
590 20 16 
1
591 
5
592 509 593 7 504 
2
593 7 
3
594 6 517 
23
595 510 594 6 517 700 516 511 512 515 514 513 701 518 5 2 1 521 0 3 520 4 519 
2
596 198 
1
597 
1
598 
17
599 597 783 191 786 184 182 183 532 784 189 188 190 787 185 187 186 
8
600 181 707 179 180 705 781 777 
3
601 53 54 
4
602 446 447 445 
3
603 444 443 
3
604 345 344 
3
605 24 25 
2
606 28 
5
607 492 606 28 27 
10
608 367 427 542 366 365 364 428 368 426 
6
609 610 470 468 467 469 
2
610 470 
3
611 472 471 
3
612 47 48 
51
613 525 549 466 465 548 50 52 51 609 610 470 468 467 469 546 553 58 57 615 463 625 61 770 60 59 581 617 464 574 614 55 56 601 53 54 460 461 616 524 462 769 772 63 771 64 62 628 627 626 65 
1
614 
3
615 463 625 
19
616 524 462 769 772 63 771 64 62 627 626 547 633 716 69 68 67 65 66 
2
617 464 
5
618 41 42 39 40 
1
619 
2
620 323 
4
621 321 322 534 
4
622 21 497 496 
2
623 49 
1
624 
1
625 
1
626 
10
627 626 547 633 716 69 68 67 65 66 
35
628 624 721 629 461 631 630 714 533 718 717 71 713 72 712 70 616 524 462 769 772 63 771 64 62 627 626 547 633 716 69 68 67 65 66 
1
629 
1
630 
2
631 630 
91
562 670 672 671 561 326 566 325 619 324 523 673 589 620 323 624 721 629 631 630 714 533 718 717 71 713 72 712 70 547 633 716 69 68 67 66 678 684 316 679 568 575 75 727 728 676 319 320 675 677 317 318 729 719 73 715 669 720 74 674 730 621 321 322 534 76 77 698 78 678 679 568 575 727 728 676 320 675 677 729 719 715 669 720 674 730 534 698 684 621 327 
1
633 
1
634 
4
635 634 588 329 
1
636 
45
637 458 528 638 563 330 655 332 331 635 634 588 329 662 660 457 636 656 550 722 337 657 336 565 333 334 335 658 645 343 723 338 644 451 661 456 659 453 454 452 455 342 341 340 339 
1
638 
19
639 152 104 153 154 98 99 537 155 100 102 101 103 554 97 157 646 582 156 
37
640 242 241 240 239 288 295 578 293 294 237 236 540 238 292 290 291 289 652 299 300 231 296 297 724 298 232 539 235 234 233 244 286 287 243 285 245 
1
641 
2
642 363 
7
643 429 642 363 361 641 362 
1
644 
2
645 343 
3
646 582 156 
8
647 88 649 167 166 650 169 168 
2
648 89 
3
649 167 166 
3
650 169 168 
6
651 160 95 158 159 96 
33
652 301 299 300 231 296 297 724 298 232 539 235 234 233 653 654 230 302 229 303 559 228 227 762 761 226 304 743 760 223 224 225 305 
9
653 654 230 302 229 303 559 228 227 
1
654 
1
655 
6
656 550 722 337 657 336 
1
657 
18
658 645 343 723 338 644 451 661 456 659 453 454 452 455 342 341 340 339 
1
659 
1
660 
1
661 
14
662 660 457 636 656 550 722 337 657 336 565 333 334 335 
6
663 211 207 208 209 210 
4
664 353 351 352 
3
665 667 440 
5
666 438 439 437 436 
2
667 440 
1
668 
3
669 720 74 
1
670 
1
671 
2
672 671 
1
673 
6
674 730 621 321 322 534 
5
675 677 317 318 729 
3
676 319 320 
2
677 317 
0

2
679 686 
47
750 530 668 689 695 747 757 752 765 751 686 683 691 688 690 536 687 692 693 706 745 748 763 746 686 683 691 688 690 536 687 692 693 756 764 741 706 759 171 745 748 763 746 172 708 758 708 
2
681 307 
8
682 314 308 310 312 311 309 313 
13
683 691 688 690 536 687 76 77 698 78 694 692 693 
2
684 316 
1
685 
1
686 
8
687 76 77 698 78 694 692 693 
1
688 
7
689 695 747 757 752 765 751 
2
690 536 
1
691 
2
692 693 
1
693 
1
694 
1
695 
2
696 699 
10
697 685 306 739 737 222 738 219 220 221 
1
698 
1
699 
2
700 516 
11
701 518 5 2 1 521 0 3 520 4 519 
1
702 
3
703 709 172 
3
704 178 177 
3
705 781 777 
2
706 759 
3
707 179 180 
1
708 
1
709 
4
710 45 44 46 
2
711 43 
2
712 70 
1
713 
9
714 533 718 717 71 713 72 712 70 
1
715 
6
716 69 68 67 65 66 
6
717 71 713 72 712 70 
1
718 
12
719 73 715 669 720 74 674 730 621 321 322 534 
2
720 74 
2
721 629 
4
722 337 657 336 
3
723 338 644 
3
724 298 232 
3
725 449 450 
2
726 448 
10
727 728 676 319 320 675 677 317 318 729 
1
728 
1
729 
1
730 
2
731 79 
4
732 668 731 79 
27
733 86 755 753 754 732 668 731 79 742 170 556 734 87 689 695 747 757 752 765 751 85 81 83 82 84 80 
1
734 
1
735 
1
736 
2
737 222 
4
738 219 220 221 
7
739 737 222 738 219 220 221 
5
740 744 703 709 172 
1
741 
5
742 170 556 734 87 
5
743 760 223 224 225 
1
744 
1
745 
1
746 
2
747 757 
1
748 
5
749 748 215 763 746 
1
750 
1
751 
3
752 765 751 
2
753 754 
1
754 
1
755 
19
756 216 750 218 217 530 735 535 736 697 685 306 739 737 222 738 219 220 221 
1
757 
4
758 708 171 745 
1
759 
3
760 223 224 
2
761 226 
10
762 761 226 304 743 760 223 224 225 305 
2
763 746 
0

2
765 751 
1
766 
1
767 
12
768 767 416 386 378 408 766 794 795 387 406 407 
1
769 
1
770 
1
771 
5
772 63 771 64 62 
2
773 488 
10
774 489 775 32 491 490 558 31 30 29 
2
775 32 
3
776 478 477 
1
777 
2
778 702 
2
779 522 
1
780 
1
781 
84
782 213 779 522 564 212 598 600 181 707 179 180 705 781 777 599 597 783 191 786 184 182 183 532 784 189 188 190 787 185 187 186 545 596 198 663 211 207 208 209 210 573 199 552 206 205 203 204 202 201 200 570 196 197 195 193 194 192 785 215 214 780 778 702 704 178 177 740 744 703 709 173 175 174 176 214 780 778 740 744 702 215 749 749 
2
783 191 
4
784 189 188 190 
1
785 
4
786 184 182 183 
4
787 185 187 186 
3
788 433 434 
1
789 
2
790 435 
15
791 357 790 435 788 433 434 792 789 432 360 430 431 358 359 
8
792 789 432 360 430 431 358 359 
1
793 
5
794 795 387 406 407 
1
795 
3
796 396 389 
3
797 397 404 
78
798 36 485 484 483 801 38 802 482 37 586 711 43 560 476 529 618 41 42 39 40 803 480 481 479 776 478 477 580 623 49 611 472 471 526 710 45 44 46 585 473 475 474 612 47 48 33 773 488 34 799 800 35 487 486 774 489 775 32 491 490 558 31 30 29 577 26 493 607 492 606 28 27 495 605 24 25 494 
5
799 800 35 487 486 
2
800 35 
5
801 38 802 482 37 
2
802 482 
4
803 480 481 479 
62
804 555 164 89 88 167 650 168 583 90 91 733 755 754 731 742 556 87 85 83 84 75 73 74 76 78 165 648 647 649 166 584 163 86 82 753 732 79 170 734 81 80 77 169 764 741 759 758 171 704 178 177 703 709 172 173 175 174 176 694 694 92 
57
805 653 302 303 228 762 226 743 223 225 681 682 308 312 309 218 735 736 685 739 222 219 221 319 317 322 229 559 227 761 304 224 305 307 310 311 306 315 699 314 313 216 217 535 697 737 738 220 316 318 321 760 654 680 696 301 230 
