15
816 756 592 606 598 330 817 818 819 820 821 822 823 824 825 
826
2
0 421 
1
1 
1
2 
1
3 
4
4 3 5 2 
1
5 
13
6 4 3 5 2 793 419 418 420 0 421 1 7 
1
7 
1
8 
1
9 
1
10 
1
11 
1
12 
1
13 
1
14 
1
15 
1
16 
1
17 
1
18 
1
19 
2
20 19 
1
21 
1
22 
1
23 
1
24 
3
25 23 24 
1
26 
1
27 
1
28 
1
29 
2
30 29 
1
31 
1
32 
1
33 
5
34 37 35 36 33 
2
35 36 
1
36 
1
37 
2
38 39 
1
39 
1
40 
1
41 
1
42 
1
43 
1
44 
1
45 
1
46 
1
47 
3
48 49 47 
1
49 
1
50 
1
51 
1
52 
1
53 
1
54 
1
55 
1
56 
1
57 
1
58 
1
59 
1
60 
1
61 
2
62 61 
3
63 62 61 
1
64 
1
65 
1
66 
1
67 
1
68 
1
69 
2
70 71 
1
71 
1
72 
1
73 
1
74 
1
75 
1
76 
1
77 
2
78 79 
1
79 
3
80 78 79 
1
81 
1
82 
1
83 
1
84 
2
85 84 
1
86 
1
87 
1
88 
1
89 
1
90 
1
91 
1
92 
1
93 
1
94 
2
95 94 
1
96 
1
97 
1
98 
1
99 
1
100 
1
101 
2
102 101 
1
103 
1
104 
2
105 104 
21
106 103 478 121 120 119 485 118 107 117 116 110 109 115 113 111 112 114 108 105 104 
1
107 
1
108 
1
109 
7
110 109 115 113 111 112 114 
1
111 
1
112 
4
113 111 112 114 
1
114 
1
115 
9
116 110 109 115 113 111 112 114 108 
1
117 
1
118 
1
119 
2
120 119 
1
121 
1
122 
1
123 
1
124 
1
125 
1
126 
2
127 126 
1
128 
1
129 
1
130 
1
131 
2
132 131 
1
133 
1
134 
1
135 
1
136 
1
137 
1
138 
1
139 
1
140 
1
141 
2
142 141 
1
143 
1
144 
1
145 
1
146 
1
147 
1
148 
1
149 
1
150 
1
151 
1
152 
1
153 
1
154 
2
155 156 
1
156 
1
157 
1
158 
1
159 
1
160 
1
161 
2
162 163 
1
163 
5
164 166 165 162 163 
1
165 
2
166 165 
2
167 168 
1
168 
1
169 
1
170 
2
171 170 
2
172 173 
1
173 
1
174 
1
175 
1
176 
1
177 
1
178 
2
179 178 
1
180 
1
181 
2
182 183 
1
183 
1
184 
1
185 
1
186 
1
187 
1
188 
1
189 
1
190 
2
191 545 
1
192 
1
193 
1
194 
1
195 
1
196 
2
197 198 
1
198 
4
199 200 197 198 
1
200 
1
201 
1
202 
1
203 
2
204 205 
1
205 
1
206 
1
207 
3
208 209 207 
1
209 
1
210 
1
211 
1
212 
1
213 
1
214 
1
215 
1
216 
1
217 
2
218 219 
1
219 
1
220 
2
221 222 
1
222 
1
223 
1
224 
2
225 224 
1
226 
1
227 
1
228 
6
229 234 231 233 232 230 
1
230 
4
231 233 232 230 
1
232 
1
233 
1
234 
8
235 228 229 234 231 233 232 230 
3
236 227 226 
14
237 225 224 540 223 243 236 227 226 238 242 239 240 241 
5
238 242 239 240 241 
3
239 240 241 
1
240 
1
241 
1
242 
1
243 
1
244 
2
245 244 
1
246 
1
247 
1
248 
1
249 
1
250 
2
251 252 
1
252 
1
253 
1
254 
1
255 
1
256 
1
257 
2
258 257 
1
259 
1
260 
1
261 
3
262 261 263 
1
263 
1
264 
1
265 
1
266 
1
267 
1
268 
1
269 
1
270 
1
271 
1
272 
2
273 506 
1
274 
1
275 
1
276 
1
277 
1
278 
2
279 280 
1
280 
1
281 
1
282 
1
283 
1
284 
1
285 
1
286 
1
287 
5
288 289 290 531 291 
2
289 290 
1
290 
1
291 
1
292 
1
293 
1
294 
1
295 
1
296 
1
297 
1
298 
1
299 
1
300 
2
301 300 
1
302 
1
303 
1
304 
1
305 
1
306 
2
307 306 
1
308 
1
309 
1
310 
1
311 
3
312 314 313 
1
313 
1
314 
5
315 312 314 313 311 
1
316 
1
317 
1
318 
1
319 
1
320 
1
321 
3
322 324 323 
1
323 
1
324 
1
325 
1
326 
2
327 326 
1
328 
1
329 
67
330 790 329 331 372 809 332 808 371 369 370 806 336 807 366 810 334 333 335 805 368 367 337 796 338 364 363 365 797 339 798 362 455 358 361 359 360 803 804 353 342 341 787 788 357 340 355 786 354 356 802 351 343 352 345 346 347 348 349 350 344 813 670 402 400 18 373 
1
331 
1
332 
1
333 
1
334 
1
335 
1
336 
1
337 
1
338 
1
339 
1
340 
1
341 
1
342 
1
343 
1
344 
7
345 346 347 348 349 350 344 
5
346 347 348 349 350 
1
347 
3
348 349 350 
2
349 350 
1
350 
1
351 
1
352 
1
353 
1
354 
4
355 786 354 356 
1
356 
1
357 
1
358 
1
359 
1
360 
3
361 359 360 
1
362 
1
363 
1
364 
1
365 
1
366 
1
367 
2
368 367 
2
369 370 
1
370 
1
371 
1
372 
1
373 
1
374 
1
375 
1
376 
1
377 
1
378 
3
379 380 378 
1
380 
1
381 
1
382 
1
383 
1
384 
1
385 
1
386 
1
387 
1
388 
1
389 
1
390 
1
391 
2
392 391 
3
393 392 391 
1
394 
1
395 
1
396 
2
397 398 
1
398 
1
399 
1
400 
1
401 
1
402 
1
403 
1
404 
1
405 
1
406 
1
407 
1
408 
2
409 408 
3
410 409 408 
1
411 
1
412 
1
413 
1
414 
2
415 416 
1
416 
1
417 
1
418 
2
419 418 
4
420 0 421 1 
1
421 
1
422 
2
423 745 
2
424 620 
41
425 533 86 87 85 84 486 139 138 487 88 535 137 136 488 562 82 534 83 536 144 479 140 143 142 141 561 76 426 560 147 580 146 145 537 81 584 77 80 78 79 
1
426 
20
427 456 73 713 707 152 714 74 583 706 490 708 151 582 715 75 581 149 150 148 
1
428 
3
429 497 396 
7
430 813 16 17 815 400 401 
1
431 
1
432 
11
433 501 201 504 268 267 269 202 465 266 265 
4
434 458 508 274 
7
435 507 272 271 503 195 194 
2
436 673 
1
437 
1
438 
1
439 
1
440 
2
441 665 
1
442 
1
443 
1
444 
1
445 
1
446 
1
447 
1
448 
4
449 635 302 303 
6
450 599 586 319 565 318 
1
451 
4
452 521 159 160 
23
453 481 169 482 176 175 473 174 171 170 172 173 518 520 161 474 167 168 164 166 165 162 163 
5
454 414 415 416 413 
5
455 358 361 359 360 
3
456 73 713 
2
457 771 
3
458 508 274 
2
459 177 
1
460 
17
461 218 219 248 249 220 247 624 250 216 217 500 246 245 244 221 222 
1
462 
7
463 626 30 29 28 631 749 
38
464 196 199 200 197 198 502 541 270 433 501 201 504 268 267 269 202 465 266 265 784 779 206 204 205 259 436 673 674 529 264 480 260 672 203 262 261 263 
3
465 266 265 
2
466 193 
5
467 381 510 544 377 
2
468 190 
2
469 555 
1
470 
3
471 279 280 
5
472 305 307 306 600 
6
473 174 171 170 172 173 
8
474 167 168 164 166 165 162 163 
2
475 285 
6
476 52 53 554 469 555 
11
477 292 293 530 295 294 288 289 290 531 291 
4
478 121 120 119 
5
479 140 143 142 141 
2
480 260 
2
481 169 
3
482 176 175 
2
483 296 
2
484 287 
13
485 118 107 117 116 110 109 115 113 111 112 114 108 
3
486 139 138 
5
487 88 535 137 136 
12
488 562 82 534 83 536 144 479 140 143 142 141 
5
489 459 177 618 443 
3
490 708 151 
2
491 22 
2
492 26 
14
493 21 429 497 396 498 18 20 19 494 670 399 397 398 
5
494 670 399 397 398 
1
495 
48
496 669 395 394 492 26 491 22 632 388 750 495 389 27 432 538 390 393 392 391 814 402 811 15 430 813 16 17 815 400 401 493 21 429 497 396 498 18 20 19 494 670 399 397 398 25 23 24 
2
497 396 
9
498 18 20 19 494 670 399 397 398 
21
499 322 324 323 467 381 510 544 377 379 380 378 509 564 539 320 437 542 382 563 321 
6
500 246 245 244 221 222 
2
501 201 
3
502 541 270 
2
503 195 
4
504 268 267 269 
12
505 466 193 273 506 435 507 272 271 503 195 194 
1
506 
2
507 272 
1
508 
9
509 564 539 320 437 542 382 563 321 
3
510 544 377 
3
511 438 376 
4
512 188 444 187 
1
513 
1
514 
1
515 
2
516 276 
13
517 551 282 576 702 284 283 550 575 281 471 279 280 
11
518 520 161 474 167 168 164 166 165 162 163 
1
519 
2
520 161 
3
521 159 160 
6
522 523 157 158 155 156 
5
523 157 158 155 156 
1
524 
2
525 622 
3
526 676 54 
1
527 
8
528 123 100 99 124 122 102 101 
2
529 264 
3
530 295 294 
2
531 291 
1
532 
5
533 86 87 85 84 
2
534 83 
2
535 137 
2
536 144 
7
537 81 584 77 80 78 79 
5
538 390 393 392 391 
2
539 320 
3
540 223 243 
2
541 270 
2
542 382 
12
543 588 567 383 589 568 450 599 586 319 565 318 
2
544 377 
1
545 
5
546 468 190 189 515 
3
547 278 277 
4
548 547 278 277 
1
549 
6
550 575 281 471 279 280 
2
551 282 
2
552 699 
6
553 519 452 521 159 160 
1
554 
1
555 
7
556 50 51 48 49 47 527 
4
557 475 285 286 
1
558 
1
559 
5
560 147 580 146 145 
15
561 76 426 560 147 580 146 145 537 81 584 77 80 78 79 
2
562 82 
2
563 321 
1
564 
1
565 
2
566 385 
1
567 
1
568 
4
569 192 514 513 
7
570 516 276 572 789 275 574 
2
571 611 
4
572 789 275 574 
2
573 597 
1
574 
5
575 281 471 279 280 
4
576 702 284 283 
15
577 470 484 287 477 292 293 530 295 294 288 289 290 531 291 
3
578 483 296 
7
579 532 462 557 475 285 286 
3
580 146 145 
4
581 149 150 148 
7
582 715 75 581 149 150 148 
1
583 
5
584 77 80 78 79 
18
585 601 308 317 472 305 307 306 600 602 310 309 316 315 312 314 313 311 
4
586 319 565 318 
4
587 451 384 660 
1
588 
2
589 568 
6
590 448 548 547 278 277 
22
591 571 611 573 597 590 448 548 547 278 277 596 593 603 549 570 516 276 572 789 275 574 
43
605 597 596 603 594 711 769 768 767 515 716 720 593 549 608 607 717 719 770 710 606 725 675 574 516 572 598 595 609 771 571 570 573 604 457 460 727 718 610 611 590 692 547 
1
593 
1
594 
1
595 
11
596 593 603 549 570 516 276 572 789 275 574 
1
597 
40
461 218 219 248 249 220 247 624 250 216 217 500 246 245 244 221 222 237 225 224 540 223 243 236 227 226 238 242 239 240 241 235 228 229 234 231 233 232 230 251 
1
599 
1
600 
2
601 308 
9
602 310 309 316 315 312 314 313 311 
2
603 549 
1
604 
2
605 607 
48
701 98 125 127 126 97 766 128 96 95 94 129 528 123 100 99 124 122 102 101 776 93 130 131 782 92 106 103 478 121 120 119 485 118 107 117 116 110 109 115 113 111 112 114 108 105 104 132 
1
607 
12
608 609 604 605 607 691 69 460 692 68 457 771 
2
609 604 
1
610 
1
611 
1
612 
3
613 407 612 
11
614 182 183 617 184 185 733 180 181 179 178 
2
615 186 
3
616 615 186 
3
617 184 185 
2
618 443 
5
619 512 188 444 187 
1
620 
50
621 524 616 615 186 489 459 177 618 443 553 519 452 521 159 160 614 182 183 617 184 185 733 180 181 179 178 453 481 169 482 176 175 473 174 171 170 172 173 518 520 161 474 167 168 164 166 165 162 163 
1
622 
9
623 72 729 70 71 726 728 727 770 
4
624 250 216 217 
2
625 31 
3
626 30 29 
6
627 38 39 751 40 41 
14
628 32 630 627 38 39 751 40 41 34 37 35 36 33 
2
629 42 
1
630 
2
631 749 
12
632 388 750 495 389 27 432 538 390 393 392 391 
3
633 634 304 
2
634 304 
3
635 302 303 
1
636 
1
637 
39
638 646 441 665 661 659 633 634 304 543 588 567 383 589 568 450 599 586 319 565 318 585 601 308 317 472 305 307 306 600 602 310 309 316 315 312 314 313 311 
10
639 299 298 301 300 637 449 635 302 303 
2
640 297 
3
641 640 297 
15
642 636 641 640 297 639 299 298 301 300 637 449 635 302 303 
5
643 773 752 644 645 
2
644 645 
1
645 
1
646 
1
647 
1
648 
2
649 648 
11
650 666 587 451 384 660 657 663 664 566 385 
4
651 647 649 648 
1
652 
1
653 
77
654 655 652 651 647 649 648 643 773 752 644 645 650 666 587 451 384 660 657 663 664 566 385 642 636 641 640 297 639 299 298 301 300 637 449 635 302 303 638 646 441 665 661 659 633 634 304 543 588 567 383 589 568 450 599 586 319 565 318 585 601 308 317 472 305 307 306 600 602 310 309 316 315 312 314 313 311 
1
655 
2
656 658 
5
657 663 664 566 385 
1
658 
1
659 
1
660 
5
661 659 633 634 304 
8
662 653 476 52 53 554 469 555 
1
663 
3
664 566 385 
1
665 
1
666 
1
667 
7
668 704 386 667 744 423 745 
3
669 395 394 
4
670 399 397 398 
7
671 325 327 326 511 438 376 
2
672 203 
1
673 
10
674 529 264 480 260 672 203 262 261 263 
3
675 191 545 
2
676 54 
3
677 57 58 
7
678 679 56 55 677 57 58 
3
679 56 55 
1
680 
3
681 682 59 
2
682 59 
3
683 60 64 
2
684 761 
1
685 
1
686 
6
687 65 686 66 684 761 
3
688 694 431 
3
689 67 685 
1
690 
7
691 69 460 692 68 457 771 
1
692 
5
693 690 689 67 685 
2
694 431 
25
695 697 698 552 699 579 532 462 557 475 285 286 517 551 282 576 702 284 283 550 575 281 471 279 280 
2
696 447 
1
697 
1
698 
1
699 
3
700 762 559 
57
701 98 125 127 126 97 766 128 96 95 94 129 528 123 100 99 124 122 102 101 776 93 130 132 131 782 92 780 133 91 90 134 785 89 781 135 106 103 478 121 120 119 485 118 107 117 116 110 109 115 113 111 112 114 108 105 104 
3
702 284 283 
2
703 558 
3
704 386 667 
13
705 387 748 747 625 31 463 626 30 29 28 631 749 
1
706 
2
707 152 
2
708 151 
2
709 721 
2
710 711 
1
711 
4
712 153 723 722 
1
713 
14
714 74 583 706 490 708 151 582 715 75 581 149 150 148 
2
715 75 
19
716 720 424 620 619 512 188 444 187 719 442 525 622 522 523 157 158 155 156 
40
717 594 710 711 769 768 730 154 724 718 709 721 767 675 191 545 546 468 190 189 515 716 720 424 620 619 512 188 444 187 719 442 525 622 522 523 157 158 155 156 
1
718 
10
719 442 525 622 522 523 157 158 155 156 
1
720 
1
721 
1
722 
1
723 
1
724 
1
725 
2
726 728 
2
727 770 
1
728 
1
729 
6
730 154 724 718 709 721 
11
731 9 732 412 411 613 407 612 410 409 408 
1
732 
5
733 180 181 179 178 
51
734 214 253 251 252 215 772 255 212 211 254 213 461 218 219 248 249 220 247 624 250 216 217 500 246 245 244 221 222 237 225 224 540 223 243 236 227 226 238 242 239 240 241 235 228 229 234 231 233 232 230 
6
735 737 738 44 45 43 
3
736 629 42 
5
737 738 44 45 43 
4
738 44 45 43 
2
739 46 
2
740 440 
20
741 739 46 740 440 556 50 51 48 49 47 527 662 653 476 52 53 554 469 555 
173
742 743 422 668 704 386 667 744 423 745 746 439 736 629 42 735 737 738 44 45 43 628 32 630 627 38 39 751 40 41 34 37 35 36 33 705 387 748 747 625 31 463 626 30 29 28 631 749 496 669 395 394 492 26 491 22 632 388 750 495 389 27 432 538 390 393 392 391 814 402 811 15 430 813 16 17 815 400 401 493 21 429 497 396 498 18 20 19 494 670 399 397 398 25 23 24 654 655 652 651 647 649 648 643 773 752 644 645 650 666 587 451 384 660 657 663 664 566 385 642 636 641 640 297 639 299 298 301 300 637 449 635 302 303 638 646 441 665 661 659 633 634 304 543 588 567 383 589 568 450 599 586 319 565 318 585 601 308 317 472 305 307 306 600 602 310 309 316 315 312 314 313 311 
1
743 
3
744 423 745 
1
745 
25
746 439 736 629 42 735 737 738 44 45 43 628 32 630 627 38 39 751 40 41 34 37 35 36 33 
3
747 625 31 
1
748 
1
749 
1
750 
3
751 40 41 
1
752 
1
753 
5
754 446 578 483 296 
4
755 526 676 54 
47
757 700 762 758 696 447 687 686 695 697 698 552 699 517 551 282 576 550 575 281 471 279 280 690 67 688 431 691 68 592 693 685 694 448 548 591 66 462 689 65 684 702 283 278 761 763 559 
7
757 764 763 428 700 762 559 
55
758 696 447 687 65 686 66 684 761 759 765 445 678 679 56 55 677 57 58 760 680 681 682 59 683 60 64 63 62 61 695 697 698 552 699 579 532 462 557 475 285 286 517 551 282 576 702 284 283 550 575 281 471 279 280 
10
759 765 445 678 679 56 55 677 57 58 
11
760 680 681 682 59 683 60 64 63 62 61 
1
761 
1
762 
2
763 428 
1
764 
1
765 
6
766 128 96 95 94 129 
9
767 675 191 545 546 468 190 189 515 
1
768 
2
769 768 
1
770 
1
771 
6
772 255 212 211 254 213 
2
773 752 
1
774 
31
775 753 703 558 754 446 578 483 296 757 764 763 428 700 762 559 577 470 484 287 477 292 293 530 295 294 288 289 290 531 291 
16
776 93 130 132 131 782 92 780 133 91 90 134 785 89 781 135 
4
777 208 209 207 
48
778 783 210 256 777 208 209 207 258 257 464 196 199 200 197 198 502 541 270 433 501 201 504 268 267 269 202 465 266 265 784 779 206 204 205 259 436 673 674 529 264 480 260 672 203 262 261 263 
2
779 206 
9
780 133 91 90 134 785 89 781 135 
2
781 135 
2
782 92 
2
783 210 
18
784 779 206 204 205 259 436 673 674 529 264 480 260 672 203 262 261 263 
4
785 89 781 135 
1
786 
8
787 788 357 340 355 786 354 356 
2
788 357 
3
789 275 574 
2
790 373 
1
791 
11
792 791 375 328 671 325 327 326 511 438 376 
7
793 419 418 420 0 421 1 
22
794 795 417 8 454 414 415 416 413 6 4 3 5 2 793 419 418 420 0 421 1 7 
2
795 417 
5
796 338 364 363 365 
33
797 339 798 362 455 358 361 359 360 803 804 353 342 341 787 788 357 340 355 786 354 356 802 351 343 352 345 346 347 348 349 350 344 
2
798 362 
5
799 812 13 14 12 
5
800 406 801 11 10 
2
801 11 
11
802 351 343 352 345 346 347 348 349 350 344 
24
803 804 353 342 341 787 788 357 340 355 786 354 356 802 351 343 352 345 346 347 348 349 350 344 
2
804 353 
3
805 368 367 
17
806 336 807 366 810 334 333 335 805 368 367 337 796 338 364 363 365 
2
807 366 
2
808 371 
6
809 332 808 371 369 370 
7
810 334 333 335 805 368 367 
2
811 15 
4
812 13 14 12 
3
813 16 17 
25
814 402 811 15 430 813 16 17 815 400 401 493 21 429 497 396 498 18 20 19 494 670 399 397 398 
3
815 400 401 
65
816 404 403 799 812 13 14 12 405 800 406 801 11 10 731 9 732 412 411 613 407 612 410 409 408 794 795 417 8 454 414 415 416 413 6 4 3 5 2 793 419 418 420 0 421 1 7 811 16 401 399 814 430 815 498 15 17 19 497 20 21 494 398 397 396 
52
817 489 177 519 182 733 181 178 481 482 175 174 170 173 520 474 168 166 162 621 615 459 618 443 553 452 159 614 617 185 180 179 453 169 176 473 171 172 518 167 165 619 616 622 524 424 620 522 525 468 546 444 
55
818 545 189 512 187 186 183 184 569 514 508 505 193 506 195 191 190 188 275 507 513 274 273 272 194 196 192 458 466 435 503 464 197 270 198 271 199 502 541 819 504 433 268 266 501 269 200 201 267 465 434 277 276 789 202 
40
206 205 436 674 264 263 779 204 673 529 480 203 262 207 784 260 261 208 778 783 210 256 777 209 258 257 259 772 212 211 734 214 253 252 215 255 254 213 672 265 
61
820 730 724 709 442 157 155 521 160 161 164 163 712 723 729 728 713 152 706 154 523 158 156 623 456 722 708 70 71 153 72 726 427 707 151 74 581 490 715 149 150 583 148 73 714 821 560 76 147 582 146 75 561 426 580 77 721 69 584 78 145 
39
488 536 479 143 141 144 140 142 537 80 425 562 82 534 83 81 533 86 85 84 486 138 487 535 137 139 87 88 136 780 133 90 134 785 89 781 135 91 79 
67
822 774 658 526 54 739 556 51 49 527 653 52 554 555 446 654 652 648 773 644 636 639 302 638 756 755 676 46 50 47 476 53 775 753 428 765 445 678 679 56 55 677 57 58 651 643 645 642 646 760 680 683 60 64 63 62 61 759 681 682 59 635 304 647 449 45 764 
90
823 704 423 736 32 39 34 33 747 626 631 395 491 750 432 392 23 587 664 588 568 319 317 602 315 740 742 422 667 746 42 737 43 627 40 35 387 31 29 496 492 632 389 390 650 384 657 385 441 661 633 383 599 318 601 305 306 309 314 311 668 744 439 735 630 751 37 705 625 30 749 394 22 495 538 391 493 24 451 663 659 543 589 586 585 472 600 316 313 44 
46
824 656 48 662 469 754 483 292 530 294 655 752 641 299 637 291 703 577 470 477 293 287 288 579 557 475 285 286 284 484 289 290 531 532 741 296 295 297 298 649 303 558 578 640 300 301 
66
825 386 628 36 463 669 388 393 429 666 566 567 565 307 312 375 671 511 376 322 323 381 544 379 378 539 437 382 321 440 743 745 629 738 38 41 748 28 26 27 25 660 665 634 450 308 310 564 374 792 791 328 325 327 326 438 499 324 467 510 377 380 509 320 542 563 
