15
19 633 642 578 637 90 157 112 218 234 242 288 613 567 572 
679
1
0 
3
1 508 0 
3
2 4 3 
1
3 
1
4 
4
5 2 4 3 
1
6 
1
7 
1
8 
1
9 
1
10 
1
11 
1
12 
2
13 12 
1
14 
1
15 
1
16 
1
17 
1
18 
56
19 486 487 488 18 17 489 16 490 15 491 541 495 496 11 494 493 13 12 587 14 492 20 533 497 8 10 9 498 664 665 499 7 500 663 667 507 1 508 0 6 666 506 501 5 2 4 3 502 504 503 505 673 485 21 484 
1
20 
1
21 
1
22 
1
23 
1
24 
1
25 
2
26 25 
1
27 
1
28 
1
29 
1
30 
1
31 
1
32 
1
33 
2
34 35 
1
35 
1
36 
1
37 
1
38 
1
39 
1
40 
2
41 42 
1
42 
1
43 
1
44 
1
45 
1
46 
1
47 
1
48 
2
49 48 
1
50 
2
51 52 
1
52 
1
53 
1
54 
1
55 
1
56 
6
57 59 58 60 61 56 
1
58 
1
59 
2
60 61 
1
61 
1
62 
1
63 
1
64 
1
65 
1
66 
1
67 
1
68 
1
69 
1
70 
1
71 
1
72 
2
73 72 
1
74 
1
75 
4
76 75 77 74 
1
77 
1
78 
1
79 
1
80 
1
81 
1
82 
1
83 
1
84 
1
85 
1
86 
1
87 
1
88 
1
89 
37
162 649 167 82 83 166 652 84 165 653 163 86 164 85 87 168 81 638 80 169 596 171 170 79 78 76 75 77 74 592 594 604 73 72 654 161 88 
1
91 
1
92 
1
93 
6
94 155 95 154 153 96 
4
95 154 153 96 
1
96 
1
97 
1
98 
6
99 150 151 98 152 97 
1
100 
2
101 148 
4
102 147 146 103 
1
103 
1
104 
1
105 
1
106 
2
107 142 
2
108 141 
4
109 140 108 141 
5
110 139 111 138 137 
3
111 138 137 
45
112 117 553 136 118 135 113 115 114 116 130 132 131 120 119 133 134 125 122 121 129 124 123 126 128 127 107 142 109 140 108 141 110 139 111 138 137 143 106 144 105 145 104 146 103 
4
113 115 114 116 
1
114 
1
115 
1
116 
1
117 
2
118 135 
3
119 133 134 
1
120 
1
121 
1
122 
1
123 
2
124 123 
9
125 122 121 129 124 123 126 128 127 
3
126 128 127 
1
127 
1
128 
1
129 
16
130 132 131 120 119 133 134 125 122 121 129 124 123 126 128 127 
1
131 
2
132 131 
1
133 
1
134 
1
135 
1
136 
1
137 
2
138 137 
1
139 
1
140 
1
141 
1
142 
17
143 106 107 142 109 140 108 141 144 105 145 104 110 139 111 138 137 
4
144 105 145 104 
2
145 104 
2
146 103 
1
147 
1
148 
14
149 100 101 148 102 147 146 103 99 150 151 98 152 97 
1
150 
2
151 98 
2
152 97 
2
153 96 
1
154 
1
155 
2
156 93 
28
157 92 156 93 94 155 95 154 153 96 149 100 101 148 102 147 99 150 151 98 152 97 90 159 89 160 158 91 
2
158 91 
1
159 
1
160 
1
161 
1
162 
1
163 
1
164 
1
165 
1
166 
1
167 
1
168 
1
169 
1
170 
1
171 
2
172 173 
1
173 
1
174 
1
175 
2
176 179 
2
177 178 
1
178 
1
179 
1
180 
1
181 
2
182 183 
1
183 
1
184 
1
185 
1
186 
1
187 
1
188 
1
189 
1
190 
7
191 197 192 196 195 193 194 
5
192 196 195 193 194 
1
193 
1
194 
3
195 193 194 
1
196 
1
197 
1
198 
1
199 
1
200 
1
201 
1
202 
1
203 
1
204 
5
205 203 207 206 204 
1
206 
2
207 206 
1
208 
1
209 
2
210 209 
1
211 
1
212 
1
213 
1
214 
4
215 213 214 212 
6
216 211 215 213 214 212 
21
217 534 544 200 201 542 208 202 210 209 205 203 207 206 204 216 211 215 213 214 212 
62
552 510 582 175 539 529 180 176 179 518 546 186 185 532 184 181 182 183 535 187 545 199 551 198 190 188 549 543 540 515 550 189 531 174 172 173 588 191 197 192 196 195 193 194 534 544 200 201 542 208 202 209 205 203 207 206 204 177 178 637 590 548 
1
219 
1
220 
1
221 
1
222 
1
223 
1
224 
1
225 
1
226 
2
227 313 
1
228 
2
229 311 
6
230 310 309 231 229 311 
1
231 
1
232 
1
233 
42
307 233 308 232 230 310 309 231 229 311 315 225 650 224 223 312 228 227 313 314 226 641 316 222 219 220 221 317 318 320 319 321 322 218 217 210 216 211 215 213 214 212 
1
235 
1
236 
1
237 
4
238 302 303 237 
2
239 301 
1
240 
1
241 
30
242 298 299 241 297 243 296 244 295 245 294 246 300 240 239 301 238 302 303 237 293 247 248 292 234 306 305 235 304 236 
1
243 
1
244 
1
245 
1
246 
1
247 
2
248 292 
2
249 291 
2
250 290 
6
251 289 250 290 249 291 
1
252 
1
253 
1
254 
1
255 
1
256 
1
257 
1
258 
1
259 
1
260 
1
261 
1
262 
2
263 264 
1
264 
3
265 263 264 
1
266 
2
267 268 
1
268 
1
269 
1
270 
1
271 
3
272 270 271 
8
273 266 269 267 268 272 270 271 
1
274 
1
275 
3
276 260 261 
1
277 
1
278 
3
279 281 280 
1
280 
2
281 280 
5
282 278 279 281 280 
1
283 
3
284 257 258 
6
285 255 256 284 257 258 
2
286 254 
2
287 253 
45
288 252 287 253 286 254 285 255 256 284 257 258 554 259 283 277 276 260 261 282 278 279 281 280 530 275 262 265 263 264 274 273 266 269 267 268 272 270 271 251 289 250 290 249 291 
1
289 
1
290 
1
291 
1
292 
10
293 247 248 292 251 289 250 290 249 291 
2
294 246 
4
295 245 294 246 
2
296 244 
8
297 243 296 244 295 245 294 246 
1
298 
2
299 241 
8
300 240 239 301 238 302 303 237 
1
301 
1
302 
2
303 237 
2
304 236 
2
305 235 
1
306 
4
307 233 308 232 
2
308 232 
2
309 231 
1
310 
1
311 
6
312 228 227 313 314 226 
1
313 
2
314 226 
11
315 225 650 224 223 312 228 227 313 314 226 
1
316 
2
317 611 
1
318 
1
319 
4
320 319 321 322 
2
321 322 
1
322 
1
323 
1
324 
1
325 
1
326 
2
327 328 
1
328 
1
329 
1
330 
1
331 
1
332 
1
333 
1
334 
1
335 
1
336 
1
337 
1
338 
4
339 337 338 340 
1
340 
1
341 
1
342 
1
343 
2
344 343 
1
345 
1
346 
1
347 
1
348 
1
349 
1
350 
1
351 
1
352 
1
353 
1
354 
1
355 
1
356 
1
357 
1
358 
1
359 
1
360 
1
361 
1
362 
1
363 
1
364 
2
365 364 
1
366 
1
367 
1
368 
1
369 
1
370 
1
371 
1
372 
1
373 
2
374 373 
1
375 
1
376 
36
377 417 418 419 376 571 375 420 524 372 422 374 373 421 659 660 423 371 424 378 416 379 415 380 414 658 425 370 426 662 368 367 369 661 366 427 
6
378 416 379 415 380 414 
2
379 415 
2
380 414 
3
381 413 412 
1
382 
1
383 
1
384 
1
385 
2
386 387 
1
387 
1
388 
1
389 
1
390 
1
391 
1
392 
5
393 392 394 395 391 
2
394 395 
1
395 
1
396 
1
397 
1
398 
1
399 
1
400 
2
401 400 
4
402 399 401 400 
2
403 404 
1
404 
1
405 
1
406 
1
407 
1
408 
1
409 
2
410 409 
1
411 
1
412 
1
413 
1
414 
1
415 
1
416 
1
417 
2
418 419 
1
419 
1
420 
1
421 
1
422 
1
423 
1
424 
1
425 
1
426 
1
427 
1
428 
2
429 428 
1
430 
1
431 
1
432 
1
433 
1
434 
1
435 
2
436 435 
1
437 
2
438 439 
1
439 
1
440 
1
441 
1
442 
1
443 
1
444 
1
445 
1
446 
2
447 446 
1
448 
1
449 
2
450 449 
1
451 
1
452 
1
453 
1
454 
1
455 
4
456 674 49 48 
1
457 
1
458 
1
459 
1
460 
1
461 
1
462 
1
463 
1
464 
1
465 
2
466 467 
1
467 
1
468 
1
469 
2
470 469 
1
471 
1
472 
1
473 
2
474 475 
1
475 
1
476 
1
477 
1
478 
2
479 480 
1
480 
1
481 
1
482 
1
483 
1
484 
1
485 
1
486 
1
487 
3
488 18 17 
5
489 16 490 15 491 
3
490 15 491 
1
491 
1
492 
1
493 
2
494 493 
1
495 
1
496 
1
497 
1
498 
1
499 
1
500 
1
501 
4
502 504 503 505 
1
503 
1
504 
1
505 
1
506 
1
507 
2
508 0 
1
509 
1
510 
2
511 628 
1
512 
1
513 
1
514 
2
515 550 
2
516 597 
3
517 556 333 
9
518 546 186 185 532 184 181 182 183 
10
519 604 78 647 73 72 76 75 77 74 
1
520 
6
521 31 476 30 474 475 
13
522 45 46 459 678 47 677 458 457 456 674 49 48 
5
523 355 440 438 439 
11
524 372 422 374 373 421 659 660 423 371 424 
5
525 388 406 386 387 
2
526 602 
5
527 579 329 327 328 
3
528 347 346 
2
529 180 
15
530 275 262 265 263 264 274 273 266 269 267 268 272 270 271 
6
531 174 172 173 548 588 
5
532 184 181 182 183 
29
533 497 8 10 9 498 664 665 499 7 500 663 667 507 1 508 0 6 666 506 501 5 2 4 3 502 504 503 505 
1
534 
14
535 187 545 199 551 198 190 188 549 543 540 515 550 189 
5
536 345 513 344 343 
37
537 448 528 347 346 348 536 345 513 344 343 450 449 585 351 350 583 443 442 444 352 586 353 354 584 441 523 355 440 438 439 538 547 445 349 447 446 
6
538 547 445 349 447 446 
5
539 529 180 176 179 
1
540 
11
541 495 496 11 494 493 13 12 587 14 492 
5
542 208 202 210 209 
1
543 
3
544 200 201 
2
545 199 
3
546 186 185 
1
547 
2
548 588 
5
549 543 540 515 550 
1
550 
4
551 198 190 188 
2
552 510 
2
553 136 
7
554 259 283 277 276 260 261 
2
555 332 
2
556 333 
1
557 
4
558 517 556 333 
1
559 
1
560 
10
561 336 341 563 335 334 339 337 338 340 
1
562 
3
563 335 334 
1
564 
3
565 342 562 
14
566 473 33 32 521 31 476 30 474 475 657 656 29 477 
57
567 357 437 356 358 436 435 568 359 434 569 361 432 433 360 362 431 570 363 430 365 364 429 428 420 524 372 422 374 373 421 659 660 423 371 424 658 425 370 426 662 368 367 369 661 366 427 586 353 354 584 441 523 355 440 438 439 
3
568 359 434 
14
569 361 432 433 360 362 431 570 363 430 365 364 429 428 
7
570 363 430 365 364 429 428 
3
571 375 420 
53
572 408 385 407 384 410 409 635 383 411 382 381 413 412 525 388 406 386 387 574 405 575 389 573 398 403 404 576 396 397 390 402 399 401 400 393 392 394 395 391 377 417 376 378 416 379 415 380 414 418 419 571 375 
4
573 398 403 404 
21
574 405 575 389 573 398 403 404 576 396 397 390 402 399 401 400 393 392 394 395 391 
2
575 389 
4
576 396 397 390 
2
577 330 
39
578 331 559 625 65 622 580 621 514 63 64 619 620 616 623 512 67 577 330 66 636 626 527 579 329 327 328 627 69 581 68 70 509 560 555 332 326 557 333 
4
579 329 327 328 
1
580 
1
581 
2
582 175 
4
583 443 442 444 
2
584 441 
24
585 351 350 583 443 442 444 352 586 353 354 584 441 523 355 440 438 439 538 547 445 349 447 446 
5
586 353 354 584 441 
3
587 14 492 
1
588 
1
589 
1
590 
1
591 
2
592 590 
5
593 591 589 594 170 
2
594 170 
1
595 
2
596 171 
1
597 
1
598 
17
599 598 526 602 605 317 611 608 601 630 71 629 70 603 325 511 628 
3
600 79 595 
1
601 
1
602 
4
603 325 511 628 
2
604 78 
5
605 317 611 608 601 
9
606 318 607 323 324 320 319 321 322 
2
607 323 
2
608 601 
2
609 326 
3
610 609 326 
1
611 
19
612 564 565 342 562 558 517 556 333 561 336 341 563 335 334 339 337 338 340 
50
613 614 451 612 564 565 342 562 558 517 556 561 336 341 563 335 334 339 337 338 340 537 448 528 347 346 348 536 345 513 344 343 450 449 585 350 444 538 547 445 349 447 446 617 452 351 583 443 442 352 
4
614 557 555 332 
3
615 646 632 
1
616 
10
617 452 621 514 63 618 64 619 620 616 
1
618 
3
619 620 616 
1
620 
5
621 514 63 618 64 
2
622 580 
20
623 512 67 577 330 66 636 626 527 579 329 327 328 627 69 581 68 610 609 326 
1
624 
4
625 65 622 580 
1
626 
7
627 69 581 68 610 609 326 
1
628 
1
629 
8
630 71 629 70 603 325 511 628 
2
631 62 
1
632 
56
633 471 36 470 469 37 34 35 472 634 468 38 566 473 33 32 521 31 476 30 474 475 657 656 29 477 668 43 41 42 670 463 464 462 648 40 465 466 467 39 672 22 483 23 482 671 24 481 479 480 655 27 28 478 26 25 
3
634 468 38 
7
635 383 411 382 381 413 412 
7
636 626 527 579 329 327 328 
32
593 591 589 640 639 516 597 595 599 598 526 602 605 611 608 601 630 629 603 325 511 628 519 647 606 607 324 610 609 71 323 600 
3
638 80 169 
1
639 
8
640 639 221 516 597 600 79 595 
3
641 316 222 
47
642 644 453 643 54 651 624 55 615 646 57 59 58 60 61 56 44 669 461 460 522 45 46 459 678 47 677 458 457 456 674 49 48 676 675 50 455 454 645 53 51 52 520 631 62 632 618 
2
643 54 
1
644 
5
645 53 51 52 520 
2
646 632 
3
647 73 72 
6
648 40 465 466 467 39 
16
649 167 82 83 166 652 84 165 653 163 86 164 85 87 168 81 
3
650 224 223 
8
651 624 631 62 55 615 646 632 
3
652 84 165 
6
653 163 86 164 85 87 
4
654 161 88 162 
6
655 27 28 478 26 25 
2
656 29 
4
657 656 29 477 
11
658 425 370 426 662 368 367 369 661 366 427 
5
659 660 423 371 424 
2
660 423 
3
661 366 427 
4
662 368 367 369 
1
663 
6
664 665 499 7 500 663 
2
665 499 
3
666 506 501 
17
667 507 1 508 0 6 666 506 501 5 2 4 3 502 504 503 505 
41
668 43 41 42 670 463 464 462 44 669 461 460 648 40 465 466 467 39 522 45 46 459 678 47 677 458 457 456 674 49 48 676 675 50 455 454 645 53 51 52 520 
3
669 461 460 
4
670 463 464 462 
5
671 24 481 479 480 
10
672 22 483 23 482 671 24 481 479 480 
21
673 485 20 21 484 672 22 483 23 482 671 24 481 479 480 655 27 28 478 26 25 
1
674 
1
675 
10
676 675 50 455 454 645 53 51 52 520 
2
677 458 
5
678 47 677 458 457 
