15
589 641 383 470 548 569 132 102 563 594 610 619 580 614 468 
642
5
0 418 419 416 417 
1
1 
1
2 
1
3 
3
4 2 3 
1
5 
1
6 
2
7 8 
1
8 
1
9 
1
10 
1
11 
1
12 
1
13 
1
14 
1
15 
1
16 
2
17 16 
1
18 
1
19 
1
20 
2
21 22 
1
22 
1
23 
3
24 616 25 
1
25 
1
26 
1
27 
1
28 
1
29 
4
30 633 387 388 
1
31 
1
32 
1
33 
2
34 33 
1
35 
1
36 
1
37 
2
38 37 
1
39 
1
40 
2
41 42 
1
42 
1
43 
1
44 
1
45 
1
46 
1
47 
1
48 
1
49 
1
50 
1
51 
1
52 
2
53 54 
1
54 
1
55 
1
56 
1
57 
1
58 
1
59 
1
60 
1
61 
2
62 61 
1
63 
2
64 65 
1
65 
1
66 
1
67 
1
68 
1
69 
1
70 
1
71 
1
72 
1
73 
1
74 
1
75 
1
76 
1
77 
1
78 
1
79 
1
80 
2
81 80 
1
82 
2
83 84 
1
84 
1
85 
2
86 87 
1
87 
1
88 
1
89 
1
90 
1
91 
1
92 
1
93 
1
94 
2
95 119 
4
96 118 95 119 
1
97 
8
98 116 117 97 96 118 95 119 
2
99 115 
1
100 
2
101 100 
31
102 114 99 115 101 100 103 113 104 112 105 111 106 110 109 107 108 121 120 94 98 116 117 97 96 118 95 119 92 122 93 
11
103 113 104 112 105 111 106 110 109 107 108 
9
104 112 105 111 106 110 109 107 108 
7
105 111 106 110 109 107 108 
5
106 110 109 107 108 
1
107 
1
108 
3
109 107 108 
1
110 
1
111 
1
112 
1
113 
1
114 
1
115 
1
116 
2
117 97 
1
118 
1
119 
10
120 94 98 116 117 97 96 118 95 119 
1
121 
3
122 121 123 
1
123 
1
124 
1
125 
1
126 
1
127 
2
128 129 
1
129 
1
130 
1
131 
34
132 131 511 82 81 133 437 85 130 83 84 128 129 510 127 88 86 87 565 90 125 89 126 566 124 91 123 136 135 567 79 80 568 134 
1
133 
1
134 
1
135 
1
136 
1
137 
2
138 137 
1
139 
1
140 
1
141 
2
142 143 
1
143 
1
144 
1
145 
1
146 
1
147 
1
148 
1
149 
1
150 
1
151 
2
152 153 
1
153 
1
154 
1
155 
1
156 
1
157 
2
158 157 
1
159 
1
160 
1
161 
1
162 
1
163 
3
164 165 163 
1
165 
2
166 167 
1
167 
2
168 169 
1
169 
1
170 
1
171 
1
172 
1
173 
2
174 173 
1
175 
1
176 
2
177 176 
1
178 
1
179 
1
180 
1
181 
1
182 
1
183 
1
184 
1
185 
1
186 
1
187 
2
188 187 
1
189 
1
190 
1
191 
1
192 
1
193 
1
194 
2
195 196 
1
196 
1
197 
1
198 
1
199 
1
200 
1
201 
1
202 
1
203 
2
204 203 
1
205 
1
206 
1
207 
16
208 238 210 237 209 213 234 235 212 211 236 214 233 232 215 216 
1
209 
3
210 237 209 
2
211 236 
1
212 
11
213 234 235 212 211 236 214 233 232 215 216 
5
214 233 232 215 216 
1
215 
1
216 
1
217 
1
218 
9
219 227 220 226 225 221 224 222 223 
2
220 226 
1
221 
1
222 
1
223 
3
224 222 223 
5
225 221 224 222 223 
1
226 
1
227 
11
228 218 219 227 220 226 225 221 224 222 223 
15
229 231 217 230 228 218 219 227 220 226 225 221 224 222 223 
1
230 
1
231 
3
232 215 216 
1
233 
1
234 
1
235 
1
236 
1
237 
1
238 
1
239 
1
240 
1
241 
1
242 
3
243 242 244 
1
244 
1
245 
1
246 
1
247 
1
248 
1
249 
1
250 
2
251 252 
1
252 
1
253 
1
254 
1
255 
1
256 
1
257 
1
258 
1
259 
1
260 
1
261 
1
262 
1
263 
2
264 263 
1
265 
1
266 
1
267 
1
268 
1
269 
1
270 
1
271 
1
272 
1
273 
1
274 
2
275 274 
3
276 278 277 
1
277 
1
278 
6
279 448 482 273 275 274 
1
280 
1
281 
1
282 
1
283 
1
284 
2
285 284 
1
286 
1
287 
1
288 
2
289 290 
1
290 
1
291 
1
292 
1
293 
1
294 
1
295 
1
296 
1
297 
2
298 299 
1
299 
1
300 
1
301 
1
302 
1
303 
4
304 359 613 360 
1
305 
1
306 
1
307 
1
308 
1
309 
2
310 309 
3
311 310 309 
1
312 
1
313 
1
314 
1
315 
1
316 
1
317 
1
318 
1
319 
1
320 
1
321 
1
322 
2
323 322 
1
324 
1
325 
1
326 
1
327 
1
328 
1
329 
7
330 329 328 327 331 332 333 
3
331 332 333 
2
332 333 
1
333 
1
334 
1
335 
2
336 337 
1
337 
1
338 
1
339 
1
340 
1
341 
2
342 341 
1
343 
1
344 
2
345 344 
1
346 
2
347 348 
1
348 
1
349 
1
350 
1
351 
1
352 
1
353 
1
354 
1
355 
1
356 
1
357 
1
358 
3
359 613 360 
1
360 
1
361 
1
362 
1
363 
1
364 
1
365 
2
366 367 
1
367 
1
368 
1
369 
2
370 369 
1
371 
1
372 
1
373 
1
374 
1
375 
1
376 
1
377 
1
378 
1
379 
1
380 
1
381 
1
382 
47
637 638 36 38 37 464 39 40 425 639 379 380 381 378 457 444 377 453 43 41 42 481 423 443 45 44 376 458 477 47 46 51 478 460 454 501 459 49 48 50 472 375 471 479 52 53 54 
1
384 
1
385 
1
386 
1
387 
1
388 
1
389 
1
390 
12
391 624 390 28 27 626 625 26 392 24 616 25 
1
392 
2
393 394 
1
394 
1
395 
3
396 607 397 
1
397 
1
398 
1
399 
2
400 399 
1
401 
1
402 
1
403 
2
404 403 
1
405 
1
406 
1
407 
1
408 
2
409 408 
1
410 
2
411 410 
2
412 413 
1
413 
1
414 
1
415 
2
416 417 
1
417 
2
418 419 
1
419 
19
420 450 172 171 456 160 159 452 162 442 170 168 169 161 166 167 164 165 163 
1
421 
1
422 
4
423 443 45 44 
31
424 502 473 488 56 507 508 445 281 503 480 433 471 51 509 479 478 460 454 501 459 49 48 50 472 375 449 55 52 53 54 
6
425 639 379 380 381 378 
1
426 
7
427 601 368 588 295 366 367 
1
428 
1
429 
3
430 557 550 
1
431 
1
432 
15
433 471 51 509 479 478 460 454 501 459 49 48 50 472 375 
5
434 489 58 57 59 
1
435 
1
436 
7
437 85 130 83 84 128 129 
3
438 407 11 
10
439 194 253 251 252 603 197 250 195 196 
5
440 340 321 323 322 
4
441 353 354 352 
4
442 170 168 169 
3
443 45 44 
2
444 377 
2
445 281 
2
446 575 
4
447 144 142 143 
1
448 
5
449 55 52 53 54 
3
450 172 171 
12
451 474 156 158 157 519 175 174 173 475 154 155 
12
452 162 442 170 168 169 161 166 167 164 165 163 
4
453 43 41 42 
1
454 
6
455 447 144 142 143 72 
3
456 160 159 
7
457 444 377 453 43 41 42 
4
458 477 47 46 
5
459 49 48 50 472 
9
460 454 501 459 49 48 50 472 375 
1
461 
1
462 
3
463 140 141 
9
464 39 40 425 639 379 380 381 378 
9
465 1 415 5 0 418 419 416 417 
17
466 6 414 412 413 465 1 415 5 0 418 419 416 417 4 2 3 
11
467 334 335 326 330 329 328 327 331 332 333 
45
468 338 339 324 336 337 325 440 340 321 323 322 516 343 320 342 341 319 345 344 467 334 335 326 330 329 328 327 331 332 333 592 314 315 313 350 572 316 349 347 348 317 517 346 318 
3
469 432 280 
67
470 484 272 485 487 270 271 483 469 432 448 482 273 275 274 497 505 494 498 490 434 489 58 57 59 496 60 495 492 276 424 502 473 488 56 507 508 503 480 433 509 449 55 541 486 504 269 268 532 542 446 575 534 540 266 265 267 527 533 491 493 528 63 62 61 525 64 
2
471 51 
1
472 
3
473 488 56 
4
474 156 158 157 
3
475 154 155 
39
476 179 499 178 177 176 152 153 451 474 156 158 157 519 175 174 173 475 154 155 420 450 172 171 456 160 159 452 162 442 170 168 169 161 166 167 164 165 163 
3
477 47 46 
1
478 
1
479 
1
480 
10
481 423 443 45 44 376 458 477 47 46 
1
482 
4
483 469 432 280 
2
484 272 
4
485 487 270 271 
1
486 
2
487 270 
2
488 56 
4
489 58 57 59 
10
490 434 489 58 57 59 496 60 495 492 
6
491 493 528 63 62 61 
1
492 
1
493 
2
494 498 
1
495 
4
496 60 495 492 
14
497 505 494 498 490 434 489 58 57 59 496 60 495 492 
1
498 
4
499 178 177 176 
3
500 506 428 
1
501 
1
502 
2
503 480 
3
504 269 268 
1
505 
1
506 
6
507 508 445 281 503 480 
1
508 
3
509 479 478 
5
510 127 88 86 87 
4
511 82 81 80 
8
512 405 13 12 406 14 404 403 
9
513 192 256 255 515 254 514 193 191 
2
514 193 
4
515 254 514 193 
8
516 343 320 342 341 319 345 344 
3
517 346 318 
1
518 
4
519 175 174 173 
6
520 70 551 552 553 149 
5
521 68 67 523 69 
1
522 
1
523 
2
524 530 
6
525 64 65 522 529 66 
1
526 
2
527 533 
4
528 63 62 61 
2
529 66 
1
530 
15
531 527 533 525 64 65 522 529 66 491 493 528 63 62 61 
2
532 542 
1
533 
1
534 
9
535 534 540 266 265 267 264 263 538 
5
536 526 539 262 431 
16
537 421 524 530 536 526 539 262 431 546 429 521 68 67 523 69 
1
538 
3
539 262 431 
7
540 266 265 267 264 263 538 
33
541 486 504 269 268 532 542 446 575 535 534 540 266 265 267 264 263 538 531 527 533 525 64 65 522 529 66 491 493 528 63 62 61 
1
542 
1
543 
2
544 549 
2
545 422 
7
546 429 521 68 67 523 69 
2
547 559 
33
543 436 558 547 559 545 422 549 551 552 537 421 524 530 536 526 546 429 523 531 522 535 430 548 554 544 431 538 553 148 579 150 149 
1
549 
1
550 
1
551 
1
552 
2
553 149 
3
554 436 181 
8
555 183 184 560 182 430 557 550 
4
556 544 549 261 
1
557 
6
558 150 547 559 545 422 
1
559 
2
560 182 
6
561 76 138 137 75 139 
12
562 74 463 140 141 73 561 76 138 137 75 139 
43
563 180 151 476 179 499 178 177 176 152 153 451 474 156 158 157 519 175 174 173 475 154 155 420 450 172 171 456 160 159 452 162 442 170 168 169 161 166 167 164 165 163 181 
8
564 587 599 286 287 285 284 518 
23
565 90 125 89 126 566 92 124 91 122 121 123 93 120 94 98 116 117 97 96 118 95 119 
8
566 92 124 91 122 121 123 93 
3
567 79 78 
7
568 134 133 135 567 79 78 
40
569 570 77 562 74 463 140 141 73 561 76 138 137 75 139 455 447 144 142 143 72 578 146 435 145 147 461 71 520 70 68 67 69 65 66 577 462 521 529 78 
2
570 77 
3
571 402 15 
9
572 316 349 347 348 317 517 346 318 
1
573 
4
574 283 282 573 
1
575 
5
576 597 188 187 189 
2
577 462 
16
578 146 435 145 147 461 148 71 577 462 520 70 551 552 553 149 
1
579 
47
580 373 584 291 426 289 290 583 288 586 581 582 574 283 282 573 374 564 587 599 286 287 285 284 518 500 506 428 445 281 600 371 370 369 585 293 294 292 372 427 601 588 295 280 279 278 277 
18
581 582 574 283 282 573 374 564 587 599 286 287 285 284 518 500 506 428 
1
582 
3
583 288 586 
5
584 291 426 289 290 
4
585 293 294 292 
1
586 
1
587 
2
588 295 
46
589 18 400 401 17 16 571 402 15 512 405 13 12 406 14 404 403 602 9 411 410 409 408 10 438 407 11 7 8 466 6 414 412 413 465 1 415 5 0 418 419 416 417 4 2 3 
9
590 351 592 314 315 313 350 591 312 
2
591 312 
4
592 314 315 313 
19
593 598 190 257 258 576 597 188 187 189 513 192 256 255 515 254 514 193 191 
39
594 595 596 185 186 259 260 555 183 184 560 182 557 550 556 261 539 262 263 264 593 598 190 257 258 576 597 188 187 189 513 256 191 192 255 515 254 514 193 
4
595 596 185 186 
3
596 185 186 
3
597 188 187 
2
598 190 
5
599 286 287 285 284 
32
600 371 370 369 585 293 294 292 372 427 601 368 588 295 366 367 630 364 363 621 302 301 362 629 365 631 300 298 299 632 297 296 
2
601 368 
12
602 9 411 410 409 408 10 438 407 11 7 8 
5
603 197 250 195 196 
2
604 307 
29
605 308 606 355 311 310 309 441 353 354 352 590 351 592 314 315 313 350 591 312 572 316 349 347 348 317 517 346 318 
2
606 355 
1
607 
2
608 19 
8
609 398 608 19 20 396 607 397 
34
610 200 247 612 249 611 199 248 198 439 194 253 251 252 603 197 250 195 196 619 202 201 620 245 246 243 242 244 204 203 627 241 205 206 
1
611 
6
612 249 611 199 248 198 
1
613 
51
614 357 615 305 306 358 356 604 307 304 359 613 360 623 622 361 303 366 630 364 363 621 302 301 362 629 365 631 300 298 299 632 297 605 308 606 355 311 310 309 441 353 354 352 351 591 312 590 368 296 367 
3
615 305 306 
1
616 
2
617 23 
20
618 395 617 23 21 22 393 394 391 624 390 28 27 626 625 26 392 24 616 25 
35
628 239 207 240 208 238 210 237 209 213 234 235 212 211 236 214 233 232 215 216 229 231 217 230 228 218 219 227 220 226 225 221 224 222 223 
3
620 245 246 
3
621 302 301 
1
622 
4
623 622 361 303 
1
624 
2
625 26 
7
626 625 26 392 24 616 25 
8
627 241 205 206 628 239 207 240 
4
628 239 207 240 
9
629 365 631 300 298 299 632 297 296 
16
630 364 363 621 302 301 362 629 365 631 300 298 299 632 297 296 
4
631 300 298 299 
3
632 297 296 
2
633 387 
4
634 635 389 29 
1
635 
2
636 35 
6
637 638 36 382 38 37 
1
638 
5
639 379 380 381 378 
1
640 
50
641 32 640 385 31 386 30 633 387 388 634 635 389 29 618 395 617 23 21 22 393 394 391 624 390 28 27 626 625 26 392 24 616 25 399 609 398 608 19 20 396 607 397 383 636 35 34 33 384 382 
