15
578 882 906 763 834 942 104 836 261 951 350 456 925 952 953 
954
1
0 
3
1 534 0 
4
2 5 4 3 
1
3 
2
4 3 
1
5 
1
6 
1
7 
1
8 
1
9 
1
10 
2
11 10 
1
12 
1
13 
2
14 13 
1
15 
2
16 17 
1
17 
1
18 
1
19 
4
20 23 21 22 
2
21 22 
1
22 
1
23 
1
24 
1
25 
5
26 29 27 28 30 
2
27 28 
1
28 
4
29 27 28 30 
1
30 
1
31 
1
32 
1
33 
1
34 
1
35 
1
36 
1
37 
1
38 
1
39 
1
40 
1
41 
1
42 
2
43 42 
1
44 
1
45 
2
46 45 
1
47 
1
48 
1
49 
1
50 
1
51 
1
52 
1
53 
1
54 
1
55 
1
56 
2
57 58 
1
58 
1
59 
2
60 62 
1
61 
1
62 
1
63 
1
64 
1
65 
1
66 
1
67 
2
68 67 
1
69 
5
70 68 67 680 66 
1
71 
1
72 
1
73 
1
74 
1
75 
1
76 
1
77 
1
78 
1
79 
1
80 
1
81 
1
82 
2
83 84 
1
84 
1
85 
1
86 
1
87 
1
88 
2
89 90 
1
90 
1
91 
2
92 93 
1
93 
1
94 
1
95 
1
96 
1
97 
1
98 
1
99 
1
100 
1
101 
1
102 
1
103 
48
104 134 115 130 131 132 914 133 114 105 113 108 111 109 110 112 107 106 118 127 117 128 116 129 125 119 126 120 124 121 122 123 942 101 943 102 135 137 136 103 100 138 139 953 941 99 140 98 
1
105 
1
106 
2
107 106 
1
108 
2
109 110 
1
110 
4
111 109 110 112 
1
112 
8
113 108 111 109 110 112 107 106 
10
114 105 113 108 111 109 110 112 107 106 
6
115 130 131 132 914 133 
2
116 129 
2
117 128 
14
118 127 117 128 116 129 125 119 126 120 124 121 122 123 
2
119 126 
1
120 
1
121 
2
122 123 
1
123 
4
124 121 122 123 
8
125 119 126 120 124 121 122 123 
1
126 
1
127 
1
128 
1
129 
3
130 131 132 
2
131 132 
1
132 
1
133 
2
134 135 
1
135 
1
136 
1
137 
1
138 
1
139 
2
140 141 
1
141 
2
142 143 
1
143 
1
144 
3
145 915 146 
1
146 
1
147 
1
148 
1
149 
1
150 
1
151 
1
152 
2
153 154 
1
154 
1
155 
1
156 
1
157 
1
158 
1
159 
1
160 
3
161 163 162 
1
162 
2
163 162 
1
164 
1
165 
1
166 
1
167 
2
168 167 
1
169 
1
170 
1
171 
1
172 
1
173 
1
174 
1
175 
2
176 175 
1
177 
1
178 
1
179 
32
180 635 878 202 203 668 667 201 685 193 183 182 181 595 552 200 197 666 194 199 198 195 196 187 184 190 188 189 192 191 185 186 
1
181 
1
182 
3
183 182 181 
1
184 
2
185 186 
1
186 
9
187 184 190 188 189 192 191 185 186 
2
188 189 
1
189 
1
190 
1
191 
2
192 191 
1
193 
1
194 
2
195 196 
1
196 
3
197 666 194 
1
198 
2
199 198 
1
200 
1
201 
1
202 
1
203 
1
204 
2
205 204 
1
206 
2
207 206 
1
208 
2
209 208 
1
210 
1
211 
2
212 211 
6
213 214 212 211 210 215 
1
214 
1
215 
1
216 
1
217 
2
218 217 
1
219 
1
220 
1
221 
1
222 
1
223 
4
224 223 225 222 
1
225 
3
226 848 221 
1
227 
1
228 
1
229 
1
230 
1
231 
1
232 
1
233 
1
234 
1
235 
1
236 
1
237 
1
238 
1
239 
1
240 
1
241 
1
242 
1
243 
2
244 243 
1
245 
1
246 
2
247 605 
1
248 
1
249 
6
250 253 251 252 254 249 
2
251 252 
1
252 
3
253 251 252 
1
254 
11
255 248 256 257 258 250 253 251 252 254 249 
1
256 
2
257 258 
1
258 
1
259 
1
260 
59
247 333 838 828 837 245 619 606 849 246 332 331 330 248 250 251 249 820 829 335 810 817 235 236 813 826 237 814 334 547 818 238 239 819 242 244 243 827 241 240 840 340 339 338 839 337 336 341 843 555 831 554 812 233 232 234 809 830 342 
6
262 566 946 263 320 319 
1
263 
1
264 
1
265 
1
266 
1
267 
2
268 267 
1
269 
1
270 
1
271 
1
272 
1
273 
2
274 275 
1
275 
38
276 309 274 275 642 278 277 308 297 280 580 279 307 298 305 306 299 304 303 300 302 301 295 284 296 282 283 281 285 294 286 287 293 288 290 292 291 289 
1
277 
1
278 
1
279 
1
280 
1
281 
1
282 
1
283 
1
284 
10
285 294 286 287 293 288 290 292 291 289 
3
286 287 293 
1
287 
5
288 290 292 291 289 
1
289 
1
290 
1
291 
2
292 291 
1
293 
1
294 
16
295 284 296 282 283 281 285 294 286 287 293 288 290 292 291 289 
4
296 282 283 281 
14
297 280 580 279 307 298 305 306 299 304 303 300 302 301 
9
298 305 306 299 304 303 300 302 301 
6
299 304 303 300 302 301 
1
300 
1
301 
2
302 301 
4
303 300 302 301 
1
304 
2
305 306 
1
306 
1
307 
1
308 
3
309 274 275 
1
310 
1
311 
1
312 
1
313 
1
314 
1
315 
1
316 
1
317 
1
318 
1
319 
2
320 319 
1
321 
1
322 
1
323 
1
324 
1
325 
1
326 
1
327 
1
328 
1
329 
1
330 
1
331 
3
332 331 330 
13
333 838 828 837 245 619 606 849 246 329 332 331 330 
1
334 
1
335 
1
336 
1
337 
1
338 
2
339 338 
1
340 
1
341 
1
342 
6
343 621 596 628 842 625 
1
344 
1
345 
7
346 344 347 607 348 349 345 
4
347 607 348 349 
2
348 349 
1
349 
84
870 901 473 873 863 858 467 468 860 861 362 864 872 469 563 866 857 859 359 358 361 360 556 856 357 355 356 868 865 867 871 881 352 740 585 354 353 472 471 470 539 869 784 474 689 461 637 686 371 369 370 640 744 462 687 898 365 363 364 366 897 688 368 367 693 464 463 746 465 540 745 862 571 902 466 350 732 349 620 739 351 639 372 460 
1
351 
1
352 
1
353 
1
354 
2
355 356 
1
356 
1
357 
1
358 
1
359 
1
360 
2
361 360 
1
362 
2
363 364 
1
364 
1
365 
1
366 
1
367 
1
368 
2
369 370 
1
370 
1
371 
1
372 
1
373 
1
374 
1
375 
1
376 
1
377 
1
378 
1
379 
1
380 
1
381 
1
382 
1
383 
1
384 
1
385 
1
386 
1
387 
2
388 389 
1
389 
5
390 388 389 387 391 
1
391 
1
392 
1
393 
1
394 
1
395 
3
396 394 395 
1
397 
1
398 
1
399 
1
400 
2
401 402 
1
402 
1
403 
1
404 
1
405 
1
406 
1
407 
1
408 
1
409 
2
410 409 
4
411 412 410 409 
1
412 
1
413 
1
414 
1
415 
1
416 
1
417 
1
418 
2
419 418 
1
420 
2
421 420 
5
422 423 424 421 420 
1
423 
1
424 
1
425 
1
426 
1
427 
1
428 
3
429 431 430 
1
430 
2
431 430 
1
432 
1
433 
1
434 
1
435 
1
436 
1
437 
3
438 440 439 
1
439 
1
440 
1
441 
3
442 892 551 
1
443 
8
444 445 446 447 448 634 750 449 
4
445 446 447 448 
1
446 
2
447 448 
1
448 
1
449 
1
450 
1
451 
1
452 
1
453 
1
454 
1
455 
78
692 454 641 377 378 743 453 452 711 381 382 657 742 575 379 380 584 383 550 890 384 712 749 451 450 444 445 446 447 448 634 750 449 662 392 891 442 892 551 710 386 889 708 893 443 709 385 656 390 388 389 387 391 594 663 393 664 441 394 438 440 439 456 691 457 574 375 376 549 455 636 638 373 573 690 459 374 458 
1
457 
1
458 
1
459 
1
460 
1
461 
1
462 
1
463 
1
464 
1
465 
1
466 
2
467 468 
1
468 
1
469 
1
470 
2
471 470 
1
472 
1
473 
1
474 
1
475 
1
476 
1
477 
1
478 
1
479 
2
480 479 
1
481 
2
482 483 
1
483 
1
484 
2
485 486 
1
486 
1
487 
1
488 
1
489 
1
490 
1
491 
1
492 
1
493 
1
494 
1
495 
2
496 497 
1
497 
1
498 
1
499 
4
500 501 502 499 
2
501 502 
1
502 
1
503 
1
504 
1
505 
1
506 
4
507 508 506 509 
1
508 
1
509 
1
510 
1
511 
1
512 
1
513 
1
514 
1
515 
1
516 
1
517 
1
518 
1
519 
1
520 
2
521 522 
1
522 
1
523 
3
524 523 525 
1
525 
1
526 
1
527 
1
528 
1
529 
1
530 
1
531 
2
532 531 
1
533 
2
534 0 
4
535 570 205 204 
1
536 
21
537 753 759 481 480 479 678 719 51 50 754 757 612 598 52 53 755 772 478 581 477 
1
538 
4
539 869 620 739 
1
540 
1
541 
1
542 
2
543 804 
1
544 
1
545 
2
546 725 
4
547 818 238 239 
3
548 247 605 
4
549 641 377 378 
1
550 
1
551 
1
552 
1
553 
5
554 812 233 232 234 
14
555 839 337 336 830 538 808 816 231 807 230 796 811 553 
5
556 856 357 355 356 
1
557 
24
558 778 765 843 341 841 785 342 798 766 541 900 775 802 713 800 801 930 932 777 557 931 73 74 
1
559 
1
560 
1
561 
1
562 
1
563 
1
564 
1
565 
5
566 946 263 320 319 
1
567 
3
568 921 417 
9
569 748 18 16 17 674 15 14 13 
3
570 205 204 
1
571 
27
572 912 44 46 45 907 911 488 908 591 47 48 675 910 487 485 486 909 603 717 676 49 760 484 482 483 718 
5
573 690 459 458 639 
4
574 375 376 374 
2
575 379 
1
576 
4
577 56 57 58 
65
578 565 519 613 530 622 9 615 526 524 523 525 521 522 527 520 599 528 529 614 8 532 531 7 679 6 533 1 534 0 2 5 4 3 877 513 514 512 569 748 18 16 17 674 15 14 13 590 515 602 12 511 601 673 517 516 518 11 10 705 706 510 19 20 21 
17
579 82 81 700 158 157 156 903 904 155 153 154 85 83 84 874 152 
3
580 279 307 
1
581 
5
582 164 161 163 162 
8
583 702 25 26 29 27 28 30 
37
584 383 550 890 384 712 749 451 450 444 445 446 447 448 634 750 449 662 392 891 442 892 551 710 386 889 708 893 443 709 385 656 390 388 389 387 391 
3
585 354 353 
4
586 77 747 76 
2
587 650 
4
588 59 60 62 
2
589 88 
4
590 515 602 12 
3
591 47 48 
1
592 
2
593 259 
35
594 663 393 437 664 441 665 714 435 397 436 929 399 398 927 400 401 402 928 434 433 396 394 395 661 592 403 432 428 429 431 430 438 440 439 
6
595 552 200 197 666 194 
1
596 
14
597 209 208 608 219 216 213 214 212 211 210 215 218 217 
1
598 
3
599 528 529 
1
600 
7
601 673 517 516 518 11 10 
2
602 12 
9
603 717 676 49 760 484 482 483 718 
1
604 
1
605 
3
606 849 246 
1
607 
3
608 219 216 
3
609 716 220 
8
610 677 54 55 577 56 57 58 
13
611 562 756 758 476 610 677 54 55 577 56 57 58 
4
612 598 52 53 
2
613 530 
15
614 8 532 531 7 679 6 533 1 534 0 2 5 4 3 
12
615 526 524 523 525 521 522 527 520 599 528 529 
1
616 
50
617 63 600 618 616 771 475 561 880 546 725 588 59 60 62 611 562 756 758 476 610 677 54 55 577 56 57 58 61 537 753 759 481 480 479 678 719 51 50 754 757 612 598 52 53 755 772 478 581 477 
2
618 616 
5
619 606 849 246 329 
2
620 739 
1
621 
2
622 9 
3
623 65 720 
1
624 
1
625 
4
626 899 627 764 
2
627 764 
1
628 
1
629 
8
630 34 33 629 768 741 495 32 
4
631 885 38 37 
1
632 
1
633 
3
634 750 449 
1
635 
1
636 
29
637 686 371 369 370 640 744 462 687 898 365 363 364 366 897 688 368 367 693 464 463 746 465 540 745 862 571 902 466 
11
638 373 573 690 459 458 639 372 689 461 460 
1
639 
1
640 
3
641 377 378 
4
642 278 277 308 
2
643 166 
7
644 646 169 168 167 695 645 
1
645 
2
646 169 
3
647 170 171 
3
648 560 172 
2
649 781 
1
650 
17
651 701 160 159 699 80 582 164 161 163 162 697 542 643 166 79 165 
19
652 24 655 504 707 684 683 31 545 896 895 583 702 25 26 29 27 28 30 
1
653 
5
654 505 704 653 703 
3
655 504 707 
1
656 
1
657 
2
658 75 
4
659 91 89 90 
31
660 149 659 91 89 90 875 87 876 151 150 589 88 86 579 82 81 700 158 157 156 903 904 155 153 154 85 83 84 874 152 
8
661 592 403 432 428 429 431 430 
15
662 392 891 442 892 551 710 386 889 708 893 443 709 385 656 
1
663 
1
664 
18
665 714 435 397 436 929 399 398 927 400 401 402 928 434 433 396 394 395 
1
666 
1
667 
2
668 667 
1
669 
14
670 671 535 570 205 204 672 715 926 207 206 609 716 220 
1
671 
8
672 715 926 207 206 609 716 220 
4
673 517 516 518 
4
674 15 14 13 
6
675 910 487 485 486 909 
2
676 49 
3
677 54 55 
4
678 719 51 50 
10
679 6 533 1 534 0 2 5 4 3 
2
680 66 
1
681 
2
682 632 
1
683 
6
684 683 31 545 896 895 
13
685 193 183 182 181 595 552 200 197 666 194 199 198 
2
686 371 
1
687 
3
688 368 367 
3
689 461 460 
3
690 459 458 
1
691 
18
692 454 549 641 377 378 455 743 453 452 711 381 382 657 742 575 379 380 
6
693 464 463 746 465 540 
18
694 696 78 780 648 560 172 173 647 170 171 644 646 169 168 167 695 645 
2
695 645 
2
696 78 
6
697 542 643 166 79 165 
43
698 174 649 781 769 559 586 77 747 76 694 696 78 780 648 560 172 173 647 170 171 644 646 169 168 167 695 645 176 175 783 803 543 804 751 658 75 752 799 805 851 587 650 
2
699 80 
4
700 158 157 156 
2
701 160 
2
702 25 
1
703 
3
704 653 703 
1
705 
17
706 705 510 19 654 505 704 653 703 20 23 21 22 507 508 506 509 
1
707 
1
708 
3
709 385 656 
2
710 386 
4
711 381 382 657 
4
712 749 451 450 
1
713 
2
714 435 
1
715 
1
716 
1
717 
1
718 
2
719 51 
1
720 
1
721 
4
722 726 729 724 
10
723 681 623 65 720 722 726 729 724 64 
1
724 
1
725 
1
726 
2
727 762 
1
728 
2
729 724 
1
730 
2
731 730 
2
732 767 
1
733 
1
734 
2
735 733 
2
736 737 
1
737 
1
738 
1
739 
1
740 
2
741 495 
4
742 575 379 380 
11
743 453 452 711 381 382 657 742 575 379 380 
2
744 462 
5
745 862 571 902 466 
1
746 
1
747 
4
748 18 16 17 
1
749 
1
750 
5
751 658 75 752 799 
2
752 799 
1
753 
11
754 757 612 598 52 53 755 772 478 581 477 
1
755 
3
756 758 476 
1
757 
2
758 476 
4
759 481 480 479 
5
760 484 482 483 718 
1
761 
1
762 
90
763 761 773 721 728 933 934 935 72 71 776 774 730 727 762 723 681 720 936 576 70 68 67 680 69 558 778 765 841 785 798 766 541 900 775 802 713 800 801 930 932 777 557 931 73 74 786 782 559 586 77 76 78 751 658 75 787 770 628 842 625 626 899 627 764 734 736 343 621 596 344 345 733 779 850 793 806 624 737 767 346 347 607 348 789 791 747 783 799 752 
1
764 
1
765 
1
766 
1
767 
3
768 741 495 
6
769 559 586 77 747 76 
1
770 
6
771 475 561 880 546 725 
4
772 478 581 477 
3
773 721 728 
1
774 
1
775 
2
776 774 
2
777 557 
1
778 
1
779 
8
780 648 560 172 173 647 170 171 
1
781 
1
782 
13
783 803 543 804 751 658 75 752 799 805 851 587 650 
19
784 738 474 731 730 735 733 727 762 723 681 623 65 720 722 726 729 724 64 
1
785 
15
786 779 782 840 850 793 340 339 338 789 806 791 794 787 770 
2
787 770 
3
788 795 844 
6
789 806 791 794 787 770 
1
790 
2
791 794 
5
792 790 788 795 844 
1
793 
1
794 
2
795 844 
3
796 811 553 
3
797 823 821 
5
798 766 541 900 775 
1
799 
2
800 801 
1
801 
11
802 713 800 801 930 932 777 557 931 73 74 
1
803 
1
804 
4
805 851 587 650 
1
806 
1
807 
8
808 816 231 807 230 796 811 553 
1
809 
7
810 817 235 236 813 826 237 
2
811 553 
4
812 233 232 234 
1
813 
13
814 334 547 818 238 239 819 242 244 243 827 241 240 
2
815 824 
2
816 231 
6
817 235 236 813 826 237 
3
818 238 239 
7
819 242 244 243 827 241 240 
30
820 831 809 554 812 233 232 234 829 335 810 817 235 236 813 826 237 814 334 547 818 238 239 819 242 244 243 827 241 240 
1
821 
1
822 
1
823 
1
824 
2
825 833 
2
826 237 
3
827 241 240 
3
828 837 245 
2
829 335 
2
830 538 
1
831 
4
832 229 815 824 
1
833 
41
834 536 825 852 845 822 797 823 821 832 229 815 824 792 790 788 795 844 538 808 816 231 807 230 796 811 553 698 176 175 543 804 805 851 587 650 177 833 228 794 803 
3
835 669 847 
75
836 835 669 847 179 226 848 221 670 671 535 570 205 204 672 715 926 207 206 609 716 220 224 223 225 222 597 209 208 608 219 216 213 214 212 211 210 215 218 217 180 635 878 202 203 668 667 201 685 193 183 182 181 595 552 200 197 666 194 199 198 195 196 187 184 190 188 189 192 191 185 186 846 227 178 
2
837 245 
4
838 828 837 245 
3
839 337 336 
6
840 850 793 340 339 338 
2
841 785 
2
842 625 
5
843 341 841 785 342 
1
844 
1
845 
5
846 227 825 833 228 
1
847 
1
848 
1
849 
1
850 
1
851 
15
852 845 822 797 823 821 832 229 815 824 792 790 788 795 844 
3
853 854 321 
1
854 
5
855 324 323 322 567 
4
856 357 355 356 
1
857 
1
858 
5
859 359 358 361 360 
3
860 861 362 
1
861 
2
862 571 
1
863 
16
864 872 469 563 866 857 859 359 358 361 360 556 856 357 355 356 
1
865 
7
866 857 859 359 358 361 360 
1
867 
18
868 865 867 871 881 352 740 585 354 353 472 351 471 470 539 869 620 739 
1
869 
6
870 732 767 734 901 473 
1
871 
3
872 469 563 
42
873 863 858 467 468 860 861 362 864 872 469 563 866 857 859 359 358 361 360 556 856 357 355 356 868 865 867 871 881 352 740 585 354 353 472 351 471 470 539 869 620 739 
2
874 152 
8
875 87 876 151 150 589 88 86 
2
876 151 
42
877 513 514 512 569 748 18 16 17 674 15 14 13 590 515 602 12 511 601 673 517 516 518 11 10 706 705 510 19 654 505 704 653 703 20 23 21 22 507 508 506 509 
6
878 202 203 668 667 201 
8
879 328 327 548 247 605 593 259 
1
880 
6
881 352 740 585 354 353 
79
882 491 492 905 631 885 38 37 883 937 493 633 494 888 36 35 630 34 33 629 768 741 495 32 894 503 682 632 913 498 496 497 500 501 502 499 652 24 655 504 707 684 683 31 545 896 895 583 702 25 26 29 27 28 30 654 505 704 653 703 23 22 507 508 506 39 906 544 489 884 40 886 887 41 42 911 488 490 509 
8
883 937 493 633 494 888 36 35 
3
884 39 40 
3
885 38 37 
5
886 887 41 43 42 
4
887 41 43 42 
3
888 36 35 
7
889 708 893 443 709 385 656 
1
890 
1
891 
1
892 
2
893 443 
8
894 503 682 632 913 498 496 497 
1
895 
2
896 895 
1
897 
20
898 365 363 364 366 897 688 368 367 693 464 463 746 465 540 745 862 571 902 466 
1
899 
2
900 775 
2
901 473 
2
902 466 
10
903 904 155 153 154 85 83 84 874 152 
2
904 155 
5
905 631 885 38 37 
87
572 46 45 591 47 48 675 485 909 603 717 676 49 760 484 482 483 718 617 63 600 618 616 771 475 561 880 546 725 588 59 60 62 611 562 756 758 476 610 677 54 55 577 56 57 58 61 537 753 759 481 480 479 678 719 51 50 754 757 612 598 52 53 755 772 478 581 477 729 738 731 623 65 722 726 724 64 66 735 912 44 910 486 43 907 908 487 
4
907 911 488 908 
1
908 
1
909 
4
910 487 485 486 
2
911 488 
4
912 44 46 45 
4
913 498 496 497 
2
914 133 
1
915 
16
916 94 917 147 92 93 564 148 145 915 146 95 939 96 940 144 
2
917 147 
5
918 326 604 260 325 
12
919 415 407 416 920 413 408 414 411 412 410 409 
8
920 413 408 414 411 412 410 409 
2
921 417 
4
922 419 418 425 
5
923 406 568 921 417 
1
924 
58
925 924 427 404 405 426 923 406 568 921 417 922 419 418 425 919 415 407 416 920 413 408 414 411 412 410 409 422 423 424 421 420 665 714 435 397 929 399 398 927 400 401 402 928 434 433 661 592 403 432 428 429 431 430 436 396 437 395 
3
926 207 206 
7
927 400 401 402 928 434 433 
3
928 434 433 
3
929 399 398 
7
930 932 777 557 931 73 74 
3
931 73 74 
1
932 
7
933 934 935 72 71 776 774 
1
934 
3
935 72 71 
8
936 576 70 68 67 680 66 69 
2
937 493 
4
938 97 142 143 
4
939 96 940 144 
2
940 144 
9
941 99 98 140 141 938 97 142 143 
44
579 81 700 158 157 651 701 160 159 699 80 582 164 161 163 162 697 542 643 166 79 165 644 646 168 167 645 694 696 695 174 780 648 560 172 173 647 170 171 169 769 649 781 82 
4
943 136 102 103 
19
944 266 265 949 315 316 317 268 267 947 945 264 318 262 566 946 263 320 319 
1
945 
2
946 263 
10
947 945 264 318 262 566 946 263 320 319 
3
948 314 269 
4
949 315 316 317 
5
950 312 271 313 270 
53
951 273 310 311 272 950 312 271 313 270 314 315 276 309 274 275 642 278 277 308 297 280 580 279 307 298 305 306 299 304 303 300 302 301 295 284 296 282 283 281 285 294 286 287 293 288 290 292 291 289 948 269 268 
47
952 261 854 855 323 567 604 325 259 258 266 949 316 947 264 262 946 320 853 321 324 322 918 326 260 328 327 548 593 256 257 879 605 329 253 254 255 944 265 317 267 945 318 566 263 319 252 
46
141 97 143 94 92 145 146 939 940 938 142 916 917 147 93 564 148 915 95 96 144 660 149 659 91 89 90 875 87 876 151 150 589 88 86 903 904 155 153 154 85 83 84 874 152 156 
