15
520 580 771 725 673 79 547 103 608 533 238 245 723 587 811 
814
3
0 2 1 
1
1 
1
2 
1
3 
1
4 
3
5 524 479 
1
6 
1
7 
1
8 
2
9 8 
1
10 
1
11 
1
12 
1
13 
1
14 
1
15 
1
16 
1
17 
1
18 
1
19 
2
20 21 
1
21 
1
22 
1
23 
1
24 
1
25 
2
26 27 
1
27 
3
28 26 27 
1
29 
1
30 
2
31 30 
1
32 
1
33 
1
34 
1
35 
1
36 
1
37 
1
38 
1
39 
1
40 
1
41 
1
42 
2
43 44 
1
44 
1
45 
1
46 
1
47 
1
48 
3
49 48 50 
1
50 
1
51 
1
52 
2
53 54 
1
54 
1
55 
2
56 57 
1
57 
1
58 
1
59 
1
60 
1
61 
1
62 
1
63 
2
64 63 
1
65 
3
66 714 65 
1
67 
1
68 
1
69 
2
70 71 
1
71 
1
72 
1
73 
1
74 
1
75 
2
76 75 
1
77 
1
78 
57
79 567 568 162 543 589 163 730 157 80 518 159 160 161 158 164 546 569 613 78 614 69 529 77 636 74 76 75 635 72 73 634 70 71 531 166 168 167 165 538 169 170 625 82 155 83 156 81 617 84 154 529 77 636 76 75 634 
1
80 
1
81 
1
82 
1
83 
1
84 
1
85 
1
86 
1
87 
1
88 
1
89 
1
90 
1
91 
1
92 
1
93 
1
94 
1
95 
1
96 
1
97 
1
98 
1
99 
1
100 
1
101 
3
102 136 137 
40
103 135 134 104 105 133 106 132 108 107 112 125 111 127 126 110 128 131 109 130 129 113 123 122 124 118 116 117 114 121 115 119 120 138 101 102 136 137 616 100 
1
104 
1
105 
1
106 
1
107 
1
108 
1
109 
1
110 
4
111 127 126 110 
11
112 125 111 127 126 110 128 131 109 130 129 
12
113 123 122 124 118 116 117 114 121 115 119 120 
2
114 121 
1
115 
2
116 117 
1
117 
8
118 116 117 114 121 115 119 120 
2
119 120 
1
120 
1
121 
1
122 
1
123 
1
124 
1
125 
1
126 
1
127 
5
128 131 109 130 129 
1
129 
2
130 129 
2
131 109 
3
132 108 107 
5
133 106 132 108 107 
3
134 104 105 
1
135 
1
136 
1
137 
1
138 
1
139 
1
140 
1
141 
1
142 
2
143 142 
1
144 
1
145 
1
146 
1
147 
1
148 
1
149 
1
150 
1
151 
1
152 
1
153 
1
154 
1
155 
1
156 
1
157 
1
158 
1
159 
2
160 161 
1
161 
1
162 
1
163 
4
164 546 544 624 
1
165 
1
166 
1
167 
2
168 167 
1
169 
1
170 
1
171 
1
172 
1
173 
1
174 
2
175 174 
1
176 
1
177 
2
178 177 
1
179 
1
180 
2
181 180 
1
182 
1
183 
1
184 
1
185 
2
186 185 
3
187 186 185 
1
188 
1
189 
2
190 191 
1
191 
2
192 193 
1
193 
1
194 
1
195 
1
196 
1
197 
24
198 196 607 195 627 188 521 194 187 186 185 606 729 511 628 184 183 631 192 193 190 191 189 197 
1
199 
1
200 
1
201 
1
202 
1
203 
1
204 
4
205 203 202 204 
1
206 
6
207 650 645 648 641 656 
1
208 
1
209 
2
210 209 
1
211 
1
212 
1
213 
1
214 
1
215 
1
216 
1
217 
1
218 
1
219 
1
220 
1
221 
1
222 
1
223 
1
224 
1
225 
1
226 
1
227 
1
228 
1
229 
1
230 
1
231 
1
232 
1
233 
1
234 
1
235 
1
236 
1
237 
38
273 804 234 274 803 275 233 232 231 276 802 277 230 801 280 228 279 278 229 227 281 798 222 285 286 221 287 284 223 800 226 282 225 799 224 283 797 220 
7
239 268 267 240 241 266 265 
1
240 
3
241 266 265 
2
242 244 
1
243 
1
244 
40
245 263 264 242 244 239 268 267 240 241 266 265 243 246 262 247 261 248 260 249 250 539 251 259 255 258 257 256 254 253 252 238 269 270 237 805 271 236 235 272 
18
246 262 247 261 248 260 249 250 539 251 259 255 258 257 256 254 253 252 
3
247 261 248 
1
248 
1
249 
1
250 
1
251 
1
252 
1
253 
3
254 253 252 
1
255 
1
256 
2
257 256 
3
258 257 256 
1
259 
3
260 249 250 
1
261 
1
262 
1
263 
1
264 
1
265 
1
266 
2
267 240 
1
268 
1
269 
1
270 
1
271 
1
272 
2
273 272 
1
274 
1
275 
1
276 
1
277 
1
278 
2
279 278 
1
280 
1
281 
1
282 
1
283 
1
284 
1
285 
1
286 
1
287 
1
288 
1
289 
1
290 
1
291 
1
292 
13
293 689 686 213 688 212 211 794 216 795 215 214 292 
1
294 
1
295 
1
296 
1
297 
1
298 
1
299 
1
300 
1
301 
1
302 
1
303 
1
304 
1
305 
1
306 
1
307 
1
308 
1
309 
1
310 
1
311 
1
312 
1
313 
1
314 
3
315 316 317 
1
316 
1
317 
1
318 
1
319 
1
320 
2
321 320 
1
322 
1
323 
1
324 
1
325 
2
326 327 
1
327 
1
328 
1
329 
1
330 
1
331 
1
332 
1
333 
1
334 
1
335 
1
336 
1
337 
1
338 
2
339 338 
1
340 
1
341 
1
342 
1
343 
3
344 346 345 
1
345 
2
346 345 
1
347 
1
348 
1
349 
3
350 349 351 
1
351 
1
352 
1
353 
1
354 
2
355 356 
1
356 
1
357 
1
358 
2
359 360 
1
360 
1
361 
1
362 
1
363 
2
364 363 
1
365 
1
366 
1
367 
1
368 
1
369 
1
370 
2
371 370 
2
372 373 
1
373 
1
374 
1
375 
1
376 
5
377 379 378 376 380 
1
378 
1
379 
1
380 
6
381 377 379 378 376 380 
1
382 
1
383 
2
384 385 
1
385 
1
386 
1
387 
1
388 
1
389 
2
390 389 
1
391 
1
392 
1
393 
1
394 
1
395 
1
396 
1
397 
1
398 
1
399 
1
400 
1
401 
2
402 401 
2
403 404 
1
404 
4
405 541 403 404 
1
406 
1
407 
1
408 
2
409 410 
1
410 
1
411 
1
412 
1
413 
1
414 
1
415 
1
416 
1
417 
1
418 
1
419 
1
420 
1
421 
1
422 
1
423 
1
424 
1
425 
1
426 
1
427 
1
428 
1
429 
1
430 
1
431 
1
432 
1
433 
1
434 
2
435 434 
1
436 
1
437 
1
438 
1
439 
2
440 439 
1
441 
1
442 
1
443 
1
444 
1
445 
1
446 
1
447 
1
448 
1
449 
1
450 
1
451 
1
452 
2
453 452 
1
454 
2
455 456 
1
456 
1
457 
1
458 
2
459 458 
1
460 
1
461 
1
462 
1
463 
2
464 463 
1
465 
1
466 
1
467 
1
468 
1
469 
1
470 
1
471 
1
472 
1
473 
2
474 475 
1
475 
1
476 
1
477 
1
478 
1
479 
1
480 
4
481 484 483 482 
1
482 
1
483 
1
484 
1
485 
23
486 485 537 480 562 4 550 477 478 6 5 524 479 487 488 0 2 1 3 481 484 483 482 
6
487 488 0 2 1 3 
1
488 
1
489 
1
490 
1
491 
7
492 767 766 60 738 62 61 
1
493 
8
494 769 51 49 48 50 762 760 
5
495 559 40 39 41 
5
496 727 449 579 34 
7
497 781 28 26 27 784 457 
10
498 554 555 311 310 553 558 313 312 314 
1
499 
12
500 750 334 755 415 335 414 751 336 752 413 412 
4
501 809 398 399 
7
502 754 411 409 410 753 337 
1
503 
8
504 531 166 168 167 165 585 545 
19
505 599 171 172 582 601 173 175 174 600 517 630 179 181 180 602 176 178 177 
1
506 
3
507 764 55 
1
508 
3
509 697 696 
7
510 551 318 532 315 316 317 
4
511 628 184 183 
1
512 
1
513 
11
514 719 720 737 64 63 513 721 66 714 65 
1
515 
3
516 556 309 
9
517 630 179 181 180 602 176 178 177 
5
518 159 160 161 158 
3
519 92 146 
48
520 476 7 10 9 8 486 485 537 480 562 4 550 477 478 6 5 524 479 487 488 0 2 1 3 481 484 483 482 593 15 469 468 572 470 14 471 13 12 472 549 473 11 474 475 467 17 16 
2
521 194 
1
522 
5
523 467 17 16 466 
2
524 479 
3
525 778 438 
6
526 534 45 46 43 44 
5
527 745 328 326 327 
7
528 757 419 420 747 421 422 
2
529 77 
1
530 
4
531 166 168 167 
4
532 315 316 317 
62
533 685 210 209 640 208 639 687 294 651 512 540 670 298 669 690 297 295 296 293 689 686 213 688 212 211 794 216 795 215 214 292 659 299 300 207 650 733 301 302 734 303 609 731 201 206 200 205 203 202 204 288 796 290 218 219 289 217 291 731 206 205 
3
534 45 46 
2
535 42 
12
536 386 362 387 384 385 365 813 383 367 382 366 
2
537 480 
3
538 169 170 
10
539 251 259 255 258 257 256 254 253 252 
4
540 670 298 669 
3
541 403 404 
2
542 347 
3
543 589 163 
1
544 
1
545 
1
546 
37
547 144 94 93 145 143 142 95 570 96 141 591 140 98 97 571 88 150 149 89 548 90 148 91 147 519 92 146 592 86 152 87 151 85 153 99 139 
8
548 90 148 91 147 519 92 146 
5
549 473 11 474 475 
7
550 477 478 6 5 524 479 
2
551 318 
2
552 322 
5
553 558 313 312 314 
4
554 555 311 310 
2
555 311 
2
556 309 
2
557 694 
4
558 313 312 314 
4
559 40 39 41 
61
560 597 38 578 36 37 35 577 447 448 576 445 446 621 444 443 495 559 40 39 41 596 442 441 728 440 439 622 535 42 773 433 774 772 494 769 51 49 48 50 762 760 776 787 763 47 788 777 436 437 435 434 526 534 45 46 43 44 525 778 438 
10
561 388 361 359 360 581 391 358 390 389 
2
562 4 
4
563 538 169 170 
1
564 
7
565 348 691 400 402 401 564 
19
566 588 406 342 341 790 408 407 789 340 339 338 502 754 411 409 410 753 337 
1
567 
2
568 162 
6
569 613 78 614 590 676 
3
570 96 141 
13
571 88 150 149 89 548 90 148 91 147 519 92 146 
12
572 470 14 471 13 12 472 549 473 11 474 475 
4
573 319 321 320 
1
574 
4
575 307 308 306 
11
576 445 446 621 444 443 495 559 40 39 41 
3
577 447 448 
4
578 36 37 35 
2
579 34 
76
580 453 452 726 451 450 598 32 33 496 727 449 579 34 783 455 456 782 29 31 30 454 497 781 28 26 27 784 457 632 633 19 465 18 523 466 464 463 786 462 461 780 22 20 21 522 23 779 785 460 24 459 458 25 560 597 38 578 36 37 35 577 447 448 576 445 446 621 444 443 495 559 40 39 41 42 
5
581 391 358 390 389 
1
582 
2
583 604 
9
584 491 563 538 169 170 610 612 200 
2
585 545 
2
586 343 
78
587 586 343 405 541 403 404 542 347 565 348 691 400 402 401 564 344 346 345 566 588 406 342 341 790 408 407 789 340 339 338 502 754 411 409 410 753 337 746 332 744 756 417 418 331 333 416 500 750 334 755 415 335 414 751 336 752 413 412 808 352 350 349 351 501 809 398 399 353 806 397 396 810 354 807 395 394 791 
1
588 
1
589 
2
590 676 
4
591 140 98 97 
16
592 86 152 87 151 85 153 617 84 154 625 82 155 83 156 81 
44
593 15 469 468 572 470 14 471 13 12 472 549 473 11 474 475 632 633 19 465 18 523 467 17 16 466 464 463 786 462 461 780 22 20 21 522 23 779 785 460 24 459 458 25 
11
594 499 740 716 749 425 424 426 618 323 324 
1
595 
9
596 442 441 728 440 439 622 535 42 
2
597 38 
3
598 32 33 
4
599 171 172 582 
1
600 
5
601 173 175 174 600 
4
602 176 178 177 
5
603 605 623 629 182 
1
604 
1
605 
6
606 729 511 628 184 183 
9
607 195 627 188 521 194 187 186 185 
77
608 199 506 583 604 603 605 623 629 182 505 599 171 172 582 601 173 175 174 600 517 630 179 181 180 602 176 178 177 609 611 201 504 168 167 584 491 563 538 169 170 610 612 200 203 202 204 198 196 607 195 627 188 521 194 187 186 185 606 729 511 628 184 183 631 192 193 190 191 189 197 611 504 584 491 563 612 
0

3
610 612 200 
1
611 
1
612 
1
613 
1
614 
2
615 668 
13
616 100 138 101 102 136 137 99 139 591 140 98 97 
3
617 84 154 
3
618 323 324 
2
619 595 
5
620 574 724 552 322 
3
621 444 443 
1
622 
3
623 629 182 
1
624 
6
625 82 155 83 156 81 
22
626 325 527 745 328 326 327 741 739 748 423 594 499 740 716 749 425 424 426 618 323 324 
4
627 188 521 194 
2
628 184 
2
629 182 
4
630 179 181 180 
6
631 192 193 190 191 189 
28
632 633 19 465 18 523 467 17 16 466 464 463 786 462 461 780 22 20 21 522 23 779 785 460 24 459 458 25 
2
633 19 
1
634 
7
635 72 73 634 503 70 71 
4
636 74 76 75 
1
637 
0

3
639 643 644 
2
640 208 
2
641 656 
1
642 
1
643 
1
644 
2
645 648 
1
646 
2
647 642 
1
648 
1
649 
1
650 
2
651 512 
1
652 
4
653 649 647 642 
1
654 
2
655 658 
1
656 
13
657 615 668 164 546 544 624 569 613 78 614 590 676 
1
658 
4
659 299 490 300 
1
660 
1
661 
1
662 
4
663 671 672 68 
2
664 662 
1
665 
13
666 682 675 680 681 530 635 72 73 634 503 70 71 
1
667 
1
668 
1
669 
2
670 298 
1
671 
2
672 68 
57
673 652 489 645 648 641 656 657 615 668 544 624 590 676 655 678 667 677 684 666 682 503 732 653 649 647 736 654 646 585 545 490 655 678 667 677 684 666 682 503 732 653 649 647 736 654 646 165 585 545 644 531 166 643 642 610 642 
4
674 637 655 658 
4
675 680 681 530 
1
676 
2
677 684 
23
678 529 77 667 677 684 636 74 76 75 666 682 675 680 681 530 635 72 73 634 503 70 71 
6
679 69 665 683 664 662 
1
680 
2
681 530 
1
682 
1
683 
1
684 
1
685 
5
686 213 688 212 211 
8
687 294 651 512 540 670 298 669 
3
688 212 211 
1
689 
4
690 297 295 296 
5
691 400 402 401 564 
13
692 695 557 694 699 707 575 307 308 306 705 305 515 
4
693 516 556 309 
1
694 
1
695 
1
696 
2
697 696 
12
698 493 703 304 702 701 735 661 663 671 672 68 
2
699 707 
2
700 713 
1
701 
1
702 
4
703 304 702 701 
2
704 508 
3
705 305 515 
19
706 715 67 700 713 704 508 698 493 703 304 702 701 735 661 663 671 672 68 
1
707 
1
708 
1
709 
11
710 709 619 595 510 551 318 532 315 316 317 
17
711 708 693 516 556 309 429 498 554 555 311 310 553 558 313 312 314 
1
712 
1
713 
1
714 
1
715 
1
716 
1
717 
0

1
719 
5
720 737 64 63 513 
4
721 66 714 65 
1
722 
85
723 427 428 620 574 724 552 322 573 319 321 320 710 709 619 595 510 551 318 532 315 316 317 711 708 693 516 556 309 429 498 554 555 311 310 553 558 313 312 314 743 330 329 742 528 757 419 420 747 421 422 626 325 527 745 328 326 327 741 739 748 423 594 499 740 716 749 425 424 426 618 323 324 725 430 692 694 699 707 575 308 718 717 431 514 
1
724 
81
509 697 696 695 557 307 306 705 305 515 706 715 67 700 713 704 508 698 493 703 304 702 701 735 661 663 671 672 68 638 660 733 301 302 734 303 674 637 658 679 69 665 683 664 662 74 675 680 681 530 635 72 73 70 71 712 722 719 720 737 64 63 513 721 66 714 65 660 674 637 679 665 683 664 662 675 680 681 530 638 658 
3
726 451 450 
2
727 449 
3
728 440 439 
1
729 
8
730 157 80 518 159 160 161 158 
2
731 732 
1
732 
3
733 301 302 
2
734 303 
6
735 661 663 671 672 68 
11
736 654 646 504 531 166 168 167 165 585 545 
4
737 64 63 513 
3
738 62 61 
3
739 748 423 
2
740 716 
4
741 739 748 423 
1
742 
11
743 330 329 742 528 757 419 420 747 421 422 
4
744 756 417 418 
4
745 328 326 327 
54
746 332 744 756 417 418 331 333 416 500 750 334 755 415 335 414 751 336 752 413 412 743 330 329 742 528 757 419 420 747 421 422 626 325 527 745 328 326 327 741 739 748 423 594 499 740 716 749 425 424 426 618 323 324 
3
747 421 422 
2
748 423 
4
749 425 424 426 
2
750 334 
5
751 336 752 413 412 
2
752 413 
2
753 337 
2
754 411 
1
755 
3
756 417 418 
3
757 419 420 
16
758 775 759 761 52 53 54 507 764 55 768 765 58 56 57 59 
5
759 761 52 53 54 
1
760 
2
761 52 
2
762 760 
3
763 47 788 
2
764 55 
5
765 58 56 57 59 
2
766 60 
1
767 
6
768 765 58 56 57 59 
7
769 51 49 48 50 762 760 
1
770 
81
771 770 432 492 767 766 60 738 62 61 758 775 759 761 52 53 54 507 764 55 768 765 58 56 57 59 718 717 712 722 431 514 719 720 737 64 63 513 721 66 714 65 596 442 441 728 440 439 622 535 773 433 774 772 494 769 51 49 48 50 762 760 776 787 763 47 788 777 436 437 435 434 526 534 45 46 43 44 525 778 438 
1
772 
31
773 433 774 772 494 769 51 49 48 50 762 760 776 787 763 47 788 777 436 437 435 434 526 534 45 46 43 44 525 778 438 
10
774 772 494 769 51 49 48 50 762 760 
1
775 
19
776 787 763 47 788 777 436 437 435 434 526 534 45 46 43 44 525 778 438 
3
777 436 437 
2
778 438 
7
779 785 460 24 459 458 25 
6
780 22 20 21 522 23 
1
781 
2
782 29 
8
783 455 456 782 29 31 30 454 
2
784 457 
2
785 460 
16
786 462 461 780 22 20 21 522 23 779 785 460 24 459 458 25 
4
787 763 47 788 
1
788 
4
789 340 339 338 
7
790 408 407 789 340 339 338 
1
791 
6
792 793 357 392 355 356 
1
793 
6
794 216 795 215 214 292 
3
795 215 214 
7
796 290 218 219 289 217 291 
10
797 220 288 796 290 218 219 289 217 291 
15
798 222 285 286 221 287 284 223 800 226 282 225 799 224 283 
3
799 224 283 
7
800 226 282 225 799 224 283 
8
801 280 228 279 278 229 227 281 
3
802 277 230 
17
803 275 233 232 231 276 802 277 230 801 280 228 279 278 229 227 281 
3
804 234 274 
6
805 271 236 235 273 272 
3
806 397 396 
5
807 395 394 393 791 
50
808 352 350 349 351 501 809 398 399 353 806 397 396 810 354 807 395 394 393 791 792 793 357 392 355 356 561 388 361 359 360 581 391 358 390 389 536 386 362 387 384 385 365 813 383 367 382 366 364 363 
3
809 398 399 
7
810 354 807 395 394 393 791 
47
811 375 368 381 377 379 378 376 380 812 374 372 373 369 371 370 357 392 561 388 361 359 360 581 391 358 390 389 536 386 362 387 384 385 365 813 383 367 382 366 364 363 393 792 793 355 356 
7
812 374 372 373 369 371 370 
5
813 383 367 382 366 
