15
707 943 829 826 664 872 602 790 642 769 701 907 786 946 947 
948
1
0 
1
1 
1
2 
1
3 
1
4 
1
5 
1
6 
1
7 
1
8 
1
9 
1
10 
1
11 
1
12 
5
13 11 12 14 10 
1
14 
1
15 
1
16 
1
17 
1
18 
1
19 
1
20 
1
21 
1
22 
1
23 
1
24 
1
25 
1
26 
1
27 
1
28 
1
29 
2
30 29 
4
31 28 30 29 
1
32 
2
33 34 
1
34 
1
35 
1
36 
1
37 
1
38 
1
39 
11
40 41 939 945 548 549 941 42 942 550 940 
1
41 
1
42 
2
43 44 
1
44 
1
45 
2
46 47 
1
47 
1
48 
1
49 
1
50 
1
51 
2
52 53 
1
53 
2
54 55 
1
55 
1
56 
1
57 
1
58 
1
59 
1
60 
1
61 
1
62 
1
63 
2
64 63 
1
65 
1
66 
1
67 
1
68 
1
69 
1
70 
1
71 
1
72 
1
73 
1
74 
1
75 
2
76 75 
1
77 
1
78 
2
79 80 
1
80 
1
81 
1
82 
2
83 82 
1
84 
1
85 
1
86 
2
87 88 
1
88 
1
89 
1
90 
1
91 
2
92 93 
1
93 
1
94 
2
95 96 
1
96 
1
97 
1
98 
1
99 
1
100 
1
101 
5
102 106 103 104 105 
3
103 104 105 
1
104 
1
105 
1
106 
2
107 108 
1
108 
1
109 
1
110 
1
111 
1
112 
20
113 157 758 761 759 171 935 169 159 170 158 168 167 162 163 166 165 164 161 160 
2
114 115 
1
115 
1
116 
1
117 
1
118 
1
119 
1
120 
1
121 
2
122 121 
4
123 120 122 121 
1
124 
2
125 126 
1
126 
1
127 
1
128 
1
129 
1
130 
1
131 
1
132 
1
133 
1
134 
1
135 
1
136 
1
137 
1
138 
1
139 
4
140 142 139 141 
1
141 
1
142 
6
143 138 140 142 139 141 
1
144 
1
145 
1
146 
1
147 
1
148 
1
149 
2
150 149 
2
151 152 
1
152 
1
153 
1
154 
2
155 153 
1
156 
5
157 758 761 759 171 
1
158 
1
159 
1
160 
2
161 160 
1
162 
4
163 166 165 164 
1
164 
1
165 
1
166 
8
167 162 163 166 165 164 161 160 
1
168 
1
169 
1
170 
1
171 
1
172 
1
173 
1
174 
1
175 
1
176 
1
177 
1
178 
1
179 
1
180 
1
181 
1
182 
1
183 
1
184 
1
185 
1
186 
1
187 
1
188 
1
189 
1
190 
1
191 
1
192 
1
193 
1
194 
1
195 
1
196 
3
197 196 198 
1
198 
1
199 
1
200 
1
201 
2
202 203 
1
203 
1
204 
1
205 
1
206 
1
207 
1
208 
2
209 208 
1
210 
2
211 212 
1
212 
1
213 
1
214 
33
215 816 220 813 746 751 750 818 810 814 815 221 747 820 698 822 819 817 821 513 854 832 835 833 508 217 216 218 219 511 512 510 509 
1
216 
4
217 216 218 219 
2
218 219 
1
219 
1
220 
1
221 
2
222 223 
1
223 
1
224 
1
225 
1
226 
2
227 228 
1
228 
1
229 
1
230 
1
231 
1
232 
1
233 
1
234 
1
235 
2
236 235 
1
237 
1
238 
2
239 238 
1
240 
1
241 
1
242 
1
243 
1
244 
1
245 
1
246 
1
247 
1
248 
1
249 
1
250 
2
251 250 
1
252 
2
253 254 
1
254 
1
255 
1
256 
1
257 
1
258 
1
259 
2
260 259 
4
261 264 263 262 
1
262 
2
263 262 
1
264 
3
265 260 259 
6
266 279 280 768 282 281 
1
267 
1
268 
1
269 
1
270 
5
271 275 272 274 273 
3
272 274 273 
1
273 
1
274 
1
275 
7
276 270 271 275 272 274 273 
3
277 269 268 
11
278 267 277 269 268 266 279 280 768 282 281 
2
279 280 
1
280 
1
281 
1
282 
1
283 
2
284 285 
1
285 
1
286 
1
287 
2
288 287 
1
289 
1
290 
1
291 
1
292 
1
293 
2
294 295 
1
295 
1
296 
1
297 
1
298 
1
299 
2
300 299 
1
301 
1
302 
1
303 
1
304 
2
305 304 
1
306 
1
307 
1
308 
1
309 
2
310 309 
1
311 
1
312 
1
313 
1
314 
1
315 
1
316 
3
317 316 315 
1
318 
1
319 
1
320 
1
321 
1
322 
3
323 324 322 
1
324 
4
325 323 324 322 
1
326 
1
327 
2
328 801 
3
329 891 884 
1
330 
1
331 
1
332 
1
333 
2
334 335 
1
335 
3
336 334 335 
1
337 
1
338 
2
339 338 
1
340 
1
341 
2
342 341 
4
343 340 342 341 
1
344 
16
345 723 696 721 333 336 334 335 694 724 809 332 649 702 703 397 
1
346 
1
347 
1
348 
2
349 348 
1
350 
1
351 
8
352 350 351 349 348 353 354 355 
3
353 354 355 
2
354 355 
1
355 
1
356 
2
357 356 
1
358 
1
359 
1
360 
1
361 
1
362 
2
363 362 
1
364 
1
365 
2
366 365 
1
367 
1
368 
2
369 368 
1
370 
1
371 
1
372 
2
373 372 
1
374 
1
375 
6
376 374 375 373 372 377 
1
377 
1
378 
2
379 380 
1
380 
1
381 
5
382 385 384 383 386 
1
383 
2
384 383 
1
385 
1
386 
1
387 
17
388 395 394 791 666 381 387 382 385 384 383 386 389 392 393 390 391 
5
389 392 393 390 391 
2
390 391 
1
391 
1
392 
1
393 
1
394 
1
395 
1
396 
1
397 
1
398 
1
399 
1
400 
1
401 
1
402 
1
403 
2
404 403 
1
405 
2
406 407 
1
407 
1
408 
1
409 
1
410 
3
411 413 901 
1
412 
1
413 
1
414 
1
415 
1
416 
1
417 
1
418 
1
419 
1
420 
1
421 
1
422 
2
423 422 
1
424 
1
425 
1
426 
1
427 
2
428 427 
1
429 
1
430 
2
431 430 
1
432 
1
433 
2
434 433 
1
435 
2
436 437 
1
437 
1
438 
2
439 440 
1
440 
1
441 
1
442 
1
443 
1
444 
2
445 444 
2
446 447 
1
447 
3
448 446 447 
1
449 
3
450 462 449 
14
451 461 460 459 452 450 462 449 453 458 457 454 456 455 
1
452 
6
453 458 457 454 456 455 
1
454 
1
455 
2
456 455 
4
457 454 456 455 
1
458 
1
459 
3
460 459 452 
1
461 
1
462 
28
463 448 446 447 469 756 470 445 444 464 468 467 466 465 451 461 460 459 452 450 462 449 453 458 457 454 456 455 
5
464 468 467 466 465 
1
465 
1
466 
1
467 
1
468 
1
469 
1
470 
1
471 
1
472 
1
473 
2
474 473 
1
475 
1
476 
1
477 
1
478 
1
479 
2
480 481 
1
481 
1
482 
2
483 484 
1
484 
1
485 
1
486 
1
487 
1
488 
2
489 488 
1
490 
1
491 
1
492 
1
493 
1
494 
3
495 494 496 
1
496 
1
497 
1
498 
1
499 
10
500 904 614 900 410 409 411 413 901 412 
1
501 
1
502 
1
503 
1
504 
1
505 
1
506 
1
507 
1
508 
1
509 
2
510 509 
4
511 512 510 509 
1
512 
6
513 854 832 835 833 508 
1
514 
1
515 
2
516 515 
1
517 
1
518 
1
519 
1
520 
1
521 
1
522 
1
523 
2
524 525 
1
525 
1
526 
1
527 
1
528 
1
529 
1
530 
1
531 
2
532 531 
1
533 
2
534 535 
1
535 
1
536 
1
537 
1
538 
2
539 540 
1
540 
1
541 
1
542 
1
543 
1
544 
5
545 936 544 46 47 
1
546 
1
547 
1
548 
1
549 
1
550 
2
551 552 
1
552 
1
553 
1
554 
1
555 
1
556 
1
557 
1
558 
1
559 
1
560 
1
561 
1
562 
2
563 564 
1
564 
4
565 563 564 562 
1
566 
1
567 
1
568 
1
569 
1
570 
6
571 626 18 19 669 20 
50
572 575 647 658 7 788 17 16 697 9 8 15 13 11 12 14 10 678 576 679 4 3 5 803 6 573 574 648 577 2 580 578 579 677 581 1 593 594 0 583 591 592 582 584 590 585 589 588 586 587 
2
573 574 
1
574 
1
575 
1
576 
1
577 
1
578 
1
579 
2
580 578 
1
581 
1
582 
11
583 591 592 582 584 590 585 589 588 586 587 
7
584 590 585 589 588 586 587 
5
585 589 588 586 587 
2
586 587 
1
587 
1
588 
1
589 
1
590 
1
591 
1
592 
1
593 
2
594 0 
10
595 865 845 864 910 860 911 503 612 844 
1
596 
6
597 731 628 206 205 717 
1
598 
10
599 780 805 782 529 530 532 531 617 528 
1
600 
4
601 328 801 881 
45
602 886 883 885 909 914 913 502 859 601 801 881 891 884 895 893 882 799 841 862 922 224 613 863 921 225 866 858 595 865 845 864 910 860 911 503 612 844 912 847 504 505 811 223 843 
1
603 
2
604 897 
2
605 709 
4
606 734 359 360 
1
607 
6
608 662 186 187 185 188 
1
609 
1
610 
1
611 
2
612 844 
1
613 
1
614 
1
615 
5
616 116 156 114 115 
1
617 
5
618 286 284 285 257 
3
619 252 291 
12
620 296 247 294 295 771 293 249 248 292 251 250 
1
621 
32
622 700 86 930 183 928 181 182 925 180 926 89 87 88 623 927 178 177 179 929 91 90 870 94 92 93 869 868 176 175 95 96 
8
623 927 178 177 179 929 91 90 
5
624 419 420 777 493 
11
625 441 439 440 474 473 442 472 757 443 471 
3
626 18 19 
7
627 687 714 195 640 72 71 
3
628 206 205 
9
629 836 598 778 850 518 517 516 515 
3
630 875 876 
1
631 
1
632 
1
633 
5
634 193 671 194 192 
34
635 74 76 75 634 193 671 194 192 73 627 687 714 195 640 72 71 656 686 690 70 716 199 715 197 196 198 688 201 200 808 204 202 203 
3
636 77 78 
7
637 609 538 672 56 54 55 
3
638 52 53 
6
639 704 379 380 692 682 
3
640 72 71 
4
641 364 366 365 
43
642 243 242 301 241 302 784 303 240 673 245 298 297 246 300 299 244 785 306 237 307 305 304 239 238 877 308 236 235 878 234 233 310 309 620 296 247 295 248 312 665 311 232 
8
643 485 429 483 484 431 430 486 
7
644 432 482 480 481 434 433 
1
645 
2
646 314 
1
647 
23
648 577 2 580 578 579 677 581 1 593 594 0 583 591 592 582 584 590 585 589 588 586 587 
1
649 
6
650 659 213 211 212 735 
3
651 369 368 
1
652 
4
653 638 52 53 
14
654 541 610 542 783 50 51 49 539 540 653 638 52 53 
2
655 712 
17
656 686 690 70 716 199 715 197 196 198 688 201 200 808 204 202 203 
5
657 361 691 363 362 
5
658 7 788 17 16 
4
659 213 211 212 
7
660 81 79 80 652 661 189 
2
661 189 
5
662 186 187 185 188 
2
663 184 
56
664 84 663 184 85 608 662 186 187 185 188 83 82 670 191 607 190 636 77 78 660 81 79 80 652 661 189 622 700 86 930 183 928 181 182 925 180 926 89 87 88 623 927 178 177 179 929 91 90 92 76 75 193 194 192 93 
3
665 311 232 
1
666 
31
667 148 131 150 149 132 792 133 147 146 134 793 145 135 136 144 137 706 129 705 130 621 128 151 152 143 138 140 142 139 141 
56
668 155 153 773 127 775 117 774 616 116 156 114 115 873 119 124 125 126 772 118 123 120 122 121 154 667 148 131 150 149 132 792 133 147 146 134 793 145 135 136 144 137 706 129 705 130 621 128 151 152 143 138 140 142 139 141 
2
669 20 
14
670 191 607 190 636 77 78 660 81 79 80 652 661 189 
1
671 
4
672 56 54 55 
8
673 245 298 297 246 300 299 244 
3
674 795 326 
4
675 319 318 320 
1
676 
6
677 581 1 593 594 0 
8
678 576 679 4 3 5 803 6 
4
679 4 3 5 
22
680 371 370 378 787 367 651 369 368 681 804 633 641 364 366 365 376 374 375 373 372 377 
7
681 804 633 641 364 366 365 
1
682 
1
683 
2
684 533 
3
685 536 537 
1
686 
1
687 
7
688 201 200 808 204 202 203 
7
689 718 699 738 210 732 825 
2
690 70 
1
691 
2
692 682 
1
693 
2
694 724 
8
695 693 346 657 361 691 363 362 
2
696 721 
9
697 9 8 15 13 11 12 14 10 
2
698 822 
5
699 738 210 732 825 
2
700 86 
114
701 396 615 710 605 709 639 704 379 380 692 682 695 693 346 657 361 691 363 362 345 723 696 721 333 336 334 335 694 724 809 332 649 702 703 397 680 371 370 378 787 367 651 369 368 681 804 633 641 364 366 365 376 374 375 373 372 377 720 733 358 357 356 347 606 734 359 360 352 350 351 349 348 353 354 355 722 337 339 338 344 343 340 342 341 388 395 394 791 666 381 387 382 385 384 383 386 389 392 393 390 391 888 398 889 331 887 330 399 328 892 400 329 401 
3
702 703 397 
1
703 
1
704 
1
705 
8
706 129 705 130 621 128 151 152 
116
707 570 727 600 743 556 21 729 558 559 557 728 555 742 37 741 740 739 632 571 626 18 19 669 20 730 560 567 568 566 561 565 563 564 562 569 748 23 22 749 35 36 33 34 823 26 25 27 32 24 31 28 30 29 572 575 647 658 7 788 17 16 697 9 8 15 13 11 12 14 10 678 576 679 4 3 5 803 6 573 574 648 577 2 580 578 579 677 581 1 593 594 0 583 591 592 582 584 590 585 589 588 586 587 40 942 940 744 611 38 745 553 554 551 552 39 
7
708 675 319 318 320 645 676 
1
709 
1
710 
4
711 684 533 683 
1
712 
18
713 655 712 58 57 685 536 537 534 535 59 806 60 61 711 684 533 683 
2
714 195 
1
715 
6
716 199 715 197 196 198 
1
717 
1
718 
20
719 68 597 731 628 206 205 717 726 209 208 207 69 689 718 699 738 210 732 825 
18
720 733 358 357 356 347 606 734 359 360 352 350 351 349 348 353 354 355 
1
721 
9
722 337 339 338 344 343 340 342 341 
4
723 696 721 333 
1
724 
1
725 
4
726 209 208 207 
5
727 600 743 556 21 
8
728 555 742 37 741 740 739 632 
4
729 558 559 557 
11
730 560 567 568 566 561 565 563 564 562 569 
4
731 628 206 205 
2
732 825 
2
733 358 
2
734 359 
1
735 
5
736 725 214 752 753 
1
737 
2
738 210 
1
739 
3
740 739 632 
1
741 
3
742 37 741 
1
743 
9
744 611 38 745 553 554 551 552 39 
5
745 553 554 551 552 
1
746 
13
747 820 698 822 819 817 821 513 854 832 835 833 508 
18
748 23 22 749 35 36 33 34 823 26 25 27 32 24 31 28 30 29 
3
749 35 36 
1
750 
2
751 750 
2
752 753 
1
753 
1
754 
2
755 737 
4
756 470 445 444 
3
757 443 471 
1
758 
1
759 
11
760 762 763 172 112 871 596 765 867 174 173 
2
761 759 
1
762 
2
763 172 
2
764 98 
1
765 
8
766 109 100 107 108 101 99 110 
17
767 283 258 265 260 259 278 267 277 269 268 266 279 280 768 282 281 
3
768 282 281 
53
769 770 289 255 290 253 254 256 288 287 619 252 291 618 286 284 285 257 767 283 258 265 260 259 278 267 277 269 268 266 279 280 768 282 281 276 270 271 275 272 274 273 261 264 263 262 294 771 293 249 292 251 250 
2
770 289 
7
771 293 249 248 292 251 250 
1
772 
5
773 127 775 117 774 
1
774 
3
775 117 774 
12
776 492 421 879 490 424 425 489 488 491 423 422 
2
777 493 
1
778 
1
779 
1
780 
5
781 527 526 524 525 
7
782 529 530 532 531 617 528 
4
783 50 51 49 
3
784 303 240 
17
785 306 237 307 305 304 239 238 877 308 236 235 878 234 233 310 309 
55
480 434 932 438 933 475 476 436 437 931 479 435 934 477 478 625 441 439 440 474 473 442 472 757 443 471 463 448 446 447 469 756 470 445 444 464 468 467 466 465 451 461 460 459 452 450 462 449 453 458 457 454 456 455 433 
5
787 367 651 369 368 
3
788 17 16 
9
789 313 312 880 230 231 665 311 232 
45
790 229 646 314 317 316 315 708 675 319 318 320 645 676 919 920 603 674 795 326 794 321 325 323 324 322 227 228 796 915 797 327 916 917 798 800 918 923 802 226 789 313 880 230 231 
4
791 666 381 387 
5
792 133 147 146 134 
6
793 145 135 136 144 137 
6
794 321 325 323 324 322 
1
795 
12
796 915 797 327 916 917 798 800 918 923 802 226 
2
797 327 
2
798 800 
1
799 
1
800 
1
801 
1
802 
2
803 6 
1
804 
1
805 
7
806 60 61 711 684 533 683 
24
807 62 599 780 805 782 529 530 532 531 617 528 852 522 523 631 781 527 526 524 525 630 875 876 
4
808 204 202 203 
6
809 332 649 702 703 397 
4
810 814 815 221 
6
811 922 224 222 223 613 
1
812 
2
813 746 
3
814 815 221 
2
815 221 
2
816 220 
2
817 821 
5
818 810 814 815 221 
3
819 817 821 
1
820 
1
821 
1
822 
6
823 26 25 27 32 24 
7
824 650 659 213 211 212 735 
1
825 
62
735 736 725 214 752 753 215 816 220 813 746 751 750 818 810 814 815 221 747 820 698 822 819 817 821 854 832 835 833 508 217 216 218 219 509 737 853 831 222 840 839 812 846 842 857 507 856 838 510 506 754 830 834 755 855 514 824 731 825 513 511 512 
1
827 
1
828 
58
829 828 66 874 65 849 848 837 861 520 521 851 779 519 64 63 629 836 598 778 850 518 517 516 515 827 68 717 689 807 62 599 780 805 852 522 523 631 781 527 526 524 525 630 875 876 59 806 60 61 711 683 782 529 530 531 617 528 
2
830 834 
1
831 
1
832 
2
833 508 
1
834 
1
835 
1
836 
1
837 
5
838 853 831 855 514 
8
839 812 846 842 857 506 507 856 
14
840 843 912 847 504 505 839 812 846 842 857 506 507 856 
37
841 862 811 922 224 222 223 613 863 921 225 866 858 595 865 845 864 910 860 911 503 612 844 840 843 912 847 504 505 839 812 846 842 857 506 507 856 
1
842 
1
843 
1
844 
2
845 864 
6
846 842 857 506 507 856 
1
847 
1
848 
3
849 848 837 
5
850 518 517 516 515 
1
851 
12
852 522 523 631 781 527 526 524 525 630 875 876 
1
853 
1
854 
2
855 514 
1
856 
4
857 506 507 856 
1
858 
1
859 
1
860 
6
861 520 521 851 779 519 
1
862 
5
863 921 225 866 858 
1
864 
1
865 
2
866 858 
3
867 174 173 
3
868 176 175 
4
869 868 176 175 
10
870 94 92 93 869 868 176 175 95 96 
6
871 596 765 867 174 173 
113
872 111 764 98 97 766 109 100 107 108 101 99 110 760 762 763 172 112 871 596 765 867 174 173 113 157 758 761 759 171 935 169 159 170 158 168 167 162 163 166 165 164 161 160 102 106 103 104 105 668 155 153 773 127 775 117 774 616 116 156 114 115 873 119 124 125 126 772 118 123 120 122 121 154 667 148 131 150 149 132 792 133 147 146 134 793 145 135 136 144 137 706 129 705 130 621 128 151 152 143 138 140 142 139 141 870 94 869 868 175 95 96 176 
11
873 119 124 125 126 772 118 123 120 122 121 
22
874 65 849 848 837 861 520 521 851 779 519 64 63 629 836 598 778 850 518 517 516 515 
1
875 
1
876 
9
877 308 236 235 878 234 233 310 309 
3
878 234 233 
9
879 490 424 425 489 488 491 423 422 
3
880 230 231 
1
881 
2
882 799 
2
883 885 
1
884 
1
885 
1
886 
2
887 330 
7
888 398 889 331 887 330 399 
1
889 
2
890 402 
1
891 
10
892 400 329 891 884 895 893 401 882 799 
2
893 401 
2
894 405 
5
895 893 401 882 799 
5
896 404 403 894 405 
1
897 
6
898 903 899 408 406 407 
4
899 408 406 407 
2
900 410 
1
901 
1
902 
1
903 
5
904 614 900 410 409 
3
905 415 414 
3
906 417 418 
40
907 499 902 905 415 414 416 924 497 906 417 418 498 500 904 614 900 410 409 411 413 901 412 908 604 897 896 404 403 894 405 501 890 402 898 903 899 408 406 407 
17
908 604 897 896 404 403 894 405 501 890 402 898 903 899 408 406 407 
5
909 914 913 502 859 
6
910 860 911 503 612 844 
2
911 503 
4
912 847 504 505 
1
913 
1
914 
1
915 
4
916 917 798 800 
1
917 
4
918 923 802 226 
14
919 920 603 674 795 326 794 321 325 323 324 322 227 228 
5
920 603 674 795 326 
2
921 225 
4
922 224 222 223 
1
923 
14
924 497 495 494 496 906 417 418 624 419 420 777 493 498 
6
925 180 926 89 87 88 
4
926 89 87 88 
3
927 178 177 
3
928 181 182 
3
929 91 90 
2
930 183 
6
931 479 435 934 477 478 
24
932 438 933 475 476 436 437 931 479 435 934 477 478 625 441 439 440 474 473 442 472 757 443 471 
3
933 475 476 
3
934 477 478 
14
935 169 159 170 158 168 167 162 163 166 165 164 161 160 
1
936 
2
937 543 
48
938 937 543 48 545 936 544 46 47 654 541 610 542 783 50 51 49 539 540 653 638 52 53 637 609 538 672 56 54 55 713 655 712 58 57 685 536 537 534 535 59 806 60 61 711 684 533 683 
6
939 945 548 549 941 42 
1
940 
2
941 42 
3
942 550 940 
58
943 944 547 45 43 44 546 939 945 548 549 941 42 938 937 543 48 545 936 544 46 47 654 541 610 542 783 50 51 49 539 540 653 638 52 53 637 609 538 672 56 54 55 713 655 712 58 57 685 536 537 534 535 684 533 532 41 550 
2
944 547 
3
945 548 549 
38
946 495 496 624 420 493 786 487 427 485 483 431 486 432 481 492 879 424 489 491 422 494 419 777 426 428 643 429 484 430 644 482 776 421 490 425 488 423 
52
947 826 67 719 597 628 205 726 208 69 718 738 732 627 640 71 686 70 199 198 201 808 202 650 659 213 211 212 206 209 207 699 210 635 74 634 671 73 687 714 195 72 656 690 716 715 197 196 688 200 204 203 
