15
500 675 658 551 506 75 122 514 582 531 495 225 560 708 349 
713
1
0 
1
1 
1
2 
1
3 
1
4 
1
5 
2
6 7 
1
7 
1
8 
1
9 
1
10 
1
11 
1
12 
1
13 
3
14 15 13 
1
15 
1
16 
1
17 
1
18 
1
19 
1
20 
1
21 
1
22 
1
23 
1
24 
1
25 
1
26 
1
27 
1
28 
1
29 
1
30 
1
31 
2
32 33 
1
33 
1
34 
1
35 
1
36 
2
37 38 
1
38 
1
39 
1
40 
1
41 
1
42 
2
43 42 
1
44 
1
45 
1
46 
1
47 
2
48 47 
1
49 
1
50 
1
51 
1
52 
1
53 
1
54 
1
55 
1
56 
2
57 56 
1
58 
1
59 
1
60 
1
61 
1
62 
2
63 64 
1
64 
1
65 
1
66 
1
67 
1
68 
1
69 
1
70 
1
71 
1
72 
1
73 
1
74 
37
75 77 474 135 486 136 487 73 74 76 137 468 72 84 127 497 82 128 83 129 494 80 130 81 79 485 133 134 78 131 132 498 126 125 499 86 85 
1
76 
1
77 
1
78 
1
79 
1
80 
1
81 
1
82 
1
83 
1
84 
1
85 
1
86 
1
87 
2
88 87 
1
89 
1
90 
9
91 120 121 90 92 118 119 93 117 
5
92 118 119 93 117 
2
93 117 
2
94 116 
2
95 115 
1
96 
1
97 
1
98 
1
99 
11
100 110 101 109 108 102 107 103 106 104 105 
9
101 109 108 102 107 103 106 104 105 
1
102 
1
103 
1
104 
1
105 
3
106 104 105 
5
107 103 106 104 105 
7
108 102 107 103 106 104 105 
1
109 
1
110 
13
111 99 100 110 101 109 108 102 107 103 106 104 105 
2
112 98 
17
113 97 112 98 111 99 100 110 101 109 108 102 107 103 106 104 105 
23
114 96 95 115 94 116 113 97 112 98 111 99 100 110 101 109 108 102 107 103 106 104 105 
1
115 
1
116 
1
117 
1
118 
1
119 
1
120 
2
121 90 
38
122 89 88 87 123 124 91 120 121 90 92 118 119 93 117 114 96 95 115 94 116 113 97 112 98 111 99 100 110 101 109 108 102 107 103 106 104 105 
1
123 
1
124 
1
125 
1
126 
1
127 
1
128 
1
129 
1
130 
2
131 132 
1
132 
1
133 
1
134 
1
135 
1
136 
2
137 138 
1
138 
1
139 
1
140 
1
141 
2
142 143 
1
143 
1
144 
1
145 
1
146 
1
147 
1
148 
1
149 
1
150 
1
151 
1
152 
2
153 154 
1
154 
1
155 
1
156 
1
157 
2
158 157 
7
159 160 161 162 158 157 163 
2
160 161 
1
161 
1
162 
1
163 
1
164 
1
165 
1
166 
1
167 
2
168 167 
1
169 
1
170 
2
171 170 
1
172 
1
173 
3
174 173 175 
1
175 
1
176 
1
177 
1
178 
2
179 178 
1
180 
1
181 
1
182 
1
183 
1
184 
1
185 
1
186 
1
187 
1
188 
1
189 
1
190 
5
191 190 193 192 189 
1
192 
2
193 192 
8
194 191 190 193 192 189 195 196 
2
195 196 
1
196 
2
197 198 
1
198 
1
199 
1
200 
1
201 
1
202 
1
203 
1
204 
1
205 
1
206 
1
207 
1
208 
2
209 210 
1
210 
1
211 
1
212 
4
213 686 212 214 
1
214 
1
215 
1
216 
1
217 
1
218 
1
219 
1
220 
1
221 
1
222 
6
223 270 224 269 222 271 
2
224 269 
35
264 230 263 262 231 261 232 233 260 259 234 258 235 236 257 237 256 238 239 255 242 252 241 253 254 240 251 243 244 250 245 249 248 246 247 
1
226 
1
227 
1
228 
1
229 
2
230 263 
1
231 
1
232 
2
233 260 
1
234 
1
235 
1
236 
1
237 
1
238 
2
239 255 
1
240 
2
241 253 
15
242 252 241 253 254 240 251 243 244 250 245 249 248 246 247 
1
243 
7
244 250 245 249 248 246 247 
5
245 249 248 246 247 
1
246 
1
247 
3
248 246 247 
1
249 
1
250 
9
251 243 244 250 245 249 248 246 247 
1
252 
1
253 
2
254 240 
1
255 
4
256 238 239 255 
21
257 237 256 238 239 255 242 252 241 253 254 240 251 243 244 250 245 249 248 246 247 
3
258 235 236 
5
259 234 258 235 236 
1
260 
9
261 232 233 260 259 234 258 235 236 
2
262 231 
1
263 
6
264 229 230 263 262 231 
6
265 228 266 227 267 226 
4
266 227 267 226 
2
267 226 
1
268 
1
269 
1
270 
1
271 
1
272 
1
273 
4
274 276 275 277 
1
275 
3
276 275 277 
1
277 
1
278 
1
279 
2
280 281 
1
281 
1
282 
1
283 
1
284 
1
285 
1
286 
1
287 
1
288 
1
289 
1
290 
1
291 
2
292 291 
1
293 
1
294 
2
295 294 
1
296 
2
297 653 
1
298 
1
299 
1
300 
1
301 
1
302 
1
303 
2
304 305 
1
305 
1
306 
1
307 
1
308 
2
309 308 
1
310 
1
311 
2
312 311 
1
313 
1
314 
1
315 
1
316 
1
317 
1
318 
1
319 
1
320 
1
321 
1
322 
1
323 
1
324 
1
325 
1
326 
1
327 
1
328 
2
329 330 
1
330 
1
331 
1
332 
1
333 
1
334 
1
335 
1
336 
1
337 
1
338 
1
339 
1
340 
1
341 
1
342 
1
343 
1
344 
1
345 
1
346 
1
347 
1
348 
31
349 353 354 501 360 355 358 356 357 359 352 350 351 341 646 344 343 364 365 691 690 342 366 345 363 597 362 346 347 361 348 
1
350 
1
351 
3
352 350 351 
1
353 
1
354 
5
355 358 356 357 359 
1
356 
1
357 
4
358 356 357 359 
1
359 
1
360 
1
361 
1
362 
1
363 
2
364 365 
1
365 
1
366 
1
367 
2
368 369 
1
369 
1
370 
2
371 372 
1
372 
1
373 
1
374 
1
375 
1
376 
1
377 
1
378 
2
379 378 
1
380 
1
381 
1
382 
1
383 
1
384 
2
385 386 
1
386 
1
387 
1
388 
1
389 
1
390 
1
391 
3
392 391 393 
1
393 
1
394 
1
395 
1
396 
45
397 555 553 554 544 622 630 549 546 454 541 52 51 548 538 53 550 552 626 654 655 299 623 300 685 297 653 298 455 558 556 456 656 301 624 444 396 625 628 303 302 629 306 304 305 
1
398 
1
399 
1
400 
2
401 400 
1
402 
1
403 
1
404 
2
405 406 
1
406 
1
407 
1
408 
1
409 
1
410 
1
411 
1
412 
2
413 412 
1
414 
1
415 
1
416 
1
417 
1
418 
1
419 
1
420 
1
421 
1
422 
1
423 
1
424 
1
425 
1
426 
1
427 
1
428 
1
429 
1
430 
1
431 
1
432 
1
433 
1
434 
1
435 
1
436 
1
437 
5
438 436 437 435 439 
1
439 
1
440 
5
441 2 442 0 1 
3
442 0 1 
1
443 
1
444 
1
445 
1
446 
28
447 670 402 401 400 661 34 32 33 35 660 36 37 38 663 674 404 403 665 31 669 407 448 666 30 29 405 406 
4
448 666 30 29 
13
449 696 25 26 27 671 411 410 667 668 409 28 408 
6
450 479 417 418 477 20 
3
451 565 315 
1
452 
3
453 703 382 
4
454 541 52 51 
1
455 
5
456 656 301 624 444 
4
457 635 492 166 
4
458 636 182 181 
1
459 
1
460 
1
461 
5
462 522 524 517 203 
20
463 680 290 609 289 599 600 530 603 598 616 62 61 63 64 601 446 464 614 60 
3
464 614 60 
5
465 505 509 511 148 
1
466 
1
467 
4
468 71 72 70 
5
469 141 142 143 140 
4
470 209 210 208 
9
471 18 19 478 419 17 489 421 420 
1
472 
12
473 482 156 164 155 159 160 161 162 158 157 163 
2
474 135 
7
475 217 278 274 276 275 277 
1
476 
2
477 20 
2
478 419 
2
479 417 
7
480 422 490 16 14 15 13 
5
481 165 493 590 595 
2
482 156 
1
483 
3
484 589 460 
6
485 133 134 78 131 132 
5
486 136 487 73 74 
2
487 73 
5
488 219 218 220 273 
3
489 421 420 
5
490 16 14 15 13 
12
491 12 496 424 423 480 422 490 16 14 15 13 
2
492 166 
1
493 
11
494 80 130 81 79 485 133 134 78 131 132 
29
495 272 221 488 219 218 220 273 475 217 274 276 275 277 225 268 223 270 224 269 222 271 265 228 266 227 267 226 229 
3
496 424 423 
16
497 82 128 83 129 494 80 130 81 79 485 133 134 78 131 132 
9
498 126 84 127 125 499 124 86 85 
4
499 124 86 85 
33
500 434 3 440 438 436 437 435 439 441 2 442 0 1 675 10 676 428 429 427 9 11 645 8 430 6 7 596 5 432 431 4 433 
2
501 360 
2
502 69 
11
503 139 502 69 137 138 468 71 72 70 68 
1
504 
1
505 
24
506 507 144 67 469 141 142 143 140 508 66 512 146 147 145 504 503 139 502 69 138 71 70 68 
2
507 144 
7
508 66 512 146 147 145 504 
1
509 
2
510 520 
2
511 148 
5
512 146 147 145 504 
13
513 149 518 516 510 520 681 288 528 619 521 519 287 
64
514 150 523 515 202 467 462 522 524 517 203 532 286 533 525 535 206 205 529 204 527 526 466 513 149 518 516 510 520 681 288 528 619 521 519 287 647 648 461 65 465 505 509 511 148 463 680 290 609 289 599 600 530 603 598 616 62 61 63 64 601 446 594 201 
2
515 202 
1
516 
1
517 
1
518 
1
519 
1
520 
2
521 519 
1
522 
1
523 
3
524 517 203 
1
525 
1
526 
3
527 526 466 
2
528 619 
2
529 204 
1
530 
27
531 534 207 285 470 209 210 208 688 687 211 284 694 282 280 281 692 215 693 279 216 213 686 212 214 283 278 
12
532 286 533 525 535 206 205 529 204 527 526 466 
7
533 525 535 206 205 529 204 
2
534 207 
3
535 206 205 
2
536 50 
5
537 49 46 48 47 
2
538 53 
3
539 536 50 
1
540 
3
541 52 51 
11
542 472 443 621 45 44 537 49 46 48 47 
4
543 657 43 42 
1
544 
19
545 547 540 539 536 50 659 398 542 472 443 621 45 44 537 49 46 48 47 
1
546 
5
547 540 539 536 50 
4
548 538 53 550 
10
549 546 454 541 52 51 548 538 53 550 
1
550 
63
551 649 684 296 683 608 602 651 615 613 57 56 650 610 618 617 55 54 682 293 292 291 679 295 294 678 652 604 612 607 605 606 611 58 59 554 544 622 630 546 454 541 52 51 548 538 53 550 654 655 299 623 300 685 297 653 298 455 656 301 464 614 60 
12
552 626 654 655 299 623 300 685 297 653 298 455 
1
553 
4
554 544 622 630 
1
555 
1
556 
1
557 
16
558 556 456 656 301 624 444 396 625 628 303 302 629 306 304 305 
1
559 
63
560 395 451 565 315 561 557 627 559 580 633 310 312 311 570 574 313 314 573 631 307 309 308 566 319 320 452 567 390 389 575 571 388 576 321 562 564 392 391 393 632 317 316 318 563 569 394 552 626 456 624 444 625 628 303 302 629 306 304 305 568 387 572 
18
561 557 627 559 580 633 310 312 311 570 574 313 314 573 631 307 309 308 
12
562 564 392 391 393 632 317 316 318 563 569 394 
3
563 569 394 
1
564 
2
565 315 
24
566 319 320 452 567 390 389 575 571 388 576 321 562 564 392 391 393 632 317 316 318 563 569 394 
3
567 390 389 
4
568 387 385 386 
2
569 394 
4
570 574 313 314 
2
571 388 
3
572 322 323 
5
573 631 307 309 308 
3
574 313 314 
5
575 571 388 576 321 
2
576 321 
14
577 578 324 325 579 384 383 568 387 385 386 572 322 323 
2
578 324 
3
579 384 383 
14
580 633 310 312 311 570 574 313 314 573 631 307 309 308 
5
581 326 453 703 382 
87
582 593 459 197 198 643 591 187 583 584 484 589 460 481 165 493 590 595 473 482 156 164 155 159 160 161 162 158 157 163 592 642 184 183 185 634 186 445 457 635 492 166 639 640 169 168 167 171 170 458 636 182 181 641 172 638 176 174 173 175 637 180 179 178 177 644 188 476 194 191 190 193 192 189 195 196 587 152 586 200 199 588 585 483 153 154 151 
10
583 584 484 589 460 481 165 493 590 595 
1
584 
1
585 
2
586 200 
13
587 152 586 200 199 588 585 483 153 154 151 594 201 
5
588 585 483 153 154 
1
589 
2
590 595 
1
591 
35
592 642 184 183 185 634 186 445 457 635 492 166 639 640 169 168 167 171 170 458 636 182 181 641 172 638 176 174 173 175 637 180 179 178 177 
1
593 
2
594 201 
1
595 
6
596 5 432 431 4 433 
6
597 362 346 347 361 348 
1
598 
3
599 600 530 
1
600 
5
601 446 464 614 60 
12
602 651 615 613 57 56 650 610 618 617 55 54 
12
603 598 616 62 61 63 64 601 446 464 614 60 
8
604 612 607 605 606 611 58 59 
1
605 
4
606 611 58 59 
2
607 605 
1
608 
1
609 
1
610 
3
611 58 59 
1
612 
1
613 
2
614 60 
4
615 613 57 56 
3
616 62 61 
1
617 
4
618 617 55 54 
1
619 
6
620 662 39 664 40 41 
3
621 45 44 
2
622 630 
1
623 
1
624 
8
625 628 303 302 629 306 304 305 
1
626 
2
627 559 
2
628 303 
4
629 306 304 305 
1
630 
4
631 307 309 308 
4
632 317 316 318 
4
633 310 312 311 
1
634 
1
635 
3
636 182 181 
5
637 180 179 178 177 
2
638 176 
23
639 640 169 168 167 171 170 458 636 182 181 641 172 638 176 174 173 175 637 180 179 178 177 
6
640 169 168 167 171 170 
12
641 172 638 176 174 173 175 637 180 179 178 177 
4
642 184 183 185 
3
643 591 187 
11
644 188 476 194 191 190 193 192 189 195 196 
11
645 8 430 6 7 596 5 432 431 4 433 
17
646 344 343 364 365 691 690 342 366 345 363 597 362 346 347 361 348 
29
647 648 461 65 465 505 509 511 148 463 680 290 609 289 599 600 530 603 598 616 62 61 63 64 601 446 464 614 60 
1
648 
1
649 
6
650 610 618 617 55 54 
1
651 
1
652 
1
653 
5
654 655 299 623 300 
2
655 299 
2
656 301 
1
657 
66
658 543 657 43 42 620 662 39 664 40 41 673 399 672 545 547 540 539 536 50 659 398 542 472 443 621 45 44 537 49 46 48 47 447 670 402 401 400 661 34 32 33 35 660 36 37 38 663 674 404 403 665 31 669 448 666 30 405 406 397 555 553 549 558 556 396 
2
659 398 
4
660 36 37 38 
5
661 34 32 33 35 
2
662 39 
6
663 674 404 403 665 31 
3
664 40 41 
2
665 31 
1
666 
5
667 668 409 28 408 
2
668 409 
8
669 407 448 666 30 29 405 406 
4
670 402 401 400 
3
671 411 410 
1
672 
3
673 399 672 
3
674 404 403 
58
677 426 425 491 12 496 424 423 480 422 490 16 14 15 13 471 18 19 478 419 17 489 421 420 695 24 23 697 22 21 699 415 416 450 479 417 418 477 20 698 414 413 412 449 696 25 26 27 671 411 410 667 668 409 28 408 407 29 
4
676 428 429 427 
3
677 426 425 
2
678 652 
1
679 
2
680 290 
7
681 288 528 619 521 519 287 
17
682 293 292 291 679 295 294 678 652 604 612 607 605 606 611 58 59 
1
683 
4
684 296 683 608 
5
685 297 653 298 455 
1
686 
1
687 
4
688 687 211 284 
39
689 341 367 340 706 705 339 370 368 369 704 337 338 336 712 373 374 710 335 334 371 372 646 344 343 364 365 691 690 342 366 345 363 597 362 346 347 361 348 
1
690 
4
691 690 342 366 
2
692 215 
2
693 279 
14
694 282 280 281 692 215 693 279 216 213 686 212 214 283 
32
695 24 23 697 22 21 699 415 416 450 479 417 418 477 20 698 414 413 412 449 696 25 26 27 671 411 410 667 668 409 28 408 
4
696 25 26 27 
3
697 22 21 
4
698 414 413 412 
3
699 415 416 
6
700 701 328 327 329 330 
5
701 328 327 329 330 
22
702 380 381 581 326 453 703 382 577 578 324 325 579 384 383 568 387 385 386 572 322 323 
2
703 382 
4
704 337 338 336 
2
705 339 
10
706 705 339 370 368 369 704 337 338 336 
4
707 711 333 375 
58
708 377 376 379 378 700 701 328 327 329 330 709 331 332 707 711 333 375 702 380 381 581 326 453 703 382 577 578 324 325 579 384 383 385 386 322 323 689 367 340 706 705 339 370 368 369 704 337 338 336 712 373 374 710 335 334 371 372 
7
709 331 332 707 711 333 375 
3
710 335 334 
2
711 333 
8
712 373 374 710 335 334 371 372 
