15
494 483 456 579 93 95 192 264 250 338 339 643 644 645 646 
647
1
0 
1
1 
1
2 
1
3 
1
4 
4
5 4 3 6 
1
6 
1
7 
1
8 
1
9 
1
10 
1
11 
1
12 
1
13 
2
14 13 
4
15 12 493 434 
1
16 
2
17 429 
2
18 428 
1
19 
1
20 
1
21 
1
22 
2
23 22 
1
24 
1
25 
1
26 
2
27 28 
1
28 
3
29 27 28 
1
30 
1
31 
1
32 
1
33 
1
34 
1
35 
1
36 
1
37 
1
38 
1
39 
1
40 
2
41 40 
1
42 
1
43 
1
44 
1
45 
2
46 47 
1
47 
1
48 
1
49 
1
50 
3
51 53 52 
1
52 
2
53 52 
1
54 
1
55 
3
56 58 57 
1
57 
1
58 
1
59 
4
60 59 62 61 
1
61 
2
62 61 
1
63 
1
64 
1
65 
1
66 
1
67 
1
68 
1
69 
1
70 
1
71 
1
72 
1
73 
1
74 
1
75 
1
76 
1
77 
2
78 77 
1
79 
1
80 
1
81 
13
82 142 143 590 144 81 80 511 79 147 145 146 148 
10
83 141 84 140 139 85 138 86 137 87 
2
84 140 
1
85 
1
86 
1
87 
1
88 
1
89 
1
90 
1
91 
2
92 132 
35
93 131 94 130 92 132 135 89 136 88 134 90 133 91 83 141 84 140 139 85 138 86 137 87 82 142 143 590 144 81 80 79 145 95 129 
2
94 130 
34
96 128 127 97 126 98 125 124 107 100 479 99 123 108 122 102 106 105 103 104 101 109 120 121 119 110 118 113 112 111 115 117 114 116 
3
96 128 127 
2
97 126 
3
98 125 124 
1
99 
1
100 
1
101 
6
102 106 105 103 104 101 
2
103 104 
1
104 
3
105 103 104 
1
106 
7
107 100 479 99 123 108 122 
2
108 122 
13
109 120 121 119 110 118 113 112 111 115 117 114 116 
1
110 
1
111 
1
112 
2
113 112 
1
114 
4
115 117 114 116 
1
116 
1
117 
8
118 113 112 111 115 117 114 116 
2
119 110 
2
120 121 
1
121 
1
122 
1
123 
1
124 
1
125 
1
126 
1
127 
1
128 
1
129 
1
130 
1
131 
1
132 
2
133 91 
4
134 90 133 91 
8
135 89 136 88 134 90 133 91 
2
136 88 
2
137 87 
4
138 86 137 87 
2
139 85 
1
140 
1
141 
1
142 
1
143 
1
144 
2
145 146 
1
146 
1
147 
1
148 
1
149 
1
150 
1
151 
2
152 151 
1
153 
1
154 
1
155 
1
156 
1
157 
1
158 
1
159 
1
160 
1
161 
1
162 
1
163 
4
164 166 165 167 
1
165 
1
166 
1
167 
1
168 
4
169 518 520 173 
3
170 172 171 
1
171 
1
172 
1
173 
1
174 
1
175 
1
176 
1
177 
4
178 176 177 175 
4
179 562 475 174 
1
180 
1
181 
1
182 
5
183 181 184 185 182 
2
184 185 
1
185 
1
186 
1
187 
2
188 187 
1
189 
2
190 189 
3
191 188 187 
54
192 560 607 191 188 187 495 563 180 606 186 183 181 184 185 182 577 510 588 162 608 609 455 561 179 562 475 174 169 518 520 173 178 176 177 175 519 168 466 163 164 166 165 167 170 172 171 190 189 193 587 161 576 160 
21
193 194 570 453 587 161 576 160 585 586 159 566 571 195 582 569 497 583 158 575 573 
1
194 
1
195 
1
196 
1
197 
1
198 
3
199 198 197 
1
200 
1
201 
1
202 
1
203 
1
204 
1
205 
1
206 
1
207 
2
208 207 
1
209 
1
210 
1
211 
1
212 
1
213 
2
214 273 
1
215 
1
216 
1
217 
1
218 
1
219 
1
220 
1
221 
1
222 
1
223 
1
224 
1
225 
1
226 
1
227 
1
228 
2
229 258 
4
230 257 229 258 
1
231 
1
232 
5
233 254 234 255 232 
1
234 
1
235 
2
236 237 
1
237 
14
238 236 237 249 248 243 247 244 245 246 239 242 240 241 
4
239 242 240 241 
1
240 
1
241 
3
242 240 241 
5
243 247 244 245 246 
3
244 245 246 
1
245 
1
246 
1
247 
1
248 
2
249 248 
37
250 472 235 253 256 231 230 257 229 258 233 254 234 255 232 251 252 238 236 237 249 248 243 247 244 245 246 239 242 240 241 226 260 227 259 228 261 
2
251 252 
1
252 
1
253 
1
254 
2
255 232 
11
256 231 230 257 229 258 233 254 234 255 232 
1
257 
1
258 
2
259 228 
2
260 227 
4
261 226 260 227 
10
262 225 263 224 261 226 260 227 259 228 
2
263 224 
35
264 223 222 266 220 265 221 267 219 268 218 271 217 269 270 272 215 216 214 273 642 211 275 276 210 277 212 274 213 641 278 262 225 263 224 
2
265 221 
4
266 220 265 221 
4
267 219 268 218 
2
268 218 
2
269 270 
1
270 
9
271 217 269 270 272 215 216 214 273 
5
272 215 216 214 273 
1
273 
2
274 213 
1
275 
1
276 
1
277 
1
278 
1
279 
1
280 
1
281 
1
282 
1
283 
3
284 471 283 
1
285 
1
286 
1
287 
1
288 
1
289 
1
290 
1
291 
1
292 
2
293 294 
1
294 
3
295 293 294 
1
296 
5
297 295 293 294 296 
1
298 
1
299 
1
300 
1
301 
3
302 301 303 
1
303 
1
304 
1
305 
1
306 
1
307 
1
308 
1
309 
1
310 
1
311 
1
312 
2
313 312 
1
314 
1
315 
1
316 
2
317 318 
1
318 
1
319 
1
320 
1
321 
1
322 
19
323 392 393 394 322 625 395 321 320 473 399 398 317 318 624 319 397 396 316 
1
324 
1
325 
3
326 327 328 
1
327 
1
328 
1
329 
1
330 
1
331 
1
332 
1
333 
1
334 
1
335 
1
336 
1
337 
50
515 333 382 334 381 332 514 331 385 330 383 384 391 324 390 517 325 389 474 388 329 326 327 328 386 387 323 392 393 394 322 625 395 321 320 473 399 398 317 318 624 319 397 396 316 315 400 516 335 380 
52
339 377 374 376 481 373 524 372 345 525 344 340 342 341 343 375 526 346 371 370 635 369 347 634 359 368 348 636 360 367 365 366 363 362 364 361 637 351 357 349 350 358 355 353 354 352 356 338 378 379 337 336 
1
340 
1
341 
3
342 341 343 
1
343 
1
344 
1
345 
1
346 
1
347 
1
348 
2
349 350 
1
350 
1
351 
1
352 
1
353 
1
354 
5
355 353 354 352 356 
1
356 
1
357 
1
358 
1
359 
1
360 
1
361 
1
362 
4
363 362 364 361 
1
364 
2
365 366 
1
366 
1
367 
1
368 
1
369 
1
370 
1
371 
1
372 
1
373 
2
374 376 
1
375 
1
376 
1
377 
1
378 
3
379 337 336 
1
380 
1
381 
1
382 
2
383 384 
1
384 
1
385 
2
386 387 
1
387 
1
388 
1
389 
1
390 
14
391 324 390 517 325 389 474 388 329 326 327 328 386 387 
1
392 
2
393 394 
1
394 
1
395 
1
396 
1
397 
1
398 
1
399 
1
400 
1
401 
1
402 
2
403 613 
1
404 
1
405 
1
406 
1
407 
1
408 
1
409 
1
410 
1
411 
1
412 
1
413 
9
414 32 33 413 623 34 412 411 35 
31
415 31 414 32 33 413 623 34 412 411 35 619 408 38 407 37 409 622 36 410 620 621 39 406 41 40 595 43 42 470 405 
1
416 
1
417 
1
418 
1
419 
1
420 
1
421 
1
422 
1
423 
1
424 
1
425 
1
426 
1
427 
1
428 
1
429 
1
430 
3
431 433 432 
1
432 
1
433 
1
434 
1
435 
1
436 
1
437 
1
438 
1
439 
1
440 
1
441 
2
442 441 
1
443 
2
444 445 
1
445 
7
446 443 444 445 442 441 447 
1
447 
1
448 
1
449 
1
450 
10
451 2 5 4 3 6 450 452 0 1 
3
452 0 1 
1
453 
2
454 508 
10
455 561 179 562 475 174 169 518 520 173 
42
456 536 489 538 461 533 527 64 65 532 482 63 62 546 549 543 548 291 541 290 545 542 292 293 537 539 603 614 612 604 535 462 534 550 551 555 61 537 539 544 544 294 
22
457 500 153 505 70 71 152 151 589 73 72 501 506 507 150 75 74 468 76 149 78 77 
7
458 531 476 48 591 46 47 
4
459 568 201 565 
6
460 502 584 156 157 155 
5
461 533 527 64 65 
1
462 
4
463 544 556 299 
6
464 486 478 51 53 52 
1
465 
1
466 
1
467 
5
468 76 149 78 77 
3
469 26 418 
1
470 
1
471 
3
472 235 253 
10
473 399 398 317 318 624 319 397 396 316 
8
474 388 329 326 327 328 386 387 
2
475 174 
5
476 48 591 46 47 
1
477 
4
478 51 53 52 
3
479 99 123 
3
480 449 7 
2
481 373 
2
482 63 
53
483 416 30 417 29 27 28 469 26 418 615 24 421 25 616 419 420 425 20 617 21 424 423 23 22 422 415 31 414 32 33 413 623 34 412 411 35 619 408 38 407 37 409 622 36 410 620 621 39 406 40 618 426 
3
484 487 54 
1
485 
1
486 
2
487 54 
11
488 55 482 63 60 59 62 61 56 58 57 
2
489 538 
1
490 
5
491 485 50 49 490 
1
492 
1
493 
53
494 430 16 15 12 493 434 558 436 10 11 435 431 433 432 14 13 559 438 437 9 8 439 523 440 448 522 480 449 7 446 443 444 445 442 441 447 451 2 5 4 3 6 450 452 0 1 427 19 18 428 17 429 
5
495 563 180 606 186 
1
496 
5
497 583 158 575 573 
3
498 499 154 
2
499 154 
2
500 153 
1
501 
1
502 
1
503 
11
504 69 498 499 154 460 502 584 156 157 155 
3
505 70 71 
10
506 507 150 75 74 468 76 149 78 77 
1
507 
1
508 
5
509 503 68 454 508 
1
510 
6
511 79 147 145 146 148 
1
512 
23
513 203 512 202 285 204 284 471 283 639 205 640 282 281 638 280 206 554 286 459 568 201 565 
6
514 331 385 330 383 384 
9
515 333 382 334 381 516 335 380 332 
3
516 335 380 
3
517 325 389 
1
518 
8
519 168 466 163 164 166 165 167 
2
520 173 
1
521 
1
522 
14
523 440 448 522 480 449 7 446 443 444 445 442 441 447 
6
524 372 345 525 344 340 
3
525 344 340 
31
526 346 371 370 635 369 347 634 359 368 348 636 360 367 365 366 363 362 364 361 637 351 357 349 350 358 355 353 354 352 356 
3
527 64 65 
1
528 
7
529 66 477 67 604 535 528 
1
530 
1
531 
11
532 492 484 487 54 464 486 478 51 53 52 
1
533 
2
534 550 
2
535 528 
1
536 
21
537 539 540 530 463 544 556 299 597 598 600 306 599 305 557 304 300 467 302 301 303 
1
538 
1
539 
2
540 530 
1
541 
2
542 292 
1
543 
1
544 
1
545 
17
546 549 543 548 291 541 290 547 545 298 542 292 297 295 293 294 296 
5
547 545 298 542 292 
3
548 291 541 
2
549 543 
1
550 
1
551 
1
552 
8
553 289 551 288 555 462 534 550 
6
554 286 459 568 201 565 
2
555 462 
2
556 299 
4
557 304 300 467 
5
558 436 10 11 435 
30
559 438 437 9 8 439 523 440 448 522 480 449 7 446 443 444 445 442 441 447 451 2 5 4 3 6 450 452 0 1 
2
560 607 
1
561 
1
562 
1
563 
8
564 196 200 578 496 567 572 581 
1
565 
10
566 571 195 582 569 497 583 158 575 573 
1
567 
2
568 201 
1
569 
9
570 453 587 161 576 160 585 586 159 
1
571 
2
572 581 
1
573 
15
574 605 552 287 564 196 200 578 496 567 572 581 199 198 197 
2
575 573 
1
576 
28
577 510 588 162 608 609 455 561 179 562 475 174 169 518 520 173 178 176 177 175 519 168 466 163 164 166 165 167 
5
578 496 567 572 581 
26
579 580 611 610 454 574 552 578 496 572 581 194 570 453 585 566 571 195 582 569 497 575 573 567 477 586 
1
580 
1
581 
2
582 569 
2
583 158 
4
584 156 157 155 
3
585 586 159 
2
586 159 
4
587 161 576 160 
2
588 162 
4
589 73 72 501 
4
590 144 81 80 
1
591 
3
592 403 613 
13
593 404 594 45 44 521 458 531 476 48 591 46 47 
3
594 45 44 
4
595 43 42 470 
0

10
597 598 600 306 599 305 557 304 300 467 
1
598 
1
599 
4
600 306 599 305 
9
601 465 633 602 308 307 592 403 613 
3
602 308 307 
18
603 614 612 529 66 477 67 604 535 528 553 289 551 288 555 462 534 550 
1
604 
3
605 552 287 
2
606 186 
1
607 
2
608 609 
1
609 
1
610 
2
611 610 
1
612 
1
613 
1
614 
7
615 24 421 25 616 419 420 
3
616 419 420 
7
617 21 424 423 23 22 422 
17
618 426 425 20 427 19 18 428 17 429 617 21 424 423 23 22 422 
9
619 408 38 407 37 409 622 36 410 
11
620 621 39 406 41 40 595 43 42 470 405 
2
621 39 
3
622 36 410 
5
623 34 412 411 35 
4
624 319 397 396 
4
625 395 321 320 
6
626 631 311 310 313 312 
5
627 628 630 309 402 
3
628 630 309 
17
629 632 315 314 401 400 626 631 311 310 313 312 627 628 630 309 402 
2
630 309 
5
631 311 310 313 312 
3
632 315 314 
4
633 602 308 307 
13
634 359 368 348 636 360 367 365 366 363 362 364 361 
3
635 369 347 
9
636 360 367 365 366 363 362 364 361 
11
637 351 357 349 350 358 355 353 354 352 356 
3
638 280 206 
8
639 205 640 282 281 638 280 206 
2
640 282 
6
641 278 209 279 208 207 
15
642 211 275 276 210 277 212 274 213 641 278 209 279 208 207 
39
643 605 287 196 199 197 553 513 512 285 284 283 205 282 206 286 568 565 564 200 198 289 288 203 202 471 554 459 201 209 279 208 207 204 639 640 281 638 280 
49
644 509 68 508 69 499 460 584 157 529 528 457 153 70 152 589 72 503 504 498 154 502 156 155 66 67 500 505 71 501 159 583 158 511 147 146 148 151 73 506 507 150 75 74 468 76 149 77 78 
60
645 596 601 633 308 592 613 404 45 521 531 48 46 556 597 600 599 557 300 302 303 314 626 311 313 627 630 402 296 299 304 301 598 305 467 631 310 312 628 309 298 297 463 530 306 547 295 463 556 299 557 304 300 467 302 301 303 632 629 401 
77
646 487 464 478 52 55 56 491 490 602 403 594 458 591 41 595 42 484 54 486 53 59 58 57 50 465 307 593 44 476 47 43 470 488 51 485 49 492 540 60 596 491 485 50 49 490 601 465 633 602 308 307 592 403 613 593 404 594 45 44 521 458 531 476 48 591 46 47 540 530 597 598 600 306 599 305 405 
