15
630 593 432 174 161 137 533 228 255 564 351 657 694 695 696 
697
1
0 
5
1 475 0 3 2 
1
2 
1
3 
1
4 
1
5 
1
6 
1
7 
1
8 
1
9 
1
10 
1
11 
2
12 13 
1
13 
1
14 
1
15 
1
16 
1
17 
1
18 
1
19 
1
20 
1
21 
1
22 
1
23 
1
24 
1
25 
2
26 27 
1
27 
1
28 
1
29 
1
30 
1
31 
1
32 
12
33 590 442 441 32 591 443 592 31 491 30 29 
1
34 
1
35 
1
36 
1
37 
1
38 
1
39 
1
40 
2
41 42 
1
42 
1
43 
1
44 
1
45 
1
46 
2
47 48 
1
48 
1
49 
1
50 
1
51 
1
52 
1
53 
1
54 
2
55 54 
1
56 
2
57 56 
1
58 
1
59 
1
60 
1
61 
1
62 
1
63 
1
64 
1
65 
1
66 
2
67 68 
1
68 
1
69 
1
70 
1
71 
1
72 
1
73 
1
74 
1
75 
3
76 77 75 
1
77 
1
78 
1
79 
6
80 621 616 613 610 612 
1
81 
1
82 
1
83 
2
84 85 
1
85 
1
86 
1
87 
1
88 
1
89 
1
90 
1
91 
9
92 162 163 91 646 90 164 166 165 
1
93 
1
94 
1
95 
1
96 
1
97 
2
98 157 
1
99 
2
100 155 
2
101 154 
2
102 153 
6
103 152 102 153 151 104 
1
104 
1
105 
1
106 
1
107 
6
108 147 109 146 110 145 
2
109 146 
2
110 145 
2
111 144 
1
112 
10
113 142 141 114 115 140 116 139 138 117 
1
114 
2
115 140 
4
116 139 138 117 
1
117 
1
118 
1
119 
1
120 
1
121 
5
122 126 129 127 128 
1
123 
1
124 
3
125 123 124 
1
126 
2
127 128 
1
128 
3
129 127 128 
13
130 120 121 131 119 122 126 129 127 128 125 123 124 
2
131 119 
1
132 
1
133 
1
134 
1
135 
4
136 135 134 133 
32
137 132 118 136 135 134 133 130 120 121 131 119 122 126 129 127 128 125 123 124 143 112 113 142 141 114 115 140 116 139 138 117 
2
138 117 
1
139 
1
140 
2
141 114 
1
142 
26
143 112 111 144 108 147 109 146 110 145 148 107 149 106 150 105 113 142 141 114 115 140 116 139 138 117 
1
144 
1
145 
1
146 
1
147 
6
148 107 149 106 150 105 
2
149 106 
2
150 105 
2
151 104 
1
152 
1
153 
1
154 
1
155 
12
156 99 100 155 101 154 103 152 102 153 151 104 
1
157 
4
158 97 98 157 
2
159 96 
3
160 94 95 
34
160 95 159 96 158 97 98 157 156 99 100 155 101 154 103 152 102 153 151 104 111 144 108 147 109 146 110 145 148 107 149 106 150 105 
1
162 
1
163 
1
164 
1
165 
2
166 165 
1
167 
1
168 
1
169 
1
170 
2
171 170 
1
172 
1
173 
47
633 611 557 477 554 555 536 621 616 613 610 612 496 556 537 518 614 521 632 631 617 619 640 618 478 489 511 632 631 617 619 640 618 478 489 511 505 510 505 510 503 503 634 315 500 500 615 
1
175 
1
176 
2
177 178 
1
178 
1
179 
2
180 181 
1
181 
1
182 
1
183 
30
184 186 187 516 191 515 531 534 535 201 206 484 200 199 205 204 203 202 514 192 530 198 193 194 195 196 197 188 189 190 
1
185 
1
186 
1
187 
3
188 189 190 
2
189 190 
1
190 
1
191 
1
192 
5
193 194 195 196 197 
1
194 
1
195 
2
196 197 
1
197 
1
198 
1
199 
2
200 199 
1
201 
1
202 
2
203 202 
1
204 
4
205 204 203 202 
1
206 
1
207 
3
208 517 532 
2
209 518 
2
210 211 
1
211 
3
212 210 211 
1
213 
1
214 
1
215 
2
216 217 
1
217 
1
218 
1
219 
1
220 
1
221 
1
222 
1
223 
1
224 
1
225 
1
226 
2
227 291 
34
228 290 229 289 231 286 287 230 288 285 232 233 278 239 279 238 280 237 236 282 281 235 283 284 234 240 277 241 276 275 242 243 227 291 
2
229 289 
2
230 288 
8
231 286 287 230 288 285 232 233 
1
232 
1
233 
1
234 
4
235 283 284 234 
3
236 282 281 
1
237 
1
238 
1
239 
20
240 277 241 276 275 242 274 243 272 246 271 247 270 273 244 245 248 269 249 268 
2
241 276 
1
242 
1
243 
1
244 
1
245 
1
246 
2
247 270 
4
248 269 249 268 
2
249 268 
1
250 
1
251 
1
252 
2
253 252 
4
254 251 253 252 
31
255 267 250 254 251 253 252 256 266 265 264 262 257 263 258 261 260 259 274 272 246 271 247 270 273 244 245 248 269 249 268 
11
256 266 265 264 262 257 263 258 261 260 259 
1
257 
4
258 261 260 259 
1
259 
1
260 
1
261 
1
262 
1
263 
4
264 262 257 263 
1
265 
2
266 265 
1
267 
1
268 
1
269 
1
270 
1
271 
12
272 246 271 247 270 273 244 245 248 269 249 268 
3
273 244 245 
2
274 243 
4
275 242 274 243 
1
276 
1
277 
13
278 239 279 238 280 237 236 282 281 235 283 284 234 
2
279 238 
2
280 237 
1
281 
1
282 
1
283 
2
284 234 
3
285 232 233 
1
286 
1
287 
1
288 
1
289 
1
290 
1
291 
2
292 226 
1
293 
1
294 
1
295 
1
296 
1
297 
1
298 
1
299 
1
300 
1
301 
2
302 301 
3
303 634 214 
1
304 
1
305 
1
306 
1
307 
2
308 309 
1
309 
4
310 311 308 309 
1
311 
1
312 
1
313 
1
314 
1
315 
1
316 
1
317 
2
318 317 
1
319 
1
320 
1
321 
1
322 
1
323 
1
324 
1
325 
1
326 
1
327 
1
328 
1
329 
1
330 
1
331 
1
332 
2
333 334 
1
334 
1
335 
1
336 
2
337 336 
1
338 
1
339 
1
340 
1
341 
1
342 
1
343 
2
344 345 
1
345 
1
346 
1
347 
6
348 688 691 424 422 423 
1
349 
1
350 
65
351 685 419 350 420 352 693 692 349 421 687 686 353 418 417 427 690 346 689 425 347 426 345 348 688 691 424 422 423 411 652 410 361 680 681 412 360 358 359 357 679 414 415 413 684 356 683 416 354 682 355 657 656 366 406 365 364 408 407 495 362 653 363 654 409 
1
352 
1
353 
3
354 682 355 
1
355 
1
356 
1
357 
3
358 359 357 
1
359 
1
360 
1
361 
9
362 411 652 410 361 653 363 654 409 
1
363 
1
364 
2
365 364 
1
366 
1
367 
1
368 
1
369 
1
370 
2
371 372 
1
372 
1
373 
1
374 
1
375 
2
376 377 
1
377 
1
378 
1
379 
1
380 
2
381 380 
1
382 
1
383 
6
384 383 382 385 381 380 
1
385 
1
386 
1
387 
1
388 
1
389 
4
390 391 388 389 
1
391 
1
392 
1
393 
1
394 
1
395 
2
396 395 
1
397 
1
398 
1
399 
1
400 
2
401 400 
1
402 
1
403 
1
404 
1
405 
1
406 
1
407 
3
408 407 495 
1
409 
1
410 
3
411 652 410 
1
412 
1
413 
1
414 
1
415 
1
416 
1
417 
1
418 
1
419 
1
420 
1
421 
2
422 423 
1
423 
1
424 
1
425 
1
426 
1
427 
1
428 
1
429 
1
430 
1
431 
75
486 595 599 62 63 498 322 538 321 605 64 606 522 603 607 320 604 609 65 600 601 69 67 68 481 567 318 317 525 316 608 66 602 550 319 526 70 553 71 509 551 552 315 314 72 313 324 323 526 553 509 551 527 485 507 528 488 527 73 485 507 528 508 488 74 506 312 310 311 552 508 506 70 71 72 
1
433 
1
434 
1
435 
1
436 
1
437 
1
438 
2
439 438 
1
440 
1
441 
1
442 
1
443 
2
444 445 
1
445 
1
446 
1
447 
1
448 
1
449 
1
450 
1
451 
2
452 451 
1
453 
1
454 
1
455 
1
456 
2
457 456 
1
458 
1
459 
1
460 
1
461 
2
462 461 
1
463 
1
464 
1
465 
1
466 
1
467 
1
468 
1
469 
1
470 
1
471 
4
472 470 471 469 
1
473 
1
474 
2
475 0 
1
476 
1
477 
1
478 
1
479 
1
480 
6
481 567 318 317 525 316 
1
482 
3
483 587 427 
3
484 200 199 
7
485 507 528 72 508 313 488 
6
486 595 596 599 62 63 
5
487 540 523 324 323 
1
488 
6
489 505 510 511 527 73 
2
490 182 
3
491 30 29 
6
492 7 467 6 5 466 
7
493 651 36 648 437 439 438 
10
494 453 21 22 675 450 677 23 452 451 
1
495 
15
496 556 537 209 518 614 175 176 212 210 211 521 177 178 179 
1
497 
9
498 322 538 539 321 605 64 606 522 
2
499 325 
10
500 307 306 506 312 503 310 311 308 309 
4
501 577 337 336 
15
502 4 474 504 468 473 472 470 471 469 1 475 0 3 2 
1
503 
3
504 468 473 
2
505 510 
3
506 312 503 
1
507 
3
508 313 488 
5
509 551 552 315 314 
1
510 
3
511 527 73 
1
512 
5
513 59 512 548 576 
9
514 192 530 198 193 194 195 196 197 
3
515 531 534 
2
516 191 
2
517 532 
1
518 
3
519 180 181 
7
520 519 180 181 208 517 532 
4
521 177 178 179 
1
522 
3
523 324 323 
20
524 549 499 325 669 668 670 332 333 334 671 335 666 331 667 329 328 330 327 326 
2
525 316 
16
526 70 553 71 509 551 552 315 314 485 507 528 72 508 313 488 
2
527 73 
2
528 72 
6
529 78 74 76 77 75 
2
530 198 
1
531 
1
532 
46
533 476 490 182 183 207 180 181 184 186 187 516 191 515 531 534 535 201 206 484 200 199 205 204 203 202 514 192 530 198 193 194 195 196 197 188 189 190 185 209 520 208 519 517 532 179 
1
534 
10
535 201 206 484 200 199 205 204 203 202 
1
536 
1
537 
1
538 
1
539 
1
540 
2
541 497 
4
542 546 559 543 
1
543 
9
544 545 541 497 487 540 523 324 323 
1
545 
1
546 
1
547 
2
548 576 
1
549 
1
550 
3
551 552 315 
2
552 315 
1
553 
4
554 555 213 536 
1
555 
2
556 537 
2
557 477 
5
558 626 623 340 339 
2
559 543 
2
560 561 
1
561 
29
562 560 561 431 542 546 559 543 430 573 563 574 51 586 513 59 512 548 576 585 55 54 58 57 56 583 584 53 52 
1
563 
67
568 547 569 578 338 501 577 337 336 545 541 497 524 549 499 669 668 670 332 333 334 671 335 666 331 667 329 328 330 327 326 572 479 561 542 543 626 339 624 343 342 483 575 625 622 341 428 558 623 340 564 429 570 562 587 344 523 544 487 540 546 566 482 539 325 565 44 
44
565 566 482 597 598 60 61 486 595 596 599 62 63 498 322 538 539 321 605 64 606 522 603 607 320 604 609 65 600 601 69 67 68 481 567 318 317 525 316 608 66 602 550 319 
1
566 
1
567 
1
568 
7
569 578 338 501 577 337 336 
1
570 
2
571 479 
3
572 45 44 
20
573 563 574 51 586 513 59 512 548 576 585 55 54 58 57 56 583 584 53 52 
3
574 51 586 
10
575 625 622 341 428 558 626 623 340 339 
1
576 
1
577 
2
578 338 
2
579 433 
1
580 
29
581 43 41 42 480 579 433 629 628 34 35 440 493 651 36 648 437 439 438 647 435 436 649 38 37 650 40 39 434 
9
582 588 46 589 627 49 47 48 50 
4
583 584 53 52 
2
584 53 
10
585 55 54 58 57 56 583 584 53 52 
1
586 
1
587 
2
588 46 
6
589 627 49 47 48 50 
3
590 442 441 
7
591 443 592 31 491 30 29 
1
592 
72
593 18 455 457 456 17 594 20 19 454 494 453 21 22 675 450 677 23 452 451 678 25 24 672 676 448 449 447 674 446 673 28 26 27 444 445 33 590 442 441 32 591 443 592 31 491 30 29 629 628 34 35 440 493 651 36 648 437 439 438 647 435 436 649 38 37 40 39 41 433 650 434 
3
594 20 19 
1
595 
1
596 
4
597 598 60 61 
3
598 60 61 
3
599 62 63 
16
600 601 69 67 68 481 567 318 317 525 316 608 66 602 550 319 
4
601 69 67 68 
3
602 550 319 
22
603 607 320 604 609 65 600 601 69 67 68 481 567 318 317 525 316 608 66 602 550 319 
3
604 609 65 
4
605 64 606 522 
1
606 
2
607 320 
2
608 66 
1
609 
2
610 612 
1
611 
1
612 
1
613 
3
614 175 176 
1
615 
2
616 613 
2
617 619 
2
618 478 
1
619 
27
620 172 83 171 170 641 169 86 87 168 84 85 645 167 88 89 92 162 163 91 646 90 164 166 165 82 173 
5
621 616 613 610 612 
2
622 341 
3
623 340 339 
20
624 343 342 483 587 427 690 346 689 425 347 426 344 345 348 688 691 424 422 423 
3
625 622 341 
4
626 623 340 339 
5
627 49 47 48 50 
1
628 
22
629 628 34 35 440 493 651 36 648 437 439 438 647 435 436 649 38 37 650 40 39 434 
42
630 458 16 15 459 643 11 463 462 461 642 460 14 12 13 644 9 465 8 464 10 492 7 467 6 5 466 502 4 474 504 468 473 472 470 471 469 1 475 0 3 2 
1
631 
0

5
633 611 557 477 304 
2
634 214 
9
635 215 302 301 636 218 300 216 217 
5
636 218 300 216 217 
7
637 299 220 298 219 221 297 
10
638 222 296 637 299 220 298 219 221 297 
33
639 294 224 225 293 292 226 227 291 223 295 638 222 296 637 299 220 298 219 221 297 635 215 302 301 636 218 300 216 217 303 634 214 
4
640 618 478 79 
7
641 169 86 87 168 84 85 
5
642 460 14 12 13 
10
643 11 463 462 461 642 460 14 12 13 
12
644 9 465 8 464 10 492 7 467 6 5 466 
4
645 167 88 89 
5
646 90 164 166 165 
10
647 435 436 649 38 37 650 40 39 434 
4
648 437 439 438 
3
649 38 37 
3
650 40 39 
2
651 36 
1
652 
4
653 363 654 409 
2
654 409 
3
655 404 368 
1
656 
48
405 367 655 404 368 658 402 370 401 400 403 369 659 399 373 371 372 660 375 397 374 398 396 395 661 378 394 664 379 376 377 662 665 393 386 384 383 382 385 381 380 663 392 387 390 391 388 389 
26
658 402 370 401 400 403 369 659 399 373 371 372 660 375 397 374 398 396 395 661 378 394 664 379 376 377 
5
659 399 373 371 372 
7
660 375 397 374 398 396 395 
7
661 378 394 664 379 376 377 
17
662 665 393 386 384 383 382 385 381 380 663 392 387 390 391 388 389 
7
663 392 387 390 391 388 389 
2
664 379 
2
665 393 
8
666 331 667 329 328 330 327 326 
6
667 329 328 330 327 326 
7
668 670 332 333 334 671 335 
8
669 668 670 332 333 334 671 335 
4
670 332 333 334 
2
671 335 
5
672 676 448 449 447 
4
673 28 26 27 
8
674 446 673 28 26 27 444 445 
6
675 450 677 23 452 451 
4
676 448 449 447 
2
677 23 
16
678 25 24 672 676 448 449 447 674 446 673 28 26 27 444 445 
4
679 414 415 413 
18
680 681 412 360 358 359 357 679 414 415 413 684 356 683 416 354 682 355 
1
681 
1
682 
2
683 416 
7
684 356 683 416 354 682 355 
1
685 
1
686 
5
687 686 353 418 417 
1
688 
2
689 425 
8
690 346 689 425 347 426 344 345 
4
691 424 422 423 
1
692 
4
693 692 349 421 
48
694 580 45 571 582 46 627 47 50 560 431 559 430 563 51 548 584 52 581 513 585 55 54 58 57 56 583 53 59 598 60 43 42 579 432 480 588 589 49 48 573 574 586 512 576 61 597 596 
51
695 304 213 212 211 639 223 638 296 299 298 221 635 302 636 300 217 210 305 314 313 307 306 312 310 311 308 309 305 307 306 308 309 294 224 225 293 292 226 295 222 637 220 219 297 215 301 218 216 303 214 
52
696 174 81 80 175 93 620 83 170 169 87 84 645 88 92 163 646 164 165 173 176 177 79 78 74 76 77 75 178 79 78 77 76 75 172 171 641 86 168 85 167 89 162 91 90 166 82 161 73 529 529 94 
