15
554 543 586 691 701 109 175 683 710 264 642 640 720 721 722 
723
1
0 
2
1 0 
1
2 
1
3 
1
4 
1
5 
1
6 
1
7 
1
8 
1
9 
1
10 
1
11 
1
12 
1
13 
1
14 
1
15 
1
16 
1
17 
1
18 
1
19 
6
20 19 21 633 467 466 
1
21 
1
22 
2
23 24 
1
24 
1
25 
1
26 
1
27 
1
28 
1
29 
1
30 
3
31 629 32 
1
32 
1
33 
2
34 35 
1
35 
1
36 
2
37 38 
1
38 
1
39 
1
40 
1
41 
1
42 
1
43 
1
44 
1
45 
2
46 45 
1
47 
1
48 
1
49 
1
50 
1
51 
1
52 
1
53 
1
54 
1
55 
1
56 
1
57 
1
58 
1
59 
2
60 59 
1
61 
1
62 
2
63 64 
1
64 
1
65 
2
66 67 
1
67 
1
68 
1
69 
1
70 
2
71 70 
1
72 
1
73 
1
74 
1
75 
1
76 
1
77 
1
78 
1
79 
1
80 
1
81 
1
82 
1
83 
1
84 
1
85 
1
86 
26
87 146 626 147 86 627 628 148 85 149 84 503 83 150 151 622 81 152 82 80 623 154 79 155 156 153 
1
88 
2
89 90 
1
90 
1
91 
1
92 
1
93 
1
94 
2
95 94 
1
96 
6
97 99 98 100 96 101 
1
98 
1
99 
1
100 
1
101 
1
102 
1
103 
1
104 
1
105 
4
106 131 132 105 
1
107 
1
108 
34
109 128 127 110 553 111 126 505 114 124 112 113 125 115 120 123 122 121 116 118 117 119 129 108 130 107 106 131 132 105 133 104 134 103 
1
110 
1
111 
2
112 113 
1
113 
1
114 
5
115 120 123 122 121 
4
116 118 117 119 
1
117 
1
118 
1
119 
1
120 
1
121 
2
122 121 
1
123 
1
124 
1
125 
1
126 
1
127 
1
128 
14
129 108 130 107 106 131 132 105 133 104 134 559 135 103 
2
130 107 
1
131 
2
132 105 
3
133 104 134 
1
134 
1
135 
2
136 137 
1
137 
1
138 
1
139 
1
140 
1
141 
1
142 
2
143 142 
2
144 699 
1
145 
2
146 626 
1
147 
1
148 
1
149 
1
150 
1
151 
1
152 
1
153 
1
154 
2
155 156 
1
156 
1
157 
1
158 
1
159 
1
160 
1
161 
1
162 
1
163 
1
164 
1
165 
5
166 168 174 575 169 
1
167 
1
168 
1
169 
1
170 
1
171 
3
172 170 171 
4
173 172 170 171 
3
174 575 169 
82
175 178 181 528 571 182 525 540 590 165 576 166 168 174 575 169 183 187 531 569 570 659 200 530 199 192 190 191 568 189 188 180 179 577 578 527 567 225 566 220 224 222 221 526 565 203 201 202 208 204 564 529 216 209 219 218 217 213 215 212 210 211 214 205 207 206 198 193 197 194 196 195 186 184 185 176 177 173 172 170 171 167 
2
176 177 
1
177 
1
178 
1
179 
2
180 179 
1
181 
1
182 
15
183 187 531 569 570 659 200 530 199 192 190 191 568 189 188 
1
184 
1
185 
3
186 184 185 
1
187 
1
188 
1
189 
2
190 191 
1
191 
3
192 190 191 
1
193 
1
194 
1
195 
2
196 195 
4
197 194 196 195 
6
198 193 197 194 196 195 
1
199 
1
200 
2
201 202 
1
202 
1
203 
1
204 
3
205 207 206 
1
206 
1
207 
3
208 204 564 
1
209 
1
210 
1
211 
3
212 210 211 
6
213 215 212 210 211 214 
1
214 
1
215 
3
216 209 219 
1
217 
2
218 217 
1
219 
1
220 
1
221 
1
222 
1
223 
4
224 222 223 221 
7
225 566 220 224 222 223 221 
1
226 
1
227 
1
228 
1
229 
1
230 
3
231 547 546 
3
232 233 234 
1
233 
1
234 
1
235 
1
236 
1
237 
1
238 
1
239 
1
240 
1
241 
1
242 
1
243 
1
244 
1
245 
2
246 247 
1
247 
1
248 
1
249 
1
250 
1
251 
1
252 
1
253 
1
254 
1
255 
1
256 
1
257 
4
258 256 257 288 
12
259 286 287 258 256 257 288 716 254 253 289 255 
2
260 285 
2
261 284 
1
262 
7
263 262 283 261 284 260 285 
35
264 282 281 265 280 263 262 283 261 284 260 285 572 266 279 278 277 267 532 268 276 271 270 269 275 273 272 274 286 259 287 258 256 257 288 
1
265 
1
266 
1
267 
1
268 
1
269 
2
270 269 
3
271 270 269 
1
272 
2
273 272 
1
274 
4
275 273 272 274 
1
276 
1
277 
2
278 277 
1
279 
1
280 
3
281 265 280 
1
282 
1
283 
1
284 
1
285 
1
286 
1
287 
1
288 
1
289 
7
290 291 292 295 293 294 296 
6
291 292 295 293 294 296 
5
292 295 293 294 296 
2
293 294 
1
294 
1
295 
1
296 
2
297 298 
1
298 
1
299 
1
300 
1
301 
1
302 
1
303 
1
304 
1
305 
1
306 
2
307 306 
1
308 
1
309 
1
310 
1
311 
1
312 
1
313 
1
314 
1
315 
1
316 
1
317 
1
318 
1
319 
1
320 
1
321 
2
322 321 
1
323 
1
324 
1
325 
1
326 
1
327 
1
328 
1
329 
2
330 329 
1
331 
1
332 
1
333 
1
334 
1
335 
1
336 
1
337 
1
338 
1
339 
1
340 
1
341 
1
342 
1
343 
1
344 
1
345 
1
346 
1
347 
1
348 
3
349 348 580 
1
350 
1
351 
1
352 
1
353 
1
354 
1
355 
1
356 
2
357 358 
1
358 
1
359 
1
360 
1
361 
1
362 
3
363 364 635 
1
364 
1
365 
1
366 
2
367 366 
1
368 
1
369 
1
370 
1
371 
1
372 
2
373 372 
1
374 
1
375 
1
376 
1
377 
2
378 377 
1
379 
1
380 
2
381 380 
1
382 
1
383 
1
384 
1
385 
1
386 
1
387 
1
388 
3
389 388 390 
1
390 
6
391 387 392 389 388 390 
1
392 
2
393 394 
1
394 
1
395 
1
396 
1
397 
4
398 400 401 399 
1
399 
2
400 401 
1
401 
1
402 
1
403 
1
404 
3
405 406 404 
1
406 
1
407 
1
408 
1
409 
1
410 
1
411 
1
412 
1
413 
1
414 
1
415 
1
416 
1
417 
1
418 
1
419 
1
420 
1
421 
1
422 
1
423 
1
424 
1
425 
1
426 
1
427 
1
428 
1
429 
1
430 
2
431 432 
1
432 
1
433 
2
434 435 
1
435 
1
436 
2
437 438 
1
438 
1
439 
70
440 592 616 593 597 337 338 615 579 521 343 583 341 342 439 591 344 345 560 339 498 340 501 609 333 332 608 618 334 335 595 336 604 619 331 330 329 617 327 328 607 584 596 610 611 696 594 621 612 649 519 524 56 563 588 54 55 620 562 585 645 62 522 61 60 59 561 647 58 57 
1
441 
1
442 
1
443 
1
444 
2
445 446 
1
446 
1
447 
1
448 
1
449 
1
450 
2
451 452 
1
452 
1
453 
1
454 
9
455 31 629 32 456 667 33 668 454 
1
456 
1
457 
1
458 
5
459 458 508 29 28 
1
460 
1
461 
1
462 
1
463 
2
464 463 
1
465 
1
466 
1
467 
1
468 
1
469 
1
470 
1
471 
1
472 
1
473 
1
474 
1
475 
1
476 
1
477 
1
478 
1
479 
2
480 481 
1
481 
1
482 
1
483 
1
484 
4
485 486 487 484 
1
486 
1
487 
1
488 
6
489 2 490 1 0 3 
3
490 1 0 
5
491 581 93 557 139 
5
492 678 679 322 321 
5
493 504 46 45 47 
1
494 
6
495 718 299 715 250 251 
5
496 350 654 352 351 
1
497 
1
498 
1
499 
6
500 602 600 606 326 605 
18
501 609 333 332 608 618 334 335 595 336 604 619 331 330 329 617 327 328 
3
502 537 448 
4
503 83 150 151 
3
504 46 45 
11
505 114 124 112 113 125 115 120 123 122 121 
6
506 693 159 695 690 160 
1
507 
2
508 29 
7
509 25 462 23 24 464 463 
20
510 482 480 481 6 5 483 534 4 488 485 486 487 484 489 2 490 1 0 3 
4
511 473 472 14 
30
512 424 425 362 652 359 651 426 653 360 361 357 358 655 355 354 657 430 356 548 428 429 427 549 656 353 550 433 431 432 
4
513 418 419 417 
12
514 402 383 398 400 401 399 556 384 385 396 397 
5
515 371 413 373 372 
11
516 395 393 394 386 391 387 392 389 388 390 
9
517 582 138 102 136 137 558 95 94 
7
518 671 673 71 70 72 69 
20
519 524 56 563 588 54 55 620 562 585 645 62 522 61 60 59 561 647 58 57 
18
520 436 434 435 496 350 654 352 351 552 551 346 347 349 348 580 437 438 
5
521 343 583 341 342 
8
522 61 60 59 561 647 58 57 
4
523 447 445 446 
2
524 56 
5
525 540 590 165 576 
23
526 565 203 201 202 208 204 564 529 216 209 219 218 217 213 215 212 210 211 214 205 207 206 
1
527 
3
528 571 182 
6
529 216 209 219 218 217 
8
530 199 192 190 191 568 189 188 
1
531 
6
532 268 276 271 270 269 
6
533 573 48 49 614 50 
3
534 4 488 
10
535 16 470 15 471 17 469 574 18 468 
8
536 403 382 381 380 405 406 404 
2
537 448 
2
538 449 
19
539 544 41 42 646 443 444 545 43 44 493 504 46 45 47 523 447 445 446 
1
540 
3
541 450 453 
10
542 36 34 35 507 541 450 453 451 452 
46
504 46 47 648 494 441 587 52 51 613 53 650 533 573 48 49 614 50 592 615 521 583 342 591 345 594 612 588 54 55 524 56 59 561 647 58 57 562 62 620 522 61 60 493 45 442 
3
544 41 42 
3
545 43 44 
1
546 
1
547 
4
548 428 429 427 
7
549 656 353 550 433 431 432 
4
550 433 431 432 
3
551 346 347 
9
552 551 346 347 349 348 580 437 438 
3
553 111 126 
57
20 21 467 535 16 15 471 469 18 634 7 479 8 478 9 658 477 10 476 11 555 12 475 474 13 511 473 472 14 510 482 480 481 6 5 483 534 4 488 485 486 487 484 489 2 490 1 0 3 19 633 466 470 17 574 468 465 
5
555 12 475 474 13 
5
556 384 385 396 397 
2
557 139 
3
558 95 94 
3
559 135 103 
4
560 339 498 340 
4
561 647 58 57 
1
562 
4
563 588 54 55 
1
564 
4
565 203 201 202 
2
566 220 
1
567 
3
568 189 188 
1
569 
3
570 659 200 
2
571 182 
16
572 266 279 278 277 267 532 268 276 271 270 269 275 273 272 274 
3
573 48 49 
3
574 18 468 
2
575 169 
1
576 
36
577 578 226 527 164 567 225 566 220 224 222 223 221 526 565 203 201 202 208 204 564 529 216 209 219 218 217 213 215 212 210 211 214 205 207 206 
2
578 226 
1
579 
1
580 
2
581 93 
1
582 
3
583 341 342 
2
584 596 
3
585 645 62 
53
599 598 497 500 602 600 606 326 605 661 601 662 663 499 664 65 63 64 603 665 666 324 323 325 492 678 679 322 321 675 682 320 704 68 66 67 660 518 671 673 71 70 69 604 617 327 328 585 645 676 677 319 670 
5
587 52 51 613 53 
3
588 54 55 
8
589 227 163 228 162 705 229 161 
3
590 165 576 
3
591 344 345 
1
592 
4
593 597 337 338 
1
594 
2
595 336 
1
596 
3
597 337 338 
2
598 497 
1
599 
1
600 
1
601 
1
602 
31
603 665 666 324 323 325 492 678 679 322 321 675 676 677 318 317 682 320 319 704 68 66 67 660 518 671 673 71 70 72 69 
8
604 619 331 330 329 617 327 328 
1
605 
3
606 326 605 
30
607 584 596 610 611 696 594 621 612 649 519 524 56 563 588 54 55 620 562 585 645 62 522 61 60 59 561 647 58 57 
6
608 618 334 335 595 336 
3
609 333 332 
2
610 611 
1
611 
2
612 649 
1
613 
2
614 50 
15
615 579 521 343 583 341 342 439 591 344 345 560 339 498 340 
1
616 
3
617 327 328 
3
618 334 335 
4
619 331 330 329 
5
620 562 585 645 62 
3
621 612 649 
11
622 81 152 82 80 623 154 79 155 156 153 
6
623 154 79 155 156 153 
6
624 625 157 158 78 77 
2
625 157 
1
626 
10
627 628 148 85 149 84 503 83 150 151 
1
628 
1
629 
18
630 457 631 30 459 458 508 29 28 455 31 629 32 456 667 33 668 454 
1
631 
9
632 465 22 20 19 21 633 467 466 
3
633 467 466 
20
634 7 479 8 478 9 658 477 10 476 11 555 12 475 474 13 511 473 472 14 
1
635 
11
636 365 637 420 638 422 423 421 363 364 635 
2
637 420 
7
638 422 423 421 363 364 635 
6
639 374 411 412 375 410 
56
640 376 409 378 377 669 407 379 408 536 403 382 381 380 405 406 404 514 402 383 398 400 401 399 556 384 385 396 397 516 395 393 394 386 391 387 392 389 388 390 369 641 415 414 370 515 371 413 373 372 639 374 411 412 375 410 
16
641 416 415 414 370 515 371 413 373 372 639 374 411 412 375 410 
69
642 368 367 366 513 418 419 417 636 365 637 420 638 422 423 421 363 364 635 416 512 424 425 362 652 359 651 426 653 360 361 357 358 655 355 354 657 430 356 548 428 429 427 549 656 353 550 433 431 432 436 434 496 350 654 352 351 348 437 520 435 349 580 439 552 346 438 551 347 
4
643 694 75 74 
7
644 680 316 315 674 684 681 
2
645 62 
3
646 443 444 
3
647 58 57 
16
648 494 441 587 52 51 613 53 650 442 533 573 48 49 614 50 
1
649 
8
650 442 533 573 48 49 614 50 
2
651 426 
9
652 359 651 426 653 360 361 357 358 
3
653 360 361 
3
654 352 351 
17
655 355 354 657 430 356 548 428 429 427 549 656 353 550 433 431 432 
2
656 353 
2
657 430 
10
658 477 10 476 11 555 12 475 474 13 
2
659 200 
1
660 
9
661 601 662 663 499 664 65 63 64 
1
662 
6
663 499 664 65 63 64 
4
664 65 63 64 
1
665 
4
666 324 323 325 
4
667 33 668 454 
1
668 
4
669 407 379 408 
14
670 672 73 643 694 75 74 644 680 316 315 674 684 681 
1
671 
2
672 73 
5
673 71 70 72 69 
1
674 
8
675 676 677 318 317 682 320 319 
1
676 
6
677 318 317 682 320 319 
1
678 
3
679 322 321 
2
680 316 
1
681 
3
682 320 319 
33
683 314 547 546 697 235 313 232 233 234 242 712 240 308 239 309 241 307 306 713 310 238 698 312 237 311 236 680 316 315 318 317 223 
2
684 681 
1
685 
1
686 
3
687 692 230 
1
688 
6
689 686 688 687 692 230 
2
690 160 
33
691 685 506 693 695 690 160 689 686 688 687 692 230 227 163 228 162 705 229 161 643 694 644 674 684 681 231 672 159 226 164 589 158 
1
692 
2
693 159 
3
694 75 74 
1
695 
5
696 594 621 612 649 
6
697 235 313 232 233 234 
5
698 312 237 311 236 
1
699 
5
700 141 143 142 140 
43
701 703 145 88 89 90 144 699 702 91 92 700 141 143 142 140 491 581 93 557 139 517 582 138 102 136 137 558 95 94 559 135 97 99 98 100 96 101 146 147 87 626 86 
8
702 91 92 700 141 143 142 140 
1
703 
12
704 68 66 67 660 518 671 673 71 70 72 69 
3
705 229 161 
1
706 
8
707 301 300 708 248 246 247 249 
5
708 248 246 247 249 
20
709 305 242 243 712 240 308 239 309 241 307 306 713 310 238 698 312 237 311 236 
43
710 711 244 304 303 245 706 302 707 301 300 708 248 246 247 249 495 718 299 715 250 251 719 714 252 717 297 298 290 291 292 295 293 294 296 716 254 253 289 255 709 305 243 
1
711 
8
712 240 308 239 309 241 307 306 
8
713 310 238 698 312 237 311 236 
2
714 252 
3
715 250 251 
5
716 254 253 289 255 
3
717 297 298 
2
718 299 
13
719 714 252 717 297 298 290 291 292 295 293 294 296 
40
720 440 616 597 338 579 343 341 344 560 498 335 336 584 696 621 649 563 593 337 339 340 595 596 611 609 333 332 608 334 331 607 519 618 610 586 501 619 330 329 
67
721 630 631 459 508 28 31 32 667 668 554 27 461 25 23 464 37 538 542 36 34 35 507 541 450 453 451 452 457 30 458 29 455 629 456 33 454 39 537 448 543 38 449 40 502 539 544 41 42 646 443 444 545 43 44 523 447 445 446 460 26 509 462 24 463 632 22 
32
722 76 624 78 73 75 627 148 149 503 150 622 152 80 154 155 153 157 77 74 628 85 84 83 151 81 82 623 79 156 625 72 
