15
488 554 607 606 536 568 92 128 207 226 287 254 617 649 494 
651
2
0 471 
1
1 
7
2 3 4 0 471 1 470 
1
3 
1
4 
8
5 2 3 4 0 471 1 470 
1
6 
1
7 
2
8 460 
2
9 459 
8
10 458 457 456 11 620 455 12 
1
11 
1
12 
1
13 
1
14 
1
15 
1
16 
1
17 
1
18 
1
19 
2
20 21 
1
21 
1
22 
1
23 
1
24 
1
25 
1
26 
1
27 
3
28 30 29 
1
29 
2
30 29 
1
31 
1
32 
1
33 
1
34 
1
35 
1
36 
1
37 
1
38 
1
39 
1
40 
1
41 
1
42 
2
43 44 
1
44 
1
45 
1
46 
1
47 
1
48 
2
49 50 
1
50 
1
51 
1
52 
1
53 
2
54 53 
1
55 
1
56 
1
57 
2
58 57 
1
59 
1
60 
1
61 
1
62 
1
63 
1
64 
1
65 
1
66 
1
67 
1
68 
1
69 
1
70 
4
71 70 69 72 
1
72 
1
73 
3
74 567 157 
1
75 
3
76 153 154 
4
77 152 151 78 
1
78 
1
79 
2
80 149 
1
81 
18
82 148 81 80 149 150 79 77 152 151 78 590 155 75 76 153 154 156 
4
83 147 84 146 
2
84 146 
2
85 145 
6
86 144 143 87 85 145 
1
87 
1
88 
1
89 
2
90 140 
4
91 139 90 140 
34
92 138 137 93 94 136 91 139 90 140 135 95 96 134 98 132 133 97 142 88 141 89 86 144 143 87 85 145 83 147 84 146 82 148 
1
93 
2
94 136 
1
95 
2
96 134 
1
97 
6
98 132 131 99 133 97 
1
99 
2
100 130 
4
101 129 100 130 
2
102 104 
1
103 
1
104 
4
105 126 127 125 
1
106 
1
107 
1
108 
1
109 
11
110 120 111 112 119 118 113 117 114 116 115 
1
111 
8
112 119 118 113 117 114 116 115 
1
113 
1
114 
1
115 
2
116 115 
4
117 114 116 115 
6
118 113 117 114 116 115 
1
119 
1
120 
16
121 122 109 123 108 110 120 111 112 119 118 113 117 114 116 115 
1
122 
2
123 108 
7
124 106 107 105 126 127 125 
1
125 
2
126 127 
1
127 
33
128 102 104 103 124 106 107 105 126 127 125 121 122 109 123 108 110 120 111 112 119 118 113 117 114 116 115 131 99 101 129 100 130 
1
129 
1
130 
2
131 99 
1
132 
2
133 97 
1
134 
14
135 95 96 134 98 132 131 99 133 97 101 129 100 130 
1
136 
1
137 
1
138 
1
139 
1
140 
2
141 89 
14
142 88 141 89 86 144 143 87 85 145 83 147 84 146 
1
143 
1
144 
1
145 
1
146 
1
147 
1
148 
1
149 
2
150 79 
2
151 78 
1
152 
1
153 
1
154 
1
155 
1
156 
1
157 
1
158 
1
159 
1
160 
1
161 
1
162 
1
163 
1
164 
1
165 
1
166 
15
167 561 168 571 209 484 558 497 511 173 562 169 171 170 172 
1
168 
1
169 
1
170 
3
171 170 172 
1
172 
1
173 
1
174 
1
175 
1
176 
1
177 
1
178 
2
179 178 
1
180 
2
181 182 
1
182 
1
183 
1
184 
1
185 
1
186 
1
187 
1
188 
1
189 
3
190 189 191 
1
191 
4
192 190 189 191 
1
193 
1
194 
2
195 194 
7
196 197 198 635 193 195 194 
1
197 
1
198 
1
199 
1
200 
1
201 
2
202 201 
1
203 
2
204 203 
3
205 204 203 
4
206 205 204 203 
77
207 208 563 202 201 475 560 559 500 200 167 561 168 571 209 484 558 497 511 173 562 169 171 170 172 634 483 199 196 197 198 635 193 195 194 499 188 192 190 189 191 510 498 175 174 505 529 187 186 482 517 185 509 177 179 178 176 518 183 180 181 182 184 206 205 204 203 543 165 212 211 541 213 164 544 210 166 
1
208 
1
209 
1
210 
1
211 
1
212 
1
213 
1
214 
1
215 
1
216 
1
217 
1
218 
2
219 218 
1
220 
1
221 
1
222 
1
223 
1
224 
1
225 
22
226 299 508 301 225 300 224 302 493 223 222 516 220 221 303 304 528 217 515 216 219 218 
2
227 298 
4
228 297 227 298 
6
229 296 228 297 227 298 
10
230 295 294 231 229 296 228 297 227 298 
1
231 
16
232 293 292 233 234 291 230 295 294 231 229 296 228 297 227 298 
1
233 
2
234 291 
3
235 289 290 
1
236 
1
237 
1
238 
2
239 286 
1
240 
4
241 284 285 240 
2
242 283 
1
243 
9
244 243 282 242 283 241 284 285 240 
4
245 281 246 280 
2
246 280 
3
247 279 278 
1
248 
11
249 250 276 501 275 251 274 253 273 272 252 
1
250 
1
251 
1
252 
4
253 273 272 252 
18
254 271 268 257 269 256 255 270 265 258 267 266 264 259 263 260 262 261 
2
255 270 
1
256 
1
257 
1
258 
1
259 
1
260 
1
261 
2
262 261 
4
263 260 262 261 
6
264 259 263 260 262 261 
10
265 258 267 266 264 259 263 260 262 261 
1
266 
2
267 266 
6
268 257 269 256 255 270 
4
269 256 255 270 
1
270 
1
271 
1
272 
2
273 272 
1
274 
1
275 
1
276 
29
277 248 247 279 278 245 281 246 280 244 243 282 242 283 241 284 285 240 249 250 276 501 275 251 274 253 273 272 252 
1
278 
1
279 
1
280 
1
281 
1
282 
1
283 
1
284 
2
285 240 
1
286 
55
287 238 239 286 288 237 236 235 289 290 232 293 292 233 234 291 230 295 294 231 229 296 228 297 227 298 277 248 247 279 278 245 281 246 280 244 243 282 242 283 241 284 285 240 249 250 276 501 275 251 274 253 273 272 252 
6
288 237 236 235 289 290 
1
289 
1
290 
1
291 
2
292 233 
1
293 
2
294 231 
1
295 
1
296 
1
297 
1
298 
1
299 
1
300 
1
301 
1
302 
1
303 
1
304 
1
305 
3
306 504 513 
1
307 
1
308 
3
309 307 308 
2
310 311 
1
311 
1
312 
1
313 
1
314 
1
315 
2
316 317 
1
317 
1
318 
1
319 
1
320 
1
321 
1
322 
2
323 322 
1
324 
3
325 326 327 
1
326 
1
327 
1
328 
1
329 
1
330 
1
331 
1
332 
2
333 334 
1
334 
1
335 
2
336 337 
1
337 
1
338 
1
339 
2
340 339 
1
341 
1
342 
1
343 
1
344 
1
345 
1
346 
1
347 
1
348 
2
349 348 
1
350 
1
351 
1
352 
1
353 
1
354 
1
355 
2
356 355 
1
357 
1
358 
1
359 
1
360 
1
361 
1
362 
1
363 
1
364 
5
365 388 389 366 387 
2
366 387 
3
367 369 368 
1
368 
2
369 368 
1
370 
1
371 
1
372 
1
373 
2
374 375 
1
375 
4
376 373 374 375 
1
377 
1
378 
1
379 
3
380 379 378 
4
381 380 379 378 
13
382 371 507 377 372 381 380 379 378 376 373 374 375 
1
383 
2
384 385 
1
385 
1
386 
1
387 
1
388 
1
389 
1
390 
1
391 
1
392 
1
393 
1
394 
1
395 
1
396 
1
397 
4
398 397 631 399 
1
399 
1
400 
1
401 
1
402 
1
403 
1
404 
2
405 406 
1
406 
1
407 
6
408 409 621 345 344 346 
1
409 
1
410 
1
411 
1
412 
3
413 412 411 
1
414 
1
415 
3
416 641 417 
1
417 
1
418 
2
419 420 
1
420 
2
421 422 
1
422 
1
423 
1
424 
1
425 
2
426 427 
1
427 
1
428 
1
429 
1
430 
1
431 
1
432 
1
433 
2
434 433 
1
435 
1
436 
3
437 550 27 
10
438 440 439 551 552 26 25 437 550 27 
1
439 
2
440 439 
2
441 442 
1
442 
1
443 
1
444 
1
445 
1
446 
1
447 
1
448 
2
449 448 
1
450 
1
451 
1
452 
2
453 452 
1
454 
1
455 
1
456 
2
457 456 
1
458 
1
459 
1
460 
1
461 
8
462 461 7 8 460 9 459 6 
1
463 
5
464 468 467 465 466 
1
465 
1
466 
3
467 465 466 
1
468 
1
469 
1
470 
1
471 
4
472 519 520 565 
1
473 
5
474 549 539 161 162 
5
475 560 559 500 200 
11
476 613 47 616 52 588 615 51 48 49 50 
1
477 
1
478 
1
479 
1
480 
1
481 
14
482 517 185 509 177 179 178 176 518 183 180 181 182 184 
1
483 
1
484 
6
485 24 443 441 442 23 
6
486 436 31 28 30 29 
9
487 432 34 553 33 434 433 435 32 
46
449 18 618 450 17 16 451 619 453 452 15 14 454 13 10 458 457 456 11 620 455 12 462 461 7 8 460 9 459 6 506 469 463 5 2 3 4 0 471 1 470 464 468 467 465 466 
4
489 413 412 411 
14
490 491 310 311 306 504 513 512 313 312 472 519 520 565 
3
491 310 311 
31
492 630 40 41 629 428 426 427 612 425 625 429 430 628 38 39 37 627 36 35 626 431 608 611 42 424 614 45 46 43 44 
3
493 223 222 
41
494 359 394 360 393 556 361 392 362 391 557 390 363 364 365 388 389 366 387 502 386 367 369 368 370 383 384 385 382 371 507 377 372 381 380 379 378 376 373 374 375 
2
495 535 
2
496 160 
8
497 511 173 562 169 171 170 172 
3
498 175 174 
6
499 188 192 190 189 191 
2
500 200 
4
501 275 251 274 
9
502 386 367 369 368 370 383 384 385 
1
503 
1
504 
4
505 529 187 186 
16
506 469 463 5 2 3 4 0 471 1 470 464 468 467 465 466 
3
507 377 372 
9
508 301 225 300 224 302 493 223 222 
5
509 177 179 178 176 
22
510 498 175 174 505 529 187 186 482 517 185 509 177 179 178 176 518 183 180 181 182 184 
2
511 173 
3
512 313 312 
1
513 
1
514 
1
515 
11
516 220 221 303 304 528 217 515 216 219 218 
2
517 185 
6
518 183 180 181 182 184 
1
519 
2
520 565 
2
521 514 
1
522 
1
523 
1
524 
7
525 522 474 549 539 161 162 
8
526 527 305 534 215 480 521 514 
1
527 
6
528 217 515 216 219 218 
2
529 187 
1
530 
8
531 62 574 575 564 316 317 477 
11
532 65 530 538 63 64 566 503 572 315 314 
13
533 524 540 214 163 526 527 305 534 215 480 521 514 
3
534 215 480 
1
535 
43
523 495 535 525 522 474 549 490 491 310 311 306 504 513 512 313 312 472 519 520 565 533 524 540 214 526 527 305 534 215 480 521 514 309 307 308 536 546 532 530 566 503 66 
2
537 68 
3
538 63 64 
3
539 161 162 
2
540 214 
3
541 213 164 
1
542 
10
543 165 212 211 541 213 164 544 210 166 
3
544 210 166 
1
545 
1
546 
9
547 545 73 537 68 71 70 69 72 
2
548 542 
1
549 
2
550 27 
4
551 552 26 25 
1
552 
6
553 33 434 433 435 32 
53
554 22 555 445 20 21 444 485 24 443 441 442 23 438 440 439 551 552 26 25 437 550 27 486 436 31 28 30 29 487 432 34 553 33 434 433 435 32 625 429 430 38 37 627 36 35 626 431 488 447 19 446 448 
2
555 445 
9
556 361 392 362 391 557 390 363 364 
4
557 390 363 364 
1
558 
3
559 500 200 
1
560 
1
561 
5
562 169 171 170 172 
3
563 202 201 
1
564 
1
565 
5
566 503 572 315 314 
2
567 157 
42
568 570 569 158 159 496 160 548 542 74 567 157 547 545 73 537 68 71 70 69 72 67 539 161 162 163 77 152 590 155 75 76 153 154 156 80 149 150 79 151 78 81 
3
569 158 159 
1
570 
3
571 209 484 
3
572 315 314 
4
573 577 60 61 
1
574 
4
575 564 316 317 
1
576 
3
577 60 61 
4
578 576 581 59 
2
579 478 
1
580 
2
581 59 
1
582 
1
583 
1
584 
5
585 56 596 582 586 
1
586 
2
587 473 
1
588 
1
589 
7
590 155 75 76 153 154 156 
31
591 580 318 573 577 60 61 319 578 576 581 59 531 62 574 575 564 316 317 477 532 65 530 538 63 64 566 503 572 315 314 
1
592 
1
593 
8
594 593 320 592 579 478 58 57 
1
595 
2
596 582 
1
597 
16
598 597 610 324 323 322 599 604 481 603 328 325 326 327 638 329 
3
599 604 481 
4
600 605 587 473 
2
601 583 
4
602 321 601 583 
7
603 328 325 326 327 638 329 
2
604 481 
3
605 587 473 
57
595 585 56 596 582 586 602 321 601 583 594 593 320 592 579 478 58 57 598 597 610 324 323 322 325 587 584 54 53 55 591 580 318 573 577 60 61 319 578 576 581 59 531 62 574 575 564 316 317 477 65 538 63 64 572 315 314 
43
607 423 476 613 47 616 52 588 615 51 48 49 50 609 600 492 630 40 41 629 426 427 612 425 608 611 42 424 614 45 46 43 44 606 421 422 428 628 39 604 605 473 589 
9
608 611 42 424 614 45 46 43 44 
10
609 589 584 54 53 55 600 605 587 473 
4
610 324 323 322 
2
611 42 
2
612 425 
2
613 47 
5
614 45 46 43 44 
5
615 51 48 49 50 
3
616 52 588 
32
617 637 636 330 419 420 644 642 418 643 338 416 641 417 336 337 640 335 333 334 479 639 332 331 599 328 326 327 638 329 481 603 
12
618 450 17 16 451 619 453 452 15 14 454 13 
7
619 453 452 15 14 454 13 
3
620 455 12 
2
621 345 
8
622 623 410 343 489 413 412 411 
2
623 410 
11
624 347 407 405 406 408 409 621 345 344 346 
12
625 429 430 628 38 39 37 627 36 35 626 431 
2
626 431 
5
627 36 35 626 431 
4
628 38 39 37 
4
629 428 426 427 
2
630 40 
1
631 
8
632 357 358 633 396 395 356 355 
3
633 396 395 
38
634 483 199 196 197 198 635 193 195 194 499 188 192 190 189 191 510 498 175 174 505 529 187 186 482 517 185 509 177 179 178 176 518 183 180 181 182 184 
4
635 193 195 194 
2
636 330 
1
637 
2
638 329 
3
639 332 331 
8
640 335 333 334 479 639 332 331 
1
641 
1
642 
7
643 338 416 641 417 336 337 
18
644 642 418 643 338 416 641 417 336 337 640 335 333 334 479 639 332 331 
16
645 341 646 414 415 340 339 342 622 623 410 343 489 413 412 411 
2
646 414 
4
647 352 402 401 
1
648 
55
649 354 353 648 400 647 352 402 401 398 397 631 399 632 357 358 633 396 395 356 355 650 350 404 403 351 349 348 624 347 407 405 406 408 409 621 345 344 346 645 341 646 414 415 340 339 342 622 623 410 343 489 413 412 411 
7
650 350 404 403 351 349 348 
