15
491 580 645 573 571 689 103 546 673 242 567 618 708 712 713 
714
3
0 496 497 
1
1 
1
2 
1
3 
1
4 
4
5 4 3 2 
1
6 
1
7 
1
8 
1
9 
2
10 11 
1
11 
2
12 485 
52
13 484 483 482 14 704 15 481 702 17 479 16 480 478 18 700 19 477 699 24 698 473 22 23 471 472 470 27 694 26 25 703 21 20 701 476 474 475 697 693 486 10 11 12 485 9 488 487 692 8 7 489 
1
14 
1
15 
1
16 
1
17 
1
18 
1
19 
1
20 
1
21 
2
22 23 
1
23 
1
24 
1
25 
2
26 25 
4
27 694 26 25 
1
28 
1
29 
4
30 31 520 29 
1
31 
1
32 
1
33 
1
34 
1
35 
2
36 35 
1
37 
1
38 
1
39 
2
40 39 
1
41 
1
42 
1
43 
1
44 
1
45 
2
46 47 
1
47 
1
48 
1
49 
1
50 
1
51 
1
52 
1
53 
2
54 52 
1
55 
1
56 
1
57 
1
58 
2
59 60 
1
60 
1
61 
1
62 
1
63 
1
64 
4
65 66 67 68 
1
66 
2
67 68 
1
68 
1
69 
1
70 
1
71 
1
72 
1
73 
1
74 
1
75 
3
76 77 78 
2
77 78 
1
78 
1
79 
1
80 
2
81 668 
5
82 665 170 169 171 
8
83 688 166 84 165 167 687 168 
1
84 
1
85 
1
86 
1
87 
1
88 
1
89 
1
90 
1
91 
2
92 158 
2
93 157 
2
94 156 
1
95 
1
96 
1
97 
2
98 152 
1
99 
1
100 
8
101 149 102 148 150 100 151 99 
2
102 148 
47
103 147 146 104 145 105 143 107 106 144 101 149 102 148 150 100 151 99 142 108 141 109 154 96 155 95 94 156 93 157 153 97 98 152 159 91 92 158 160 90 161 89 690 162 88 163 87 
1
104 
1
105 
2
106 144 
1
107 
1
108 
1
109 
1
110 
17
111 139 142 108 141 109 140 110 137 113 138 112 558 114 136 115 135 
1
112 
1
113 
1
114 
1
115 
1
116 
1
117 
1
118 
1
119 
1
120 
4
121 120 119 118 
2
122 117 
1
123 
8
124 131 130 129 125 126 128 127 
1
125 
3
126 128 127 
1
127 
1
128 
5
129 125 126 128 127 
1
130 
1
131 
3
132 123 133 
1
133 
1
134 
1
135 
1
136 
9
137 113 138 112 558 114 136 115 135 
2
138 112 
1
139 
2
140 110 
4
141 109 140 110 
6
142 108 141 109 140 110 
4
143 107 106 144 
1
144 
2
145 105 
2
146 104 
1
147 
1
148 
1
149 
4
150 100 151 99 
2
151 99 
1
152 
4
153 97 98 152 
25
154 96 155 95 94 156 93 157 153 97 98 152 159 91 92 158 160 90 161 89 690 162 88 163 87 
2
155 95 
1
156 
1
157 
1
158 
13
159 91 92 158 160 90 161 89 690 162 88 163 87 
9
160 90 161 89 690 162 88 163 87 
1
161 
1
162 
1
163 
1
164 
1
165 
1
166 
1
167 
1
168 
1
169 
3
170 169 171 
1
171 
1
172 
1
173 
1
174 
1
175 
1
176 
1
177 
1
178 
1
179 
8
180 182 181 179 556 566 183 184 
1
181 
2
182 181 
2
183 184 
1
184 
1
185 
1
186 
1
187 
1
188 
2
189 188 
5
190 191 192 189 188 
1
191 
1
192 
1
193 
1
194 
1
195 
1
196 
4
197 198 199 196 
1
198 
1
199 
1
200 
1
201 
1
202 
1
203 
1
204 
1
205 
3
206 205 207 
1
207 
1
208 
1
209 
3
210 209 211 
1
211 
1
212 
1
213 
1
214 
1
215 
2
216 215 
1
217 
1
218 
1
219 
1
220 
1
221 
1
222 
1
223 
4
224 633 657 590 
1
225 
1
226 
1
227 
1
228 
1
229 
1
230 
1
231 
1
232 
1
233 
1
234 
3
235 311 312 
13
236 310 235 311 312 239 307 240 306 238 308 237 309 
2
237 309 
4
238 308 237 309 
8
239 307 240 306 238 308 237 309 
2
240 306 
2
241 305 
34
242 304 241 305 236 310 235 311 312 239 307 240 306 238 308 237 309 559 233 313 234 314 232 548 315 231 230 529 227 589 317 228 229 316 
2
243 303 
2
244 302 
1
245 
1
246 
8
247 299 300 246 301 245 244 302 
6
248 298 296 250 297 249 
1
249 
1
250 
1
251 
2
252 294 
2
253 293 
1
254 
32
255 291 292 254 253 293 295 251 252 294 248 298 296 250 297 249 256 290 289 257 288 258 287 259 285 261 286 260 284 263 283 262 
16
256 290 289 257 288 258 287 259 285 261 286 260 284 263 283 262 
1
257 
1
258 
1
259 
1
260 
1
261 
1
262 
1
263 
1
264 
1
265 
1
266 
1
267 
1
268 
4
269 272 270 271 
2
270 271 
1
271 
1
272 
6
273 268 269 272 270 271 
9
274 266 267 273 268 269 272 270 271 
2
275 265 
1
276 
1
277 
1
278 
3
279 277 278 
6
280 281 276 279 277 278 
1
281 
1
282 
1
283 
4
284 263 283 262 
8
285 261 286 260 284 263 283 262 
2
286 260 
2
287 259 
4
288 258 287 259 
2
289 257 
1
290 
1
291 
2
292 254 
1
293 
1
294 
4
295 251 252 294 
4
296 250 297 249 
2
297 249 
1
298 
1
299 
1
300 
2
301 245 
1
302 
1
303 
1
304 
1
305 
1
306 
1
307 
1
308 
1
309 
1
310 
1
311 
1
312 
1
313 
1
314 
1
315 
1
316 
1
317 
2
318 588 
1
319 
1
320 
5
321 322 320 323 319 
1
322 
1
323 
1
324 
1
325 
1
326 
1
327 
5
328 329 624 330 331 
1
329 
2
330 331 
1
331 
1
332 
1
333 
1
334 
1
335 
1
336 
1
337 
2
338 337 
1
339 
1
340 
2
341 340 
1
342 
1
343 
1
344 
1
345 
2
346 347 
1
347 
1
348 
1
349 
1
350 
1
351 
1
352 
2
353 354 
1
354 
1
355 
1
356 
1
357 
1
358 
2
359 358 
1
360 
1
361 
1
362 
1
363 
2
364 363 
1
365 
1
366 
1
367 
1
368 
1
369 
1
370 
1
371 
2
372 373 
1
373 
1
374 
1
375 
3
376 375 377 
1
377 
1
378 
1
379 
2
380 381 
1
381 
1
382 
1
383 
1
384 
1
385 
4
386 411 412 385 
1
387 
1
388 
1
389 
1
390 
1
391 
1
392 
1
393 
3
394 396 395 
1
395 
2
396 395 
5
397 394 396 395 393 
6
398 397 394 396 395 393 
1
399 
1
400 
1
401 
4
402 401 400 403 
1
403 
1
404 
1
405 
1
406 
1
407 
1
408 
1
409 
7
410 387 409 388 586 408 389 
1
411 
2
412 385 
1
413 
1
414 
1
415 
1
416 
1
417 
1
418 
1
419 
3
420 422 421 
1
421 
2
422 421 
1
423 
1
424 
2
425 424 
1
426 
1
427 
1
428 
1
429 
1
430 
1
431 
1
432 
1
433 
1
434 
1
435 
1
436 
1
437 
1
438 
1
439 
1
440 
2
441 442 
1
442 
1
443 
1
444 
1
445 
1
446 
1
447 
22
448 637 638 608 615 613 604 609 610 636 603 499 535 61 59 60 515 605 607 601 63 62 
1
449 
1
450 
1
451 
1
452 
1
453 
1
454 
1
455 
1
456 
1
457 
1
458 
2
459 458 
1
460 
1
461 
2
462 461 
1
463 
2
464 465 
1
465 
1
466 
2
467 468 
1
468 
1
469 
1
470 
3
471 472 470 
1
472 
1
473 
2
474 475 
1
475 
1
476 
1
477 
1
478 
1
479 
1
480 
1
481 
1
482 
2
483 482 
1
484 
1
485 
1
486 
1
487 
2
488 487 
1
489 
1
490 
43
491 490 494 492 493 495 0 496 497 691 1 6 5 4 3 2 13 484 483 14 693 486 10 11 12 485 9 488 487 692 8 7 489 482 704 15 481 702 17 479 16 480 18 
1
492 
1
493 
7
494 492 493 495 0 496 497 
4
495 0 496 497 
2
496 497 
1
497 
15
498 644 625 507 656 336 338 337 626 614 621 622 334 333 335 
1
499 
11
500 678 48 46 47 681 639 451 679 50 49 
38
501 649 455 456 454 651 40 39 650 42 43 44 41 646 653 45 648 453 452 659 34 661 463 660 460 462 461 658 36 35 652 654 38 37 655 457 459 458 
1
502 
2
503 632 
1
504 
1
505 
5
506 531 355 353 354 
1
507 
1
508 
5
509 596 597 80 667 
2
510 70 
1
511 
1
512 
1
513 
1
514 
6
515 605 607 601 63 62 
7
516 564 675 220 562 505 565 
1
517 
45
518 201 630 631 555 561 178 516 564 675 220 562 505 565 560 541 194 517 542 185 180 182 181 179 556 566 183 184 527 193 554 187 186 190 191 192 189 188 628 195 200 197 198 199 196 
1
519 
1
520 
4
521 430 366 431 
4
522 426 425 424 
4
523 443 441 442 
3
524 528 350 
5
525 342 343 341 340 
1
526 
10
527 193 554 187 186 190 191 192 189 188 
2
528 350 
3
529 229 316 
8
530 392 398 397 394 396 395 393 
2
531 355 
2
532 204 
2
533 213 
2
534 324 
4
535 61 59 60 
11
536 545 543 557 352 351 445 524 528 350 446 
5
537 684 439 438 440 
3
538 345 344 
6
539 553 348 349 346 347 
3
540 584 339 
3
541 194 517 
2
542 185 
4
543 557 352 351 
1
544 
5
545 543 557 352 351 
33
546 134 116 122 117 132 123 133 121 120 119 118 124 131 130 129 125 126 128 127 111 139 140 110 137 113 138 112 558 114 136 115 135 
3
547 629 69 
4
548 315 231 230 
15
549 399 404 402 401 400 403 530 392 398 397 394 396 395 393 
5
550 217 214 533 213 
5
551 513 677 219 218 
27
552 208 212 532 204 550 217 214 533 213 563 202 203 512 551 513 677 219 218 210 209 211 216 215 206 205 207 
5
553 348 349 346 347 
3
554 187 186 
2
555 561 
4
556 566 183 184 
3
557 352 351 
5
558 114 136 115 135 
19
559 233 313 234 314 232 548 315 231 230 529 229 316 591 227 589 317 228 226 
24
560 541 194 517 542 185 180 182 181 179 556 566 183 184 527 193 554 187 186 190 191 192 189 188 
1
561 
3
562 505 565 
9
563 202 203 512 551 513 677 219 218 
1
564 
1
565 
1
566 
29
567 282 264 275 265 280 281 276 279 277 278 274 266 267 273 268 269 272 270 271 285 286 284 283 287 261 260 263 262 
6
568 504 71 574 327 72 
1
569 
4
570 502 576 325 
48
571 575 569 326 74 570 502 576 325 572 600 526 75 670 634 599 594 598 595 509 596 597 667 224 633 657 590 672 593 592 225 588 587 514 534 324 321 322 320 323 319 76 666 73 223 318 591 226 
5
572 600 526 79 75 
42
573 511 510 70 503 632 623 332 577 328 329 624 330 331 602 64 612 606 611 547 629 69 65 66 67 68 568 504 71 574 72 615 613 515 327 622 334 333 335 621 614 604 
1
574 
3
575 569 326 
2
576 325 
1
577 
3
578 464 465 
2
579 32 
67
580 466 579 32 578 464 465 33 30 31 520 29 467 468 696 469 695 28 478 700 19 477 699 24 698 473 22 23 471 472 470 27 694 26 25 703 21 20 701 476 474 475 697 659 34 661 463 660 460 462 461 658 36 35 38 37 456 651 40 39 41 652 654 655 457 459 458 
19
581 428 427 429 582 368 367 369 521 430 366 431 663 365 664 432 662 434 433 
4
582 368 367 369 
16
583 370 371 522 426 425 424 706 374 372 373 707 423 420 422 421 
2
584 339 
6
585 406 390 407 391 405 
3
586 408 389 
4
587 514 534 324 
1
588 
2
589 317 
1
590 
6
591 227 589 317 228 226 
1
592 
14
593 592 225 318 588 587 514 534 324 321 322 320 323 319 
3
594 598 595 
1
595 
1
596 
3
597 80 667 
1
598 
1
599 
1
600 
3
601 63 62 
12
602 64 612 606 611 547 629 69 65 66 67 68 
6
603 499 535 61 59 60 
1
604 
1
605 
1
606 
1
607 
1
608 
15
609 610 636 603 499 535 61 59 60 515 605 607 601 63 62 
1
610 
8
611 547 629 69 65 66 67 68 
1
612 
1
613 
1
614 
3
615 613 604 
5
616 620 540 584 339 
17
617 539 553 348 349 346 347 619 508 538 345 344 525 342 343 341 340 
58
618 447 616 620 540 584 339 617 539 553 348 349 346 347 619 508 538 345 344 525 342 343 341 340 498 644 625 507 656 338 337 626 627 544 356 523 443 441 442 506 531 355 353 354 444 536 545 543 557 352 351 445 524 528 350 446 336 357 
10
619 508 538 345 344 525 342 343 341 340 
1
620 
5
621 622 334 333 335 
4
622 334 333 335 
8
623 332 577 328 329 624 330 331 
3
624 330 331 
6
625 507 656 336 338 337 
7
626 614 621 622 334 333 335 
44
627 357 544 356 523 443 441 442 359 358 537 684 439 438 440 506 531 355 353 354 444 685 360 361 682 437 436 686 362 683 435 364 363 536 545 543 557 352 351 445 524 528 350 446 
7
628 195 200 197 198 199 196 
2
629 69 
5
630 631 555 561 178 
1
631 
1
632 
1
633 
2
634 599 
1
635 
1
636 
3
637 638 608 
1
638 
2
639 451 
6
640 519 680 51 54 52 
8
641 642 647 58 57 643 55 56 
4
642 647 58 57 
3
643 55 56 
1
644 
62
645 450 635 449 640 519 680 51 54 52 53 500 678 48 46 47 681 639 451 679 50 49 641 642 647 58 57 643 55 56 501 649 455 454 650 42 43 44 646 653 45 648 453 452 448 637 638 608 609 610 636 603 499 535 61 59 60 607 62 605 601 63 
6
646 653 45 648 453 452 
3
647 58 57 
3
648 453 452 
4
649 455 456 454 
5
650 42 43 44 41 
3
651 40 39 
8
652 654 38 37 655 457 459 458 
2
653 45 
2
654 38 
4
655 457 459 458 
4
656 336 338 337 
2
657 590 
3
658 36 35 
19
659 34 661 463 660 460 462 461 658 36 35 652 654 38 37 655 457 459 458 
7
660 460 462 461 658 36 35 
2
661 463 
3
662 434 433 
7
663 365 664 432 662 434 433 
1
664 
4
665 170 169 171 
1
666 
1
667 
1
668 
11
669 172 81 668 666 173 82 665 170 169 171 
15
670 634 599 594 598 595 509 596 597 80 667 224 633 657 590 
3
671 222 223 
6
672 175 671 222 223 174 
80
673 676 221 176 674 177 518 201 630 631 555 561 178 516 564 675 220 562 505 565 560 541 194 517 542 185 180 182 181 179 556 566 183 184 527 193 554 187 186 190 191 192 189 188 628 195 200 197 198 199 196 552 208 212 532 204 550 217 214 533 213 563 202 203 512 551 513 677 219 218 210 209 211 216 215 206 205 207 671 222 
2
674 177 
2
675 220 
2
676 221 
3
677 219 218 
5
678 48 46 47 681 
3
679 50 49 
4
680 51 54 52 
1
681 
3
682 437 436 
2
683 435 
4
684 439 438 440 
12
685 360 361 682 437 436 686 362 683 435 364 363 
6
686 362 683 435 364 363 
2
687 168 
5
688 166 84 165 167 
28
689 164 86 85 83 688 166 84 165 167 687 168 669 172 81 668 173 82 665 170 169 171 79 80 175 174 78 77 
5
690 162 88 163 87 
7
691 1 6 5 4 3 2 
4
692 8 7 489 
13
693 486 10 11 12 485 9 488 487 692 8 7 489 
1
694 
2
695 28 
4
696 469 695 28 
1
697 
1
698 
21
699 24 698 473 22 23 471 472 470 27 694 26 25 703 21 20 701 476 474 475 697 
3
700 19 477 
5
701 476 474 475 697 
10
702 17 479 16 480 478 18 700 19 477 
8
703 21 20 701 476 474 475 697 
3
704 15 481 
1
705 
9
706 374 372 373 707 423 420 422 421 
5
707 423 420 422 421 
67
708 379 418 417 380 709 710 378 419 376 375 377 705 583 370 371 522 426 425 424 706 374 372 373 707 423 420 422 421 581 428 427 429 582 368 367 369 521 430 366 431 663 365 664 432 662 434 433 359 358 684 439 438 685 360 361 682 437 436 686 362 683 435 364 363 537 440 
8
709 710 378 419 376 375 377 705 
1
710 
5
711 382 416 380 381 
42
712 414 413 384 383 415 386 411 412 385 410 387 409 388 586 408 389 585 406 390 407 391 405 549 399 404 402 401 400 403 530 392 398 397 394 396 395 393 711 382 416 381 
34
713 247 300 255 292 253 295 252 248 296 297 256 289 288 303 299 246 301 245 244 302 291 254 293 251 294 298 250 249 290 257 258 259 243 
