15
557 578 619 566 672 640 585 153 574 646 272 568 695 435 744 
745
1
0 
3
1 2 3 
2
2 3 
1
3 
1
4 
2
5 6 
1
6 
1
7 
1
8 
1
9 
1
10 
3
11 10 12 
1
12 
1
13 
1
14 
1
15 
5
16 17 18 14 15 
1
17 
1
18 
1
19 
1
20 
1
21 
1
22 
1
23 
2
24 22 
1
25 
1
26 
1
27 
1
28 
1
29 
1
30 
1
31 
1
32 
1
33 
1
34 
2
35 36 
1
36 
1
37 
1
38 
1
39 
1
40 
11
41 40 739 492 42 491 490 743 742 489 43 
1
42 
1
43 
1
44 
2
45 44 
1
46 
1
47 
2
48 49 
1
49 
1
50 
1
51 
2
52 51 
1
53 
1
54 
1
55 
1
56 
2
57 56 
1
58 
1
59 
1
60 
1
61 
2
62 61 
3
63 638 60 
1
64 
1
65 
1
66 
1
67 
1
68 
2
69 70 
1
70 
1
71 
1
72 
1
73 
1
74 
1
75 
2
76 75 
1
77 
2
78 79 
1
79 
1
80 
2
81 82 
1
82 
1
83 
1
84 
1
85 
1
86 
2
87 86 
1
88 
2
89 88 
1
90 
1
91 
1
92 
1
93 
1
94 
1
95 
1
96 
1
97 
1
98 
1
99 
1
100 
2
101 100 
1
102 
1
103 
1
104 
2
105 106 
1
106 
3
107 105 106 
1
108 
1
109 
1
110 
1
111 
1
112 
1
113 
1
114 
2
115 114 
1
116 
1
117 
2
118 151 
3
119 150 149 
3
120 148 121 
1
121 
6
122 147 146 120 148 121 
2
123 124 
1
124 
1
125 
1
126 
4
127 130 129 128 
1
128 
1
129 
2
130 129 
2
131 126 
6
132 144 143 133 141 142 
3
133 141 142 
1
134 
1
135 
2
136 135 
7
137 134 140 138 139 136 135 
1
138 
1
139 
3
140 138 139 
1
141 
1
142 
1
143 
1
144 
1
145 
1
146 
1
147 
1
148 
1
149 
1
150 
1
151 
4
152 117 118 151 
39
153 116 152 117 118 151 119 150 149 122 147 146 120 148 121 582 145 125 123 124 131 126 132 144 143 133 141 142 127 130 129 128 137 134 140 138 139 136 135 
2
154 155 
1
155 
1
156 
1
157 
1
158 
2
159 160 
1
160 
1
161 
1
162 
1
163 
1
164 
1
165 
1
166 
1
167 
1
168 
2
169 170 
1
170 
1
171 
1
172 
1
173 
1
174 
1
175 
1
176 
1
177 
1
178 
2
179 180 
1
180 
1
181 
1
182 
1
183 
1
184 
2
185 186 
1
186 
1
187 
1
188 
1
189 
1
190 
2
191 192 
1
192 
1
193 
1
194 
1
195 
1
196 
1
197 
2
198 199 
1
199 
4
200 198 199 197 
25
201 196 564 218 610 596 211 696 213 214 215 217 216 575 609 202 206 205 204 203 697 210 207 208 209 
1
202 
1
203 
2
204 203 
1
205 
4
206 205 204 203 
3
207 208 209 
2
208 209 
1
209 
1
210 
7
211 696 213 214 215 217 216 
1
212 
3
213 214 215 
1
214 
1
215 
1
216 
2
217 216 
1
218 
1
219 
4
220 223 222 221 
1
221 
2
222 221 
1
223 
2
224 225 
1
225 
1
226 
2
227 650 
3
228 230 231 
1
229 
2
230 231 
1
231 
2
232 677 
1
233 
1
234 
1
235 
1
236 
1
237 
1
238 
1
239 
2
240 241 
1
241 
1
242 
1
243 
1
244 
2
245 246 
1
246 
1
247 
1
248 
1
249 
1
250 
1
251 
2
252 251 
1
253 
2
254 253 
1
255 
1
256 
2
257 258 
1
258 
1
259 
1
260 
1
261 
1
262 
1
263 
1
264 
1
265 
2
266 265 
2
267 306 
1
268 
2
269 268 
1
270 
7
271 270 303 304 305 269 268 
38
272 302 271 270 303 304 305 269 301 273 274 298 275 300 299 276 297 277 296 583 295 278 294 291 290 279 293 292 289 281 280 286 285 282 283 284 287 288 
1
273 
1
274 
1
275 
4
276 297 277 296 
1
277 
1
278 
1
279 
1
280 
2
281 280 
1
282 
2
283 284 
1
284 
4
285 282 283 284 
1
286 
2
287 288 
1
288 
10
289 281 280 286 285 282 283 284 287 288 
2
290 279 
1
291 
1
292 
2
293 292 
2
294 291 
1
295 
1
296 
1
297 
4
298 275 300 299 
1
299 
2
300 299 
11
301 273 274 298 275 300 299 276 297 277 296 
1
302 
1
303 
4
304 305 269 268 
1
305 
1
306 
2
307 308 
1
308 
1
309 
1
310 
1
311 
2
312 313 
1
313 
1
314 
1
315 
11
316 315 257 258 560 259 314 312 313 260 256 
15
317 318 319 255 579 254 253 320 604 322 250 323 321 252 251 
1
318 
1
319 
1
320 
1
321 
1
322 
1
323 
1
324 
1
325 
1
326 
2
327 328 
1
328 
1
329 
1
330 
1
331 
1
332 
1
333 
1
334 
2
335 336 
1
336 
1
337 
1
338 
1
339 
1
340 
2
341 340 
3
342 341 340 
1
343 
1
344 
1
345 
1
346 
1
347 
1
348 
1
349 
2
350 351 
1
351 
3
352 350 351 
1
353 
2
354 355 
1
355 
1
356 
1
357 
1
358 
2
359 358 
1
360 
2
361 362 
1
362 
1
363 
1
364 
1
365 
2
366 367 
1
367 
1
368 
1
369 
1
370 
1
371 
1
372 
1
373 
2
374 373 
1
375 
1
376 
1
377 
1
378 
2
379 378 
1
380 
1
381 
1
382 
2
383 382 
1
384 
1
385 
1
386 
1
387 
1
388 
1
389 
1
390 
1
391 
1
392 
1
393 
1
394 
2
395 394 
1
396 
1
397 
2
398 397 
1
399 
1
400 
1
401 
1
402 
1
403 
2
404 405 
1
405 
3
406 404 405 
4
407 406 404 405 
1
408 
1
409 
1
410 
1
411 
2
412 411 
1
413 
2
414 413 
1
415 
2
416 415 
3
417 416 415 
1
418 
2
419 418 
6
420 419 418 417 416 415 
1
421 
1
422 
1
423 
1
424 
1
425 
1
426 
3
427 425 426 
1
428 
3
429 431 430 
1
430 
1
431 
2
432 433 
1
433 
1
434 
52
435 408 434 580 410 424 428 706 409 432 433 427 425 426 429 431 430 705 422 423 412 411 421 414 413 420 419 418 417 416 415 605 443 399 398 400 442 592 401 441 439 438 440 436 407 406 404 405 563 437 403 402 
9
436 407 406 404 405 563 437 403 402 
1
437 
1
438 
3
439 438 440 
1
440 
1
441 
1
442 
1
443 
1
444 
1
445 
1
446 
1
447 
1
448 
1
449 
1
450 
1
451 
1
452 
1
453 
1
454 
1
455 
2
456 455 
1
457 
1
458 
1
459 
1
460 
1
461 
1
462 
2
463 464 
1
464 
1
465 
2
466 467 
1
467 
1
468 
1
469 
1
470 
1
471 
1
472 
2
473 472 
1
474 
1
475 
2
476 618 
1
477 
1
478 
1
479 
1
480 
1
481 
1
482 
1
483 
1
484 
2
485 486 
1
486 
1
487 
1
488 
1
489 
1
490 
2
491 490 
1
492 
1
493 
1
494 
1
495 
1
496 
1
497 
1
498 
1
499 
2
500 501 
1
501 
1
502 
1
503 
1
504 
1
505 
1
506 
1
507 
1
508 
1
509 
1
510 
2
511 510 
22
512 577 516 598 13 517 511 510 599 518 11 10 12 519 16 17 18 14 15 513 515 514 
3
513 515 514 
1
514 
1
515 
1
516 
1
517 
1
518 
1
519 
1
520 
1
521 
5
522 521 524 523 525 
1
523 
3
524 523 525 
1
525 
1
526 
1
527 
1
528 
2
529 527 
1
530 
1
531 
1
532 
1
533 
5
534 0 1 2 3 
2
535 682 
1
536 
7
537 624 634 59 63 638 60 
26
538 720 482 483 481 716 50 48 49 52 51 715 53 54 714 718 55 57 56 721 480 479 584 58 621 478 
3
539 648 226 
1
540 
1
541 
9
542 45 44 46 723 487 485 486 488 
1
543 
9
544 567 372 371 374 373 593 468 469 
3
545 665 663 
1
546 
1
547 
5
548 600 80 78 79 
1
549 
1
550 
6
551 727 349 352 350 351 
3
552 158 111 
5
553 163 108 162 164 
4
554 175 95 94 
5
555 37 495 35 36 
15
556 531 7 5 6 532 8 643 4 533 534 0 1 2 3 
56
557 526 9 520 590 589 530 529 527 522 521 524 523 525 528 556 531 7 5 6 532 8 643 4 533 534 0 1 2 3 512 577 516 598 13 517 511 510 599 518 11 10 12 519 16 17 18 14 15 513 515 514 698 20 21 19 
14
558 331 239 240 241 645 242 330 657 659 332 333 730 238 
7
559 247 326 248 325 245 246 
6
560 259 314 312 313 260 
10
561 450 391 390 647 452 389 451 388 453 
3
562 454 387 
4
563 437 403 402 
4
564 218 610 596 
1
565 
34
566 66 65 627 636 736 67 652 653 353 541 637 565 726 348 725 347 712 734 71 639 69 70 737 68 735 724 551 727 349 352 350 351 72 
3
567 372 371 
43
544 567 372 371 593 468 469 594 470 606 471 569 368 366 367 595 370 369 608 473 472 474 607 630 365 626 363 364 361 362 625 360 631 622 623 357 359 358 629 356 354 355 628 
2
569 368 
1
570 
1
571 
6
572 460 380 459 381 461 
4
573 396 445 446 
58
574 193 190 651 649 227 650 232 677 228 230 231 194 611 195 539 648 226 219 224 225 201 196 564 218 610 596 211 696 213 214 215 217 216 575 609 202 206 205 204 203 697 210 207 208 209 220 223 222 221 212 200 198 199 197 229 191 192 
12
575 609 202 206 205 204 203 697 210 207 208 209 
5
576 179 180 92 181 
2
577 516 
66
578 502 30 500 501 728 499 32 31 498 33 642 497 34 496 700 509 699 550 24 22 508 23 701 505 504 503 704 28 29 27 506 703 702 26 507 25 542 45 44 723 487 486 488 741 493 740 39 38 494 555 37 495 35 36 41 40 739 492 42 491 490 743 742 489 43 
4
579 254 253 320 
14
580 410 424 428 706 409 432 433 427 425 426 429 431 430 
4
581 83 81 82 
17
582 145 125 123 124 131 126 132 144 143 133 141 142 127 130 129 128 
19
583 295 278 294 291 290 279 293 292 289 281 280 286 285 282 283 284 287 288 
4
584 58 621 478 
43
585 156 113 112 157 154 155 115 114 552 158 111 588 161 109 159 160 110 553 163 108 162 164 641 171 99 98 169 170 101 100 102 587 168 166 167 103 586 104 165 107 105 106 
6
586 104 165 107 105 106 
5
587 168 166 167 103 
11
588 161 109 159 160 110 553 163 108 162 164 
1
589 
5
590 589 530 529 527 
3
591 249 324 
6
592 401 441 439 438 440 
2
593 468 
18
594 470 606 471 569 368 366 367 595 370 369 608 473 472 474 607 630 365 
3
595 370 369 
1
596 
5
597 177 93 176 178 
3
598 13 517 
6
599 518 11 10 12 519 
4
600 80 78 79 
3
601 76 75 
2
602 77 
4
603 688 680 681 
7
604 322 250 323 321 252 251 
23
605 443 399 444 398 397 400 442 592 401 441 439 438 440 436 407 406 404 405 563 437 403 402 
1
606 
3
607 630 365 
7
608 473 472 474 607 630 365 
2
609 202 
2
610 596 
8
611 195 539 648 226 219 224 225 
5
612 581 83 81 82 
47
613 547 603 688 680 681 612 581 83 81 82 614 708 711 344 343 571 345 691 339 338 342 341 340 738 346 713 536 709 710 732 731 74 707 73 601 76 75 615 602 77 548 600 80 78 79 733 
13
614 708 711 344 343 571 345 691 339 338 342 341 340 
8
615 602 77 548 600 80 78 79 
12
616 475 540 626 363 364 361 362 620 628 625 360 
25
617 631 622 476 618 623 357 359 358 629 356 354 355 616 475 540 626 363 364 361 362 620 628 625 360 
1
618 
55
619 632 477 633 635 64 537 624 634 59 63 638 60 62 61 538 720 482 483 481 716 50 48 49 52 51 715 53 54 714 718 55 57 56 721 480 479 584 58 621 478 617 476 618 616 475 540 620 717 722 484 719 47 46 485 
4
620 628 625 360 
1
621 
1
622 
8
623 357 359 358 629 356 354 355 
1
624 
2
625 360 
5
626 363 364 361 362 
1
627 
1
628 
4
629 356 354 355 
2
630 365 
1
631 
1
632 
3
633 635 64 
2
634 59 
2
635 64 
2
636 736 
2
637 565 
2
638 60 
1
639 
29
640 173 97 172 96 174 554 175 95 94 597 177 93 176 178 683 687 90 89 88 91 182 676 183 576 179 180 92 181 
20
641 171 99 98 169 170 101 100 102 587 168 166 167 103 586 104 165 107 105 106 
4
642 497 34 496 
8
643 4 533 534 0 1 2 3 
16
644 244 243 329 327 328 559 247 326 248 325 245 246 591 249 324 
3
645 242 330 
43
604 322 250 323 251 644 244 243 329 327 328 559 247 326 248 325 245 246 591 249 324 558 331 239 240 241 645 242 330 657 659 332 333 730 238 334 237 335 336 235 236 233 234 
6
647 452 389 451 388 453 
2
648 226 
1
649 
1
650 
9
651 649 227 650 232 677 228 230 231 
6
652 653 353 541 637 565 
2
653 353 
2
654 375 
17
655 377 376 462 379 378 572 460 380 459 381 461 692 458 383 382 384 
13
656 546 334 658 237 662 679 689 690 337 570 335 336 
6
657 659 332 333 730 238 
2
658 237 
3
659 332 333 
24
660 661 235 236 545 665 663 673 187 185 186 664 666 671 674 189 543 675 233 188 667 668 678 234 
3
661 235 236 
2
662 679 
1
663 
1
664 
1
665 
2
666 671 
4
667 668 678 234 
1
668 
2
669 685 
7
670 686 84 669 685 535 682 
1
671 
90
672 184 549 684 87 86 85 670 686 84 669 685 535 682 656 546 658 662 679 689 690 337 570 660 661 545 665 663 673 187 185 186 664 666 671 674 189 543 675 188 667 668 678 613 547 603 688 680 681 612 581 83 81 82 614 708 711 344 343 571 345 691 339 338 342 341 340 738 346 713 536 709 710 732 731 74 707 73 601 76 75 615 602 77 548 600 80 78 79 733 
7
673 187 185 186 664 666 671 
10
674 189 543 675 233 188 667 668 678 234 
2
675 233 
1
676 
1
677 
2
678 234 
1
679 
2
680 681 
1
681 
1
682 
14
683 687 90 89 88 91 182 676 183 576 179 180 92 181 
4
684 87 86 85 
1
685 
2
686 84 
5
687 90 89 88 91 
1
688 
6
689 690 337 570 335 336 
2
690 337 
6
691 339 338 342 341 340 
5
692 458 383 382 384 
9
693 385 386 456 455 562 454 387 457 
2
694 448 
61
695 393 694 448 449 392 447 395 394 573 396 445 446 561 450 391 390 647 452 389 451 388 453 693 385 386 456 455 562 454 387 457 462 379 378 572 460 380 459 381 461 692 458 383 382 384 444 397 568 465 466 467 463 464 654 375 374 373 655 377 376 
1
696 
5
697 210 207 208 209 
4
698 20 21 19 
1
699 
26
700 509 699 550 24 22 508 23 698 20 21 19 701 505 504 503 704 28 29 27 506 703 702 26 507 25 
14
701 505 504 503 704 28 29 27 506 703 702 26 507 25 
1
702 
5
703 702 26 507 25 
3
704 28 29 
14
705 422 423 412 411 421 414 413 420 419 418 417 416 415 
4
706 409 432 433 
3
707 72 73 
1
708 
2
709 710 
1
710 
5
711 344 343 571 345 
1
712 
1
713 
8
714 718 55 57 56 721 480 479 
3
715 53 54 
6
716 50 48 49 52 51 
36
717 722 484 719 47 542 45 44 46 723 487 485 486 488 741 493 740 39 38 494 555 37 495 35 36 41 40 739 492 42 491 490 743 742 489 43 
2
718 55 
2
719 47 
4
720 482 483 481 
3
721 480 479 
2
722 484 
5
723 487 485 486 488 
1
724 
1
725 
21
726 348 725 347 733 712 734 71 639 69 70 737 68 735 724 551 727 349 352 350 351 
2
727 349 
10
728 499 32 31 498 33 642 497 34 496 
7
729 264 309 307 308 266 265 
2
730 238 
2
731 74 
9
732 731 74 707 72 73 601 76 75 
2
733 712 
5
734 71 639 69 70 
1
735 
1
736 
10
737 68 735 724 551 727 349 352 350 351 
23
738 346 713 536 709 710 732 731 74 707 73 601 76 75 615 602 77 548 600 80 78 79 733 
2
739 492 
1
740 
22
741 493 740 39 38 494 555 37 495 35 36 41 40 739 492 42 491 490 743 742 489 43 
1
742 
4
743 742 489 43 
38
744 646 262 310 729 309 308 265 315 258 259 312 260 317 319 579 253 252 316 257 560 314 313 256 318 255 254 320 321 267 306 311 263 261 264 307 266 268 
