15
557 631 655 521 586 138 101 165 607 272 266 417 662 611 666 
667
1
0 
2
1 2 
1
2 
1
3 
1
4 
1
5 
1
6 
2
7 6 
1
8 
1
9 
1
10 
1
11 
1
12 
1
13 
1
14 
1
15 
1
16 
1
17 
1
18 
1
19 
1
20 
4
21 627 22 20 
1
22 
1
23 
2
24 25 
1
25 
1
26 
1
27 
1
28 
1
29 
1
30 
1
31 
1
32 
2
33 32 
1
34 
1
35 
1
36 
1
37 
1
38 
1
39 
1
40 
1
41 
1
42 
1
43 
1
44 
1
45 
1
46 
1
47 
1
48 
1
49 
2
50 51 
1
51 
1
52 
1
53 
1
54 
1
55 
4
56 54 501 479 
1
57 
1
58 
1
59 
1
60 
1
61 
1
62 
2
63 64 
1
64 
1
65 
1
66 
1
67 
3
68 69 70 
2
69 70 
1
70 
1
71 
1
72 
1
73 
1
74 
1
75 
1
76 
1
77 
1
78 
1
79 
1
80 
1
81 
1
82 
1
83 
1
84 
19
85 147 84 146 86 145 87 144 88 648 83 148 82 149 647 81 150 151 80 
1
86 
1
87 
1
88 
1
89 
1
90 
2
91 141 
2
92 140 
1
93 
1
94 
1
95 
1
96 
1
97 
1
98 
1
99 
2
100 132 
39
101 131 100 132 102 130 129 103 128 104 127 126 105 106 125 111 124 107 112 123 110 109 108 113 122 121 114 115 120 119 116 118 117 99 133 134 98 97 135 
5
102 130 129 103 128 
2
103 128 
6
104 127 126 105 106 125 
1
105 
2
106 125 
1
107 
1
108 
1
109 
3
110 109 108 
18
111 124 107 112 123 110 109 108 113 122 121 114 115 120 119 116 118 117 
2
112 123 
10
113 122 121 114 115 120 119 116 118 117 
1
114 
6
115 120 119 116 118 117 
1
116 
1
117 
2
118 117 
4
119 116 118 117 
1
120 
8
121 114 115 120 119 116 118 117 
1
122 
1
123 
1
124 
1
125 
4
126 105 106 125 
1
127 
1
128 
1
129 
1
130 
1
131 
1
132 
6
133 99 134 98 135 97 
2
134 98 
2
135 97 
2
136 96 
4
137 95 136 96 
29
138 94 137 95 136 96 143 89 142 90 139 93 92 140 91 141 85 147 84 146 86 145 87 144 88 648 83 148 149 
6
139 93 92 140 91 141 
1
140 
1
141 
2
142 90 
10
143 89 142 90 139 93 92 140 91 141 
2
144 88 
2
145 87 
6
146 86 145 87 144 88 
1
147 
1
148 
1
149 
1
150 
1
151 
1
152 
1
153 
1
154 
2
155 156 
1
156 
1
157 
2
158 159 
1
159 
1
160 
1
161 
1
162 
1
163 
1
164 
51
498 507 509 513 503 177 480 554 482 186 190 189 187 188 512 494 176 515 170 173 172 174 171 175 483 481 555 191 556 193 192 497 198 196 195 194 197 185 502 493 179 178 183 181 182 184 180 508 516 169 168 
1
166 
3
167 169 168 
1
168 
1
169 
1
170 
1
171 
1
172 
5
173 172 174 171 175 
1
174 
1
175 
1
176 
1
177 
1
178 
1
179 
1
180 
2
181 182 
1
182 
5
183 181 182 184 180 
1
184 
10
185 502 493 179 178 183 181 182 184 180 
1
186 
2
187 188 
1
188 
3
189 187 188 
1
190 
1
191 
1
192 
1
193 
1
194 
1
195 
4
196 195 194 197 
1
197 
1
198 
1
199 
1
200 
11
201 199 556 193 192 497 198 196 195 194 197 
1
202 
1
203 
1
204 
1
205 
1
206 
1
207 
1
208 
1
209 
1
210 
1
211 
1
212 
1
213 
1
214 
1
215 
1
216 
1
217 
1
218 
1
219 
10
220 284 285 286 219 609 218 287 217 288 
2
221 283 
2
222 282 
6
223 281 222 282 221 283 
24
224 280 225 279 226 278 277 227 223 281 222 282 221 283 220 284 285 286 219 609 218 287 217 288 
4
225 279 226 278 
2
226 278 
1
227 
1
228 
4
229 275 276 228 
6
230 274 229 275 276 228 
2
231 273 
1
232 
1
233 
1
234 
1
235 
1
236 
1
237 
1
238 
1
239 
1
240 
1
241 
2
242 263 
1
243 
1
244 
1
245 
1
246 
1
247 
6
248 253 249 252 251 250 
4
249 252 251 250 
1
250 
1
251 
1
252 
1
253 
8
254 247 248 253 249 252 251 250 
10
255 246 254 247 248 253 249 252 251 250 
13
256 245 244 255 246 254 247 248 253 249 252 251 250 
7
257 262 243 258 260 259 261 
4
258 260 259 261 
1
259 
1
260 
1
261 
2
262 243 
1
263 
4
264 241 242 263 
2
265 240 
37
266 238 239 265 240 264 241 242 263 257 262 243 258 260 259 261 256 245 244 255 246 254 247 248 253 249 252 251 250 267 237 268 236 270 234 269 235 
4
267 237 268 236 
2
268 236 
2
269 235 
2
270 234 
10
271 233 270 234 269 235 267 237 268 236 
27
272 232 231 273 230 274 229 275 276 228 271 233 224 280 225 279 226 278 277 227 223 281 222 282 221 283 284 
1
273 
1
274 
1
275 
2
276 228 
2
277 227 
1
278 
1
279 
1
280 
1
281 
1
282 
1
283 
1
284 
2
285 286 
1
286 
1
287 
1
288 
1
289 
1
290 
1
291 
1
292 
1
293 
1
294 
1
295 
1
296 
2
297 567 
1
298 
1
299 
2
300 299 
1
301 
1
302 
1
303 
1
304 
1
305 
1
306 
1
307 
1
308 
1
309 
1
310 
1
311 
1
312 
1
313 
2
314 313 
3
315 492 312 
1
316 
1
317 
1
318 
1
319 
1
320 
1
321 
2
322 321 
1
323 
1
324 
2
325 324 
1
326 
2
327 328 
1
328 
1
329 
1
330 
1
331 
2
332 333 
1
333 
1
334 
2
335 336 
1
336 
1
337 
1
338 
1
339 
1
340 
1
341 
2
342 343 
1
343 
1
344 
2
345 346 
1
346 
1
347 
1
348 
1
349 
1
350 
1
351 
1
352 
1
353 
1
354 
1
355 
1
356 
1
357 
1
358 
1
359 
1
360 
1
361 
1
362 
1
363 
1
364 
1
365 
4
366 367 368 369 
2
367 368 
1
368 
1
369 
1
370 
1
371 
1
372 
4
373 371 370 372 
1
374 
1
375 
1
376 
2
377 378 
1
378 
1
379 
1
380 
1
381 
1
382 
1
383 
1
384 
1
385 
1
386 
1
387 
1
388 
1
389 
2
390 391 
1
391 
1
392 
1
393 
1
394 
2
395 396 
1
396 
1
397 
1
398 
1
399 
1
400 
1
401 
1
402 
1
403 
1
404 
2
405 404 
1
406 
1
407 
1
408 
1
409 
1
410 
1
411 
1
412 
1
413 
1
414 
1
415 
1
416 
42
544 538 536 478 535 316 315 492 312 539 534 537 318 319 317 541 545 320 322 321 314 313 619 310 311 533 469 323 327 542 415 473 546 543 413 547 326 414 325 324 416 417 
1
418 
1
419 
1
420 
1
421 
2
422 421 
1
423 
1
424 
1
425 
1
426 
1
427 
2
428 427 
1
429 
1
430 
1
431 
1
432 
1
433 
1
434 
1
435 
1
436 
2
437 436 
1
438 
1
439 
1
440 
1
441 
2
442 441 
1
443 
2
444 443 
1
445 
1
446 
1
447 
1
448 
1
449 
1
450 
1
451 
1
452 
1
453 
1
454 
1
455 
1
456 
1
457 
1
458 
2
459 458 
1
460 
1
461 
1
462 
1
463 
2
464 463 
3
465 464 463 
8
466 467 0 1 2 465 464 463 
2
467 0 
3
468 564 49 
1
469 
1
470 
8
471 651 424 423 653 40 41 42 
4
472 578 305 306 
3
473 546 323 
1
474 
2
475 592 
1
476 
2
477 589 
1
478 
1
479 
1
480 
1
481 
3
482 186 190 
16
483 481 555 191 202 201 199 556 193 192 497 198 196 195 194 197 
3
484 439 440 
3
485 17 447 
8
486 548 411 412 549 329 327 328 
3
487 401 338 
52
488 353 387 388 352 386 354 563 562 351 389 561 349 350 348 613 392 614 393 347 345 346 489 394 390 391 499 385 355 384 500 383 382 357 356 524 379 360 380 359 377 378 517 381 358 529 376 363 362 361 364 375 
2
489 394 
4
490 52 50 51 
5
491 298 580 300 299 
2
492 312 
3
493 179 178 
1
494 
11
495 365 366 367 368 369 374 373 371 370 372 
2
496 59 
2
497 198 
1
498 
9
499 385 355 384 500 383 382 357 356 
5
500 383 382 357 356 
2
501 479 
1
502 
3
503 177 480 
3
504 57 58 
1
505 
1
506 
1
507 
3
508 498 507 
9
509 513 503 177 480 554 482 186 190 
1
510 
1
511 
1
512 
1
513 
2
514 203 
2
515 170 
12
516 512 494 176 515 170 166 173 172 174 171 175 
3
517 381 358 
2
518 53 
1
519 
7
520 518 53 490 52 50 51 
65
522 496 526 618 530 506 308 635 640 60 505 638 637 639 65 63 64 472 578 305 306 641 62 61 617 307 616 531 636 570 66 579 576 615 304 303 302 570 66 579 576 615 304 303 302 300 574 569 572 301 300 574 569 572 301 580 571 580 571 577 577 620 532 583 309 
7
522 496 59 474 504 57 58 
8
523 510 164 588 204 585 514 203 
17
524 379 360 380 359 377 378 517 381 358 529 376 363 362 361 364 375 
1
525 
2
526 532 
3
527 525 519 
4
528 533 469 540 
7
529 376 363 362 361 364 375 
2
530 506 
1
531 
1
532 
1
533 
5
534 537 318 319 317 
2
535 316 
1
536 
4
537 318 319 317 
5
538 536 478 535 316 
11
539 534 537 318 319 317 541 545 320 322 321 
1
540 
5
541 545 320 322 321 
13
542 415 473 546 323 543 413 547 326 414 325 324 416 
7
543 413 547 326 414 325 324 
1
544 
2
545 320 
2
546 323 
2
547 326 
2
548 411 
4
549 329 327 328 
11
550 462 3 466 467 0 1 2 465 464 463 
9
551 460 5 461 4 7 6 459 458 
17
552 8 457 456 553 455 9 10 551 460 5 461 4 7 6 459 458 
4
553 455 9 10 
4
554 482 186 190 
2
555 191 
9
556 193 192 497 198 196 195 194 197 
53
557 15 449 16 448 450 14 558 451 13 452 12 559 453 11 454 552 8 457 456 553 455 9 10 551 460 5 461 4 7 6 459 458 550 462 3 466 467 0 1 2 465 464 463 631 445 628 19 446 18 485 17 447 
9
558 451 13 452 12 559 453 11 454 
4
559 453 11 454 
7
560 340 399 400 339 341 398 
4
561 349 350 348 
1
562 
8
563 562 351 389 561 349 350 348 
2
564 49 
2
565 45 
4
566 47 48 46 
1
567 
8
568 297 567 491 298 580 300 299 
1
569 
3
570 581 66 
1
571 
3
572 301 302 
5
573 571 572 301 302 
15
574 569 570 581 66 579 576 615 304 303 573 571 572 301 302 
0

1
576 
2
577 67 
3
578 305 306 
5
579 576 615 304 303 
3
580 300 299 
2
581 66 
5
582 71 68 69 70 
2
583 620 
2
584 205 
1
585 
52
476 597 584 205 591 590 477 589 596 206 599 602 523 510 588 204 585 575 470 592 568 567 491 575 470 592 568 567 491 586 594 511 166 202 167 514 203 201 163 164 165 593 162 643 475 475 573 573 581 581 199 200 
1
587 
3
588 204 585 
1
589 
1
590 
4
591 590 477 589 
1
592 
3
593 162 587 
1
594 
5
595 160 158 159 161 
4
596 206 599 602 
1
597 
11
598 74 595 160 158 159 161 73 593 162 587 
2
599 602 
18
600 295 601 296 596 206 599 602 604 603 208 606 210 211 209 293 294 207 
2
601 296 
1
602 
2
603 208 
10
604 603 208 606 210 211 209 293 294 207 
3
605 212 292 
4
606 210 211 209 
41
607 291 214 213 290 215 608 289 216 605 212 292 295 296 604 603 208 606 210 211 209 293 294 600 601 297 298 299 297 298 299 285 286 219 609 218 287 217 288 207 220 
3
608 289 216 
5
609 218 287 217 288 
12
610 419 468 564 49 520 518 53 490 52 50 51 
52
488 353 387 388 352 386 354 563 562 351 389 350 390 499 385 355 384 500 383 382 357 356 524 379 360 380 359 377 378 517 381 358 529 376 363 362 361 364 375 495 365 366 367 368 369 374 373 371 370 372 561 349 
4
612 344 342 343 
11
613 392 614 393 347 345 346 489 394 390 391 
1
614 
3
615 304 303 
1
616 
5
617 307 616 531 636 
27
618 309 530 506 308 635 640 60 505 638 637 639 65 63 64 472 578 305 306 641 62 61 617 307 616 531 636 
11
619 310 311 583 620 526 532 528 533 469 540 
1
620 
11
621 28 622 26 24 25 27 438 437 436 29 
5
622 26 24 25 27 
19
623 435 30 434 626 625 433 31 621 28 622 26 24 25 27 438 437 436 29 
5
624 431 432 33 32 
2
625 433 
4
626 625 433 31 
1
627 
1
628 
1
629 
12
630 442 441 629 23 484 439 440 21 627 22 20 
62
444 443 630 442 441 629 23 484 439 440 21 627 22 20 623 435 30 434 626 625 433 31 621 28 622 26 24 25 27 438 437 436 29 660 429 657 34 430 624 431 432 33 32 428 427 656 36 35 37 659 426 425 658 38 39 471 424 40 651 423 653 41 
3
632 335 336 
5
633 403 402 634 337 
2
634 337 
4
635 640 60 505 
1
636 
5
637 639 65 63 64 
18
638 637 639 65 63 64 472 578 305 306 641 62 61 617 307 616 531 636 
4
639 65 63 64 
2
640 60 
3
641 62 61 
4
642 643 594 72 
2
643 594 
14
644 157 75 646 152 79 645 154 77 153 78 155 156 76 
8
645 154 77 153 78 155 156 76 
11
646 152 79 645 154 77 153 78 155 156 76 
5
647 81 150 151 80 
10
648 83 148 82 149 647 81 150 151 80 
7
649 652 654 43 44 422 421 
2
650 420 
3
651 424 423 
4
652 654 43 44 
4
653 40 41 42 
3
654 43 44 
46
655 565 45 650 420 566 47 48 46 610 419 468 564 49 520 518 53 490 52 50 51 521 418 527 56 54 501 479 528 540 55 525 519 42 649 652 654 43 44 422 421 474 504 57 58 59 
4
656 36 35 37 
1
657 
2
658 38 
21
659 426 425 658 38 39 471 651 424 423 653 40 41 42 649 652 654 43 44 422 421 
37
660 429 657 34 430 624 431 432 33 32 428 427 656 36 35 37 659 426 425 658 38 39 471 651 424 423 653 40 41 42 649 652 654 43 44 422 421 
21
661 407 665 334 332 333 663 409 410 408 664 331 330 486 548 411 412 549 329 327 328 
61
662 406 405 404 632 335 336 633 403 402 634 337 487 401 338 661 407 665 334 332 333 663 409 410 408 664 331 330 486 548 411 412 549 329 328 397 342 343 560 340 399 400 339 341 398 611 395 396 612 344 348 613 392 614 393 347 345 346 489 394 391 
4
663 409 410 408 
3
664 331 330 
4
665 334 332 333 
44
666 642 598 595 158 161 587 644 75 645 77 155 76 72 160 67 582 71 68 69 70 67 582 71 68 69 70 157 154 153 78 156 74 159 73 82 647 81 150 151 80 646 152 79 
