15
832 760 392 714 849 541 569 549 807 856 857 858 859 860 861 
862
5
0 1 539 538 2 
1
1 
1
2 
1
3 
2
4 3 
3
5 4 3 
7
6 7 8 12 9 11 10 
1
7 
1
8 
1
9 
1
10 
2
11 10 
4
12 9 11 10 
1
13 
3
14 13 15 
1
15 
2
16 17 
1
17 
3
18 19 20 
2
19 20 
1
20 
1
21 
1
22 
3
23 22 24 
1
24 
6
25 27 26 28 30 29 
1
26 
2
27 26 
3
28 30 29 
1
29 
2
30 29 
5
31 32 33 34 35 
2
32 33 
1
33 
2
34 35 
1
35 
2
36 37 
1
37 
1
38 
1
39 
4
40 39 42 41 
1
41 
2
42 41 
2
43 44 
1
44 
5
45 47 46 48 49 
1
46 
2
47 46 
2
48 49 
1
49 
4
50 52 51 759 
1
51 
2
52 51 
1
53 
1
54 
4
55 54 56 53 
1
56 
2
57 58 
1
58 
2
59 60 
1
60 
5
61 59 60 566 810 
1
62 
1
63 
3
64 62 63 
1
65 
5
66 65 64 62 63 
1
67 
2
68 67 
2
69 70 
1
70 
3
71 69 70 
3
72 74 73 
1
73 
2
74 73 
5
75 76 72 74 73 
1
76 
2
77 78 
1
78 
3
79 77 78 
1
80 
2
81 82 
1
82 
5
83 84 85 81 82 
1
84 
1
85 
1
86 
2
87 86 
2
88 89 
1
89 
3
90 88 89 
5
91 92 90 88 89 
1
92 
1
93 
4
94 93 95 96 
1
95 
1
96 
1
97 
6
98 97 99 100 101 102 
1
99 
3
100 101 102 
1
101 
1
102 
1
103 
2
104 105 
1
105 
4
106 104 105 103 
2
107 108 
1
108 
1
109 
1
110 
5
111 109 110 107 108 
1
112 
2
113 112 
2
114 115 
1
115 
5
116 114 115 113 112 
3
117 119 118 
1
118 
2
119 118 
1
120 
2
121 120 
3
122 121 120 
1
123 
2
124 123 
7
125 126 124 123 122 121 120 
1
126 
1
127 
6
128 127 141 129 131 130 
3
129 131 130 
1
130 
1
131 
9
132 133 140 139 138 134 135 137 136 
1
133 
2
134 135 
1
135 
1
136 
2
137 136 
5
138 134 135 137 136 
1
139 
2
140 139 
4
141 129 131 130 
1
142 
19
143 142 145 144 128 127 141 129 131 130 132 133 140 139 138 134 135 137 136 
1
144 
2
145 144 
1
146 
6
147 146 148 149 151 150 
4
148 149 151 150 
1
149 
1
150 
2
151 150 
1
152 
2
153 152 
3
154 153 152 
2
155 156 
1
156 
2
157 158 
1
158 
1
159 
2
160 159 
1
161 
2
162 161 
1
163 
2
164 163 
7
165 166 164 163 667 688 609 
1
166 
1
167 
2
168 167 
3
169 168 167 
1
170 
2
171 170 
1
172 
2
173 172 
1
174 
4
175 174 177 176 
1
176 
2
177 176 
2
178 179 
1
179 
3
180 178 179 
1
181 
2
182 181 
2
183 184 
1
184 
40
185 186 187 698 183 184 192 194 193 190 191 188 189 552 638 593 574 639 198 197 195 196 624 699 273 277 274 275 276 604 687 664 583 269 266 267 268 272 271 270 
2
186 187 
1
187 
2
188 189 
1
189 
4
190 191 188 189 
1
191 
7
192 194 193 190 191 188 189 
1
193 
2
194 193 
2
195 196 
1
196 
3
197 195 196 
4
198 197 195 196 
5
199 203 202 201 200 
1
200 
1
201 
3
202 201 200 
1
203 
8
204 205 206 199 203 202 201 200 
1
205 
1
206 
2
207 208 
1
208 
6
209 210 211 214 212 213 
2
210 211 
1
211 
2
212 213 
1
213 
3
214 212 213 
3
215 217 216 
1
216 
2
217 216 
4
218 221 219 220 
2
219 220 
1
220 
3
221 219 220 
6
222 223 225 224 226 227 
1
223 
1
224 
2
225 224 
2
226 227 
1
227 
3
228 230 229 
1
229 
2
230 229 
11
231 232 233 234 236 235 237 573 238 239 240 
1
232 
2
233 234 
1
234 
1
235 
7
236 235 237 573 238 239 240 
1
237 
3
238 239 240 
1
239 
1
240 
3
241 242 243 
1
242 
1
243 
1
244 
5
245 244 241 242 243 
2
246 247 
1
247 
12
248 249 255 250 540 252 251 254 253 636 246 247 
1
249 
6
250 540 252 251 254 253 
1
251 
2
252 251 
1
253 
2
254 253 
1
255 
6
256 257 258 261 259 260 
1
257 
1
258 
2
259 260 
1
260 
3
261 259 260 
1
262 
1
263 
10
264 263 262 265 256 257 258 261 259 260 
1
265 
3
266 267 268 
1
267 
1
268 
7
269 266 267 268 272 271 270 
1
270 
1
271 
3
272 271 270 
5
273 277 274 275 276 
1
274 
2
275 276 
1
276 
4
277 274 275 276 
1
278 
2
279 278 
1
280 
2
281 280 
2
282 283 
1
283 
3
284 285 286 
2
285 286 
1
286 
1
287 
2
288 289 
1
289 
2
290 291 
1
291 
7
292 290 291 296 295 294 293 
1
293 
2
294 293 
1
295 
4
296 295 294 293 
1
297 
4
298 297 300 299 
1
299 
2
300 299 
2
301 302 
1
302 
1
303 
2
304 303 
2
305 306 
1
306 
5
307 305 306 304 303 
2
308 309 
1
309 
11
310 311 308 309 312 313 307 305 306 304 303 
1
311 
2
312 313 
1
313 
6
314 315 319 318 317 316 
1
315 
1
316 
2
317 316 
1
318 
4
319 318 317 316 
1
320 
2
321 320 
2
322 323 
1
323 
1
324 
1
325 
1
326 
2
327 326 
1
328 
1
329 
1
330 
1
331 
5
332 328 329 327 326 
7
333 325 332 328 329 327 326 
11
334 324 322 323 333 325 332 328 329 327 326 
7
335 341 336 338 340 339 337 
1
336 
1
337 
4
338 340 339 337 
1
339 
1
340 
2
341 336 
1
342 
4
343 342 345 344 
1
344 
2
345 344 
6
346 347 348 349 351 350 
1
347 
4
348 349 351 350 
1
349 
1
350 
2
351 350 
1
352 
3
353 354 352 
1
354 
1
355 
1
356 
6
357 356 355 353 354 352 
2
358 359 
1
359 
6
360 362 361 363 358 359 
1
361 
2
362 361 
1
363 
2
364 365 
1
365 
9
366 368 367 364 365 369 370 371 372 
1
367 
2
368 367 
4
369 370 371 372 
3
370 371 372 
1
371 
1
372 
1
373 
21
374 373 718 376 375 378 379 377 712 713 382 383 381 380 561 719 717 298 297 300 299 
1
375 
2
376 375 
1
377 
3
378 379 377 
1
379 
1
380 
2
381 380 
4
382 383 381 380 
1
383 
3
384 386 385 
1
385 
2
386 385 
3
387 389 388 
1
388 
2
389 388 
1
390 
1
391 
28
684 696 703 695 690 680 691 700 701 681 702 646 694 651 645 185 698 624 699 842 186 649 648 653 840 683 647 682 
3
393 395 394 
1
394 
1
395 
5
396 397 393 395 394 
1
397 
1
398 
1
399 
3
400 399 398 
6
401 402 403 400 399 398 
1
402 
1
403 
1
404 
2
405 404 
1
406 
3
407 406 408 
1
408 
2
409 410 
1
410 
6
411 409 410 407 406 408 
1
412 
2
413 412 
1
414 
1
415 
3
416 415 414 
2
417 418 
1
418 
6
419 420 421 423 422 728 
2
420 421 
1
421 
1
422 
3
423 422 728 
3
424 426 425 
1
425 
2
426 425 
3
427 428 429 
2
428 429 
1
429 
7
430 431 432 433 427 428 429 
1
431 
2
432 433 
1
433 
2
434 435 
1
435 
1
436 
2
437 438 
1
438 
4
439 440 437 438 
1
440 
1
441 
6
442 443 441 685 445 444 
1
443 
1
444 
2
445 444 
2
446 447 
1
447 
1
448 
2
449 448 
4
450 451 449 448 
1
451 
2
452 453 
1
453 
1
454 
1
455 
4
456 455 454 806 
1
457 
2
458 457 
1
459 
2
460 459 
1
461 
2
462 461 
1
463 
2
464 463 
1
465 
1
466 
5
467 465 466 464 463 
1
468 
5
469 468 472 470 471 
2
470 471 
1
471 
3
472 470 471 
2
473 474 
1
474 
7
475 473 474 477 476 478 479 
1
476 
4
477 476 478 479 
2
478 479 
1
479 
8
480 482 481 483 484 485 486 487 
1
481 
2
482 481 
5
483 484 485 486 487 
2
484 485 
1
485 
2
486 487 
1
487 
2
488 489 
1
489 
13
490 488 489 492 491 480 482 481 483 484 485 486 487 
1
491 
2
492 491 
1
493 
2
494 493 
2
495 496 
1
496 
1
497 
2
498 497 
2
499 500 
1
500 
6
501 499 500 504 503 502 
1
502 
2
503 502 
3
504 503 502 
2
505 506 
1
506 
3
507 509 508 
1
508 
2
509 508 
5
510 511 507 509 508 
1
511 
1
512 
2
513 512 
1
514 
6
515 516 514 815 16 17 
1
516 
1
517 
2
518 517 
4
519 520 521 522 
1
520 
2
521 522 
1
522 
16
523 524 526 525 528 527 529 568 829 830 535 534 533 532 531 530 
1
524 
1
525 
2
526 525 
1
527 
3
528 527 529 
1
529 
1
530 
2
531 530 
1
532 
4
533 532 531 530 
1
534 
2
535 534 
2
536 537 
1
537 
1
538 
2
539 538 
1
540 
125
541 676 607 560 637 592 207 208 204 205 206 199 203 202 201 200 665 563 586 218 221 219 220 608 606 215 217 216 209 210 211 214 212 213 630 631 589 629 632 580 588 264 263 262 265 256 257 258 261 259 260 248 249 255 250 540 252 251 254 253 636 246 247 633 634 635 613 551 675 611 602 601 612 668 228 230 229 222 223 225 224 226 227 610 600 582 245 244 241 242 243 231 232 233 234 236 235 237 573 238 239 240 192 194 193 190 191 552 638 593 574 639 198 197 195 196 604 687 664 583 269 266 267 268 270 
2
542 822 
32
543 666 162 161 165 166 164 163 667 688 609 599 581 94 93 95 96 823 820 542 822 91 92 90 88 89 824 171 170 169 168 167 
8
544 821 87 86 711 710 173 172 
4
545 753 767 768 
1
546 
1
547 
2
548 674 
83
549 619 618 670 621 620 550 590 310 311 308 309 312 313 307 305 306 597 598 360 362 361 363 358 359 605 591 366 368 367 364 365 572 671 622 343 342 345 344 335 341 336 338 340 339 337 616 617 321 320 314 315 319 318 317 316 334 324 322 323 333 325 332 328 329 327 326 596 595 576 623 357 356 355 353 354 352 346 347 348 349 351 350 
2
550 590 
1
551 
9
552 638 593 574 639 198 197 195 196 
1
553 
1
554 
1
555 
1
556 
5
557 755 704 736 735 
1
558 
2
559 627 
2
560 637 
7
561 719 717 298 297 300 299 
1
562 
1
563 
1
564 
1
565 
2
566 810 
1
567 
2
568 829 
45
569 384 385 837 289 834 292 290 291 296 295 294 293 374 373 718 376 375 378 379 377 712 713 382 383 381 380 561 719 717 298 297 300 299 721 720 301 302 371 372 304 303 578 369 370 
12
570 655 106 104 105 103 98 97 99 100 101 102 
2
571 652 
51
572 671 622 343 342 345 344 335 341 336 338 340 339 337 616 617 321 320 314 315 319 318 317 316 334 324 322 323 333 325 332 328 329 327 326 596 595 576 623 357 356 355 353 354 352 346 347 348 349 351 350 
1
573 
6
574 639 198 197 195 196 
8
575 641 416 415 414 584 417 418 
2
576 623 
1
577 
1
578 
3
579 656 603 
2
580 588 
1
581 
1
582 
1
583 
3
584 417 418 
5
585 68 67 559 627 
1
586 
7
587 446 447 450 451 449 448 
1
588 
2
589 629 
1
590 
1
591 
3
592 207 208 
1
593 
12
594 405 404 640 413 412 411 409 410 407 406 408 
1
595 
16
596 595 576 623 357 356 355 353 354 352 346 347 348 349 351 350 
8
597 598 360 362 361 363 358 359 
1
598 
6
599 581 94 93 95 96 
1
600 
1
601 
2
602 601 
1
603 
11
604 687 664 583 269 266 267 268 272 271 270 
2
605 591 
1
606 
1
607 
11
608 606 215 217 216 209 210 211 214 212 213 
1
609 
19
610 600 582 245 244 241 242 243 231 232 233 234 236 235 237 573 238 239 240 
1
611 
11
612 668 228 230 229 222 223 225 224 226 227 
2
613 551 
27
614 536 537 0 1 539 538 2 5 4 3 523 524 526 525 528 527 529 568 829 830 535 534 533 532 531 530 
2
615 669 
10
616 617 321 320 314 315 319 318 317 316 
1
617 
2
618 670 
1
619 
1
620 
4
621 620 550 590 
1
622 
1
623 
18
624 699 273 277 274 275 276 604 687 664 583 269 266 267 268 272 271 270 
3
625 809 726 
2
626 689 
1
627 
1
628 
1
629 
29
630 631 589 629 632 580 588 264 263 262 265 256 257 258 261 259 260 248 249 255 250 540 252 251 254 253 636 246 247 
1
631 
3
632 580 588 
39
633 634 635 613 551 675 611 602 601 612 668 228 230 229 222 223 225 224 226 227 610 600 582 245 244 241 242 243 231 232 233 234 236 235 237 573 238 239 240 
2
634 635 
1
635 
3
636 246 247 
1
637 
1
638 
1
639 
3
640 413 412 
1
641 
1
642 
2
643 678 
16
644 642 571 652 594 405 404 640 413 412 411 409 410 407 406 408 
1
645 
2
646 694 
2
647 682 
10
648 649 71 69 70 75 76 72 74 73 
1
649 
16
650 646 694 79 77 78 648 649 71 69 70 75 76 72 74 73 
1
651 
1
652 
1
653 
30
654 653 838 401 402 403 400 399 398 396 397 393 395 394 644 642 571 652 594 405 404 640 413 412 411 409 410 407 406 408 
1
655 
1
656 
2
657 780 
1
658 
19
659 505 506 579 656 603 501 499 500 504 503 502 724 452 453 456 455 454 806 
7
660 770 763 769 764 775 774 
2
661 658 
36
662 663 661 658 442 443 441 685 445 444 587 446 447 450 451 449 448 659 505 506 579 656 603 501 499 500 504 503 502 724 452 453 456 455 454 806 
1
663 
1
664 
18
665 563 586 218 221 219 220 608 606 215 217 216 209 210 211 214 212 213 
1
666 
3
667 688 609 
1
668 
1
669 
1
670 
1
671 
14
672 554 626 689 677 811 575 641 416 415 414 584 417 418 
11
673 628 548 674 643 678 585 68 67 559 627 
1
674 
4
675 611 602 601 
1
676 
2
677 811 
1
678 
4
679 565 765 766 
7
680 842 691 700 701 681 702 
1
681 
1
682 
1
683 
24
684 696 703 695 690 680 842 691 700 701 681 702 798 697 797 80 799 182 181 716 577 180 178 179 
3
685 445 444 
8
686 693 692 705 439 440 437 438 
2
687 664 
1
688 
1
689 
1
690 
2
691 700 
2
692 705 
1
693 
1
694 
2
695 690 
2
696 703 
1
697 
3
698 183 184 
1
699 
1
700 
3
701 681 702 
1
702 
1
703 
3
704 736 735 
1
705 
1
706 
5
707 800 547 801 562 
7
708 804 510 511 507 509 508 
1
709 
1
710 
4
711 710 173 172 
6
712 713 382 383 381 380 
1
713 
47
544 821 87 711 172 162 165 166 164 163 667 688 609 599 581 94 93 95 96 823 820 542 822 91 92 90 88 89 824 171 170 169 168 167 98 97 99 100 101 160 159 103 543 666 161 655 102 
1
715 
5
716 577 180 178 179 
1
717 
3
718 376 375 
2
719 717 
3
720 301 302 
16
721 578 605 591 720 301 302 366 368 367 364 365 369 370 371 372 
1
722 
7
723 722 66 65 64 62 63 
7
724 452 453 456 455 454 806 
25
725 615 669 116 114 115 113 112 111 109 110 107 108 570 655 106 104 105 103 98 97 99 100 101 102 
1
726 
5
727 730 424 426 425 
1
728 
1
729 
1
730 
1
731 
10
732 729 731 734 733 727 730 424 426 425 
1
733 
2
734 733 
1
735 
1
736 
1
737 
1
738 
4
739 436 434 435 
1
740 
2
741 757 
3
742 740 737 
4
743 749 747 745 
1
744 
1
745 
1
746 
2
747 745 
2
748 796 
1
749 
177
750 752 50 52 51 759 794 795 748 796 45 47 46 48 49 791 43 44 40 39 42 41 751 744 743 749 747 745 790 556 746 756 546 741 757 742 740 737 732 729 731 734 733 727 730 424 426 425 784 783 785 788 771 772 778 779 660 770 763 769 764 775 774 786 792 787 793 38 36 37 762 706 558 739 436 434 435 557 755 704 736 735 430 431 432 433 427 428 429 686 693 692 705 439 440 437 438 776 777 657 780 708 804 510 511 507 509 508 812 513 512 813 21 18 19 20 803 802 23 22 24 25 27 26 28 30 29 773 789 781 782 31 32 33 34 35 707 800 547 801 562 662 663 661 658 442 443 441 685 445 444 587 446 447 450 451 449 448 659 505 506 579 656 603 501 499 500 504 503 502 724 452 453 456 455 454 806 
26
751 744 743 749 747 745 790 556 746 756 546 741 757 742 740 737 732 729 731 734 733 727 730 424 426 425 
1
752 
1
753 
16
754 738 555 625 809 726 545 753 767 768 419 420 421 423 422 728 
1
755 
7
756 546 741 757 742 740 737 
1
757 
1
758 
1
759 
57
758 805 709 679 565 765 766 61 59 60 566 810 723 722 66 65 64 62 63 545 767 768 673 628 548 674 643 678 585 67 554 626 689 677 811 575 641 644 642 594 640 413 412 411 409 410 407 408 559 627 571 415 414 584 672 416 855 
19
761 57 58 55 54 56 53 61 59 60 566 810 723 722 66 65 64 62 63 
27
762 706 558 739 436 434 435 557 755 704 736 735 430 431 432 433 427 428 429 686 693 692 705 439 440 437 438 
2
763 769 
3
764 775 774 
2
765 766 
1
766 
2
767 768 
1
768 
1
769 
1
770 
1
771 
3
772 778 779 
14
773 789 781 782 31 32 33 34 35 707 800 547 801 562 
1
774 
1
775 
80
776 777 657 780 708 804 510 511 507 509 508 812 513 512 813 21 18 19 20 803 802 23 22 24 25 27 26 28 30 29 773 789 781 782 31 32 33 34 35 707 800 547 801 562 662 663 661 658 442 443 441 685 445 444 587 446 447 450 451 449 448 659 505 506 579 656 603 501 499 500 504 503 502 724 452 453 456 455 454 806 
1
777 
1
778 
1
779 
1
780 
2
781 782 
1
782 
1
783 
129
784 783 785 788 771 772 778 779 660 770 763 769 764 775 774 786 792 787 793 38 36 37 762 706 558 739 436 434 435 557 755 704 736 735 430 431 432 433 427 428 429 686 693 692 705 439 440 437 438 776 777 657 780 708 804 510 511 507 509 508 812 513 512 813 21 18 19 20 803 802 23 22 24 25 27 26 28 30 29 773 789 781 782 31 32 33 34 35 707 800 547 801 562 662 663 661 658 442 443 441 685 445 444 587 446 447 450 451 449 448 659 505 506 579 656 603 501 499 500 504 503 502 724 452 453 456 455 454 806 
3
785 788 771 
7
786 792 787 793 38 36 37 
1
787 
1
788 
1
789 
3
790 556 746 
7
791 43 44 40 39 42 41 
1
792 
4
793 38 36 37 
16
794 795 748 796 45 47 46 48 49 791 43 44 40 39 42 41 
1
795 
1
796 
2
797 80 
12
798 697 797 80 799 182 181 716 577 180 178 179 
8
799 182 181 716 577 180 178 179 
1
800 
2
801 562 
1
802 
11
803 802 23 22 24 25 27 26 28 30 29 
1
804 
2
805 709 
1
806 
52
807 498 497 495 496 808 460 459 458 457 814 494 493 462 461 816 819 467 465 466 464 463 469 468 472 470 471 817 818 475 473 474 477 476 478 479 490 488 489 492 491 480 482 481 483 484 485 486 487 813 20 454 
5
808 460 459 458 457 
1
809 
1
810 
1
811 
19
812 513 512 813 21 18 19 20 803 802 23 22 24 25 27 26 28 30 29 
5
813 21 18 19 20 
5
814 494 493 462 461 
3
815 16 17 
34
816 819 467 465 466 464 463 469 468 472 470 471 817 818 475 473 474 477 476 478 479 490 488 489 492 491 480 482 481 483 484 485 486 487 
9
817 818 475 473 474 477 476 478 479 
1
818 
1
819 
1
820 
1
821 
1
822 
15
823 820 542 822 91 92 90 88 89 824 171 170 169 168 167 
6
824 171 170 169 168 167 
1
825 
6
826 282 283 848 281 280 
2
827 845 
1
828 
1
829 
7
830 535 534 533 532 531 530 
12
831 828 14 13 15 6 7 8 12 9 11 10 
60
832 518 517 519 520 521 522 516 815 16 17 831 828 14 13 15 6 7 8 12 9 11 10 614 536 537 0 1 539 538 2 5 4 3 523 524 526 525 528 527 529 568 829 830 535 534 533 532 531 530 19 500 455 515 514 806 513 18 499 456 
1
833 
2
834 833 
10
835 825 387 389 388 836 287 284 285 286 
5
836 287 284 285 286 
5
837 288 289 834 833 
1
838 
1
839 
5
840 683 645 647 682 
12
841 847 564 843 279 278 826 282 283 848 281 280 
1
842 
3
843 279 278 
1
844 
1
845 
3
846 844 839 
2
847 564 
3
848 281 280 
65
849 854 155 156 852 157 158 850 853 117 119 118 725 615 669 116 114 115 113 112 111 109 110 107 108 570 106 104 105 851 154 153 152 147 146 148 149 151 150 125 126 124 123 122 121 120 143 142 145 144 128 127 141 129 131 130 132 133 140 139 138 134 135 137 136 
5
850 853 117 119 118 
36
851 154 153 152 147 146 148 149 151 150 125 126 124 123 122 121 120 143 142 145 144 128 127 141 129 131 130 132 133 140 139 138 134 135 137 136 
5
852 160 159 157 158 
1
853 
3
854 155 156 
62
855 651 840 683 645 647 682 673 628 548 674 643 678 585 68 67 559 627 672 554 626 689 677 811 575 641 416 415 414 584 417 418 654 653 838 401 402 403 400 399 398 396 397 393 395 394 644 642 571 652 594 405 404 640 413 412 411 409 410 407 406 408 
58
856 392 390 845 844 841 564 279 826 283 281 835 389 836 284 391 827 846 839 847 843 278 282 848 280 654 838 401 402 403 400 399 398 396 397 393 395 394 652 405 404 406 273 275 276 272 271 277 274 825 388 285 286 386 288 833 387 287 
46
857 714 177 83 82 797 799 181 577 178 79 78 69 75 74 80 716 180 179 77 71 70 76 72 73 68 650 697 715 176 81 175 184 187 188 189 798 182 183 174 710 173 567 85 86 84 
46
858 750 50 51 794 748 45 46 49 43 42 744 749 745 741 742 737 755 736 432 553 752 52 759 796 48 44 41 751 747 746 757 733 557 735 433 760 761 57 58 55 54 56 53 47 556 
83
859 778 764 793 777 804 509 512 23 27 29 782 34 547 663 443 444 450 659 656 724 784 785 771 660 763 774 792 36 558 436 693 705 440 438 780 511 812 21 803 24 28 789 32 707 562 658 685 446 449 506 501 503 453 772 770 775 37 686 439 776 708 507 802 25 30 781 33 800 662 442 445 447 448 579 502 40 756 762 435 783 787 739 
38
860 738 423 791 743 790 546 740 731 727 424 425 704 431 428 753 422 625 809 726 419 420 421 728 417 418 754 729 734 430 427 429 555 732 730 426 795 434 
27
861 788 437 510 22 31 801 441 451 603 452 39 779 769 786 38 657 508 26 773 35 661 587 505 504 706 692 
