15
564 714 685 533 642 97 106 665 315 763 728 775 776 777 778 
779
1
0 
1
1 
3
2 3 4 
1
3 
1
4 
1
5 
2
6 7 
1
7 
1
8 
1
9 
1
10 
1
11 
1
12 
1
13 
1
14 
1
15 
1
16 
2
17 16 
2
18 19 
1
19 
1
20 
1
21 
1
22 
1
23 
1
24 
2
25 24 
1
26 
1
27 
1
28 
1
29 
2
30 29 
1
31 
1
32 
1
33 
2
34 35 
1
35 
1
36 
1
37 
1
38 
1
39 
1
40 
1
41 
1
42 
3
43 42 44 
1
44 
1
45 
1
46 
1
47 
1
48 
1
49 
1
50 
1
51 
1
52 
2
53 52 
2
54 55 
1
55 
2
56 57 
1
57 
3
58 56 57 
2
59 60 
1
60 
1
61 
1
62 
1
63 
1
64 
1
65 
1
66 
1
67 
3
68 69 70 
2
69 70 
1
70 
1
71 
1
72 
2
73 690 
1
74 
1
75 
1
76 
1
77 
2
78 79 
1
79 
1
80 
2
81 82 
1
82 
1
83 
1
84 
1
85 
2
86 85 
1
87 
1
88 
1
89 
1
90 
1
91 
1
92 
1
93 
1
94 
2
95 94 
1
96 
40
720 145 146 86 85 706 84 147 148 705 149 83 81 82 538 80 152 150 151 605 77 78 79 153 154 608 75 76 607 74 542 159 158 156 606 155 157 73 71 72 
1
98 
1
99 
1
100 
1
101 
2
102 129 
4
103 128 104 127 
2
104 127 
1
105 
28
106 125 126 105 103 128 104 127 107 124 108 123 112 120 109 122 121 110 111 119 113 114 115 118 117 116 129 102 
4
107 124 108 123 
2
108 123 
3
109 122 121 
2
110 111 
1
111 
14
112 120 109 122 121 110 111 119 113 114 115 118 117 116 
1
113 
1
114 
3
115 118 117 
1
116 
1
117 
1
118 
7
119 113 114 115 118 117 116 
1
120 
1
121 
1
122 
1
123 
1
124 
1
125 
2
126 105 
1
127 
1
128 
1
129 
4
130 101 102 129 
6
131 100 130 101 102 129 
4
132 99 133 98 
2
133 98 
1
134 
1
135 
8
136 96 137 95 94 723 138 93 
1
137 
1
138 
1
139 
1
140 
1
141 
1
142 
1
143 
1
144 
1
145 
1
146 
2
147 148 
1
148 
1
149 
2
150 151 
1
151 
1
152 
1
153 
1
154 
1
155 
1
156 
1
157 
2
158 156 
1
159 
1
160 
1
161 
1
162 
2
163 166 
2
164 165 
1
165 
1
166 
1
167 
1
168 
1
169 
1
170 
2
171 170 
1
172 
2
173 174 
1
174 
2
175 179 
3
176 178 177 
1
177 
1
178 
1
179 
1
180 
17
181 186 194 620 187 619 621 192 188 191 189 190 193 182 184 183 185 
4
182 184 183 185 
1
183 
2
184 183 
1
185 
1
186 
1
187 
1
188 
2
189 190 
1
190 
3
191 189 190 
6
192 188 191 189 190 193 
1
193 
3
194 620 187 
1
195 
1
196 
1
197 
2
198 197 
2
199 196 
1
200 
1
201 
3
202 204 203 
1
203 
1
204 
4
205 202 204 203 
7
206 207 201 205 202 204 203 
1
207 
1
208 
52
209 212 562 680 681 216 213 215 582 228 234 648 679 695 221 703 653 560 559 655 583 650 243 651 227 222 226 224 225 223 220 217 219 218 229 233 230 231 232 210 211 649 242 238 235 563 236 237 241 239 240 214 
2
210 211 
1
211 
1
212 
2
213 215 
1
214 
1
215 
1
216 
1
217 
1
218 
2
219 218 
4
220 217 219 218 
1
221 
1
222 
1
223 
1
224 
1
225 
4
226 224 225 223 
6
227 222 226 224 225 223 
1
228 
5
229 233 230 231 232 
3
230 231 232 
1
231 
1
232 
1
233 
1
234 
1
235 
2
236 237 
1
237 
2
238 235 
1
239 
1
240 
3
241 239 240 
1
242 
1
243 
1
244 
1
245 
5
246 588 167 163 166 
1
247 
1
248 
2
249 248 
2
250 247 
1
251 
1
252 
1
253 
1
254 
2
255 257 
1
256 
1
257 
1
258 
1
259 
1
260 
1
261 
1
262 
1
263 
2
264 265 
1
265 
1
266 
1
267 
1
268 
1
269 
1
270 
1
271 
1
272 
1
273 
1
274 
1
275 
1
276 
1
277 
2
278 277 
1
279 
1
280 
1
281 
4
282 312 283 311 
2
283 311 
2
284 310 
6
285 309 286 308 284 310 
2
286 308 
9
287 307 288 306 305 289 304 290 291 
2
288 306 
1
289 
1
290 
1
291 
1
292 
1
293 
1
294 
5
295 298 299 296 297 
2
296 297 
1
297 
1
298 
1
299 
8
300 294 293 295 298 299 296 297 
12
301 303 292 302 300 294 293 295 298 299 296 297 
1
302 
1
303 
3
304 290 291 
5
305 289 304 290 291 
1
306 
1
307 
1
308 
1
309 
1
310 
1
311 
1
312 
2
313 281 
35
314 280 313 281 282 312 283 311 285 309 286 308 284 310 287 307 288 306 305 289 304 290 291 301 303 292 302 300 294 293 295 298 299 296 297 
25
286 308 287 307 288 306 305 289 304 290 291 301 303 292 302 300 294 293 295 298 299 296 297 285 309 
1
316 
1
317 
2
318 319 
1
319 
1
320 
1
321 
1
322 
1
323 
1
324 
1
325 
1
326 
1
327 
1
328 
1
329 
1
330 
1
331 
1
332 
1
333 
1
334 
2
335 334 
1
336 
1
337 
1
338 
1
339 
1
340 
1
341 
1
342 
1
343 
1
344 
1
345 
1
346 
1
347 
2
348 347 
2
349 350 
1
350 
1
351 
1
352 
1
353 
2
354 353 
1
355 
1
356 
1
357 
1
358 
1
359 
2
360 359 
3
361 360 359 
1
362 
1
363 
1
364 
1
365 
1
366 
1
367 
2
368 367 
1
369 
1
370 
2
371 372 
1
372 
1
373 
1
374 
1
375 
1
376 
1
377 
1
378 
1
379 
1
380 
1
381 
1
382 
2
383 382 
1
384 
1
385 
1
386 
2
387 388 
1
388 
3
389 387 388 
1
390 
1
391 
1
392 
2
393 392 
1
394 
1
395 
2
396 395 
1
397 
1
398 
1
399 
2
400 401 
1
401 
1
402 
1
403 
1
404 
1
405 
2
406 405 
8
407 409 410 408 411 412 406 405 
1
408 
2
409 410 
1
410 
2
411 412 
1
412 
1
413 
1
414 
1
415 
9
416 415 418 417 419 727 422 420 421 
1
417 
3
418 417 419 
1
419 
2
420 421 
1
421 
1
422 
1
423 
1
424 
1
425 
1
426 
2
427 428 
1
428 
1
429 
2
430 431 
1
431 
1
432 
1
433 
1
434 
1
435 
1
436 
1
437 
1
438 
1
439 
1
440 
1
441 
1
442 
2
443 444 
1
444 
1
445 
1
446 
1
447 
1
448 
2
449 450 
1
450 
1
451 
1
452 
2
453 452 
1
454 
1
455 
1
456 
1
457 
1
458 
1
459 
1
460 
1
461 
2
462 461 
3
463 616 614 
1
464 
1
465 
1
466 
1
467 
1
468 
2
469 470 
1
470 
1
471 
2
472 473 
1
473 
1
474 
1
475 
1
476 
1
477 
2
478 477 
1
479 
1
480 
1
481 
1
482 
2
483 484 
1
484 
3
485 483 484 
1
486 
1
487 
2
488 489 
1
489 
1
490 
1
491 
1
492 
1
493 
1
494 
1
495 
2
496 495 
1
497 
1
498 
1
499 
1
500 
2
501 502 
1
502 
1
503 
1
504 
1
505 
1
506 
1
507 
2
508 507 
1
509 
1
510 
6
511 509 510 512 508 507 
1
512 
1
513 
1
514 
1
515 
1
516 
2
517 0 
10
518 662 663 713 351 349 350 711 712 541 
1
519 
1
520 
1
521 
6
522 635 476 632 37 36 
1
523 
3
524 585 27 
1
525 
7
526 596 362 363 589 364 365 
12
527 762 455 456 552 369 368 367 370 707 457 458 
3
528 753 451 
1
529 
7
530 746 383 382 742 442 441 
1
531 
4
532 760 62 61 
49
699 759 64 63 704 702 65 677 346 647 348 347 678 692 693 698 697 518 662 713 349 350 711 712 541 640 578 342 343 341 579 691 646 344 345 700 525 694 701 67 66 548 68 69 70 644 532 760 62 
4
534 602 536 603 
3
535 657 254 
2
536 603 
32
537 755 438 437 748 386 575 389 387 388 553 391 393 392 531 574 434 433 390 573 639 436 435 740 394 396 395 739 432 430 431 733 
5
538 80 152 150 151 
4
539 628 23 22 
9
540 333 261 332 609 263 331 262 330 
1
541 
2
542 159 
2
543 41 
22
544 45 43 42 44 520 638 471 469 470 543 41 468 594 467 592 466 593 48 47 49 46 
7
545 58 56 57 631 54 55 
1
546 
11
547 482 485 483 484 637 568 28 31 30 29 
4
548 68 69 70 
5
549 578 342 343 341 
2
550 459 
1
551 
5
552 369 368 367 370 
13
553 391 393 392 531 574 434 433 390 573 639 436 435 
7
554 352 709 355 356 354 353 
7
555 498 625 494 497 496 495 
4
556 15 17 16 
2
557 340 
12
558 654 565 244 245 667 668 169 669 656 168 630 
2
559 655 
1
560 
1
561 
1
562 
1
563 
72
564 493 546 556 15 17 16 629 666 20 18 19 626 627 21 491 492 555 498 625 494 497 496 495 577 13 576 617 500 499 14 770 11 10 12 523 771 766 503 9 501 502 504 772 765 774 505 514 767 8 768 515 769 5 1 517 0 2 3 4 516 6 7 773 506 513 511 509 510 512 508 507 
3
565 244 245 
3
566 53 52 
6
567 34 35 634 478 477 
3
568 28 31 
2
569 601 
14
570 259 336 260 335 334 337 258 591 338 590 255 257 256 
31
571 633 39 40 670 474 475 472 473 38 522 635 476 632 37 36 636 673 32 33 671 480 479 672 481 567 34 35 634 478 477 
25
572 597 366 550 459 460 527 762 455 456 552 369 368 367 370 707 457 458 526 596 362 363 589 364 365 
4
573 639 436 435 
3
574 434 433 
4
575 389 387 388 
1
576 
19
577 13 576 617 500 499 14 770 11 10 12 523 771 766 503 9 501 502 504 
4
578 342 343 341 
5
579 691 646 344 345 
3
580 557 340 
6
581 535 657 254 253 339 
8
582 228 234 648 679 695 221 703 
4
583 650 243 651 
1
584 
2
585 27 
4
586 26 25 24 
6
587 487 486 524 585 27 
2
588 167 
3
589 364 365 
3
590 255 257 
6
591 338 590 255 257 256 
1
592 
5
593 48 47 49 46 
9
594 467 592 466 593 48 47 49 46 
20
595 569 601 251 162 250 247 246 588 167 163 166 534 602 536 603 164 165 249 248 
3
596 362 363 
2
597 366 
3
598 50 51 
4
599 566 53 52 
10
600 465 584 598 50 51 599 566 53 52 
1
601 
1
602 
1
603 
3
604 611 161 
9
605 77 78 79 153 154 608 75 76 
2
606 155 
12
607 74 542 159 158 156 606 155 610 519 160 157 
3
608 75 76 
5
609 263 331 262 330 
3
610 519 160 
2
611 161 
1
612 
13
613 615 551 361 360 359 462 461 710 724 358 708 357 
1
614 
5
615 551 361 360 359 
2
616 614 
3
617 500 499 
3
618 180 683 
2
619 621 
1
620 
1
621 
3
622 199 196 
2
623 200 
16
624 208 623 200 622 199 196 198 197 206 207 201 205 202 204 203 
5
625 494 497 496 495 
5
626 627 21 491 492 
2
627 21 
3
628 23 22 
5
629 666 20 18 19 
1
630 
3
631 54 55 
3
632 37 36 
3
633 39 40 
3
634 478 477 
2
635 476 
15
636 673 32 33 671 480 479 672 481 567 34 35 634 478 477 
6
637 568 28 31 30 29 
4
638 471 469 470 
3
639 436 435 
27
640 549 578 342 343 341 579 691 646 344 345 700 525 694 701 67 66 675 689 71 72 548 68 69 70 644 643 
1
641 
52
642 641 645 674 676 690 604 611 161 659 658 252 696 684 580 557 581 535 657 254 253 595 569 601 251 162 250 247 246 588 167 163 166 534 602 536 603 164 165 249 248 675 643 610 519 160 245 669 656 168 689 549 
1
643 
2
644 643 
1
645 
3
646 344 345 
1
647 
2
648 679 
10
649 242 238 235 563 236 237 241 239 240 
2
650 243 
1
651 
1
652 
8
653 560 559 655 583 650 243 651 
1
654 
1
655 
1
656 
2
657 254 
1
658 
14
659 658 252 696 684 580 557 340 581 535 657 254 253 339 
6
660 266 328 264 265 329 
3
661 59 60 
1
662 
1
663 
1
664 
114
665 172 175 179 171 170 682 561 618 180 683 758 652 757 756 195 176 178 177 558 654 565 667 668 169 630 624 208 623 200 622 199 196 198 197 206 207 201 205 202 204 203 173 174 209 212 562 680 681 216 213 215 582 228 234 648 679 695 221 703 653 560 559 655 583 650 243 651 227 222 226 224 225 223 220 217 219 218 229 233 230 231 232 210 211 649 242 238 235 563 236 237 241 239 240 214 181 186 194 620 187 619 621 192 188 191 189 190 193 182 184 183 185 244 
4
666 20 18 19 
3
667 668 169 
1
668 
4
669 656 168 630 
5
670 474 475 472 473 
3
671 480 479 
2
672 481 
2
673 32 
7
674 676 73 690 604 611 161 
10
675 689 71 72 548 68 69 70 644 643 
1
676 
10
677 346 647 348 347 678 692 693 698 697 
2
678 692 
1
679 
1
680 
4
681 216 213 215 
5
682 561 618 180 683 
1
683 
1
684 
31
685 612 661 59 60 61 688 664 686 521 464 545 58 56 57 631 54 55 600 465 584 598 50 51 599 566 53 52 533 663 687 
2
686 521 
1
687 
12
688 664 686 521 464 545 58 56 57 631 54 55 
3
689 71 72 
1
690 
1
691 
1
692 
3
693 698 697 
4
694 701 67 66 
3
695 221 703 
2
696 684 
1
697 
2
698 697 
54
699 759 64 63 704 702 65 677 346 647 348 347 678 692 693 698 697 518 662 663 713 351 349 350 711 712 541 640 549 578 342 343 341 579 691 646 344 345 700 525 694 701 67 66 675 689 71 72 548 68 69 70 644 643 
6
700 525 694 701 67 66 
3
701 67 66 
2
702 65 
1
703 
3
704 702 65 
19
705 149 83 81 82 538 80 152 150 151 605 77 78 79 153 154 608 75 76 
4
706 84 147 148 
3
707 457 458 
2
708 357 
5
709 355 356 354 353 
5
710 724 358 708 357 
1
711 
2
712 541 
7
713 351 349 350 711 712 541 
82
714 490 488 489 586 26 25 24 539 628 23 22 587 487 486 524 585 27 547 482 485 483 484 637 568 28 31 30 29 571 633 39 40 670 474 475 472 473 38 522 635 476 632 37 36 636 673 32 33 671 480 479 672 481 567 34 35 634 478 477 544 45 43 42 44 520 638 471 469 470 543 41 468 594 467 592 466 593 48 47 49 46 
13
715 268 326 267 327 269 325 660 266 328 264 265 329 
3
716 270 324 
9
717 322 272 323 271 716 270 324 273 
6
718 320 274 318 319 321 
4
719 276 317 275 
13
720 87 145 144 88 143 146 86 85 706 84 147 148 
23
721 89 142 141 722 140 91 92 139 90 720 87 145 144 88 143 146 86 85 706 84 147 148 
6
722 140 91 92 139 90 
3
723 138 93 
2
724 358 
14
725 414 736 726 423 416 415 418 417 419 727 422 420 421 
2
726 423 
4
727 422 420 421 
74
728 426 425 424 529 735 402 731 429 734 729 398 427 428 397 732 730 399 400 401 725 414 736 726 423 416 415 418 417 419 727 422 420 421 738 737 413 404 403 407 409 410 408 411 412 406 405 553 391 393 392 531 574 434 433 390 573 639 436 435 740 394 396 395 739 432 430 431 733 537 437 575 389 388 
1
729 
1
730 
13
731 429 734 729 398 427 428 397 732 730 399 400 401 
5
732 730 399 400 401 
1
733 
3
734 729 398 
2
735 402 
3
736 726 423 
1
737 
13
738 737 413 404 403 407 409 410 408 411 412 406 405 
5
739 432 430 431 733 
9
740 394 396 395 739 432 430 431 733 
24
741 745 385 439 440 384 530 746 383 382 742 442 441 744 751 379 380 749 381 743 445 443 444 446 
3
742 442 441 
5
743 445 443 444 446 
11
744 751 379 380 749 381 743 445 443 444 446 
2
745 385 
1
746 
3
747 447 448 
2
748 386 
2
749 381 
7
750 378 376 377 747 447 448 
3
751 379 380 
11
752 754 374 375 449 450 528 753 451 453 452 
2
753 451 
3
754 374 375 
3
755 438 437 
2
756 195 
3
757 756 195 
5
758 652 757 756 195 
3
759 64 63 
3
760 62 61 
2
761 454 
3
762 455 456 
66
761 371 764 373 752 754 374 375 449 450 528 753 451 452 750 378 376 377 747 447 448 741 745 385 439 440 384 530 746 383 382 742 442 441 744 751 379 380 749 381 743 445 443 444 446 762 755 438 748 386 387 763 454 372 453 455 527 552 368 370 369 367 707 458 457 456 
2
764 373 
1
765 
1
766 
15
767 8 768 515 769 5 1 517 0 2 3 4 516 6 7 
2
768 515 
11
769 5 1 517 0 2 3 4 516 6 7 
5
770 11 10 12 523 
7
771 766 503 9 501 502 504 
29
772 765 774 505 514 767 8 768 515 769 5 1 517 0 2 3 4 516 6 7 773 506 513 511 509 510 512 508 507 
9
773 506 513 511 509 510 512 508 507 
1
774 
37
775 340 339 326 660 265 540 261 609 331 330 259 260 334 258 338 255 256 333 570 335 591 257 267 264 263 715 327 328 268 266 329 332 262 336 337 590 
38
776 616 613 551 360 462 710 358 357 572 366 459 526 362 589 365 463 614 709 355 356 354 353 615 361 359 461 724 708 597 550 460 596 363 364 554 352 351 
37
717 272 271 270 315 279 278 277 316 719 276 317 275 718 320 274 318 319 321 322 323 273 314 280 313 281 282 312 283 311 284 310 716 324 777 269 325 
34
778 97 134 99 98 100 101 96 95 723 93 89 141 140 92 90 88 135 132 133 131 130 136 137 94 138 721 142 722 91 139 143 87 144 
