15
854 616 571 49 713 868 872 695 837 675 553 288 776 555 677 
875
1
0 
1
1 
1
2 
2
3 4 
1
4 
5
5 3 4 6 2 
1
6 
1
7 
1
8 
1
9 
1
10 
1
11 
1
12 
1
13 
2
14 15 
1
15 
1
16 
1
17 
1
18 
2
19 18 
1
20 
1
21 
2
22 23 
1
23 
1
24 
1
25 
1
26 
1
27 
1
28 
1
29 
2
30 31 
1
31 
1
32 
1
33 
1
34 
1
35 
4
36 37 34 35 
1
37 
1
38 
2
39 40 
1
40 
1
41 
1
42 
3
43 44 42 
1
44 
1
45 
1
46 
1
47 
1
48 
64
720 750 706 721 754 452 765 751 454 453 752 753 771 774 748 566 170 764 763 719 538 769 449 451 450 767 768 766 819 527 537 772 539 605 171 634 447 606 448 642 635 820 821 804 176 633 773 641 565 175 172 173 174 446 445 711 718 710 747 705 645 169 708 455 
1
50 
2
51 52 
1
52 
3
53 51 52 
2
54 739 
1
55 
1
56 
2
57 56 
1
58 
1
59 
1
60 
1
61 
2
62 61 
1
63 
1
64 
2
65 64 
1
66 
1
67 
1
68 
1
69 
1
70 
1
71 
1
72 
1
73 
2
74 75 
1
75 
1
76 
1
77 
1
78 
1
79 
1
80 
1
81 
2
82 81 
1
83 
2
84 85 
1
85 
1
86 
1
87 
1
88 
1
89 
3
90 870 89 
1
91 
1
92 
1
93 
2
94 93 
1
95 
1
96 
6
97 95 96 98 94 93 
1
98 
1
99 
2
100 845 
1
101 
1
102 
2
103 102 
1
104 
1
105 
2
106 105 
7
107 106 105 104 103 102 108 
1
108 
1
109 
1
110 
1
111 
1
112 
1
113 
3
114 866 113 
1
115 
1
116 
2
117 116 
1
118 
1
119 
1
120 
1
121 
1
122 
1
123 
1
124 
3
125 124 123 
4
126 125 124 123 
1
127 
1
128 
1
129 
1
130 
2
131 130 
1
132 
1
133 
1
134 
1
135 
1
136 
3
137 136 138 
1
138 
1
139 
1
140 
1
141 
16
142 145 567 576 147 146 746 151 149 148 150 761 715 152 540 762 
2
143 144 
1
144 
1
145 
1
146 
1
147 
1
148 
3
149 148 150 
1
150 
1
151 
1
152 
5
153 156 154 155 157 
2
154 155 
1
155 
1
156 
1
157 
1
158 
1
159 
1
160 
1
161 
1
162 
2
163 162 
1
164 
7
165 164 166 163 162 700 161 
1
166 
1
167 
1
168 
1
169 
1
170 
1
171 
1
172 
2
173 174 
1
174 
1
175 
1
176 
1
177 
2
178 177 
3
179 178 177 
1
180 
8
181 604 603 809 179 178 177 180 
10
182 811 834 833 658 666 829 831 810 830 
1
183 
1
184 
1
185 
1
186 
1
187 
3
188 190 189 
1
189 
2
190 189 
1
191 
1
192 
1
193 
1
194 
1
195 
1
196 
2
197 198 
1
198 
1
199 
1
200 
1
201 
1
202 
2
203 202 
1
204 
1
205 
1
206 
1
207 
1
208 
1
209 
2
210 209 
1
211 
1
212 
1
213 
4
214 217 215 216 
1
215 
1
216 
2
217 215 
3
218 212 213 
2
219 237 
4
220 234 235 236 
2
221 233 
2
222 232 
1
223 
1
224 
2
225 226 
1
226 
1
227 
1
228 
2
229 227 
7
230 224 225 226 229 227 228 
17
231 223 222 232 221 233 220 234 235 236 230 224 225 226 229 227 228 
1
232 
1
233 
1
234 
2
235 236 
1
236 
1
237 
1
238 
1
239 
1
240 
1
241 
1
242 
2
243 242 
1
244 
2
245 246 
1
246 
1
247 
1
248 
1
249 
2
250 249 
1
251 
1
252 
2
253 252 
1
254 
1
255 
1
256 
1
257 
2
258 259 
1
259 
1
260 
1
261 
1
262 
1
263 
1
264 
1
265 
1
266 
1
267 
1
268 
1
269 
1
270 
1
271 
1
272 
3
273 274 275 
2
274 275 
1
275 
1
276 
1
277 
1
278 
1
279 
1
280 
1
281 
2
282 281 
1
283 
4
284 282 281 283 
1
285 
1
286 
2
287 286 
96
288 285 681 684 557 683 682 280 672 690 688 686 342 289 611 580 318 323 309 806 317 685 592 794 324 523 319 320 321 322 693 687 692 541 691 348 279 344 347 343 345 346 287 286 326 330 590 331 544 689 341 340 591 332 325 327 328 329 333 339 338 337 334 336 335 310 315 316 314 311 313 312 294 290 299 805 308 300 307 301 306 305 302 304 303 295 297 296 298 291 293 292 284 282 281 283 
13
289 611 580 318 323 309 806 317 685 592 794 324 523 
1
290 
3
291 293 292 
1
292 
1
293 
20
294 290 299 805 308 300 307 301 306 305 302 304 303 295 297 296 298 291 293 292 
4
295 297 296 298 
1
296 
1
297 
1
298 
1
299 
8
300 307 301 306 305 302 304 303 
6
301 306 305 302 304 303 
1
302 
1
303 
2
304 303 
4
305 302 304 303 
1
306 
1
307 
1
308 
3
309 806 317 
7
310 315 316 314 311 313 312 
1
311 
1
312 
2
313 312 
4
314 311 313 312 
1
315 
1
316 
1
317 
2
318 323 
4
319 320 321 322 
1
320 
2
321 322 
1
322 
1
323 
1
324 
1
325 
21
326 330 590 331 544 689 341 340 591 332 325 327 328 329 333 339 338 337 334 336 335 
3
327 328 329 
1
328 
1
329 
1
330 
1
331 
1
332 
7
333 339 338 337 334 336 335 
3
334 336 335 
1
335 
1
336 
1
337 
1
338 
1
339 
3
340 591 332 
1
341 
1
342 
1
343 
5
344 347 343 345 346 
2
345 346 
1
346 
1
347 
1
348 
1
349 
3
350 667 524 
1
351 
1
352 
1
353 
1
354 
1
355 
2
356 355 
3
357 356 355 
1
358 
1
359 
1
360 
1
361 
1
362 
2
363 362 
1
364 
1
365 
1
366 
1
367 
1
368 
1
369 
1
370 
1
371 
1
372 
1
373 
1
374 
2
375 569 
2
376 377 
1
377 
1
378 
2
379 861 
1
380 
1
381 
1
382 
1
383 
1
384 
1
385 
1
386 
1
387 
1
388 
1
389 
1
390 
2
391 390 
4
392 406 391 390 
1
393 
2
394 403 
2
395 402 
1
396 
4
397 400 399 398 
1
398 
1
399 
1
400 
8
401 396 395 402 397 400 399 398 
1
402 
1
403 
1
404 
17
405 393 404 394 403 392 406 391 390 401 396 395 402 397 400 399 398 
1
406 
28
407 389 413 408 842 388 414 412 410 411 409 405 393 404 394 403 392 406 391 390 401 396 395 402 397 400 399 398 
1
408 
1
409 
2
410 411 
1
411 
4
412 410 411 409 
1
413 
1
414 
1
415 
1
416 
1
417 
2
418 417 
1
419 
1
420 
1
421 
4
422 862 380 381 
10
423 379 861 424 864 863 378 376 377 425 
1
424 
1
425 
1
426 
1
427 
1
428 
2
429 428 
1
430 
1
431 
1
432 
1
433 
1
434 
2
435 434 
1
436 
1
437 
1
438 
1
439 
1
440 
1
441 
1
442 
1
443 
2
444 445 
1
445 
1
446 
1
447 
1
448 
1
449 
1
450 
2
451 450 
1
452 
1
453 
2
454 453 
6
455 749 724 722 723 461 
5
456 458 459 460 457 
1
457 
3
458 459 460 
2
459 460 
1
460 
1
461 
1
462 
1
463 
1
464 
1
465 
1
466 
3
467 466 468 
1
468 
1
469 
2
470 595 
1
471 
1
472 
1
473 
2
474 473 
3
475 474 473 
1
476 
1
477 
6
478 476 475 474 473 477 
3
479 796 800 
1
480 
1
481 
1
482 
3
483 484 482 
1
484 
4
485 483 484 482 
1
486 
1
487 
1
488 
1
489 
1
490 
2
491 490 
1
492 
1
493 
1
494 
1
495 
1
496 
1
497 
2
498 496 
1
499 
1
500 
1
501 
1
502 
1
503 
1
504 
1
505 
1
506 
1
507 
1
508 
1
509 
1
510 
1
511 
1
512 
1
513 
1
514 
1
515 
1
516 
1
517 
6
518 517 516 515 514 519 
1
519 
1
520 
1
521 
2
522 0 
1
523 
1
524 
1
525 
1
526 
1
527 
5
528 599 78 625 122 
3
529 551 60 
1
530 
1
531 
1
532 
1
533 
1
534 
18
535 787 489 491 490 784 492 786 27 26 28 826 29 783 790 493 785 25 
3
536 617 499 
1
537 
1
538 
1
539 
2
540 762 
1
541 
1
542 
4
543 429 428 373 
3
544 689 341 
4
545 532 470 595 
1
546 
3
547 258 259 
11
548 712 697 558 159 696 757 53 51 52 738 
9
549 253 252 254 621 199 197 198 251 
4
550 552 276 840 
2
551 60 
1
552 
52
553 206 241 243 242 670 208 239 210 209 207 240 554 204 244 205 203 202 596 201 247 245 246 669 211 238 219 237 218 212 213 214 217 215 216 231 223 222 232 221 233 220 234 235 236 230 224 225 226 229 227 228 
12
554 204 244 205 203 202 596 201 247 248 245 246 
39
555 432 369 368 865 367 597 433 435 434 436 677 678 371 431 370 430 372 543 429 428 373 778 427 777 374 426 375 569 423 379 861 424 864 863 378 376 377 425 
4
556 522 0 521 
1
557 
3
558 159 696 
17
559 76 77 624 74 75 600 127 528 599 78 625 122 126 125 124 123 
1
560 
1
561 
1
562 
3
563 495 494 
1
564 
1
565 
3
566 170 169 
6
567 576 147 146 746 151 
2
568 359 
1
569 
4
570 741 770 55 
71
571 47 561 734 756 737 464 578 46 48 577 823 796 800 545 532 470 595 795 799 472 801 594 471 593 465 469 467 466 468 476 475 474 473 477 49 461 729 732 755 462 727 733 736 463 730 731 458 459 460 610 41 579 781 45 797 780 43 44 42 728 723 725 722 533 456 457 749 724 726 478 
5
572 446 444 445 443 
3
573 382 421 
1
574 
6
575 272 271 273 274 275 
3
576 147 146 
15
577 823 479 796 800 545 532 470 595 795 799 472 801 594 471 
2
578 46 
5
579 781 45 797 780 
1
580 
5
581 131 130 129 132 
3
582 68 69 
1
583 
1
584 
1
585 
2
586 585 
12
587 530 133 582 68 69 134 614 583 67 586 585 
5
588 135 137 136 138 
3
589 21 24 
2
590 331 
2
591 332 
1
592 
6
593 465 469 467 466 468 
2
594 471 
1
595 
6
596 201 247 248 245 246 
4
597 433 435 434 
3
598 437 436 
1
599 
1
600 
1
601 
1
602 
2
603 809 
1
604 
2
605 171 
1
606 
1
607 
3
608 574 659 
2
609 270 
4
610 41 39 40 
1
611 
7
612 584 66 613 63 62 61 
4
613 63 62 61 
5
614 583 67 586 585 
7
615 20 536 617 499 19 18 
77
616 563 495 494 498 496 589 21 24 22 23 497 789 32 788 30 31 791 488 793 487 535 787 489 491 490 784 492 786 27 26 28 826 29 783 790 493 785 25 618 500 501 615 20 536 617 499 19 825 671 546 792 33 824 486 485 484 36 37 34 35 813 38 483 482 814 481 812 815 534 673 480 39 479 562 798 40 
2
617 499 
4
618 500 501 502 
8
619 17 860 503 618 500 501 502 
29
620 250 249 200 848 851 196 255 549 253 252 254 621 199 197 198 251 849 850 257 193 847 194 195 256 547 258 259 192 
4
621 199 197 198 
1
622 
11
623 365 622 438 364 542 439 366 598 437 436 
1
624 
2
625 122 
2
626 121 
10
627 628 120 82 81 640 80 79 626 121 
2
628 120 
1
629 
5
630 629 632 73 128 
26
631 71 70 72 581 131 130 129 132 630 629 632 73 128 587 530 133 582 68 69 134 614 583 67 586 585 
2
632 73 
1
633 
22
634 447 606 448 642 635 643 832 644 645 820 821 804 176 633 773 641 565 175 172 173 174 
1
635 
22
636 637 564 442 652 651 646 607 638 572 446 444 445 443 657 653 351 647 655 650 654 663 
1
637 
1
638 
11
639 803 668 354 602 353 357 356 355 802 358 
3
640 80 79 
4
641 565 175 172 
2
642 635 
4
643 832 644 645 
2
644 645 
1
645 
3
646 607 638 
2
647 655 
19
648 441 665 352 827 664 649 601 639 803 668 354 602 353 357 356 355 802 358 
2
649 601 
3
650 654 663 
1
651 
2
652 651 
1
653 
1
654 
1
655 
2
656 661 
8
657 653 351 647 655 650 654 663 
2
658 666 
1
659 
6
660 656 661 608 574 659 
1
661 
1
662 
1
663 
1
664 
6
665 352 827 664 649 601 
1
666 
1
667 
4
668 354 602 353 
29
669 211 238 219 237 218 212 213 214 217 215 216 231 223 222 232 221 233 220 234 235 236 230 224 225 226 229 227 228 
7
670 208 239 210 209 207 240 
1
671 
5
672 690 688 686 342 
16
673 798 480 562 610 41 39 40 579 781 45 797 780 43 44 42 
1
674 
41
675 260 674 191 188 190 189 816 262 261 187 248 620 250 249 200 848 851 196 255 549 253 252 254 621 199 197 198 251 849 850 257 193 847 194 195 256 547 258 259 192 
1
676 
48
779 384 419 383 420 573 382 421 422 862 380 381 822 416 386 387 415 418 417 385 407 389 413 408 842 388 414 412 410 411 409 405 393 404 394 403 392 406 391 390 401 396 395 402 397 400 399 398 
1
678 
9
679 513 520 518 517 516 515 514 519 
8
680 1 7 5 3 4 6 2 
3
681 684 557 
1
682 
3
683 682 280 
2
684 557 
5
685 592 794 324 523 
2
686 342 
2
687 692 
1
688 
1
689 
1
690 
1
691 
1
692 
12
693 687 692 541 691 348 279 344 347 343 345 346 
1
694 
39
667 524 660 656 661 574 659 833 658 666 829 831 810 830 643 832 644 603 564 652 651 638 657 653 647 655 650 654 663 695 694 662 349 350 351 665 601 608 278 
1
696 
1
697 
1
698 
4
699 716 525 160 
2
700 161 
1
701 
2
702 717 
3
703 701 709 
17
704 167 698 707 702 717 699 716 525 160 165 164 166 163 162 700 161 
1
705 
2
706 721 
3
707 702 717 
2
708 168 
1
709 
3
710 747 705 
4
711 718 708 168 
2
712 697 
78
713 743 744 714 158 745 531 54 739 145 567 576 147 146 746 151 149 148 150 761 715 152 540 762 153 156 154 155 157 548 712 697 558 159 696 757 53 51 52 738 735 50 698 707 699 716 525 160 165 164 163 162 700 161 760 740 742 570 741 770 55 759 58 59 758 57 56 702 676 703 704 167 717 166 701 709 168 144 
1
714 
1
715 
1
716 
1
717 
1
718 
2
719 538 
1
720 
1
721 
1
722 
2
723 461 
2
724 722 
1
725 
5
726 720 750 706 721 
1
727 
2
728 725 
11
729 533 732 755 462 727 733 736 463 730 731 
1
730 
1
731 
1
732 
5
733 736 463 730 731 
4
734 756 737 464 
30
735 676 703 701 709 50 711 718 708 168 710 747 705 704 167 698 707 702 717 699 716 525 160 165 164 166 163 162 700 161 
3
736 463 730 
1
737 
1
738 
1
739 
2
740 742 
1
741 
1
742 
1
743 
3
744 714 158 
2
745 531 
2
746 151 
1
747 
1
748 
1
749 
3
750 706 721 
1
751 
2
752 753 
1
753 
32
754 452 765 751 454 453 752 753 771 774 748 566 170 169 764 763 719 538 769 449 451 450 767 768 766 819 527 537 772 539 605 171 
1
755 
1
756 
1
757 
1
758 
6
759 58 59 758 57 56 
19
760 141 740 742 570 741 770 55 140 817 529 551 60 759 58 59 758 57 56 
5
761 715 152 540 762 
1
762 
1
763 
4
764 763 719 538 
2
765 751 
1
766 
2
767 768 
1
768 
14
769 449 451 450 767 768 766 819 527 537 772 539 605 171 
1
770 
10
771 774 748 566 170 169 764 763 719 538 
4
772 539 605 171 
7
773 641 565 175 172 173 174 
1
774 
5
775 361 363 362 360 
44
776 568 359 440 775 361 363 362 360 648 441 827 664 649 639 803 668 354 602 353 357 356 355 802 358 636 637 442 646 607 572 443 352 364 542 439 623 365 622 438 366 598 437 444 
1
777 
7
778 427 777 374 426 375 569 
20
779 384 419 383 420 573 382 421 422 862 380 381 822 416 386 387 415 418 417 385 
1
780 
1
781 
2
782 560 
5
783 790 493 785 25 
2
784 492 
2
785 25 
4
786 27 26 28 
2
787 489 
1
788 
27
789 32 788 30 31 791 488 793 487 535 787 489 491 490 784 492 786 27 26 28 826 29 783 790 493 785 25 
2
790 493 
4
791 488 793 487 
2
792 33 
1
793 
3
794 324 523 
6
795 799 472 801 594 471 
1
796 
2
797 780 
1
798 
2
799 472 
1
800 
3
801 594 471 
2
802 358 
1
803 
3
804 176 633 
10
805 308 300 307 301 306 305 302 304 303 
1
806 
1
807 
18
808 118 807 117 116 828 83 119 627 628 120 82 81 640 80 79 626 121 
1
809 
2
810 830 
3
811 834 833 
3
812 815 534 
5
813 38 812 815 534 
3
814 481 546 
2
815 534 
6
816 262 186 261 187 263 
10
817 529 551 60 759 58 59 758 57 56 
37
818 139 782 560 612 584 66 613 63 62 61 588 135 137 136 138 65 64 760 141 740 742 570 741 770 55 140 817 529 551 60 759 58 59 758 57 56 
3
819 527 537 
12
820 821 804 176 633 773 641 565 175 172 173 174 
1
821 
8
822 416 386 387 415 418 417 385 
1
823 
6
824 486 485 483 484 482 
38
825 671 814 481 546 813 38 812 815 534 792 33 824 486 485 483 484 482 673 798 480 562 610 41 39 40 579 781 45 797 780 43 44 42 36 37 34 35 
2
826 29 
2
827 664 
2
828 83 
4
829 831 810 830 
1
830 
1
831 
1
832 
1
833 
1
834 
13
835 836 839 575 272 271 273 274 275 550 552 276 840 
1
836 
43
837 526 183 609 270 835 836 839 575 272 271 273 274 275 550 552 276 840 182 811 834 181 604 809 179 178 177 180 843 844 264 184 185 838 266 265 841 267 268 269 277 186 263 
7
838 266 265 841 267 268 269 
1
839 
1
840 
4
841 267 268 269 
3
842 388 414 
12
843 844 264 184 185 838 266 265 841 267 268 269 
1
844 
1
845 
3
846 99 92 
3
847 194 195 
25
848 851 196 255 549 253 252 254 621 199 197 198 251 849 850 257 193 847 194 195 256 547 258 259 192 
12
849 850 257 193 847 194 195 256 547 258 259 192 
1
850 
2
851 196 
5
852 10 510 9 511 
1
853 
53
854 853 8 512 556 522 0 521 680 1 7 5 3 4 6 2 679 513 520 518 517 516 515 514 519 14 15 856 505 855 508 12 507 858 857 506 13 11 509 852 10 510 9 511 16 504 859 17 860 503 619 502 18 
15
855 508 12 507 858 857 506 13 11 509 852 10 510 9 511 
3
856 505 504 
1
857 
4
858 857 506 13 
37
859 16 14 15 856 505 504 619 17 860 503 618 500 501 502 615 20 536 617 499 19 18 855 508 12 507 858 857 506 13 11 509 852 10 510 9 511 
2
860 503 
1
861 
2
862 380 
1
863 
6
864 863 378 376 377 425 
6
865 367 597 433 435 434 
1
866 
2
867 115 
78
627 628 120 81 640 80 79 626 121 559 76 77 624 74 75 600 127 528 599 78 625 122 126 125 124 123 631 71 70 72 581 131 130 129 132 630 629 632 73 128 587 530 133 582 68 69 134 614 583 67 586 585 782 560 584 66 63 588 135 137 136 138 65 64 818 139 612 613 62 61 529 140 817 551 142 60 143 141 
10
869 101 109 107 106 105 104 103 102 108 
1
870 
1
871 
52
872 871 110 91 100 845 846 99 92 869 101 109 107 106 105 104 103 102 108 97 95 96 98 94 93 868 86 867 115 84 85 873 112 874 88 114 866 113 87 90 870 89 111 807 117 116 808 118 828 83 119 82 
12
873 112 874 88 114 866 113 87 90 870 89 111 
1
874 
