15
659 645 555 438 567 160 159 116 529 568 213 269 624 693 689 
696
3
0 493 492 
1
1 
1
2 
5
3 5 4 6 2 
1
4 
3
5 4 6 
1
6 
1
7 
1
8 
1
9 
1
10 
1
11 
1
12 
1
13 
1
14 
1
15 
1
16 
1
17 
1
18 
1
19 
1
20 
1
21 
1
22 
1
23 
1
24 
2
25 24 
1
26 
3
27 681 28 
1
28 
1
29 
1
30 
2
31 30 
1
32 
1
33 
1
34 
2
35 36 
1
36 
1
37 
1
38 
1
39 
1
40 
2
41 42 
1
42 
1
43 
1
44 
2
45 44 
1
46 
1
47 
1
48 
1
49 
1
50 
1
51 
1
52 
2
53 52 
1
54 
2
55 56 
1
56 
1
57 
1
58 
3
59 60 58 
1
60 
1
61 
1
62 
1
63 
1
64 
1
65 
3
66 65 64 
1
67 
1
68 
2
69 70 
1
70 
1
71 
1
72 
1
73 
1
74 
1
75 
1
76 
1
77 
1
78 
1
79 
1
80 
1
81 
2
82 81 
1
83 
1
84 
1
85 
1
86 
1
87 
2
88 164 
4
89 163 90 162 
2
90 162 
1
91 
1
92 
1
93 
1
94 
1
95 
1
96 
1
97 
1
98 
1
99 
1
100 
1
101 
1
102 
10
103 149 104 148 150 102 152 100 151 101 
2
104 148 
1
105 
23
106 146 147 105 107 145 144 142 110 143 108 109 115 136 114 137 138 113 139 140 112 111 141 
3
107 145 144 
1
108 
1
109 
1
110 
2
111 141 
1
112 
2
113 139 
1
114 
11
115 136 114 137 138 113 139 140 112 111 141 
31
116 135 134 117 120 132 131 133 118 119 129 122 121 130 128 123 127 125 126 124 115 136 114 137 138 113 139 140 112 111 141 
1
117 
1
118 
1
119 
6
120 132 131 133 118 119 
2
121 130 
1
122 
1
123 
1
124 
1
125 
1
126 
4
127 125 126 124 
6
128 123 127 125 126 124 
10
129 122 121 130 128 123 127 125 126 124 
1
130 
1
131 
1
132 
3
133 118 119 
2
134 117 
1
135 
1
136 
4
137 138 113 139 
1
138 
1
139 
4
140 112 111 141 
1
141 
5
142 110 143 108 109 
3
143 108 109 
1
144 
1
145 
1
146 
2
147 105 
1
148 
1
149 
2
150 102 
2
151 101 
4
152 100 151 101 
2
153 99 
6
154 155 97 98 153 99 
1
155 
2
156 96 
1
157 
5
158 95 157 156 96 
31
156 96 154 155 97 98 153 99 103 149 104 148 150 102 152 100 151 101 106 146 147 105 107 145 144 142 110 143 108 109 157 
29
160 93 92 161 91 89 163 90 162 165 88 164 166 87 86 167 85 84 168 169 170 159 94 158 95 579 83 82 81 
2
161 91 
1
162 
1
163 
1
164 
3
165 88 164 
5
166 87 86 167 85 
2
167 85 
2
168 579 
1
169 
1
170 
1
171 
1
172 
2
173 172 
1
174 
2
175 174 
7
176 177 528 173 172 175 174 
1
177 
1
178 
2
179 178 
1
180 
1
181 
2
182 181 
2
183 184 
1
184 
3
185 186 187 
1
186 
1
187 
1
188 
1
189 
1
190 
1
191 
3
192 193 194 
2
193 194 
1
194 
1
195 
1
196 
1
197 
1
198 
36
199 197 661 526 654 195 192 193 194 191 196 639 201 641 541 504 200 642 643 653 190 527 180 505 540 525 188 185 186 187 183 184 182 181 189 198 
1
200 
1
201 
1
202 
1
203 
1
204 
2
205 204 
1
206 
1
207 
1
208 
1
209 
1
210 
1
211 
2
212 297 
26
288 221 287 222 220 289 290 219 283 226 227 282 281 228 286 223 224 225 285 284 229 280 230 279 231 278 
1
214 
1
215 
1
216 
1
217 
1
218 
1
219 
2
220 289 
1
221 
1
222 
1
223 
1
224 
3
225 285 284 
1
226 
4
227 282 281 228 
1
228 
17
229 280 230 279 276 233 277 232 231 278 235 274 275 234 273 236 237 
2
230 279 
2
231 278 
1
232 
1
233 
1
234 
7
235 274 275 234 273 236 237 
2
236 237 
1
237 
1
238 
2
239 240 
1
240 
4
241 239 240 265 
27
242 264 241 239 240 265 263 243 244 262 261 245 259 260 258 246 247 257 248 249 256 250 255 254 251 253 252 
1
243 
3
244 262 261 
3
245 259 260 
1
246 
1
247 
1
248 
8
249 256 250 255 254 251 253 252 
6
250 255 254 251 253 252 
3
251 253 252 
1
252 
1
253 
1
254 
1
255 
1
256 
10
257 248 249 256 250 255 254 251 253 252 
13
258 246 247 257 248 249 256 250 255 254 251 253 252 
2
259 260 
1
260 
1
261 
1
262 
21
263 243 244 262 261 245 259 260 258 246 247 257 248 249 256 250 255 254 251 253 252 
1
264 
1
265 
1
266 
2
267 268 
1
268 
47
269 272 628 266 238 271 270 267 268 242 264 241 239 240 265 263 243 244 262 261 245 259 260 258 246 247 257 248 249 256 250 255 254 251 253 252 276 233 235 274 275 234 273 236 237 277 232 
1
270 
2
271 270 
1
272 
3
273 236 237 
1
274 
2
275 234 
6
276 233 277 232 231 278 
2
277 232 
1
278 
1
279 
1
280 
2
281 228 
1
282 
12
283 226 227 282 281 228 286 223 224 225 285 284 
1
284 
1
285 
6
286 223 224 225 285 284 
2
287 222 
8
288 221 287 222 220 289 290 219 
1
289 
2
290 219 
2
291 218 
8
292 217 291 218 293 216 294 215 
4
293 216 294 215 
2
294 215 
2
295 214 
1
296 
1
297 
1
298 
3
299 565 573 
1
300 
3
301 591 304 
2
302 303 
1
303 
1
304 
1
305 
1
306 
1
307 
1
308 
1
309 
1
310 
1
311 
1
312 
1
313 
1
314 
1
315 
3
316 317 318 
2
317 318 
1
318 
1
319 
1
320 
1
321 
1
322 
1
323 
2
324 325 
1
325 
1
326 
1
327 
1
328 
1
329 
2
330 329 
1
331 
1
332 
1
333 
2
334 333 
1
335 
1
336 
1
337 
2
338 339 
1
339 
1
340 
1
341 
14
342 343 341 691 423 422 694 344 695 421 420 511 419 418 
1
343 
1
344 
2
345 346 
1
346 
1
347 
1
348 
1
349 
1
350 
1
351 
1
352 
1
353 
1
354 
2
355 354 
1
356 
1
357 
2
358 357 
1
359 
1
360 
1
361 
1
362 
1
363 
1
364 
1
365 
1
366 
1
367 
1
368 
1
369 
1
370 
2
371 372 
1
372 
4
373 371 372 674 
1
374 
1
375 
6
376 377 378 379 380 381 
5
377 378 379 380 381 
1
378 
1
379 
2
380 381 
1
381 
1
382 
1
383 
1
384 
1
385 
1
386 
4
387 385 386 384 
1
388 
2
389 390 
1
390 
1
391 
1
392 
10
393 373 371 372 674 392 675 676 370 394 
1
394 
1
395 
1
396 
2
397 396 
1
398 
1
399 
2
400 399 
1
401 
1
402 
1
403 
1
404 
1
405 
2
406 407 
1
407 
1
408 
1
409 
1
410 
1
411 
1
412 
1
413 
1
414 
1
415 
1
416 
1
417 
1
418 
1
419 
1
420 
1
421 
1
422 
2
423 422 
1
424 
1
425 
1
426 
1
427 
1
428 
2
429 430 
1
430 
1
431 
1
432 
2
433 434 
1
434 
1
435 
1
436 
1
437 
41
599 524 593 71 69 70 72 596 592 587 73 496 586 594 310 608 314 595 588 606 615 312 313 311 584 307 306 580 308 589 76 75 500 590 74 585 309 605 77 305 68 
1
439 
1
440 
1
441 
1
442 
1
443 
1
444 
1
445 
2
446 445 
1
447 
1
448 
1
449 
1
450 
2
451 450 
1
452 
2
453 454 
1
454 
1
455 
2
456 457 
1
457 
1
458 
1
459 
1
460 
1
461 
1
462 
1
463 
2
464 463 
1
465 
1
466 
1
467 
2
468 467 
1
469 
3
470 471 662 
1
471 
1
472 
1
473 
1
474 
1
475 
1
476 
1
477 
1
478 
1
479 
1
480 
1
481 
2
482 483 
1
483 
1
484 
1
485 
1
486 
1
487 
1
488 
7
489 490 488 491 0 493 492 
1
490 
4
491 0 493 492 
1
492 
1
493 
1
494 
9
495 549 63 62 532 67 66 65 64 
1
496 
6
497 544 545 546 530 171 
1
498 
1
499 
5
500 590 74 585 309 
5
501 617 610 320 321 
1
502 
7
503 625 431 429 430 518 335 
1
504 
1
505 
25
506 21 22 473 474 20 475 629 19 476 508 17 478 16 477 18 632 631 15 479 480 14 630 481 13 
7
507 465 646 32 33 31 30 
6
508 17 478 16 477 18 
4
509 9 8 486 
1
510 
3
511 419 418 
5
512 356 408 406 407 
5
513 368 369 395 367 
2
514 61 
16
515 442 443 498 533 444 536 51 441 656 553 54 55 56 53 52 
1
516 
3
517 614 315 
2
518 335 
2
519 428 
1
520 
1
521 
3
522 460 459 
6
523 301 591 304 302 303 
1
524 
2
525 188 
1
526 
14
527 180 505 540 525 188 185 186 187 183 184 182 181 189 
1
528 
73
529 521 542 179 178 497 544 545 546 530 171 543 640 202 520 556 207 644 203 206 205 204 176 177 528 173 172 175 174 199 197 661 526 654 195 192 193 194 191 196 639 201 641 541 504 200 642 643 653 190 527 180 505 540 525 188 185 186 187 183 184 182 181 189 198 558 209 566 208 170 559 566 559 
1
530 
1
531 
5
532 67 66 65 64 
2
533 444 
24
534 535 49 50 655 447 446 445 515 442 443 498 533 444 536 51 441 656 553 54 55 56 53 52 
3
535 49 50 
2
536 51 
0

1
538 
1
539 
11
540 525 188 185 186 187 183 184 182 181 189 
2
541 504 
1
542 
11
543 640 202 520 556 207 644 203 206 205 204 
1
544 
1
545 
2
546 530 
4
547 571 562 169 
3
548 170 559 
1
549 
16
550 43 41 42 510 552 452 651 455 453 454 648 38 650 40 39 
3
551 449 448 
2
552 452 
1
553 
6
554 514 61 59 60 58 
89
555 439 554 514 61 59 60 58 604 600 602 601 495 549 63 62 532 67 66 65 64 48 499 448 534 535 49 50 655 447 446 445 515 442 443 498 533 444 536 51 441 656 553 54 55 56 53 52 563 539 657 57 440 438 613 597 598 48 499 448 534 535 49 50 655 447 446 445 515 442 443 498 533 444 536 51 441 656 553 54 55 56 53 52 563 539 657 57 440 
2
556 207 
10
557 564 210 547 571 562 169 299 565 573 
0

1
559 
5
560 561 548 170 559 
1
561 
1
562 
5
563 539 657 57 440 
2
564 210 
2
565 573 
1
566 
30
567 572 570 575 547 571 562 573 576 574 577 531 581 80 523 591 560 561 548 304 78 582 578 79 583 494 557 560 561 548 
29
568 211 298 213 296 295 214 292 217 293 216 294 215 212 297 569 300 564 210 299 565 301 302 303 558 209 208 291 218 
2
569 300 
4
570 575 569 300 
1
571 
2
572 84 
1
573 
1
574 
1
575 
15
576 574 577 531 581 83 80 523 301 591 304 302 303 82 81 
2
577 531 
2
578 79 
1
579 
1
580 
3
581 83 80 
1
582 
3
583 305 494 
22
584 307 306 580 308 589 76 75 500 590 74 585 309 605 77 78 582 578 79 583 305 494 
2
585 309 
3
586 594 310 
17
587 73 496 586 594 310 603 607 608 314 595 588 606 615 312 313 311 
6
588 606 615 312 313 311 
3
589 76 75 
2
590 74 
2
591 304 
1
592 
4
593 71 69 70 
2
594 310 
1
595 
2
596 592 
2
597 599 
9
598 524 593 71 69 70 72 596 592 
1
599 
4
600 602 601 68 
1
601 
3
602 601 68 
11
603 607 608 314 595 588 606 615 312 313 311 
14
604 600 602 601 68 495 549 63 62 532 67 66 65 64 
9
605 77 78 582 578 79 583 305 494 
1
606 
1
607 
2
608 314 
4
609 517 614 315 
3
610 320 321 
5
611 319 316 317 318 
16
612 618 609 517 614 315 501 617 610 320 321 611 319 316 317 318 
1
613 
1
614 
4
615 312 313 311 
4
616 323 322 516 
1
617 
1
618 
11
619 620 616 323 322 516 324 325 658 326 327 
1
620 
5
621 435 502 626 328 
1
622 
0

83
624 436 437 619 620 616 323 322 516 324 325 658 326 327 612 618 609 517 614 501 617 610 320 321 611 319 316 317 318 623 331 622 432 627 332 334 333 503 625 431 429 430 518 335 330 329 433 434 621 435 502 626 328 603 607 315 678 519 428 623 331 622 432 627 332 334 333 503 625 431 429 430 518 335 330 329 433 434 621 435 502 626 328 
4
625 431 429 430 
2
626 328 
4
627 332 334 333 
3
628 266 238 
3
629 19 476 
3
630 481 13 
1
631 
9
632 631 15 479 480 14 630 481 13 
12
633 1 487 634 7 489 490 488 491 0 493 492 
2
634 7 
5
635 405 359 358 357 
5
636 398 366 397 396 
0

30
638 403 361 360 404 635 405 359 358 357 668 351 350 413 352 673 411 410 412 671 353 355 354 672 409 512 356 408 406 407 
24
639 201 641 541 504 200 642 643 653 190 527 180 505 540 525 188 185 186 187 183 184 182 181 189 
3
640 202 520 
1
641 
4
642 643 653 190 
1
643 
5
644 203 206 205 204 
103
645 462 461 647 34 464 463 507 465 646 32 33 31 30 522 460 459 652 458 649 37 456 457 35 36 663 664 472 23 470 471 662 685 469 682 26 468 467 25 24 683 29 684 466 27 681 28 506 22 473 474 537 46 47 551 449 538 451 450 45 44 550 43 41 42 510 552 452 651 455 453 454 648 38 650 40 39 537 46 47 551 449 538 451 450 45 44 550 43 41 42 510 552 452 651 455 453 454 648 38 650 40 39 
5
646 32 33 31 30 
2
647 34 
2
648 38 
1
649 
3
650 40 39 
9
651 455 453 454 648 38 650 40 39 
8
652 458 649 37 456 457 35 36 
2
653 190 
7
654 195 192 193 194 191 196 
4
655 447 446 445 
7
656 553 54 55 56 53 52 
2
657 57 
3
658 326 327 
51
659 11 12 660 484 482 483 10 485 509 9 8 486 633 1 487 634 7 489 490 488 491 0 493 492 3 5 4 6 2 21 20 475 629 19 476 508 17 478 16 477 18 632 631 15 479 480 14 630 481 13 
4
660 484 482 483 
9
661 526 654 195 192 193 194 191 196 
1
662 
47
663 664 472 23 470 471 662 685 469 682 26 468 467 25 24 683 29 684 466 27 681 28 506 21 22 473 474 20 475 629 19 476 508 17 478 16 477 18 632 631 15 479 480 14 630 481 13 
1
664 
3
665 415 416 
1
666 
6
667 666 347 417 345 346 
20
668 351 350 413 352 673 411 410 412 671 353 355 354 672 409 512 356 408 406 407 
1
669 
14
670 669 414 349 665 415 416 348 667 666 347 417 345 346 
11
671 353 355 354 672 409 512 356 408 406 407 
2
672 409 
4
673 411 410 412 
1
674 
4
675 676 370 394 
1
676 
1
677 
3
678 519 428 
6
679 337 336 678 519 428 
5
680 426 677 427 425 
1
681 
2
682 26 
7
683 29 684 466 27 681 28 
2
684 466 
8
685 469 682 26 468 467 25 24 
1
686 
3
687 383 388 
2
688 374 
77
689 391 688 374 686 389 390 375 690 382 687 383 388 376 377 378 379 380 381 387 385 386 384 637 401 363 364 365 400 399 636 398 366 397 396 513 368 369 395 367 393 373 371 372 674 392 675 676 370 394 637 401 363 364 365 400 399 636 398 366 397 396 513 368 369 395 367 393 373 371 372 674 392 675 676 370 394 
2
690 382 
3
691 423 422 
2
692 424 
76
693 340 692 424 338 339 680 426 677 427 425 679 337 336 342 343 341 691 423 422 694 344 695 421 420 511 419 418 670 669 414 349 665 415 416 348 667 666 347 417 345 346 638 403 361 360 404 635 405 359 358 357 668 351 350 413 352 673 411 410 412 671 353 355 354 672 409 512 356 408 406 407 362 402 362 402 
8
694 344 695 421 420 511 419 418 
1
695 
