15
623 625 547 741 561 753 617 603 734 774 215 535 730 513 693 
787
1
0 
3
1 2 3 
2
2 3 
1
3 
1
4 
1
5 
1
6 
1
7 
1
8 
1
9 
2
10 9 
1
11 
1
12 
1
13 
1
14 
1
15 
2
16 17 
1
17 
1
18 
1
19 
1
20 
1
21 
1
22 
2
23 22 
1
24 
3
25 26 27 
2
26 27 
1
27 
1
28 
1
29 
1
30 
1
31 
1
32 
1
33 
1
34 
1
35 
1
36 
2
37 36 
1
38 
1
39 
1
40 
2
41 40 
1
42 
2
43 44 
1
44 
1
45 
2
46 47 
1
47 
1
48 
33
49 639 640 633 637 632 641 421 694 420 419 635 642 483 645 705 695 646 697 499 643 782 418 416 417 644 780 777 413 616 781 415 414 
1
50 
1
51 
1
52 
1
53 
5
54 562 55 57 56 
1
55 
1
56 
2
57 56 
1
58 
1
59 
1
60 
1
61 
1
62 
1
63 
1
64 
1
65 
2
66 65 
1
67 
2
68 69 
1
69 
1
70 
1
71 
1
72 
1
73 
1
74 
1
75 
1
76 
1
77 
1
78 
1
79 
1
80 
2
81 80 
1
82 
1
83 
1
84 
1
85 
1
86 
1
87 
1
88 
2
89 90 
1
90 
1
91 
2
92 93 
1
93 
1
94 
1
95 
6
96 100 98 99 97 101 
1
97 
1
98 
1
99 
5
100 98 99 97 101 
1
101 
1
102 
1
103 
1
104 
1
105 
5
106 105 104 107 103 
1
107 
7
108 109 106 105 104 107 103 
1
109 
1
110 
1
111 
1
112 
1
113 
1
114 
1
115 
1
116 
1
117 
1
118 
2
119 118 
1
120 
1
121 
1
122 
1
123 
1
124 
1
125 
1
126 
1
127 
1
128 
2
129 128 
1
130 
1
131 
1
132 
1
133 
1
134 
1
135 
2
136 137 
1
137 
1
138 
1
139 
1
140 
1
141 
1
142 
1
143 
1
144 
2
145 146 
1
146 
1
147 
2
148 149 
1
149 
1
150 
1
151 
1
152 
1
153 
1
154 
1
155 
2
156 155 
1
157 
1
158 
2
159 158 
2
160 161 
1
161 
1
162 
1
163 
1
164 
1
165 
1
166 
1
167 
1
168 
1
169 
2
170 169 
1
171 
1
172 
1
173 
1
174 
1
175 
1
176 
1
177 
1
178 
1
179 
1
180 
1
181 
1
182 
1
183 
1
184 
1
185 
1
186 
2
187 186 
1
188 
1
189 
2
190 189 
1
191 
1
192 
1
193 
1
194 
1
195 
1
196 
1
197 
1
198 
1
199 
1
200 
1
201 
1
202 
1
203 
1
204 
1
205 
1
206 
1
207 
1
208 
2
209 208 
1
210 
2
211 212 
1
212 
3
213 211 212 
7
214 210 213 211 212 209 208 
48
215 609 207 237 236 231 219 218 232 217 234 233 610 235 216 230 220 229 221 228 222 223 227 224 226 225 214 210 213 211 212 209 208 776 241 204 239 240 611 238 206 205 243 775 202 242 203 201 
1
216 
1
217 
1
218 
1
219 
1
220 
1
221 
1
222 
5
223 227 224 226 225 
3
224 226 225 
1
225 
1
226 
1
227 
7
228 222 223 227 224 226 225 
9
229 221 228 222 223 227 224 226 225 
11
230 220 229 221 228 222 223 227 224 226 225 
10
231 219 218 232 217 234 233 610 235 216 
4
232 217 234 233 
1
233 
2
234 233 
1
235 
1
236 
2
237 236 
1
238 
2
239 240 
1
240 
1
241 
1
242 
1
243 
1
244 
1
245 
1
246 
1
247 
1
248 
1
249 
1
250 
2
251 250 
1
252 
1
253 
1
254 
1
255 
1
256 
1
257 
1
258 
1
259 
1
260 
1
261 
1
262 
1
263 
1
264 
1
265 
1
266 
2
267 266 
1
268 
1
269 
1
270 
1
271 
1
272 
1
273 
1
274 
1
275 
2
276 275 
1
277 
1
278 
1
279 
1
280 
2
281 280 
3
282 281 280 
4
283 533 555 279 
1
284 
1
285 
5
286 288 287 289 290 
1
287 
2
288 287 
2
289 290 
1
290 
2
291 292 
1
292 
1
293 
3
294 296 295 
1
295 
2
296 295 
1
297 
1
298 
1
299 
1
300 
2
301 300 
1
302 
2
303 302 
3
304 303 302 
1
305 
1
306 
1
307 
1
308 
1
309 
1
310 
1
311 
1
312 
1
313 
1
314 
1
315 
1
316 
1
317 
2
318 317 
1
319 
2
320 319 
1
321 
2
322 321 
1
323 
1
324 
1
325 
1
326 
1
327 
1
328 
2
329 330 
1
330 
1
331 
1
332 
1
333 
1
334 
1
335 
2
336 335 
1
337 
1
338 
1
339 
2
340 339 
1
341 
1
342 
1
343 
1
344 
1
345 
1
346 
1
347 
1
348 
1
349 
2
350 349 
20
351 365 689 348 350 349 366 354 362 363 353 352 364 355 361 356 360 359 357 358 
2
352 364 
1
353 
13
354 362 363 353 352 364 355 361 356 360 359 357 358 
7
355 361 356 360 359 357 358 
5
356 360 359 357 358 
1
357 
1
358 
3
359 357 358 
1
360 
1
361 
1
362 
2
363 353 
1
364 
1
365 
1
366 
1
367 
31
368 375 373 374 612 347 367 369 372 370 371 351 365 689 348 350 349 366 354 362 363 353 352 364 355 361 356 360 359 357 358 
4
369 372 370 371 
2
370 371 
1
371 
1
372 
2
373 374 
1
374 
1
375 
1
376 
1
377 
1
378 
1
379 
1
380 
1
381 
2
382 381 
1
383 
1
384 
1
385 
1
386 
1
387 
1
388 
1
389 
1
390 
1
391 
1
392 
1
393 
1
394 
1
395 
2
396 395 
1
397 
1
398 
1
399 
1
400 
1
401 
1
402 
1
403 
1
404 
1
405 
1
406 
1
407 
1
408 
1
409 
1
410 
1
411 
1
412 
1
413 
1
414 
1
415 
2
416 417 
1
417 
1
418 
1
419 
1
420 
1
421 
1
422 
1
423 
1
424 
3
425 426 427 
1
426 
1
427 
1
428 
1
429 
1
430 
1
431 
1
432 
1
433 
2
434 433 
1
435 
1
436 
1
437 
1
438 
1
439 
1
440 
1
441 
1
442 
1
443 
1
444 
1
445 
1
446 
1
447 
1
448 
1
449 
1
450 
1
451 
3
452 453 454 
2
453 454 
1
454 
1
455 
1
456 
1
457 
1
458 
1
459 
1
460 
1
461 
1
462 
1
463 
1
464 
1
465 
1
466 
1
467 
1
468 
1
469 
2
470 469 
1
471 
1
472 
1
473 
1
474 
2
475 474 
1
476 
2
477 476 
5
478 475 474 477 476 
1
479 
7
480 479 481 0 1 2 3 
5
481 0 1 2 3 
6
482 593 594 162 160 161 
1
483 
1
484 
3
485 542 299 
1
486 
3
487 589 599 
2
488 713 
1
489 
6
490 582 140 139 592 64 
3
491 750 135 
4
492 523 125 126 
2
493 728 
1
494 
17
495 628 785 784 432 434 433 629 45 660 436 435 658 615 517 43 44 
1
496 
20
497 546 444 654 35 445 544 33 34 32 545 518 31 446 548 576 447 575 29 30 
11
498 572 24 648 448 449 571 28 25 26 27 
14
499 643 782 418 416 417 644 780 777 413 616 781 415 414 
1
500 
6
501 674 178 600 590 605 
1
502 
2
503 707 
2
504 719 
4
505 756 324 323 
1
506 
28
507 301 300 569 284 485 542 299 298 515 297 294 296 295 304 303 302 543 568 293 291 292 285 286 288 287 289 290 
6
508 536 150 148 149 151 
1
509 
4
510 127 129 128 
2
511 152 
16
512 82 121 81 80 530 79 78 492 523 125 126 529 123 124 122 
37
513 394 326 396 395 324 754 397 757 325 693 388 387 333 763 762 334 386 332 692 390 331 329 330 389 619 392 328 391 327 393 761 385 336 335 337 384 
7
514 8 470 469 468 10 9 
5
515 297 294 296 295 
3
516 75 74 
3
517 43 44 
2
518 31 
5
519 456 573 647 450 
1
520 
4
521 176 175 177 
5
522 322 321 320 319 
3
523 125 126 
1
524 
11
525 132 131 130 524 531 77 510 127 129 128 
1
526 
12
527 526 401 522 322 321 320 319 528 318 317 316 
4
528 318 317 316 
4
529 123 124 122 
11
530 79 78 492 523 125 126 529 123 124 122 
2
531 77 
15
532 4 473 480 479 481 0 1 2 3 478 475 474 477 476 
2
533 555 
2
534 424 
57
535 553 557 278 306 305 283 533 555 279 507 301 300 569 284 485 542 299 298 515 297 294 296 295 304 303 302 543 568 293 291 292 285 286 288 287 289 290 282 281 280 274 273 554 277 550 307 486 276 275 586 308 578 272 556 552 309 
4
536 150 148 149 
3
537 156 155 
3
538 511 152 
18
539 564 59 58 559 664 147 508 536 150 148 149 151 54 562 55 57 56 
3
540 558 154 
1
541 
2
542 299 
11
543 568 293 291 292 285 286 288 287 289 290 
4
544 33 34 32 
4
545 518 31 446 
2
546 444 
64
657 659 42 495 628 785 784 432 434 433 629 45 660 435 658 615 517 43 44 634 48 46 47 627 630 638 423 636 534 424 422 631 786 428 425 426 427 783 430 431 429 741 50 51 49 639 633 637 632 641 421 640 420 635 694 419 642 499 643 418 417 41 436 437 
6
548 576 447 575 29 30 
8
549 134 133 651 516 75 74 76 
3
550 307 486 
1
551 
4
552 586 308 578 
1
553 
13
554 277 550 307 486 556 579 276 275 552 586 308 578 
1
555 
8
556 579 276 275 552 586 308 578 
1
557 
2
558 154 
1
559 
8
560 144 489 145 146 591 61 60 
63
560 489 145 146 591 60 539 564 59 58 559 664 147 508 536 150 148 149 151 54 562 55 57 56 563 509 538 511 152 53 565 541 566 584 157 159 158 567 540 558 154 153 537 156 155 742 743 482 593 594 160 161 52 696 701 162 700 698 585 668 164 165 163 
4
562 55 57 56 
30
563 509 538 511 152 53 565 541 566 584 157 159 158 567 540 558 154 153 537 156 155 742 743 482 593 594 162 160 161 52 
3
564 59 58 
15
565 541 566 584 157 159 158 567 540 558 154 153 537 156 155 
5
566 584 157 159 158 
8
567 540 558 154 153 537 156 155 
4
568 293 291 292 
6
569 284 485 542 299 298 
3
570 442 443 
5
571 28 25 26 27 
1
572 
1
573 
1
574 
3
575 29 30 
2
576 447 
15
577 595 551 309 588 580 597 274 598 602 587 604 487 589 599 
1
578 
1
579 
1
580 
2
581 62 
3
582 140 139 
2
583 143 
4
584 157 159 158 
5
585 668 164 165 163 
1
586 
2
587 604 
4
588 580 597 274 
2
589 599 
2
590 605 
3
591 61 60 
2
592 64 
1
593 
2
594 162 
1
595 
3
596 273 506 
2
597 274 
7
598 602 587 604 487 589 599 
1
599 
1
600 
1
601 
1
602 
31
603 607 688 504 719 731 577 595 551 588 580 597 598 602 587 604 487 589 599 506 501 600 590 605 579 687 710 711 671 729 716 
1
604 
1
605 
18
606 179 676 679 271 272 681 608 601 596 273 506 501 674 178 600 590 605 
2
607 688 
5
608 601 596 273 506 
2
609 207 
3
610 235 216 
4
611 238 206 205 
3
612 347 367 
9
613 345 346 376 614 343 378 344 377 
5
614 343 378 344 377 
1
615 
1
616 
51
617 84 120 83 119 118 85 618 86 117 121 690 88 115 87 116 89 90 114 691 91 113 737 111 94 92 93 112 739 740 110 95 738 102 108 109 106 105 104 107 103 96 100 98 99 97 101 512 82 81 122 
3
618 86 117 
6
619 392 328 391 327 393 
3
620 11 467 
10
621 13 465 464 14 12 466 620 11 467 
4
622 463 15 462 
53
16 17 461 622 463 15 462 621 13 465 464 14 12 466 620 11 467 652 6 471 5 472 7 514 8 470 469 468 10 9 532 4 473 480 479 481 0 1 2 3 478 475 474 477 476 459 623 18 460 625 19 458 624 
1
624 
70
574 665 457 666 21 23 22 519 456 573 647 450 498 572 24 648 448 449 571 28 25 26 27 649 455 451 452 453 454 497 546 444 654 35 445 544 33 34 32 545 518 31 446 548 576 447 575 29 30 441 36 570 442 443 547 653 37 663 440 655 661 38 439 662 438 496 656 39 40 20 
12
626 73 72 549 134 133 651 516 75 74 76 71 
1
627 
1
628 
2
629 45 
7
630 638 423 636 534 424 422 
10
631 786 428 425 426 427 783 430 431 429 
1
632 
8
633 637 632 641 421 694 420 419 
22
634 48 46 47 627 630 638 423 636 534 424 422 631 786 428 425 426 427 783 430 431 429 
22
635 642 483 645 705 695 646 697 499 643 782 418 416 417 644 780 777 413 616 781 415 414 
1
636 
1
637 
5
638 423 636 534 424 
1
639 
1
640 
5
641 421 694 420 419 
2
642 483 
1
643 
2
644 780 
5
645 705 695 646 697 
2
646 697 
2
647 450 
3
648 448 449 
6
649 455 451 452 453 454 
1
650 
5
651 516 75 74 76 
13
652 6 471 5 472 7 514 8 470 469 468 10 9 
3
653 37 36 
2
654 35 
3
655 661 38 
2
656 39 
5
657 659 42 41 40 
5
658 615 517 43 44 
1
659 
8
660 436 435 658 615 517 43 44 
2
661 38 
12
662 438 496 656 39 439 437 657 659 42 41 40 
3
663 440 441 
2
664 147 
2
665 457 
4
666 21 23 22 
8
667 669 166 167 760 168 520 500 
4
668 164 165 163 
3
669 166 167 
3
670 311 672 
2
671 310 
1
672 
2
673 729 
2
674 178 
2
675 180 
5
676 679 271 272 681 
16
677 270 269 484 675 180 683 680 264 181 678 268 682 265 267 266 
6
678 268 682 265 267 266 
4
679 271 272 681 
2
680 264 
1
681 
4
682 265 267 266 
10
683 680 264 181 678 268 682 265 267 266 
8
684 686 182 260 685 262 263 261 
4
685 262 263 261 
1
686 
11
687 716 744 174 173 521 176 175 177 710 711 
1
688 
5
689 348 350 349 366 
17
690 88 115 87 116 89 90 114 691 91 113 737 111 94 92 93 112 
3
691 91 113 
12
692 390 331 329 330 389 619 392 328 391 327 393 
53
768 383 338 382 381 340 339 769 380 341 770 342 379 613 345 346 376 614 343 378 344 377 368 375 373 374 612 347 367 369 372 370 371 351 365 689 348 350 349 366 354 362 363 353 352 364 355 361 356 360 359 357 358 
3
694 420 419 
1
695 
18
696 700 701 698 699 585 668 164 165 163 667 669 166 167 760 168 520 500 
1
697 
7
698 699 585 668 164 165 163 
1
699 
1
700 
1
701 
2
702 704 
3
703 702 704 
1
704 
1
705 
1
706 
1
707 
3
708 502 706 
6
709 712 746 411 745 410 
2
710 711 
1
711 
1
712 
1
713 
1
714 
25
715 172 714 171 488 713 503 707 709 712 746 411 745 410 687 716 744 174 173 521 176 175 177 710 711 
1
716 
7
717 779 778 412 708 502 706 
10
718 409 408 720 747 407 748 406 504 719 
1
719 
1
720 
3
721 726 722 
1
722 
13
723 727 402 724 313 312 721 726 722 314 725 315 494 
7
724 313 312 721 726 722 314 
3
725 315 494 
2
726 722 
1
727 
1
728 
1
729 
52
730 403 493 728 670 311 672 310 723 727 402 724 313 312 721 726 722 314 725 315 494 755 399 400 505 527 526 401 522 321 320 319 528 318 317 316 718 409 408 747 407 748 406 732 405 733 404 673 398 756 323 322 
1
731 
7
732 405 733 731 404 673 729 
1
733 
45
734 185 735 184 736 259 183 684 686 182 260 685 262 263 261 677 270 269 484 675 180 683 680 264 181 678 268 682 265 267 266 606 179 676 271 178 177 679 681 608 601 596 674 521 176 
13
735 184 736 259 183 684 686 182 260 685 262 263 261 
2
736 259 
6
737 111 94 92 93 112 
2
738 102 
19
739 740 110 95 738 102 108 109 106 105 104 107 103 96 100 98 99 97 101 
1
740 
59
699 667 669 166 167 760 168 520 500 758 759 650 170 169 703 702 704 717 779 778 412 708 502 706 715 172 714 171 488 713 503 707 709 712 746 411 745 410 744 174 173 175 645 705 695 646 697 644 780 777 413 616 781 415 414 720 483 782 416 
9
742 743 482 593 594 162 160 161 52 
1
743 
3
744 174 173 
1
745 
4
746 411 745 410 
4
747 407 748 406 
1
748 
1
749 
2
750 135 
4
751 138 136 137 
4
752 67 66 65 
66
753 70 68 69 749 752 67 66 65 751 138 136 137 491 750 135 626 73 72 549 134 133 651 516 75 74 76 71 525 132 131 130 524 531 77 510 127 129 128 490 582 140 139 592 141 64 80 530 79 78 492 523 125 126 529 123 124 142 63 561 581 62 583 143 144 61 
4
754 397 757 325 
12
755 398 399 400 505 756 324 323 754 397 757 325 
3
756 324 323 
2
757 325 
15
758 759 650 170 169 703 702 704 717 779 778 412 708 502 706 
1
759 
3
760 168 520 
6
761 385 336 335 384 337 
1
762 
4
763 762 334 386 
6
764 188 256 257 187 186 
13
765 254 191 190 189 255 764 188 256 257 187 186 253 
23
766 252 193 251 250 194 767 249 195 192 765 254 191 190 189 255 764 188 256 257 187 186 253 
3
767 249 195 
28
768 383 338 761 385 336 335 384 337 382 381 340 339 769 380 341 770 342 379 613 345 346 376 614 343 378 344 377 
6
769 380 341 770 342 379 
3
770 342 379 
9
771 246 198 772 196 773 248 247 197 
6
772 196 773 248 247 197 
1
773 
38
774 200 244 199 245 771 246 198 772 196 773 248 247 197 766 252 193 251 250 194 767 249 195 192 765 254 191 190 189 255 764 188 256 253 258 257 187 186 
13
775 202 242 203 776 241 204 239 240 611 238 206 205 
5
776 241 204 239 240 
6
777 413 616 781 415 414 
2
778 412 
1
779 
1
780 
3
781 415 414 
2
782 418 
4
783 430 431 429 
4
784 432 434 433 
5
785 784 432 434 433 
2
786 428 
