704
226 494
221 492
216 490
213 486
213 481
215 476
217 471
219 466
221 461
222 456
223 451
225 446
225 441
224 436
224 431
225 426
226 421
223 417
219 415
215 410
214 405
214 400
214 395
214 390
214 385
214 380
215 375
216 370
216 365
215 360
214 355
212 350
209 345
209 340
207 336
202 335
198 331
199 326
198 321
198 316
196 312
196 307
197 302
196 297
195 292
195 287
195 282
198 279
200 274
200 269
199 264
200 260
201 255
204 250
207 246
209 241
210 236
207 231
208 226
209 221
208 217
205 214
204 209
205 204
208 200
207 195
203 191
203 186
206 182
206 177
207 172
205 167
203 162
199 158
194 158
189 158
184 158
179 158
174 158
169 158
164 158
159 158
154 159
149 157
144 156
139 155
134 154
129 153
124 154
119 155
114 156
109 155
104 154
99 154
94 153
89 153
84 152
79 152
74 150
69 150
64 146
59 147
54 148
49 149
44 151
40 154
35 155
32 152
34 147
39 145
34 145
29 145
24 145
19 145
14 143
15 139
20 138
25 137
30 135
35 134
40 133
45 132
50 131
55 131
60 129
65 126
70 124
75 124
80 123
85 123
90 123
95 123
100 123
105 120
110 118
115 115
120 116
125 118
130 118
135 118
140 116
145 112
150 114
155 115
160 115
165 115
170 114
175 114
180 112
185 112
190 111
195 110
200 109
205 108
210 108
215 106
220 106
225 105
230 106
234 104
234 99
230 95
225 91
224 86
226 81
227 76
228 71
225 66
228 61
229 56
229 51
232 48
234 43
237 38
242 34
246 32
251 30
256 30
261 31
265 33
270 37
274 41
276 46
279 51
280 56
279 61
281 65
280 69
280 74
282 79
282 84
283 89
280 93
275 96
271 99
274 104
279 106
284 104
289 104
294 106
299 108
304 109
309 109
314 111
319 112
324 112
329 113
334 113
339 114
344 114
349 114
354 114
359 114
364 114
369 117
374 118
379 118
384 118
389 115
394 117
399 118
404 120
409 122
414 122
419 123
424 123
429 122
434 123
439 123
443 127
448 129
453 130
458 130
463 131
468 132
473 133
478 135
483 136
488 138
493 140
492 145
487 146
482 145
477 144
472 143
467 144
472 147
475 152
472 156
467 154
462 152
457 149
452 148
447 148
442 146
438 149
433 150
428 152
423 153
418 153
413 154
408 155
403 154
398 156
393 156
388 155
383 154
378 154
373 154
368 155
363 156
358 157
353 159
348 159
343 158
338 157
333 157
328 157
323 157
318 157
313 157
308 158
304 162
302 167
302 172
301 177
301 182
302 187
304 186
304 191
300 195
300 200
301 205
302 210
301 215
304 220
306 225
307 230
308 235
310 240
307 243
303 245
300 248
300 253
302 258
306 263
305 268
304 273
305 278
305 283
305 288
305 293
304 298
304 303
305 308
305 313
304 318
303 323
303 328
303 333
303 338
300 343
295 346
294 351
293 356
293 361
292 366
290 371
292 376
293 381
292 386
292 391
292 396
294 401
294 406
292 411
287 415
282 418
282 423
282 428
283 433
283 438
283 443
283 448
284 453
285 458
287 463
289 468
291 473
293 478
294 483
293 488
290 492
285 493
280 493
275 494
270 495
266 491
263 487
263 482
263 477
263 472
262 467
261 462
261 457
260 452
260 447
261 442
262 437
262 432
262 427
263 422
263 417
260 413
258 408
258 403
257 398
257 393
257 388
257 383
257 378
257 373
259 368
259 363
259 358
259 353
258 348
256 343
255 338
254 333
257 328
258 323
257 318
256 313
255 308
255 303
253 304
252 309
251 314
250 319
250 324
251 329
250 334
250 339
251 344
249 349
248 354
249 359
249 364
249 369
250 374
249 379
249 384
249 389
250 394
251 399
252 404
251 409
247 413
244 417
244 422
244 427
244 432
244 437
245 442
246 447
246 452
246 457
246 462
245 467
244 472
245 477
245 482
244 487
241 492
236 494
231 494
227 494
114.5 136.5
197.197 133.984
254.319 54.0278
157.5 136.453
245.407 147.937
236.406 271.5
229.427 336.5
224.426 306.085
296.342 134.288
320.5 134.544
351.5 135.919
279.52 305.696
279.375 329.875
254 197.5
233.348 212.788
226.93 161.128
266.376 130.311
264.785 250.5
277.068 197.5
278.119 154.548
280.741 230.555
218.598 264.5
210.277 308.549
73.4167 136.958
232.636 374
390.848 135.976
429 136.333
408 138.375
273.854 376.171
273.357 405.129
182.907 127.536
219.351 128.754
243.408 66
155.005 147.453
147.465 127.326
239.081 342.958
219.887 342.184
306.3 123.5
360.612 126.794
267.652 335.33
225.05 227.79
286.292 210
231.013 186.614
214.215 289.588
213.222 322.822
219.897 331.352
226.306 319.462
349.711 125.021
336.106 132.849
365.339 140.626
279.474 345.412
217.894 187.624
223.502 174.747
225.467 200.3
232.725 401.35
286.5 120.862
290.789 334.447
280.521 268.497
292.72 266.234
289.269 281.642
293.961 234.556
272.634 414.952
193.813 122.425
206.75 124.912
215.78 117.879
184.653 142.725
243.406 83.5984
158.152 125.657
170.135 131.798
232.121 357.703
308.41 135.438
315.214 145.259
301.259 146.592
287.728 144.865
288.541 198.687
284.407 182.606
290.373 222.129
265.775 215.487
216.052 299.859
206.33 296.298
237.403 311.081
341.775 144.554
352.719 147.085
327.336 124.792
316.786 124.669
339.95 123.793
372.581 130.428
377.622 141.678
268.666 346.114
275.027 360.492
215.122 178.757
216.52 165.749
239.653 198.082
220.247 212.325
226.575 218.838
216.674 203.628
296.142 124.114
268.276 286.13
188.315 134.609
196.314 146.087
210.557 141.042
216.906 152.583
206.578 150.747
230.576 146.699
234.112 86.2536
174.433 123.409
178.545 135.733
169.14 144.881
239.165 352.013
223.752 351.719
293.186 155.976
274.494 141.341
283.989 133.024
276.198 125.075
264.844 115.607
274.955 208.712
279.342 219.238
264.163 203.694
237.578 291.274
226.442 294.63
234.481 301.151
225.169 280.371
237.866 323.231
283.123 354.684
280.387 368.776
268.727 367.904
247.325 210.076
257.173 210.656
277.885 279.735
281.592 292.533
293.299 292.633
237.261 156.064
258.195 168.9
249.275 159.96
261.061 149.534
242.938 175.202
236.123 166.812
221.732 139.748
239.554 128.6
231.806 136.033
177.59 148.795
288.115 169.066
274.862 115.135
235.176 281.494
252.463 278.548
265.558 270.915
212.712 276.684
226.511 270.519
240.044 332.998
291.817 304.869
286.512 317.828
254.396 137.345
264.554 140.154
270.31 149.59
268.119 161.671
278.176 165.209
246.404 187.375
253.36 178.814
268.937 180.275
264.576 191.583
233.174 176.936
291.883 177.376
261.757 279.444
255.998 290.539
246.624 286.786
251.145 261.239
271.546 260.466
261.373 261.576
280.768 246.932
284.839 257.763
290.269 249.542
209.51 267.623
295.296 313.859
244.153 137.762
258.868 158.93
277.608 175.227
275.745 187.593
285.481 238.736
88.2577 137.76
80.5394 142.872
81.1234 132.062
439.103 136.321
398.478 143.94
400.37 130.413
418.177 134.034
242.336 54.0644
248.297 43.9296
260.098 43.7364
261.382 71.4236
267.95 83.8456
270.432 74.5863
255.572 94.2213
256.032 82.1993
248.821 74.7999
264.588 92.4064
142.092 140.814
135.472 130.363
130.119 141.076
120.637 144.497
233.582 412.619
237.748 74.7985
238.771 365.65
226.186 366.047
328.948 144.203
383.101 128.634
392.085 126.128
293.339 324.931
252.749 123.174
241.748 115.178
229.077 119.536
246.748 103.438
245.532 93.4416
258.354 105.718
251.607 113.179
246.509 270.297
233.784 252.018
270.554 238.761
251.045 230.812
238.492 225.474
251.682 219.996
269.378 226.875
258.604 240.175
253.524 250.228
243.907 253.913
241.194 240.421
260.632 230.804
228.258 240.322
220.385 251.195
219.678 235.842
211.74 256.806
101.33 136.109
108.126 129.185
107.677 144.306
95.6457 143.678
253.692 64.4143
266.138 59.3611
123.86 129.582
267.33 49.9205
229.955 478.875
221.857 482.967
271.486 317.738
266.924 325.958
267.197 306.175
264.89 295.999
274.034 298.088
271.445 390.613
266.447 398.655
266.558 382.375
280.93 384.773
280.817 396.762
228.203 387.69
223.861 396.706
224.061 378.785
238.159 383.351
239.636 393.617
232.38 466.479
234.31 454.728
235.109 444.546
234.078 434.392
277.516 478.609
274.693 466.208
272.456 454.749
271.946 443.685
272.468 433.165
316.444 136.297
205.333 133.351
704
228.649 485.225
227.409 485.333
218.449 485.796
217.938 485.823
218.817 485.777
227.3 485.098
229.691 482.03
231.4 474.636
233.475 465.653
235.217 458.108
236.165 452.702
235.736 447.044
235.188 440.055
234.827 435.661
234.597 432.811
234.352 429.774
234.426 448.522
232.254 404.956
231.523 403.211
231.404 403.256
231.281 403.163
231.328 402.017
231.4 399.331
231.218 394.04
231.354 388.732
231.653 384.71
231.947 380.877
232.226 377.293
233.191 364.917
233.776 357.558
234.41 350.001
230.926 342.836
228.453 338.131
224.365 331.17
217.183 319.189
207.729 325.549
198.614 331.687
204.536 327.7
215.655 316.484
213.114 309.706
212.653 308.611
211.93 306.795
213.3 300.145
214.298 292.973
214.124 292.503
213.96 291.886
208.429 295.474
218.411 288.929
227.407 275.029
224.461 268.177
212.171 266.613
210.451 266.418
213.457 266.753
224.429 268.223
236.813 262.106
248.192 248.762
256.49 233.506
257.667 225.188
257.909 223.523
256.419 211.884
0 0
222.994 207.556
218.98 208.099
226.302 207.109
252.993 201.742
0 0
205.771 188.184
0 0
247.9 191.235
255.462 182.599
255.29 168.304
251.333 151.207
240.521 136.5
210.65 130.204
190.998 129.579
182.491 131.478
176.499 133.058
172.552 134.285
169.317 134.877
165.382 135.578
158.835 136.668
156.677 137.03
155.534 137.267
154.285 137.154
151.906 137.015
144.565 136.586
136.851 136.824
126.436 137.188
117.242 137.661
113.403 138.057
112.467 138.167
109.874 138.493
105.65 138.837
102.922 139.02
94.6789 139.572
88.5842 139.933
83.2662 139.179
79.613 137.895
75.9191 136.495
73.026 135.543
67.2523 136.449
57.0697 138.082
49.9375 139.277
44.6809 140.173
41.3011 143.804
35.311 152.111
34.0825 153.312
33.8785 153.508
36.4722 151.01
34.8341 143.693
30.3963 140.515
28.2998 140.588
23.1398 140.922
18.7059 141.196
14.5768 141.351
14.8833 141.34
17.0382 141.256
20.7 141.049
25.2503 140.77
35.9833 140.366
42.2733 142.363
44.7204 140.166
49.3782 139.372
67.1421 136.564
68.3507 136.276
70.513 135.936
71.4361 135.786
73.9001 135.72
77.3726 137.063
81.1147 138.33
86.4098 140.057
93.9046 139.586
104.369 138.924
112.897 138.102
116.036 137.212
116.176 132.336
116.053 136.622
118.632 137.11
127.632 137.117
139.041 136.777
148.347 136.58
147.081 129.593
147.794 133.533
151.78 136.779
158.336 136.764
167.288 135.111
169.979 134.622
175.988 133.3
181.511 131.849
185.979 130.617
192.103 128.819
198.073 128.768
201.063 128.98
209.038 129.523
215.119 130.393
219.666 131.008
229.18 133.298
233.263 134.276
246.511 136.307
254.18 126.033
255.372 89.4525
253.4 75.7802
235.882 82.8835
225.568 87.0791
246.265 78.6598
254.342 72.7057
254.996 65.4295
255.134 62.2778
255.173 61.4692
255.701 52.8333
255.792 51.4654
255.733 52.3052
255.774 48.2895
255.825 44.5702
255.26 40.7513
255.145 40.0178
254.882 38.3407
254.871 38.2757
255.014 39.186
255.091 39.686
255.907 46.1246
255.923 47.0485
255.949 48.7886
255.808 50.8054
255.752 51.5555
255.312 58.442
255.218 60.1207
255.193 60.561
256.261 70.8856
261.44 77.1163
267.823 80.3915
285.421 89.409
269.47 81.2335
257.97 75.3415
256.889 69.3333
254.507 138.747
273.252 132.67
286.02 128.724
287.033 128.328
286.888 128.354
291.212 126.383
299.535 126.966
304.552 127.402
309.677 127.99
318.308 128.982
324.598 130.042
330.329 130.991
335.296 131.988
340.611 133.046
346.201 134.174
350.683 135.086
355.585 134.966
356.834 134.924
357.494 134.905
362.079 134.703
372.199 134.247
382.713 133.849
391.843 133.405
392.07 131.277
392.238 131.627
393.784 133.671
397.549 135.409
405.87 138.038
413.351 138.067
420.758 137.959
428.296 136.528
432.69 135.808
435.366 135.537
435.858 135.473
437.135 135.311
445.714 136.946
454.614 138.652
459.286 139.598
461.467 140.541
466.667 138.875
471.588 137.044
482.098 140.345
486.364 141.59
489.746 142.48
491.559 142.724
491.167 142.667
488.221 142.324
483.764 140.942
478.631 139.348
475.558 139.152
470.02 141.713
469.619 150.752
473.098 153.932
473.174 153.999
468.097 148.344
464.774 144.264
459.93 139.772
455.272 138.782
449.401 137.654
440.91 136.03
434.452 135.63
430.752 136.075
426.159 136.931
422.396 137.634
414.546 138.163
411.454 138.194
407.344 138.204
402.135 136.817
398.246 135.741
397.301 135.179
394.77 133.978
388.421 133.73
380.652 133.911
371.251 134.29
362.226 134.669
356.958 135.034
351.664 135.442
350.97 136.774
350.984 136.71
350.04 135.092
345.264 133.995
339.227 132.771
334.274 131.767
328.973 130.818
322.995 129.748
311.23 128.216
293.005 126.591
268.431 137.707
261.61 155.894
260.603 169.364
262.498 179.134
267.858 183.084
268.37 184.189
0 0
277.382 186.274
263.825 185.771
263.289 197.574
263.564 208.785
264.169 215.481
266.745 224.102
271.636 233.082
274.178 235.588
280.799 236.198
0 0
312.916 240.132
302.035 238.784
281.336 236.238
269.588 239.846
265.466 251.606
271.933 267.71
282.859 275.804
280.222 273.862
274.909 272.351
277.42 276.558
281.129 282.954
282.384 285.126
284.231 288.279
286.757 294.76
290.56 304.451
291.885 312.785
292.665 316.138
292.231 319.274
291.629 322.502
290.063 330.656
289.635 332.673
290.151 332.683
289.753 332.672
283.69 336.391
276.434 344.19
275.396 353.738
274.819 358.893
274.304 363.497
273.314 373.392
272.654 382.704
272.551 384.164
272.303 387.664
272.937 394.733
277.558 401.684
282.928 404.465
284.461 405.259
280.476 403.195
275.252 402.589
272.64 409.66
271.98 425.697
271.846 429.564
271.658 434.985
271.49 438.148
271.271 442.335
271.008 448.131
270.773 454.48
272.67 461.83
274.664 469.605
276.298 475.97
279.744 481.837
284.637 484.572
287.444 486.145
282.759 483.523
289.384 487.233
285.563 485.092
279.351 481.609
271.424 487.75
269.764 489.722
272.779 486.14
271.664 487.465
273.847 484.872
277.398 480.233
275.536 473
273.632 465.583
272.202 460.006
270.822 454.725
270.906 450.46
270.974 448.911
271.193 443.889
271.464 438.647
271.723 433.191
271.895 428.162
272.009 424.865
272.451 411.643
273.571 406.889
274.117 404.825
273.821 402.708
273.425 399.695
273.009 395.627
272.665 390.27
272.44 384.854
272.718 381.014
272.834 379.482
273.303 373.083
274.153 364.818
274.925 357.744
275.752 350.168
276.501 342.492
276.423 340.91
273.283 341.986
272.956 342.101
275.294 341.308
287.872 331.359
292.682 321.274
290.02 306.448
283.171 288.586
267.165 266.562
0 0
223.508 284.826
211.8 306.652
218.007 319.256
224.064 330.72
227.483 336.41
229.253 339.391
231.811 343.797
232.688 345.38
233.143 346.9
234.248 353.867
233.57 360.344
233.194 364.874
232.777 370.176
232.443 374.452
232.082 379.278
231.552 386.692
231.427 394.615
232.012 401.471
232.785 404.982
233.29 405.886
233.365 405.986
232.844 405.178
232.74 409.808
233.15 414.877
234.113 426.812
234.609 432.963
235.09 438.858
235.511 443.975
235.753 447.272
236 450.777
235.997 454.862
234.814 459.852
233.371 466.107
231.132 475.797
229.363 483.428
231.647 485.16
232.641 485.671
232.816 485.761
232.071 485.379
229.81 484.371
228.681 485.213
112.823 138.109
196.604 128.621
255.873 49.6833
156.649 137.05
254.774 142.304
239.862 262.149
212.227 325.65
213.11 299.777
290.821 126.681
320.721 129.32
350.915 135.939
289.593 302.144
285.943 334.51
259.649 195.45
257.526 210.767
253.683 150.118
262.918 138.453
260.79 246.547
262.767 194.719
261.488 141.426
268.52 233.041
230.423 267.228
212.535 308.095
73.5351 135.622
232.234 377.231
392.543 132.431
422.714 137.266
387.257 134.465
272.928 378.533
274.317 404.031
183.625 131.265
226.086 132.48
255.159 61.6905
155.513 137.244
148.783 136.57
232.849 346.011
228.865 338.845
305.828 127.585
356.638 134.932
279.493 339.793
258.252 224.568
260.804 214.318
256.751 185.773
218.565 288.836
215.761 316.754
223.077 328.976
216.492 317.965
350.77 135.102
334.738 131.912
375.604 134.143
280.889 276.444
256.094 189.236
257.627 167.624
254.37 199.672
231.553 400.871
283.546 129.737
289.038 332.649
270.124 265.321
271.484 267.293
277.721 277.103
273.292 235.396
273.063 408.697
192.913 128.664
206.645 129.482
224.529 132.183
183.652 131.254
254.311 75.6134
156.498 137.076
167.739 135.064
233.757 357.864
306.602 127.651
374.222 136
292.176 126.547
274.652 132.577
263.142 196.16
263.117 182.945
269.294 232.285
261.882 217.617
213.768 297.27
213.757 296.42
222.222 274.667
345.832 134.11
351.626 135.421
331.329 131.243
317.924 128.934
343.917 133.712
367.151 134.474
384.252 133.801
276.503 342.878
273.17 379.251
256.722 174.859
256.086 161.727
258.333 195.915
250.77 206.744
256.989 212.825
252.161 203.954
291.536 126.357
272.07 270.11
184.579 131.02
192.812 129.115
198.205 130.859
237.966 135.509
220.723 131.617
247.653 139.35
254.037 74.1977
167.092 135.142
173.542 133.963
163.208 135.903
233.997 355.399
233.626 347.941
266.282 138.398
265.513 138.081
275.473 132.926
270.423 133.475
253.934 136.22
263.043 210.071
265.885 223.144
261.641 202.56
229.968 272.018
212.634 293.962
220.258 289.108
228.801 273.336
220.239 323.643
275.132 356.102
272.989 377.533
273.494 370.868
259.98 208.979
261.015 209.74
273.085 271.045
285.084 290.797
282.711 285.694
253.606 148.888
258.466 163.339
255.896 157.2
258.546 145.262
257.177 170.756
255.489 160.497
235.214 134.454
249.489 137.286
245.719 137.391
172.312 134.331
258.023 163.192
266.165 134.318
220.116 269.055
254.373 259.22
264.419 260.374
228.144 274.114
232.534 266.756
228.912 338.84
291.169 309.067
292.671 322.172
255.726 140.042
260.056 140.131
261.178 143.088
259.174 155.841
259.788 157.968
257.493 185.214
258.589 174.656
259.518 175.529
262.411 191.621
256.601 173.803
262.286 178.939
264.233 261.495
261.026 260.197
242.351 261.092
255.084 253.226
264.399 254.617
261.334 253.999
266.642 243.67
262.037 250.028
254.222 219.556
227.029 268.551
292.247 314.771
250.643 138.528
257.964 152.844
260.445 170.751
262.267 185.239
269.721 238.092
70.2222 136
81.354 138.473
77.8436 137.24
438.222 137.778
398.736 135.9
399.948 136.142
417.351 137.949
255.644 46.2645
255.478 42.4788
255.822 44.41
255.449 54.8944
252.395 67.6572
255.497 69.9506
255.412 90.5257
254.611 74.1508
254.895 67.5742
255.48 87.1826
140.444 132.444
132.625 136.963
133.435 136.938
116.803 137.684
230.222 352.889
254.769 70.2736
233.128 365.714
233.692 353.038
332.876 131.546
387.238 133.678
393.414 133.489
290.962 326.029
253.918 137.077
253.603 135.376
254.222 135.111
254.725 112.403
255.35 87.1688
254.302 123.529
254.185 127.797
244.76 259.48
247.849 253.372
267.675 237.958
260.71 229.925
260.326 220.865
260.72 219.055
267.079 226.529
261.914 238.453
258.618 246.468
254.349 251.816
263.003 231.295
261.913 234.346
254.473 241.647
243.832 254.537
256.239 234.841
225.103 268.257
98.6012 139.299
111.989 138.19
111.769 138.242
119.309 134.911
255.21 60.5949
255.309 58.7016
117.07 137.335
255.943 48.8056
229.333 432.889
227.971 485.217
291.495 316.481
286.409 334.221
289.478 307.568
268.831 266.253
283.979 287.954
272.783 392.351
273.641 401.37
272.438 384.79
272.621 388.669
277.356 401.642
231.343 391.708
231.369 400.819
232.035 380.175
231.492 390.553
231.69 399.971
232.113 471.551
234.124 462.533
235.846 448.605
235.446 443.466
276 485.006
275.259 471.921
276.444 433.778
271.101 446.201
275.556 355.556
316.444 136.297
198.222 134.222
1669
0 0
0 0
0 0
0 0
0 0
0 0
0 0
0 0
0 0
0 0
0 0
0 0
0 0
676 637
0 0
0 0
0 0
0 0
0 0
0 0
0 0
0 0
0 0
0 0
0 0
0 0
0 0
0 0
0 0
0 0
0 0
0 0
0 0
0 0
0 0
0 0
0 0
0 0
0 0
0 0
0 0
0 0
0 0
0 0
0 0
0 0
0 0
0 0
0 0
0 0
0 0
0 0
0 0
0 0
0 0
0 0
0 0
0 0
0 0
0 0
0 0
0 0
0 0
0 0
0 0
0 0
0 0
0 0
0 0
0 0
0 0
0 0
0 0
0 0
0 0
637 518
0 0
0 0
0 0
0 0
0 0
0 0
0 0
0 0
0 0
0 0
0 0
0 0
0 0
0 0
0 0
0 0
0 0
0 0
0 0
0 0
0 0
0 0
0 0
0 0
0 0
0 0
0 0
0 0
0 0
0 0
0 0
0 0
0 0
0 0
0 0
0 0
0 0
0 0
0 0
0 0
0 0
0 0
0 0
0 0
0 0
0 0
0 0
0 0
0 0
0 0
0 0
0 0
0 0
0 0
518 608
0 0
0 0
0 0
0 0
0 0
0 0
0 0
0 0
0 0
0 0
0 0
0 0
0 0
0 0
0 0
0 0
0 0
0 0
0 0
0 0
0 0
0 0
0 0
0 0
0 0
0 0
0 0
608 647
0 0
0 0
0 0
0 0
0 0
0 0
0 0
0 0
0 0
0 0
0 0
0 0
0 0
0 0
0 0
0 0
0 0
0 0
0 0
0 0
0 0
0 0
0 0
0 0
0 0
0 0
0 0
0 0
0 0
0 0
0 0
0 0
0 0
0 0
0 0
0 0
0 0
0 0
0 0
0 0
0 0
0 0
0 0
0 0
0 0
0 0
0 0
0 0
0 0
0 0
0 0
0 0
0 0
0 0
0 0
0 0
0 0
0 0
0 0
0 0
0 0
0 0
0 0
0 0
0 0
0 0
0 0
0 0
0 0
0 0
0 0
0 0
0 0
0 0
633 616
0 0
0 0
0 0
0 0
0 0
0 0
0 0
0 0
0 0
0 0
0 0
0 0
0 0
0 0
0 0
0 0
0 0
0 0
0 0
0 0
0 0
0 0
0 0
0 0
0 0
0 0
0 0
0 0
0 0
0 0
0 0
0 0
0 0
0 0
0 0
0 0
0 0
0 0
0 0
0 0
0 0
0 0
0 0
0 0
0 0
0 0
0 0
0 0
0 0
0 0
0 0
0 0
0 0
0 0
0 0
0 0
0 0
0 0
0 0
0 0
0 0
0 0
0 0
0 0
0 0
0 0
0 0
0 0
0 0
0 0
0 0
0 0
0 0
0 0
0 0
0 0
0 0
0 0
0 0
0 0
0 0
0 0
0 0
0 0
0 0
0 0
0 0
0 0
0 0
0 0
0 0
0 0
0 0
0 0
0 0
0 0
0 0
0 0
0 0
0 0
0 0
0 0
0 0
0 0
0 0
0 0
0 0
0 0
0 0
0 0
0 0
0 0
0 0
0 0
0 0
0 0
0 0
0 0
0 0
0 0
0 0
0 0
0 0
0 0
0 0
0 0
0 0
0 0
0 0
0 0
0 0
0 0
0 0
0 0
0 0
0 0
0 0
0 0
0 0
0 0
0 0
0 0
0 0
0 0
647 194
0 0
0 0
0 0
0 0
0 0
0 0
0 0
0 0
0 0
0 0
0 0
0 0
0 0
0 0
0 0
0 0
0 0
0 0
0 0
0 0
0 0
0 0
0 0
0 0
0 0
0 0
0 0
0 0
0 0
0 0
0 0
0 0
0 0
0 0
0 0
0 0
0 0
0 0
0 0
0 0
0 0
0 0
0 0
0 0
0 0
0 0
0 0
0 0
0 0
0 0
0 0
0 0
0 0
0 0
0 0
0 0
0 0
0 0
0 0
0 0
0 0
0 0
0 0
0 0
0 0
0 0
0 0
0 0
0 0
0 0
0 0
0 0
0 0
0 0
0 0
0 0
0 0
0 0
0 0
0 0
0 0
0 0
0 0
0 0
0 0
0 0
0 0
0 0
0 0
0 0
0 0
0 0
0 0
0 0
0 0
0 0
0 0
0 0
0 0
0 0
0 0
0 0
0 0
0 0
0 0
0 0
0 0
0 0
0 0
0 0
0 0
0 0
0 0
0 0
0 0
0 0
0 0
0 0
0 0
0 0
0 0
0 0
0 0
0 0
0 0
0 0
0 0
0 0
0 0
0 0
0 0
0 0
0 0
0 0
0 0
0 0
0 0
0 0
0 0
0 0
0 0
0 0
0 0
0 0
0 0
0 0
0 0
0 0
0 0
0 0
0 0
0 0
0 0
0 0
0 0
0 0
509 619
0 0
0 0
0 0
0 0
0 0
0 0
0 0
0 0
0 0
0 0
0 0
0 0
0 0
0 0
0 0
0 0
0 0
0 0
0 0
0 0
0 0
0 0
0 0
0 0
0 0
0 0
0 0
0 0
0 0
0 0
0 0
0 0
0 0
0 0
0 0
0 0
0 0
0 0
0 0
0 0
0 0
0 0
0 0
0 0
0 0
0 0
0 0
0 0
0 0
0 0
0 0
0 0
0 0
0 0
0 0
0 0
0 0
0 0
0 0
0 0
0 0
0 0
0 0
0 0
0 0
0 0
0 0
0 0
0 0
0 0
0 0
0 0
0 0
0 0
0 0
0 0
0 0
0 0
0 0
0 0
0 0
0 0
0 0
0 0
0 0
0 0
0 0
0 0
0 0
0 0
0 0
0 0
0 0
0 0
0 0
0 0
0 0
0 0
0 0
0 0
0 0
0 0
0 0
0 0
0 0
0 0
0 0
0 0
0 0
0 0
0 0
0 0
0 0
0 0
0 0
0 0
0 0
0 0
0 0
0 0
0 0
0 0
0 0
0 0
0 0
0 0
0 0
0 0
0 0
0 0
0 0
0 0
0 0
0 0
0 0
0 0
0 0
0 0
0 0
0 0
0 0
0 0
0 0
0 0
0 0
0 0
0 0
0 0
0 0
0 0
0 0
0 0
0 0
0 0
0 0
0 0
0 0
0 0
0 0
0 0
0 0
0 0
0 0
0 0
0 0
0 0
0 0
0 0
0 0
0 0
0 0
0 0
0 0
0 0
0 0
0 0
0 0
0 0
0 0
0 0
0 0
0 0
0 0
0 0
0 0
0 0
0 0
0 0
0 0
0 0
0 0
0 0
0 0
0 0
0 0
0 0
0 0
0 0
0 0
608 488
0 0
0 0
0 0
0 0
0 0
0 0
0 0
0 0
0 0
0 0
0 0
0 0
0 0
0 0
0 0
0 0
0 0
0 0
0 0
0 0
0 0
0 0
0 0
0 0
0 0
0 0
0 0
0 0
0 0
0 0
0 0
0 0
0 0
0 0
0 0
488 701
0 0
0 0
0 0
0 0
0 0
0 0
0 0
0 0
0 0
0 0
0 0
0 0
0 0
0 0
0 0
0 0
0 0
0 0
0 0
0 0
0 0
0 0
0 0
0 0
0 0
0 0
0 0
0 0
0 0
0 0
0 0
0 0
0 0
0 0
0 0
0 0
0 0
0 0
0 0
0 0
0 0
0 0
0 0
0 0
0 0
0 0
0 0
701 699
0 0
0 0
0 0
0 0
0 0
0 0
0 0
0 0
0 0
0 0
0 0
0 0
0 0
0 0
0 0
0 0
0 0
0 0
0 0
0 0
0 0
0 0
0 0
0 0
0 0
0 0
0 0
0 0
0 0
0 0
0 0
0 0
0 0
0 0
0 0
0 0
0 0
0 0
0 0
0 0
0 0
0 0
0 0
0 0
0 0
0 0
0 0
0 0
0 0
0 0
0 0
0 0
0 0
0 0
0 0
0 0
0 0
0 0
0 0
0 0
0 0
0 0
0 0
0 0
0 0
0 0
0 0
0 0
0 0
0 0
0 0
0 0
0 0
0 0
0 0
0 0
0 0
0 0
0 0
0 0
0 0
0 0
0 0
0 0
0 0
0 0
0 0
0 0
0 0
0 0
0 0
0 0
0 0
0 0
0 0
0 0
0 0
0 0
0 0
0 0
0 0
0 0
0 0
0 0
0 0
0 0
0 0
0 0
0 0
0 0
0 0
0 0
0 0
0 0
0 0
0 0
0 0
0 0
0 0
0 0
0 0
0 0
0 0
0 0
0 0
0 0
0 0
0 0
0 0
0 0
0 0
0 0
0 0
0 0
0 0
0 0
0 0
0 0
0 0
0 0
0 0
0 0
0 0
0 0
0 0
0 0
0 0
0 0
0 0
0 0
0 0
0 0
0 0
0 0
0 0
0 0
0 0
0 0
0 0
0 0
0 0
0 0
0 0
0 0
0 0
0 0
0 0
0 0
0 0
0 0
0 0
0 0
0 0
0 0
0 0
0 0
0 0
0 0
0 0
0 0
0 0
0 0
0 0
0 0
0 0
0 0
0 0
0 0
0 0
0 0
0 0
0 0
0 0
0 0
0 0
0 0
0 0
0 0
0 0
0 0
0 0
0 0
0 0
0 0
0 0
0 0
0 0
0 0
0 0
0 0
0 0
0 0
0 0
0 0
0 0
0 0
0 0
0 0
0 0
0 0
0 0
0 0
0 0
0 0
0 0
0 0
0 0
0 0
0 0
0 0
0 0
0 0
0 0
0 0
0 0
0 0
0 0
0 0
0 0
0 0
0 0
0 0
0 0
0 0
0 0
0 0
0 0
0 0
0 0
0 0
0 0
0 0
0 0
0 0
0 0
0 0
0 0
0 0
0 0
0 0
0 0
0 0
0 0
0 0
0 0
0 0
0 0
0 0
0 0
0 0
0 0
0 0
0 0
0 0
0 0
0 0
0 0
0 0
0 0
0 0
0 0
0 0
0 0
0 0
0 0
0 0
0 0
0 0
0 0
0 0
0 0
0 0
0 0
0 0
0 0
0 0
0 0
0 0
0 0
0 0
0 0
0 0
0 0
0 0
0 0
0 0
0 0
0 0
0 0
0 0
0 0
0 0
0 0
0 0
0 0
0 0
0 0
0 0
0 0
0 0
0 0
0 0
0 0
0 0
0 0
0 0
0 0
0 0
0 0
0 0
0 0
0 0
0 0
0 0
0 0
0 0
0 0
0 0
0 0
0 0
0 0
0 0
0 0
0 0
0 0
0 0
0 0
0 0
0 0
0 0
0 0
0 0
0 0
0 0
0 0
0 0
0 0
0 0
0 0
0 0
0 0
0 0
0 0
0 0
0 0
0 0
0 0
0 0
0 0
0 0
0 0
0 0
0 0
0 0
0 0
0 0
0 0
0 0
0 0
0 0
0 0
0 0
0 0
0 0
0 0
0 0
0 0
0 0
0 0
0 0
0 0
0 0
0 0
0 0
0 0
0 0
0 0
0 0
0 0
0 0
0 0
0 0
0 0
0 0
0 0
0 0
0 0
0 0
0 0
0 0
0 0
0 0
0 0
0 0
0 0
0 0
0 0
0 0
0 0
0 0
0 0
0 0
0 0
0 0
0 0
0 0
0 0
0 0
0 0
0 0
0 0
0 0
0 0
0 0
0 0
0 0
0 0
0 0
0 0
0 0
0 0
0 0
0 0
0 0
0 0
0 0
0 0
0 0
0 0
0 0
0 0
0 0
0 0
0 0
0 0
0 0
0 0
0 0
0 0
0 0
0 0
0 0
0 0
0 0
0 0
0 0
0 0
0 0
0 0
0 0
0 0
0 0
0 0
0 0
0 0
0 0
0 0
0 0
0 0
0 0
0 0
0 0
0 0
0 0
0 0
0 0
0 0
0 0
0 0
0 0
0 0
0 0
0 0
0 0
0 0
0 0
0 0
0 0
0 0
0 0
0 0
0 0
0 0
0 0
0 0
0 0
0 0
0 0
0 0
0 0
0 0
0 0
0 0
0 0
0 0
0 0
0 0
0 0
0 0
0 0
0 0
0 0
0 0
0 0
0 0
0 0
0 0
0 0
0 0
0 0
0 0
0 0
0 0
0 0
0 0
0 0
0 0
0 0
0 0
0 0
0 0
0 0
0 0
0 0
0 0
0 0
0 0
0 0
0 0
0 0
0 0
0 0
0 0
0 0
0 0
0 0
0 0
0 0
0 0
0 0
0 0
0 0
0 0
0 0
0 0
0 0
0 0
0 0
0 0
0 0
0 0
0 0
0 0
0 0
0 0
0 0
0 0
0 0
0 0
0 0
0 0
0 0
0 0
0 0
0 0
0 0
0 0
0 0
0 0
0 0
0 0
0 0
0 0
0 0
0 0
0 0
0 0
0 0
0 0
0 0
0 0
0 0
0 0
0 0
0 0
0 0
0 0
0 0
0 0
0 0
0 0
0 0
0 0
0 0
0 0
0 0
0 0
0 0
0 0
0 0
0 0
0 0
0 0
0 0
0 0
0 0
0 0
0 0
0 0
0 0
0 0
0 0
0 0
0 0
0 0
0 0
0 0
0 0
0 0
0 0
0 0
0 0
0 0
0 0
0 0
0 0
0 0
0 0
0 0
0 0
0 0
0 0
0 0
0 0
0 0
0 0
0 0
0 0
0 0
0 0
0 0
0 0
0 0
0 0
0 0
0 0
0 0
0 0
0 0
0 0
0 0
0 0
0 0
0 0
0 0
0 0
0 0
0 0
0 0
0 0
0 0
0 0
0 0
0 0
0 0
0 0
0 0
0 0
0 0
0 0
0 0
0 0
0 0
0 0
0 0
0 0
0 0
0 0
0 0
0 0
0 0
0 0
0 0
0 0
0 0
0 0
0 0
0 0
0 0
0 0
0 0
0 0
0 0
0 0
0 0
0 0
0 0
0 0
0 0
0 0
0 0
0 0
0 0
0 0
0 0
0 0
0 0
0 0
0 0
0 0
0 0
0 0
0 0
0 0
0 0
0 0
0 0
0 0
0 0
0 0
0 0
0 0
0 0
0 0
0 0
0 0
0 0
0 0
0 0
0 0
0 0
0 0
0 0
0 0
0 0
0 0
0 0
0 0
0 0
0 0
0 0
0 0
0 0
0 0
0 0
0 0
0 0
0 0
0 0
0 0
0 0
0 0
0 0
0 0
0 0
0 0
0 0
0 0
0 0
0 0
0 0
0 0
0 0
0 0
0 0
0 0
0 0
0 0
0 0
0 0
0 0
0 0
0 0
0 0
0 0
0 0
0 0
0 0
0 0
0 0
0 0
0 0
0 0
0 0
0 0
0 0
0 0
0 0
0 0
0 0
0 0
0 0
0 0
0 0
0 0
0 0
0 0
0 0
0 0
0 0
0 0
0 0
0 0
0 0
0 0
0 0
0 0
0 0
0 0
0 0
0 0
0 0
0 0
0 0
0 0
0 0
0 0
0 0
0 0
0 0
0 0
0 0
0 0
0 0
0 0
647 702
702 509
647 703
703 633
1665
0 1
437 0
0 677
1 2
677 1
2 3
677 2
3 4
3 677
4 5
4 677
5 6
677 5
6 7
676 6
6 677
693 6
7 8
693 7
8 9
8 693
9 10
9 693
9 694
10 11
10 694
11 12
694 11
11 695
12 13
12 695
696 12
13 14
13 696
14 15
14 696
15 16
696 15
16 17
420 16
16 421
637 16
16 696
17 18
17 492
637 17
18 19
492 18
19 20
492 19
689 19
20 21
689 20
21 22
689 21
22 23
689 22
23 24
688 23
689 23
24 25
688 24
24 690
25 26
690 25
26 27
26 690
27 28
27 640
690 27
28 29
28 640
29 30
547 29
640 29
30 31
30 547
31 32
474 31
31 547
32 33
474 32
33 34
474 33
33 483
34 35
34 37
482 34
483 34
35 36
35 37
36 37
37 38
37 482
38 39
38 482
39 40
39 460
39 482
40 41
460 40
41 42
41 460
42 43
460 42
517 42
43 44
43 517
44 45
517 44
45 46
47 45
481 45
517 45
46 47
47 48
47 481
47 584
48 49
584 48
609 48
49 50
609 49
50 51
609 50
51 52
51 609
667 51
52 53
667 52
53 54
53 667
54 55
54 665
667 54
55 56
665 55
666 55
56 57
58 56
56 666
57 58
58 59
478 58
58 666
59 60
59 478
59 531
532 59
60 61
60 531
533 60
61 62
61 533
62 63
533 62
63 64
533 63
64 65
64 533
65 66
67 65
65 68
489 65
65 533
66 67
67 68
68 69
489 68
528 68
69 70
528 69
70 71
528 70
70 529
71 72
71 529
72 73
72 529
72 539
540 72
73 74
537 73
73 540
74 75
74 537
75 76
75 503
75 537
76 77
76 503
76 578
77 78
578 77
78 79
578 78
79 80
79 545
578 79
80 81
80 471
545 80
81 82
81 471
82 83
82 471
83 84
471 83
84 85
471 84
84 633
85 86
633 85
86 87
633 86
635 86
87 88
87 635
636 87
88 89
88 636
89 90
89 636
90 91
636 90
90 670
91 92
670 91
92 93
92 670
93 94
670 93
93 671
94 95
671 94
95 96
616 95
671 95
96 97
96 616
96 617
97 98
617 97
98 99
98 461
98 617
99 100
461 99
100 101
100 123
100 124
100 461
101 102
101 123
102 103
102 122
102 123
103 104
103 109
121 103
122 103
104 105
109 104
105 106
108 105
109 105
106 107
108 106
107 108
108 109
109 110
119 109
109 120
109 121
110 111
118 110
110 119
111 112
111 117
118 111
112 113
112 116
117 112
113 114
115 113
113 116
114 115
115 116
116 117
117 118
118 119
119 120
120 121
121 122
122 123
123 124
124 125
461 124
125 126
125 461
126 127
461 126
127 128
461 127
618 127
128 129
618 128
129 130
129 618
130 131
130 616
618 130
131 132
131 616
668 131
132 133
668 132
132 669
133 134
133 669
134 135
134 136
134 669
674 134
135 136
136 137
674 136
137 138
674 137
138 139
138 634
674 138
139 140
139 472
634 139
140 141
140 142
472 140
141 142
142 143
142 472
143 144
472 143
143 505
144 145
505 144
145 146
145 505
543 145
146 147
543 146
147 148
147 543
148 149
148 468
148 543
149 150
149 468
500 149
150 151
500 150
151 152
151 500
152 153
500 152
152 501
153 154
153 501
502 153
154 155
502 154
155 156
502 155
156 157
156 502
156 647
157 158
647 157
158 159
158 646
647 158
159 160
159 646
159 648
160 161
542 160
648 160
160 649
161 162
542 161
162 163
542 162
163 164
163 542
164 165
164 542
165 166
165 542
165 638
166 167
166 168
166 470
166 638
167 168
168 169
470 168
623 168
169 170
171 169
169 623
170 171
171 172
623 171
172 173
623 172
624 172
173 174
173 624
174 175
174 624
175 176
175 624
176 177
624 176
177 178
624 177
177 625
178 179
625 178
179 180
625 179
180 181
625 180
675 180
181 182
181 675
182 183
182 675
183 184
183 675
184 185
184 673
184 675
185 186
185 187
185 673
186 187
187 188
628 187
187 673
188 189
628 188
189 190
189 627
189 628
190 191
190 192
627 190
191 192
192 193
192 627
193 194
193 627
193 632
194 195
632 194
194 650
195 196
195 552
195 580
650 195
196 197
196 493
580 196
197 198
197 493
198 199
493 198
199 200
199 493
200 201
493 200
534 200
201 202
475 201
534 201
202 203
475 202
203 204
475 203
522 203
204 205
204 522
205 206
521 205
205 522
206 207
521 206
207 208
521 207
207 523
208 209
208 523
209 210
209 485
209 523
210 211
485 210
211 212
211 476
211 485
212 213
476 212
213 214
476 213
214 215
214 476
214 524
215 216
215 524
216 217
216 524
216 642
217 218
217 642
643 217
218 219
218 643
219 220
643 219
220 221
621 220
220 643
221 222
621 221
222 223
465 222
222 621
622 222
223 224
223 622
224 225
224 622
225 226
464 225
622 225
226 227
226 464
227 228
227 229
227 464
227 619
228 229
229 230
229 619
230 231
253 230
230 619
231 232
231 252
231 253
232 233
232 245
251 232
252 232
233 234
245 233
234 235
234 244
234 245
235 236
235 244
236 237
243 236
244 236
237 238
237 242
243 237
238 239
240 238
241 238
238 242
239 240
240 241
241 242
242 243
243 244
244 245
245 246
245 249
250 245
245 251
246 247
246 249
247 248
247 249
248 249
249 250
250 251
251 252
252 253
253 254
253 619
254 255
254 619
255 256
464 255
255 619
256 257
464 256
257 258
464 257
258 259
258 464
258 622
259 260
465 259
622 259
260 261
260 465
261 262
261 465
262 263
262 465
620 262
263 264
263 620
264 265
620 264
265 266
463 265
265 620
266 267
266 463
525 266
267 268
525 267
268 269
268 487
268 525
269 270
269 487
270 271
487 270
520 270
271 272
520 271
272 273
520 272
273 274
273 520
274 275
274 519
274 520
275 276
275 519
276 277
276 519
641 276
277 278
277 641
278 279
509 278
278 641
279 280
509 279
280 281
280 509
281 282
509 281
281 510
281 548
282 283
282 548
283 284
283 548
579 283
284 285
579 284
599 284
285 286
285 599
286 287
599 286
287 288
289 287
290 287
513 287
599 287
288 289
289 290
290 291
290 512
290 513
291 292
512 291
292 293
292 479
512 292
293 294
293 479
294 295
479 294
294 514
295 296
514 295
296 297
296 498
514 296
297 298
297 498
298 299
298 300
298 301
298 498
299 300
300 301
301 302
498 301
302 303
498 302
608 302
303 304
303 496
303 607
303 608
304 305
306 304
496 304
305 306
306 307
306 496
307 308
496 307
307 497
308 309
497 308
309 310
497 309
568 309
310 311
310 568
311 312
311 568
312 313
312 568
312 587
313 314
313 587
314 315
587 314
610 314
315 316
315 610
316 317
610 316
317 318
317 610
644 317
318 319
318 644
319 320
494 319
319 644
320 321
494 320
321 322
321 494
322 323
322 488
322 494
323 324
323 488
561 323
324 325
324 561
325 326
325 561
326 327
326 561
562 326
327 328
327 562
328 329
328 562
686 328
329 330
329 686
330 331
686 330
331 332
686 331
331 687
332 333
687 332
333 334
333 687
334 335
687 334
335 336
335 687
336 337
467 336
687 336
337 338
337 467
337 499
338 339
338 499
701 338
339 340
339 701
340 341
340 701
341 342
341 700
341 701
342 343
342 700
343 344
699 343
700 343
344 345
344 699
345 346
698 345
345 699
346 347
698 346
347 348
697 347
698 347
348 349
348 697
349 350
349 697
350 351
697 350
351 352
351 353
697 351
352 353
353 354
353 697
354 355
354 697
355 356
355 357
697 355
356 357
357 358
357 359
357 697
358 359
359 360
359 697
360 361
360 697
361 362
697 361
698 361
362 363
362 698
363 364
363 698
699 363
364 365
699 364
365 366
365 699
366 367
366 699
700 366
367 368
367 700
368 369
700 368
701 368
369 370
701 369
370 371
701 370
371 372
499 371
371 701
372 373
499 372
373 374
373 467
499 373
374 375
467 374
374 684
375 376
375 684
376 377
684 376
377 378
683 377
684 377
378 379
378 683
685 378
379 380
685 379
380 381
380 685
381 382
563 381
685 381
382 383
382 563
383 384
563 383
384 385
527 384
384 563
385 386
385 526
527 385
386 387
386 526
387 388
477 387
387 526
388 389
477 388
389 390
389 477
390 391
390 477
679 390
391 392
679 391
392 393
392 678
679 392
393 394
678 393
393 680
394 395
680 394
395 396
395 601
680 395
681 395
396 397
396 518
556 396
396 558
396 601
602 396
397 398
518 397
398 399
398 518
399 400
518 399
399 560
400 401
560 400
586 400
401 402
586 401
402 403
402 586
403 404
403 473
586 403
404 405
473 404
405 406
405 473
546 405
406 407
406 546
407 408
546 407
639 407
408 409
408 639
409 410
639 409
410 411
410 462
639 410
411 412
462 411
691 411
412 413
412 691
413 414
413 691
413 692
414 415
692 414
415 416
492 415
415 692
416 417
418 416
492 416
417 418
418 419
492 418
418 637
419 420
637 419
420 421
420 637
421 422
696 421
422 423
696 422
423 424
695 423
696 423
424 425
424 695
425 426
695 425
426 427
694 426
426 695
427 428
427 694
428 429
428 693
694 428
429 430
429 693
430 431
676 430
693 430
431 432
431 676
432 433
432 676
433 434
433 676
434 435
676 434
435 436
435 676
436 437
436 676
676 437
677 437
636 438
668 438
438 669
438 670
438 674
500 439
439 501
536 439
439 537
439 538
440 623
624 440
625 440
672 440
673 440
675 440
441 471
472 441
441 505
441 506
545 441
441 633
442 541
442 569
442 571
572 442
442 589
611 442
443 581
585 443
443 652
653 443
661 443
473 444
474 444
483 444
444 484
547 444
560 444
444 586
445 460
484 445
516 445
445 518
445 557
558 445
475 446
446 508
446 510
446 511
446 534
446 550
486 447
447 508
509 447
447 521
447 522
447 641
448 476
485 448
486 448
487 448
519 448
448 520
449 567
587 449
588 449
449 678
680 449
682 449
477 450
450 488
494 450
450 588
450 644
450 678
450 679
451 530
555 451
451 564
565 451
451 594
597 451
452 491
530 452
531 452
532 452
452 564
656 452
453 490
529 453
539 453
453 541
453 569
453 574
454 549
551 454
454 552
454 589
590 454
454 645
455 604
605 455
606 455
654 455
659 455
455 660
456 479
512 456
553 456
456 555
597 456
614 456
457 511
548 457
549 457
457 591
457 592
457 593
498 458
514 458
458 554
458 615
654 458
458 658
584 459
585 459
609 459
653 459
459 665
459 667
482 460
484 460
460 516
517 460
461 617
618 461
639 462
640 462
462 688
462 690
462 691
463 525
463 620
621 463
642 463
463 643
464 619
622 464
620 465
465 621
465 622
562 466
563 466
685 466
686 466
467 499
467 684
687 467
468 500
536 468
468 543
544 468
469 501
469 502
469 538
575 469
469 577
469 647
470 623
631 470
638 470
470 672
471 545
471 633
505 472
472 633
634 472
546 473
547 473
473 586
474 483
547 474
475 508
522 475
475 534
476 485
476 487
524 476
488 477
477 526
679 477
478 532
656 478
478 664
666 478
479 512
514 479
553 479
479 554
489 480
480 490
491 480
530 480
594 480
598 480
481 516
481 517
557 481
481 559
584 481
483 482
484 482
484 483
484 518
560 484
485 486
523 485
486 519
521 486
486 523
641 486
520 487
487 524
525 487
494 488
488 526
527 488
561 488
489 490
491 489
489 528
489 533
528 490
529 490
490 574
598 490
530 491
491 531
533 491
637 492
688 492
492 689
692 492
493 534
550 493
493 551
493 580
644 494
496 495
497 495
566 495
583 495
495 604
495 607
497 496
607 496
497 566
567 497
568 497
514 498
498 608
615 498
499 701
500 501
536 500
501 502
501 538
647 502
536 503
537 503
544 503
503 578
504 542
504 630
631 504
638 504
504 649
505 506
543 505
506 543
544 506
545 506
507 546
547 507
639 507
640 507
509 508
508 510
508 522
509 510
509 641
510 511
548 510
511 548
511 549
511 550
513 512
512 614
513 579
599 513
613 513
513 614
514 554
515 553
515 554
515 555
565 515
657 515
658 515
663 515
517 516
516 557
518 558
560 518
519 520
641 519
521 522
521 523
525 524
524 642
642 525
527 526
561 527
562 527
527 563
529 528
539 529
530 564
594 530
532 531
533 531
656 532
534 550
566 535
567 535
600 535
601 535
681 535
682 535
536 537
544 536
538 537
540 537
538 539
540 538
575 538
539 540
541 539
539 575
569 541
575 541
541 577
541 611
542 638
542 649
543 544
544 545
578 544
545 578
547 546
639 546
640 547
548 579
593 548
549 550
549 551
590 549
591 549
550 551
551 552
551 580
552 580
552 645
650 552
552 651
554 553
555 553
554 658
555 565
555 597
557 556
556 558
556 581
602 556
558 557
557 559
581 557
581 559
559 584
559 585
586 560
562 561
563 562
562 686
563 685
565 564
564 656
564 657
565 657
566 567
583 566
566 600
568 567
567 587
567 682
587 568
571 569
574 569
570 571
570 573
592 570
570 595
596 570
612 570
572 571
573 571
574 571
612 571
572 589
590 572
572 591
572 592
572 612
574 573
573 594
573 595
598 573
598 574
577 575
576 577
576 611
576 645
646 576
576 647
577 611
647 577
593 579
579 599
579 613
585 581
581 602
581 652
582 583
600 582
601 582
582 602
582 652
583 600
583 604
583 605
652 583
585 584
584 609
585 653
588 587
610 587
588 610
644 588
678 588
589 590
589 611
589 645
590 591
592 591
592 593
592 596
612 592
592 613
613 593
594 595
594 597
598 594
595 596
595 597
596 597
613 596
614 596
597 614
601 600
602 601
601 681
602 652
603 605
652 603
603 660
661 603
605 604
606 604
604 607
605 652
605 660
607 606
606 608
606 615
654 606
608 607
615 608
609 667
644 610
645 611
614 613
615 654
616 617
616 618
616 668
671 616
618 617
620 621
621 643
623 624
623 672
625 624
675 625
626 627
628 626
630 626
626 631
672 626
673 626
628 627
630 627
632 627
628 673
629 630
632 629
648 629
649 629
629 650
631 630
630 632
649 630
631 638
631 672
632 650
634 633
633 635
635 634
674 634
636 635
635 674
670 636
636 674
639 640
640 690
642 643
645 646
651 645
647 646
648 646
646 651
648 649
648 650
648 651
651 650
652 661
653 661
653 662
664 653
665 653
654 658
654 659
663 654
655 656
655 657
659 655
655 662
663 655
657 656
662 656
664 656
657 663
663 658
659 660
659 662
663 659
661 660
662 660
661 662
662 664
665 664
664 666
665 666
665 667
668 669
670 668
668 671
674 669
671 670
673 672
673 675
677 676
693 676
678 679
678 680
681 680
682 680
682 681
684 683
685 683
686 683
687 683
684 687
685 686
687 686
689 688
690 688
688 691
688 692
691 692
693 694
694 695
695 696
698 697
699 698
700 699
701 700
