688
291 495
286 493
285 489
281 485
280 480
280 475
280 470
280 465
280 460
280 455
280 450
281 445
281 440
280 435
280 430
279 425
278 420
277 415
276 410
275 405
276 400
276 395
276 390
275 385
273 380
271 376
271 371
271 366
270 361
270 356
269 351
268 346
267 341
266 336
265 331
265 326
264 321
263 316
262 311
263 306
262 301
259 296
254 298
254 303
254 308
253 313
253 318
251 323
251 328
249 333
249 338
248 343
248 348
246 353
245 357
246 362
246 367
245 372
244 377
243 382
241 387
239 391
239 396
239 401
239 406
238 411
238 416
237 421
236 426
234 431
234 436
234 441
234 446
234 451
234 456
235 461
236 466
236 471
235 476
235 481
234 486
230 491
226 494
221 494
216 494
211 494
206 494
201 493
202 488
207 484
210 479
214 475
214 470
215 465
215 460
215 455
214 450
213 445
212 440
210 436
209 431
209 426
208 421
207 416
206 411
206 406
206 401
206 396
206 391
207 386
208 381
208 376
208 371
209 366
209 361
210 356
210 351
210 346
210 341
210 336
209 331
209 326
209 321
208 316
208 311
208 306
209 301
209 296
208 291
208 286
208 281
208 276
208 271
208 266
208 261
208 256
207 251
207 246
207 241
207 236
208 231
209 226
210 221
212 217
215 212
216 207
217 202
217 197
218 192
219 187
219 182
219 177
219 172
218 167
217 162
212 161
207 160
202 158
197 157
192 159
187 160
182 160
177 160
172 161
167 161
162 161
157 160
152 160
147 160
142 161
137 161
132 161
127 161
122 159
117 158
112 158
107 157
102 157
97 156
92 155
87 155
82 154
77 154
72 153
67 153
62 154
57 154
52 157
47 161
42 161
39 157
34 158
30 161
25 162
20 162
16 162
17 157
18 152
22 147
27 144
32 143
37 141
42 139
47 139
52 139
57 139
62 141
67 141
72 141
77 141
82 141
87 140
92 140
97 141
102 141
107 140
112 140
117 140
122 140
127 140
132 140
137 141
142 142
147 142
152 142
157 141
162 140
167 139
172 139
177 138
182 138
187 136
192 135
197 133
202 132
207 131
212 131
217 131
222 130
227 130
232 128
237 124
241 121
243 116
242 111
239 107
234 104
229 99
225 95
220 93
216 90
213 86
213 81
215 76
217 73
219 70
218 65
218 60
217 55
218 50
218 45
218 40
219 35
221 30
224 25
228 21
232 17
237 15
242 14
247 14
252 14
257 14
262 14
267 14
272 14
277 16
282 17
287 19
292 23
295 28
297 33
298 38
299 43
299 48
298 53
298 58
297 63
296 68
300 72
304 76
304 81
304 86
299 90
294 92
289 95
286 99
282 103
277 107
273 110
273 115
275 119
279 124
283 127
288 130
293 130
298 131
303 131
308 131
313 132
318 133
323 135
328 136
333 137
338 138
343 139
348 139
353 140
358 141
363 142
368 142
373 141
378 141
383 140
388 140
393 140
398 140
403 140
408 140
413 141
418 141
423 142
428 142
433 142
438 142
443 141
448 141
453 141
458 140
463 140
468 139
473 139
478 140
483 142
488 144
493 146
498 151
501 156
501 161
499 164
494 162
495 167
491 166
488 161
483 158
478 157
474 160
469 160
464 158
459 155
454 152
449 152
445 154
440 155
435 155
430 155
425 156
420 156
415 158
410 158
405 159
400 159
395 160
390 161
385 161
380 161
375 161
370 160
365 160
360 160
355 161
350 161
345 161
340 161
335 160
330 160
325 159
320 157
315 157
310 159
306 161
302 165
301 169
300 174
300 179
302 183
302 188
302 193
302 198
303 203
305 208
307 213
309 218
310 223
310 228
311 233
311 238
311 243
311 248
310 253
310 258
309 263
309 268
308 273
307 278
307 283
307 288
307 293
307 298
307 303
307 308
307 313
307 318
306 323
306 328
306 333
306 338
306 343
305 348
305 353
307 358
308 363
308 368
308 373
308 378
309 383
310 388
310 393
310 398
309 403
309 408
308 413
307 418
306 423
304 427
303 432
302 437
300 441
300 446
300 451
300 456
302 460
302 465
304 470
306 475
310 480
314 484
315 489
314 493
309 495
304 495
299 495
294 495
292 495
247.225 258.5
231.913 288.5
230.375 314.125
259.463 179.5
257.643 57.7286
284.474 299.105
285.5 329.5
228.278 248.5
265.365 220.954
239.463 174.5
257.979 147.805
279.698 176.5
277.152 61.6304
258.112 85.9825
238.223 63.5553
249.5 36.5511
284.763 213.195
284.065 240.5
240.533 214.507
244.517 138.522
263.977 131.918
242.614 90.3856
289.521 371.606
227.257 227.086
228.992 344.398
292.182 405
293.203 478.554
276.449 311
268.374 33.1317
45.5 149.111
273.248 300.186
275.992 269.86
277.478 285.282
291.684 312.624
268.288 290.727
254.287 276.881
259.337 285.777
266.022 276.1
259.349 264.39
290.899 276.207
295.598 301.854
292.846 289.104
283.288 319.118
275.514 326.201
262.358 242.773
281.718 277.091
257.345 253.093
244.364 240.972
273.072 254.356
268.976 263.155
273.388 243.317
268.394 232.488
254.036 230.094
277.778 223.859
293.787 226.725
277.84 233.343
289.281 259.33
253.604 239.449
240.717 227.99
253.062 217.295
250.896 197.489
248.609 207.761
263.769 205.745
279.869 261.103
263.275 192.35
270.36 183.258
278.156 198.508
273.211 212.442
242.039 156.518
277.188 145.982
255.065 137.629
253.215 124.931
245.07 129.297
263.535 120.817
257.35 105.856
264.149 111.804
252.979 114.894
230.614 80.504
233.044 89.7803
229.656 69.8911
244.087 76.3702
249.574 66.1107
263.828 71.7569
249.171 83.9894
266.931 62.0113
267.951 47.5864
275.271 84.6158
254.235 75.1596
256.326 46.0807
245.695 53.1813
259.283 36.753
254.617 25.7302
231.901 51.1244
282.331 40.7732
266.352 81.0321
264.529 23.7926
227.887 60.1618
240.139 43.1597
229.272 40.1623
273.403 40.5122
279.75 28.9203
278.298 50.8434
288.461 49.0708
227.671 214.227
220.689 220.438
234.433 199.128
291 467.492
289.907 457.366
290.388 447.629
301.108 485.012
294.83 323.347
239.167 250.818
229.927 268.578
231.881 258.311
220.136 261.396
217.772 250.885
220.403 238.144
217.712 229.245
232.956 237.545
295.903 215.54
297.576 239.717
301.568 231.505
291.314 248.629
299.451 255.719
297.655 267.043
290.156 201.939
287.618 188.113
278.076 188.931
289.804 178.115
247.813 148.144
256.35 163.763
231.049 164.119
227.498 147.241
232.819 154.934
267.137 142.187
274.723 134.232
247.787 100.211
267.567 96.2961
277.263 94.3103
275.321 73.0502
285.235 68.7834
287.768 59.0776
290.513 80.0538
284.28 86.9727
226.379 204.585
241.615 187.767
230.268 188.544
248.763 179.8
254.259 188.11
268.537 156.945
284.61 160.734
267.673 169.7
275.4 163.817
291.092 168.263
246.089 166.273
233.798 138.568
229.508 178.015
293.671 146.932
238.282 147.048
285.155 151.217
285.793 140.155
294.636 157.441
227.428 362.853
221.354 353.045
234.287 354.141
292.757 388.151
286.336 396.366
284.849 381.109
297.43 378.649
299.247 396.807
292.162 419.185
298.522 412.102
285.963 412.084
291.525 430.714
245.506 287.323
239.804 300.553
237.838 277.849
240.782 267.326
225.967 301.002
250.411 268.039
219.478 310.483
220.037 290.516
224.226 279.207
218.064 271.246
241.603 311.864
237.888 29.967
245.16 23.5332
212.54 146
219.516 152.677
220.55 140.219
307.6 145.05
299.833 140.052
318.975 145.656
330.318 148.346
341.302 149.973
351.9 150.557
200.169 145
188.699 147.691
177.751 149
166.795 150
286.843 347.612
293.998 337.976
293.331 359.034
295.874 350.036
298.292 367.401
282.164 362.514
279.217 353.403
278.652 339.113
224.8 329.039
220.241 338.535
219.137 320.622
237.753 325.382
233.456 334.928
225.232 379.975
233.643 372.352
219.252 370.506
222.5 396.249
217.454 387.036
229.286 389.022
222.261 412.019
228.913 404.233
215.971 404.037
222.159 425.203
222.723 436.476
223.742 446.708
688
293.064 489.848
292.967 488.928
292.847 487.768
292.419 483.665
292.171 481.802
291.189 475.418
290.536 471.177
289.729 465.107
289.065 459.567
289.057 454.988
289.262 453.095
289.975 446.462
290.947 437.457
291.227 434.868
291.77 429.544
292.194 423.206
292.569 417.544
292.827 413.066
293.078 409.77
293.18 408.487
293.575 403.503
293.808 397.529
292.843 389.158
291.73 379.466
290.855 374.021
290.67 372.902
290.153 369.773
289.482 365.682
288.656 360.491
287.798 354.971
286.8 348.515
285.945 342.98
285.231 337.826
286.088 334.323
286.751 331.376
287.534 327.89
289.138 320.703
289.574 318.767
290.353 316.465
289.886 306.62
285.507 281.314
267.824 250.723
229.285 264.417
224.348 303.51
224.64 309.252
225.111 315.839
225.534 318.463
225.806 320.292
226.652 325.992
227.238 331.066
227.792 336.884
228.026 344.183
228.078 346.368
228.201 351.106
228.046 357.937
227.542 363.734
227.197 368.152
227.094 369.542
226.601 372.799
225.69 376.472
224.533 381.206
222.768 388.308
221.913 399.492
221.71 402.413
221.491 406.328
221.502 410.385
221.514 414.743
221.523 416.757
221.548 423.089
221.578 429.687
221.637 436.996
222.814 442.204
223.824 446.809
224.748 451.766
226.517 464.606
226.913 463.706
227.406 467.966
227.183 471.968
226.66 477.734
226.226 482.289
225.001 483.614
223.96 484.652
222.547 486.062
222.943 485.665
218.715 487.957
210.533 489.849
202.199 491.759
200.642 492.116
203.015 491.572
212.618 489.363
221.979 486.544
0 0
226.897 475.198
227.156 471.281
226.621 462.022
225.2 454.183
224.088 448.221
222.953 442.84
221.729 437.291
221.598 434.256
221.591 432.631
221.56 425.936
221.533 419.33
221.509 411.855
221.51 409.983
221.484 406.736
221.692 402.566
222.074 397.103
222.285 394.054
222.406 389.953
224.659 380.693
225.374 377.807
226.459 373.499
227.101 368.811
227.627 362.568
227.949 358.76
228.24 352.379
228.086 346.768
227.946 341.24
227.605 335.033
227.229 329.876
226.612 325.982
225.814 321.015
225.24 316.601
224.848 313.783
224.476 309.468
223.809 301.394
224.733 291.418
225.414 283.851
225.909 279.716
227.006 272.181
227.421 270.132
228.179 266.202
230.533 261.505
233.343 255.9
234.625 250.597
235.217 246.489
234.699 244.206
234.215 241.363
233.012 239.395
231.873 238.386
230.448 237.984
230.705 238.179
233.328 237.447
243.048 230.733
251.368 220.501
255.601 211.581
256.521 205.494
257.03 202.378
258.991 190.658
259.334 180.699
259.587 172.022
258.312 161.9
255.188 149.002
236.498 145.229
216.314 141.356
207.458 140.718
202.365 141.938
194.104 144.596
187.037 147.201
184.005 148.005
182.308 148.481
175.47 150.031
170.407 150.306
166.567 150.535
162.902 150.745
199.111 146.667
151.929 151.39
145.534 151.774
140.363 152.094
136.297 151.613
131.384 150.915
129.239 150.573
120.353 149.271
117.334 148.866
112.262 148.448
107.264 148.596
102.378 148.951
98.1966 148.479
91.3687 147.696
87.3141 147.221
77.2037 147.111
77.5954 147.342
74.8985 147.192
67.1209 146.736
61.7746 146.293
52.4444 148.444
44.4736 147.867
44.0797 153.802
44.0794 154.21
43.9878 151.056
26.9946 153.265
24.5925 153.779
19.9155 158.233
18.7354 159.499
15.9144 162.583
17.5937 160.747
22.4951 155.482
22.5031 155.81
28.3808 151.461
33.792 150.267
42.9313 148.799
43.9692 147.988
46.9251 147.305
49.2972 146.761
55.231 145.706
69.5561 146.844
67.2437 146.745
72.2052 147.039
77.2967 147.328
82.5039 147.538
87.2341 147.216
90.6054 147.608
95.6987 148.194
102.311 148.949
107.356 148.591
126.222 152
116.704 148.804
121.914 149.471
126.44 150.17
130.354 150.751
135.398 151.499
140.264 152.096
146.021 151.745
135.602 150.997
159.235 150.955
163.905 150.688
167.687 150.469
172.295 150.193
177.458 149.847
183.175 148.233
189.529 146.299
194.654 144.394
199.309 142.675
202.074 142.037
203.622 141.68
207.783 139.995
215.888 141.363
223.913 142.742
234.815 144.735
248.949 146.827
255.65 146.895
258.767 141.495
258.843 118.404
258.938 97.5132
258.628 81.072
257.06 73.4268
252.417 74.0668
242.515 76.9267
233.153 80.1786
214.912 86.5146
211.829 87.4345
227.128 82.2527
228.811 81.6876
233.731 79.9792
251.003 73.701
253.871 64.1684
254.42 56.8405
253.312 52.0092
252.161 46.772
244.274 37.3801
242.034 34.8945
241.123 34.0569
241.896 34.7546
241.75 34.5284
239.716 31.0281
238.628 29.3064
236.898 26.5718
238.024 28.3463
242.295 34.9515
249.267 40.072
256.807 43.3781
263.117 43.1965
268.203 41.2849
269.484 40.3826
271.796 38.7839
279.572 33.1918
282.024 31.2555
281.915 31.3355
281.037 32.0077
278.236 34.1402
275.747 35.9338
274.041 37.4638
273.279 38.1361
268.694 43.7914
265.333 50.31
263.561 59.0711
263.204 72.9668
282.08 78.9475
303.203 84.088
299.963 83.2976
307.148 85.0493
294.7 82.0144
276.283 77.5236
268.217 75.7088
265.342 76.0438
263.137 76.4904
259.152 79.5938
258.983 95.5355
258.844 117.785
258.783 137.355
261.027 148.871
267.455 150.46
277.337 148.993
290.51 144.883
299.519 142.072
307.203 139.707
312.026 138.23
313.646 139.863
316.94 141.305
321.064 143.148
326.506 145.826
331.327 148.214
336.582 149.459
342.411 150.742
347.165 150.971
351.081 151.192
356.054 151.247
352.611 151.118
362.764 151.221
375.513 151.312
379.987 151.214
384.18 150.931
383.261 150.969
393.15 150.065
398.423 149.604
403.55 149.289
407.966 149.116
384 151.111
417.676 148.899
426.511 148.852
431.956 148.826
434.65 148.813
456.095 147.398
443.132 147.401
447.594 146.048
453.207 146.308
458.596 146.701
464.825 147.29
469.424 148.793
471.767 148.461
474.585 148.048
479.664 148.499
486.555 149.056
489.607 151.451
494.724 155.497
495.637 159.053
499.552 161.494
500.047 161.803
495.194 158.775
493.705 167.815
493.895 166.126
497.297 159.348
456.889 146.667
475.205 148.552
470.97 148.58
469.891 148.741
468.879 148.826
464.796 147.281
467.918 147.729
447.319 146.045
442.566 147.597
439.516 148.767
435.663 148.808
430.094 148.834
424.799 148.859
418.354 148.894
414.03 148.94
408.857 149.086
404.164 149.259
398.837 149.572
389.639 150.392
388.782 150.516
384.503 150.908
380.465 151.186
376.373 151.302
371.426 151.337
365.113 151.318
356.416 151.251
353.92 151.228
349.985 151.13
345.518 150.879
341.622 150.648
335.118 149.12
333.125 148.656
330.302 147.693
324.299 144.742
316.025 140.879
305.821 140.101
293.488 143.932
276.807 150.683
268.799 156.529
263.539 166.191
260.314 177.293
259.59 182.447
259.664 184.851
260.899 192.304
262.935 203.236
270.367 221.738
272.86 226.761
277.786 233.503
280.757 236.139
281.752 237.092
284.496 238.305
284.94 238.785
284.038 239.903
283.088 242.21
282.598 246.433
282.42 247.94
282.116 251.124
282.006 254.628
281.933 257.687
281.62 260.678
281.34 265.481
283.732 274.405
285.728 281.745
287.934 291.945
288.652 295.249
289.759 301.355
290.19 308.133
290.67 314.659
289.792 318.638
288.494 323.545
287.184 329.237
286.68 331.53
285.249 337.988
285.802 342.035
286.681 347.737
288.187 357.485
289.315 364.635
289.744 367.25
290.055 369.145
290.763 373.475
291.751 379.601
292.584 386.903
293.346 393.344
293.568 395.181
293.96 398.414
293.415 405.419
293.235 407.736
292.918 411.759
292.656 416.044
292.441 419.651
292.158 423.745
291.741 430.014
291.255 434.602
290.996 437.006
290.036 445.9
289.44 451.485
288.822 457.477
289.312 461.576
289.945 467.052
291.378 476.636
292.912 484.43
304.425 488.304
310.522 489.783
314.291 490.696
314.859 490.834
306.91 488.906
302.513 487.84
294.078 486.42
292.958 488.752
292.955 488.797
244.906 247.492
226.218 278.735
225.083 316.734
260.407 172.658
258.667 59.5556
288.729 294.681
286.806 331.115
236.038 245.799
263.343 223.731
0 0
259.55 150.525
262.018 167.666
262.038 59.6767
0 0
255.022 58.8775
251.54 42.7011
269.224 224.317
278.133 240.978
253.098 227.047
254.925 147.14
258.811 145.945
257.048 72.8776
290.497 371.855
237.088 236.335
228.037 344.665
293.343 406.38
0 0
290.393 311.58
267.688 41.8949
44.2847 147.912
289.116 299.442
277.277 256.193
283.298 273.761
290.687 314.911
281.67 271.961
238.779 243.089
266.557 250.288
263.111 227.556
261.536 248.462
279.056 260.403
288.794 296.182
284.723 278.057
288.907 321.834
289.195 308.89
262.97 239.453
280.431 264.011
261.554 242.942
251.663 235.162
273.588 246.784
271.727 249.396
275.539 239.725
266.872 233.324
255.913 234.265
276.536 234.13
282.411 238.372
273.538 235.908
280.674 252.449
255.41 237.489
247.5 232.269
257.823 220.56
258.824 197.42
257.385 210.998
258.511 205.002
280.578 254.62
259.748 189.439
260.41 176.833
261.295 200.236
264.875 216.832
256.371 148.983
269.041 150.932
258.742 147.926
258.77 139.086
257.774 147.337
258.78 136.128
258.946 96.1248
0 0
258.895 106.661
239.31 78.1556
250.61 74.3479
253.43 67.1261
255.15 69.2852
256.91 63.6317
260.181 68.5854
257.346 72.3596
261.291 59.9981
263.43 47.228
264.438 75.4866
257.938 69.7143
258.664 46.7174
255.255 51.6987
259.444 45.1713
254.879 44.1289
253.894 49.5358
275.699 36.0112
261.271 73.5934
266.368 42.4832
253.941 54.8227
250.513 42.6066
243.485 36.4701
268.472 41.8238
275.72 35.949
271.276 39.7426
270.148 41.7957
245.287 228.882
234.928 236.729
257.923 200.764
290.886 473.179
289.914 465.839
289.481 451.068
294.263 486.152
287.827 326.598
242.083 246.466
231.091 259.84
235.583 249.391
233.984 253.294
235.019 245.558
232.481 239.137
231.273 238.198
239.659 239.76
273.358 226.962
284.092 239.666
284.704 238.61
281.204 250.969
282.321 248.541
281.859 256.934
260.075 201.364
259.601 183.665
259.643 185.021
262.125 170.335
256.524 148.312
259.746 157.345
261.534 152.747
235.331 144.832
248.938 147.417
261.424 150.986
264.156 150.622
258.817 82.0417
259.134 79.4523
264.348 76.1835
262.69 71.4801
263.113 71.4481
262.597 57.8791
271.671 76.4166
268.57 75.6781
253.347 216.699
259.666 184.773
258.311 193.931
260.248 174.847
259.746 184.022
263.732 154.696
270.212 152.975
262.224 162.151
263.325 156.354
269.151 155.029
258.964 157.364
251.582 147.127
259.593 172.052
293.004 144.094
250.431 147.579
274.431 149.904
272.416 150.205
288.884 145.428
227.787 360.891
227.834 358.215
228.274 354.947
293.035 390.726
293.458 394.394
292.277 384.224
291.723 379.385
293.959 398.42
292.27 422.038
294.222 464.889
292.871 412.382
290.606 449.23
235.304 269.761
224.652 308.047
229.763 261.648
238.757 255.343
223.854 300.244
250.652 250.832
224.643 311.436
225.66 281.859
227.085 271.672
229.402 263.759
225.153 315.638
242.21 34.9134
0 0
208.24 140.241
228.519 143.607
219.358 141.955
314.406 141.049
297.224 142.796
320.212 142.84
329.744 147.184
317.391 145.126
347.202 150.973
198.442 143.194
201 142.49
176.405 149.952
169.663 150.35
286.728 348.05
285.231 337.965
287.111 353.778
286.518 346.679
290.479 371.74
289.291 364.505
286.712 347.942
285.212 338.234
227.075 329.085
226.159 327.434
226.084 322.501
226.942 328.506
227.747 336.008
225.179 378.565
226.765 372.086
225.483 377.068
222.054 397.448
228.315 355.328
222.662 388.746
224 463.111
221.705 402.707
221.499 405.961
221.575 429.084
221.676 437.074
222.405 440.38
1598
0 0
0 0
0 0
0 0
0 0
0 0
0 0
0 0
0 0
0 0
0 0
0 0
0 0
0 0
0 0
0 0
0 0
0 0
0 0
0 0
0 0
0 0
0 0
0 0
0 0
0 0
0 0
0 0
0 0
0 0
0 0
0 0
0 0
0 0
0 0
0 0
0 0
0 0
0 0
0 0
0 0
0 0
0 0
0 0
0 0
0 0
0 0
0 0
0 0
0 0
634 665
0 0
0 0
0 0
0 0
0 0
0 0
0 0
0 0
0 0
0 0
0 0
0 0
0 0
0 0
0 0
0 0
0 0
0 0
0 0
0 0
0 0
0 0
0 0
0 0
0 0
0 0
0 0
0 0
0 0
0 0
0 0
0 0
0 0
0 0
0 0
0 0
0 0
0 0
0 0
0 0
0 0
0 0
665 497
0 0
0 0
497 500
0 0
0 0
500 637
0 0
0 0
637 680
0 0
0 0
0 0
0 0
0 0
0 0
0 0
0 0
0 0
0 0
0 0
0 0
0 0
0 0
0 0
0 0
0 0
0 0
0 0
0 0
0 0
0 0
0 0
0 0
0 0
0 0
0 0
0 0
0 0
0 0
0 0
0 0
0 0
0 0
0 0
0 0
0 0
0 0
0 0
0 0
0 0
0 0
0 0
0 0
0 0
0 0
0 0
0 0
680 682
0 0
0 0
0 0
0 0
0 0
0 0
0 0
0 0
0 0
0 0
0 0
0 0
0 0
0 0
0 0
0 0
0 0
0 0
0 0
0 0
0 0
0 0
0 0
0 0
0 0
0 0
0 0
0 0
0 0
0 0
0 0
0 0
0 0
0 0
0 0
0 0
0 0
0 0
0 0
0 0
0 0
0 0
0 0
0 0
0 0
0 0
0 0
0 0
0 0
0 0
0 0
0 0
0 0
0 0
0 0
0 0
0 0
0 0
0 0
0 0
0 0
0 0
0 0
0 0
0 0
0 0
0 0
0 0
0 0
0 0
0 0
0 0
0 0
0 0
0 0
0 0
0 0
0 0
0 0
0 0
0 0
0 0
0 0
0 0
0 0
0 0
0 0
0 0
0 0
0 0
0 0
0 0
0 0
0 0
0 0
0 0
0 0
0 0
0 0
0 0
0 0
0 0
0 0
0 0
0 0
0 0
0 0
0 0
0 0
0 0
0 0
0 0
0 0
0 0
0 0
0 0
0 0
0 0
0 0
0 0
0 0
0 0
0 0
0 0
0 0
0 0
0 0
0 0
0 0
0 0
0 0
0 0
0 0
0 0
0 0
0 0
0 0
0 0
0 0
0 0
0 0
0 0
0 0
0 0
0 0
0 0
0 0
0 0
0 0
0 0
0 0
0 0
0 0
0 0
0 0
0 0
0 0
0 0
0 0
0 0
0 0
0 0
0 0
0 0
0 0
0 0
0 0
0 0
0 0
0 0
0 0
0 0
0 0
0 0
0 0
0 0
0 0
0 0
0 0
0 0
0 0
0 0
0 0
0 0
0 0
0 0
0 0
0 0
0 0
0 0
0 0
0 0
0 0
0 0
0 0
0 0
0 0
500 594
0 0
0 0
0 0
0 0
0 0
0 0
0 0
0 0
0 0
0 0
0 0
0 0
0 0
0 0
0 0
0 0
594 166
0 0
0 0
0 0
0 0
0 0
0 0
0 0
0 0
0 0
0 0
0 0
0 0
0 0
0 0
0 0
0 0
0 0
0 0
0 0
0 0
0 0
0 0
0 0
0 0
0 0
0 0
0 0
0 0
0 0
0 0
0 0
166 216
0 0
0 0
0 0
0 0
0 0
0 0
0 0
0 0
0 0
0 0
0 0
0 0
0 0
0 0
0 0
0 0
0 0
0 0
0 0
0 0
0 0
0 0
0 0
0 0
0 0
0 0
0 0
0 0
0 0
0 0
0 0
0 0
0 0
0 0
0 0
0 0
0 0
0 0
0 0
0 0
0 0
0 0
0 0
0 0
0 0
0 0
0 0
0 0
0 0
0 0
0 0
0 0
0 0
0 0
0 0
0 0
0 0
216 186
0 0
0 0
0 0
0 0
0 0
0 0
0 0
0 0
0 0
0 0
0 0
0 0
0 0
0 0
0 0
0 0
0 0
0 0
0 0
0 0
0 0
0 0
0 0
0 0
0 0
0 0
0 0
0 0
0 0
0 0
0 0
0 0
0 0
0 0
0 0
0 0
0 0
0 0
0 0
0 0
0 0
0 0
0 0
0 0
0 0
0 0
0 0
0 0
0 0
0 0
0 0
0 0
0 0
0 0
0 0
0 0
0 0
0 0
0 0
0 0
0 0
0 0
0 0
0 0
0 0
0 0
0 0
0 0
0 0
0 0
0 0
0 0
0 0
0 0
0 0
0 0
0 0
0 0
0 0
0 0
0 0
0 0
0 0
0 0
0 0
0 0
0 0
0 0
0 0
0 0
0 0
0 0
0 0
0 0
0 0
0 0
0 0
0 0
0 0
0 0
0 0
594 467
0 0
0 0
0 0
0 0
0 0
0 0
0 0
0 0
0 0
0 0
0 0
0 0
0 0
0 0
0 0
0 0
0 0
0 0
0 0
0 0
0 0
0 0
0 0
0 0
0 0
0 0
0 0
0 0
0 0
0 0
0 0
0 0
0 0
0 0
0 0
0 0
0 0
0 0
0 0
0 0
0 0
0 0
0 0
0 0
0 0
0 0
0 0
0 0
0 0
0 0
0 0
0 0
0 0
0 0
0 0
0 0
0 0
0 0
0 0
0 0
0 0
0 0
0 0
0 0
0 0
0 0
0 0
0 0
0 0
0 0
0 0
0 0
0 0
0 0
0 0
0 0
0 0
0 0
0 0
0 0
0 0
0 0
0 0
0 0
0 0
0 0
0 0
0 0
0 0
0 0
0 0
0 0
0 0
0 0
0 0
0 0
0 0
0 0
0 0
0 0
0 0
0 0
0 0
0 0
0 0
0 0
0 0
0 0
0 0
0 0
0 0
0 0
0 0
0 0
0 0
0 0
0 0
0 0
0 0
0 0
0 0
0 0
0 0
0 0
0 0
0 0
0 0
0 0
0 0
0 0
0 0
0 0
0 0
0 0
0 0
0 0
0 0
0 0
0 0
0 0
0 0
0 0
0 0
0 0
0 0
0 0
0 0
0 0
594 657
0 0
0 0
0 0
0 0
0 0
0 0
0 0
0 0
0 0
0 0
0 0
0 0
0 0
0 0
0 0
0 0
0 0
0 0
0 0
0 0
0 0
0 0
0 0
0 0
0 0
0 0
0 0
0 0
0 0
657 328
0 0
0 0
0 0
0 0
0 0
0 0
0 0
0 0
0 0
0 0
0 0
0 0
0 0
0 0
0 0
0 0
0 0
0 0
0 0
0 0
0 0
0 0
0 0
0 0
0 0
0 0
0 0
0 0
0 0
0 0
0 0
0 0
0 0
0 0
0 0
0 0
0 0
0 0
0 0
0 0
0 0
0 0
0 0
0 0
0 0
0 0
0 0
0 0
0 0
0 0
0 0
0 0
0 0
0 0
0 0
0 0
0 0
0 0
0 0
0 0
0 0
0 0
0 0
0 0
0 0
0 0
0 0
0 0
0 0
0 0
0 0
0 0
0 0
0 0
0 0
0 0
0 0
0 0
0 0
0 0
328 353
0 0
0 0
0 0
0 0
0 0
0 0
0 0
0 0
0 0
0 0
0 0
0 0
0 0
0 0
0 0
0 0
0 0
0 0
0 0
0 0
0 0
0 0
0 0
0 0
0 0
0 0
0 0
0 0
0 0
0 0
0 0
0 0
0 0
0 0
0 0
0 0
0 0
0 0
0 0
0 0
0 0
0 0
0 0
0 0
0 0
0 0
0 0
0 0
0 0
0 0
0 0
0 0
0 0
0 0
0 0
0 0
0 0
0 0
0 0
0 0
0 0
0 0
0 0
0 0
0 0
0 0
0 0
0 0
0 0
0 0
0 0
0 0
0 0
0 0
0 0
0 0
0 0
0 0
0 0
0 0
0 0
0 0
0 0
0 0
0 0
0 0
0 0
0 0
0 0
0 0
0 0
0 0
0 0
0 0
0 0
0 0
0 0
0 0
0 0
0 0
0 0
0 0
0 0
0 0
0 0
0 0
0 0
0 0
0 0
0 0
0 0
0 0
0 0
0 0
0 0
0 0
0 0
0 0
0 0
0 0
0 0
0 0
0 0
0 0
0 0
0 0
0 0
0 0
0 0
0 0
0 0
0 0
0 0
0 0
0 0
0 0
0 0
0 0
0 0
0 0
0 0
0 0
0 0
0 0
0 0
0 0
0 0
0 0
0 0
0 0
0 0
0 0
0 0
0 0
0 0
0 0
0 0
0 0
0 0
0 0
0 0
0 0
0 0
0 0
0 0
0 0
0 0
0 0
0 0
0 0
0 0
0 0
0 0
0 0
0 0
0 0
0 0
0 0
0 0
0 0
0 0
0 0
0 0
0 0
0 0
0 0
0 0
0 0
0 0
0 0
0 0
0 0
0 0
0 0
0 0
0 0
0 0
0 0
0 0
0 0
0 0
0 0
0 0
0 0
0 0
0 0
0 0
0 0
0 0
0 0
0 0
0 0
0 0
0 0
0 0
0 0
0 0
0 0
0 0
0 0
0 0
0 0
0 0
0 0
0 0
0 0
0 0
0 0
0 0
0 0
0 0
0 0
0 0
0 0
0 0
0 0
0 0
0 0
0 0
0 0
0 0
0 0
0 0
0 0
0 0
0 0
0 0
0 0
0 0
0 0
0 0
0 0
0 0
0 0
0 0
0 0
0 0
0 0
0 0
0 0
0 0
0 0
0 0
0 0
0 0
0 0
0 0
0 0
0 0
0 0
0 0
0 0
0 0
0 0
0 0
0 0
0 0
0 0
0 0
0 0
0 0
0 0
0 0
0 0
0 0
0 0
0 0
0 0
0 0
0 0
0 0
0 0
0 0
0 0
0 0
0 0
0 0
0 0
0 0
0 0
0 0
0 0
0 0
0 0
0 0
0 0
0 0
0 0
0 0
0 0
0 0
0 0
0 0
0 0
0 0
0 0
0 0
0 0
0 0
0 0
0 0
0 0
0 0
0 0
0 0
0 0
0 0
0 0
0 0
0 0
0 0
0 0
0 0
0 0
0 0
0 0
0 0
0 0
0 0
0 0
0 0
0 0
0 0
0 0
0 0
0 0
0 0
0 0
0 0
0 0
0 0
0 0
0 0
0 0
0 0
0 0
0 0
0 0
0 0
0 0
0 0
0 0
0 0
0 0
0 0
0 0
0 0
0 0
0 0
0 0
0 0
0 0
0 0
0 0
0 0
0 0
0 0
0 0
0 0
0 0
0 0
0 0
0 0
0 0
0 0
0 0
0 0
0 0
0 0
0 0
0 0
0 0
0 0
0 0
0 0
0 0
0 0
0 0
0 0
0 0
0 0
0 0
0 0
0 0
0 0
0 0
0 0
0 0
0 0
0 0
0 0
0 0
0 0
0 0
0 0
0 0
0 0
0 0
0 0
0 0
0 0
0 0
0 0
0 0
0 0
0 0
0 0
0 0
0 0
0 0
0 0
0 0
0 0
0 0
0 0
0 0
0 0
0 0
0 0
0 0
0 0
0 0
0 0
0 0
0 0
0 0
0 0
0 0
0 0
0 0
0 0
0 0
0 0
0 0
0 0
0 0
0 0
0 0
0 0
0 0
0 0
0 0
0 0
0 0
0 0
0 0
0 0
0 0
0 0
0 0
0 0
0 0
0 0
0 0
0 0
0 0
0 0
0 0
0 0
0 0
0 0
0 0
0 0
0 0
0 0
0 0
0 0
0 0
0 0
0 0
0 0
0 0
0 0
0 0
0 0
0 0
0 0
0 0
0 0
0 0
0 0
0 0
0 0
0 0
0 0
0 0
0 0
0 0
0 0
0 0
0 0
0 0
0 0
0 0
0 0
0 0
0 0
0 0
0 0
0 0
0 0
0 0
0 0
0 0
0 0
0 0
0 0
0 0
0 0
0 0
0 0
0 0
0 0
0 0
0 0
0 0
0 0
0 0
0 0
0 0
0 0
0 0
0 0
0 0
0 0
0 0
0 0
0 0
0 0
0 0
0 0
0 0
0 0
0 0
0 0
0 0
0 0
0 0
0 0
0 0
0 0
0 0
0 0
0 0
0 0
0 0
0 0
0 0
0 0
0 0
0 0
0 0
0 0
0 0
0 0
0 0
0 0
0 0
0 0
0 0
0 0
0 0
0 0
0 0
0 0
0 0
0 0
0 0
0 0
0 0
0 0
0 0
0 0
0 0
0 0
0 0
0 0
0 0
0 0
0 0
0 0
0 0
0 0
0 0
0 0
0 0
0 0
0 0
0 0
0 0
0 0
0 0
0 0
0 0
0 0
0 0
0 0
0 0
0 0
0 0
0 0
0 0
0 0
0 0
0 0
0 0
0 0
0 0
0 0
0 0
0 0
0 0
0 0
0 0
0 0
0 0
0 0
0 0
0 0
0 0
0 0
0 0
0 0
0 0
0 0
0 0
0 0
0 0
0 0
0 0
0 0
0 0
0 0
0 0
0 0
0 0
0 0
0 0
0 0
0 0
0 0
0 0
0 0
0 0
0 0
0 0
0 0
0 0
0 0
0 0
0 0
0 0
0 0
0 0
0 0
0 0
0 0
0 0
0 0
0 0
0 0
0 0
0 0
0 0
0 0
0 0
0 0
0 0
0 0
0 0
0 0
0 0
0 0
0 0
0 0
0 0
0 0
0 0
0 0
0 0
0 0
0 0
0 0
0 0
0 0
0 0
0 0
0 0
0 0
0 0
0 0
0 0
0 0
0 0
0 0
0 0
0 0
0 0
0 0
0 0
0 0
0 0
0 0
0 0
0 0
0 0
0 0
0 0
0 0
0 0
0 0
0 0
0 0
0 0
0 0
0 0
0 0
0 0
0 0
0 0
0 0
0 0
0 0
0 0
0 0
0 0
0 0
0 0
0 0
0 0
0 0
0 0
0 0
0 0
0 0
0 0
0 0
0 0
0 0
0 0
0 0
0 0
0 0
0 0
0 0
0 0
0 0
0 0
0 0
0 0
0 0
0 0
0 0
0 0
0 0
0 0
0 0
0 0
0 0
1598
0 1
0 2
462 0
1 2
2 3
2 462
489 2
3 4
3 489
4 5
4 489
5 6
489 5
5 569
6 7
569 6
7 8
569 7
7 570
8 9
8 570
9 10
9 570
10 11
570 10
10 571
11 12
11 571
12 13
12 571
12 636
13 14
636 13
14 15
14 636
15 16
633 15
636 15
16 17
633 16
635 16
17 18
17 635
18 19
635 18
19 20
629 19
19 635
20 21
629 20
21 22
21 629
22 23
22 629
630 22
23 24
630 23
24 25
630 24
25 26
25 630
26 27
26 485
26 630
668 26
27 28
668 27
28 29
28 668
28 669
29 30
669 29
30 31
30 669
31 32
669 31
31 670
32 33
32 670
33 34
33 506
33 670
34 35
34 506
35 36
506 35
36 37
36 490
506 36
37 38
37 490
38 39
38 490
39 40
39 490
39 493
40 41
493 40
497 40
41 42
497 41
499 41
42 43
42 499
637 42
42 638
43 44
43 638
43 647
44 45
647 44
45 46
45 647
46 47
46 647
47 48
647 47
47 674
48 49
674 48
49 50
49 674
675 49
50 51
675 50
51 52
487 51
627 51
51 675
52 53
627 52
53 54
627 53
54 55
54 627
55 56
55 625
55 627
677 55
56 57
56 677
57 58
677 57
58 59
58 677
59 60
59 676
677 59
60 61
676 60
60 681
61 62
61 681
62 63
62 681
683 62
63 64
63 683
64 65
64 683
65 66
65 682
683 65
66 67
682 66
67 68
67 682
685 67
68 69
68 685
69 70
69 685
69 686
70 71
70 686
71 72
686 71
71 687
72 73
687 72
73 74
687 73
74 75
74 94
74 95
687 74
75 76
93 75
94 75
76 77
93 76
77 78
92 77
93 77
78 79
78 91
92 78
79 80
79 91
80 81
80 91
81 82
81 83
81 91
82 83
83 84
83 90
91 83
84 85
89 84
90 84
85 86
85 89
86 87
88 86
89 86
87 88
88 89
89 90
90 91
91 92
92 93
93 94
94 95
95 96
95 687
96 97
687 96
97 98
686 97
97 687
98 99
98 686
99 100
99 686
100 101
100 685
100 686
101 102
101 685
102 103
682 102
102 685
103 104
682 103
684 103
104 105
104 684
105 106
105 684
106 107
106 684
107 108
679 107
107 680
107 684
108 109
108 680
109 110
680 109
110 111
678 110
680 110
111 112
678 111
112 113
678 112
113 114
678 113
114 115
626 114
114 678
115 116
626 115
116 117
116 626
117 118
117 626
672 117
118 119
118 672
119 120
119 672
120 121
671 120
120 672
121 122
671 121
673 121
122 123
673 122
123 124
643 123
673 123
124 125
643 124
125 126
643 125
126 127
126 641
126 643
126 644
127 128
127 644
128 129
644 128
129 130
644 129
130 131
130 644
645 130
646 130
131 132
131 646
132 133
132 646
133 134
133 577
646 133
134 135
134 577
135 136
135 577
578 135
136 137
578 136
137 138
578 137
137 579
138 139
138 579
139 140
579 139
139 580
140 141
140 580
141 142
580 141
142 143
567 142
580 142
143 144
143 567
144 145
144 566
567 144
145 146
566 145
607 145
146 147
607 146
147 148
607 147
148 149
148 607
609 148
149 150
149 609
150 151
609 150
150 619
151 152
151 619
152 153
152 594
152 619
153 154
153 594
154 155
594 154
651 154
155 156
650 155
155 651
156 157
650 156
157 158
650 157
659 157
158 159
659 158
660 158
159 160
660 159
160 161
660 160
161 162
660 161
161 661
162 163
661 162
163 164
163 661
662 163
164 165
662 164
165 166
662 165
166 167
224 166
225 166
166 662
167 168
223 167
167 224
168 169
168 222
168 223
169 170
222 169
170 171
170 221
222 170
171 172
219 171
220 171
171 221
172 173
219 172
173 174
218 173
219 173
174 175
216 174
174 217
174 218
175 176
216 175
176 177
176 214
215 176
176 216
177 178
177 214
178 179
178 213
214 178
179 180
211 179
212 179
213 179
180 181
180 210
211 180
181 182
209 181
210 181
182 183
182 209
183 184
207 183
183 208
209 183
184 185
206 184
207 184
185 186
185 206
186 187
204 186
186 205
186 206
492 186
187 188
187 492
188 189
188 190
492 188
189 190
190 191
200 190
201 190
190 492
191 192
191 198
199 191
200 191
192 193
192 198
193 194
196 193
197 193
198 193
194 195
194 196
195 196
196 197
197 198
198 199
199 200
200 201
201 202
492 201
202 203
202 492
203 204
492 203
204 205
204 492
205 206
206 207
207 208
208 209
209 210
210 211
211 212
212 213
213 214
214 215
215 216
216 217
217 218
218 219
219 220
220 221
221 222
222 223
223 224
224 225
225 226
225 662
226 227
662 226
227 228
227 662
228 229
661 228
662 228
229 230
661 229
230 231
660 230
661 230
231 232
231 660
232 233
232 659
232 660
233 234
233 659
234 235
234 659
235 236
650 235
659 235
236 237
236 650
236 652
237 238
237 652
238 239
652 238
239 240
239 618
652 239
240 241
535 240
618 240
241 242
241 535
242 243
534 242
535 242
243 244
243 534
243 539
244 245
244 539
599 244
245 246
599 245
246 247
246 484
246 541
599 246
247 248
247 541
248 249
248 540
541 248
249 250
249 540
250 251
252 250
540 250
251 252
252 253
540 252
253 254
253 540
254 255
540 254
255 256
540 255
542 255
256 257
542 256
559 256
257 258
257 559
258 259
559 258
259 260
555 259
559 259
260 261
555 260
260 561
261 262
261 561
262 263
561 262
263 264
263 561
264 265
264 561
264 648
265 266
648 265
266 267
266 648
267 268
648 267
267 649
268 269
268 649
269 270
269 649
270 271
554 270
270 649
271 272
271 554
271 558
272 273
558 272
273 274
273 558
274 275
274 558
275 276
558 275
563 275
276 277
276 563
277 278
277 563
278 279
278 563
279 280
279 556
563 279
280 281
280 556
281 282
281 556
281 565
282 283
565 282
283 284
283 565
284 285
565 284
604 284
285 286
285 604
286 287
604 286
287 288
287 603
604 287
605 287
288 289
288 290
288 605
289 290
290 291
290 292
605 290
291 292
292 293
605 292
293 294
605 293
606 293
294 295
601 294
294 606
295 296
295 601
296 297
601 296
297 298
297 600
601 297
298 299
298 538
600 298
299 300
299 536
538 299
300 301
300 483
300 536
301 302
483 301
598 301
302 303
302 598
302 623
303 304
303 623
304 305
623 304
304 654
305 306
654 305
306 307
654 306
307 308
307 653
307 654
308 309
653 308
308 655
309 310
309 655
310 311
310 655
311 312
655 311
311 656
312 313
312 656
313 314
313 656
313 657
314 315
657 314
315 316
657 315
315 658
316 317
658 316
317 318
658 317
318 319
318 377
378 318
318 658
319 320
319 376
319 377
320 321
375 320
320 376
321 322
373 321
374 321
321 375
322 323
322 373
323 324
371 323
323 372
373 323
324 325
324 371
325 326
325 370
325 371
326 327
369 326
326 370
327 328
327 368
369 327
328 329
366 328
328 367
368 328
329 330
366 329
330 331
330 365
366 330
331 332
364 331
365 331
332 333
332 363
332 364
333 334
333 361
333 362
333 363
334 335
360 334
361 334
335 336
360 335
336 337
359 336
336 360
337 338
358 337
359 337
338 339
338 357
358 338
339 340
339 354
356 339
357 339
340 341
354 340
341 342
354 341
342 343
353 342
354 342
343 344
353 343
344 345
352 344
344 353
345 346
345 349
345 352
346 347
349 346
347 348
347 349
348 349
349 350
351 349
352 349
350 351
351 352
352 353
353 354
354 355
354 356
355 356
356 357
357 358
358 359
359 360
360 361
361 362
362 363
363 364
364 365
365 366
366 367
367 368
368 369
369 370
370 371
371 372
372 373
373 374
374 375
375 376
376 377
377 378
378 379
658 378
379 380
658 379
380 381
658 380
381 382
381 657
381 658
382 383
657 382
383 384
656 383
383 657
384 385
656 384
385 386
385 656
386 387
386 655
656 386
387 388
387 653
387 655
388 389
653 388
389 390
624 389
389 653
390 391
390 616
624 390
391 392
616 391
392 393
392 591
392 616
393 394
591 393
394 395
589 394
591 394
395 396
395 589
396 397
588 396
589 396
397 398
397 588
398 399
398 582
588 398
399 400
582 399
400 401
582 400
401 402
582 401
402 403
517 402
402 582
584 402
403 404
403 584
404 405
584 404
405 406
583 405
405 584
406 407
406 583
407 408
407 583
407 586
408 409
586 408
409 410
409 586
410 411
586 410
587 410
411 412
411 587
412 413
587 412
413 414
502 413
587 413
414 415
502 414
414 504
415 416
415 504
416 417
416 503
504 416
417 418
417 503
418 419
503 418
419 420
419 496
503 419
420 421
496 420
421 422
496 421
573 421
422 423
422 573
423 424
573 423
424 425
573 424
664 424
425 426
425 664
426 427
426 664
426 666
427 428
427 666
428 429
665 428
428 666
429 430
429 665
667 429
430 431
430 667
431 432
431 667
432 433
432 631
667 432
433 434
433 631
434 435
434 628
434 631
435 436
628 435
632 435
436 437
436 632
437 438
437 632
438 439
632 438
634 438
439 440
634 439
440 441
634 440
441 442
441 634
442 443
442 633
442 634
443 444
633 443
636 443
444 445
636 444
445 446
636 445
446 447
446 571
636 446
447 448
571 447
448 449
448 570
571 448
449 450
570 449
450 451
450 569
450 570
451 452
569 451
452 453
452 489
452 569
453 454
489 453
453 572
454 455
454 572
455 456
458 455
572 455
456 457
456 458
457 458
458 459
572 458
459 460
572 459
460 461
572 460
461 462
489 461
461 572
489 462
501 463
509 463
510 463
574 463
576 463
640 463
463 642
464 637
464 638
639 464
641 464
644 464
464 645
638 465
641 465
643 465
647 465
465 671
673 465
465 674
527 466
466 528
466 593
610 466
466 611
614 466
544 467
545 467
467 547
548 467
551 467
552 467
468 490
493 468
495 468
468 496
468 503
468 504
505 469
506 469
469 573
469 664
469 670
574 470
470 576
470 577
578 470
470 579
470 581
514 471
515 471
471 516
471 522
471 525
471 530
594 472
472 608
472 610
617 472
619 472
473 533
592 473
473 593
473 597
473 612
528 474
474 589
474 590
591 474
613 474
614 474
615 474
474 616
475 547
475 564
475 602
603 475
604 475
476 537
476 546
550 476
557 476
599 476
600 476
542 477
543 477
544 477
552 477
477 555
477 559
551 478
478 553
478 554
560 478
648 478
649 478
516 479
479 517
529 479
530 479
582 479
588 479
511 480
513 480
517 480
518 480
583 480
585 480
486 481
521 481
481 522
524 481
481 566
481 568
607 481
533 482
535 482
482 592
618 482
621 482
483 533
534 483
483 536
483 597
483 598
484 540
484 541
484 543
546 484
599 484
485 630
631 485
665 485
485 667
485 668
486 521
486 566
486 567
579 486
580 486
581 486
487 626
627 487
487 672
487 675
629 488
488 632
488 634
488 635
569 489
489 572
493 490
496 490
505 490
506 490
491 553
558 491
491 562
491 563
495 493
493 497
494 500
494 508
512 494
494 526
497 495
500 495
495 504
495 508
503 496
505 496
573 496
497 499
497 500
499 498
500 498
498 501
637 498
498 639
642 498
499 500
499 637
501 500
500 508
500 512
501 509
512 501
501 642
504 502
508 502
502 519
502 526
587 502
503 504
508 504
506 505
573 505
506 670
509 507
507 511
513 507
514 507
507 515
507 520
508 526
509 510
509 511
512 509
520 509
510 515
510 520
510 521
574 510
581 510
512 511
513 511
526 511
511 585
512 526
514 513
513 518
514 515
516 514
518 514
515 520
515 521
515 522
516 517
516 518
516 530
517 518
582 517
583 517
584 517
519 526
585 519
586 519
519 587
521 522
521 581
522 524
522 525
523 524
523 525
527 523
523 568
523 608
611 523
525 524
568 524
527 525
529 525
530 525
526 585
527 528
529 527
527 590
611 527
590 528
614 528
530 529
529 588
589 529
590 529
592 531
531 593
594 531
596 531
531 617
531 621
597 532
598 532
612 532
532 622
623 532
534 533
533 535
592 533
597 533
535 534
536 534
539 534
535 618
538 536
536 539
538 537
537 539
599 537
600 537
539 538
538 600
599 539
540 541
540 542
540 543
542 543
542 559
544 543
546 543
543 550
544 545
550 544
544 552
547 545
550 545
557 545
602 545
546 550
546 599
547 548
564 547
602 547
551 548
548 553
562 548
564 548
557 549
600 549
549 601
602 549
549 606
550 557
551 552
551 553
551 560
552 555
560 552
553 554
553 558
553 562
554 558
554 649
559 555
560 555
561 555
562 556
556 563
564 556
565 556
557 600
557 602
563 558
561 560
648 560
561 648
562 563
562 564
565 564
604 564
565 604
567 566
566 607
580 567
568 607
568 608
568 609
570 569
571 570
636 571
573 664
576 574
581 574
575 576
577 575
575 639
640 575
575 645
575 646
577 576
576 640
577 578
577 646
578 579
580 579
579 581
588 582
583 584
585 583
586 583
586 585
586 587
588 589
589 590
591 589
591 616
593 592
621 592
610 593
612 593
614 593
593 617
596 594
594 617
594 619
594 651
596 595
618 595
621 595
651 595
595 652
621 596
651 596
598 597
612 597
598 623
601 600
606 601
602 603
605 602
602 606
603 604
603 605
606 605
607 609
608 609
608 610
608 611
619 608
609 619
611 610
610 617
614 612
612 615
612 622
613 615
616 613
622 613
613 624
615 614
622 615
616 624
621 618
618 652
620 622
620 623
624 620
620 653
620 654
622 623
622 624
654 623
624 653
626 625
627 625
677 625
678 625
627 626
672 626
626 678
628 629
628 630
631 628
632 628
630 629
629 632
629 635
631 630
631 667
632 634
634 633
635 633
633 636
634 635
637 638
639 637
638 641
647 638
640 639
642 639
645 639
642 640
641 643
641 644
643 673
644 645
645 646
647 674
648 649
650 651
652 650
659 650
652 651
654 653
655 653
655 656
657 656
658 657
660 659
661 660
661 662
664 663
665 663
663 666
663 669
670 663
664 666
664 670
666 665
667 665
668 665
669 665
669 668
670 669
671 672
671 673
674 671
671 675
672 675
675 674
676 677
678 676
680 676
681 676
677 678
680 678
679 680
681 679
679 683
679 684
681 680
681 683
682 683
682 684
685 682
684 683
686 685
687 686
