766
282 499
278 496
273 491
272 487
272 482
275 478
276 473
274 468
272 465
277 461
279 457
283 453
283 450
285 446
283 442
283 437
282 432
282 427
281 422
281 417
281 412
280 407
281 402
281 397
277 393
272 391
272 386
272 381
274 377
275 372
276 367
277 362
279 358
280 353
280 348
280 343
280 338
280 333
279 328
278 324
277 319
276 314
276 309
275 304
274 299
274 294
274 289
272 285
274 281
274 276
275 271
271 268
266 268
263 272
263 277
263 282
265 287
264 292
264 297
263 302
263 307
262 312
260 316
259 321
259 326
258 331
258 336
258 341
258 346
258 351
259 356
259 361
261 366
263 370
264 375
265 380
265 385
265 390
263 393
258 396
255 400
257 404
257 409
257 414
257 419
255 423
255 428
255 433
254 438
253 443
252 448
253 451
257 455
260 460
264 463
264 468
262 473
261 477
264 481
265 486
265 491
262 496
257 498
252 498
247 498
242 498
237 498
232 497
227 495
224 490
225 485
225 480
227 475
225 470
221 469
221 463
224 459
227 457
230 454
234 452
235 447
235 442
235 437
233 433
231 428
231 423
230 418
228 414
228 409
228 404
227 399
223 395
218 395
216 391
216 386
216 381
216 376
218 372
219 367
220 362
221 357
222 352
222 347
224 343
224 338
225 333
224 328
225 323
225 318
224 313
221 309
221 304
220 299
220 294
220 289
217 285
217 280
217 275
217 270
217 265
217 260
217 255
219 251
221 246
223 242
225 237
227 232
230 228
233 223
234 219
229 219
224 218
219 216
214 215
209 212
204 211
204 206
204 201
207 197
209 192
210 187
211 182
206 180
201 179
196 181
191 183
186 182
181 180
176 182
171 182
167 178
164 174
161 170
158 166
153 167
148 167
143 167
138 167
133 166
128 165
123 164
118 166
115 168
110 168
105 168
100 168
95 168
91 170
86 170
81 171
76 173
71 176
66 176
61 175
63 172
66 167
70 164
69 160
64 158
59 157
54 157
50 153
45 150
40 146
35 144
35 139
37 135
42 134
46 131
50 135
54 139
59 142
64 143
69 144
74 145
79 145
84 145
89 147
94 148
99 145
104 144
109 144
114 144
118 147
122 149
127 149
132 149
137 147
142 147
147 147
152 146
157 143
162 141
167 141
172 142
177 140
182 137
187 135
191 138
193 137
199 136
204 136
208 135
211 130
215 128
220 128
225 127
230 127
235 126
240 125
245 122
249 120
247 116
242 113
237 113
232 114
227 114
222 114
217 113
212 110
207 108
202 106
199 102
198 97
200 92
203 88
207 84
211 81
214 77
215 72
216 67
217 62
219 58
221 53
226 49
231 46
236 45
241 43
246 43
251 42
256 41
261 41
266 40
271 40
276 40
281 41
286 42
291 43
296 44
301 46
306 49
309 53
312 57
313 62
314 67
314 72
314 77
316 82
318 86
321 91
325 95
329 99
327 103
327 108
322 111
317 113
312 114
307 113
302 112
297 111
292 114
287 116
286 120
291 122
296 123
301 125
305 128
310 127
315 128
320 128
325 129
328 133
332 136
337 135
342 137
347 139
350 135
355 137
359 139
364 142
369 142
374 141
379 141
383 145
388 147
393 147
398 147
403 148
408 149
413 149
418 150
420 145
425 144
430 144
435 144
440 146
445 147
450 147
455 145
460 145
465 145
470 144
475 144
480 142
484 137
489 133
494 132
499 134
502 138
502 143
499 147
494 149
489 153
484 156
479 157
474 158
469 159
466 163
471 166
474 170
477 174
473 176
468 176
463 175
459 172
454 171
449 171
444 170
440 168
435 168
430 169
425 169
420 169
416 166
411 164
406 166
401 167
396 167
391 167
386 167
381 166
377 168
375 173
372 177
369 182
364 182
359 181
354 181
349 183
344 182
339 180
334 180
329 181
328 185
329 189
329 194
332 199
332 202
333 207
334 211
329 213
324 215
319 217
314 218
309 219
304 219
305 224
308 228
310 233
314 237
316 242
319 246
320 251
321 256
321 261
321 266
321 271
321 276
321 281
320 286
320 291
320 296
319 301
319 306
318 311
317 315
315 320
314 325
314 330
313 335
314 340
314 345
315 350
316 355
316 360
318 364
319 369
319 374
321 379
321 384
321 389
318 394
313 396
310 400
310 405
310 410
308 415
308 420
307 425
305 429
304 434
303 439
303 444
303 449
305 454
309 457
314 461
316 465
314 470
310 473
309 478
310 483
313 487
312 492
309 495
304 497
299 499
294 499
289 499
284 499
283 499
244.364 255.182
255.734 78.6705
230.2 91.9975
181.981 159.702
245.094 163.469
286.967 172.617
217.71 157.976
241.932 291.5
240.175 373.835
327.054 158.27
297.5 278.5
296.98 302.204
288.73 248.527
264.121 228.655
296.73 378.946
273.892 63.5408
279.657 90.392
278.317 146.458
284.467 225.507
293.581 69.5
254.376 98.0394
254.028 142.714
110.007 155.979
88.1866 158.59
242.5 410.5
239.994 351.276
230.815 258.348
236.994 68.998
303.416 192.287
235.331 304.223
228.578 379.073
241.258 328
312 100.727
295.138 407
189.83 169.798
253.05 288.045
335.797 148.528
310 147.526
318.379 139.494
302.226 244.683
243.541 56.7072
244.219 469.082
428.75 156.5
293 468.375
250.695 383.624
199.407 154.254
242.368 273.289
230.688 280.437
342.908 163.703
325.143 147.761
308.448 137.52
294.231 144.85
234.382 464.79
253.868 467.597
191.713 160.236
187.435 149.243
245.221 282.468
336.133 157.624
332.349 168.553
353 152.684
177.362 150.642
169.355 160.431
176.218 169.596
159.48 154.656
373.6 154.7
454.4 158.6
220.787 143.136
308.297 384.198
297.302 393.051
99.3605 157.292
235.131 246.243
250.767 239.33
244.351 245.957
239.658 234.995
231.103 293.956
249.184 303.336
299.742 261.574
292.438 235.936
294.815 225.858
232.253 58.5833
226.548 67.4669
230.124 79.4717
242.971 80.4089
221.006 85.7901
218.919 98.7937
250.51 88.0363
241.75 97.1713
229.191 103.085
249.495 67.7681
258.507 55.7847
439.742 157
251.465 372.249
244.342 362.522
232.124 364.445
249.045 354.24
239.229 263.779
299.587 161.084
285.144 134.481
345.022 148.025
357.134 166.602
149.515 156.899
383.655 156.189
393.753 157.112
363.425 152.413
461.839 153.71
210.076 148.653
232.874 153.382
290.133 399.081
287.167 386.398
286.003 375.042
255.109 296.7
242.973 314.945
234.67 320.495
251.692 312.144
249.307 322.418
297.176 252.569
208.609 97.7649
250.707 51.096
231.129 354.914
287.332 156.126
291.091 164.459
301.205 151.549
268.013 132.65
295.802 134.306
348.569 172.278
367.343 163.384
139.336 156.908
229.577 169.822
224.041 151.55
233.897 139.923
245.006 151.13
276.179 137.305
226.818 160.718
78.3047 155.37
241.119 396.166
238.282 385.1
249.526 392.658
243 422.5
244.564 432.82
296.342 93.9518
302.134 102.047
307.257 90.2089
298.126 81.3686
289.205 86.5219
279.533 76.3741
303.579 72.4758
301.438 61.3875
288.407 56.6283
268.209 83.4834
267.859 97.0017
265.5 71.9305
283.615 66.9233
288.701 77.319
279.668 104.246
262.201 111.593
258.682 65.2964
286.903 97.3129
252.899 107.928
270.265 106.327
260.447 123.408
272.892 119.218
257.839 133.261
246.566 134.212
242.626 142.38
247.752 483.335
236.533 486.314
237.043 476.211
243.827 457.718
293.846 456.885
302.936 465.41
206.517 166.15
217.759 169.793
252.22 265.211
262.132 251.673
253.742 255.927
252.807 275.497
228.297 269.378
249.479 222.523
254.712 230.575
241.339 226.216
248.069 192.946
244.659 207.931
242.668 216.68
228.44 196.36
268.129 205.391
232.895 207.269
238.915 198.447
260.774 216.101
256.225 205.097
274.007 217.309
287.423 203.283
290.006 214.935
278.16 207.852
288.278 268.667
285.801 280.231
293.264 290.265
306.683 288.452
285.69 299.17
309.213 276.904
308.824 254.282
270.028 52.0674
280.043 51.023
313.451 160.955
320.023 171.911
317.492 152.759
314.421 184.3
315.889 197.899
301.095 177.515
309.409 170.828
322.612 205.184
304.918 205.617
296.793 199.783
287.034 187.952
276.005 194.963
313.843 208.593
292.23 180.262
262.156 192.303
254.418 177.417
271.876 179.075
278.024 185.958
271.32 162.021
278.088 155.71
257.901 157.208
254.84 186.652
265.747 147.347
261.518 168.236
262.322 240.095
275.727 236.342
284.185 240.347
275.482 250.534
283.462 258.484
269.42 258.286
273.605 226.94
307.88 299.596
309.938 265.866
239.883 180.537
226.611 182.988
239.106 170.97
219.695 190.745
217.923 203.125
277.078 170.369
245.436 339.899
234.767 341.786
294.355 420.425
293.136 431.505
293.513 441.247
294.65 483.65
283.409 485.894
299.681 475.38
302.526 488.083
285.913 475.88
296.108 320.607
288.556 311.027
304.944 311.803
296.562 337.183
289.801 329.074
286.613 320.227
303.268 328.705
297.806 355.064
295.038 366.905
288.82 359.208
305.397 363.082
306.066 373.747
290.875 346.562
303.213 345.704
766
281.428 499.505
288.267 488.591
280.739 489.673
280.401 489.84
281.323 489.379
291.794 483.868
293.84 474.442
284.689 468.89
278.266 466.778
293.34 471.758
293.259 468.263
293.077 461.625
292.927 455.184
292.834 451.195
292.569 439.597
292.653 435.556
292.711 431.121
293.291 427.099
293.902 423.216
294.244 418.949
294.392 416.007
294.78 408.3
295.145 400.922
295.783 387.86
278.662 384.733
270.201 386.351
282.045 384.085
283.315 383.842
289.897 382.586
296.237 379.929
297.207 374.332
297.186 370.192
297.168 366.19
297.041 357.153
296.911 348.923
296.215 342.666
295.35 336.693
294.389 329.923
294.292 323.965
294.684 321.27
295.089 318.25
295.323 316.426
296.6 309.676
298.172 304.291
299.206 300.775
300.523 297.045
302.183 292.258
301.88 293.505
302.432 291.315
304.732 277.405
295.111 261.333
275.98 236.222
254.169 236.788
231.693 260.191
234.56 279.339
239.179 290.909
242.192 297.396
242.47 297.902
243.561 299.823
245.212 302.783
245.437 305.938
245.104 308.026
244.711 310.54
243.791 317.497
243.036 323.221
242.289 328.91
241.447 335.351
240.707 341.216
240.206 346.869
239.647 353.076
239.263 359.818
239.024 368.351
240.289 376.789
241.806 379.761
242.391 380.688
248.28 383.167
250.661 383.882
263.129 387.627
258.33 386.185
244.112 381.934
242.682 393.005
243.006 404.464
243.211 411.761
243.487 417.808
243.56 419.344
243.697 422.398
244.173 428.306
244.505 432.348
244.788 435.815
245.212 441.028
244.385 450.444
242.956 461.862
242.089 470.238
249.645 468.474
253.765 467.051
256.085 466.249
242.251 471.311
243.439 477.082
252.695 486.29
257.017 490.395
254.108 487.633
260.557 493.755
257.664 491.01
253.103 486.678
246.253 480.179
243.687 479.981
239.003 484.296
235.956 486.839
228.654 492.936
233.765 488.668
234.504 488.051
242.809 481.002
241.567 471.412
223.63 461.339
218.484 458.919
224.973 461.973
231.097 464.837
232.792 465.658
239.147 468.735
242.231 467.657
243.669 456.172
245.212 441.063
244.666 434.34
244.126 427.738
243.998 426.191
243.7 422.453
243.393 415.888
243.336 414.733
243.196 411.183
242.877 399.785
241.901 383.509
232.774 386.613
216.195 389.981
219.446 388.387
234.555 380.983
235.914 380.317
236.495 380.032
240.089 378.256
239.622 373.065
238.866 368.186
239.109 361.244
239.422 354.573
239.75 350.949
239.901 349.136
240.708 341.047
242.001 331.17
242.361 328.416
243.026 323.339
244.046 314.713
244.469 310.767
245.313 303.176
243.475 299.424
242.454 297.581
239.912 292.713
235.859 282.577
233.777 277.436
233.421 276.34
232.875 274.501
230.804 267.746
230.586 264.14
229.967 261.977
229.47 262.237
229.844 261.98
232.692 258.037
235.394 254.157
242.862 246.002
245.309 243.547
251.979 236.865
262.335 220.057
257.076 200.023
247.474 189.205
235.679 194.301
226.975 198.025
219.056 201.84
209.946 206.249
198.217 211.926
205.997 208.16
208.846 206.782
217.895 202.402
234.316 194.435
246.976 184.086
242.786 169.273
221.425 156.858
197.083 155.959
179.866 156.992
178.299 157.665
178.446 157.612
176.25 158.116
172.297 174.133
171.807 176.113
172.346 173.938
175.954 159.364
173.088 157.127
162.466 154.508
151.394 155.842
145.47 156.588
141.309 157.145
138.306 157.44
134.895 157.244
104.473 156.921
117.139 156.272
113.659 156.077
113.247 156.052
111.138 155.924
106.546 156.185
100.894 156.689
92.0911 157.461
87.0154 157.92
83.5552 158.155
79.9229 158.374
74.34 165.38
67.8511 173.519
62.8699 174.474
60.952 175.099
64.1789 174.051
65.6447 173.64
76.3027 162.918
71.6024 166.993
0 0
57.2448 149.041
56.395 148.66
54.303 147.72
48.1984 143.489
42.0513 138.799
37.06 139.56
38.3064 139.372
38.7675 139.305
42.7673 138.722
45.0584 132.592
42.3875 135.9
48.3452 143.595
52.2395 146.11
61.6656 150.511
67.5301 152.575
76.736 156.883
78.4303 157.683
80.4678 158.308
84.2316 158.134
100.716 156.701
105.359 156.291
108.436 156.017
110.273 155.858
110.798 155.908
111.635 155.96
114.616 156.13
126.553 156.801
133.921 157.195
138.247 157.421
141.044 157.181
146.307 156.477
155.81 155.22
161.549 154.463
162.204 154.614
163.357 154.801
173.8 156.053
180.552 156.727
185.986 155.736
183.406 148.74
186.149 156.154
189.764 156.367
200.897 155.713
213.678 155.267
224.545 154.864
217.164 142.403
215.355 139.578
218.499 144.488
224.629 154.4
232.216 159.133
244.044 164.304
254.492 164.82
263.42 146.889
267.425 125.757
264.956 89.4298
254.72 68.4063
236.785 77.1165
224.141 87.6947
219.434 91.7978
217.063 93.8544
216.937 93.9651
214.701 95.8772
204.998 104.117
200.841 100.902
199.851 100.24
201.193 101.137
201.979 101.664
205.119 103.939
214.04 96.4494
224.117 87.8019
239.746 74.0784
243.753 65.4129
238.942 61.3929
231.106 58.7858
230.707 58.652
228.566 57.9351
231.744 59
235.662 60.3212
239.934 61.552
244.412 62.853
248.668 63.4495
254.082 63.8557
258.858 64.2706
267.067 64.1556
269.633 64.0637
273.041 63.8549
275.668 63.671
278.537 63.5194
282.963 63.123
287.53 62.672
293.251 60.7694
297.281 59.4626
302.548 57.597
305.095 56.6931
302.914 57.4668
301.813 57.8575
295.98 59.9187
290.251 61.8874
280.794 65.3936
289.115 76.2679
298.893 86.5776
315.138 102.101
322.381 105.326
327.595 107.133
325.219 106.335
324.794 106.398
322.177 105.251
319.637 104.311
319.242 104.224
316.851 103.687
306.135 93.472
288.958 77.4617
272.634 66.2215
266.803 88.9646
267.375 131.002
269.159 161.784
282.72 162.275
289.583 160.843
299.418 156.009
310.819 150.052
316.321 146.809
323.237 138.041
323.81 137.321
315.549 147.964
321.816 150.146
333.307 151.142
341.704 152.876
354.937 156.021
354.765 149.206
354.448 153.061
355.283 155.185
360.091 158.543
370.695 157.037
377.291 155.662
378.834 154.109
377.835 155.09
385.816 156.604
394.331 156.914
397.987 157.062
401.173 157.196
406.579 157.079
413.974 156.702
424.381 156.156
426.09 156.049
426.137 156.047
427.14 156.005
429.823 156.166
435.325 156.507
444.456 157.072
453.501 157.633
458.684 157.006
460.586 156.518
464.978 154.838
467.665 153.935
479.989 149.718
0 0
492.498 140.85
494.864 138.685
495.603 138.011
495.7 138.053
497.211 138.663
497.404 138.741
496.528 138.387
495.114 139.067
485.624 147.771
481.952 149.135
478.879 150.031
472.954 151.937
462.936 155.578
462.611 164.195
468.559 172.713
474.968 174.071
476.848 174.436
473.671 173.821
469.448 172.975
471.218 172.929
458.979 161.747
456.644 158.926
452.229 157.551
450.088 157.419
442.283 156.937
432.875 156.355
426.757 156.008
424.497 156.154
423.462 156.209
423.705 156.196
409.711 156.92
402.084 157.227
398.625 157.082
397.269 157.026
393.466 156.883
387.926 156.682
377.845 156.597
364.813 158.084
362.592 164.224
364.399 169.866
368.857 182.966
363.723 168.515
362.817 165.964
360.011 158.657
359.519 158.494
358.777 158.138
352.135 155.499
330.298 149.972
299.755 155.961
280.821 174.647
286.584 184.943
301.521 195.391
325.084 206.517
325.839 206.871
331.337 209.463
338.323 212.756
334.228 210.825
320.771 204.485
312.16 200.411
302.873 196.013
285.322 187.833
270.63 195.655
267.294 222.23
278.43 236.332
291.944 246.347
302.592 254.374
308.427 258.154
309.969 258.738
309.998 258.743
308.768 258.703
307.728 260.268
307.152 262.492
306.713 267.691
306.382 272.704
305.561 277.115
304.876 280.339
302.439 290.764
300.927 295.521
299.342 300.506
297.694 305.644
297.26 306.997
296.586 308.818
295.226 318.192
294.775 321.635
294.078 327.826
295.894 340.43
296.071 341.634
296.911 347.745
297.021 355.222
297.098 360.769
297.193 367.478
297.193 371.845
297.189 373.542
297.086 379.334
305.662 382.677
309.094 383.772
313.491 385.175
312.128 384.74
297.309 380.294
295.712 389.452
295.071 402.421
294.737 409.138
294.298 417.904
294.151 420.878
293.863 423.484
293.426 426.232
292.711 431.157
292.629 436.978
292.67 444.151
292.785 449.074
293.169 465.549
298.606 467.155
306.382 465.616
318.309 463.255
309.023 465.093
294.544 467.959
294.057 478.004
297.801 485.37
306.808 490.339
311.165 492.749
303.067 488.269
298.228 485.592
294.388 483.371
293.039 481.893
290.288 486.149
282.836 497.256
281.172 499.914
236.904 252.211
259.208 65.2033
236.813 76.9054
178.059 157.023
250.916 168.172
276.17 172.708
226.557 157.853
0 0
240.159 376.42
322.007 150.132
306.426 269.148
299.85 298.975
287.155 242.682
263.656 220.18
297.182 379.596
0 0
272.435 65.349
268.957 163.436
263.41 216.226
287.273 62.8434
261.845 65.7781
262.478 164.483
112.15 155.986
84.5982 158.098
242.849 398.726
239.334 363.621
230.454 261.799
244.695 63.4657
279.217 182.737
245.376 303.14
240.213 377.299
237.333 372.444
321.167 104.889
294.41 414.251
188.969 156.398
241.335 295.813
334.562 151.288
306.48 152.462
319.464 142.834
296.442 249.752
247.949 63.4407
242.276 471.307
398.767 156.204
293.365 471.791
241.543 380.447
195.148 156.05
231.248 268.506
234.589 279.255
0 0
320.473 150.026
304.954 153.588
286.074 162.671
240.059 469.177
235.556 466.667
185.892 156.375
184.465 156.665
235.373 281.281
339.061 152.237
328.333 150.617
355.666 156.061
177.016 156.895
172.458 156.651
152 161.778
158.88 154.857
376.133 155.938
454.832 157.989
221.946 149.558
292.444 368
295.792 387.848
91.1155 157.535
234.682 255.269
255.655 233.171
245.191 243.542
247.428 241.423
240.328 293.739
245.432 303.309
307.806 258.398
277.2 235.266
266.783 221.453
237.921 60.975
234.749 59.9819
245.015 66.8141
252.682 63.6366
0 0
216.719 94.1415
258.252 65.4389
251.776 64.5081
233.98 79.4091
252.853 63.7586
258.951 64.9162
445.591 157.142
240.347 377.162
239.258 370.449
238.873 368.331
239.506 354.641
230.683 262.056
289.638 162.31
269.333 152
350.654 155.091
362.605 158.346
81.7778 160
386.03 156.613
392.831 156.87
361.38 158.795
461.236 156.183
216.291 155.176
240.315 164.009
295.665 390.338
296.096 381.396
297.206 379.539
243.622 299.936
244.309 313.32
243.88 316.041
245.182 307.54
243.5 319.702
299.915 252.431
203.154 102.579
250.961 63.6212
239.562 353.843
279.919 166.668
280.829 167.601
294.554 158.798
266.705 151.215
285.314 161.982
358.657 158.087
360.718 158.678
138.451 157.434
242.437 167.428
228.443 158.364
242.135 164.168
251.743 165.772
267.536 156.188
237.204 162.426
80.1668 158.331
242.392 381.95
241.164 379.993
243.145 385.144
0 0
244.427 431.417
287.308 75.5441
295.698 83.7057
0 0
279.994 66.6254
277.257 65.0581
276.103 64.5934
288.186 62.6496
296.535 59.6663
292.749 60.9887
266.748 65.6657
265.591 70.3429
266.198 65.0117
281.344 64.2885
281.031 64.8605
267.556 88
266.226 87.9625
260.453 64.6322
273.176 65.6177
265.365 85.5424
266.319 83.0794
267.399 126.937
265.213 142.413
264.665 147.758
257.733 165.629
251.476 165.169
244.058 479.653
243.23 480.534
243.143 474.269
242.147 468.327
293.53 466.803
293.885 468.09
216.889 156.444
245.275 166.846
240.889 261.333
259.842 229.724
255.157 234.549
232.861 273.741
230.679 265.842
262.143 214.487
263.248 222.903
262.733 221.419
263.153 195.055
258.354 199.39
258.202 202.094
248.217 188.42
263.4 197.984
248.434 187.367
251.867 188.213
262.729 211.555
259.861 197.078
264.303 208.911
269.148 190.866
267.706 197.168
265.846 198.486
307.056 260.619
304.732 279.712
302.304 291.793
302.62 285.93
298.647 302.673
305.686 275.445
308.399 258.34
272.402 63.937
280.133 63.3553
302.793 153.517
325.089 154.157
312.227 151.109
0 0
289.604 188.063
277.278 173.672
284.448 163.968
310.308 199.539
276.161 186.683
276.954 186.937
273.912 182.357
267.506 189.094
0 0
277.069 176.488
261.298 187.845
257.596 177.599
267.074 178.709
270.476 186.67
267.651 169.275
269.475 167.785
260.637 168.118
257.714 183.545
265.244 162.835
257.443 188.403
262.128 227.232
267.481 225.392
273.975 232.591
269.982 228.476
268.173 214.69
267.983 229.538
264.527 218.73
300.175 297.888
307.426 261.427
250.372 177.021
249.049 176.728
248.608 171.324
247.545 186.086
0 0
268.868 175.862
240.75 340.787
240.428 344.211
293.991 421.252
293.003 429.069
0 0
293.514 481.081
292.185 488.722
292.444 470.222
300.885 486.582
293.661 476.786
294.921 320.077
295.793 313.643
296.43 310.586
295.353 336.715
294.041 327.268
294.543 322.286
0 0
297.133 363.267
297.198 373.113
297.103 362.408
297.196 367.767
297.184 375.304
296.75 353.361
296.869 347.145
1794
0 0
0 0
0 0
0 0
0 0
0 0
0 0
0 0
0 0
0 0
0 0
0 0
0 0
0 0
0 0
0 0
0 0
0 0
0 0
0 0
0 0
0 0
0 0
0 0
0 0
0 0
0 0
0 0
0 0
0 0
0 0
0 0
0 0
0 0
0 0
0 0
0 0
0 0
0 0
0 0
0 0
0 0
0 0
0 0
0 0
0 0
0 0
0 0
0 0
0 0
0 0
749 568
0 0
0 0
0 0
0 0
0 0
0 0
0 0
0 0
0 0
0 0
0 0
0 0
0 0
0 0
0 0
0 0
0 0
0 0
568 50
0 0
0 0
0 0
0 0
0 0
0 0
0 0
0 0
0 0
0 0
0 0
0 0
0 0
0 0
0 0
0 0
0 0
0 0
0 0
0 0
0 0
0 0
0 0
0 0
0 0
0 0
0 0
0 0
0 0
0 0
0 0
0 0
0 0
0 0
0 0
0 0
0 0
0 0
0 0
0 0
0 0
0 0
0 0
0 0
0 0
0 0
0 0
0 0
0 0
0 0
50 731
0 0
0 0
0 0
731 673
0 0
0 0
0 0
0 0
0 0
0 0
0 0
0 0
0 0
0 0
0 0
0 0
0 0
0 0
0 0
0 0
0 0
0 0
0 0
0 0
0 0
673 532
0 0
0 0
0 0
0 0
0 0
0 0
0 0
0 0
0 0
0 0
0 0
0 0
0 0
0 0
0 0
0 0
0 0
0 0
0 0
0 0
0 0
0 0
0 0
0 0
0 0
0 0
0 0
0 0
0 0
0 0
0 0
0 0
0 0
0 0
0 0
0 0
0 0
0 0
0 0
0 0
0 0
0 0
0 0
0 0
0 0
0 0
0 0
0 0
532 554
0 0
0 0
0 0
0 0
0 0
0 0
0 0
0 0
0 0
0 0
0 0
0 0
0 0
0 0
0 0
0 0
0 0
0 0
0 0
0 0
0 0
0 0
0 0
0 0
0 0
0 0
0 0
0 0
0 0
0 0
0 0
0 0
0 0
0 0
0 0
0 0
0 0
0 0
0 0
0 0
0 0
0 0
0 0
0 0
0 0
0 0
0 0
0 0
0 0
0 0
0 0
0 0
0 0
0 0
0 0
0 0
0 0
0 0
0 0
0 0
0 0
0 0
0 0
0 0
0 0
0 0
0 0
0 0
0 0
0 0
0 0
0 0
0 0
0 0
0 0
0 0
0 0
0 0
0 0
0 0
0 0
0 0
0 0
0 0
0 0
0 0
0 0
0 0
0 0
0 0
0 0
0 0
0 0
0 0
0 0
0 0
0 0
0 0
0 0
0 0
0 0
0 0
0 0
0 0
0 0
0 0
0 0
0 0
0 0
0 0
0 0
0 0
0 0
0 0
0 0
0 0
0 0
0 0
0 0
0 0
0 0
0 0
0 0
0 0
0 0
0 0
0 0
0 0
0 0
0 0
0 0
0 0
0 0
0 0
0 0
0 0
0 0
0 0
0 0
0 0
0 0
0 0
0 0
0 0
0 0
0 0
0 0
0 0
0 0
0 0
0 0
0 0
0 0
0 0
0 0
0 0
0 0
0 0
0 0
0 0
0 0
0 0
0 0
0 0
0 0
0 0
0 0
0 0
0 0
0 0
0 0
0 0
0 0
0 0
0 0
0 0
0 0
0 0
0 0
0 0
0 0
0 0
0 0
0 0
0 0
0 0
0 0
0 0
0 0
0 0
0 0
0 0
0 0
0 0
0 0
0 0
0 0
0 0
0 0
0 0
0 0
0 0
0 0
0 0
0 0
0 0
0 0
0 0
0 0
731 598
0 0
0 0
0 0
0 0
0 0
0 0
0 0
0 0
0 0
0 0
0 0
0 0
0 0
0 0
0 0
0 0
0 0
0 0
0 0
0 0
0 0
0 0
0 0
0 0
0 0
0 0
0 0
598 671
0 0
0 0
0 0
0 0
0 0
0 0
0 0
0 0
671 563
0 0
0 0
0 0
0 0
0 0
0 0
0 0
0 0
0 0
0 0
0 0
0 0
0 0
0 0
0 0
0 0
0 0
0 0
0 0
0 0
563 601
0 0
0 0
0 0
0 0
0 0
0 0
0 0
0 0
0 0
0 0
0 0
0 0
0 0
0 0
0 0
0 0
0 0
0 0
0 0
0 0
0 0
0 0
0 0
0 0
0 0
0 0
0 0
0 0
0 0
0 0
0 0
0 0
0 0
0 0
0 0
0 0
0 0
0 0
0 0
0 0
0 0
0 0
0 0
0 0
0 0
0 0
0 0
0 0
0 0
0 0
0 0
0 0
0 0
0 0
0 0
0 0
0 0
0 0
0 0
0 0
0 0
0 0
0 0
0 0
0 0
0 0
0 0
0 0
0 0
0 0
0 0
0 0
0 0
0 0
0 0
0 0
0 0
0 0
0 0
0 0
0 0
0 0
0 0
0 0
0 0
0 0
0 0
0 0
0 0
0 0
0 0
0 0
0 0
0 0
0 0
0 0
0 0
0 0
0 0
0 0
0 0
0 0
0 0
0 0
0 0
0 0
0 0
0 0
0 0
0 0
0 0
0 0
0 0
0 0
0 0
0 0
0 0
0 0
0 0
0 0
0 0
0 0
0 0
0 0
0 0
0 0
0 0
0 0
0 0
0 0
0 0
0 0
0 0
0 0
0 0
0 0
0 0
0 0
0 0
0 0
0 0
0 0
0 0
0 0
0 0
0 0
0 0
0 0
0 0
0 0
0 0
0 0
0 0
0 0
0 0
0 0
0 0
0 0
0 0
0 0
0 0
0 0
0 0
0 0
0 0
0 0
0 0
0 0
0 0
0 0
0 0
0 0
0 0
0 0
0 0
0 0
0 0
0 0
598 654
0 0
0 0
0 0
0 0
0 0
0 0
0 0
0 0
0 0
0 0
0 0
0 0
0 0
0 0
0 0
0 0
0 0
0 0
0 0
0 0
0 0
0 0
0 0
0 0
0 0
0 0
0 0
0 0
0 0
0 0
0 0
0 0
0 0
0 0
0 0
0 0
0 0
0 0
0 0
0 0
0 0
0 0
0 0
0 0
0 0
0 0
0 0
0 0
0 0
0 0
0 0
0 0
0 0
0 0
0 0
0 0
0 0
0 0
0 0
0 0
0 0
0 0
0 0
0 0
0 0
0 0
0 0
0 0
0 0
0 0
0 0
0 0
0 0
0 0
0 0
0 0
0 0
0 0
0 0
0 0
0 0
0 0
0 0
0 0
0 0
0 0
0 0
0 0
0 0
0 0
0 0
0 0
0 0
0 0
0 0
0 0
0 0
0 0
0 0
0 0
0 0
0 0
0 0
0 0
0 0
0 0
0 0
0 0
0 0
0 0
0 0
0 0
0 0
0 0
0 0
0 0
0 0
0 0
0 0
0 0
0 0
0 0
0 0
0 0
0 0
0 0
0 0
0 0
0 0
0 0
0 0
0 0
0 0
0 0
0 0
0 0
0 0
0 0
0 0
0 0
0 0
0 0
0 0
0 0
0 0
0 0
0 0
0 0
0 0
0 0
0 0
0 0
0 0
0 0
0 0
0 0
598 704
0 0
0 0
0 0
0 0
0 0
0 0
0 0
0 0
0 0
0 0
0 0
0 0
0 0
0 0
0 0
0 0
0 0
0 0
0 0
0 0
0 0
704 543
0 0
0 0
0 0
0 0
0 0
0 0
0 0
0 0
0 0
0 0
0 0
0 0
0 0
0 0
0 0
0 0
0 0
0 0
0 0
0 0
0 0
0 0
0 0
0 0
0 0
0 0
0 0
0 0
0 0
0 0
0 0
0 0
0 0
0 0
0 0
0 0
0 0
0 0
0 0
0 0
0 0
0 0
0 0
0 0
0 0
0 0
0 0
0 0
0 0
0 0
0 0
0 0
0 0
0 0
543 387
0 0
0 0
0 0
0 0
0 0
0 0
0 0
0 0
0 0
0 0
0 0
0 0
0 0
0 0
0 0
0 0
0 0
0 0
0 0
0 0
0 0
0 0
0 0
0 0
0 0
0 0
0 0
0 0
0 0
0 0
0 0
0 0
0 0
0 0
0 0
0 0
0 0
0 0
0 0
0 0
0 0
0 0
0 0
0 0
0 0
0 0
0 0
0 0
0 0
0 0
0 0
0 0
0 0
0 0
0 0
0 0
0 0
0 0
0 0
0 0
0 0
0 0
0 0
0 0
0 0
0 0
0 0
0 0
0 0
0 0
0 0
0 0
0 0
0 0
0 0
0 0
0 0
0 0
0 0
0 0
0 0
0 0
0 0
0 0
0 0
0 0
0 0
0 0
0 0
0 0
0 0
0 0
0 0
0 0
0 0
0 0
0 0
0 0
0 0
0 0
0 0
0 0
0 0
0 0
0 0
0 0
0 0
0 0
0 0
0 0
0 0
0 0
0 0
0 0
0 0
0 0
0 0
0 0
0 0
0 0
0 0
0 0
0 0
0 0
0 0
0 0
0 0
0 0
0 0
0 0
0 0
0 0
0 0
0 0
0 0
0 0
0 0
0 0
0 0
0 0
0 0
0 0
0 0
0 0
0 0
0 0
0 0
0 0
0 0
0 0
0 0
0 0
0 0
0 0
0 0
0 0
0 0
0 0
0 0
0 0
0 0
0 0
0 0
0 0
0 0
0 0
0 0
0 0
0 0
0 0
0 0
0 0
0 0
0 0
0 0
0 0
0 0
0 0
0 0
0 0
0 0
0 0
0 0
0 0
0 0
0 0
0 0
0 0
0 0
0 0
0 0
0 0
0 0
0 0
0 0
0 0
0 0
0 0
0 0
0 0
0 0
0 0
0 0
0 0
0 0
0 0
0 0
0 0
0 0
0 0
0 0
0 0
0 0
0 0
0 0
0 0
0 0
0 0
0 0
0 0
0 0
0 0
0 0
0 0
0 0
0 0
0 0
0 0
0 0
0 0
0 0
0 0
0 0
0 0
0 0
0 0
0 0
0 0
0 0
0 0
0 0
0 0
0 0
0 0
0 0
0 0
0 0
0 0
0 0
0 0
0 0
0 0
0 0
0 0
0 0
0 0
0 0
0 0
0 0
0 0
0 0
0 0
0 0
0 0
0 0
0 0
0 0
0 0
0 0
0 0
0 0
0 0
0 0
0 0
0 0
0 0
0 0
0 0
0 0
0 0
0 0
0 0
0 0
0 0
0 0
0 0
0 0
0 0
0 0
0 0
0 0
0 0
0 0
0 0
0 0
0 0
0 0
0 0
0 0
0 0
0 0
0 0
0 0
0 0
0 0
0 0
0 0
0 0
0 0
0 0
0 0
0 0
0 0
0 0
0 0
0 0
0 0
0 0
0 0
0 0
0 0
0 0
0 0
0 0
0 0
0 0
0 0
0 0
0 0
0 0
0 0
0 0
0 0
0 0
0 0
0 0
0 0
0 0
0 0
0 0
0 0
0 0
0 0
0 0
0 0
0 0
0 0
0 0
0 0
0 0
0 0
0 0
0 0
0 0
0 0
0 0
0 0
0 0
0 0
0 0
0 0
0 0
0 0
0 0
0 0
0 0
0 0
0 0
0 0
0 0
0 0
0 0
0 0
0 0
0 0
0 0
0 0
0 0
0 0
0 0
0 0
0 0
0 0
0 0
0 0
0 0
0 0
0 0
0 0
0 0
0 0
0 0
0 0
0 0
0 0
0 0
0 0
0 0
0 0
0 0
0 0
0 0
0 0
0 0
0 0
0 0
0 0
0 0
0 0
0 0
0 0
0 0
0 0
0 0
0 0
0 0
0 0
0 0
0 0
0 0
0 0
0 0
0 0
0 0
0 0
0 0
0 0
0 0
0 0
0 0
0 0
0 0
0 0
0 0
0 0
0 0
0 0
0 0
0 0
0 0
0 0
0 0
0 0
0 0
0 0
0 0
0 0
0 0
0 0
0 0
0 0
0 0
0 0
0 0
0 0
0 0
0 0
0 0
0 0
0 0
0 0
0 0
0 0
0 0
0 0
0 0
0 0
0 0
0 0
0 0
0 0
0 0
0 0
0 0
0 0
0 0
0 0
0 0
0 0
0 0
0 0
0 0
0 0
0 0
0 0
0 0
0 0
0 0
0 0
0 0
0 0
0 0
0 0
0 0
0 0
0 0
0 0
0 0
0 0
0 0
0 0
0 0
0 0
0 0
0 0
0 0
0 0
0 0
0 0
0 0
0 0
0 0
0 0
0 0
0 0
0 0
0 0
0 0
0 0
0 0
0 0
0 0
0 0
0 0
0 0
0 0
0 0
0 0
0 0
0 0
0 0
0 0
0 0
0 0
0 0
0 0
0 0
0 0
0 0
0 0
0 0
0 0
0 0
0 0
0 0
0 0
0 0
0 0
0 0
0 0
0 0
0 0
0 0
0 0
0 0
0 0
0 0
0 0
0 0
0 0
0 0
0 0
0 0
0 0
0 0
0 0
0 0
0 0
0 0
0 0
0 0
0 0
0 0
0 0
0 0
0 0
0 0
0 0
0 0
0 0
0 0
0 0
0 0
0 0
0 0
0 0
0 0
0 0
0 0
0 0
0 0
0 0
0 0
0 0
0 0
0 0
0 0
0 0
0 0
0 0
0 0
0 0
0 0
0 0
0 0
0 0
0 0
0 0
0 0
0 0
0 0
0 0
0 0
0 0
0 0
0 0
0 0
0 0
0 0
0 0
0 0
0 0
0 0
0 0
0 0
0 0
0 0
0 0
0 0
0 0
0 0
0 0
0 0
0 0
0 0
0 0
0 0
0 0
0 0
0 0
0 0
0 0
0 0
0 0
0 0
0 0
0 0
0 0
0 0
0 0
0 0
0 0
0 0
0 0
0 0
0 0
0 0
0 0
0 0
0 0
0 0
0 0
0 0
0 0
0 0
0 0
0 0
0 0
0 0
0 0
0 0
0 0
0 0
0 0
0 0
0 0
0 0
0 0
0 0
0 0
0 0
0 0
0 0
0 0
0 0
0 0
0 0
0 0
0 0
0 0
0 0
0 0
0 0
0 0
0 0
0 0
0 0
0 0
0 0
0 0
0 0
0 0
0 0
0 0
0 0
0 0
0 0
0 0
0 0
0 0
0 0
0 0
0 0
0 0
0 0
0 0
0 0
0 0
0 0
0 0
0 0
0 0
0 0
0 0
0 0
0 0
0 0
0 0
0 0
0 0
0 0
0 0
0 0
0 0
0 0
0 0
0 0
0 0
0 0
0 0
0 0
0 0
0 0
0 0
0 0
0 0
0 0
0 0
0 0
0 0
0 0
0 0
0 0
0 0
0 0
0 0
0 0
0 0
0 0
0 0
0 0
0 0
0 0
0 0
0 0
0 0
0 0
0 0
0 0
0 0
0 0
0 0
0 0
0 0
0 0
0 0
0 0
0 0
0 0
0 0
0 0
0 0
0 0
0 0
0 0
0 0
0 0
0 0
0 0
0 0
0 0
0 0
0 0
0 0
0 0
0 0
0 0
0 0
0 0
0 0
0 0
0 0
0 0
0 0
0 0
0 0
0 0
0 0
0 0
0 0
0 0
0 0
0 0
0 0
0 0
0 0
0 0
0 0
0 0
0 0
0 0
0 0
0 0
0 0
0 0
0 0
0 0
0 0
0 0
0 0
0 0
0 0
0 0
0 0
0 0
0 0
0 0
0 0
0 0
0 0
0 0
0 0
0 0
0 0
0 0
0 0
0 0
0 0
0 0
0 0
0 0
0 0
0 0
0 0
0 0
0 0
0 0
0 0
0 0
0 0
0 0
0 0
0 0
0 0
0 0
0 0
0 0
0 0
0 0
0 0
0 0
0 0
0 0
0 0
0 0
0 0
0 0
0 0
0 0
0 0
0 0
0 0
0 0
0 0
0 0
0 0
0 0
0 0
0 0
0 0
0 0
0 0
0 0
0 0
0 0
0 0
0 0
0 0
0 0
0 0
0 0
0 0
0 0
0 0
0 0
0 0
0 0
0 0
0 0
0 0
0 0
0 0
0 0
0 0
0 0
0 0
1794
0 1
500 0
1 2
499 1
500 1
748 1
2 3
2 748
3 4
3 748
4 5
748 4
5 6
5 748
751 5
6 7
6 9
751 6
7 8
9 7
8 9
9 10
9 544
9 751
10 11
544 10
10 669
11 12
669 11
12 13
669 12
13 14
669 13
746 13
14 15
746 14
15 16
15 745
746 15
16 17
16 745
17 18
17 744
745 17
18 19
744 18
19 20
19 744
20 21
20 534
744 20
21 22
21 534
608 21
22 23
22 608
23 24
608 23
23 609
24 25
26 24
24 609
25 26
26 27
609 26
27 28
27 609
28 29
28 609
610 28
29 30
29 610
30 31
30 610
30 761
31 32
31 761
32 33
32 761
33 34
761 33
764 33
34 35
764 34
35 36
764 35
36 37
755 36
756 36
36 764
37 38
756 37
38 39
756 38
38 757
39 40
757 39
40 41
40 757
41 42
41 753
757 41
42 43
42 698
42 753
43 44
43 698
44 45
44 698
45 46
698 45
46 47
48 46
46 695
696 46
46 698
47 48
48 49
695 48
49 50
695 49
50 51
694 50
50 695
731 50
51 52
51 731
732 51
52 53
673 52
52 675
732 52
53 54
673 53
53 676
54 55
676 54
55 56
55 536
676 55
56 57
56 536
57 58
57 536
57 611
58 59
611 58
59 60
59 576
59 611
60 61
576 60
614 60
61 62
614 61
62 63
614 62
63 64
63 614
63 615
64 65
615 64
65 66
532 65
615 65
65 742
66 67
66 742
67 68
67 742
68 69
595 68
742 68
69 70
69 595
70 71
595 70
71 72
71 592
593 71
595 71
72 73
592 72
73 74
592 73
74 75
545 74
592 74
75 76
545 75
76 77
78 76
545 76
77 78
78 79
78 545
79 80
545 79
79 637
80 81
525 80
635 80
637 80
81 82
81 525
82 83
525 82
83 84
83 525
638 83
84 85
84 638
85 86
85 638
86 87
638 86
639 86
87 88
87 639
88 89
639 88
89 90
121 89
89 639
90 91
90 120
121 90
668 90
91 92
91 668
92 93
92 554
92 668
93 94
93 554
94 95
94 554
95 96
95 554
96 97
96 554
97 98
554 97
665 97
98 99
665 98
99 100
665 99
100 101
102 100
100 665
101 102
102 103
665 102
103 104
665 103
104 105
104 665
105 106
665 105
105 666
106 107
106 666
107 108
107 666
108 109
666 108
109 110
109 666
110 111
110 666
111 112
111 666
667 111
112 113
112 553
667 112
113 114
115 113
113 116
113 553
114 115
115 116
116 117
116 553
117 118
117 553
118 119
553 118
119 120
119 553
668 119
120 121
668 120
121 122
639 121
122 123
639 122
123 124
638 123
639 123
124 125
124 638
125 126
125 638
126 127
525 126
638 126
127 128
127 525
128 129
128 525
129 130
129 525
129 635
130 131
130 635
130 636
131 132
131 133
131 134
531 131
636 131
132 133
133 134
134 135
531 134
135 136
531 135
136 137
531 136
137 138
531 137
138 139
531 138
138 594
139 140
594 139
140 141
594 140
619 140
141 142
619 141
142 143
619 142
143 144
143 619
143 743
144 145
743 144
145 146
532 145
613 145
145 743
146 147
613 146
147 148
147 613
148 149
148 613
149 150
530 149
613 149
150 151
530 150
151 152
530 151
151 575
152 153
575 152
153 154
153 575
154 155
154 548
154 575
155 156
548 155
156 157
156 548
157 158
548 157
157 677
158 159
158 677
159 160
159 527
159 677
160 161
160 527
161 162
161 527
162 163
162 527
163 164
163 527
571 163
164 165
164 571
165 166
165 571
165 574
166 167
166 574
167 168
574 167
680 167
168 169
168 680
169 170
680 169
683 169
686 169
170 171
686 170
171 172
171 686
172 173
172 686
740 172
173 174
740 173
174 175
176 174
740 174
175 176
176 177
740 176
177 178
740 177
178 179
740 178
179 180
739 179
179 740
180 181
180 739
181 182
181 672
181 737
739 181
182 183
671 182
182 672
183 184
535 183
671 183
184 185
184 535
185 186
535 185
186 187
186 535
187 188
535 187
563 187
188 189
563 188
189 190
563 189
190 191
563 190
191 192
562 191
191 563
192 193
192 562
193 194
562 193
564 193
601 193
194 195
601 194
195 196
195 601
196 197
601 196
196 627
197 198
627 197
198 199
627 198
199 200
199 245
199 246
627 199
200 201
200 244
245 200
200 523
201 202
201 523
202 203
523 202
203 204
203 523
204 205
523 204
570 204
205 206
570 205
206 207
206 524
206 570
207 208
524 207
208 209
208 524
209 210
216 209
209 524
209 634
210 211
210 215
210 216
211 212
215 211
212 213
214 212
215 212
213 214
214 215
215 216
216 217
216 634
217 218
217 233
217 234
634 217
218 219
218 232
218 233
219 220
221 219
219 231
219 232
220 221
221 222
230 221
221 231
222 223
222 230
223 224
223 225
227 223
223 229
230 223
224 225
225 226
225 227
226 227
227 228
227 229
228 229
229 230
230 231
231 232
232 233
233 234
234 235
234 634
235 236
634 235
236 237
236 634
237 238
524 237
237 634
238 239
238 524
238 570
239 240
239 570
240 241
240 523
570 240
241 242
523 241
242 243
523 242
243 244
243 523
244 245
523 244
245 246
246 247
246 627
247 248
627 247
248 249
248 601
248 627
249 250
601 249
250 251
564 250
601 250
251 252
251 564
252 253
564 252
253 254
253 564
254 255
561 254
564 254
255 256
556 255
255 561
256 257
258 256
256 556
257 258
258 259
546 258
258 556
259 260
546 259
260 261
546 260
260 606
261 262
606 261
262 263
262 567
262 606
263 264
263 567
264 265
567 264
265 266
265 567
266 267
567 266
266 630
267 268
267 630
268 269
268 630
663 268
269 270
663 269
270 271
270 663
271 272
655 271
658 271
660 271
271 662
663 271
272 273
658 272
273 274
273 587
658 273
274 275
274 587
274 588
275 276
275 588
276 277
588 276
277 278
277 585
588 277
278 279
585 278
279 280
279 585
279 617
280 281
617 280
281 282
281 617
282 283
617 282
283 284
617 283
284 285
284 617
285 286
617 285
286 287
286 584
286 617
287 288
287 584
288 289
288 582
584 288
289 290
289 581
582 289
290 291
581 290
291 292
581 291
292 293
580 292
292 581
293 294
293 580
294 295
294 580
295 296
295 580
296 297
296 541
296 580
297 298
297 541
298 299
541 298
618 298
299 300
299 618
300 301
300 590
618 300
301 302
590 301
301 701
302 303
701 302
303 304
303 701
304 305
701 304
702 304
305 306
305 702
306 307
702 306
307 308
648 307
307 702
308 309
308 648
309 310
309 647
309 648
310 311
647 310
311 312
311 647
312 313
647 312
313 314
313 647
314 315
314 646
647 314
315 316
315 646
316 317
316 642
643 316
316 646
317 318
642 317
318 319
318 642
319 320
319 533
642 319
320 321
322 320
320 533
321 322
322 323
322 324
322 533
323 324
324 325
533 324
325 326
533 325
326 327
326 533
327 328
533 327
327 641
328 329
641 328
329 330
641 329
329 657
330 331
330 654
330 657
331 332
654 331
661 331
332 333
332 598
661 332
333 334
333 598
333 624
334 335
624 334
335 336
335 624
336 337
336 551
336 624
337 338
337 551
338 339
539 338
338 551
339 340
539 339
340 341
340 539
341 342
539 341
342 343
342 537
539 342
550 342
343 344
343 537
344 345
344 537
599 344
345 346
345 347
345 560
345 599
346 347
347 348
560 347
348 349
560 348
349 350
349 560
349 604
350 351
565 350
350 604
351 352
353 351
565 351
352 353
353 354
565 353
353 602
354 355
602 354
603 354
355 356
355 603
356 357
356 603
357 358
357 405
357 603
358 359
358 404
358 405
359 360
404 359
360 361
360 362
403 360
404 360
360 543
361 362
362 363
362 543
363 364
543 363
364 365
364 543
364 591
365 366
365 591
366 367
366 566
591 366
367 368
367 566
368 369
566 368
605 368
369 370
605 369
370 371
605 370
371 372
371 385
371 386
605 371
372 373
383 372
372 384
385 372
373 374
373 381
373 382
373 383
374 375
374 381
375 376
375 381
376 377
380 376
381 376
377 378
379 377
377 380
378 379
379 380
380 381
381 382
382 383
383 384
384 385
385 386
386 387
386 605
387 388
387 393
394 387
387 566
387 605
388 389
392 388
393 388
389 390
391 389
389 392
390 391
391 392
392 393
393 394
394 395
394 566
395 396
566 395
396 397
566 396
397 398
566 397
591 397
398 399
398 591
399 400
399 543
399 591
400 401
543 400
401 402
401 403
401 543
402 403
403 404
403 543
404 405
405 406
603 405
406 407
603 406
407 408
407 603
408 409
408 603
409 410
602 409
603 409
410 411
410 565
410 602
411 412
565 411
626 411
412 413
626 412
413 414
413 415
413 600
413 626
414 415
415 416
600 415
416 417
600 416
417 418
417 600
625 417
418 419
625 418
419 420
419 625
420 421
549 420
420 559
420 625
421 422
421 559
422 423
422 559
704 422
706 422
423 424
423 706
424 425
424 706
707 424
425 426
425 707
425 710
426 427
426 710
427 428
710 427
428 429
428 430
428 710
429 430
430 431
710 430
431 432
710 431
431 715
432 433
715 432
433 434
433 715
434 435
434 711
434 715
435 436
579 435
435 692
711 435
436 437
579 436
437 438
437 578
437 579
438 439
540 438
578 438
439 440
439 540
440 441
440 540
700 440
441 442
700 441
442 443
442 700
443 444
443 700
444 445
444 700
735 444
445 446
735 445
446 447
699 446
446 735
447 448
447 699
448 449
448 699
449 450
449 697
699 449
450 451
697 450
734 450
451 452
734 451
452 453
452 734
453 454
734 453
453 754
454 455
754 454
455 456
754 455
456 457
456 754
456 758
457 458
457 758
458 459
458 758
459 460
755 459
459 758
765 459
460 461
460 765
461 462
765 461
462 463
462 759
462 762
765 462
463 464
463 762
464 465
762 464
465 466
465 762
466 467
762 466
466 763
467 468
467 568
763 467
468 469
468 568
469 470
469 568
470 471
470 568
471 472
471 568
472 473
472 568
569 472
473 474
534 473
569 473
474 475
474 534
475 476
534 475
476 477
534 476
476 744
477 478
744 477
478 479
744 478
479 480
744 479
479 745
480 481
480 745
481 482
745 481
481 746
482 483
746 482
483 484
483 669
746 483
484 485
669 484
670 484
485 486
485 670
486 487
488 486
486 670
487 488
488 489
488 670
489 490
489 670
489 749
490 491
749 490
490 750
491 492
491 750
492 493
492 750
493 494
750 493
494 495
494 750
495 496
495 750
496 497
496 750
497 498
747 497
750 497
498 499
498 747
498 748
499 500
748 499
501 527
571 501
501 573
596 501
501 673
675 501
583 502
586 502
502 589
649 502
651 502
656 502
582 503
583 503
584 503
503 585
587 503
588 503
504 535
555 504
556 504
561 504
562 504
563 504
505 607
505 631
505 633
505 718
723 505
726 505
505 738
621 506
506 708
506 716
506 720
506 741
606 507
507 629
507 633
671 507
672 507
530 508
508 536
548 508
508 557
575 508
508 576
611 508
531 509
545 509
509 592
509 593
594 509
509 636
510 537
550 510
558 510
559 510
510 703
704 510
510 705
511 577
694 511
695 511
511 696
697 511
699 511
735 511
696 512
697 512
512 698
512 734
753 512
512 754
513 540
513 578
513 616
513 729
730 513
513 731
514 679
514 688
690 514
727 514
514 728
514 733
568 515
569 515
515 609
515 610
515 760
763 515
516 590
516 645
648 516
516 651
652 516
656 516
516 701
702 516
644 517
645 517
517 649
517 650
654 517
657 517
518 552
518 598
518 620
518 632
722 518
518 725
578 519
579 519
519 690
519 692
519 728
519 729
519 733
643 520
646 520
520 647
648 520
652 520
653 520
521 586
521 587
521 649
650 521
655 521
658 521
522 631
662 522
522 663
664 522
522 723
725 522
570 523
570 524
524 634
525 635
638 525
526 593
595 526
619 526
742 526
743 526
527 571
596 527
527 677
528 541
528 580
581 528
528 582
583 528
589 528
529 706
707 529
529 708
529 711
712 529
713 529
529 716
575 530
576 530
530 612
613 530
594 531
531 636
612 532
532 613
532 615
742 532
532 743
533 641
642 533
569 534
608 534
744 534
555 535
535 563
671 535
557 536
611 536
676 536
537 550
558 537
537 599
539 538
538 551
622 538
538 703
705 538
539 550
551 539
705 539
540 578
616 540
540 700
541 580
541 589
590 541
618 541
542 553
554 542
542 665
667 542
668 542
543 591
669 544
670 544
749 544
544 751
545 592
545 636
637 545
546 555
556 546
546 606
671 546
547 548
557 547
547 596
673 547
676 547
677 547
548 557
548 575
677 548
549 558
549 559
549 560
599 549
600 549
549 625
550 705
552 551
551 622
551 624
552 598
552 620
552 622
624 552
553 667
668 553
554 665
668 554
555 556
671 555
556 561
557 676
558 559
599 558
559 704
560 599
560 600
560 604
561 562
561 564
563 562
562 564
601 564
602 565
604 565
626 565
566 591
605 566
567 606
629 567
567 630
568 569
763 568
569 608
609 569
573 571
571 574
572 573
572 574
674 572
572 675
572 679
572 727
573 574
573 675
574 679
680 574
611 576
612 576
614 576
577 616
694 577
700 577
577 731
577 735
579 578
578 729
692 579
581 580
582 581
583 582
582 584
586 583
583 587
583 589
584 585
617 584
588 585
617 585
587 586
586 649
587 588
587 658
589 590
656 589
590 618
656 590
590 701
593 592
593 594
595 593
619 593
594 619
595 742
673 596
596 677
620 597
621 597
597 622
597 703
708 597
709 597
598 624
632 598
598 661
604 600
600 625
626 600
601 627
603 602
604 626
606 629
606 671
629 607
607 630
607 631
633 607
664 607
609 608
610 609
760 610
610 761
613 612
614 612
612 615
614 615
700 616
616 731
743 619
621 620
622 620
722 620
620 741
621 708
741 621
622 703
632 623
660 623
623 661
662 623
623 725
628 633
628 672
736 628
737 628
628 738
630 629
629 633
630 663
630 664
664 631
631 723
661 632
632 725
672 633
738 633
635 636
637 635
636 637
638 639
640 641
642 640
643 640
644 640
640 657
641 642
657 641
642 643
644 643
643 646
643 653
644 645
653 644
657 644
649 645
645 651
645 652
645 653
646 647
647 648
648 652
648 702
649 650
649 651
654 650
650 655
659 650
651 656
652 653
657 654
654 659
661 654
658 655
659 655
655 660
661 655
661 659
661 660
662 660
662 663
725 662
664 663
665 666
667 665
667 666
670 669
746 669
749 670
671 672
672 737
675 673
676 673
674 675
727 674
730 674
732 674
675 732
678 679
680 678
682 678
678 683
678 688
680 679
688 679
727 679
683 680
682 681
687 681
681 689
681 717
724 681
736 681
683 682
686 682
682 687
682 688
682 689
683 686
684 686
687 684
684 736
684 737
684 739
684 740
685 688
689 685
690 685
685 693
685 714
685 717
686 687
740 686
687 736
688 689
688 690
717 689
690 692
693 690
733 690
691 692
693 691
691 712
691 713
691 714
692 693
692 711
692 712
693 714
694 695
694 731
695 696
697 696
696 698
699 697
734 697
698 753
735 699
735 700
702 701
704 703
705 703
703 709
706 704
709 704
707 706
708 706
706 709
707 710
707 711
715 707
708 709
708 716
715 710
711 712
715 711
712 713
714 713
716 713
720 713
717 714
714 720
720 716
717 719
720 717
724 717
719 718
724 718
718 726
718 736
738 718
719 720
724 719
726 719
719 741
741 720
721 722
721 723
725 721
726 721
721 741
725 722
741 722
723 725
723 726
736 724
726 741
728 727
730 727
728 729
728 730
733 728
730 729
730 731
730 732
731 732
754 734
736 737
736 738
737 739
739 740
743 742
744 745
745 746
747 748
749 747
747 750
747 751
751 748
749 750
749 751
752 753
752 754
756 752
757 752
752 758
753 754
757 753
758 754
756 755
755 758
755 764
765 755
756 757
756 758
760 759
761 759
759 762
759 764
759 765
760 761
760 762
763 760
764 761
763 762
764 765
