777
192 493
188 489
188 484
188 479
192 475
194 470
192 465
193 460
195 455
194 450
192 445
191 441
189 437
188 432
187 427
189 422
191 418
192 413
193 408
194 403
195 398
195 393
196 388
196 383
196 378
196 373
195 368
195 363
194 358
194 353
194 348
194 343
194 338
194 333
194 328
194 323
195 318
196 313
196 308
197 304
198 299
198 294
197 289
193 287
192 282
192 277
192 272
191 267
191 262
191 257
191 252
191 247
192 242
192 237
192 232
192 227
193 222
193 217
193 212
193 207
189 203
184 203
179 203
174 203
169 203
164 203
159 204
159 199
154 199
149 199
144 199
140 201
135 203
130 204
125 204
120 204
115 204
110 204
105 204
100 203
95 203
90 204
85 205
81 208
76 210
74 215
71 219
67 221
62 222
59 219
55 221
50 223
45 223
44 220
44 215
47 211
43 210
39 212
36 217
33 219
29 221
25 217
20 215
23 209
27 205
31 200
36 199
41 197
45 194
50 192
55 191
60 190
65 189
70 189
74 187
79 184
82 181
86 178
90 176
92 172
98 171
101 167
106 166
111 165
115 162
120 164
124 164
128 162
133 160
138 160
143 158
146 154
149 151
153 149
158 148
163 145
168 144
172 141
177 139
181 136
186 134
191 132
196 130
200 128
205 126
210 125
214 122
219 120
224 118
228 115
232 114
232 109
231 104
229 100
229 96
228 92
225 88
220 85
220 80
221 76
225 73
228 70
228 65
228 60
230 56
230 51
233 46
236 41
238 38
243 36
247 35
251 32
256 31
261 31
266 32
270 35
274 38
278 41
281 46
284 50
285 55
286 60
286 65
286 70
288 73
293 75
294 80
292 85
289 89
285 92
285 97
284 102
282 106
282 111
284 115
288 118
293 119
298 122
302 124
305 126
310 127
314 131
319 132
324 134
329 136
333 138
338 141
342 144
347 145
352 147
357 149
361 152
365 155
368 157
373 158
378 161
383 162
388 162
393 162
398 162
402 164
407 167
411 169
416 172
421 172
426 173
431 174
435 177
439 180
442 184
447 185
451 188
456 191
460 191
464 193
468 196
473 199
477 203
481 206
485 210
489 214
487 218
482 219
477 216
473 212
468 211
467 216
462 216
457 216
452 215
447 216
442 214
438 212
436 208
432 207
428 207
424 208
421 208
417 208
414 204
409 203
404 203
399 203
394 203
389 202
384 203
379 202
375 199
370 197
365 197
360 197
355 198
352 202
347 202
342 202
337 201
333 199
329 199
324 198
319 199
318 204
317 209
317 214
318 219
318 224
318 229
318 234
318 239
318 244
318 249
317 254
317 259
316 264
314 268
314 273
313 278
313 283
313 288
312 293
309 298
309 303
309 308
309 313
309 318
310 323
310 328
310 333
309 338
309 343
310 348
310 353
310 358
310 363
310 368
310 373
310 378
310 383
310 388
310 393
311 398
311 403
311 408
311 413
311 418
311 423
311 428
311 433
311 438
311 443
311 448
311 453
312 458
313 463
311 467
310 472
313 476
317 478
319 482
321 483
321 489
318 491
313 491
308 491
303 491
298 491
293 491
288 490
283 490
278 489
274 486
275 481
271 477
270 472
266 468
264 463
262 458
263 453
265 448
264 444
262 439
261 434
261 429
262 424
263 419
264 414
264 409
265 404
266 399
266 394
265 390
263 385
262 380
262 375
260 370
258 366
258 361
257 356
255 351
253 350
252 353
250 358
248 363
247 367
246 372
245 376
242 380
241 385
240 390
239 395
237 400
238 405
239 410
240 415
241 420
242 425
241 430
239 435
237 440
235 444
234 449
232 454
235 459
239 463
237 468
234 472
230 475
230 480
231 485
230 490
225 491
221 493
216 493
212 492
207 491
202 491
198 493
193 493
256.5 87
221.5 358.5
257.786 125.607
316.407 166.186
148.173 178.182
128.553 183.767
202.44 167.85
254.976 209.5
213.38 439.348
215.73 409.946
218.159 385.5
230.36 322.472
352.973 174.866
379.46 180.6
283.433 353.313
285.95 377.81
270.429 315.5
285.96 431.5
288 406
289.312 459.938
190.578 152.694
223.937 209.5
285.453 194.891
282.698 231.5
277.4 280.5
236.716 259.5
225.51 285.898
214.14 264.972
102.308 186.793
448.068 201.932
244.357 96.4107
250.523 65.2829
231.32 369.66
284.649 153.489
215.155 310.573
272.342 362.535
300.857 461.317
239.291 62.7869
247.954 50.3351
423.839 189.986
230.136 150.645
236.294 132.588
202.788 428.429
224.376 425
282.696 470.836
276.084 456.742
294.728 286.491
267.006 57.6085
286.689 135.779
260.335 44.6206
159.01 165.02
206.81 277.871
59.9474 204.579
213.216 463.748
291.282 255.81
437.314 195.578
459.383 203.5
241.356 79.9988
237.087 71.7811
261.626 106.154
235.55 356.037
217.708 371.737
269.562 347.911
284.273 365.605
296.195 358.615
239.078 53.3995
202.151 439.644
208.082 451.513
220.367 449.627
213.835 428.309
208.204 418.449
204.506 407.594
212.525 397.284
225.052 396.035
207.162 387.481
296.215 474.545
277.985 442.933
256.491 56.5624
270.184 47.7692
171.563 182.013
167.532 192.171
159.383 183.058
156.617 174.092
150.341 188.521
139.615 185.374
135.782 172.879
132.857 193.021
202.657 266.978
218.656 276.07
226.446 266.433
50.583 201.961
428.465 197.871
432.886 187.219
231.466 80.5
247.112 87.4265
255.039 97.6541
238.497 364.42
225.568 340.397
208.449 361.923
265.992 356.166
283.718 332.073
294.66 344.298
226.827 407.303
207.212 376.111
287.498 479.823
273.382 431.224
279.96 418.188
293.219 445.061
301.106 451.278
145.109 168.213
227.303 350.295
211.439 346.731
279.602 342.64
301.081 350.851
230.126 416.779
271.651 422.174
276.322 407.043
284.657 450.764
298.401 433.563
203.895 353.137
211.895 328.822
294.748 419.198
215.958 337.886
299.369 408.511
296.378 395.062
301.959 425.012
281.451 392.307
290.138 387.056
297.975 377.936
274.749 382.28
276.247 372.078
294.015 368.558
300.753 386.833
90.1147 191.046
80.4517 195.418
70.3018 200.228
229.498 381.534
225.193 437.013
280.589 299.33
264.233 73.1906
253.373 76.1794
274.308 66.9458
276.052 81.0099
266.054 83.2803
302.654 146.589
268.045 142.604
212.139 291.252
223.169 299.426
250.305 297.155
227.234 310.803
236.957 300.915
240.134 286.621
238.397 273.064
228.791 276.306
248.473 316.227
237.663 314.262
232.517 292.428
258.093 279.458
245.687 306.335
259.342 307.452
250.579 286.713
252.068 264.483
265.237 293.164
270.238 304.103
267.571 283.233
224.81 464.597
290.224 271.463
287.066 280.599
301.328 264.351
303.878 251.173
301.159 276.311
293.157 241.477
299.605 224.247
305.424 238.689
292.7 231.485
308.136 229.203
304.118 480.912
242.721 335.38
237.109 345.005
241.379 324.536
296.903 331.281
289.311 315.017
289.889 324.651
279.225 322.06
265.282 331.58
253.176 328.582
259.557 319.08
256.94 339.322
206.617 318.464
219.445 320.755
223.544 330.253
291.853 145.346
298.383 135.643
279.082 143.875
208.666 301.69
248.82 274.49
252.524 236.939
268.47 266.583
280.708 262.958
276.508 271.249
269.328 247.011
272.27 256.945
260.093 255.15
259.209 244.839
267.1 231.384
247.238 251.058
281.103 243.643
281.896 253.321
255.708 223.394
275.039 212.685
226.161 235.565
223.519 251.025
239.457 217.285
274.957 223.685
265.414 218.113
287.411 218.277
239.148 239.98
209.435 240.662
206.286 253.882
248.919 216.786
244.719 227.958
233.441 226.884
219.955 222.967
285.2 206.687
301.255 201.131
233.98 249.248
219.077 242.31
201.049 245.65
215.445 255.722
208.593 212.284
297.797 212.501
307.101 209.12
206.349 226.054
212.316 189.126
308.058 219.015
201.891 218.26
214.827 231.894
201.587 234.69
214.536 201.361
203.279 202.315
275.198 290.558
279.737 310.072
294.72 301.742
288.751 294.113
300.353 294.119
298.865 311.17
259.682 270.119
239.457 197.924
226.618 196.903
234.877 174.268
233.886 186.731
222.954 186.602
214.614 175.13
216.063 158.886
224.821 176.477
211.416 166.658
300.456 180.027
234.601 207.604
244.957 206.741
228.12 163.337
203.575 154.742
198.817 142.668
308.952 190.272
312.948 178.312
333.038 177.486
319.981 187.31
322.857 174.582
330.889 188.218
344.205 185.303
355.808 186.148
366.262 177.525
371.083 186.696
361.5 166.786
348.011 161.089
332.073 161.57
371.468 168.792
342.315 170.923
339.832 154.364
296.219 190.754
215.651 142.046
211.894 150.563
320.176 150.086
330.749 148.801
207.007 136.225
226.966 139.485
219.247 131.659
228.046 127.065
322.863 159.206
309.853 156.161
303.525 167.452
286.982 170.076
286.88 182.524
262.437 185.97
253.298 196.02
275.107 187.431
248.034 181.585
273.868 200.055
270.519 171.552
265.627 207.188
279.237 176.237
245.513 190.682
263.89 196.471
258.179 174.109
261.229 157.767
272.646 154.022
244.69 160.648
279.046 162.734
235.764 158.045
247.959 170.861
312.686 141.967
293.965 160.636
244.427 145.44
248.573 133.817
243.645 121.1
248.319 108.88
259.131 136.39
251.864 152.918
256.559 115.259
269.879 116.71
270.378 129.757
271.818 106.69
267.303 95.3874
275.551 90.5557
280.879 126.412
115.975 189.997
116.869 176.825
123.817 194.853
107.658 194.724
126.051 173.535
106.424 177.186
407.553 186.383
417.007 182.263
414.443 193.85
215.67 478.006
205.416 472.431
203.006 462.422
200.113 481.054
177.108 164.784
168.144 171.406
167.948 156.41
179.079 153.432
189.878 165.463
192.803 184.31
182.906 176.157
194.694 174.366
203.905 181.268
200.798 191.709
181.408 190.336
392.674 187.536
394.879 174.794
382.401 191.053
400.606 193.317
404.696 176.783
385.034 172.024
449.778 197.333
267.664 312.889
280.464 382.222
215.628 401.778
112.889 190.622
300.444 165.448
777
188.887 491.846
191.281 489.923
194.715 487.165
195.361 486.646
202.253 481.123
210.023 474.551
211.121 470.216
211.478 469.175
211.424 459.136
211.316 444.337
211.135 434.085
209.032 432.274
207.448 431.315
206.121 431.122
205.787 431.167
206.517 430.965
211.998 428.377
215.574 422.677
216.201 416.768
216.418 410.224
216.327 406.447
216.093 396.383
215.958 390.126
215.733 383.455
215.532 377.584
214.956 371.064
214.677 368.305
213.752 360.489
213.399 356.852
213.208 354.68
213.855 350.395
214.213 347.83
215.737 339.122
216.37 333.962
216.363 329.79
216.569 327.044
217.188 324.337
218.732 319.28
220.179 314.578
221.045 311.956
223.541 303.52
223.509 288.195
214.618 276.333
200.596 276.667
203.042 276.556
206.153 275.562
211.029 269.625
209.95 265.199
209.568 261.632
209.39 259.417
208.348 252.672
207.686 249.349
208.678 242.698
209.09 240.151
209.908 236.423
211.896 233.228
215.25 228.232
218.836 220.051
225.04 207.433
223.4 181.696
200.654 161.837
179.956 164.448
168.966 167.375
163.665 169.905
160.225 174.71
160.044 177.742
160.523 194.756
165.366 180.702
153.688 174.942
146.231 177.624
135.731 182.47
128.57 185.084
124.996 186.402
124.13 186.456
122.481 186.457
118.701 186.262
114.006 186.041
109.394 185.893
106.155 185.871
101.153 186.178
94.6945 187.702
87.2857 190.589
79.6354 194.45
71.9278 198.623
62.6946 203.644
62.0793 209.722
63.0363 211.858
61.8653 209.38
63.2534 212.337
61.1318 207.878
55.3343 207.798
48.6784 216.955
44.1238 223.234
46.2742 220.269
51.4193 213.177
39.5205 210.527
48.1039 201.929
29.5139 210.462
27.7678 213.62
28.9471 216.61
29.2879 217.397
24.9154 215.427
21.2709 215.395
27.926 213.357
30.3979 208.734
33.1343 205.155
36.7767 203.831
44.353 200.678
49.4872 202.211
53.2109 203.327
56.8593 204.329
60.9519 204.641
63.5365 203.194
69.0994 200.155
77.1983 195.759
85.8436 191.307
90.0679 189.136
93.5929 187.964
96.1798 187.362
99.5851 186.594
104.483 185.607
107.097 185.672
108.37 185.743
112.873 185.743
112.749 185.611
115.111 186.047
122.555 186.275
129.887 184.343
134.654 182.938
141.973 179.54
154.323 173.5
158.365 169.986
158.093 169.797
158.308 169.769
161.806 169.188
167.682 166.535
174.534 163.425
181.348 160.257
187.014 157.374
191.331 154.937
195.142 152.824
199.879 150.155
205.021 146.363
206.111 145.54
208.71 144.839
214.934 143.961
219.999 142.978
226.015 142.291
236.418 140.726
244.99 135.609
254.583 129.782
258.715 107.274
259.025 90.1469
258.584 82.8925
257.695 79.4489
255.886 72.2787
240.966 75.5396
218.833 80.9937
221.137 80.4262
222.573 80.0726
239.452 75.9237
254.104 70.0786
255.322 60.8951
254.088 56.1336
253.34 53.9875
252.527 51.8334
251.892 50.1935
251.245 49.053
247.863 46.0306
249.87 47.5548
256.297 48.8452
258.986 46.2643
260.145 43.8662
260.655 42.5731
260.422 43.2135
260.292 44.8985
261.018 47.1642
261.25 47.6244
261.168 48.9874
261.01 50.0737
260.62 51.0311
259.968 55.9176
259.455 61.7141
261.026 70.9887
285.424 78.1669
295.87 80.1022
294.672 79.8803
278.466 76.876
275.285 76.2832
262.18 74.4338
260.498 83.7643
259.961 89.6795
259.307 96.8494
258.345 116.331
264.962 131.086
275.667 141.333
283.372 145.218
291.634 145.066
297.382 144.722
298.16 144.948
300.697 146.485
303.356 147.625
313.86 151.147
319.649 152.494
324.917 153.547
325.976 153.92
329.386 156.017
335.969 159.958
342.186 163.542
346.395 165.965
349.218 167.578
353.728 170.298
355.713 171.445
360.095 173.65
366.19 175.406
379.828 178.618
384.48 179.6
391.323 180.505
394.665 180.665
394.806 180.246
394.768 180.381
398.287 181.849
403.008 183.469
414.238 186.729
422.737 189.243
425.857 190.2
426.969 190.433
427.26 190.6
428.034 191.213
433.682 194.218
440.429 197.546
443.245 198.91
454.629 203.228
459.489 204.202
460.514 204.385
463.424 204.928
471.577 207.836
474.594 206.985
478.431 209.745
485.147 215.536
486.634 216.837
486.339 216.58
484.663 215.102
480.967 211.929
478.052 209.566
464.993 205.284
464.873 206.9
464.922 205.347
460.468 204.404
452.703 202.836
451.072 202.529
450.37 202.366
448.791 201.595
446.405 200.424
433.759 194.318
427.754 193.056
426.091 194.275
425.759 194.97
425.678 195.484
425.092 190.465
414.507 186.843
405.621 184.282
399.275 182.464
394.88 181.226
390.32 181.081
388.247 183.244
388.222 183.321
387.515 180.737
378.249 178.49
367.355 175.66
357.643 173.062
350.207 174.55
350.259 187.256
350.2 183.986
350.032 178.953
349.92 177.235
348.797 170.305
343.275 166.138
327.511 161.275
297.9 162.987
287.354 185.052
288.608 206.38
294.772 218.42
298.78 225.051
299.919 227.42
300.776 230.368
300.243 234.442
299.73 238.993
299.269 245.387
299.08 247.301
298.391 251.666
297.503 257.1
297.117 258.608
295.094 263.263
293.938 270.553
293.061 278.087
293.537 283.585
293.793 286.895
293.393 287.843
290.317 293.366
286.707 303.228
286.829 310.139
286.92 315.913
286.99 321.607
288.041 327.844
288.324 329.478
288.337 332.01
288.715 337.305
289.957 345.187
291.566 351.586
292.046 354.072
292.4 357.682
292.394 362.895
292.359 368.678
291.868 374.463
291.386 379.904
291.571 384.327
291.686 388.801
291.523 394.64
290.98 399.797
290.701 401.934
289.816 408.81
288.784 413.813
287.698 418.812
287.003 423.238
286.335 427.313
285.551 431.992
285.435 438.273
285.496 441.533
286.367 451.735
287.528 459.967
288.822 466.399
289.522 467.525
289.699 468.217
293.775 477.087
308.906 483.58
314.827 485.921
320.031 487.918
319.758 487.797
320.631 488.143
320.547 488.114
317.677 487.022
308.141 483.312
301.227 480.653
296.589 478.556
292.879 476.807
289.615 477.63
283.826 483.556
282.22 485.203
277.432 490.109
281.113 486.337
289.544 473.152
288.63 466.164
285.904 459.726
283.264 459.729
282.94 459.884
283.678 459.482
285.79 451.241
285.042 436.843
284.737 433.243
283.952 430.697
283.956 430.465
284.678 429.179
285.722 425.647
287.679 417.69
288.227 415.45
289.315 410.932
290.444 402.175
291.702 391.972
291.447 385.729
291.225 380.699
291.53 377.573
292.187 368.924
292.573 363.374
293.201 361.117
291.185 355.681
283.557 341.945
270.695 325.295
245.262 318.527
230.224 328.635
219.868 344.834
215.237 362.224
215.584 366.159
215.988 369.11
215.995 369.348
215.495 371.707
215.656 378.833
215.89 388.392
215.962 391.3
216.234 401.92
216.591 414.046
217.545 419.088
219.192 422.156
220.633 422.776
220.69 423.163
220.455 423.383
217.617 424.225
214.708 427.692
212.367 434.014
211.792 443.012
211.581 458.439
221.527 467.598
241.013 466.565
232.28 467.028
221.994 467.57
211.405 471.05
215.884 479.887
224.074 488.455
230.378 494.403
221.057 485.173
219.548 483.968
218.325 482.349
213.805 477.524
207.295 477.053
200.485 482.53
193.631 488.035
191.911 489.417
258.441 77.2373
214.103 357.139
257.881 128.762
318.888 156.614
147.37 177.045
125.079 186.201
197.369 159.354
247.882 207.092
211.473 435.18
216.753 415.876
215.965 391.159
227.913 319.66
355.156 171.627
384.173 179.641
291.28 353.38
291.658 378.33
277.159 311.637
285.215 431.938
286.222 466.667
288.516 465.453
190.264 155.7
237.849 207.379
281.666 183.886
293.81 241.625
281.111 282.077
226.027 251.033
227.453 285.472
212.793 266.115
107.296 186.05
451.559 202.595
259.207 82.9887
257.498 48.9634
215.638 368.65
283.789 147.089
222.302 313.73
291.954 358.524
289.216 467.301
254.952 59.0288
252.073 49.5142
425.659 190.3
229.564 145.979
242.049 139.124
211.605 429.14
217.999 423.038
296.613 479.786
284.804 459.2
292.223 287.477
258.524 52.9135
282.541 145.242
260.387 45.0507
159.649 169.914
210.265 275.272
60.4593 204.89
211.695 468.01
291.849 255.693
459.9 204.277
459.921 204.287
255.614 71.4683
257.189 67.1655
258.904 101.8
217.511 346.791
224 307.556
289.42 350.821
292.338 367.285
292.099 355.649
253.062 52.9528
211.22 434.118
211.333 452.468
208.889 463.111
213.189 428.015
215.561 422.866
216.343 415.283
216.174 399.993
217.229 415.387
215.835 386.395
291.616 476.899
285.548 436.557
257.197 53.4093
260.98 47.9273
165.409 168.81
160.518 171.449
155.612 173.47
155.217 173.387
154.002 174.119
135.203 182.7
133.156 184.818
125.445 186.225
210.741 267.614
220.038 274.68
214.818 267.193
52.3542 203.048
442.951 198.112
426.656 190.616
231.738 77.8173
257.862 76.6801
260.064 86.524
215.391 364.757
220.228 330.002
213.5 356.694
286.678 346.951
286.469 330.078
289.245 341.061
217.056 416.462
215.486 376.681
290.183 477.041
284.824 431.621
286.896 423.106
285.596 444.585
286.787 454.88
148.535 176.465
216.334 347.55
214.409 347.802
286.126 337.981
291.831 353.065
219.64 422.513
285.428 428.48
289.285 411.129
286.05 453.196
285.333 432.339
213.356 354.535
216.725 331.924
287.513 419.601
216.35 338.457
289.728 409.285
291.091 398.606
286.589 425.744
291.642 383.487
291.678 388.308
291.392 379.76
291.249 380.949
292.077 371.314
292.37 365.961
291.685 387.802
92.7197 188.263
83.5211 192.817
63.4833 203.214
215.572 375.202
209.769 431.65
281.644 300.293
258.984 63.5887
257.581 69.0394
259.695 59.1459
256 69.3333
260.236 74.5217
302.457 149.199
266.56 138.108
225.619 286.876
229.504 292.711
0 0
231.892 311.11
236.585 300.464
238.455 280.459
237.13 273.735
223.976 275.517
233.189 303.405
235.792 311.183
232.915 292.776
260.379 280.685
245.356 304.103
283.675 335.142
251.399 287.319
251.091 270.435
268.412 293.701
273.243 303.783
274.074 290.501
211.568 468.784
288.073 277.542
284.51 281.95
297.354 254.087
298.566 248.167
293.371 274.017
296.491 240.195
298.114 227.546
299.254 238.89
293.146 231.692
300.21 231.695
303.376 481.394
234.414 318.995
226.827 331.139
237.597 316.163
288.011 329.831
285.887 314.505
286.362 323.526
285.602 324.178
271.007 320.673
254.754 315.57
262.355 312.556
268.216 321.486
217.127 325.339
220.602 319.381
218.938 330.455
291.03 147.559
298.734 146.383
279.685 145.348
222.085 311.686
249.198 275.494
253.364 235.535
282.412 281.87
284.673 263.987
282.713 268.358
267.279 245.735
276.728 257.767
262.66 255.666
261.395 244.441
269.716 229.503
261.045 249.562
284.942 243.65
292.13 251.641
252.079 229.1
278.562 203.798
224.979 235.404
219.038 247.415
244.884 212.398
277.026 221.042
256 258.667
287.112 211.986
231.377 237.298
209.489 242.763
209.375 256.509
249.585 212.125
244.729 225.344
217.526 253.13
224.306 221.423
281.646 199.943
284.092 185.337
231.437 249.376
217.355 243.266
207.996 248.478
212.387 261.224
222.059 213.766
288.488 208.12
288.525 206.212
212.381 237.53
228.075 179.739
296.304 221.19
218.917 220
216.931 233.5
209.3 239.98
226.011 187.22
227.826 185.123
278.337 291.85
280.668 310.453
286.529 302.884
281.444 292.171
292.171 289.744
286.793 312.464
256.224 273.236
248.635 186.605
230.915 185.824
229.635 164.693
234.877 176.043
225.372 173.421
200.889 167.111
212.465 150.875
224.764 164.962
209.883 157.038
297.163 162.548
237.008 200.583
245.893 200.012
229.989 157.275
209.646 148.023
200.963 149.786
298.069 163.637
315.896 158.001
339.5 163.521
312.724 152.644
326.299 159.637
340.482 163.354
349.95 178.17
376.889 177.778
368.093 175.976
370.148 176.453
356.564 171.858
346.503 166.513
336.875 160.945
368.404 176.038
345.692 166.46
339.705 162.142
289.276 174.801
212.037 145.069
210.621 149.053
320.152 152.948
326.82 154.629
206.793 145.727
229.038 143.844
219.159 143.323
242.097 137.794
324.669 154.552
302.873 148.471
304.291 156.525
283.219 162.772
287.16 172.293
261.041 184.969
253.881 187.82
282.497 180.087
249.693 163.376
281.595 193.07
287.887 160.889
266.541 200.893
279.256 165.746
246.04 181.569
264.394 188.354
258.348 165.283
282.027 155.254
275.893 152.492
246.127 157.971
279.477 155.402
235.203 151.927
247.791 162.197
312.011 150.789
298.728 159.097
256 160
252.219 135.892
261.489 134.016
258.98 96.6382
255.51 136.387
252.149 148.062
258.028 116.389
258.138 117.799
266.821 134.339
259.094 99.3337
260.07 86.4003
260.369 85.2216
273.3 140.126
111.023 185.918
113.903 185.889
120.845 186.348
108.032 185.87
122.439 186.289
107.806 185.724
408.535 185.069
419.424 188.234
424.466 192.301
209.181 479.475
209.939 474.752
211.318 469.512
195.056 486.892
173.105 164.367
162.342 169.31
171.262 164.927
181.506 160.302
187.666 157.778
193.735 160.982
178.636 163.344
193.526 160.263
205.792 163.495
207.167 165.33
182.366 161.136
394.614 180.667
394.617 180.818
421.351 190.548
410.144 185.573
408.974 185.201
384.727 179.517
452.444 198.222
284.444 307.556
284.444 380.444
216 381.333
120.889 188.444
304.889 165.333
1904
0 0
0 0
0 0
0 0
0 0
0 0
0 0
0 0
0 0
0 0
0 0
0 0
0 0
0 0
0 0
0 0
0 0
0 0
0 0
0 0
0 0
0 0
0 0
0 0
0 0
0 0
0 0
0 0
0 0
0 0
0 0
0 0
0 0
0 0
0 0
0 0
0 0
0 0
0 0
0 0
0 0
0 0
0 0
0 0
0 0
0 0
0 0
0 0
0 0
0 0
0 0
0 0
0 0
0 0
0 0
0 0
0 0
0 0
0 0
0 0
0 0
0 0
0 0
0 0
0 0
0 0
0 0
0 0
0 0
0 0
0 0
0 0
0 0
0 0
0 0
0 0
0 0
0 0
0 0
0 0
0 0
0 0
0 0
0 0
0 0
0 0
0 0
0 0
0 0
0 0
0 0
0 0
0 0
0 0
0 0
0 0
0 0
0 0
478 631
0 0
0 0
0 0
0 0
0 0
0 0
0 0
0 0
0 0
0 0
0 0
0 0
0 0
0 0
0 0
0 0
0 0
0 0
0 0
0 0
0 0
0 0
0 0
0 0
0 0
0 0
0 0
0 0
0 0
0 0
0 0
0 0
0 0
0 0
0 0
0 0
0 0
0 0
0 0
0 0
0 0
0 0
0 0
631 728
0 0
0 0
0 0
728 669
0 0
0 0
0 0
0 0
0 0
0 0
0 0
0 0
0 0
0 0
0 0
0 0
0 0
0 0
0 0
0 0
0 0
0 0
0 0
0 0
0 0
0 0
0 0
0 0
0 0
0 0
0 0
0 0
0 0
0 0
0 0
0 0
0 0
0 0
0 0
0 0
0 0
0 0
0 0
0 0
0 0
0 0
0 0
0 0
0 0
0 0
0 0
0 0
0 0
0 0
0 0
0 0
0 0
0 0
0 0
0 0
0 0
0 0
0 0
0 0
0 0
0 0
0 0
0 0
0 0
0 0
0 0
0 0
0 0
0 0
0 0
0 0
0 0
0 0
0 0
0 0
0 0
0 0
0 0
0 0
0 0
0 0
0 0
0 0
0 0
0 0
0 0
0 0
0 0
0 0
0 0
0 0
0 0
0 0
0 0
0 0
0 0
0 0
0 0
0 0
0 0
0 0
0 0
0 0
0 0
0 0
0 0
0 0
0 0
0 0
0 0
0 0
0 0
0 0
0 0
0 0
0 0
0 0
0 0
0 0
0 0
0 0
0 0
0 0
0 0
0 0
0 0
0 0
0 0
0 0
0 0
0 0
0 0
0 0
0 0
0 0
0 0
0 0
0 0
0 0
0 0
0 0
0 0
0 0
0 0
0 0
0 0
0 0
0 0
0 0
0 0
0 0
0 0
0 0
0 0
0 0
0 0
0 0
0 0
0 0
0 0
0 0
0 0
0 0
0 0
0 0
0 0
0 0
0 0
0 0
0 0
0 0
0 0
0 0
0 0
0 0
0 0
0 0
0 0
0 0
0 0
0 0
0 0
0 0
0 0
0 0
0 0
0 0
0 0
0 0
0 0
0 0
0 0
0 0
0 0
0 0
0 0
0 0
0 0
0 0
0 0
0 0
0 0
0 0
0 0
0 0
0 0
0 0
0 0
0 0
0 0
0 0
0 0
0 0
0 0
0 0
728 559
0 0
0 0
0 0
0 0
0 0
0 0
0 0
0 0
0 0
0 0
0 0
0 0
0 0
0 0
0 0
0 0
0 0
0 0
0 0
0 0
0 0
0 0
0 0
0 0
0 0
0 0
0 0
0 0
0 0
0 0
0 0
0 0
0 0
0 0
0 0
0 0
0 0
0 0
0 0
0 0
0 0
0 0
0 0
0 0
0 0
0 0
0 0
0 0
0 0
0 0
0 0
0 0
0 0
0 0
0 0
0 0
0 0
0 0
0 0
0 0
0 0
0 0
0 0
0 0
0 0
0 0
0 0
0 0
0 0
0 0
0 0
0 0
0 0
0 0
0 0
0 0
0 0
0 0
0 0
0 0
0 0
0 0
0 0
0 0
0 0
0 0
0 0
0 0
0 0
0 0
0 0
0 0
0 0
0 0
0 0
0 0
0 0
0 0
0 0
0 0
0 0
0 0
0 0
0 0
0 0
0 0
0 0
0 0
0 0
0 0
0 0
0 0
0 0
0 0
0 0
0 0
0 0
0 0
0 0
0 0
0 0
0 0
0 0
0 0
0 0
0 0
0 0
0 0
0 0
0 0
0 0
0 0
0 0
0 0
0 0
0 0
0 0
0 0
0 0
0 0
0 0
0 0
0 0
0 0
0 0
0 0
0 0
0 0
0 0
0 0
0 0
0 0
0 0
0 0
0 0
0 0
0 0
0 0
0 0
0 0
0 0
0 0
0 0
0 0
0 0
0 0
0 0
0 0
0 0
0 0
0 0
0 0
0 0
0 0
0 0
0 0
0 0
0 0
0 0
0 0
0 0
0 0
0 0
0 0
0 0
0 0
0 0
0 0
0 0
0 0
0 0
0 0
0 0
0 0
0 0
0 0
0 0
0 0
0 0
0 0
0 0
0 0
0 0
0 0
0 0
0 0
0 0
0 0
0 0
0 0
0 0
0 0
0 0
0 0
0 0
0 0
0 0
0 0
0 0
0 0
0 0
0 0
0 0
0 0
0 0
0 0
0 0
0 0
0 0
0 0
0 0
0 0
0 0
0 0
0 0
0 0
0 0
0 0
0 0
0 0
0 0
0 0
0 0
0 0
0 0
0 0
0 0
0 0
0 0
0 0
0 0
0 0
0 0
0 0
0 0
0 0
0 0
0 0
0 0
0 0
0 0
0 0
0 0
0 0
0 0
0 0
0 0
0 0
0 0
0 0
0 0
0 0
0 0
0 0
0 0
0 0
0 0
0 0
0 0
0 0
0 0
0 0
0 0
0 0
0 0
0 0
0 0
0 0
0 0
0 0
0 0
0 0
0 0
0 0
0 0
0 0
0 0
0 0
0 0
0 0
0 0
0 0
0 0
0 0
0 0
0 0
0 0
0 0
0 0
0 0
0 0
0 0
0 0
0 0
0 0
0 0
0 0
0 0
0 0
0 0
0 0
0 0
0 0
0 0
0 0
0 0
0 0
0 0
0 0
0 0
0 0
0 0
0 0
0 0
0 0
0 0
0 0
0 0
0 0
0 0
0 0
0 0
0 0
0 0
0 0
0 0
0 0
0 0
0 0
0 0
0 0
0 0
0 0
0 0
0 0
0 0
0 0
0 0
0 0
0 0
0 0
0 0
0 0
0 0
0 0
0 0
0 0
0 0
0 0
0 0
0 0
0 0
0 0
0 0
0 0
0 0
0 0
0 0
0 0
0 0
0 0
0 0
0 0
0 0
0 0
0 0
0 0
0 0
0 0
0 0
0 0
0 0
0 0
0 0
0 0
0 0
0 0
0 0
0 0
0 0
0 0
0 0
0 0
0 0
0 0
0 0
0 0
0 0
0 0
0 0
0 0
0 0
0 0
0 0
0 0
0 0
0 0
0 0
0 0
0 0
0 0
0 0
0 0
0 0
0 0
0 0
0 0
0 0
0 0
0 0
0 0
0 0
0 0
0 0
0 0
0 0
0 0
0 0
0 0
0 0
0 0
0 0
0 0
0 0
0 0
0 0
0 0
0 0
0 0
0 0
0 0
0 0
0 0
0 0
0 0
0 0
0 0
0 0
0 0
0 0
0 0
0 0
0 0
0 0
0 0
0 0
0 0
0 0
0 0
0 0
0 0
0 0
0 0
0 0
0 0
0 0
0 0
0 0
0 0
0 0
0 0
0 0
0 0
0 0
0 0
0 0
0 0
0 0
0 0
0 0
0 0
0 0
0 0
0 0
0 0
0 0
0 0
0 0
0 0
0 0
0 0
0 0
0 0
0 0
0 0
0 0
0 0
0 0
0 0
0 0
0 0
0 0
0 0
0 0
0 0
0 0
0 0
0 0
0 0
0 0
0 0
0 0
0 0
0 0
0 0
0 0
0 0
0 0
0 0
0 0
0 0
0 0
0 0
0 0
0 0
0 0
0 0
0 0
0 0
0 0
0 0
0 0
0 0
0 0
0 0
0 0
0 0
0 0
0 0
0 0
0 0
0 0
0 0
0 0
0 0
0 0
0 0
0 0
0 0
0 0
0 0
0 0
0 0
0 0
0 0
0 0
0 0
0 0
0 0
0 0
0 0
0 0
0 0
0 0
0 0
0 0
0 0
0 0
0 0
0 0
0 0
0 0
0 0
0 0
0 0
0 0
0 0
0 0
0 0
0 0
0 0
0 0
0 0
0 0
0 0
0 0
0 0
0 0
0 0
0 0
0 0
0 0
0 0
0 0
0 0
0 0
0 0
0 0
0 0
0 0
0 0
0 0
0 0
0 0
0 0
0 0
0 0
0 0
0 0
0 0
0 0
0 0
0 0
0 0
0 0
0 0
0 0
0 0
0 0
0 0
0 0
0 0
0 0
0 0
0 0
0 0
0 0
0 0
0 0
0 0
0 0
0 0
0 0
0 0
0 0
0 0
0 0
0 0
0 0
0 0
0 0
0 0
0 0
0 0
0 0
0 0
0 0
0 0
0 0
0 0
0 0
0 0
0 0
0 0
0 0
0 0
0 0
0 0
0 0
0 0
0 0
0 0
0 0
0 0
0 0
0 0
0 0
0 0
0 0
0 0
0 0
0 0
0 0
0 0
0 0
0 0
0 0
0 0
0 0
0 0
0 0
0 0
0 0
0 0
0 0
0 0
0 0
0 0
0 0
0 0
0 0
0 0
0 0
0 0
0 0
0 0
0 0
0 0
0 0
0 0
0 0
0 0
0 0
0 0
0 0
0 0
0 0
0 0
0 0
0 0
0 0
0 0
0 0
0 0
0 0
0 0
0 0
0 0
0 0
0 0
0 0
0 0
0 0
0 0
0 0
0 0
0 0
0 0
0 0
0 0
0 0
0 0
0 0
0 0
0 0
0 0
0 0
0 0
0 0
0 0
0 0
0 0
0 0
0 0
0 0
0 0
0 0
0 0
0 0
0 0
0 0
0 0
0 0
0 0
0 0
0 0
0 0
0 0
0 0
0 0
0 0
0 0
0 0
0 0
0 0
0 0
0 0
0 0
0 0
0 0
0 0
0 0
0 0
0 0
0 0
0 0
0 0
0 0
0 0
0 0
0 0
0 0
0 0
0 0
0 0
0 0
0 0
0 0
0 0
0 0
0 0
0 0
0 0
0 0
0 0
0 0
0 0
0 0
0 0
0 0
0 0
0 0
0 0
0 0
0 0
0 0
0 0
0 0
0 0
0 0
0 0
0 0
0 0
0 0
0 0
0 0
0 0
0 0
0 0
0 0
0 0
0 0
0 0
0 0
0 0
0 0
0 0
0 0
0 0
0 0
0 0
0 0
0 0
0 0
0 0
0 0
0 0
0 0
0 0
0 0
0 0
0 0
0 0
0 0
0 0
0 0
0 0
0 0
0 0
0 0
0 0
0 0
0 0
0 0
0 0
0 0
0 0
0 0
0 0
0 0
0 0
0 0
0 0
0 0
0 0
0 0
0 0
0 0
0 0
0 0
0 0
0 0
0 0
0 0
0 0
0 0
0 0
0 0
0 0
0 0
0 0
0 0
0 0
0 0
0 0
0 0
0 0
0 0
0 0
0 0
0 0
0 0
0 0
0 0
0 0
0 0
0 0
0 0
0 0
0 0
0 0
0 0
0 0
0 0
0 0
0 0
0 0
0 0
0 0
0 0
0 0
0 0
0 0
0 0
0 0
0 0
0 0
0 0
0 0
0 0
0 0
0 0
0 0
0 0
0 0
0 0
0 0
0 0
0 0
0 0
0 0
0 0
0 0
0 0
0 0
0 0
0 0
0 0
0 0
0 0
0 0
0 0
0 0
0 0
0 0
0 0
0 0
0 0
0 0
0 0
0 0
0 0
0 0
0 0
0 0
0 0
0 0
0 0
0 0
0 0
0 0
0 0
0 0
0 0
0 0
0 0
0 0
0 0
0 0
0 0
0 0
0 0
0 0
0 0
0 0
0 0
0 0
0 0
0 0
0 0
0 0
0 0
0 0
0 0
0 0
0 0
0 0
0 0
0 0
0 0
0 0
0 0
0 0
0 0
0 0
0 0
0 0
0 0
0 0
0 0
0 0
0 0
0 0
0 0
0 0
0 0
0 0
0 0
0 0
0 0
0 0
0 0
0 0
0 0
0 0
0 0
0 0
0 0
0 0
0 0
0 0
0 0
0 0
0 0
0 0
0 0
0 0
0 0
0 0
0 0
0 0
0 0
0 0
0 0
0 0
0 0
0 0
0 0
0 0
0 0
0 0
0 0
0 0
0 0
0 0
0 0
0 0
0 0
0 0
0 0
0 0
0 0
0 0
0 0
0 0
0 0
0 0
0 0
0 0
0 0
0 0
0 0
0 0
0 0
0 0
0 0
0 0
0 0
0 0
0 0
0 0
0 0
0 0
0 0
0 0
0 0
0 0
0 0
0 0
0 0
0 0
0 0
0 0
0 0
0 0
0 0
0 0
0 0
0 0
0 0
0 0
0 0
0 0
0 0
0 0
0 0
0 0
0 0
0 0
0 0
0 0
0 0
0 0
0 0
0 0
0 0
0 0
0 0
0 0
0 0
0 0
0 0
0 0
0 0
0 0
0 0
0 0
0 0
0 0
0 0
0 0
0 0
0 0
0 0
0 0
0 0
0 0
0 0
0 0
0 0
0 0
0 0
0 0
0 0
0 0
0 0
0 0
0 0
0 0
0 0
0 0
0 0
0 0
0 0
0 0
0 0
0 0
0 0
0 0
0 0
0 0
0 0
0 0
0 0
0 0
0 0
0 0
0 0
0 0
0 0
0 0
0 0
0 0
0 0
0 0
0 0
0 0
0 0
0 0
0 0
0 0
0 0
0 0
0 0
0 0
0 0
0 0
0 0
0 0
0 0
0 0
0 0
0 0
0 0
0 0
0 0
0 0
0 0
0 0
0 0
0 0
0 0
0 0
0 0
0 0
0 0
0 0
0 0
0 0
0 0
0 0
0 0
0 0
0 0
0 0
0 0
0 0
0 0
0 0
0 0
0 0
0 0
0 0
0 0
0 0
0 0
0 0
0 0
0 0
0 0
0 0
0 0
0 0
0 0
0 0
0 0
0 0
0 0
0 0
0 0
0 0
0 0
0 0
0 0
0 0
0 0
0 0
0 0
0 0
0 0
0 0
0 0
0 0
0 0
0 0
0 0
0 0
0 0
0 0
0 0
0 0
0 0
0 0
0 0
0 0
0 0
0 0
0 0
0 0
0 0
0 0
0 0
0 0
0 0
0 0
0 0
0 0
0 0
0 0
0 0
0 0
0 0
0 0
0 0
0 0
0 0
0 0
0 0
0 0
0 0
0 0
0 0
0 0
0 0
0 0
0 0
0 0
0 0
0 0
0 0
0 0
0 0
0 0
0 0
0 0
0 0
0 0
0 0
0 0
0 0
0 0
0 0
0 0
0 0
0 0
0 0
0 0
0 0
0 0
0 0
0 0
0 0
0 0
0 0
0 0
0 0
0 0
0 0
0 0
0 0
0 0
0 0
0 0
0 0
0 0
0 0
0 0
0 0
0 0
0 0
0 0
0 0
0 0
0 0
0 0
0 0
0 0
0 0
0 0
0 0
0 0
0 0
0 0
0 0
0 0
0 0
0 0
0 0
0 0
0 0
0 0
0 0
0 0
0 0
0 0
0 0
0 0
0 0
0 0
0 0
0 0
0 0
0 0
0 0
0 0
0 0
0 0
0 0
0 0
0 0
0 0
0 0
0 0
0 0
0 0
0 0
0 0
0 0
0 0
0 0
0 0
0 0
0 0
0 0
0 0
0 0
0 0
0 0
0 0
0 0
0 0
0 0
0 0
0 0
0 0
0 0
0 0
0 0
0 0
0 0
0 0
0 0
0 0
0 0
0 0
0 0
0 0
0 0
0 0
0 0
0 0
0 0
0 0
0 0
0 0
0 0
0 0
0 0
0 0
0 0
0 0
0 0
0 0
0 0
0 0
0 0
0 0
0 0
0 0
0 0
0 0
0 0
0 0
0 0
0 0
0 0
0 0
0 0
0 0
0 0
0 0
0 0
0 0
0 0
0 0
0 0
0 0
0 0
0 0
0 0
0 0
0 0
0 0
0 0
0 0
0 0
0 0
0 0
0 0
0 0
0 0
0 0
0 0
0 0
0 0
0 0
0 0
0 0
0 0
0 0
0 0
0 0
0 0
0 0
0 0
0 0
0 0
0 0
0 0
0 0
0 0
0 0
0 0
0 0
0 0
0 0
0 0
0 0
0 0
0 0
0 0
0 0
0 0
0 0
0 0
0 0
0 0
0 0
0 0
0 0
0 0
0 0
0 0
0 0
0 0
0 0
0 0
0 0
0 0
0 0
0 0
0 0
0 0
0 0
0 0
0 0
0 0
0 0
0 0
686 771
631 772
0 0
772 773
773 435
478 774
774 485
669 775
775 95
686 776
776 728
1893
0 1
416 0
1 2
1 416
2 3
2 416
2 753
3 4
3 753
4 5
4 753
5 6
751 5
752 5
753 5
6 7
752 6
7 8
752 7
8 9
484 8
752 8
9 10
9 483
9 484
10 11
483 10
11 12
483 11
12 13
459 12
12 483
13 14
459 13
14 15
459 14
15 16
15 459
16 17
459 16
16 487
17 18
487 17
488 17
18 19
488 18
19 20
19 488
20 21
20 488
489 20
20 491
21 22
21 491
22 23
22 491
23 24
491 23
520 23
24 25
520 24
25 26
520 25
26 27
26 515
520 26
27 28
515 27
27 536
28 29
536 28
29 30
536 29
30 31
30 536
31 32
31 528
536 31
32 33
528 32
537 32
32 539
33 34
33 537
34 35
537 34
34 605
35 36
605 35
36 37
605 36
37 38
605 37
38 39
38 605
38 611
39 40
39 611
40 41
611 40
41 42
563 41
611 41
42 43
44 42
42 468
42 563
43 44
44 45
44 468
45 46
45 468
46 47
468 46
46 504
47 48
47 504
48 49
504 48
49 50
49 504
635 49
50 51
635 50
50 644
51 52
51 644
52 53
644 52
52 654
53 54
53 654
54 55
54 654
55 56
649 55
55 654
56 57
56 649
652 56
57 58
57 652
58 59
58 646
58 652
656 58
59 60
656 59
60 61
60 656
759 60
763 60
764 60
61 62
764 61
62 63
62 764
63 64
497 63
63 764
64 65
64 497
65 66
65 67
497 65
66 67
67 68
497 67
67 498
67 500
68 69
500 68
69 70
500 69
70 71
500 70
501 70
503 70
71 72
503 71
72 73
72 503
73 74
503 73
743 73
74 75
743 74
75 76
75 743
76 77
741 76
76 743
76 744
77 78
744 77
78 79
78 744
79 80
79 445
79 550
744 79
80 81
80 550
81 82
550 81
81 551
82 83
551 82
83 84
83 551
83 552
84 85
84 469
552 84
85 86
85 469
86 87
86 469
87 88
87 89
469 87
88 89
89 90
95 89
89 469
90 91
90 95
91 92
93 91
94 91
91 95
92 93
93 94
94 95
95 96
469 95
507 95
96 97
96 106
107 96
96 507
97 98
104 97
97 105
97 106
98 99
98 101
98 104
99 100
99 101
100 101
101 102
103 101
104 101
102 103
103 104
104 105
105 106
106 107
107 108
507 107
108 109
108 507
109 110
507 109
110 111
469 110
110 507
111 112
111 469
111 552
112 113
552 112
113 114
113 551
552 113
114 115
114 551
115 116
550 115
115 551
116 117
550 116
117 118
117 550
118 119
120 118
445 118
118 550
119 120
120 121
445 120
120 746
121 122
121 746
122 123
122 746
123 124
125 123
742 123
746 123
124 125
125 126
742 125
745 125
126 127
745 126
127 128
127 502
745 127
128 129
128 502
129 130
502 129
526 129
130 131
467 130
526 130
131 132
467 131
132 133
132 467
133 134
133 467
134 135
467 134
134 756
135 136
135 756
136 137
756 136
757 136
137 138
757 137
138 139
138 437
757 138
139 140
437 139
140 141
140 437
678 140
141 142
141 678
142 143
678 142
142 700
143 144
143 700
144 145
144 700
145 146
700 145
702 145
146 147
702 146
147 148
147 702
147 703
148 149
703 148
149 150
149 703
150 151
150 703
730 150
150 731
151 152
151 731
152 153
152 447
152 731
153 154
447 153
154 155
154 447
155 156
155 447
155 474
510 155
511 155
156 157
158 156
156 510
157 158
158 159
158 510
159 160
510 159
160 161
160 510
161 162
161 475
161 510
162 163
162 454
162 475
163 164
163 454
164 165
454 164
164 482
165 166
482 165
166 167
482 166
167 168
167 169
167 455
167 482
168 169
169 170
455 169
170 171
170 455
466 170
171 172
171 466
172 173
466 172
173 174
466 173
174 175
174 466
175 176
175 466
175 495
176 177
495 176
177 178
495 177
178 179
495 178
179 180
495 179
180 181
180 464
180 495
558 180
181 182
181 558
182 183
182 558
183 184
558 183
559 183
184 185
184 186
184 187
184 559
185 186
186 187
187 188
187 559
188 189
559 188
189 190
559 189
189 739
190 191
739 190
191 192
191 737
191 739
192 193
192 737
193 194
193 735
193 737
194 195
194 735
194 740
195 196
740 195
196 197
196 465
740 196
197 198
197 465
609 197
198 199
609 198
199 200
609 199
200 201
609 200
201 202
201 609
726 201
202 203
202 726
203 204
203 698
726 203
204 205
204 698
204 699
205 206
699 205
206 207
699 206
207 208
207 694
699 207
208 209
208 694
209 210
209 690
694 209
210 211
690 210
211 212
211 689
211 690
212 213
689 212
213 214
213 689
692 213
214 215
214 692
215 216
692 215
770 215
216 217
216 770
217 218
770 217
218 219
218 766
770 218
219 220
766 219
220 221
766 220
769 220
221 222
221 769
222 223
769 222
223 224
748 223
769 223
224 225
224 748
225 226
456 225
509 225
225 748
226 227
509 226
227 228
227 509
228 229
509 228
229 230
472 229
229 509
230 231
472 230
231 232
231 446
472 231
232 233
446 232
473 232
233 234
473 233
234 235
473 234
235 236
473 235
236 237
236 245
473 236
237 238
237 244
245 237
238 239
243 238
238 244
239 240
239 241
242 239
239 243
240 241
241 242
242 243
243 244
244 245
245 246
245 247
245 473
246 247
247 248
247 473
248 249
248 473
249 250
446 249
473 249
250 251
446 250
251 252
253 251
446 251
252 253
253 254
253 446
472 253
254 255
472 254
254 508
255 256
508 255
256 257
508 256
257 258
259 257
508 257
258 259
259 260
259 508
259 749
260 261
749 260
768 260
261 262
768 261
262 263
262 768
263 264
263 765
263 768
264 265
765 264
767 264
265 266
265 767
266 267
767 266
267 268
267 688
767 267
268 269
688 268
269 270
269 686
269 688
270 271
270 686
271 272
271 273
271 685
686 271
272 273
273 274
685 273
274 275
274 685
275 276
275 685
276 277
684 276
685 276
277 278
684 277
278 279
682 278
278 684
279 280
641 279
279 679
279 682
280 281
280 641
280 648
281 282
281 648
282 283
282 648
651 282
283 284
651 283
284 285
284 592
651 284
285 286
592 285
286 287
286 590
592 286
287 288
590 287
288 289
288 586
288 590
289 290
289 586
290 291
290 586
291 292
291 585
586 291
292 293
292 585
293 294
585 293
293 587
294 295
294 587
295 296
295 587
296 297
296 463
296 587
297 298
297 463
661 297
298 299
661 298
299 300
299 661
300 301
659 300
300 661
300 662
301 302
662 301
302 303
662 302
303 304
303 597
599 303
303 662
304 305
597 304
305 306
597 305
306 307
597 306
307 308
307 518
307 597
308 309
518 308
308 530
309 310
530 309
310 311
530 310
311 312
481 311
311 530
312 313
481 312
312 548
313 314
313 548
314 315
314 545
548 314
315 316
315 545
316 317
545 316
549 316
317 318
317 549
318 319
318 541
549 318
319 320
319 541
320 321
320 540
541 320
321 322
321 540
322 323
322 540
323 324
538 323
540 323
542 323
324 325
542 324
325 326
542 325
326 327
535 326
326 542
327 328
327 535
328 329
524 328
525 328
535 328
329 330
525 329
330 331
330 453
525 330
331 332
331 453
332 333
453 332
333 334
453 333
334 335
453 334
492 334
593 334
335 336
337 335
341 335
593 335
336 337
337 338
339 337
337 340
337 341
338 339
339 340
340 341
341 342
593 341
342 343
342 593
343 344
593 343
344 345
344 492
344 593
345 346
345 492
521 345
346 347
521 346
347 348
521 347
348 349
350 348
348 521
349 350
350 351
461 350
521 350
351 352
461 351
352 353
461 352
462 352
353 354
353 462
354 355
354 462
355 356
462 355
356 357
356 462
357 358
462 357
357 493
358 359
358 493
522 358
359 360
522 359
360 361
522 360
361 362
361 522
362 363
362 522
362 532
363 364
532 363
364 365
532 364
533 364
365 366
365 533
366 367
533 366
367 368
367 533
367 543
368 369
368 543
546 368
369 370
369 546
370 371
546 370
371 372
546 371
372 373
452 372
546 372
547 372
373 374
452 373
374 375
452 374
516 374
375 376
375 516
376 377
376 516
377 378
377 479
516 377
604 377
378 379
378 594
378 595
604 378
379 380
379 477
595 379
380 381
477 380
381 382
477 381
513 381
382 383
513 382
383 384
449 383
513 383
384 385
384 449
385 386
385 449
553 385
386 387
386 553
387 388
490 387
387 553
388 389
490 388
389 390
490 389
519 389
390 391
390 519
391 392
391 519
391 531
392 393
392 531
393 394
393 531
394 395
394 460
394 531
395 396
460 395
396 397
460 396
396 554
397 398
554 397
398 399
485 398
554 398
399 400
485 399
400 401
400 485
582 400
401 402
401 403
582 401
402 403
403 404
403 582
404 405
404 582
405 406
582 405
405 750
406 407
409 406
406 750
407 408
409 407
408 409
409 410
750 409
410 411
750 410
411 412
750 411
412 413
412 750
413 414
750 413
753 413
414 415
753 414
415 416
415 753
416 753
511 417
512 417
557 417
560 417
738 417
449 418
418 477
418 478
515 418
418 527
528 418
729 419
730 419
732 419
419 734
419 735
419 736
680 420
683 420
420 704
705 420
706 420
498 421
421 499
500 421
501 421
502 421
421 526
501 422
422 502
422 503
741 422
742 422
743 422
745 422
423 669
423 672
423 677
758 423
761 423
762 423
424 625
424 631
636 424
675 424
424 710
424 715
424 718
459 425
483 425
484 425
485 425
486 425
425 554
426 460
426 487
488 426
489 426
490 426
426 519
531 426
478 427
427 489
427 490
491 427
520 427
553 427
428 566
572 428
428 594
428 596
606 428
428 607
685 429
686 429
687 429
429 689
429 690
693 429
430 687
688 430
430 692
765 430
430 766
767 430
430 770
452 431
479 431
431 480
481 431
518 431
529 431
480 432
432 543
544 432
545 432
546 432
547 432
432 548
433 576
433 580
600 433
433 601
603 433
433 658
434 493
434 522
434 523
524 434
535 434
538 434
523 435
533 435
538 435
435 540
435 541
435 543
436 453
436 461
462 436
492 436
524 436
525 436
534 436
437 677
678 437
757 437
758 437
438 629
438 638
639 438
646 438
438 655
438 665
674 438
640 439
439 641
695 439
439 708
439 711
713 439
440 588
440 591
440 621
440 623
630 440
440 632
441 581
584 441
616 441
441 657
442 506
442 569
442 578
442 622
442 628
642 442
443 505
443 563
443 564
443 568
570 443
443 573
468 444
444 504
505 444
506 444
444 635
645 444
550 445
741 445
744 445
445 746
472 446
473 446
511 447
447 512
731 447
454 448
448 455
475 448
494 448
556 448
557 448
449 477
478 449
513 449
449 553
608 450
610 450
450 721
450 723
727 450
564 451
451 566
451 605
451 606
451 611
479 452
480 452
452 516
547 452
492 453
453 525
454 455
475 454
482 454
455 466
455 482
494 455
508 456
509 456
456 748
456 749
670 457
676 457
696 457
697 457
457 701
457 724
457 728
458 701
703 458
728 458
729 458
458 730
459 483
486 459
487 459
486 460
460 487
531 460
554 460
462 461
492 461
521 461
462 493
534 462
463 584
587 463
463 660
661 463
464 466
464 494
495 464
464 556
464 558
465 608
609 465
610 465
736 465
465 740
494 466
466 495
499 467
467 526
467 755
756 467
468 504
505 468
563 468
469 507
469 552
470 484
485 470
582 470
750 470
751 470
752 470
583 471
471 585
586 471
588 471
615 471
624 471
508 472
509 472
475 474
510 474
511 474
474 557
510 475
557 475
512 476
731 476
476 734
476 735
476 737
738 476
513 477
527 477
477 595
478 515
520 478
478 553
479 516
479 529
601 479
604 479
481 480
480 547
480 548
518 481
481 530
481 548
483 484
484 485
752 484
485 554
485 582
486 487
554 486
487 488
488 489
490 489
491 489
490 519
490 553
520 491
492 521
492 593
493 522
493 524
493 534
556 494
497 496
498 496
755 496
496 760
764 496
497 498
497 764
499 498
500 498
498 755
499 526
755 499
501 500
501 502
501 503
526 502
745 502
743 503
635 504
506 505
563 505
505 570
506 569
506 570
628 506
506 645
508 509
508 749
512 511
511 557
512 731
512 738
514 527
514 528
539 514
514 594
595 514
607 514
515 520
528 515
536 515
517 518
517 529
597 517
599 517
600 517
601 517
529 518
518 530
597 518
519 531
523 522
522 532
532 523
523 533
523 538
525 524
524 534
535 524
528 527
527 595
528 536
528 539
529 601
532 533
543 533
535 538
535 542
537 539
605 537
606 537
537 607
538 540
538 542
607 539
541 540
543 541
541 544
549 541
544 543
546 543
544 545
544 549
548 545
549 545
547 546
550 551
552 551
555 580
657 555
658 555
659 555
660 555
557 556
558 556
556 559
560 556
557 560
558 559
559 560
559 739
738 560
560 739
608 561
609 561
705 561
561 726
727 561
610 562
720 562
721 562
562 732
733 562
562 736
563 564
611 563
564 566
567 564
564 573
611 564
565 567
568 565
565 575
576 565
577 565
579 565
567 566
566 572
566 606
568 567
567 572
573 567
575 567
568 569
568 570
568 573
568 577
612 568
570 569
569 578
569 612
571 572
571 575
571 576
571 596
571 602
603 571
575 572
596 572
574 577
574 579
581 574
574 612
663 574
576 575
576 579
576 580
576 603
577 579
577 612
612 578
619 578
622 578
663 578
579 580
579 581
657 579
657 580
658 580
614 581
616 581
657 581
581 663
750 582
584 583
585 583
583 587
615 583
616 583
587 584
584 616
657 584
660 584
586 585
587 585
588 586
586 590
588 590
588 591
588 623
624 588
589 591
592 589
632 589
647 589
651 589
591 590
592 590
592 591
632 591
592 651
595 594
596 594
602 594
594 604
594 607
602 596
599 597
598 599
598 600
598 658
659 598
598 662
599 600
599 662
601 600
658 600
602 601
603 601
601 604
602 603
604 602
605 606
611 605
607 606
609 608
610 608
608 727
726 609
610 721
610 736
663 612
620 613
621 613
622 613
625 613
633 613
637 613
615 614
616 614
618 614
614 619
614 663
615 616
618 615
615 624
618 617
617 619
620 617
617 621
623 617
617 624
618 619
618 624
619 620
622 619
663 619
621 620
620 622
621 623
625 621
621 630
621 631
633 622
622 642
624 623
631 625
636 625
625 637
626 630
631 626
626 632
626 640
626 713
715 626
628 627
633 627
627 638
627 639
642 627
627 643
653 627
642 628
628 643
628 645
636 629
629 637
629 638
674 629
675 629
630 631
632 630
715 631
640 632
647 632
633 637
638 633
642 633
635 634
634 643
644 634
645 634
653 634
634 654
635 644
635 645
636 637
675 636
638 637
638 639
639 646
639 649
653 639
640 641
647 640
713 640
647 641
648 641
679 641
695 641
645 643
653 643
654 644
646 649
652 646
646 655
656 646
647 648
647 651
651 648
652 649
649 653
654 649
655 650
650 656
650 665
668 650
669 650
650 762
650 763
654 653
655 656
655 665
763 656
657 660
659 658
659 660
661 659
659 662
661 660
665 664
664 667
674 664
675 664
664 710
664 717
667 665
665 668
674 665
666 667
666 671
666 676
712 666
666 722
666 724
666 725
668 667
667 671
667 712
667 717
668 669
668 671
671 669
672 669
669 676
669 762
670 672
676 670
670 677
670 697
671 676
672 676
672 677
673 679
673 680
673 695
706 673
673 707
708 673
675 674
710 675
724 676
677 678
697 677
677 758
678 697
678 700
680 679
679 682
679 695
680 682
680 683
680 706
683 681
681 684
685 681
681 691
681 693
683 682
682 684
683 684
691 683
683 704
685 684
686 685
685 693
687 686
688 686
688 687
689 687
692 687
688 767
689 690
692 689
690 691
693 690
690 694
691 693
694 691
691 699
704 691
692 770
694 699
708 695
696 697
700 696
701 696
696 702
700 697
699 698
698 704
705 698
726 698
699 704
700 702
701 702
701 703
728 701
702 703
703 730
704 705
705 706
705 726
705 727
706 707
727 706
707 708
707 716
707 723
727 707
711 708
708 716
709 710
711 709
709 712
714 709
718 709
709 719
712 710
717 710
718 710
711 713
714 711
716 711
718 711
712 717
712 719
712 725
713 715
718 713
714 716
714 719
720 714
714 721
723 714
715 718
723 716
720 719
725 719
720 721
720 722
720 725
733 720
721 723
722 724
725 722
728 722
722 733
723 727
724 728
729 728
732 728
728 733
730 729
729 732
730 731
734 730
734 731
732 733
732 736
734 735
735 736
735 737
735 740
736 740
737 738
737 739
738 739
741 742
741 743
744 741
746 741
742 745
746 742
748 747
747 749
747 765
747 768
747 769
749 748
769 748
749 768
750 751
750 753
752 751
751 753
754 755
754 756
757 754
758 754
754 760
756 755
755 760
757 756
757 758
758 760
761 758
759 760
759 761
759 762
759 763
759 764
761 760
764 760
761 762
763 762
765 766
765 767
765 768
765 769
769 766
770 766
