701
308 496
303 494
299 490
296 486
296 481
297 476
298 471
298 466
297 461
296 456
296 451
297 446
298 441
299 436
299 431
299 426
297 421
297 416
295 411
293 406
292 401
291 396
289 391
288 386
285 381
282 377
281 372
281 367
283 362
285 357
285 352
286 347
284 342
282 337
280 332
278 327
276 322
275 317
274 312
273 307
271 302
271 297
270 292
268 287
267 282
266 277
266 272
265 267
264 262
259 261
254 261
251 265
250 270
249 275
248 280
247 285
246 290
245 295
244 300
243 305
242 310
241 315
240 320
239 325
237 330
234 335
231 339
230 344
229 349
230 354
231 359
231 364
232 369
232 374
231 379
229 384
227 389
225 394
222 399
221 404
219 409
218 414
217 419
217 424
216 429
216 434
216 439
217 444
218 449
218 454
218 459
217 464
216 469
216 474
218 479
218 484
215 489
210 491
205 494
200 494
195 493
190 491
185 489
182 484
181 479
181 474
184 469
187 464
190 459
193 454
194 449
195 444
196 439
196 434
196 429
196 424
195 419
194 414
192 409
191 404
190 399
190 394
190 389
190 384
189 379
189 374
190 369
192 364
194 359
196 354
199 349
199 344
199 339
199 334
200 329
201 324
199 320
197 315
197 310
196 305
196 300
196 295
196 290
197 285
198 280
200 275
201 270
202 265
203 260
204 255
206 250
208 245
210 240
211 235
212 230
213 225
214 220
214 215
216 210
218 205
221 200
223 195
223 190
223 185
221 180
219 175
217 170
216 165
213 160
211 155
209 150
208 145
207 140
206 135
201 135
196 139
191 143
186 146
181 147
176 150
171 154
166 158
162 162
157 166
152 170
148 173
143 175
138 177
133 178
128 181
123 183
118 185
113 186
108 187
103 189
98 192
93 195
89 200
86 205
84 210
80 215
75 220
71 224
68 229
64 232
59 232
56 227
58 223
63 218
63 213
58 213
53 215
49 218
44 220
39 223
34 227
29 230
24 231
19 231
18 227
21 223
26 219
30 214
35 212
40 209
44 205
49 203
54 201
58 199
63 197
68 194
73 192
78 189
83 185
88 182
93 178
98 174
103 170
108 165
113 161
118 157
123 154
128 151
133 148
138 145
143 143
148 140
153 137
158 134
163 130
168 127
173 123
177 119
180 114
183 109
185 104
189 99
194 96
199 94
204 92
209 91
214 90
219 89
224 87
229 85
234 84
239 80
239 75
239 70
237 65
236 60
233 55
232 50
232 45
232 40
233 35
233 30
236 25
240 20
245 18
250 17
255 16
260 16
265 18
270 19
275 22
279 26
281 31
284 36
284 41
284 46
283 51
281 56
279 61
277 66
276 71
276 76
278 81
283 85
288 86
293 88
298 89
303 90
308 92
313 94
318 96
323 99
327 103
331 108
334 112
337 117
341 121
346 125
351 130
356 133
361 136
366 139
371 142
376 144
381 146
386 149
391 153
396 156
400 159
404 163
408 165
413 170
417 174
422 177
426 181
431 183
435 187
440 190
445 193
450 196
455 198
458 201
463 204
468 205
473 210
478 212
483 215
487 218
491 221
494 226
494 231
489 231
484 227
479 224
474 222
469 218
464 215
459 213
454 213
450 216
453 221
455 226
456 231
451 232
446 230
444 225
441 221
437 217
433 213
430 208
428 204
426 200
422 195
417 192
412 190
407 188
402 186
397 182
392 181
387 179
382 178
377 177
372 175
367 173
362 171
357 167
352 163
347 158
344 154
339 150
334 146
329 146
324 142
319 139
314 136
309 133
308 138
307 143
306 148
305 153
304 158
301 163
299 168
296 173
294 178
294 183
294 188
294 193
294 198
296 203
296 208
298 213
299 218
300 223
302 228
304 233
306 238
308 243
310 248
312 253
314 258
316 263
317 268
318 273
319 278
320 283
321 288
321 293
321 298
319 303
318 308
316 313
315 318
314 323
314 328
315 333
315 338
316 343
315 348
317 352
319 357
320 362
322 367
324 372
325 377
325 382
324 387
322 392
322 397
321 402
320 407
319 412
319 417
318 422
318 427
318 432
318 437
319 442
320 447
322 452
324 457
326 462
328 467
331 472
334 477
336 482
333 487
329 490
324 493
319 494
314 495
309 496
210.846 113.228
258.458 187.5
220.5 292.5
209.857 375.571
227.031 262.206
241.94 233.388
257.983 43.8933
295.816 112.921
289.878 264.625
295.365 289.527
278.717 240.213
295.152 311.43
305.091 376.663
253.494 133.301
230.429 137.914
279.88 140.176
315.357 116.414
237.184 213.11
254.439 104.423
269.827 96.3409
333.633 132.417
300.655 343
271.832 207.634
216.269 311.346
247.469 33.8908
267.34 33.6064
285.061 299.388
326.017 122.678
316.691 126.347
343.394 138.95
245.097 46.9117
255.425 61.988
253.189 52.4437
270.847 46.1954
275.181 38.2052
257.408 33.9708
282.229 286.115
295.982 300.486
307.768 294.325
305.987 306.748
305.812 280.953
284.532 310.08
353.638 146.075
291.525 277.317
279.022 273.415
277.26 260.142
269.012 249.521
287.654 250.884
261.269 231.734
268.426 239.197
291.841 238.299
283.022 223.777
272.338 228.282
297.977 247.33
284.353 232.908
263.114 218.178
274.254 217.905
283.88 210.214
301.251 259.407
250.821 223.408
240.379 223.057
227.137 230.341
256.149 203.543
253.901 213.587
289.747 217.394
300.8 270.758
231.569 246.289
263.038 209.239
233.445 237.178
72.518 205.347
443 206
436.303 198.974
304.33 121.699
289.532 127.533
293.543 140.601
270.303 122.858
298.827 131.83
286.241 155.473
278.892 129.415
282.219 115.731
286.524 146.384
270.458 109.592
259.515 116.098
263.653 103.276
260.714 126.173
266.129 138.879
238.453 118.315
248.635 113.888
247.221 124.557
237.002 101.057
241.846 135.034
242.51 161.736
233.981 127.927
219.189 128.29
239.161 148.46
286.34 101.372
276.93 102.644
271.779 152.516
218.816 140.101
208.806 124.199
196.155 116.173
254.349 148.465
228.616 158.18
226.27 147.757
298.395 101.143
306.581 109.107
316.247 106.421
275.366 171.818
201.679 105.613
246.757 142.998
263.669 147.888
246.753 153.605
259.372 165.363
232.582 171.607
277.488 161.44
287.267 166.382
225.237 166.477
247.366 176.548
250.102 167.449
258.453 176.412
241.789 193.289
248.699 186.291
237.175 182.452
255.069 86.9332
301.972 359.951
305.868 351.121
267.063 57.9266
364.892 154.999
355.859 154.832
254.019 245.469
260.292 252.021
243.062 253.221
233.827 255.538
238.26 266.855
244.198 243.209
227.045 278.06
251.86 235.549
213.081 280.434
237.666 277.476
208.199 291.75
213.815 300.897
218.515 270.141
215.567 258.439
233.084 289.559
229.53 302.746
219.696 247.265
228.264 315.318
217.348 328.187
220.464 237.505
226.074 218.177
266.28 196.813
271.438 184.539
280.178 196.516
282.53 180.997
225.583 110.707
234.721 109.939
226.409 120.962
216.539 102.173
244.69 204.408
232.917 201.842
226.596 208.795
247.137 95.4034
266.767 84.863
258.903 74.5127
249.249 78.3348
248.547 68.7295
266.46 67.9302
245.889 59.1674
310.296 367.044
293.863 370.112
295.722 379.823
295.378 351.936
210.694 320.158
227.485 325.722
226.556 97.6779
297.997 327.199
303.997 317.975
305.125 334.124
292.705 336.213
288.057 321.162
188.045 127.532
197.661 125.822
187.6 118.639
378.159 161.547
374.056 153.146
368.868 163.657
389.557 166.74
398.57 171.789
406.588 177.373
214.5 343.434
221.581 336.867
209.275 334.569
211.485 359.402
219.296 352.608
202.924 366.707
199.326 376.664
208.3 350.532
219.666 368.393
219.821 378.895
177.822 134.841
167.619 141.304
157.484 148.748
145.806 157.053
133.59 163.773
142.564 165.623
122.319 169.636
112.757 175.027
199.211 476.549
208.17 481.113
203.2 463.32
195.288 468.151
207.063 471.701
206 451.406
206 441.173
206 430.979
206.692 392.073
216.32 388.536
205.5 405.878
212.538 399.532
199.538 398.409
206 417.04
306.285 392.336
297.87 388.725
313.409 383.912
315.219 374.857
306.936 405.473
308.003 416.433
314.214 477.405
324.178 480.684
311.753 463.676
307.14 471.588
319.034 469.456
308.444 451.662
308.443 441.216
701
306.548 489.174
307.912 487.297
307.976 487.209
307.618 487.696
309.269 485.361
311.694 481.817
315.15 476.707
311.792 466.067
308.091 455.043
307.198 452.386
306.788 450.056
307.092 447.223
307.497 442.854
308.193 436.885
308.864 431.337
308.624 424.831
308.282 419.971
307.903 414.951
307.34 408.158
307.055 403.196
306.842 395.963
306.707 391.492
306.506 385.012
306.137 378.014
302.046 371.56
0 0
292.386 371.003
294.093 371.109
303.079 371.639
303.793 364.998
302.398 356.882
300.391 346.235
298.465 336.434
297.336 330.018
296.765 326.389
295.823 320.437
295.474 317.871
295.228 315.129
294.772 311.295
295.613 305.646
296.229 301.606
297.8 293.598
298.503 290.103
299.407 284.583
299.912 279.744
300.079 278.135
300.129 272.213
296.703 259.228
285.505 237.598
261.8 219.238
240.341 226.877
225.172 248.739
218.692 265.962
218.843 274.272
218.936 279.893
219.018 283.97
219.105 288.484
219.244 293.297
219.327 295.794
219.565 303.534
219.34 309.041
219.148 314.321
218.752 318.322
218.453 320.705
218.298 321.858
217.807 325.449
217.01 331.382
215.732 340.725
214.255 351.356
213.045 360.086
212.14 366.626
211.83 368.868
211.488 371.599
211.357 372.652
211.283 373.125
210.954 375.075
209.8 380.119
208.65 385.147
206.777 393.331
205.35 400.442
204.538 406.396
205.132 412.92
205.604 419.175
205.902 423.919
206.203 428.619
206.532 434.143
206.859 439.944
207.266 447.457
207.367 449.322
207.191 452.48
205.259 460.346
204.486 463.513
202.315 472.405
201.454 478.624
209.842 483.9
209.42 483.642
207.561 482.509
203.96 480.313
201.882 478.945
201.362 478.308
198.851 478.205
195.694 479.223
189.898 481.092
189.138 481.337
189.124 481.341
189.596 481.189
194.37 479.651
199.904 477.59
202.651 471.026
205.336 460.031
207.559 450.466
207.134 445.01
206.827 439.365
206.522 433.953
206.243 429.245
205.892 423.761
205.512 417.753
204.991 411.139
204.538 405.743
205.003 402.419
205.336 399.788
206.344 395.285
207.82 388.769
209.229 382.666
210.417 377.512
210.532 376.836
210.664 376.154
211.084 373.614
211.709 369.549
212.37 364.952
213.707 355.301
215.224 344.37
215.96 339.056
216.421 335.732
217.061 330.707
217.563 326.689
218.856 315.309
219.196 311.582
219.365 309.732
219.581 303.386
219.424 298.158
219.336 296.485
219.237 294.468
219.192 292.358
219.154 290.701
219.024 283.314
219.01 275.438
219.066 265.934
219.104 263.239
219.077 259.993
221.22 255.621
224.556 248.902
228.373 240.838
231.523 234.1
235.098 230.641
238.104 227.5
239.675 225.549
238.363 225.732
238.764 225.646
241.688 224.133
248.454 218.688
256.01 206.759
259.882 195.681
259.979 176.321
258.407 161.779
257.078 154.02
256.403 151.91
255.918 147.722
254.671 140.914
253.7 136.463
252.611 132.963
249.993 129.115
240.365 122.203
233.395 118.787
195.17 109.565
183.844 124.737
179.418 132.03
177.832 135.124
175.783 136.57
170.163 140.38
163.602 144.825
157.618 148.863
150.19 154.63
147.459 156.764
142.387 160.305
140.66 161.281
138.81 162.375
135.29 164.484
129.096 167.433
121.64 170.992
116.933 173.438
113.055 175.435
109.813 177.158
107.53 178.372
95.5098 184.784
92.721 186.286
84.4444 195.556
81.9178 195.406
76.9681 201.137
74.7257 203.749
72.5475 207.309
71.3128 209.872
66.1136 220.671
62.8226 227.495
61.704 229.815
60.9057 229.641
59.8993 229.343
60.795 229.593
68.0069 216.736
70.4756 211.145
0 0
49.7364 208.531
46.0318 210.856
42.807 213.17
34.3726 219.341
30.0789 222.909
26.0892 225.575
22.6385 227.735
18.6634 229.371
19.0737 229.202
21.0319 228.376
24.4983 226.356
34.1542 219.529
37.0777 217.302
43.1083 212.924
47.3009 209.966
50.6031 208.187
56.2213 205.941
61.3672 205.771
70.4483 206.743
74.1522 204.463
77.1132 200.969
79.6044 198.085
87.0864 189.828
91.4062 187.006
96.9966 183.976
103.254 180.667
108.486 177.864
115.004 174.432
120.334 171.681
125.327 169.225
127.835 168.033
135.842 164.131
140.504 161.343
144.676 158.882
151.74 153.414
154.454 151.292
159.529 147.574
164.797 144.015
169.792 140.632
174.267 137.599
180.123 130.875
185.394 122.186
191.283 112.327
194.618 108.545
194.61 108.164
194.583 108.135
195.254 108.198
197.487 108.523
203.914 109.84
206.33 110.36
212.539 111.592
221.627 114.198
230.732 116.864
238.637 118.472
247.319 121.078
254.955 103.872
255.301 80.5526
255.566 61.2599
255.733 49.149
255.769 41.7268
255.719 38.0951
255.345 37.4999
255.236 37.2559
254.192 36.2856
251.425 33.9752
250.029 32.8022
248.495 31.5125
247.86 30.9797
249.024 31.9583
253.194 35.4014
254.01 35.9784
255.41 37.0303
258.273 37.3716
261.039 36.9138
264.028 36.7322
264.799 36.6875
267.551 36.5285
273.632 36.3849
273.271 36.3929
266.566 36.6249
265.295 36.6841
259.633 37.9158
257.022 40.4955
255.711 50.8332
255.479 67.4257
255.235 87.3121
255.514 112.549
261.011 128.515
280.707 119.322
293.035 113.984
303.077 109.387
306.992 107.91
310.17 106.828
313.906 107.125
317.136 107.837
317.8 107.677
317.781 108.215
318.939 110.81
321.705 114.142
326.307 120.033
329.549 124.265
338.273 134.61
344.017 140.138
349.317 144.628
353.669 148.297
358.884 152.112
364.917 156.532
370.146 159.322
372.998 160.535
376.535 161.859
383.754 164.554
390.522 167.14
393.914 169.015
398.695 171.515
401.757 173.537
407.208 177.212
412.764 180.656
417.797 183.513
422.754 186.074
426.928 188.049
433.061 195.81
434.922 198.198
439.437 203.678
445.471 206.651
449.949 206.794
450.943 206.827
461.784 207.188
465.715 209.24
471.057 212.925
0 0
480.604 219.205
484.94 221.705
488.199 223.991
492.551 229.483
493.584 230.779
491.707 228.424
490.207 226.538
486.572 223.545
477.085 217.112
471.692 213.364
466.361 209.68
460.813 207.154
447.454 206.714
442.776 208.736
448.86 225.242
450.985 230.043
455.531 230.901
451.174 230.087
450.195 228.517
452.877 229.639
444.562 213.516
442.414 207.639
441.831 206.373
438.999 203.14
436.857 200.688
433.499 196.372
427.116 188.237
421.518 185.436
422.599 185.916
411.511 179.88
408.532 178.099
402.273 173.884
396.271 170.248
390.957 167.435
385.038 165.033
380.506 163.341
376.04 161.674
372.107 160.202
369.932 159.251
365.975 157.271
360.773 153.491
356.083 150.013
352.146 147.065
345.922 141.741
338.313 134.686
337.368 133.76
334.744 131.055
328.956 123.463
322.433 115.065
305.682 108.122
276.866 122.726
265.605 130.831
264.13 135.708
263.097 139.746
263.179 140.29
262.504 141.471
261.536 145.997
260.492 154.454
260.337 161.519
259.976 181.941
259.989 190.693
259.992 199.497
263.156 211.337
264.343 214.101
267.082 218.111
271.455 221.01
273.101 222.501
274.46 223.935
281.187 231.779
286.303 238.542
290.243 244.186
293.89 249.385
295.614 254.835
297.483 260.637
298.584 265.809
298.891 267.966
299.745 274.021
299.652 279.253
299.597 284.953
298.536 290.457
298.262 291.872
298.004 293.261
297.902 293.755
297.311 296.544
296.343 301.074
295.654 307.512
295.631 314.687
296.322 322.707
297.281 329.766
298.285 335.651
299.16 339.994
300.052 344.458
301.483 351.942
302.898 359.799
303.83 365.189
304.854 371.12
306.127 376.554
306.995 379.497
307.211 379.824
306.866 379.376
306.553 380.704
306.577 386.652
306.789 393.927
306.877 396.952
307.183 406.411
307.694 412.423
308.112 417.519
308.424 422.02
308.696 425.888
308.821 431.722
308.149 437.275
307.464 443.193
306.899 448.823
308.514 456.307
310.855 463.281
313.314 470.568
316.057 477.335
318.331 479.921
329.24 482.656
329.584 482.738
327.328 482.203
324.003 481.413
317.475 479.84
313.987 478.933
309.797 484.704
308.295 486.771
209.423 111.032
259.992 188.925
219.243 293.534
210.924 375.031
219.118 259.945
240.285 225.881
256.534 37.8149
298.117 111.672
297.046 260.141
297.842 294.037
280.383 230.675
0 0
306.294 377.294
256.063 130.558
251.136 127.693
261.198 132.408
317.269 108.372
248.11 219.432
255.797 121.554
257.562 120.491
331.228 126.248
298.667 350.222
261.287 211.417
219.35 310.734
251.78 34.2559
261.067 36.911
295.822 305.265
319.414 111.198
320.395 112.655
344.797 140.786
253.924 36.0027
255.686 51.5668
255.886 40.2235
263.09 37.079
267.861 36.5175
255.916 37.3368
299.469 282.771
296.335 300.971
298.238 292.012
296.01 302.705
299.595 284.974
294.799 311.019
350.749 145.613
299.97 277.891
300.045 277.132
296.184 257.395
286.164 250.73
293.364 248.617
260.68 218.171
271.744 221.478
288.201 241.267
273.415 222.887
269.302 219.44
293.897 249.406
280.136 230.432
262.819 215.549
266.131 217.496
264.818 214.513
297.786 261.706
252.594 216.991
242.16 223.727
235.991 229.924
258.667 208.889
256.977 213.211
271.724 221.227
299.689 276.567
230.445 236.277
260.434 211.201
235.601 230.516
74.313 204.246
441.901 206.453
0 0
310.222 114.667
0 0
265.777 130.39
265.424 126.99
279.591 121.009
263.432 138.207
267.55 127.206
273.867 122.816
263.356 136.137
261.996 124.773
258.093 126.279
257.47 121.257
258.637 127.998
257.976 132.406
245.034 121.685
252.404 122.996
252.271 124.294
244.283 121.298
252.263 128.664
257.227 153.365
244.808 122.293
234.704 117.701
254.21 135.738
281.63 119.038
265.546 124.444
261.975 140.805
257.778 115.556
216.4 112.854
195.655 108.396
259.173 139.579
255.799 147.584
253.078 134.17
299.132 111.275
312.327 106.968
317.461 108.039
260.103 164.923
196.637 108.408
255.435 135.971
259.372 140.718
256.958 144.985
258.674 155.954
257.958 158.775
260.482 150.156
260.685 154.847
256.385 151.516
259.979 174.759
258.781 160.523
259.952 173.061
257.87 202.084
259.986 186.302
260.062 177.134
254.925 105.819
303.726 364.592
303.36 362.526
257.778 52.4444
365.494 156.937
357.973 151.42
252.679 216.004
264.859 217.935
232.889 249.778
225.463 247.672
221.486 255.994
239.339 227.593
218.98 274.224
250.483 218.504
219.031 284.257
218.922 279.129
219.243 294.657
219.582 302.524
219.038 269.801
219.116 259.889
0 0
219.576 302.95
224.05 249.898
219.289 311.339
218.343 320.597
231.385 234.35
239.486 225.446
259.645 201.429
259.95 184.438
259.825 201.578
0 0
228.847 116.341
241.284 119.829
233.544 117.766
208.795 110.873
253.745 214.266
250.931 216.416
242.768 223.454
257.248 123.444
255.238 109.388
255.333 79.2935
0 0
255.663 53.6992
255.436 71.5569
255.785 42.9872
305.015 372.042
304.656 374.48
305.956 375.771
302.1 355.188
218.672 317.294
218.556 319.856
229.746 116.594
296.383 323.549
295.627 316.117
298.24 335.409
298.273 335.484
296.079 321.61
186.12 120.91
203.556 114.667
191.166 112.515
387.634 166.197
371.556 154.667
371.017 159.788
392.206 168.099
399.928 172.412
427.556 192
217.347 328.321
217.325 329.038
217.026 330.962
209.877 379.128
215.111 348.444
211.235 372.701
210.559 376.731
213.777 354.802
211.517 371.259
211.157 373.857
177.555 135.339
175.506 136.743
0 0
146.128 157.533
137.542 163.126
139.604 161.903
136 159.111
115.442 174.206
200.796 477.58
0 0
204.649 462.847
200.459 477.395
201.293 476.62
206.002 456.082
206.998 442.504
204.444 447.111
208.36 386.445
208.026 387.875
204.541 406.03
204.949 403.075
205.198 400.966
205.201 413.836
306.687 390.394
306.507 385.05
306.493 381.098
306.822 379.002
307.174 403.354
307.187 400.792
314.462 478.283
323.788 481.338
310.422 461.981
0 0
315.296 476.393
308.941 457.17
308.444 447.111
1633
0 0
0 0
0 0
0 0
0 0
0 0
0 0
0 0
0 0
0 0
0 0
0 0
0 0
0 0
0 0
0 0
0 0
0 0
0 0
0 0
0 0
0 0
0 0
0 0
0 0
0 0
0 0
0 0
0 0
0 0
0 0
0 0
0 0
700 488
0 0
0 0
0 0
0 0
0 0
0 0
0 0
0 0
0 0
0 0
0 0
0 0
0 0
0 0
0 0
0 0
0 0
0 0
0 0
0 0
0 0
0 0
0 0
0 0
0 0
0 0
0 0
0 0
0 0
0 0
0 0
0 0
0 0
0 0
0 0
0 0
0 0
0 0
0 0
0 0
0 0
0 0
0 0
0 0
0 0
0 0
0 0
0 0
0 0
0 0
0 0
0 0
0 0
0 0
0 0
0 0
0 0
0 0
488 513
0 0
0 0
0 0
0 0
0 0
0 0
0 0
0 0
0 0
0 0
0 0
0 0
0 0
0 0
0 0
0 0
0 0
0 0
0 0
0 0
0 0
0 0
0 0
0 0
0 0
0 0
513 529
0 0
0 0
0 0
529 598
0 0
0 0
0 0
0 0
0 0
0 0
0 0
0 0
0 0
0 0
0 0
0 0
0 0
0 0
0 0
0 0
0 0
0 0
0 0
0 0
0 0
0 0
0 0
0 0
0 0
0 0
0 0
0 0
0 0
0 0
598 660
0 0
0 0
0 0
0 0
0 0
0 0
0 0
0 0
0 0
0 0
0 0
0 0
0 0
0 0
0 0
0 0
0 0
0 0
0 0
0 0
0 0
0 0
0 0
0 0
0 0
0 0
0 0
0 0
0 0
0 0
0 0
0 0
0 0
0 0
0 0
0 0
0 0
0 0
0 0
0 0
660 681
0 0
0 0
0 0
0 0
0 0
0 0
0 0
0 0
0 0
0 0
0 0
0 0
0 0
0 0
0 0
0 0
0 0
0 0
0 0
0 0
0 0
0 0
0 0
0 0
0 0
0 0
0 0
0 0
0 0
0 0
0 0
0 0
0 0
0 0
0 0
0 0
0 0
0 0
0 0
0 0
0 0
0 0
0 0
0 0
0 0
0 0
0 0
0 0
0 0
0 0
0 0
0 0
0 0
0 0
0 0
0 0
0 0
0 0
0 0
0 0
0 0
0 0
0 0
0 0
0 0
0 0
0 0
0 0
0 0
0 0
0 0
0 0
0 0
0 0
0 0
0 0
0 0
0 0
0 0
0 0
0 0
0 0
0 0
0 0
0 0
0 0
0 0
0 0
0 0
0 0
0 0
0 0
0 0
0 0
0 0
0 0
0 0
0 0
0 0
0 0
0 0
0 0
0 0
0 0
0 0
0 0
0 0
0 0
0 0
0 0
0 0
0 0
0 0
0 0
0 0
0 0
0 0
0 0
0 0
0 0
0 0
0 0
0 0
0 0
0 0
0 0
0 0
0 0
0 0
0 0
0 0
0 0
0 0
0 0
0 0
0 0
0 0
0 0
0 0
0 0
0 0
0 0
0 0
0 0
0 0
0 0
0 0
0 0
0 0
0 0
0 0
0 0
0 0
0 0
0 0
0 0
0 0
0 0
0 0
0 0
0 0
0 0
0 0
0 0
0 0
0 0
0 0
0 0
0 0
0 0
0 0
0 0
0 0
0 0
0 0
0 0
0 0
0 0
0 0
0 0
0 0
0 0
0 0
0 0
0 0
0 0
0 0
0 0
0 0
0 0
0 0
0 0
0 0
0 0
0 0
0 0
0 0
0 0
0 0
0 0
0 0
0 0
0 0
0 0
0 0
529 565
0 0
0 0
0 0
0 0
0 0
0 0
0 0
0 0
0 0
0 0
0 0
0 0
0 0
0 0
0 0
0 0
0 0
0 0
0 0
0 0
0 0
0 0
0 0
0 0
0 0
0 0
0 0
0 0
565 648
0 0
0 0
0 0
0 0
0 0
0 0
0 0
0 0
0 0
0 0
0 0
0 0
0 0
0 0
0 0
0 0
0 0
0 0
0 0
0 0
0 0
0 0
0 0
0 0
0 0
0 0
0 0
0 0
0 0
648 672
0 0
0 0
0 0
0 0
0 0
0 0
0 0
0 0
0 0
0 0
0 0
0 0
0 0
0 0
0 0
0 0
0 0
0 0
0 0
0 0
0 0
0 0
0 0
0 0
0 0
0 0
0 0
672 196
0 0
0 0
0 0
0 0
0 0
0 0
0 0
0 0
0 0
0 0
0 0
0 0
0 0
0 0
0 0
0 0
0 0
0 0
0 0
0 0
0 0
0 0
0 0
0 0
0 0
0 0
0 0
0 0
0 0
0 0
0 0
0 0
0 0
0 0
0 0
0 0
0 0
0 0
0 0
0 0
0 0
0 0
0 0
0 0
0 0
0 0
0 0
0 0
0 0
0 0
0 0
0 0
0 0
0 0
0 0
0 0
0 0
0 0
0 0
0 0
0 0
0 0
0 0
0 0
0 0
0 0
0 0
0 0
0 0
0 0
0 0
0 0
0 0
0 0
0 0
0 0
0 0
0 0
0 0
0 0
0 0
0 0
0 0
0 0
0 0
0 0
0 0
0 0
0 0
0 0
0 0
0 0
0 0
0 0
0 0
0 0
0 0
0 0
0 0
0 0
0 0
0 0
0 0
0 0
0 0
0 0
0 0
0 0
0 0
0 0
0 0
0 0
0 0
0 0
0 0
0 0
0 0
0 0
0 0
0 0
0 0
0 0
0 0
0 0
0 0
0 0
0 0
0 0
0 0
0 0
0 0
0 0
0 0
0 0
0 0
0 0
0 0
0 0
0 0
0 0
0 0
0 0
0 0
0 0
0 0
0 0
0 0
0 0
0 0
0 0
0 0
0 0
0 0
0 0
0 0
0 0
0 0
0 0
0 0
0 0
0 0
0 0
0 0
0 0
565 593
0 0
0 0
0 0
0 0
0 0
0 0
0 0
0 0
0 0
0 0
0 0
0 0
0 0
0 0
0 0
0 0
0 0
0 0
0 0
0 0
0 0
0 0
0 0
0 0
0 0
0 0
0 0
0 0
0 0
0 0
0 0
0 0
0 0
0 0
0 0
0 0
0 0
0 0
0 0
0 0
0 0
0 0
0 0
0 0
0 0
0 0
0 0
0 0
0 0
0 0
0 0
0 0
0 0
0 0
0 0
0 0
0 0
0 0
0 0
0 0
0 0
0 0
0 0
0 0
0 0
0 0
0 0
0 0
565 539
0 0
0 0
0 0
0 0
0 0
0 0
0 0
0 0
0 0
0 0
0 0
0 0
0 0
0 0
0 0
0 0
0 0
0 0
0 0
0 0
0 0
0 0
0 0
0 0
0 0
0 0
0 0
0 0
539 651
0 0
0 0
0 0
0 0
0 0
0 0
0 0
0 0
0 0
0 0
0 0
0 0
0 0
0 0
0 0
0 0
0 0
0 0
0 0
0 0
0 0
0 0
0 0
0 0
651 655
0 0
0 0
0 0
0 0
0 0
0 0
0 0
0 0
0 0
0 0
0 0
0 0
0 0
0 0
0 0
0 0
0 0
0 0
0 0
0 0
0 0
0 0
0 0
0 0
0 0
0 0
0 0
0 0
0 0
0 0
0 0
0 0
0 0
0 0
0 0
0 0
0 0
0 0
0 0
0 0
0 0
0 0
0 0
0 0
0 0
0 0
0 0
0 0
0 0
0 0
0 0
0 0
0 0
0 0
0 0
0 0
0 0
0 0
0 0
0 0
0 0
0 0
0 0
0 0
0 0
0 0
0 0
0 0
0 0
0 0
0 0
0 0
0 0
0 0
0 0
0 0
0 0
0 0
0 0
0 0
0 0
0 0
0 0
0 0
0 0
0 0
0 0
0 0
0 0
0 0
0 0
0 0
0 0
0 0
0 0
0 0
0 0
0 0
0 0
0 0
0 0
0 0
0 0
0 0
0 0
0 0
0 0
0 0
0 0
0 0
0 0
0 0
0 0
0 0
0 0
0 0
0 0
0 0
0 0
0 0
0 0
0 0
0 0
0 0
0 0
0 0
0 0
0 0
0 0
0 0
0 0
0 0
0 0
0 0
0 0
0 0
0 0
0 0
0 0
0 0
0 0
0 0
0 0
0 0
0 0
0 0
0 0
0 0
0 0
0 0
0 0
0 0
0 0
0 0
0 0
0 0
0 0
0 0
0 0
0 0
0 0
0 0
0 0
0 0
0 0
0 0
0 0
0 0
0 0
0 0
0 0
0 0
0 0
0 0
0 0
0 0
0 0
0 0
0 0
0 0
0 0
0 0
0 0
0 0
0 0
0 0
0 0
0 0
0 0
0 0
0 0
0 0
0 0
0 0
0 0
0 0
0 0
0 0
0 0
0 0
0 0
0 0
0 0
0 0
0 0
0 0
0 0
0 0
0 0
0 0
0 0
0 0
0 0
0 0
0 0
0 0
0 0
0 0
0 0
0 0
0 0
0 0
0 0
0 0
0 0
0 0
0 0
0 0
0 0
0 0
0 0
0 0
0 0
0 0
0 0
0 0
0 0
0 0
0 0
0 0
0 0
0 0
0 0
0 0
0 0
0 0
0 0
0 0
0 0
0 0
0 0
0 0
0 0
0 0
0 0
0 0
0 0
0 0
0 0
0 0
0 0
0 0
0 0
0 0
0 0
0 0
0 0
0 0
0 0
0 0
0 0
0 0
0 0
0 0
0 0
0 0
0 0
0 0
0 0
0 0
0 0
0 0
0 0
0 0
0 0
0 0
0 0
0 0
0 0
0 0
0 0
0 0
0 0
0 0
0 0
0 0
0 0
0 0
0 0
0 0
0 0
0 0
0 0
0 0
0 0
0 0
0 0
0 0
0 0
0 0
0 0
0 0
0 0
0 0
0 0
0 0
0 0
0 0
0 0
0 0
0 0
0 0
0 0
0 0
0 0
0 0
0 0
0 0
0 0
0 0
0 0
0 0
0 0
0 0
0 0
0 0
0 0
0 0
0 0
0 0
0 0
0 0
0 0
0 0
0 0
0 0
0 0
0 0
0 0
0 0
0 0
0 0
0 0
0 0
0 0
0 0
0 0
0 0
0 0
0 0
0 0
0 0
0 0
0 0
0 0
0 0
0 0
0 0
0 0
0 0
0 0
0 0
0 0
0 0
0 0
0 0
0 0
0 0
0 0
0 0
0 0
0 0
0 0
0 0
0 0
0 0
0 0
0 0
0 0
0 0
0 0
0 0
0 0
0 0
0 0
0 0
0 0
0 0
0 0
0 0
0 0
0 0
0 0
0 0
0 0
0 0
0 0
0 0
0 0
0 0
0 0
0 0
0 0
0 0
0 0
0 0
0 0
0 0
0 0
0 0
0 0
0 0
0 0
0 0
0 0
0 0
0 0
0 0
0 0
0 0
0 0
0 0
0 0
0 0
0 0
0 0
0 0
0 0
0 0
0 0
0 0
0 0
0 0
0 0
0 0
0 0
0 0
0 0
0 0
0 0
0 0
0 0
0 0
0 0
0 0
0 0
0 0
0 0
0 0
0 0
0 0
0 0
0 0
0 0
0 0
0 0
0 0
0 0
0 0
0 0
0 0
0 0
0 0
0 0
0 0
0 0
0 0
0 0
0 0
0 0
0 0
0 0
0 0
0 0
0 0
0 0
0 0
0 0
0 0
0 0
0 0
0 0
0 0
0 0
0 0
0 0
0 0
0 0
0 0
0 0
0 0
0 0
0 0
0 0
0 0
0 0
0 0
0 0
0 0
0 0
0 0
0 0
0 0
0 0
0 0
0 0
0 0
0 0
0 0
0 0
0 0
0 0
0 0
0 0
0 0
0 0
0 0
0 0
0 0
0 0
0 0
0 0
0 0
0 0
0 0
0 0
0 0
0 0
0 0
0 0
0 0
0 0
0 0
0 0
0 0
0 0
0 0
0 0
0 0
0 0
0 0
0 0
0 0
0 0
0 0
0 0
0 0
0 0
0 0
0 0
0 0
0 0
0 0
0 0
0 0
0 0
0 0
0 0
0 0
0 0
0 0
0 0
0 0
0 0
0 0
0 0
0 0
0 0
0 0
0 0
0 0
0 0
0 0
0 0
0 0
0 0
0 0
0 0
0 0
0 0
0 0
0 0
0 0
0 0
0 0
0 0
0 0
0 0
0 0
0 0
0 0
0 0
0 0
0 0
0 0
0 0
0 0
0 0
0 0
0 0
0 0
0 0
0 0
0 0
0 0
0 0
0 0
0 0
0 0
0 0
0 0
0 0
0 0
0 0
0 0
0 0
0 0
0 0
0 0
0 0
0 0
0 0
0 0
0 0
0 0
0 0
0 0
0 0
0 0
0 0
0 0
0 0
0 0
0 0
0 0
0 0
0 0
0 0
0 0
0 0
0 0
0 0
0 0
0 0
0 0
0 0
0 0
0 0
0 0
0 0
0 0
0 0
0 0
0 0
0 0
0 0
0 0
0 0
0 0
0 0
0 0
0 0
0 0
0 0
0 0
0 0
0 0
0 0
0 0
0 0
0 0
0 0
0 0
0 0
0 0
0 0
0 0
0 0
0 0
0 0
0 0
0 0
0 0
0 0
0 0
0 0
0 0
0 0
0 0
0 0
0 0
0 0
0 0
0 0
0 0
0 0
0 0
0 0
0 0
0 0
0 0
0 0
0 0
0 0
0 0
0 0
0 0
0 0
0 0
0 0
0 0
0 0
0 0
0 0
0 0
0 0
0 0
0 0
0 0
0 0
0 0
0 0
0 0
0 0
0 0
0 0
0 0
0 0
0 0
0 0
0 0
0 0
0 0
0 0
0 0
0 0
0 0
0 0
0 0
0 0
0 0
0 0
0 0
0 0
0 0
0 0
0 0
0 0
0 0
0 0
0 0
0 0
0 0
0 0
0 0
0 0
0 0
0 0
0 0
0 0
0 0
0 0
0 0
0 0
0 0
0 0
0 0
0 0
0 0
0 0
0 0
0 0
0 0
0 0
0 0
0 0
0 0
0 0
0 0
0 0
0 0
0 0
0 0
0 0
0 0
0 0
0 0
0 0
0 0
0 0
0 0
0 0
0 0
0 0
0 0
0 0
0 0
0 0
0 0
0 0
0 0
0 0
0 0
0 0
0 0
0 0
0 0
0 0
0 0
0 0
0 0
0 0
0 0
0 0
0 0
0 0
0 0
0 0
0 0
0 0
0 0
0 0
0 0
0 0
0 0
0 0
0 0
0 0
0 0
0 0
0 0
0 0
0 0
0 0
0 0
0 0
0 0
0 0
0 0
0 0
0 0
0 0
0 0
0 0
0 0
0 0
1633
0 1
466 0
1 2
1 466
694 1
2 3
4 2
694 2
3 4
4 5
4 694
4 697
5 6
5 697
6 7
6 697
7 8
7 696
7 697
8 9
8 696
8 699
9 10
699 9
10 11
10 699
11 12
699 11
11 700
12 13
700 12
13 14
700 13
14 15
449 14
450 14
700 14
15 16
449 15
15 693
16 17
16 693
17 18
17 692
17 693
18 19
692 18
19 20
692 19
20 21
20 688
20 689
692 20
21 22
689 21
22 23
689 22
23 24
637 23
689 23
24 25
24 636
637 24
25 26
636 25
26 27
26 636
27 28
27 636
28 29
636 28
29 30
29 591
636 29
638 29
30 31
30 638
31 32
31 488
638 31
645 31
32 33
32 645
33 34
33 645
34 35
645 34
646 34
35 36
35 646
36 37
36 646
37 38
37 508
37 646
38 39
508 38
39 40
493 39
39 508
40 41
493 40
41 42
493 41
503 41
42 43
503 42
43 44
503 43
44 45
503 44
511 44
45 46
45 511
46 47
511 46
47 48
47 511
47 512
48 49
48 512
513 48
48 597
49 50
49 597
50 51
596 50
50 597
50 598
51 52
51 598
600 51
52 53
52 600
53 54
53 600
53 605
54 55
605 54
55 56
605 55
55 610
56 57
56 610
57 58
610 57
58 59
58 610
58 611
59 60
611 59
60 61
60 611
613 60
61 62
61 613
62 63
62 613
640 62
63 64
63 640
64 65
640 64
65 66
640 65
657 65
66 67
66 657
67 68
67 656
67 657
68 69
68 656
68 660
69 70
660 69
70 71
660 70
664 70
71 72
71 664
72 73
664 72
73 74
664 73
665 73
74 75
665 74
75 76
75 665
76 77
76 665
76 683
77 78
683 77
78 79
683 78
685 78
79 80
79 685
80 81
684 80
80 685
81 82
684 81
687 81
82 83
82 687
83 84
681 83
83 687
84 85
84 681
85 86
85 680
681 85
86 87
680 86
87 88
679 87
87 680
88 89
88 679
89 90
89 679
90 91
676 90
679 90
91 92
91 676
92 93
92 676
92 678
93 94
675 93
93 678
94 95
94 675
95 96
675 95
96 97
96 675
97 98
97 675
98 99
98 675
99 100
674 99
99 675
100 101
674 100
101 102
103 101
101 674
102 103
103 104
103 674
104 105
674 104
105 106
674 105
106 107
106 674
106 677
107 108
677 107
108 109
676 108
677 108
109 110
109 676
679 109
110 111
110 679
111 112
111 679
111 680
112 113
112 680
113 114
113 680
681 113
114 115
114 681
115 116
115 681
687 115
116 117
116 687
117 118
117 684
117 687
118 119
118 684
686 118
119 120
119 686
120 121
120 686
121 122
686 121
122 123
122 682
122 686
123 124
123 662
123 682
124 125
124 662
125 126
662 125
126 127
661 126
662 126
127 128
661 127
128 129
661 128
129 130
659 129
129 661
663 129
130 131
130 663
131 132
656 131
131 658
131 663
132 133
658 132
133 134
658 133
134 135
658 134
135 136
639 135
135 658
136 137
639 136
137 138
137 639
138 139
490 138
138 607
639 138
139 140
139 607
140 141
606 140
607 140
141 142
606 141
142 143
606 142
143 144
143 606
144 145
604 144
144 606
145 146
145 604
146 147
604 146
608 146
147 148
147 608
609 147
148 149
148 609
149 150
609 149
150 151
609 150
150 612
151 152
612 151
152 153
612 152
152 615
153 154
615 153
154 155
528 154
615 154
155 156
528 155
155 616
156 157
156 616
157 158
157 616
158 159
158 616
158 627
159 160
159 627
160 161
160 626
160 627
161 162
626 161
162 163
162 587
589 162
162 626
163 164
163 589
164 165
580 164
164 589
165 166
580 165
165 583
166 167
166 583
167 168
167 569
583 167
168 169
569 168
168 570
169 170
169 570
170 171
565 170
170 570
171 172
171 565
172 173
172 565
173 174
173 560
565 173
173 566
173 648
174 175
174 648
175 176
647 175
648 175
176 177
176 647
176 666
177 178
666 177
178 179
178 666
667 178
179 180
667 179
180 181
667 180
668 180
181 182
668 181
182 183
668 182
669 182
183 184
669 183
184 185
669 184
184 671
185 186
185 671
186 187
671 186
187 188
670 187
187 671
188 189
188 670
672 188
189 190
672 189
190 191
672 190
190 673
191 192
673 191
192 193
192 673
193 194
236 193
673 193
194 195
194 235
194 236
195 196
234 195
195 235
196 197
196 232
233 196
196 234
197 198
197 231
232 197
198 199
231 198
198 536
199 200
199 536
200 201
200 536
201 202
208 201
201 209
201 536
202 203
208 202
203 204
207 203
208 203
204 205
207 204
205 206
207 205
206 207
207 208
208 209
209 210
209 228
209 229
536 209
210 211
210 226
227 210
210 228
211 212
225 211
226 211
212 213
224 212
225 212
213 214
223 213
224 213
214 215
221 214
222 214
214 223
215 216
215 221
216 217
216 220
221 216
217 218
219 217
217 220
218 219
219 220
220 221
221 222
222 223
223 224
224 225
225 226
226 227
227 228
228 229
229 230
229 536
230 231
536 230
231 232
536 231
232 233
233 234
234 235
235 236
236 237
236 673
237 238
237 673
238 239
238 673
239 240
672 239
673 239
240 241
672 240
241 242
241 670
672 241
242 243
242 670
243 244
669 243
670 243
244 245
669 244
245 246
245 668
245 669
246 247
246 668
247 248
668 247
248 249
667 248
668 248
249 250
667 249
250 251
250 666
667 250
251 252
647 251
666 251
252 253
252 647
252 649
253 254
649 253
254 255
567 254
649 254
255 256
567 255
575 255
256 257
256 575
257 258
257 575
258 259
575 258
259 260
259 575
259 624
260 261
624 260
261 262
624 261
262 263
262 624
262 641
263 264
641 263
264 265
641 264
265 266
556 265
265 628
265 641
266 267
266 628
631 266
267 268
267 631
267 632
268 269
268 632
269 270
269 632
634 269
270 271
634 270
271 272
497 271
634 271
272 273
272 497
273 274
497 273
274 275
491 274
274 497
275 276
491 275
276 277
491 276
277 278
277 491
278 279
278 491
279 280
491 279
280 281
491 280
280 502
281 282
281 502
282 283
282 502
283 284
283 492
502 283
284 285
492 284
285 286
285 492
286 287
286 492
287 288
287 492
287 501
288 289
288 501
289 290
501 289
290 291
500 290
501 290
291 292
291 500
292 293
292 500
593 292
293 294
593 293
294 295
593 294
633 294
295 296
295 633
296 297
296 629
296 633
297 298
297 486
297 629
298 299
486 298
562 298
563 298
299 300
299 562
300 301
300 562
300 571
301 302
571 301
302 303
571 302
303 304
571 303
303 572
304 305
304 572
573 304
305 306
305 573
306 307
306 573
307 308
307 573
308 309
308 483
308 494
573 308
309 310
494 309
310 311
310 494
311 312
487 311
311 494
312 313
487 312
496 312
313 314
313 496
314 315
314 496
509 314
315 316
315 509
316 317
316 509
594 316
317 318
594 317
317 651
318 319
651 318
319 320
651 319
320 321
320 650
651 320
321 322
650 321
321 653
322 323
322 653
323 324
323 653
323 654
324 325
324 654
325 326
325 654
655 325
326 327
326 655
327 328
327 369
327 655
328 329
328 368
369 328
329 330
367 329
368 329
330 331
330 367
331 332
331 366
331 367
331 538
332 333
332 538
333 334
537 333
333 538
334 335
334 537
335 336
537 335
336 337
352 336
353 336
336 537
337 338
337 351
352 337
338 339
351 338
339 340
339 350
351 339
340 341
349 340
340 350
341 342
341 348
349 341
342 343
342 347
348 342
343 344
343 347
344 345
346 344
347 344
345 346
346 347
347 348
348 349
349 350
350 351
351 352
352 353
353 354
537 353
354 355
354 360
361 354
362 354
354 537
355 356
355 360
356 357
356 358
356 359
360 356
357 358
358 359
359 360
360 361
361 362
362 363
362 537
363 364
363 537
364 365
364 537
364 538
365 366
538 365
366 367
366 538
367 368
368 369
369 370
369 655
370 371
655 370
371 372
655 371
372 373
372 654
372 655
373 374
373 654
374 375
653 374
654 374
375 376
650 375
653 375
376 377
376 650
377 378
377 650
377 652
378 379
652 378
379 380
652 379
380 381
380 594
380 595
380 652
381 382
595 381
382 383
382 595
383 384
509 383
383 595
384 385
496 384
509 384
385 386
385 487
496 385
386 387
386 487
387 388
487 387
388 389
487 388
494 388
388 495
389 390
495 389
390 391
495 390
390 539
390 543
391 392
541 391
391 543
392 393
392 541
393 394
393 541
394 395
394 541
544 394
394 547
395 396
544 395
396 397
544 396
396 582
397 398
582 397
398 399
582 398
399 400
582 399
399 620
400 401
400 620
401 402
619 401
401 620
402 403
402 619
403 404
524 403
403 619
404 405
524 404
405 406
524 405
405 531
406 407
406 531
407 408
531 407
408 409
408 518
408 521
531 408
409 410
517 409
521 409
410 411
410 517
411 412
517 411
411 520
412 413
412 520
413 414
413 520
525 413
414 415
414 525
415 416
415 525
416 417
525 416
416 532
417 418
417 532
418 419
507 418
532 418
419 420
419 507
420 421
505 420
420 507
421 422
421 505
422 423
505 422
423 424
423 505
424 425
505 424
424 506
425 426
425 506
426 427
506 426
643 426
427 428
643 427
428 429
643 428
429 430
642 429
643 429
429 644
430 431
644 430
431 432
431 488
431 644
432 433
488 432
432 592
433 434
592 433
434 435
592 434
435 436
435 592
435 635
436 437
635 436
437 438
635 437
691 437
438 439
691 438
439 440
691 439
440 441
440 690
440 691
441 442
441 690
442 443
688 442
442 690
443 444
688 443
444 445
688 444
444 692
445 446
445 692
446 447
446 692
693 446
447 448
447 693
448 449
448 693
449 450
449 693
450 451
700 450
451 452
700 451
452 453
452 700
453 454
453 699
453 700
454 455
696 454
454 699
455 456
696 455
456 457
696 456
456 698
457 458
698 457
458 459
695 458
458 698
459 460
695 459
460 461
695 460
461 462
695 461
462 463
462 695
463 464
463 695
464 465
464 694
695 464
465 466
465 694
466 694
560 467
566 467
467 567
467 575
467 621
467 623
467 624
468 529
468 586
588 468
468 617
618 468
469 602
469 604
606 469
469 607
610 469
469 611
659 470
661 470
470 662
664 470
470 665
682 470
683 470
599 471
471 600
471 602
608 471
609 471
471 612
526 472
527 472
528 472
535 472
472 601
472 603
491 473
473 492
473 497
473 499
500 473
502 473
473 593
474 539
474 540
546 474
474 562
474 571
572 474
510 475
511 475
512 475
514 475
475 525
532 475
493 476
503 476
476 504
476 505
476 507
510 476
513 477
477 514
477 516
517 477
519 477
521 477
504 478
506 478
508 478
642 478
478 643
646 478
479 635
479 636
479 637
688 479
479 689
479 690
479 691
480 551
480 552
480 555
557 480
568 480
576 480
481 557
481 559
560 481
481 561
481 565
481 570
540 482
482 541
482 545
547 482
482 552
482 564
494 483
495 483
539 483
572 483
573 483
527 484
484 530
616 484
625 484
626 484
627 484
485 549
485 550
554 485
556 485
485 590
485 628
486 548
550 486
486 563
590 486
486 629
494 487
496 487
488 592
488 638
488 644
488 645
522 489
489 523
524 489
489 534
617 489
489 619
490 607
490 611
613 490
490 614
490 639
497 491
491 502
500 492
501 492
502 492
493 503
504 493
508 493
494 495
539 495
509 496
497 499
497 634
498 499
593 498
630 498
498 632
498 633
498 634
593 499
634 499
500 501
500 593
510 503
511 503
505 504
504 506
508 504
506 505
505 507
643 506
510 507
532 507
508 646
509 594
509 595
510 511
532 510
511 512
512 513
514 512
513 514
516 513
513 597
517 514
514 520
514 525
515 516
515 519
515 522
515 526
596 515
603 515
519 516
516 596
597 516
520 517
517 521
518 519
518 521
518 523
518 524
518 531
521 519
519 522
523 519
525 520
523 522
522 526
522 530
522 534
523 524
524 531
619 524
525 532
527 526
530 526
603 526
527 528
527 530
527 616
528 535
528 615
616 528
529 530
534 529
587 529
529 588
617 529
625 529
534 530
625 530
533 535
533 598
599 533
533 601
533 612
615 533
617 534
601 535
615 535
538 537
540 539
539 543
539 572
541 540
543 540
545 540
546 540
543 541
547 541
545 542
542 546
548 542
549 542
551 542
542 552
547 544
544 564
544 581
544 582
546 545
552 545
548 546
562 546
546 563
547 564
548 549
548 550
548 563
549 550
549 551
554 549
549 555
590 550
551 552
551 555
552 564
568 552
577 552
553 554
553 555
559 553
622 553
623 553
554 555
554 556
554 622
555 557
559 555
622 556
628 556
556 641
557 559
557 561
557 576
558 561
558 569
578 558
580 558
584 558
558 585
559 560
623 559
565 560
566 560
560 623
569 561
570 561
561 576
561 578
563 562
571 562
577 564
579 564
581 564
565 570
566 567
566 648
567 575
648 567
567 649
576 568
568 577
578 568
579 568
570 569
569 580
583 569
572 571
572 573
574 579
581 574
582 574
574 586
574 618
620 574
575 624
578 576
579 577
578 579
578 585
581 579
579 585
579 586
583 580
580 584
580 589
582 581
620 582
585 584
586 584
584 588
584 589
586 585
586 588
586 618
587 588
587 589
625 587
626 587
588 589
628 590
590 629
590 630
631 590
591 592
591 635
591 636
591 638
635 592
638 592
633 593
594 595
594 651
652 594
597 596
596 598
596 601
603 596
599 598
600 598
598 601
600 599
599 612
602 600
605 600
603 601
602 604
602 605
608 602
610 602
606 604
604 608
605 610
607 606
607 611
608 609
609 612
611 610
611 613
615 612
613 614
640 613
614 639
614 640
614 657
658 614
627 616
617 618
617 619
618 619
618 620
620 619
621 622
623 621
621 624
621 641
623 622
622 641
641 624
625 626
627 626
628 631
630 629
633 629
630 631
630 632
633 630
631 632
632 634
636 635
635 691
636 637
689 637
639 658
657 640
643 642
642 644
645 642
646 642
644 645
646 645
647 648
649 647
647 666
648 649
651 650
650 652
653 650
651 652
653 654
654 655
657 656
658 656
656 660
656 663
658 657
660 659
661 659
659 663
659 664
660 663
664 660
662 661
662 682
665 664
665 683
666 667
668 667
669 668
670 669
669 671
671 670
672 670
673 672
674 675
677 674
678 674
678 675
677 676
676 678
679 676
677 678
679 680
681 680
687 681
683 682
685 682
686 682
685 683
684 685
686 684
684 687
685 686
688 689
688 690
688 692
690 691
693 692
694 695
694 697
694 698
698 695
697 696
698 696
699 696
698 697
700 699
