667
216 495
211 491
210 486
210 481
211 476
213 471
214 466
215 461
216 456
217 451
219 446
218 441
218 436
218 431
217 426
216 421
214 416
212 411
211 406
211 401
211 396
210 391
210 386
210 381
210 376
210 371
212 366
213 361
216 356
217 351
216 346
216 341
216 336
215 331
213 326
211 321
210 316
210 311
208 306
207 301
206 296
205 291
204 286
204 281
204 276
204 271
204 266
204 261
204 256
204 251
205 246
205 241
206 236
209 231
210 226
208 223
211 219
214 214
216 209
218 204
219 199
219 194
219 189
219 184
219 179
219 174
218 169
218 164
215 159
213 154
213 149
214 144
214 139
211 134
208 129
203 125
198 124
193 124
188 124
183 124
178 125
173 125
168 125
163 125
158 125
153 125
148 125
143 125
138 126
133 127
128 127
123 126
118 126
113 125
108 125
103 124
98 124
93 123
88 122
83 121
78 121
73 121
68 121
63 121
58 123
53 125
48 125
43 127
38 130
33 130
32 126
37 123
34 121
29 121
24 121
19 121
14 121
9 120
10 117
15 116
20 115
25 114
30 114
35 113
40 111
45 111
50 111
55 110
60 110
65 110
70 110
75 109
80 109
85 109
90 109
95 108
100 107
105 107
110 107
115 106
120 105
125 105
130 105
135 106
140 107
145 107
150 107
155 107
160 106
165 105
170 105
175 105
180 104
185 102
190 101
195 100
200 99
205 98
210 97
215 97
220 97
225 97
230 96
235 93
239 90
240 85
235 83
230 82
225 79
225 74
225 69
221 65
219 60
219 55
218 50
221 45
223 40
225 35
227 30
230 26
234 22
238 18
243 16
248 15
253 14
258 17
263 17
268 17
273 19
278 23
281 27
284 32
287 37
289 42
290 47
291 52
291 57
289 62
287 67
286 72
285 77
281 80
276 83
271 86
273 91
278 94
283 97
288 97
293 97
298 97
303 97
308 98
313 99
318 100
323 101
328 103
333 104
338 105
343 105
348 106
353 107
358 107
363 107
368 107
373 106
378 106
383 105
388 105
393 105
398 106
403 107
408 107
413 108
418 108
423 109
428 109
433 109
438 109
443 110
448 110
453 110
458 110
463 111
468 112
473 112
478 114
483 114
488 114
493 115
498 116
503 117
501 119
497 121
492 121
487 121
482 121
477 121
472 122
477 125
480 129
475 130
470 128
465 126
460 125
455 123
450 121
445 121
440 121
435 121
430 121
425 122
420 122
415 123
410 124
405 125
400 125
395 126
390 126
385 127
380 127
375 126
370 125
365 125
360 125
355 125
350 125
345 125
340 125
335 125
330 124
325 124
320 123
315 124
310 125
305 128
301 133
299 138
297 143
298 148
298 153
296 158
294 163
294 168
293 173
292 178
292 183
292 188
292 193
293 198
294 203
295 208
297 213
300 218
303 223
304 226
302 229
304 234
305 239
307 244
308 249
308 254
308 259
308 264
309 269
309 274
309 279
308 284
308 289
307 294
306 299
305 304
304 309
302 314
302 319
301 324
299 329
298 334
297 339
297 344
297 349
297 354
299 359
301 363
302 368
304 373
303 378
305 383
302 388
303 393
303 398
302 403
302 408
301 413
301 418
297 423
297 428
296 433
296 438
297 443
297 448
298 453
299 458
300 463
301 468
302 473
304 478
304 483
304 488
300 493
295 495
290 495
285 494
280 491
280 486
279 481
279 476
279 471
278 466
277 461
276 456
276 451
276 446
276 441
276 436
276 431
275 426
274 421
272 416
272 411
272 406
272 401
271 396
270 391
269 386
269 381
269 376
270 371
271 366
272 361
271 356
270 351
268 346
268 341
268 336
268 331
268 326
268 321
267 316
266 311
266 306
264 301
264 296
263 291
262 286
261 281
260 276
260 271
259 267
255 266
253 270
252 275
252 280
251 285
251 290
249 295
248 300
248 305
247 310
246 315
246 320
246 325
246 330
246 335
246 340
245 345
245 350
244 355
242 360
242 365
244 370
245 375
246 380
246 385
244 390
243 395
242 400
242 405
242 410
240 415
240 420
240 425
238 430
239 435
239 440
238 445
239 450
239 455
239 460
237 465
236 470
235 475
235 480
235 485
233 490
229 494
224 495
219 495
217 495
230.438 256.219
265.776 231.398
255.476 141.5
227.35 294.33
255.473 186.5
284.447 273.711
240.256 221.602
234.663 141.5
253.649 113.699
276.61 131.944
282.941 224.835
225.245 224.606
251.109 43.6159
268.22 56.5881
265.092 34.0096
272.774 69.2963
227.22 374.244
226.833 407.167
285.036 296.993
282.415 343.317
286.252 413.35
286.165 381.366
221.736 241.894
280.068 149.614
292.895 224.974
245.926 30.1392
236.467 53.2935
291.805 482.939
230.374 211.226
278.397 60.1113
252.645 69.3391
285.993 424.448
286.009 434.56
235.259 235.639
255.046 34.3669
238.645 40.674
222.757 215.98
248.161 204.18
271.116 204.977
262.702 65.7355
261.451 78.0789
253.672 56.3703
255.823 94.5802
250.37 80.4376
243.768 62.1112
245.694 51.339
261.778 87.401
233.51 63.1735
239.678 72.6791
286.596 445.173
226.2 233.8
250.465 233.145
231.685 245.656
246.064 252.709
240.69 211.295
248.199 89.397
287.274 456.406
242.173 230.193
255.793 218.147
244.109 241.992
259.628 245.483
289.651 467.396
259.553 207.023
255.988 197.065
257.543 227.214
258.621 236.66
281.43 246.614
287.763 236.112
276.221 236.312
294.417 247.285
270.55 245.648
274.662 261.084
256.259 255.504
288.777 260.25
272.136 273.146
277.737 285.529
266.458 255.003
298.194 256.637
296.494 270.159
294.007 283.929
274.56 295.607
295.825 294.79
222.577 482.423
224.321 471.235
226.693 460.049
228.628 449.859
262.913 45.8175
275.163 41.9739
280.591 50.3631
227.946 419.196
227.939 429.283
228.707 439.557
284.149 356.247
287.283 397.762
292.516 405.936
281.432 405.203
217.233 254.435
221.647 271.529
222.923 262.083
285.804 139.318
268.728 142.66
262.934 164.832
240.484 167.103
269.193 154.624
279.955 163.675
256.679 153.973
251.527 164.172
245.069 148.798
256.635 174.782
232.665 155.418
273.509 182.373
266.971 174.356
286.513 156.696
229.148 166.23
224.869 147.196
270.74 218.651
267.069 105.542
257.198 104.419
243.183 104.378
228.133 120.32
265.137 96.2734
266.973 120.501
262.987 131.966
248.171 128.019
244.785 138.135
231.411 108.34
240.945 117.197
217.474 110.965
281.384 113.113
257.17 123.254
217.02 122.232
276.83 121.979
290.728 123.515
291.788 132.514
272.255 113.055
294.749 110.505
299.915 119.229
310.57 111.774
303.048 106.302
321.634 112.054
331.556 114.008
341.618 115.018
240.603 264.936
283.379 368.949
292.937 373.326
280.356 389.998
292.194 389.191
281.445 174.648
267.652 193.181
279.824 192.786
282.554 203.941
286.052 214.327
277.124 211.984
228.562 360.846
221.36 366.891
230.704 346.62
230.643 331.215
236.441 338.894
225.214 338.939
226.592 390.7
220.889 399.019
220.416 382.225
234.805 382.773
232.182 398.853
283.473 327.778
277.483 335.176
288.152 335.902
234.646 196.038
245.522 192.28
235.597 181.174
246.642 179.707
228.2 175.503
227.726 202.286
228.766 188.199
225.231 132.811
236.564 129.759
204.14 111.695
192.517 112.367
182.467 113.855
172.368 114.87
162.686 115.313
235.486 280.314
242.613 274.145
238.279 291.305
224.046 283.043
216.381 291.413
214.324 279.061
231.947 270.596
227.967 313.3
223.439 323.134
220.026 304.063
235.665 303.555
235.229 321.372
282.109 312.276
277.441 320.498
275.596 305.182
292.409 306.327
290.81 319.322
216 121.451
667
216.741 493.607
219.308 489.754
219.975 488.754
221.713 486.146
223.257 482.318
224.385 476.274
225.703 469.208
226.266 466.185
227.749 458.148
228.45 454.127
229.155 447.259
229.413 440.397
229.131 436.221
228.7 430.935
228.17 424.605
227.566 417.854
226.74 411.488
226.218 407.504
226.099 405.101
225.999 401.624
225.842 395.136
225.751 391.097
225.607 384.477
225.656 379.635
226.055 374.898
226.153 373.697
226.318 371.424
226.632 368.922
227.5 362.576
230.017 351.744
231.683 344.474
232.418 341.025
231.887 335.202
231.265 331.693
229.372 321.198
228.672 317.56
228.035 314.224
227.01 308.84
225.733 302.075
224.952 297.729
224.1 293.045
223.383 288.983
222.879 285.781
222.399 282.981
221.876 278.309
221.248 271.915
222.006 264.644
222.713 257.912
223.009 252.919
223.761 250.033
227.076 244.991
227.965 243.58
229.681 240.942
235.258 233.732
237.907 230.567
0 0
238.464 229.638
240.649 226.536
244.911 220.423
248.841 213.75
250.517 203.204
250.986 195.609
251.339 189.2
251.881 180.658
252.075 177.66
252.644 170.122
253.381 161.818
254.021 150.504
247.277 144.847
244.73 145.52
245.297 145.342
253.534 142.747
252.567 133.323
242.637 124.137
226.433 116.55
206.993 108.536
195.636 108.199
190.199 110.418
185.669 112.5
180.805 114.477
176.009 114.828
172.223 115.215
167.775 115.441
163.025 115.673
158.169 115.882
159.473 115.73
147.974 116.294
141.63 116.455
135.722 116.57
131.934 116.553
128.685 116.087
124.549 115.53
120.202 115.542
113.786 115.648
108.136 115.745
102.734 115.836
97.9682 115.888
93.8508 115.75
88.8974 115.477
83.0373 115.112
78.5089 114.848
60.4444 114.667
64.245 115.43
61.1811 115.648
51.8672 117.359
51.3168 117.489
44.9009 119.086
41.2795 119.921
36.0812 125.71
33.1091 129.535
34.7146 127.469
30.8122 120.715
37.403 119.108
24.6421 117.914
23.5701 117.736
15.8023 118.321
13.739 118.478
9.07196 118.839
9.62424 118.796
12.0152 118.611
20.4171 117.969
20.0256 118.006
30.077 117.948
37.637 119.147
41.5143 119.955
44.3466 119.225
47.904 118.338
55.9821 116.352
60.3193 115.756
65.1113 115.343
70.7065 115.009
75.4288 114.841
79.4218 114.895
90.6993 115.563
89.5465 115.517
94.7915 115.792
98.9035 115.881
101.195 115.852
133.333 115.556
121.152 115.556
121.17 115.529
124.857 115.558
128.601 116.076
125.788 115.942
137.004 116.548
143.172 116.418
141.585 116.442
156.21 115.966
161.883 115.723
165.602 115.547
169.44 115.364
175.246 114.903
182.19 114.149
187.374 111.719
191.15 109.989
196.929 107.699
198.905 106.912
202.011 106.341
209.357 109.492
212.023 110.585
219.708 113.714
231.186 118.675
246.434 125.005
257.112 127.302
256.254 99.4684
255.111 48
247.727 52.9583
0 0
218.263 84.5551
243.732 56.7027
248.541 51.0168
239.148 53.3291
236.081 54.1965
240.516 52.7849
234.458 54.717
243.843 51.6711
252.323 47.0272
254.519 42.7242
253.32 39.5823
252.8 38.1093
250.479 33.9953
247.229 28.5121
246.996 28.1186
249.308 32.0162
248.806 31.1577
251.663 36.0519
258.167 41.928
260.849 38.6054
260.956 38.4615
260.602 39.0286
258.867 42.1631
260.323 44.1884
264.312 46.7175
268.348 48.1733
273.701 49.4194
277.187 50.119
273.059 49.2774
270.976 48.8464
263.583 47.4122
267.171 49.3849
0 0
268.446 49.093
258.873 47.315
255.141 61.4377
256.562 110.074
261.943 126.496
268.926 126.781
286.426 117.894
297.266 112.429
303.023 109.959
306.451 108.453
308.692 107.523
312.607 105.886
316.883 108.016
320.87 109.687
325.929 111.822
331.789 114.323
337.624 115.26
342.211 115.841
346.404 116.013
343.284 115.711
358.713 116.277
364.028 116.25
362.913 116.253
358.326 115.896
382.321 116.049
384.299 115.999
388.16 115.736
392.017 115.703
395.482 115.738
399.542 115.784
408.588 115.844
413.01 115.696
418.031 115.503
423.014 115.31
428.551 115.094
433.437 114.912
437.518 114.889
442.308 115.007
448.016 115.258
452.916 115.603
457.11 116.085
462.261 117.778
467.495 119.661
471.861 119.093
477.133 117.779
483.386 117.372
487.833 117.485
496.837 117.687
501.099 117.538
503.098 117.408
500.721 117.564
496.942 117.8
492.434 117.829
492.19 117.578
487.553 117.487
480.868 117.984
471.028 122.97
474.326 126.077
479.371 130.085
475.975 128.118
471.042 123.117
467.344 119.578
462.657 117.915
459.812 116.957
452.003 115.505
456 114.667
436.537 114.898
434.352 114.885
429.216 115.068
423.961 115.273
430.94 115.058
389.333 116.444
409.22 115.83
404.754 115.842
399.464 115.784
393.03 115.711
388.56 115.715
384.423 115.996
381.075 116.083
377.197 116.141
371.334 116.201
364.998 116.244
359.692 116.273
354.729 116.276
347.503 116.063
345.122 115.957
340.634 115.685
336.876 115.159
332.484 114.587
328.018 112.706
322.159 110.228
315.694 107.501
307.022 108.228
291.878 115.155
273.11 124.615
266.159 131.01
261.714 135.913
259.76 141.714
260.949 142.073
260.733 142.461
258.529 147.535
256.733 153.508
255.582 159.531
254.012 168.42
252.481 178.634
252.372 187.95
252.732 198.841
254.392 207.582
256.769 214.39
261.939 219.762
268.979 226.181
278.145 231.031
294.902 227.048
296.299 227.216
277.945 231.078
278.02 234.554
282.495 242.778
286.23 249.593
287.441 251.901
288.243 253.586
289.441 257.032
290.628 260.388
293.856 269.65
293.306 273.462
293.079 275.566
292.31 283.039
290.259 290.108
289.562 292.232
288.239 296.725
287.161 301.329
286.126 305.623
284.356 314.923
283.84 317.654
283.395 320.35
282.261 328.528
281.836 331.653
281.176 338.134
281.074 343.428
282.518 349.652
284.329 357.92
286.105 366.411
286.977 371.079
287.272 372.657
287.635 374.48
287.529 378.875
287.497 380.13
287.378 384.87
287.126 393.243
286.966 398.121
286.79 403.464
286.628 408.359
286.495 411.485
286.418 413.286
286.144 418.714
285.807 426.853
285.626 433.034
285.498 439.609
285.416 444.484
285.903 449.114
286.697 454.485
287.807 460.106
289.038 465.91
290.387 472.257
291.862 479.18
293.118 485.088
294.301 486.649
294.86 487.069
294.711 486.96
293.945 486.377
292.005 486.747
290.241 487.884
284.739 491.413
288.014 489.311
292.979 484.424
291.724 478.535
290.255 471.636
287.99 460.973
287.356 457.983
286.64 454.089
286.125 450.602
285.47 446.381
285.468 441.77
285.531 436.939
285.698 430.622
285.894 423.837
286.175 418.132
286.352 414.614
286.469 412.089
286.637 407.946
287.01 396.798
287.131 393.107
287.325 387.147
287.401 384.138
287.479 381.22
287.306 376.683
287.241 374.971
286.825 370.007
285.153 361.932
283.275 353.1
281.802 346.39
280.947 342.532
281.007 340.686
281.06 337.673
281.637 333.154
281.986 330.559
283.201 321.554
284.305 315.108
285.123 310.877
286.097 305.85
286.947 301.652
287.589 298.394
289.698 292.456
291.618 286.431
292.124 279.043
292.74 271.717
286.98 254.409
290.667 240.889
245.086 226.75
226.493 249.106
221.274 273.038
222.383 280.899
222.769 283.877
223.683 290.097
224.247 293.473
225.39 299.99
226.287 305.074
227.132 309.484
227.709 312.518
229.52 322.017
230.521 327.528
231.422 332.529
232.171 336.798
232.645 339.712
231.983 342.84
231.334 346.079
230.351 350.28
229.395 354.433
226.668 369.331
225.922 376.458
225.663 379.905
225.605 381.304
225.591 381.346
225.599 384.657
225.677 388.029
225.929 398.827
226.106 405.218
226.413 408.942
227.043 413.855
227.84 420.344
228.142 424.271
228.633 430.111
229.137 436.306
229.421 439.793
229.219 445.538
228.995 451.296
228.41 454.299
227.975 456.844
227.199 461.183
226.524 464.804
224.362 476.395
223.202 482.606
222.657 485.19
222.31 485.588
222.102 485.772
221.374 486.76
219.802 489.067
216.711 493.652
224.235 249.416
262.179 224.475
257.109 138.31
223.752 290.85
252.179 184.375
293.793 270.648
246.819 220.739
254.508 136.694
257.768 128.26
261.885 130.249
270.843 227.797
239.66 228.256
255.497 43.9973
260.272 46.03
258.533 42.2205
264.074 47.751
225.805 378.038
226.3 408.082
288.997 294.229
281.01 342.967
287.453 439.317
287.479 381.238
228.615 242.653
259.969 142.533
276.946 231.307
253.034 38.7529
250.402 49.5237
0 0
248.3 215.641
264.912 47.6422
254.278 49.9481
285.67 432.048
285.564 436.16
239.425 228.794
255.383 41.9659
255.055 43.565
243.237 222.982
251.238 206.051
254.368 210.154
257.583 47.8653
256.114 49.3513
256.626 44.3169
256.229 98.9157
255.045 55.1972
251.806 49.0631
253.469 46.6033
255.331 67.9563
248.166 50.9514
244.663 52.0295
285.428 445.291
235.928 232.92
249.658 223.764
231.343 238.977
257.778 197.333
245.582 220.39
255.902 86.7557
288.629 462.882
244.866 223.965
254.307 218.759
246.581 224.453
257.165 225.848
291.005 475.151
253.658 209.586
251.802 198.272
254.993 220.986
256.97 224.234
282.606 242.96
277.731 234.078
273.405 229.077
284.502 246.469
275.06 231.358
286.727 251.556
254.149 226.866
289.63 257.686
289.949 264.499
292.545 278.867
276.159 232.159
288.422 254.147
293.795 269.421
292.215 283.73
287.614 298.321
289.358 292.976
221.019 487.271
225.718 469.122
227.121 461.057
228.943 449.912
258.523 43.4496
260.873 44.9228
269.422 48.4376
224.889 456.889
229.167 438.813
229.319 442.829
284.765 360.132
287.002 397.01
286.673 407.006
286.824 402.387
223.513 250.583
221.264 271.618
222.43 260.126
262.223 134.499
260.273 139.806
255.348 157.437
253.611 160.682
257.717 146.622
257.28 151.504
257.094 149.325
255.674 156.008
0 0
253.311 170.241
254.029 148.948
252.427 183.321
254.23 166.192
260.2 143.408
253.516 160.245
250.522 143.773
259.65 219.202
260.385 126.426
257.016 120.496
256.889 111.111
242.483 123.585
256.799 115.571
261.43 128.899
259.474 133.113
259.737 131.18
255.09 135.869
243.89 124.116
252.658 127.854
222.993 115.196
267.101 127.245
258.466 129.979
238.964 122.136
264.652 128.01
280.628 121.019
267.5 129.304
263.724 127.45
296.195 112.945
292.164 115.13
314.033 106.728
305.242 108.998
316.444 111.111
332.116 114.448
338.168 115.333
228.052 244.498
292.444 456
287.306 372.812
287.236 389.242
287.306 387.742
254.925 163.139
252.089 194.835
251.731 195.096
252.25 198.807
257.895 222.988
259.422 218.236
229.055 356.518
226.423 370.913
230.601 349.313
231.526 333.155
232.642 339.59
232.527 340.257
225.724 390.073
225.938 399.219
225.542 381.29
225.728 385.187
230.459 336.673
282.258 328.541
281.134 338.004
281.205 337.105
250.948 203.939
251.411 192.958
252.076 177.9
251.708 190.845
252.207 176.062
250.389 205.235
251.181 192.218
252.484 130.968
252.996 128.69
195.953 109.511
193.887 108.956
187.649 111.648
174.494 114.964
169.926 115.261
222.578 282.879
221.254 272.5
223.924 291.547
222.39 282.425
223.27 288.17
222.079 280.168
226.667 241.778
227.68 312.355
229.618 322.534
225.869 302.816
223.576 289.192
226.017 302.865
287.401 300.92
286.222 336.889
285.804 307.407
286.607 303.65
283.922 317.308
199.111 112
1529
0 0
0 0
0 0
0 0
0 0
0 0
0 0
0 0
0 0
0 0
0 0
0 0
0 0
0 0
0 0
0 0
0 0
0 0
0 0
0 0
0 0
0 0
0 0
0 0
0 0
0 0
0 0
0 0
0 0
0 0
0 0
0 0
0 0
0 0
0 0
0 0
0 0
0 0
0 0
557 631
0 0
0 0
0 0
0 0
0 0
0 0
0 0
0 0
0 0
0 0
0 0
0 0
0 0
0 0
0 0
0 0
0 0
0 0
0 0
0 0
0 0
0 0
0 0
0 0
0 0
0 0
0 0
0 0
0 0
0 0
0 0
0 0
0 0
0 0
0 0
0 0
0 0
0 0
0 0
0 0
0 0
0 0
0 0
0 0
0 0
0 0
0 0
0 0
0 0
0 0
0 0
0 0
0 0
0 0
0 0
0 0
0 0
0 0
0 0
0 0
0 0
0 0
0 0
0 0
0 0
0 0
0 0
0 0
0 0
631 655
0 0
0 0
0 0
0 0
0 0
0 0
0 0
0 0
0 0
0 0
0 0
0 0
0 0
0 0
0 0
0 0
0 0
0 0
0 0
0 0
0 0
655 521
0 0
0 0
0 0
0 0
0 0
0 0
0 0
0 0
0 0
0 0
0 0
0 0
0 0
0 0
0 0
0 0
0 0
0 0
0 0
0 0
0 0
0 0
0 0
0 0
0 0
0 0
0 0
0 0
0 0
0 0
0 0
0 0
0 0
0 0
0 0
0 0
0 0
0 0
0 0
0 0
0 0
0 0
0 0
0 0
0 0
521 586
0 0
0 0
0 0
0 0
0 0
0 0
0 0
0 0
0 0
0 0
0 0
0 0
0 0
0 0
0 0
0 0
0 0
0 0
0 0
0 0
0 0
0 0
0 0
0 0
0 0
0 0
0 0
0 0
0 0
0 0
0 0
0 0
0 0
0 0
0 0
0 0
0 0
0 0
0 0
0 0
0 0
0 0
0 0
0 0
0 0
0 0
0 0
0 0
0 0
0 0
0 0
0 0
0 0
0 0
0 0
0 0
0 0
0 0
0 0
0 0
0 0
0 0
0 0
0 0
0 0
0 0
0 0
0 0
0 0
0 0
0 0
0 0
0 0
0 0
0 0
0 0
0 0
138 101
0 0
0 0
0 0
0 0
0 0
0 0
0 0
0 0
0 0
0 0
0 0
0 0
0 0
0 0
0 0
0 0
0 0
0 0
0 0
0 0
0 0
0 0
0 0
0 0
0 0
0 0
0 0
0 0
0 0
0 0
0 0
0 0
0 0
0 0
0 0
0 0
0 0
0 0
0 0
0 0
0 0
0 0
0 0
0 0
0 0
0 0
0 0
0 0
0 0
0 0
0 0
0 0
0 0
0 0
0 0
0 0
0 0
0 0
0 0
0 0
0 0
0 0
0 0
0 0
0 0
0 0
0 0
0 0
0 0
0 0
0 0
0 0
0 0
0 0
0 0
0 0
0 0
0 0
0 0
0 0
0 0
0 0
0 0
0 0
0 0
0 0
0 0
0 0
0 0
0 0
0 0
0 0
0 0
0 0
0 0
0 0
0 0
0 0
0 0
0 0
0 0
0 0
0 0
0 0
0 0
0 0
0 0
0 0
0 0
0 0
0 0
0 0
0 0
0 0
0 0
0 0
0 0
0 0
0 0
0 0
0 0
586 165
0 0
0 0
0 0
0 0
0 0
0 0
0 0
0 0
0 0
0 0
0 0
0 0
0 0
0 0
0 0
0 0
0 0
0 0
0 0
0 0
0 0
0 0
0 0
0 0
0 0
0 0
0 0
0 0
0 0
0 0
0 0
0 0
0 0
0 0
0 0
0 0
0 0
0 0
0 0
0 0
0 0
0 0
0 0
0 0
0 0
0 0
0 0
0 0
0 0
0 0
0 0
0 0
0 0
0 0
0 0
0 0
0 0
0 0
0 0
0 0
0 0
0 0
0 0
0 0
0 0
0 0
0 0
0 0
0 0
0 0
0 0
0 0
0 0
0 0
0 0
0 0
0 0
0 0
0 0
0 0
0 0
0 0
0 0
0 0
0 0
0 0
0 0
0 0
0 0
0 0
0 0
0 0
0 0
0 0
0 0
0 0
0 0
0 0
0 0
0 0
0 0
0 0
0 0
0 0
0 0
0 0
0 0
0 0
0 0
0 0
0 0
0 0
0 0
0 0
586 607
0 0
0 0
0 0
0 0
0 0
0 0
0 0
0 0
0 0
0 0
0 0
0 0
607 272
0 0
0 0
0 0
0 0
0 0
0 0
0 0
0 0
0 0
0 0
0 0
0 0
0 0
0 0
0 0
0 0
0 0
0 0
0 0
0 0
0 0
0 0
0 0
0 0
0 0
0 0
0 0
0 0
0 0
0 0
0 0
0 0
0 0
0 0
0 0
0 0
0 0
0 0
0 0
0 0
0 0
0 0
0 0
0 0
0 0
0 0
0 0
0 0
0 0
0 0
0 0
0 0
0 0
0 0
0 0
0 0
0 0
0 0
0 0
0 0
272 266
0 0
0 0
0 0
0 0
0 0
0 0
0 0
0 0
0 0
0 0
0 0
0 0
0 0
0 0
0 0
0 0
0 0
0 0
0 0
0 0
0 0
0 0
0 0
0 0
0 0
0 0
0 0
0 0
0 0
0 0
0 0
0 0
0 0
0 0
0 0
0 0
0 0
0 0
0 0
0 0
0 0
0 0
0 0
0 0
0 0
0 0
0 0
0 0
0 0
0 0
0 0
0 0
0 0
0 0
0 0
0 0
0 0
0 0
0 0
0 0
0 0
0 0
0 0
0 0
0 0
0 0
0 0
0 0
0 0
0 0
0 0
0 0
0 0
0 0
0 0
0 0
0 0
0 0
0 0
0 0
0 0
0 0
0 0
0 0
0 0
0 0
0 0
0 0
0 0
0 0
0 0
0 0
0 0
0 0
0 0
0 0
0 0
0 0
0 0
0 0
0 0
0 0
0 0
0 0
0 0
0 0
0 0
0 0
0 0
0 0
0 0
0 0
0 0
0 0
0 0
0 0
0 0
0 0
0 0
0 0
0 0
0 0
0 0
0 0
0 0
0 0
0 0
0 0
0 0
0 0
0 0
0 0
0 0
0 0
0 0
0 0
0 0
0 0
0 0
0 0
0 0
0 0
0 0
0 0
521 417
0 0
0 0
0 0
0 0
0 0
0 0
0 0
0 0
0 0
0 0
0 0
0 0
0 0
0 0
0 0
0 0
0 0
0 0
0 0
0 0
0 0
0 0
0 0
0 0
0 0
417 662
0 0
0 0
0 0
0 0
0 0
0 0
0 0
0 0
0 0
0 0
0 0
0 0
0 0
0 0
0 0
0 0
0 0
0 0
0 0
0 0
0 0
0 0
0 0
0 0
0 0
0 0
0 0
0 0
0 0
0 0
0 0
0 0
0 0
0 0
0 0
0 0
0 0
0 0
662 611
0 0
0 0
0 0
0 0
0 0
0 0
0 0
0 0
0 0
0 0
0 0
0 0
0 0
0 0
0 0
0 0
0 0
0 0
0 0
0 0
0 0
0 0
0 0
0 0
0 0
0 0
0 0
0 0
0 0
0 0
0 0
0 0
0 0
0 0
0 0
0 0
0 0
0 0
0 0
0 0
0 0
0 0
0 0
0 0
0 0
0 0
0 0
0 0
0 0
0 0
0 0
0 0
0 0
0 0
0 0
0 0
0 0
0 0
0 0
0 0
0 0
0 0
0 0
0 0
0 0
0 0
0 0
0 0
0 0
0 0
0 0
0 0
0 0
0 0
0 0
0 0
0 0
0 0
0 0
0 0
0 0
0 0
0 0
0 0
0 0
0 0
0 0
0 0
0 0
0 0
0 0
0 0
0 0
0 0
0 0
0 0
0 0
0 0
0 0
0 0
0 0
0 0
0 0
0 0
0 0
0 0
0 0
0 0
0 0
0 0
0 0
0 0
0 0
0 0
0 0
0 0
0 0
0 0
0 0
0 0
0 0
0 0
0 0
0 0
0 0
0 0
0 0
0 0
0 0
0 0
0 0
0 0
0 0
0 0
0 0
0 0
0 0
0 0
0 0
0 0
0 0
0 0
0 0
0 0
0 0
0 0
0 0
0 0
0 0
0 0
0 0
0 0
0 0
0 0
0 0
0 0
0 0
0 0
0 0
0 0
0 0
0 0
0 0
0 0
0 0
0 0
0 0
0 0
0 0
0 0
0 0
0 0
0 0
0 0
0 0
0 0
0 0
0 0
0 0
0 0
0 0
0 0
0 0
0 0
0 0
0 0
0 0
0 0
0 0
0 0
0 0
0 0
0 0
0 0
0 0
0 0
0 0
0 0
0 0
0 0
0 0
0 0
0 0
0 0
0 0
0 0
0 0
0 0
0 0
0 0
0 0
0 0
0 0
0 0
0 0
0 0
0 0
0 0
0 0
0 0
0 0
0 0
0 0
0 0
0 0
0 0
0 0
0 0
0 0
0 0
0 0
0 0
0 0
0 0
0 0
0 0
0 0
0 0
0 0
0 0
0 0
0 0
0 0
0 0
0 0
0 0
0 0
0 0
0 0
0 0
0 0
0 0
0 0
0 0
0 0
0 0
0 0
0 0
0 0
0 0
0 0
0 0
0 0
0 0
0 0
0 0
0 0
0 0
0 0
0 0
0 0
0 0
0 0
0 0
0 0
0 0
0 0
0 0
0 0
0 0
0 0
0 0
0 0
0 0
0 0
0 0
0 0
0 0
0 0
0 0
0 0
0 0
0 0
0 0
0 0
0 0
0 0
0 0
0 0
0 0
0 0
0 0
0 0
0 0
0 0
0 0
0 0
0 0
0 0
0 0
0 0
0 0
0 0
0 0
0 0
0 0
0 0
0 0
0 0
0 0
0 0
0 0
0 0
0 0
0 0
0 0
0 0
0 0
0 0
0 0
0 0
0 0
0 0
0 0
0 0
0 0
0 0
0 0
0 0
0 0
0 0
0 0
0 0
0 0
0 0
0 0
0 0
0 0
0 0
0 0
0 0
0 0
0 0
0 0
0 0
0 0
0 0
0 0
0 0
0 0
0 0
0 0
0 0
0 0
0 0
0 0
0 0
0 0
0 0
0 0
0 0
0 0
0 0
0 0
0 0
0 0
0 0
0 0
0 0
0 0
0 0
0 0
0 0
0 0
0 0
0 0
0 0
0 0
0 0
0 0
0 0
0 0
0 0
0 0
0 0
0 0
0 0
0 0
0 0
0 0
0 0
0 0
0 0
0 0
0 0
0 0
0 0
0 0
0 0
0 0
0 0
0 0
0 0
0 0
0 0
0 0
0 0
0 0
0 0
0 0
0 0
0 0
0 0
0 0
0 0
0 0
0 0
0 0
0 0
0 0
0 0
0 0
0 0
0 0
0 0
0 0
0 0
0 0
0 0
0 0
0 0
0 0
0 0
0 0
0 0
0 0
0 0
0 0
0 0
0 0
0 0
0 0
0 0
0 0
0 0
0 0
0 0
0 0
0 0
0 0
0 0
0 0
0 0
0 0
0 0
0 0
0 0
0 0
0 0
0 0
0 0
0 0
0 0
0 0
0 0
0 0
0 0
0 0
0 0
0 0
0 0
0 0
0 0
0 0
0 0
0 0
0 0
0 0
0 0
0 0
0 0
0 0
0 0
0 0
0 0
0 0
0 0
0 0
0 0
0 0
0 0
0 0
0 0
0 0
0 0
0 0
0 0
0 0
0 0
0 0
0 0
0 0
0 0
0 0
0 0
0 0
0 0
0 0
0 0
0 0
0 0
0 0
0 0
0 0
0 0
0 0
0 0
0 0
0 0
0 0
0 0
0 0
0 0
0 0
0 0
0 0
0 0
0 0
0 0
0 0
0 0
0 0
0 0
0 0
0 0
0 0
0 0
0 0
0 0
0 0
0 0
0 0
0 0
0 0
0 0
0 0
0 0
0 0
0 0
0 0
0 0
0 0
0 0
0 0
0 0
0 0
0 0
0 0
0 0
0 0
0 0
0 0
0 0
0 0
0 0
0 0
0 0
0 0
0 0
0 0
0 0
0 0
0 0
0 0
0 0
0 0
0 0
0 0
0 0
0 0
0 0
0 0
0 0
0 0
0 0
0 0
0 0
0 0
0 0
0 0
0 0
0 0
0 0
0 0
0 0
0 0
0 0
0 0
0 0
0 0
0 0
0 0
0 0
0 0
0 0
0 0
0 0
0 0
0 0
0 0
0 0
0 0
0 0
0 0
0 0
0 0
0 0
0 0
0 0
0 0
0 0
0 0
0 0
0 0
0 0
0 0
0 0
0 0
0 0
0 0
0 0
0 0
0 0
0 0
0 0
0 0
0 0
0 0
0 0
0 0
0 0
0 0
0 0
0 0
0 0
0 0
0 0
0 0
0 0
0 0
0 0
0 0
0 0
0 0
0 0
0 0
0 0
0 0
0 0
0 0
0 0
0 0
0 0
0 0
0 0
0 0
0 0
0 0
0 0
0 0
0 0
0 0
0 0
0 0
0 0
0 0
0 0
0 0
0 0
0 0
0 0
0 0
0 0
0 0
0 0
0 0
0 0
0 0
0 0
0 0
0 0
0 0
0 0
0 0
0 0
0 0
0 0
0 0
0 0
0 0
0 0
0 0
0 0
0 0
0 0
0 0
0 0
0 0
0 0
0 0
0 0
0 0
0 0
0 0
0 0
0 0
0 0
0 0
0 0
0 0
0 0
0 0
0 0
0 0
0 0
0 0
0 0
0 0
0 0
0 0
0 0
0 0
0 0
0 0
0 0
0 0
0 0
0 0
0 0
0 0
586 666
666 138
1527
0 1
467 0
1 2
1 467
1 550
2 3
2 550
3 4
550 3
4 5
4 550
5 6
550 5
551 5
6 7
551 6
7 8
551 7
7 552
8 9
552 8
9 10
9 552
553 9
10 11
553 10
10 559
11 12
559 11
12 13
558 12
559 12
13 14
13 558
14 15
14 557
558 14
15 16
557 15
16 17
485 16
557 16
17 18
17 485
18 19
485 18
628 18
19 20
19 628
20 21
20 628
21 22
627 21
628 21
629 21
22 23
629 22
23 24
629 23
24 25
622 24
24 629
25 26
622 25
26 27
26 622
27 28
27 622
28 29
28 621
28 622
29 30
29 621
29 623
30 31
623 30
30 626
31 32
31 626
32 33
626 32
33 34
33 624
33 626
33 657
34 35
657 34
35 36
35 657
36 37
36 656
657 36
37 38
37 656
658 37
38 39
658 38
39 40
653 39
658 39
40 41
40 653
41 42
653 41
42 43
42 653
654 42
43 44
43 654
44 45
654 44
45 46
565 45
654 45
46 47
565 46
46 566
47 48
564 47
47 566
48 49
48 564
49 50
49 564
50 51
490 50
50 564
51 52
490 51
52 53
52 490
53 54
490 53
518 53
54 55
54 56
54 479
518 54
55 56
56 57
56 479
504 56
57 58
57 504
58 59
504 58
59 60
59 496
59 504
640 59
60 61
60 640
61 62
640 61
61 641
62 63
641 62
63 64
639 63
641 63
64 65
64 639
65 66
65 581
639 65
66 67
581 66
67 68
577 67
67 581
68 69
577 68
582 68
69 70
69 582
70 71
582 70
71 72
582 71
72 73
582 72
72 642
73 74
73 598
642 73
74 75
598 74
75 76
598 75
644 75
76 77
76 644
645 76
77 78
77 645
78 79
645 78
78 646
79 80
79 646
80 81
80 646
647 80
81 82
81 647
82 83
647 82
648 82
83 84
83 648
84 85
84 648
85 86
146 85
147 85
648 85
86 87
145 86
146 86
87 88
144 87
87 145
88 89
143 88
88 144
89 90
143 89
90 91
90 142
143 90
91 92
140 91
141 91
142 91
92 93
139 92
92 140
93 94
138 93
139 93
94 95
94 137
94 138
95 96
136 95
95 137
96 97
135 96
136 96
97 98
97 134
135 97
98 99
98 133
98 134
99 100
132 99
99 133
100 101
131 100
100 132
101 102
101 130
101 131
102 103
129 102
102 130
103 104
103 128
103 129
104 105
126 104
127 104
128 104
105 106
105 126
106 107
111 106
125 106
106 126
107 108
111 107
108 109
110 108
111 108
109 110
110 111
111 112
111 123
111 124
125 111
112 113
122 112
123 112
113 114
121 113
113 122
114 115
114 120
121 114
115 116
115 119
115 120
116 117
118 116
119 116
117 118
118 119
119 120
120 121
121 122
122 123
123 124
124 125
125 126
126 127
127 128
128 129
129 130
130 131
131 132
132 133
133 134
134 135
135 136
136 137
137 138
138 139
139 140
140 141
141 142
142 143
143 144
144 145
145 146
146 147
147 148
147 648
148 149
648 148
149 150
149 647
149 648
150 151
150 647
151 152
151 646
647 151
152 153
152 646
153 154
645 153
153 646
154 155
154 645
155 156
644 155
155 645
156 157
644 156
157 158
644 157
158 159
595 158
644 158
159 160
595 159
160 161
595 160
161 162
161 593
161 595
162 163
586 162
593 162
163 164
586 163
164 165
164 523
164 586
165 166
511 165
516 165
165 523
166 167
516 166
167 168
167 169
167 516
168 169
169 170
516 169
170 171
170 515
170 516
171 172
171 515
172 173
515 172
173 174
175 173
494 173
173 515
174 175
175 176
494 175
176 177
494 176
503 176
177 178
503 177
178 179
503 178
179 180
179 493
179 503
180 181
493 180
181 182
493 181
182 183
493 182
183 184
183 185
183 493
184 185
185 186
482 185
185 493
185 502
186 187
186 482
187 188
187 482
188 189
188 482
189 190
482 189
190 191
190 482
190 555
191 192
555 191
192 193
192 555
193 194
555 193
556 193
194 195
556 194
195 196
556 195
196 197
497 196
556 196
197 198
497 197
198 199
483 198
497 198
199 200
201 199
199 483
200 201
201 202
483 201
202 203
483 202
202 508
203 204
508 203
203 514
203 588
204 205
204 588
205 206
205 584
205 588
206 207
206 584
596 206
206 602
207 208
596 207
207 603
208 209
208 603
209 210
209 603
209 606
210 211
210 606
211 212
211 606
212 213
605 212
212 606
213 214
213 605
607 213
214 215
214 607
215 216
215 607
608 215
216 217
608 216
217 218
608 217
609 217
218 219
218 609
219 220
609 219
220 221
220 284
285 220
220 609
221 222
221 283
284 221
222 223
282 222
283 222
223 224
223 281
282 223
224 225
280 224
224 281
225 226
278 225
225 279
280 225
226 227
226 277
226 278
227 228
227 277
228 229
276 228
228 277
229 230
275 229
229 276
230 231
230 274
275 230
231 232
273 231
274 231
232 233
232 272
273 232
233 234
271 233
272 233
234 235
270 234
271 234
235 236
235 269
270 235
236 237
236 268
269 236
237 238
267 237
237 268
238 239
266 238
238 267
239 240
239 265
266 239
240 241
264 240
240 265
241 242
264 241
242 243
242 262
263 242
264 242
243 244
243 257
243 262
244 245
256 244
244 257
245 246
255 245
256 245
246 247
254 246
246 255
247 248
253 247
247 254
248 249
252 248
253 248
249 250
251 249
252 249
250 251
251 252
252 253
253 254
254 255
255 256
256 257
257 258
257 261
257 262
258 259
260 258
258 261
259 260
260 261
261 262
262 263
263 264
264 265
265 266
266 267
267 268
268 269
269 270
270 271
271 272
272 273
273 274
274 275
275 276
276 277
277 278
278 279
279 280
280 281
281 282
282 283
283 284
284 285
285 286
285 609
286 287
609 286
287 288
287 609
288 289
288 608
609 288
289 290
289 608
290 291
290 607
608 290
291 292
607 291
292 293
605 292
607 292
293 294
604 293
293 605
294 295
604 294
295 296
295 600
601 295
295 604
296 297
601 296
297 298
567 297
297 601
298 299
298 491
298 567
580 298
299 300
580 299
300 301
300 580
301 302
301 572
580 301
302 303
572 302
302 615
303 304
615 303
304 305
304 615
305 306
305 578
305 615
617 305
306 307
306 617
307 308
307 617
308 309
308 617
308 618
309 310
618 309
310 311
310 618
619 310
311 312
311 492
311 619
312 313
492 312
313 314
313 315
492 313
314 315
315 316
492 315
535 315
316 317
316 535
317 318
317 535
537 317
318 319
318 537
319 320
319 537
319 545
320 321
320 545
321 322
321 545
322 323
545 322
322 546
323 324
546 323
324 325
324 546
325 326
325 546
325 547
326 327
547 326
327 328
327 547
549 327
328 329
328 549
329 330
549 329
330 331
549 330
664 330
331 332
331 664
332 333
664 332
665 332
333 334
333 665
334 335
334 665
335 336
632 335
335 634
335 665
336 337
336 634
337 338
634 337
338 339
487 338
634 338
339 340
339 487
560 339
340 341
340 560
341 342
560 341
341 611
612 341
342 343
612 342
343 344
343 612
344 345
344 612
345 346
345 347
612 345
614 345
346 347
347 348
614 347
348 349
348 614
349 350
561 349
562 349
614 349
350 351
562 350
351 352
351 562
352 353
352 488
352 562
353 354
353 488
354 355
354 488
499 354
355 356
499 355
356 357
499 356
500 356
357 358
500 357
517 357
358 359
517 358
359 360
359 517
524 359
360 361
360 524
361 362
524 361
361 529
362 363
362 529
363 364
363 529
364 365
495 364
364 529
365 366
365 495
366 367
495 366
367 368
495 367
368 369
495 368
369 370
369 495
370 371
370 495
371 372
371 373
371 495
372 373
373 374
373 495
374 375
374 495
375 376
495 375
529 375
376 377
529 376
377 378
377 524
377 529
378 379
524 378
379 380
524 379
380 381
517 380
524 380
381 382
517 381
382 383
500 382
382 517
383 384
383 500
384 385
499 384
500 384
385 386
385 499
386 387
386 488
499 386
387 388
387 488
388 389
388 488
388 563
389 390
563 389
390 391
390 563
613 390
391 392
391 613
392 393
392 613
393 394
393 613
394 395
489 394
613 394
395 396
395 489
611 395
396 397
396 611
397 398
611 397
398 399
398 560
398 611
399 400
560 399
400 401
487 400
560 400
401 402
487 401
402 403
402 487
402 633
403 404
633 403
404 405
633 404
405 406
405 633
405 662
406 407
662 406
407 408
661 407
662 407
663 407
408 409
663 408
409 410
663 409
410 411
548 410
410 663
411 412
411 548
412 413
412 543
412 548
413 414
413 543
414 415
414 542
414 543
415 416
415 542
416 417
542 416
417 418
539 417
540 417
417 542
544 417
418 419
418 521
418 540
610 418
419 420
610 419
419 650
420 421
420 650
421 422
421 650
422 423
422 649
422 650
651 422
423 424
651 423
424 425
424 651
425 426
425 651
425 659
426 427
659 426
427 428
427 659
428 429
659 428
660 428
429 430
660 429
430 431
430 660
431 432
624 431
431 625
660 431
432 433
432 625
433 434
433 625
434 435
623 434
434 625
435 436
435 623
436 437
436 623
437 438
621 437
623 437
438 439
484 438
621 438
439 440
439 484
630 439
440 441
440 630
441 442
630 441
442 443
442 630
443 444
630 443
444 445
444 630
444 631
445 446
631 445
446 447
485 446
631 446
447 448
447 485
448 449
448 485
557 448
449 450
557 449
450 451
557 450
558 450
451 452
451 558
452 453
558 452
452 559
453 454
453 559
454 455
553 454
454 559
455 456
553 455
456 457
552 456
553 456
457 458
457 552
458 459
458 552
459 460
551 459
459 552
460 461
460 551
461 462
550 461
551 461
462 463
462 550
463 464
550 463
464 465
550 464
465 466
465 550
466 467
466 550
550 467
520 468
521 468
468 564
566 468
610 468
468 655
469 478
532 469
533 469
469 536
538 469
583 469
568 470
573 470
575 470
590 470
591 470
592 470
471 649
651 471
471 652
471 653
658 471
471 659
531 472
472 576
472 578
579 472
472 616
636 472
638 472
539 473
541 473
542 473
543 473
473 546
547 473
479 474
496 474
474 501
474 522
474 525
474 526
474 532
575 475
577 475
475 582
592 475
642 475
475 643
476 584
585 476
586 476
476 589
591 476
476 594
597 476
567 477
477 568
589 477
590 477
599 477
600 477
601 477
478 492
478 535
478 536
478 583
478 619
620 478
479 496
501 479
504 479
479 518
480 493
502 480
480 503
509 480
513 480
554 480
481 483
481 497
507 481
509 481
481 554
481 555
556 481
482 502
554 482
482 555
497 483
507 483
483 508
621 484
484 622
484 629
630 484
557 485
628 485
485 631
486 543
547 486
486 548
549 486
486 661
663 486
486 664
487 560
487 633
487 634
499 488
562 488
563 488
489 611
612 489
613 489
489 614
518 490
490 520
564 490
567 491
568 491
571 491
491 572
580 491
535 492
619 492
493 502
493 503
503 494
494 512
513 494
494 515
495 529
496 504
522 496
640 496
556 497
507 498
508 498
509 498
511 498
512 498
498 516
500 499
517 500
518 501
501 520
525 501
501 527
502 554
513 503
522 505
505 526
505 530
505 531
635 505
636 505
530 506
506 583
616 506
617 506
618 506
620 506
507 508
507 509
508 511
514 508
509 512
513 509
509 554
514 510
510 523
585 510
510 586
510 588
511 514
516 511
511 523
512 513
515 512
516 512
523 514
514 588
515 516
517 524
518 520
519 525
519 527
532 519
533 519
521 520
527 520
564 520
521 527
528 521
521 540
521 610
526 522
635 522
522 640
586 523
524 529
525 527
532 525
526 530
532 526
583 526
527 528
533 527
528 533
538 528
540 528
544 528
530 531
583 530
616 530
616 531
636 531
532 533
583 532
538 533
535 534
534 536
537 534
538 534
539 534
541 534
535 536
535 537
536 538
541 537
537 545
538 539
544 538
541 539
542 539
539 544
540 544
545 541
541 546
542 543
543 547
548 543
546 545
547 546
549 547
548 663
549 664
550 551
552 551
553 552
553 559
555 554
556 555
558 557
558 559
560 611
562 561
561 563
613 561
614 561
562 563
613 563
564 566
565 566
652 565
565 654
565 655
655 566
567 568
567 601
571 568
573 568
568 590
571 569
572 569
573 569
569 574
576 569
569 579
574 570
570 575
570 577
570 581
637 570
570 638
570 639
572 571
573 571
579 572
580 572
615 572
574 573
575 573
574 575
574 576
638 574
575 577
592 575
579 576
576 638
581 577
577 582
578 579
615 578
616 578
617 578
579 615
581 639
642 582
583 620
584 585
584 588
589 584
602 584
585 586
588 585
586 593
586 594
587 593
587 594
587 595
587 598
642 587
587 643
590 589
597 589
589 599
589 602
590 591
590 597
592 591
591 594
591 597
643 591
592 643
593 594
593 595
643 594
595 598
595 644
596 599
596 600
596 602
603 596
598 642
598 644
600 599
602 599
600 601
600 603
600 604
603 604
606 603
604 605
606 604
605 606
605 607
607 608
609 608
610 650
655 610
612 611
614 612
613 614
617 616
618 617
618 619
620 618
619 620
621 622
621 623
629 622
623 625
623 626
625 624
624 626
624 657
624 660
625 626
628 627
627 629
627 630
627 631
631 628
630 629
630 631
632 633
632 634
632 662
665 632
633 634
633 662
635 636
637 635
635 640
635 641
636 637
636 638
638 637
637 639
637 641
641 639
640 641
643 642
645 644
646 645
646 647
648 647
650 649
649 651
649 652
655 649
650 655
651 659
652 653
654 652
652 655
653 654
653 658
656 657
656 658
659 656
660 656
657 660
658 659
660 659
661 662
661 663
661 664
661 665
665 662
665 664
