642
219 499
214 497
209 494
206 490
207 485
211 480
216 475
217 470
215 465
217 460
218 455
218 450
220 445
222 440
221 435
220 430
219 425
219 420
218 415
217 410
217 405
216 400
215 395
215 390
216 385
216 380
216 375
217 370
218 365
218 360
217 355
216 350
215 345
214 340
213 335
213 330
213 325
212 320
211 315
211 310
211 305
210 300
210 295
209 290
209 285
208 280
209 275
209 270
209 265
210 260
210 255
211 250
211 245
208 242
208 237
210 232
210 227
210 222
211 217
212 212
212 207
213 202
213 197
213 192
212 187
211 182
210 177
209 172
208 167
207 162
206 157
206 152
201 149
196 148
191 148
186 148
181 148
176 149
171 150
166 150
161 150
156 149
151 148
146 148
142 151
137 150
132 149
127 148
122 148
117 147
112 145
107 144
102 143
97 140
92 140
87 139
82 139
77 140
72 139
67 140
62 142
57 143
58 138
53 138
48 139
43 138
38 139
33 139
29 137
34 134
39 132
44 130
49 129
54 128
59 128
64 127
69 126
74 126
79 125
84 123
89 123
94 120
99 121
104 122
109 122
114 123
119 123
124 122
129 122
134 121
139 120
144 120
149 122
154 121
159 121
164 122
169 120
174 119
179 118
184 117
189 116
194 114
199 113
204 111
209 112
214 112
219 112
224 111
229 111
234 110
238 108
242 103
242 98
241 93
239 88
238 83
236 78
236 73
236 68
236 63
237 58
239 53
243 48
247 44
252 41
257 40
262 41
267 43
271 47
275 50
277 55
279 60
280 65
279 70
279 75
279 80
278 85
276 90
274 95
273 100
275 105
279 110
284 110
289 110
294 111
299 111
304 111
309 111
314 112
319 114
324 116
329 117
334 119
339 120
344 119
349 120
354 120
359 120
364 120
369 120
374 120
379 121
384 120
389 120
394 121
399 121
404 122
409 123
414 123
419 121
424 122
429 122
434 121
439 123
444 124
449 125
454 126
459 127
464 127
469 129
474 130
479 131
484 134
488 137
483 138
478 138
473 139
468 138
463 137
459 138
458 142
453 141
448 139
443 140
438 140
433 140
428 140
423 139
418 140
413 142
408 144
403 146
398 147
393 147
388 149
383 150
378 150
373 150
368 150
363 149
358 148
353 148
348 148
343 148
338 148
333 148
328 148
323 148
318 149
313 150
311 155
310 160
310 165
309 170
308 175
308 180
307 185
306 190
306 195
306 200
305 205
305 210
306 215
307 220
308 225
308 230
309 235
311 240
307 242
302 242
300 247
302 252
302 257
302 262
302 267
303 272
303 277
304 282
304 287
304 292
303 297
303 302
303 307
303 312
302 317
302 322
302 327
302 332
302 337
302 342
301 347
299 352
297 357
296 362
296 367
298 372
299 377
299 382
299 387
300 392
302 397
301 402
300 407
299 412
299 417
298 422
296 427
295 432
293 437
293 442
295 447
297 452
300 457
300 462
297 467
297 472
301 477
305 482
307 487
307 492
303 496
298 498
293 498
288 497
283 494
280 489
280 484
278 479
277 474
273 470
271 465
270 460
271 455
270 450
270 445
270 440
270 435
270 430
270 425
270 420
270 415
270 410
269 405
268 400
268 395
268 390
268 385
268 380
267 375
267 370
266 365
265 360
265 355
264 350
264 345
263 340
263 335
262 330
261 325
260 320
260 315
260 310
260 305
260 300
259 295
256 292
255 297
257 302
256 307
255 312
255 317
254 322
253 327
252 332
252 337
251 342
250 347
250 352
250 357
250 362
249 367
247 372
247 377
246 382
247 387
247 392
247 397
247 402
247 407
247 412
246 417
246 422
246 427
246 432
246 437
245 442
245 447
246 452
247 457
244 461
245 466
242 470
238 475
235 480
234 485
232 490
229 495
226 498
221 499
220 499
257.663 65.5
256.505 154.699
247.188 131.375
232.649 287.5
256.667 229.5
232.932 312.5
281.43 302.5
281.5 323.5
270.848 264.5
231.939 159.612
281.5 139.268
281.375 167.075
279.313 235.825
237.312 247.5
234.945 219.189
214.107 132.821
262.192 119.346
138.433 135.197
232.012 453.614
344 133.571
284.462 460
284.646 398.585
265.692 57.2309
221.485 280
242.918 303.258
285.084 255.183
275.577 197.008
205.148 123.982
293.072 230.036
224.998 237.385
268.318 67.8135
259.369 83.3352
254.008 53.9185
221.557 291.952
237.766 267.825
201.847 136.287
247.068 62.476
231.116 299.724
231.759 276.766
223.629 264.815
246.514 280.19
210.218 142.48
226.948 143.605
193.399 127.426
222.4 307.48
220.316 487.121
225.225 478.544
292.16 485.479
286.719 470.192
289.715 241.304
279.175 216.25
224.345 250.734
232.985 257.764
238.813 233.12
248.88 75.464
249.24 85.9089
257.831 98.5005
217.851 271.743
254.235 265.45
245.307 256.915
251.606 243.464
244.325 291.663
283.28 226.009
269.778 226.261
292.62 216.336
285.97 205.022
289.817 189.287
295.487 207.039
229.712 228.145
222.963 218.195
246.171 223.574
249.715 197.939
244.874 210.332
231.346 197.906
262.568 210.102
234.207 208.368
223.453 205.687
255.867 218.66
253.674 206.628
264.789 91.5456
260.913 278.34
246.607 270.847
248.365 234.391
265.748 240.69
296.182 197.036
269.581 216.66
262.783 269.197
275.812 247.408
264.537 253.4
254.534 253.036
125.347 135.018
151.561 134.88
233.404 442.101
329.07 133.101
336.685 128.559
336.361 138.857
282.154 447.88
281.469 436.352
285.922 271.999
268.617 78.3264
219.326 154.763
221.55 167.806
238.7 178.868
232.02 170.399
245.771 164.901
225.251 182.607
263.177 172.467
233.991 187.989
223.006 192.365
218.902 176.332
256.077 164.997
251.216 176.727
262.023 188.15
246.542 187.055
275.684 181.272
266.792 180.618
272.914 171.922
270.46 157.832
287.101 177.609
295.429 166.26
296.991 181.463
280.543 189.173
271.068 189.109
266.482 142.901
283.769 153.182
253.77 142.268
243.02 151.149
259.505 131.367
273.097 128.094
274.736 148.697
297.536 143.795
233.607 150.31
238.096 139.192
233.81 125.012
272.359 117.844
288.293 125.414
299.349 155.296
288.461 145.275
244.994 118.744
253.43 123.698
281.586 118.977
179.441 133.037
189.292 137.374
264.017 108.085
273.726 288.251
114.265 134.115
104.037 132.375
165.566 135.96
158.987 129.927
171.314 128.847
173.694 140.151
233.059 429.01
283.222 423.111
280.58 263.837
291.651 263.285
264.559 199.07
311.176 132.175
225.362 132.456
219.425 123.085
252.158 109.225
270.985 298.94
264.321 287.171
272.712 276.324
288.929 289.238
292.159 299.815
289.671 312.65
281.018 293.515
281.791 281.601
291.747 322.716
232.113 415.013
282.361 410.757
290.567 405.997
289.715 416.451
319.844 138.028
307.407 141.567
298.908 131.59
297.797 121.29
308.543 121.746
320.448 126.355
292.952 279.655
273.21 313.027
271.17 323.16
229.054 465.973
358.011 133.983
283.457 383.052
289.87 390.373
277.871 391.292
231.589 399.422
226.28 407.404
237.416 407.03
372.995 134.983
365.864 129.072
365.138 139.953
281.511 368.605
276.7 376.607
288.792 374.979
231.083 384.332
224.779 392.097
237.351 391.675
387.155 134.07
380.482 140.83
281.243 352.108
286.463 360.274
275.26 360.456
232.275 369.432
225.566 376.393
237.514 377.349
399.74 133.843
409.512 132.813
277.62 337.77
273.493 346.44
289.285 342.449
287.318 332.183
233.445 352.895
239.423 361.628
227.725 360.8
232.446 332.048
225.057 322.084
240.993 322.48
244.951 313.169
238.956 342.183
226.87 342.762
642
220.946 495.676
220.849 489.551
214.385 490.036
205.859 490.622
209.792 490.356
218.394 489.596
224.282 481.999
229.39 467.076
230.07 465.084
230.886 462.671
232.28 458.505
233.18 455.362
233.343 451.119
233.677 441.999
233.743 433.3
233.673 427.428
233.241 423.214
233 420.768
232.188 412.552
231.771 408.409
231.251 403.317
230.452 395.538
230.265 393.705
230.206 391.802
230.772 384.012
230.928 381.721
231.178 378.131
231.97 374.006
233.175 367.619
234.367 359.609
234.34 355.878
233.691 347.328
233.137 342.192
232.75 338.228
232.572 336.413
232 330.777
231.398 325.111
230.455 318.418
230.095 316.033
229.057 309.444
228.519 302.611
228.084 292.837
227.923 289.642
228.212 285.052
228.904 281.596
229.111 279.626
230.087 277.81
231.872 275.04
234.842 271.129
239.477 264.622
243.468 258.089
248.185 249.321
248.38 241.285
237.271 242.29
240.897 241.964
248.313 239.724
251.049 233.364
251.702 228.912
252.362 225.043
253.19 217.967
253.859 211.684
254.055 204.167
253.87 199.606
253.028 184.983
250.783 173.041
250.078 170.545
249.089 167.009
249.592 163.833
249.769 159.11
248.448 152.222
246.927 144.16
231.12 135.836
208.181 126.17
194.787 126.25
187.508 128.882
182.163 130.926
176.365 133.156
171.307 135.078
168.819 134.97
166.375 134.909
163.426 134.858
160.997 134.822
150.757 134.667
139.852 134.572
138.086 134.56
137.549 134.557
130.623 135.459
127.738 135.833
122.92 135.804
119.425 135.303
114.406 134.634
108.798 133.402
104.847 132.525
98.4527 131.109
92.6487 129.816
86.3129 130.364
83.429 130.987
76.2847 132.091
78.0679 131.721
64.0524 133.307
61.1704 136.435
59.4668 139.98
69.3333 130.667
48.6611 133.997
43.7872 134.466
39.3024 135.379
34.9273 136.425
32.7125 136.956
29.2094 137.797
31.4082 137.269
39.9018 135.234
44.7757 134.071
49.3776 133.475
54.2403 133.574
61.4299 134.238
64.1083 133.301
68.993 132.825
75.2343 132.202
80.3371 131.65
85.5817 130.52
84.8939 130.668
94.1001 130.146
98.1055 131.032
100.973 131.667
106.087 132.8
111.935 134.106
119.23 135.276
124.915 136.083
133.108 135.136
135.896 134.776
139.139 134.52
141.486 134.577
137.778 130.667
153.833 134.719
157.832 134.775
164.634 134.876
171.91 134.932
175.914 133.328
178.161 132.469
186.091 129.446
192.672 126.926
197.509 125.337
200.989 124.03
201.22 123.82
203.08 123.82
210.017 126.706
217.597 129.831
225.368 133.055
234.386 136.8
247.306 139.589
257.515 136.919
258.833 118.939
258.445 88.8924
258.366 82.5854
258.249 73.9197
258.166 70.2836
258.109 67.7026
258.054 66.2074
258.008 64.9115
257.845 61.5518
257.742 61.3747
257.849 60.3816
257.765 57.8708
257.343 51.9009
257.188 49.8023
257.005 47.3118
257.34 51.8524
257.493 53.9304
257.765 57.5725
257.809 58.0873
257.884 59.3802
257.941 61.2101
257.97 62.0946
258.035 64.2374
258.096 66.2866
258.231 71.4267
258.243 73.0203
258.269 75.1108
258.4 85.308
258.629 103.505
259.525 126.076
265.632 135.628
279.832 133.693
286.598 131.882
294.539 129.045
302.751 126.679
307.865 125.976
310.718 125.65
310.807 125.702
313.613 125.913
318.638 125.971
325.098 128.334
332.374 130.975
339.961 133.4
344.221 134.239
351.546 134.26
354.43 134.266
359.783 134.332
364.498 135.13
368.721 135.897
373.038 136.705
379.573 136.303
385.663 135.814
389.343 135.474
391.62 135.241
398.723 134.522
403.044 133.848
409.025 132.835
429.669 130.955
421.174 130.486
422.766 130.355
430.003 130.335
433.436 130.7
439.636 131.306
446.987 132.032
448.569 132.158
453.36 132.508
458.793 132.627
463.45 132.44
476.642 134.751
473.762 134.406
478.175 134.479
483.384 136.179
488.011 137.018
485.715 136.604
481.957 135.544
473.74 134.405
469.63 133.645
469.908 133.589
463.851 134.252
458.058 137.158
455.936 132.692
451.315 132.36
442.782 131.714
438.113 131.215
433.874 130.749
429.839 130.331
423.909 130.256
416.681 130.847
409.738 132.672
404.537 133.591
400.73 134.267
397.236 134.67
389.518 135.426
384.883 135.862
381.452 136.165
378.51 136.458
374.279 136.896
370.571 136.219
366.812 135.534
360.381 134.476
350.914 134.259
348.141 134.252
343.268 134.234
339.78 133.463
336.363 132.376
331.858 130.782
324.651 128.11
313.729 126.604
295.785 128.647
277.362 136.501
266.415 147.573
263.571 155.337
263.593 162.091
264.119 165.868
265.612 176.22
266.032 180.37
266.514 186.621
267.095 192.778
267.249 196.269
266.935 201.637
266.675 210.485
266.748 218.723
267.293 222.606
268.296 225.367
269.142 226.184
0 0
312.758 240.769
297.234 235.781
267.979 224.934
264.108 241.197
264.969 254.04
268.159 260.013
270.73 264.937
275.187 270.592
277.257 273.201
283.201 280.697
286.341 284.471
288.544 287.118
289.686 291.731
290.002 294.076
289.994 300.245
288.518 306.409
287.381 311.506
285.929 317.279
284.166 323.722
283.307 329.015
282.6 333.872
281.927 338.844
281.783 339.944
281.63 341.013
281.054 344.863
280.041 351.702
279.013 361.424
280.172 368.417
282.205 377.856
282.75 380.181
283.568 383.675
284.98 389.91
286.069 396.474
286.258 398.079
286.46 399.839
287.176 404.919
286.545 410.898
286.061 415.458
285.606 417.718
284.661 422.398
282.547 428.012
279.706 435.237
280.23 445.674
281.755 454.663
283.056 460.074
283.96 460.832
283.94 460.825
283.751 462.909
286.928 475.869
290.277 489.53
298.777 491.024
302.313 491.331
304.119 491.487
297.516 490.914
294.503 490.653
292.085 490.443
290.742 490.327
290.243 490.225
290.357 489.859
288.355 481.69
287.353 477.6
285.01 468.047
283.743 462.877
283.304 461.089
283.008 459.867
282.566 458.022
280.825 450.874
280.297 446.263
279.993 443.56
279.376 435.966
282.295 428.675
283.237 426.204
284.885 421.107
285.919 415.631
286.826 408.697
286.49 402.436
286.223 397.961
285.785 394.451
285.12 390.342
283.906 385.163
282.55 379.33
281.325 373.925
279.744 365.864
279.247 362.66
278.848 358.821
279.643 354.477
280.304 349.904
280.973 345.305
281.722 340.226
282.888 331.778
283.266 328.987
283.879 324.487
284.461 322.542
284.847 321.228
286.476 315.329
288.41 306.57
290.477 293.086
274.369 269.592
247.729 259.05
229.162 287.483
227.773 303.197
228.702 307.458
229.676 313.893
230.35 318.056
230.9 321.373
231.499 325.915
230.222 283.556
232.584 336.585
233.007 340.877
233.691 347.428
234.367 353.823
234.347 358.37
234.39 360.963
234.044 362.981
231.858 375.484
231.564 376.012
230.642 385.97
230.423 388.968
230.179 393.192
230.978 400.692
231.19 402.744
231.674 407.441
232.038 411.084
232.282 413.523
233.13 422.094
233.669 427.45
233.752 432.172
233.734 434.383
233.689 442.171
233.388 450.048
233.164 455.665
232.884 456.567
232.606 457.471
231.606 460.552
231.528 460.789
227.361 473.025
225.548 478.343
223.211 484.514
221.634 488.282
221.02 493.941
220.976 494.973
220.865 497.586
220.856 497.806
257.641 57.1939
256.961 150.374
254.765 140.492
229.16 281.216
0 0
229.605 313.366
289.78 300.98
283.408 328.191
264.11 257.635
249.411 151.765
279.062 134.985
262.358 159.241
263.478 232.612
248.212 255.094
253.075 222.483
216.399 129.317
259.598 133.129
136.112 134.845
233.167 455.578
351.529 134.287
283.541 460.623
286.259 399.443
257.821 58.4343
229.148 280.416
227.787 302.286
264.893 253.88
262.971 195.917
201.947 123.896
266.943 225.309
0 0
257.966 61.9775
258.185 70.8732
257.384 52.6646
228.072 289.568
241.848 261.456
204.954 125.032
257.83 61.4534
228.008 294.674
232.553 274.626
242.625 259.758
245.458 259.476
219.506 130.618
239.294 139.089
195.301 126.055
229.154 309.376
220.405 492.45
0 0
0 0
283.513 458.482
263.872 237.523
259.556 221.333
248.139 249.928
245.09 256.284
251.856 234.104
258.059 66.3117
258.214 72.4691
257.981 68.753
230.925 276.52
253.376 255.208
249.887 252.494
254.639 242.174
231.028 279.38
265.778 223.855
263.092 231.401
266.629 218
266.608 207.021
266.293 186.669
266.849 203.583
251.351 232.829
252.647 222.318
254.673 217.198
254.564 194.336
256.079 211.069
254.065 195.893
259.587 207.701
254.574 209.922
255.193 210.501
257.389 214.923
258.263 205.98
258.332 80.0017
261.713 257.346
245.564 258.8
254.612 235.172
257.24 240.459
267.139 194.108
262.828 216.171
259.493 256.332
259.964 245.35
259.213 248.617
252.826 252.911
127.332 135.707
155.845 134.744
233.665 437.619
330.829 130.366
338.944 133.161
339.049 133.229
280.535 447.038
279.503 435.793
276.082 271.657
258.155 68.424
246.278 141.431
249.388 157.377
252.821 172.174
250.886 163.189
255.187 158.72
250.563 170.011
259.348 166.396
254.438 182.422
253.538 192.874
249.205 167.221
256.873 158.968
253.722 183.829
261.703 185.037
255.556 182.354
263.459 176.84
263.582 174.902
261.656 161.847
0 0
264.576 173.025
262.799 157.769
264.851 173.529
0 0
263.102 185.758
261.528 142.266
265.729 142.886
255.641 141.912
249.902 153.406
259.245 137.503
256.889 141.333
264.722 143.001
285.292 132.829
248.022 143.915
247.924 142.292
244.897 139.867
263.262 135.025
281.342 133.746
266.952 144.498
274.519 136.728
256.983 139.739
258.864 136.863
277.297 134.366
182.981 130.627
188.005 128.755
260.444 76.4444
278.579 274.983
97.0003 131.986
100.477 131.558
167.435 134.936
163.888 134.874
202.667 131.556
171.369 135.056
233.699 427.746
281.269 431.213
267.622 261.046
268.542 261.778
261.511 197.047
311.758 125.936
235.078 137.25
239.167 138.722
258.889 124.708
280.889 282.667
0 0
271.619 265.228
289.24 288.933
289.84 295.867
287.515 310.716
289.703 290.366
281.028 278.291
284.059 324.158
231.111 458.667
286.682 409.465
287.143 405.271
286.188 413.751
322.818 128.387
310.222 133.333
300.359 127.422
304.524 126.491
309.973 125.791
318.61 125.97
281.064 277.957
283.346 331.403
283.865 324.586
231.005 462.211
355.713 134.325
283.613 383.88
0 0
285.282 391.06
230.859 399.525
231.697 407.67
231.223 403.057
369.778 133.333
366.367 135.462
366.809 135.545
280.316 369.43
281.778 365.333
282.453 378.917
230.683 385.395
230.18 392.189
231.168 382.749
440.18 133.56
379.71 136.337
280.551 348.261
278.855 360.019
278.932 360.417
232.749 369.876
231.172 378.196
231.079 380.51
404.092 133.661
406.914 133.183
282.39 335.495
281.247 343.402
281.78 339.91
282.963 331.378
234.366 353.795
234.364 360.407
234.328 361.456
232.118 331.894
230.75 320.573
231.264 323.757
229.592 313.148
233.186 342.649
232.582 367.693
1503
0 0
0 0
0 0
0 0
0 0
0 0
0 0
0 0
0 0
0 0
0 0
0 0
0 0
0 0
0 0
0 0
0 0
0 0
0 0
0 0
0 0
0 0
0 0
0 0
0 0
0 0
0 0
0 0
0 0
0 0
0 0
0 0
0 0
0 0
0 0
0 0
0 0
0 0
0 0
0 0
0 0
0 0
0 0
0 0
0 0
0 0
0 0
0 0
589 641
0 0
0 0
0 0
0 0
0 0
0 0
0 0
0 0
0 0
0 0
0 0
0 0
0 0
0 0
0 0
0 0
0 0
0 0
0 0
0 0
0 0
0 0
0 0
0 0
0 0
0 0
0 0
0 0
0 0
0 0
0 0
641 383
0 0
0 0
0 0
0 0
0 0
0 0
0 0
0 0
0 0
0 0
0 0
0 0
0 0
0 0
0 0
0 0
0 0
0 0
0 0
0 0
0 0
0 0
0 0
0 0
0 0
0 0
0 0
0 0
0 0
0 0
0 0
0 0
0 0
0 0
0 0
383 470
0 0
0 0
0 0
0 0
0 0
0 0
0 0
0 0
0 0
0 0
0 0
0 0
0 0
0 0
0 0
0 0
0 0
0 0
0 0
0 0
0 0
0 0
0 0
0 0
0 0
0 0
0 0
0 0
0 0
0 0
0 0
0 0
0 0
0 0
0 0
0 0
0 0
0 0
0 0
0 0
0 0
0 0
0 0
0 0
0 0
0 0
470 548
0 0
0 0
0 0
0 0
0 0
0 0
0 0
0 0
0 0
0 0
0 0
548 569
0 0
0 0
0 0
0 0
0 0
0 0
0 0
0 0
0 0
0 0
0 0
0 0
0 0
0 0
0 0
0 0
569 132
0 0
0 0
0 0
0 0
0 0
0 0
0 0
0 0
0 0
0 0
0 0
0 0
0 0
0 0
0 0
0 0
0 0
0 0
0 0
0 0
0 0
0 0
0 0
0 0
0 0
0 0
0 0
0 0
0 0
0 0
0 0
0 0
0 0
0 0
0 0
0 0
0 0
0 0
0 0
0 0
0 0
0 0
0 0
0 0
0 0
0 0
0 0
0 0
0 0
0 0
0 0
132 102
0 0
0 0
0 0
0 0
0 0
0 0
0 0
0 0
0 0
0 0
0 0
0 0
0 0
0 0
0 0
0 0
0 0
0 0
0 0
0 0
0 0
0 0
0 0
0 0
0 0
0 0
0 0
0 0
0 0
0 0
0 0
0 0
0 0
0 0
0 0
0 0
0 0
0 0
0 0
0 0
0 0
0 0
0 0
0 0
0 0
0 0
0 0
0 0
0 0
0 0
0 0
0 0
0 0
0 0
0 0
0 0
0 0
0 0
0 0
0 0
0 0
0 0
0 0
0 0
0 0
0 0
0 0
0 0
0 0
0 0
0 0
0 0
0 0
0 0
0 0
0 0
0 0
0 0
0 0
0 0
0 0
0 0
0 0
0 0
0 0
0 0
0 0
0 0
0 0
0 0
0 0
0 0
0 0
0 0
0 0
0 0
0 0
0 0
0 0
0 0
0 0
0 0
0 0
0 0
0 0
0 0
0 0
0 0
0 0
0 0
0 0
548 563
0 0
0 0
0 0
0 0
0 0
0 0
0 0
0 0
0 0
0 0
0 0
0 0
0 0
0 0
0 0
0 0
0 0
0 0
0 0
0 0
0 0
0 0
0 0
0 0
0 0
0 0
0 0
0 0
0 0
0 0
0 0
0 0
0 0
0 0
0 0
0 0
0 0
0 0
0 0
0 0
0 0
0 0
0 0
0 0
0 0
0 0
0 0
0 0
0 0
0 0
0 0
0 0
0 0
0 0
0 0
0 0
0 0
0 0
0 0
0 0
0 0
0 0
0 0
0 0
0 0
0 0
0 0
0 0
0 0
0 0
0 0
0 0
0 0
0 0
548 594
0 0
0 0
0 0
0 0
0 0
0 0
0 0
0 0
0 0
0 0
0 0
0 0
594 610
0 0
0 0
0 0
0 0
0 0
0 0
0 0
0 0
0 0
0 0
0 0
0 0
0 0
0 0
0 0
0 0
0 0
0 0
0 0
0 0
0 0
0 0
0 0
0 0
0 0
0 0
0 0
0 0
0 0
0 0
0 0
0 0
0 0
0 0
610 619
0 0
0 0
0 0
0 0
0 0
0 0
0 0
0 0
0 0
0 0
0 0
0 0
0 0
0 0
0 0
0 0
0 0
0 0
0 0
0 0
0 0
0 0
0 0
0 0
0 0
0 0
0 0
0 0
0 0
0 0
0 0
0 0
0 0
0 0
0 0
0 0
0 0
0 0
0 0
0 0
0 0
0 0
0 0
0 0
0 0
0 0
0 0
0 0
0 0
0 0
0 0
0 0
0 0
0 0
0 0
0 0
0 0
0 0
0 0
0 0
0 0
0 0
0 0
0 0
0 0
0 0
0 0
0 0
0 0
0 0
0 0
0 0
0 0
0 0
0 0
0 0
0 0
0 0
0 0
0 0
0 0
0 0
0 0
0 0
0 0
0 0
0 0
0 0
0 0
0 0
0 0
0 0
0 0
0 0
0 0
0 0
0 0
0 0
0 0
0 0
0 0
0 0
0 0
0 0
0 0
0 0
0 0
0 0
0 0
0 0
0 0
0 0
0 0
0 0
0 0
0 0
0 0
0 0
0 0
0 0
0 0
0 0
0 0
0 0
0 0
0 0
0 0
0 0
0 0
0 0
0 0
0 0
0 0
0 0
0 0
0 0
0 0
0 0
0 0
0 0
0 0
0 0
0 0
0 0
0 0
0 0
0 0
0 0
0 0
0 0
0 0
0 0
0 0
0 0
0 0
0 0
0 0
0 0
0 0
0 0
0 0
0 0
0 0
0 0
0 0
0 0
0 0
0 0
0 0
0 0
0 0
0 0
0 0
0 0
0 0
0 0
0 0
0 0
0 0
0 0
0 0
0 0
0 0
0 0
0 0
470 580
0 0
0 0
0 0
0 0
0 0
0 0
0 0
0 0
0 0
0 0
0 0
0 0
0 0
0 0
0 0
0 0
0 0
0 0
0 0
0 0
0 0
0 0
0 0
580 614
0 0
0 0
0 0
0 0
0 0
0 0
0 0
0 0
0 0
0 0
0 0
0 0
0 0
0 0
0 0
0 0
0 0
0 0
0 0
0 0
0 0
0 0
0 0
0 0
0 0
0 0
0 0
0 0
0 0
0 0
0 0
0 0
0 0
0 0
0 0
0 0
0 0
0 0
0 0
614 468
0 0
0 0
0 0
0 0
0 0
0 0
0 0
0 0
0 0
0 0
0 0
0 0
0 0
0 0
0 0
0 0
0 0
0 0
0 0
0 0
0 0
0 0
0 0
0 0
0 0
0 0
0 0
0 0
0 0
0 0
0 0
0 0
0 0
0 0
0 0
0 0
0 0
0 0
0 0
0 0
0 0
0 0
0 0
0 0
0 0
0 0
0 0
0 0
0 0
0 0
0 0
0 0
0 0
0 0
0 0
0 0
0 0
0 0
0 0
0 0
0 0
0 0
0 0
0 0
0 0
0 0
0 0
0 0
0 0
0 0
0 0
0 0
0 0
0 0
0 0
0 0
0 0
0 0
0 0
0 0
0 0
0 0
0 0
0 0
0 0
0 0
0 0
0 0
0 0
0 0
0 0
0 0
0 0
0 0
0 0
0 0
0 0
0 0
0 0
0 0
0 0
0 0
0 0
0 0
0 0
0 0
0 0
0 0
0 0
0 0
0 0
0 0
0 0
0 0
0 0
0 0
0 0
0 0
0 0
0 0
0 0
0 0
0 0
0 0
0 0
0 0
0 0
0 0
0 0
0 0
0 0
0 0
0 0
0 0
0 0
0 0
0 0
0 0
0 0
0 0
0 0
0 0
0 0
0 0
0 0
0 0
0 0
0 0
0 0
0 0
0 0
0 0
0 0
0 0
0 0
0 0
0 0
0 0
0 0
0 0
0 0
0 0
0 0
0 0
0 0
0 0
0 0
0 0
0 0
0 0
0 0
0 0
0 0
0 0
0 0
0 0
0 0
0 0
0 0
0 0
0 0
0 0
0 0
0 0
0 0
0 0
0 0
0 0
0 0
0 0
0 0
0 0
0 0
0 0
0 0
0 0
0 0
0 0
0 0
0 0
0 0
0 0
0 0
0 0
0 0
0 0
0 0
0 0
0 0
0 0
0 0
0 0
0 0
0 0
0 0
0 0
0 0
0 0
0 0
0 0
0 0
0 0
0 0
0 0
0 0
0 0
0 0
0 0
0 0
0 0
0 0
0 0
0 0
0 0
0 0
0 0
0 0
0 0
0 0
0 0
0 0
0 0
0 0
0 0
0 0
0 0
0 0
0 0
0 0
0 0
0 0
0 0
0 0
0 0
0 0
0 0
0 0
0 0
0 0
0 0
0 0
0 0
0 0
0 0
0 0
0 0
0 0
0 0
0 0
0 0
0 0
0 0
0 0
0 0
0 0
0 0
0 0
0 0
0 0
0 0
0 0
0 0
0 0
0 0
0 0
0 0
0 0
0 0
0 0
0 0
0 0
0 0
0 0
0 0
0 0
0 0
0 0
0 0
0 0
0 0
0 0
0 0
0 0
0 0
0 0
0 0
0 0
0 0
0 0
0 0
0 0
0 0
0 0
0 0
0 0
0 0
0 0
0 0
0 0
0 0
0 0
0 0
0 0
0 0
0 0
0 0
0 0
0 0
0 0
0 0
0 0
0 0
0 0
0 0
0 0
0 0
0 0
0 0
0 0
0 0
0 0
0 0
0 0
0 0
0 0
0 0
0 0
0 0
0 0
0 0
0 0
0 0
0 0
0 0
0 0
0 0
0 0
0 0
0 0
0 0
0 0
0 0
0 0
0 0
0 0
0 0
0 0
0 0
0 0
0 0
0 0
0 0
0 0
0 0
0 0
0 0
0 0
0 0
0 0
0 0
0 0
0 0
0 0
0 0
0 0
0 0
0 0
0 0
0 0
0 0
0 0
0 0
0 0
0 0
0 0
0 0
0 0
0 0
0 0
0 0
0 0
0 0
0 0
0 0
0 0
0 0
0 0
0 0
0 0
0 0
0 0
0 0
0 0
0 0
0 0
0 0
0 0
0 0
0 0
0 0
0 0
0 0
0 0
0 0
0 0
0 0
0 0
0 0
0 0
0 0
0 0
0 0
0 0
0 0
0 0
0 0
0 0
0 0
0 0
0 0
0 0
0 0
0 0
0 0
0 0
0 0
0 0
0 0
0 0
0 0
0 0
0 0
0 0
0 0
0 0
0 0
0 0
0 0
0 0
0 0
0 0
0 0
0 0
0 0
0 0
0 0
0 0
0 0
0 0
0 0
0 0
0 0
0 0
0 0
0 0
0 0
0 0
0 0
0 0
0 0
0 0
0 0
0 0
0 0
0 0
0 0
0 0
0 0
0 0
0 0
0 0
0 0
0 0
0 0
0 0
0 0
0 0
0 0
0 0
0 0
0 0
0 0
0 0
0 0
0 0
0 0
0 0
0 0
0 0
0 0
0 0
0 0
0 0
0 0
0 0
0 0
0 0
0 0
0 0
0 0
0 0
0 0
0 0
0 0
0 0
0 0
0 0
0 0
0 0
0 0
0 0
0 0
0 0
0 0
0 0
0 0
0 0
0 0
0 0
0 0
0 0
0 0
0 0
0 0
0 0
0 0
0 0
0 0
0 0
0 0
0 0
0 0
0 0
0 0
0 0
0 0
0 0
0 0
0 0
0 0
0 0
0 0
0 0
0 0
0 0
0 0
0 0
0 0
0 0
0 0
0 0
0 0
0 0
0 0
0 0
0 0
0 0
0 0
0 0
0 0
0 0
0 0
0 0
0 0
0 0
0 0
0 0
0 0
0 0
0 0
0 0
0 0
0 0
0 0
0 0
0 0
0 0
0 0
0 0
0 0
0 0
0 0
0 0
0 0
0 0
0 0
0 0
0 0
0 0
0 0
0 0
0 0
0 0
0 0
0 0
0 0
0 0
0 0
0 0
0 0
0 0
0 0
0 0
0 0
0 0
0 0
0 0
0 0
0 0
0 0
0 0
0 0
0 0
0 0
0 0
0 0
0 0
0 0
0 0
0 0
0 0
0 0
0 0
0 0
0 0
0 0
0 0
0 0
0 0
0 0
0 0
0 0
0 0
0 0
0 0
0 0
0 0
0 0
0 0
0 0
0 0
0 0
0 0
0 0
0 0
0 0
0 0
0 0
0 0
0 0
0 0
0 0
0 0
0 0
0 0
0 0
0 0
0 0
0 0
0 0
0 0
0 0
0 0
0 0
0 0
0 0
0 0
0 0
0 0
0 0
0 0
0 0
0 0
0 0
0 0
0 0
0 0
0 0
0 0
0 0
0 0
0 0
0 0
0 0
0 0
0 0
0 0
0 0
0 0
0 0
0 0
0 0
0 0
0 0
0 0
0 0
0 0
0 0
0 0
0 0
0 0
0 0
0 0
0 0
0 0
0 0
0 0
0 0
0 0
0 0
0 0
0 0
0 0
0 0
0 0
0 0
0 0
0 0
0 0
0 0
0 0
0 0
0 0
0 0
0 0
0 0
0 0
0 0
0 0
0 0
0 0
0 0
0 0
0 0
0 0
0 0
0 0
0 0
0 0
0 0
0 0
0 0
0 0
0 0
0 0
0 0
0 0
0 0
0 0
0 0
0 0
0 0
0 0
1503
0 1
419 0
0 465
1 2
1 465
2 3
2 4
2 465
3 4
4 5
465 4
5 6
465 5
6 7
465 6
466 6
7 8
466 7
602 7
8 9
602 8
9 10
602 9
10 11
438 10
10 602
11 12
11 438
12 13
438 12
512 12
13 14
13 512
14 15
512 14
14 571
15 16
15 571
16 17
16 571
17 18
17 571
589 17
18 19
18 589
18 608
19 20
608 19
20 21
20 608
21 22
21 607
21 608
21 617
22 23
22 617
23 24
23 617
24 25
24 616
617 24
625 24
25 26
25 625
26 27
26 625
27 28
625 27
28 29
624 28
625 28
28 635
29 30
635 29
30 31
30 633
30 635
641 30
31 32
641 31
32 33
641 32
33 34
641 33
34 35
34 636
641 34
35 36
35 636
35 637
36 37
637 36
37 38
637 37
38 39
464 38
637 38
39 40
39 464
40 41
464 40
41 42
41 453
41 464
42 43
42 453
43 44
43 453
44 45
443 44
44 453
45 46
443 45
46 47
46 443
46 477
47 48
477 47
48 49
48 459
48 477
49 50
49 459
50 51
50 459
50 471
51 52
471 51
52 53
52 54
52 449
471 52
53 54
54 55
449 54
55 56
55 449
56 57
56 449
56 488
56 489
57 58
57 489
58 59
489 58
59 60
59 489
59 496
60 61
60 496
61 62
496 61
62 63
62 496
528 62
63 64
63 528
64 65
64 525
528 64
529 64
65 66
529 65
66 67
66 529
67 68
521 67
529 67
68 69
68 521
69 70
520 69
69 521
70 71
520 70
71 72
71 461
520 71
72 73
455 72
72 461
73 74
455 73
73 562
74 75
562 74
75 76
75 562
76 77
561 76
562 76
570 76
77 78
570 77
78 79
570 78
79 80
567 79
79 570
80 81
567 80
81 82
511 81
81 567
82 83
511 82
83 84
85 83
437 83
83 511
84 85
85 86
85 437
86 87
86 437
86 510
87 88
87 510
88 89
510 88
89 90
89 510
89 565
90 91
565 90
91 92
91 565
91 566
92 93
566 92
93 94
93 120
93 566
94 95
94 120
95 96
95 119
120 95
96 97
96 118
119 96
97 98
117 97
118 97
98 99
116 98
117 98
99 100
102 99
115 99
116 99
100 101
100 102
101 102
102 103
113 102
114 102
102 115
103 104
112 103
113 103
104 105
104 111
104 112
105 106
105 110
105 111
106 107
109 106
106 110
107 108
107 109
108 109
109 110
110 111
111 112
112 113
113 114
114 115
115 116
116 117
117 118
118 119
119 120
120 121
122 120
120 566
121 122
122 123
566 122
123 124
566 123
124 125
565 124
566 124
125 126
125 565
126 127
126 510
565 126
127 128
510 127
128 129
437 128
128 510
129 130
437 129
130 131
437 130
131 132
131 437
132 133
437 132
511 132
132 568
133 134
133 568
134 135
568 134
135 136
568 135
569 135
136 137
136 569
137 138
569 137
138 139
561 138
138 569
139 140
139 463
139 561
140 141
140 463
141 142
447 141
141 463
142 143
447 142
143 144
143 447
144 145
447 144
145 146
447 145
145 578
146 147
578 146
147 148
147 578
148 149
553 148
578 148
149 150
149 553
149 558
150 151
150 558
579 150
151 152
151 476
151 579
152 153
152 475
476 152
153 154
153 475
154 155
475 154
155 156
474 155
155 475
156 157
156 474
157 158
157 474
158 159
158 456
474 158
159 160
456 159
160 161
160 456
161 162
161 452
161 456
162 163
162 452
163 164
163 452
164 165
452 164
165 166
165 452
166 167
166 452
167 168
442 167
452 167
168 169
442 168
169 170
169 442
170 171
170 442
171 172
442 171
450 171
172 173
450 172
173 174
173 450
174 175
450 174
519 174
175 176
519 175
176 177
519 176
177 178
177 499
519 177
178 179
499 178
179 180
476 179
179 499
179 563
180 181
180 554
180 563
181 182
181 554
181 560
182 183
560 182
183 184
555 183
183 560
184 185
184 555
596 184
185 186
185 596
186 187
596 186
186 597
187 188
187 597
188 189
188 597
189 190
189 597
598 189
190 191
598 190
191 192
513 191
598 191
192 193
513 192
514 192
193 194
193 514
194 195
194 439
514 194
195 196
439 195
603 195
196 197
603 196
197 198
197 603
197 611
198 199
198 611
199 200
611 199
200 201
610 200
611 200
201 202
201 610
201 619
202 203
619 202
203 204
619 203
204 205
204 619
627 204
205 206
205 627
206 207
206 627
628 206
207 208
207 628
208 209
208 210
208 237
208 238
208 628
209 210
210 211
210 237
211 212
211 213
235 211
236 211
211 237
212 213
213 214
234 213
235 213
214 215
214 232
214 233
234 214
215 216
232 215
216 217
216 229
216 232
217 218
217 228
229 217
218 219
228 218
219 220
219 227
228 219
220 221
220 225
220 226
227 220
221 222
225 221
222 223
222 224
225 222
223 224
224 225
225 226
226 227
227 228
228 229
229 230
231 229
229 232
230 231
231 232
232 233
233 234
234 235
235 236
236 237
237 238
238 239
238 628
239 240
239 628
240 241
240 627
240 628
241 242
627 241
242 243
627 242
243 244
619 243
620 243
243 627
244 245
244 620
245 246
620 245
246 247
620 246
247 248
247 610
612 247
247 620
248 249
612 248
249 250
612 249
250 251
603 250
612 250
251 252
439 251
603 251
252 253
439 252
253 254
439 253
253 515
254 255
254 515
255 256
255 515
256 257
256 513
256 515
256 593
257 258
257 593
258 259
258 593
594 258
259 260
556 259
594 259
260 261
260 556
261 262
556 261
262 263
539 262
556 262
263 264
263 539
264 265
539 264
264 540
265 266
265 540
266 267
266 540
267 268
267 504
267 540
268 269
268 504
269 270
504 269
270 271
270 487
270 504
271 272
271 484
487 271
272 273
484 272
273 274
448 273
273 484
274 275
448 274
275 276
279 275
448 275
276 277
278 276
279 276
277 278
278 279
279 280
279 448
279 469
280 281
280 445
469 280
281 282
281 445
282 283
282 445
282 574
283 284
574 283
284 285
284 574
285 286
285 574
285 599
286 287
599 286
287 288
287 599
288 289
583 288
288 599
289 290
289 583
584 289
290 291
290 584
291 292
584 291
292 293
292 584
585 292
293 294
293 585
294 295
294 585
294 588
295 296
588 295
296 297
588 296
297 298
588 297
297 632
298 299
298 631
632 298
299 300
299 631
300 301
631 300
301 302
621 301
301 631
302 303
302 621
302 622
303 304
303 622
304 305
304 613
304 615
304 622
305 306
615 305
306 307
306 615
307 308
307 604
307 605
307 615
308 309
308 605
309 310
605 309
310 311
310 605
311 312
311 591
311 605
312 313
591 312
313 314
591 313
313 592
314 315
314 592
315 316
315 592
316 317
316 572
316 592
317 318
517 317
317 572
318 319
318 517
319 320
319 516
319 517
320 321
516 320
321 322
321 440
516 321
322 323
440 322
323 324
440 323
324 325
440 324
468 324
325 326
467 325
325 468
326 327
326 467
327 328
467 327
328 329
330 328
467 328
329 330
330 331
330 467
331 332
467 331
332 333
332 467
333 334
467 333
334 335
467 334
335 336
335 467
336 337
467 336
336 468
337 338
468 337
338 339
338 468
339 340
339 440
468 339
340 341
440 340
341 342
440 341
342 343
440 342
516 342
343 344
343 516
344 345
344 516
345 346
345 516
517 345
346 347
346 517
347 348
517 347
572 347
348 349
348 572
349 350
349 572
350 351
350 572
350 590
351 352
590 351
352 353
352 441
352 590
353 354
353 441
606 353
354 355
606 354
355 356
355 606
356 357
356 606
614 356
357 358
614 357
358 359
358 614
359 360
613 359
359 614
359 623
360 361
623 360
361 362
361 623
362 363
623 362
362 630
363 364
363 630
364 365
364 630
365 366
629 365
365 630
366 367
601 366
366 629
367 368
601 367
368 369
601 368
369 370
601 369
370 371
600 370
601 370
371 372
371 600
372 373
372 580
372 600
373 374
580 373
374 375
374 580
374 581
375 376
375 460
375 481
375 500
581 375
376 377
444 376
376 481
377 378
377 444
378 379
444 378
378 639
379 380
639 379
380 381
380 639
381 382
381 638
639 381
382 383
638 382
383 384
383 636
638 383
383 640
384 385
640 384
385 386
385 640
386 387
640 386
387 388
633 387
387 634
640 387
388 389
388 634
389 390
389 634
390 391
390 634
391 392
624 391
626 391
634 391
392 393
392 626
393 394
393 618
393 626
394 395
618 394
395 396
618 395
396 397
607 396
609 396
618 396
397 398
397 609
398 399
398 609
399 400
399 609
400 401
400 589
609 400
401 402
571 401
589 401
402 403
571 402
403 404
571 403
404 405
512 404
404 571
405 406
405 512
406 407
438 406
406 512
407 408
409 407
438 407
408 409
409 410
411 409
409 438
409 602
410 411
411 412
411 602
412 413
466 412
602 412
413 414
466 413
414 415
414 466
415 416
415 465
466 415
416 417
465 416
417 418
465 417
418 419
465 418
419 465
420 442
450 420
420 451
420 452
456 420
474 420
420 519
524 421
421 530
537 421
421 543
421 545
421 546
545 422
547 422
552 422
553 422
558 422
422 559
443 423
453 423
457 423
458 423
460 423
481 423
424 480
483 424
490 424
424 497
424 502
424 503
425 444
457 425
425 464
637 425
638 425
425 639
580 426
426 584
426 585
586 426
600 426
427 585
427 588
427 600
427 601
629 427
427 632
428 506
507 428
428 508
428 573
428 582
520 429
429 521
429 523
429 524
429 546
551 429
543 430
430 548
430 549
555 430
430 557
595 430
536 431
431 537
431 538
431 539
431 544
432 448
432 469
482 432
483 432
432 503
432 507
433 449
471 433
472 433
473 433
479 433
433 480
433 502
434 473
488 434
489 434
434 490
434 492
434 495
435 447
435 455
435 461
462 435
577 435
435 578
547 436
548 436
436 554
436 559
563 436
579 436
437 510
511 437
438 512
438 602
514 439
515 439
439 603
440 468
440 516
441 590
591 441
605 441
606 441
442 450
452 442
453 443
458 443
477 443
457 444
481 444
639 444
445 469
445 507
573 445
445 574
470 446
446 485
446 494
446 505
446 541
542 446
575 446
455 447
447 463
447 578
469 448
482 448
448 484
471 449
473 449
449 488
450 519
451 474
475 451
451 476
451 499
519 451
456 452
453 457
453 464
458 454
454 459
460 454
472 454
479 454
454 501
461 455
463 455
562 455
456 474
464 457
457 481
459 458
458 460
477 458
459 471
472 459
477 459
460 481
460 500
460 501
462 461
461 520
462 520
551 462
462 552
462 577
463 561
463 562
637 464
465 466
466 602
467 468
507 469
482 470
470 483
470 484
485 470
470 505
471 472
472 479
473 488
490 473
473 502
475 474
476 475
499 476
563 476
579 476
479 478
478 500
478 501
506 478
478 508
509 478
480 479
479 501
509 479
502 480
503 480
509 480
482 483
482 484
497 483
483 503
505 483
484 485
487 484
485 486
487 485
485 504
541 485
486 504
486 538
540 486
486 541
487 504
489 488
489 495
496 489
490 492
490 497
490 502
492 491
491 493
495 491
498 491
527 491
491 532
533 491
575 491
495 492
492 497
492 498
495 493
496 493
493 527
493 528
494 497
494 498
494 505
494 575
495 496
528 496
497 498
505 497
575 498
519 499
501 500
500 506
581 500
500 582
503 507
508 503
509 503
504 540
508 506
582 506
508 507
507 573
509 508
510 565
567 511
511 568
512 571
514 513
515 513
593 513
513 598
514 515
516 517
517 572
573 518
518 574
582 518
587 518
599 518
520 521
551 520
521 523
521 529
522 523
524 522
522 525
527 522
531 522
522 533
523 524
523 525
523 529
524 530
531 524
546 524
525 527
528 525
525 529
530 526
531 526
535 526
526 536
537 526
528 527
527 533
531 530
537 530
531 532
531 533
535 531
532 533
532 535
532 542
575 532
535 534
534 536
534 538
541 534
542 534
535 536
542 535
537 536
536 538
537 543
544 537
537 549
539 538
538 540
541 538
540 539
544 539
556 539
541 542
575 542
545 543
547 543
543 548
543 549
549 544
544 556
557 544
545 546
545 547
552 545
546 551
552 546
548 547
559 547
554 548
548 555
560 548
549 557
556 550
557 550
594 550
595 550
552 551
553 552
577 552
553 558
553 577
578 553
554 560
563 554
555 560
595 555
596 555
556 557
594 556
557 595
559 558
579 558
579 559
561 562
569 561
561 570
563 579
580 564
581 564
564 582
564 586
587 564
565 566
568 567
569 567
570 567
569 568
570 569
589 571
590 572
592 572
574 573
573 582
599 574
576 593
594 576
576 595
576 597
576 598
578 577
580 581
586 580
600 580
581 582
587 582
583 584
583 586
583 587
583 599
584 585
584 586
585 588
600 585
586 587
587 599
632 588
589 608
609 589
590 591
592 590
592 591
591 605
594 593
598 593
595 594
595 596
597 595
596 597
598 597
601 600
601 629
603 611
603 612
604 605
604 606
604 614
615 604
606 605
614 606
608 607
607 609
617 607
607 618
608 609
610 611
612 610
619 610
610 620
611 612
614 613
613 615
613 622
613 623
614 615
617 616
616 618
625 616
616 626
617 618
626 618
620 619
619 627
621 622
623 621
629 621
630 621
621 631
623 622
630 623
625 624
626 624
624 634
624 635
626 625
627 628
629 630
631 629
632 629
632 631
634 633
635 633
633 640
641 633
635 634
636 637
636 638
640 636
641 636
638 637
638 639
641 640
