779
215 501
210 501
205 500
202 496
201 491
202 486
202 481
203 477
204 472
204 467
204 462
204 457
204 452
204 447
204 442
202 438
201 433
201 428
204 424
202 420
205 416
207 412
205 408
205 403
205 398
207 394
208 389
207 384
207 379
205 375
205 370
207 366
208 361
207 356
205 352
205 347
207 343
207 338
207 333
207 328
207 323
205 319
205 314
205 309
205 304
205 299
207 295
205 291
204 286
205 281
207 277
206 272
205 268
205 263
207 259
207 254
207 249
207 244
210 240
210 235
211 230
214 226
215 221
216 217
217 212
217 207
217 202
217 197
216 192
215 188
215 183
214 178
214 174
214 169
210 166
205 166
200 165
196 163
191 163
187 165
182 165
178 164
173 163
168 162
163 162
158 163
153 163
148 162
143 161
138 161
133 161
128 162
123 162
118 162
113 161
108 160
103 160
99 158
94 158
89 157
84 157
79 157
74 158
69 158
64 158
59 158
54 156
49 155
44 155
39 156
34 157
30 156
31 152
26 153
22 155
18 151
13 150
16 147
20 144
25 144
30 143
35 142
40 142
45 142
50 142
55 142
60 142
64 140
69 140
74 140
78 142
83 142
88 142
93 142
97 140
102 140
107 140
112 140
117 140
122 140
127 140
132 140
137 140
142 140
147 139
152 139
157 140
162 140
167 139
172 138
177 139
182 139
187 139
192 140
197 139
201 136
204 132
207 128
212 127
216 125
221 124
226 123
229 118
231 114
229 110
230 106
235 105
240 106
237 102
234 99
229 97
226 94
223 90
218 89
215 88
215 83
211 80
206 81
207 77
210 73
212 68
209 64
204 65
200 65
199 62
201 57
204 53
207 49
205 45
201 41
201 37
206 37
211 37
213 33
218 33
223 31
224 26
225 21
226 17
231 19
236 18
237 13
237 8
237 3
240 5
243 9
245 14
250 14
254 18
259 18
262 14
264 15
267 19
272 19
277 19
278 24
281 28
286 28
291 26
291 30
288 34
290 38
294 40
299 40
304 40
307 41
304 45
299 47
298 52
302 56
307 57
310 59
307 63
302 65
298 68
297 73
300 77
299 80
294 81
294 86
293 90
288 90
284 92
279 94
276 97
273 102
268 104
272 106
277 106
280 108
278 112
277 117
281 121
286 124
290 126
295 128
300 128
304 132
307 136
312 138
317 138
322 139
327 139
332 139
337 139
342 139
347 139
352 139
357 139
362 140
367 140
372 140
377 140
382 140
387 140
392 140
397 140
402 140
406 142
411 142
416 143
421 143
426 143
431 143
436 143
441 142
446 142
451 143
456 143
461 143
466 143
471 143
476 143
481 143
486 144
490 146
495 148
494 151
490 153
486 155
482 153
477 153
476 158
471 157
466 155
461 155
456 156
451 157
446 158
441 158
436 158
431 158
426 157
421 157
416 157
411 158
407 160
402 160
397 161
392 162
387 162
382 162
377 161
372 161
367 161
362 162
357 162
352 163
347 163
342 162
337 163
332 163
327 164
323 165
318 165
314 163
310 165
305 166
300 166
297 169
297 174
295 178
294 183
292 187
292 192
292 197
292 202
292 207
292 212
292 217
294 221
294 226
297 230
300 234
300 239
301 244
301 249
301 254
302 259
302 264
304 268
304 273
304 278
305 283
305 288
305 293
305 298
304 303
304 308
304 313
302 317
302 322
302 327
302 332
302 337
302 342
302 347
304 351
302 355
301 360
301 365
302 370
302 375
301 380
301 385
301 390
302 395
302 400
304 404
302 408
302 413
305 417
305 422
305 427
305 432
307 436
305 440
305 445
305 450
305 455
305 460
305 465
305 470
305 475
305 480
307 484
307 489
305 493
307 497
303 499
298 502
294 501
289 501
284 501
279 501
274 501
269 501
264 500
261 497
259 493
259 488
258 483
258 478
258 473
258 468
258 463
258 458
259 453
259 448
260 444
261 439
261 434
262 429
262 424
262 419
264 415
264 410
262 406
261 401
261 396
261 391
259 387
259 382
259 377
258 372
259 367
261 363
261 358
261 353
261 348
259 344
259 339
259 334
259 329
259 324
259 319
258 314
258 309
258 304
256 300
256 295
255 290
255 285
255 280
253 283
253 288
253 293
252 297
251 302
251 307
252 310
250 314
250 319
250 324
250 329
250 334
250 339
249 343
248 348
248 353
247 358
247 363
248 368
250 372
250 377
250 382
248 386
248 391
247 396
247 401
244 405
243 410
244 415
247 419
248 424
250 428
250 433
250 438
250 443
248 447
248 452
248 457
248 462
248 467
248 472
248 477
248 482
250 486
250 491
249 495
250 499
245 499
240 500
235 500
230 500
225 500
220 501
216 501
254 228.625
228.44 148.202
227.935 306.5
236.688 256.5
228.453 335.5
226 454.5
227.671 381.5
253.838 187.032
279.944 287.611
280.273 311.5
280.43 336.5
281.436 465.5
279.929 379.5
283.43 426.5
233.994 227.399
272 251.5
257.68 140.32
280.849 149.849
242.892 129.735
282.737 404
183.833 152
224.57 402.627
321.155 152.052
273.897 225.745
215.399 141.339
218.273 315.773
216.832 301.907
222.73 249.243
228.433 433.07
237.969 374.951
234.379 185.402
272.909 175.636
269.634 296.692
286.966 272.063
292.188 310.097
293.502 420.833
283.442 239.519
238.174 440.094
214.718 432.573
284.581 170.962
254.147 80.0971
256.5 49.0428
273.931 65.7863
238.234 83.3248
261.089 33.7903
284.39 72.8337
236.073 423.912
263.417 90.6907
222.601 266.739
221.31 349.5
218.273 372.5
242.391 117.753
307.5 150.94
232.497 320.923
284.899 299.49
283.719 415.23
273.795 420.614
291.773 408.868
228.043 443.879
216.239 447.116
282.157 181.819
269.234 191.141
274.186 161.913
289.099 159.277
286.064 59.065
272.154 79.7077
229.915 285.996
217.35 382.87
223.776 391.719
235.862 390.473
254.301 109.21
292.448 289.369
294.34 146.368
298.678 155.944
225.799 295.946
217.057 286.503
238.937 295.554
264.667 115.969
287.176 281.518
294.855 299.04
223.143 277.55
238.24 272.382
241.416 284.177
254.042 123.267
266.202 129.587
252.013 132.614
243.257 144.99
195.592 151.223
205.438 146.165
215.522 154.288
205.754 156.094
333.166 151
226.72 135.649
233.427 128.922
235.389 241.945
267.702 284.106
266.116 267.311
276.453 276.675
263.292 276.05
236.774 451.258
226.761 72.8477
228.345 51.6125
218.192 46.0639
218.508 57.5492
241.963 36.3527
245.311 25.425
251.279 33.2306
241.055 431.493
231.19 412.8
219.06 413.452
214.817 404.477
225.169 422.582
249.134 93.8359
227.03 258.023
217.987 338.982
219.946 327.4
234.582 347.449
239.179 337.546
230.031 361.969
228.101 371.644
238.703 311.027
274.402 410.228
263.533 181.602
248.447 166.037
261.666 168.317
253.549 175.917
244.485 181.714
257.214 154.669
280.555 193.216
271.922 208.395
272.83 49.4872
281.695 82.3633
272.012 88.5615
262.968 71.4608
246.963 63.9366
263.547 59.1516
253.565 70.679
254.265 58.1118
258.564 99.8054
284.916 137.729
272.646 140.354
276.692 130.621
344.936 150.595
223.422 235.815
243.642 233.814
256.007 245.565
250.955 263.122
228.688 82.2587
214.086 422.376
240.145 92.2505
246.907 85.239
248.254 102.687
240.06 327.537
237.675 356.392
238.313 365.823
219.015 361.499
238.191 157.403
234.928 171.218
247.399 153.921
281.519 203.809
258.169 201.702
277.202 57.3786
264.829 43.2321
272.195 34.8522
238.324 71.7063
231.581 62.5304
265.146 147.744
244.876 248.434
241.872 264.01
260.946 256.492
248.205 272.705
225.549 177.957
225.246 162.729
260.479 193.046
267.372 200.268
259.84 215.745
243.107 198.175
280.141 41.8386
272.425 153.069
269.181 217.495
280.562 215.961
244.694 216.642
251.641 195.655
230.047 197.731
236.233 208.068
288.023 48.7598
248.991 206.971
171.696 150.318
160.538 151.089
269.377 308.102
286.409 253.807
291.308 245.338
277.613 262.589
270.305 238.428
264.34 229.888
283.909 229.002
234.667 400.685
356.449 150.5
366.949 150.5
377.459 150.5
388.557 151
398.852 150.162
148.954 150.437
138.403 150.457
127.405 151.004
116.595 150.804
291.668 262.783
276.476 482.99
270.554 471.862
267.237 480.767
270.505 459.29
285.204 446.142
280.065 455.187
272.611 444.97
292.542 456.293
279.728 436.735
295.165 446.669
293.116 468.286
285.106 475.989
287.978 488.351
294.588 480.3
271.915 430.458
292.876 434.502
274.864 392.491
269.734 383.009
271.127 370.49
285.589 365.166
287.819 390.059
290.462 379.857
274.516 357.392
292.148 398.969
292.81 370.924
287.618 350.502
291.951 358.574
277.37 346.917
269.867 339.054
291.051 339.894
270.701 401.257
230.695 40.0038
242.409 50.4574
239.669 58.8921
228.051 216.915
223.909 225.917
273.335 324.044
267.772 316.963
287.724 323.812
293.03 331.099
225.744 476.756
217.718 465.534
214.438 476.361
219.686 488.123
210.624 491.388
213.773 456.582
234.174 465.724
236.876 476.525
237.979 488.324
228.86 485.714
330.667 139.825
275.321 283.556
363.556 144.942
110.222 147.553
779
210.148 494.105
208.671 495.049
206.594 496.592
205.368 497.507
207.994 495.549
213.494 491.226
218.669 486.606
220.18 485.254
224.639 478.733
225.59 471.894
226.095 464.303
226.391 457.671
226.906 451.065
227.328 442.909
225.997 435.392
224.413 430.155
223.443 429.188
223.385 428.998
223.273 427.015
222.957 426.625
223.817 425.674
223.141 416.294
223.65 407.559
223.767 405.102
224.151 403.665
224.667 401.6
227.359 389.395
229.029 379.826
228.615 374.372
226.881 373.381
226.882 373.323
228.693 372.26
229.015 362.109
228.612 351.313
227.95 349.26
227.955 349.041
228.668 347.416
229.512 340.785
228.93 333.955
228.228 326.902
226.337 319.2
225.369 315.379
224.775 313.318
223.204 307.915
222.234 304.6
221.629 300.899
221.534 294.048
221.152 287.009
220.796 285.912
221.687 283.751
225.239 275.291
227.503 266.63
227.141 264.859
227.366 264.237
230.883 257
231.758 254.111
231.944 249.281
231.973 248.653
232.828 247.67
235.034 241.134
235.139 240.48
237.927 237.312
241.424 231.255
243.914 226.725
247.826 217.976
250.598 209.02
250.972 200.331
250.827 190.42
249.639 180.87
249.261 178.231
249.053 176.125
248.548 171.533
247.138 165.882
243.292 153.42
220.902 146.253
204.788 148.323
200.306 149.453
194.635 150.767
184.433 153.185
182.736 153.599
181.924 153.851
178.137 152.699
175.975 152.035
169.089 150.831
161.308 150.668
156.535 150.592
155.098 150.574
150.218 150.511
144.288 150.463
137.733 150.449
131.32 150.898
126.094 151.242
122.439 151.252
118.752 151.296
114.543 151.044
111.576 150.656
104.223 149.695
184 145.778
95.2153 149.173
89.6594 149.293
83.5648 149.376
77.3066 149.098
72.0712 148.794
66.7165 148.87
64.8821 149.117
60.8958 149.402
38.6113 149.029
46.3301 147.962
43.117 147.96
36.7935 148.482
32.3804 153.137
31.9367 154.706
25.0907 149.902
23.5211 148.152
22.0204 148.127
18.3391 148.28
12.615 149.609
17.08 148.549
20.1305 147.946
16.6061 148.911
31.9068 148.758
35.9503 148.591
38.8784 148.23
44.033 147.951
49.5631 147.965
55.4641 148.815
61.4378 149.434
65.6747 149.006
68.7459 148.617
71.7706 148.776
74.1859 148.92
78.5221 149.138
92.0017 149.239
95.0122 149.175
98.1294 149.183
101.354 149.297
113.726 150.859
111.095 150.589
116.476 151.286
121.536 151.254
126.518 151.222
131.735 150.869
137.119 150.471
143.092 150.451
147.783 150.489
150.674 150.519
155.463 150.58
165.961 150.774
169.153 150.846
172.008 150.861
177.097 152.401
179.228 153.051
183.325 153.459
189.622 151.948
202.093 149.071
214.099 146.488
214.027 144.589
205.818 136.546
213.908 144.476
218.566 145.662
227.323 146.655
244.289 145.588
251.521 133.473
250.969 120.195
231.782 108.47
228.554 106.498
248.36 118.598
252.513 113.273
248.822 86.2164
243.68 72.4054
237.069 71.2373
235.576 70.9456
226.061 71.4768
213.774 86.0337
211.221 89.4138
222.378 74.1299
209.254 78.9111
204.614 80.5844
210.639 78.4117
221.789 74.3907
228.868 60.3643
0 0
204.82 60.1968
196.855 64.6912
198.25 63.8922
208.71 58.0287
221.686 50.455
221.33 49.3827
209.314 42.3952
201.015 38.1304
200.072 37.6457
203.222 39.2643
208.307 41.8814
209.569 42.5027
222.049 49.7046
240.809 48.4063
247.039 39.6305
235.462 27.3048
229.696 21.6131
246.404 38.5551
247.253 33.8839
241.947 17.0965
238.072 4.48632
237.388 2.20741
238.442 5.71992
239.076 7.81676
241.385 15.127
246.377 30.324
253.204 41.3778
281.347 32.817
263.829 15.7369
264.458 18.5498
269.539 38.9897
274.86 35.1951
277.348 9.76172
274.84 35.9323
278.614 39.9211
285.456 32.8172
291.891 26.1156
290.491 27.5734
287.086 31.12
283.468 45.3216
292.505 46.0992
299.324 43.5171
304.786 41.4493
306.867 40.6614
302.402 42.3516
298.065 43.994
284.958 51.1004
301.675 58.5
308.094 59.513
310.856 59.9395
306.535 59.2687
295.591 57.5673
284.332 54.6368
279.803 64.1377
300.062 79.3987
299.997 79.3516
280.241 64.7354
289.255 79.8683
300.453 97.6273
294.192 87.7103
279.818 64.9585
268.248 65.3489
257.485 69.3677
251.901 81.2776
251.387 113.548
253.409 120.909
272.143 111.206
276.584 108.911
255.972 119.574
254.838 130.389
262.704 142.27
274.123 148.187
282.993 148.656
292.33 146.794
299.571 143.797
293.527 146.452
296.464 148.023
309.647 149.978
317.411 151.874
323.671 153.234
328.733 152.22
333.023 151.337
340.352 150.865
342.886 150.71
347.728 150.522
352.161 150.52
355.969 150.51
360.963 150.444
366.944 150.367
372.278 150.509
377.438 150.643
382.499 150.776
387.676 150.929
393.152 150.73
398.208 150.444
401.138 150.299
402.789 150.224
409.976 149.903
415.661 149.681
421.332 149.662
429.192 150.312
431.677 150.515
436.74 150.684
440.137 150.476
445.437 150.14
458.884 148.928
455.297 149.111
461.3 148.487
466.936 148.408
471.202 148.358
475.668 148.338
481.289 148.387
485.214 148.619
491.444 149.257
494.389 149.241
493.717 149.26
489.272 149.412
487.789 149.147
487.163 148.855
480.784 150.252
473.881 154.756
474.163 149.169
469.438 148.378
465.204 148.439
454.5 149.2
449.388 149.77
445.255 150.152
441.211 150.421
436.439 150.695
432.05 150.546
427.139 150.143
421.409 149.667
463.107 149.917
482.667 149.333
405.671 150.092
401.756 150.271
393.539 150.71
391.291 150.838
387.749 150.932
383.842 150.812
378.76 150.678
372.371 150.512
366.002 150.366
360.704 150.447
355.862 150.511
351.756 150.521
348.495 150.522
342.77 150.717
336.276 151.103
330.675 151.827
325.877 152.782
324.045 153.269
322.634 153.117
319.833 152.452
310.526 150.26
304.184 149.059
290.738 148.457
274.629 153.99
267.583 160.264
266.443 165.058
264.886 170.86
263.684 178.305
262.848 188.291
263.224 195.809
263.65 201.561
263.88 207.173
264.035 210.655
267.224 226.79
268.287 229.759
271.9 237.695
278.339 244.131
282.623 245.138
282.13 245.266
281.34 246.244
279.956 248.817
279.062 253.323
281.09 259.619
283.265 265.222
283.884 266.73
284.606 268.834
286.497 277.033
287.53 283.478
288.297 288.345
288.335 292.868
288.308 296.9
287.262 301.657
286.481 304.27
284.916 309.469
284.015 313.726
282.244 324.428
282.031 327.603
281.754 332.988
282.098 338.049
282.65 344.178
283.323 350.159
285.002 351.161
283.474 351.012
282.753 358.358
281.944 366.338
281.473 371.336
281.178 372.829
280.781 374.88
280.017 383.974
280.069 391.779
280.94 398.603
281.775 404.071
281.881 404.243
281.865 405.269
283.026 416.866
283.593 421.975
283.617 423.25
283.617 425.649
283.707 434.433
284.188 434.858
283.876 435.446
282.978 442.582
282.3 449.276
281.603 455.56
280.996 465.175
280.844 468.312
281.319 474.546
283.392 479.583
289.68 486.689
295.157 490.801
296.462 491.784
297.806 492.784
309.441 501.415
301.206 495.337
300.423 494.754
293.216 489.368
289.64 486.687
282.58 482.243
278.863 481.085
271.88 487.45
270.252 488.947
262.028 496.733
263.257 495.579
264.24 494.656
271.121 488.193
273.659 485.811
277.618 481.62
279.905 477.696
280.82 472.223
280.819 466.948
280.867 462.489
281.709 454.469
281.962 451.999
282.316 448.78
283.055 439.16
283.266 436.17
283.622 430.096
283.465 424.491
283.406 421.814
282.984 417.145
281.815 406.18
280.988 399.936
280.694 397.861
280.171 393.673
279.738 386.585
279.592 382.856
279.691 381.028
280.269 376.127
280.347 375.107
280.55 374.137
281.407 369.146
282.597 360.72
282.78 351.676
282.351 341.842
281.985 339.97
281.792 338.767
281.796 335.111
281.773 332.75
281.711 325.107
282.577 319.425
283.456 315.179
284.469 310.853
286.441 303.137
287.57 299.021
287.876 292.714
286.374 282.623
282.463 275.458
265.738 255.89
237.263 260.596
224.966 279.654
222.194 289.176
220.687 295.225
222.684 303.658
224.945 312.035
225.18 312.098
224.983 313.463
227.424 323.642
228.143 326.599
229.218 331.683
229.766 335.588
230.081 337.401
229.733 338.929
229.37 341.635
228.994 350.735
229.012 357.883
229.287 367.473
230.157 375.163
231.181 376.861
231.144 377.037
230.887 377.321
229.495 380.62
228.499 385.4
227.026 391.248
226.722 392.396
225.469 396.778
223.733 411.821
225.203 425.619
227.934 432.027
230.08 433.525
232.686 433.2
232.054 433.346
229.711 434.783
229.147 435.61
228.08 439.699
227.075 447.892
226.313 460.176
226.089 463.891
225.773 471.074
226.002 476.55
228.269 482.305
234.563 487.21
240.72 491.609
242.379 492.795
247.463 496.43
252.372 499.946
243.846 493.845
240.96 491.781
235.03 487.534
228.597 483.204
221.867 484.409
214.318 490.534
210.291 494.002
260.146 234.179
237.846 149.24
223.296 307.461
238.655 250.579
229.463 340.416
226.648 454.037
229.15 380.322
256.523 183.17
287.726 286.537
284.885 309.578
281.838 337.932
280.682 469.396
280.037 379.516
283.681 426.925
241.863 232.84
258.667 213.333
255.117 140.097
278.384 149.586
252.608 138.751
282.918 423.005
179.836 153.022
224.107 404.713
329.05 152.258
265.985 228.58
219.495 145.778
225.386 315.376
222.582 299.441
232.814 252.152
226.848 433.237
229.249 374.803
250.358 180.393
264.328 169.306
287.892 297.478
283.892 268.325
284.859 310.268
282.987 417.2
279.067 245.12
229.874 434.877
224.099 429.688
267.534 159.998
249.121 79.133
258.012 51.0993
274.214 57.0435
239.274 70.4872
266.981 40.8618
278.716 61.3172
229.195 467.059
253.38 76.1444
228.608 263.449
228.721 346.627
228.734 373.089
254.068 128.928
299.633 147.468
228.922 344.706
287.061 294.513
282.694 413.862
283.431 423.02
282.052 407.203
227.608 441.309
226.345 459.118
265.25 170.156
261.494 190.633
267.421 158.232
275.593 151.513
282.699 48.7209
264.363 62.9883
223.186 281.003
229.033 380.335
225.942 395.817
229.034 381.82
252.352 112.512
288.286 290.722
291.057 147.113
295.823 145.735
221.071 295.599
221.474 289.504
221.502 290.866
259.741 114.019
287.018 280.678
288.18 297.836
226.614 270.471
231.356 262.316
228.481 268.45
254.199 131.336
258.167 138.883
254.086 138.787
247.9 146.288
199.335 149.681
211.586 146.985
214.572 141.691
202.914 148.827
333.312 151.498
232.237 147.557
246.065 144.732
241.09 241.486
281.139 264.499
270.245 255.056
283.995 268.665
270.664 256.456
227.564 443.918
231.328 60.8539
229.25 52.3715
222.788 50.1509
226.542 52.4384
247.422 40.8076
248.088 35.5651
240.42 22.9058
230.944 433.779
224.337 419.899
223.154 416.651
223.708 406.674
224.141 426.319
248.878 82.3442
232.153 255.944
229.093 344.057
227.312 323.211
229.123 343.973
229.979 337.333
228.919 354.314
227.964 373.163
224.919 312.604
282.49 412.385
255.073 180.4
253.59 162.011
256 140.444
256.327 171.373
254.785 174.117
257.966 153.444
262.971 192.5
262.58 208.377
277.922 49.0939
291.913 79.4151
265.397 66.0202
262.042 61.2696
246.783 58.7634
264.2 58.0881
252.35 62.3894
256.003 54.0023
250.852 93.1999
281.234 148.938
266.234 147.811
270.859 152.226
343.381 150.706
235.947 240.85
248.031 233.619
256.699 241.274
250.23 249.947
252.632 57.9248
223.588 426.549
245.167 72.4481
247.05 72.0579
249.397 86.6921
228.411 328.381
228.996 354.008
229.32 368.423
229.021 362.442
247.216 149.821
252.111 173.896
252.172 152.722
261.351 210.447
259.56 199.271
279.052 51.4862
269.899 43.7262
275.848 37.5545
235.004 64.1755
232.933 58.5208
262.813 149.357
234.546 261.718
239.548 251.718
261.856 248.275
236.595 254.055
247.983 168.727
243.446 153.247
258.856 189.982
261.029 198.564
261.148 217.24
252.217 195.914
284.408 46.3148
265.417 150.656
262.644 218.587
263.517 218.81
256.591 201.795
254.201 191.979
251.047 196.262
251.007 208.862
286.512 48.3189
252.808 207.502
188.219 151.041
163.254 150.713
285.536 306.69
278.61 252.781
281.217 246.469
278.858 255.878
267.068 238.566
263.998 229.354
266.061 232.283
229.03 339.327
351.1 150.585
366.436 150.367
376.29 150.617
387.323 150.817
396.688 150.537
157.943 150.631
144.423 150.749
127.139 151.073
117.622 151.291
281.355 260.697
275.209 483.973
280.34 476.827
274.18 485.202
295.111 463.111
282.588 446.396
281.373 457.571
281.884 453.875
281.241 460.904
283.291 437.215
282.472 447.628
281.001 473.63
281.038 477.449
284.643 482.945
291.417 487.45
283.315 436.046
283.545 435.479
280.693 376.48
279.641 382.122
280.943 372.029
281.388 369.847
279.986 390.913
280.154 378.619
282.745 355.697
281.071 399.621
281.46 371.253
283.463 353.27
282.35 362.323
281.974 336.609
281.836 338.783
282.426 341.87
280.88 399.125
240.37 48.9508
242.9 50.0412
243.215 53.7379
245.553 223.431
239.446 234.829
281.726 325.135
283.073 317.012
294.222 341.333
281.746 332.531
225.778 479.795
225.84 469.73
218.866 486.163
220.945 485.003
215.05 489.728
226.613 455.003
226.001 471.1
231.364 487.46
239.338 490.62
226.37 481.827
328 144
290.667 261.333
394.667 144.889
112.889 148.444
1812
0 0
0 0
0 0
0 0
0 0
0 0
0 0
0 0
0 0
0 0
0 0
0 0
0 0
0 0
0 0
0 0
0 0
0 0
0 0
0 0
0 0
0 0
0 0
0 0
0 0
0 0
0 0
0 0
0 0
0 0
0 0
0 0
0 0
0 0
0 0
0 0
0 0
0 0
0 0
0 0
0 0
0 0
0 0
0 0
0 0
0 0
0 0
0 0
0 0
564 714
0 0
0 0
0 0
0 0
0 0
0 0
0 0
0 0
0 0
0 0
0 0
0 0
0 0
0 0
0 0
0 0
0 0
0 0
0 0
0 0
0 0
0 0
0 0
0 0
0 0
0 0
0 0
0 0
0 0
0 0
0 0
0 0
0 0
0 0
0 0
0 0
0 0
0 0
0 0
0 0
0 0
0 0
0 0
0 0
0 0
0 0
0 0
0 0
0 0
0 0
0 0
0 0
0 0
0 0
0 0
0 0
0 0
0 0
0 0
0 0
0 0
0 0
0 0
0 0
0 0
0 0
0 0
714 685
0 0
0 0
0 0
0 0
0 0
0 0
0 0
0 0
0 0
0 0
0 0
0 0
0 0
0 0
0 0
0 0
0 0
0 0
0 0
0 0
0 0
0 0
0 0
0 0
0 0
0 0
0 0
0 0
0 0
0 0
0 0
685 533
0 0
0 0
0 0
0 0
0 0
0 0
0 0
0 0
0 0
0 0
0 0
0 0
0 0
0 0
0 0
0 0
0 0
0 0
0 0
0 0
0 0
0 0
0 0
0 0
533 642
0 0
642 97
0 0
0 0
0 0
0 0
0 0
0 0
0 0
0 0
0 0
0 0
0 0
0 0
0 0
0 0
0 0
0 0
0 0
0 0
0 0
0 0
0 0
0 0
0 0
0 0
0 0
0 0
0 0
0 0
0 0
0 0
0 0
0 0
0 0
0 0
0 0
0 0
0 0
0 0
0 0
0 0
0 0
0 0
0 0
0 0
0 0
0 0
0 0
0 0
0 0
0 0
0 0
0 0
0 0
0 0
0 0
0 0
0 0
0 0
0 0
0 0
0 0
0 0
0 0
0 0
0 0
0 0
0 0
0 0
0 0
0 0
0 0
0 0
0 0
0 0
0 0
0 0
0 0
0 0
0 0
0 0
0 0
0 0
0 0
0 0
0 0
0 0
0 0
0 0
0 0
0 0
0 0
0 0
0 0
0 0
0 0
0 0
0 0
0 0
0 0
0 0
0 0
0 0
0 0
0 0
0 0
0 0
0 0
0 0
0 0
0 0
0 0
0 0
0 0
0 0
0 0
0 0
0 0
0 0
0 0
0 0
0 0
0 0
0 0
0 0
0 0
0 0
0 0
0 0
0 0
0 0
0 0
0 0
0 0
0 0
0 0
0 0
0 0
0 0
0 0
0 0
0 0
0 0
0 0
0 0
0 0
0 0
0 0
0 0
0 0
0 0
0 0
0 0
0 0
0 0
0 0
0 0
0 0
0 0
0 0
0 0
0 0
0 0
0 0
0 0
0 0
0 0
0 0
0 0
0 0
0 0
0 0
0 0
0 0
0 0
0 0
0 0
0 0
0 0
0 0
0 0
0 0
0 0
0 0
0 0
0 0
0 0
0 0
0 0
0 0
0 0
0 0
0 0
0 0
0 0
0 0
0 0
0 0
0 0
0 0
0 0
0 0
0 0
0 0
0 0
0 0
0 0
0 0
0 0
0 0
0 0
642 665
0 0
0 0
0 0
0 0
0 0
0 0
0 0
0 0
0 0
0 0
0 0
0 0
0 0
0 0
0 0
0 0
0 0
0 0
0 0
0 0
0 0
0 0
0 0
0 0
0 0
0 0
0 0
0 0
0 0
0 0
0 0
0 0
0 0
0 0
0 0
0 0
0 0
0 0
0 0
0 0
0 0
0 0
0 0
0 0
0 0
0 0
0 0
0 0
0 0
0 0
0 0
0 0
0 0
0 0
0 0
0 0
0 0
0 0
0 0
0 0
0 0
0 0
0 0
0 0
0 0
0 0
0 0
0 0
0 0
0 0
0 0
0 0
0 0
0 0
0 0
0 0
0 0
0 0
0 0
0 0
0 0
0 0
0 0
0 0
0 0
0 0
0 0
0 0
0 0
0 0
0 0
0 0
0 0
0 0
0 0
0 0
0 0
0 0
0 0
0 0
0 0
0 0
0 0
0 0
0 0
0 0
0 0
0 0
0 0
0 0
0 0
0 0
0 0
0 0
0 0
0 0
0 0
0 0
0 0
0 0
0 0
0 0
0 0
0 0
0 0
0 0
0 0
0 0
0 0
0 0
0 0
0 0
0 0
0 0
0 0
0 0
0 0
0 0
0 0
0 0
0 0
0 0
0 0
0 0
0 0
0 0
0 0
0 0
0 0
0 0
0 0
0 0
0 0
0 0
0 0
0 0
0 0
0 0
0 0
0 0
0 0
0 0
0 0
0 0
0 0
0 0
0 0
0 0
0 0
0 0
0 0
0 0
0 0
0 0
0 0
0 0
0 0
0 0
0 0
0 0
0 0
0 0
0 0
0 0
0 0
0 0
0 0
0 0
0 0
0 0
0 0
0 0
0 0
0 0
0 0
0 0
0 0
0 0
0 0
0 0
0 0
0 0
0 0
0 0
0 0
0 0
0 0
0 0
0 0
0 0
0 0
0 0
0 0
0 0
0 0
0 0
0 0
0 0
0 0
0 0
0 0
0 0
0 0
0 0
0 0
0 0
0 0
0 0
0 0
0 0
0 0
0 0
0 0
0 0
0 0
0 0
0 0
0 0
0 0
0 0
0 0
0 0
0 0
0 0
0 0
0 0
0 0
0 0
0 0
0 0
0 0
0 0
0 0
0 0
0 0
0 0
0 0
0 0
0 0
0 0
0 0
0 0
0 0
0 0
0 0
0 0
0 0
0 0
0 0
0 0
0 0
0 0
0 0
0 0
0 0
0 0
0 0
0 0
0 0
0 0
0 0
0 0
0 0
0 0
0 0
0 0
0 0
0 0
0 0
0 0
0 0
0 0
0 0
0 0
0 0
0 0
0 0
0 0
0 0
0 0
0 0
0 0
0 0
0 0
0 0
0 0
0 0
0 0
0 0
0 0
0 0
0 0
0 0
0 0
0 0
0 0
0 0
0 0
0 0
0 0
0 0
0 0
0 0
0 0
0 0
0 0
0 0
0 0
0 0
0 0
0 0
0 0
0 0
0 0
0 0
0 0
0 0
0 0
0 0
0 0
0 0
0 0
0 0
0 0
0 0
0 0
0 0
0 0
0 0
0 0
0 0
0 0
0 0
0 0
0 0
0 0
0 0
0 0
0 0
0 0
0 0
0 0
0 0
0 0
0 0
0 0
0 0
0 0
0 0
0 0
0 0
0 0
0 0
0 0
0 0
0 0
0 0
0 0
0 0
0 0
0 0
0 0
0 0
0 0
0 0
0 0
0 0
0 0
0 0
0 0
0 0
0 0
0 0
0 0
0 0
0 0
0 0
0 0
0 0
0 0
0 0
0 0
0 0
0 0
0 0
0 0
0 0
0 0
0 0
0 0
0 0
0 0
0 0
0 0
0 0
0 0
0 0
0 0
0 0
0 0
0 0
0 0
0 0
0 0
0 0
0 0
0 0
0 0
0 0
0 0
0 0
0 0
0 0
0 0
0 0
0 0
0 0
0 0
0 0
0 0
0 0
0 0
0 0
0 0
0 0
0 0
0 0
0 0
0 0
0 0
0 0
0 0
0 0
0 0
0 0
0 0
0 0
0 0
0 0
0 0
0 0
0 0
0 0
0 0
0 0
0 0
0 0
0 0
0 0
0 0
0 0
0 0
0 0
0 0
0 0
0 0
0 0
0 0
0 0
0 0
0 0
0 0
0 0
0 0
0 0
0 0
0 0
0 0
0 0
0 0
0 0
0 0
0 0
0 0
0 0
0 0
0 0
0 0
0 0
0 0
0 0
0 0
0 0
0 0
0 0
0 0
0 0
0 0
0 0
0 0
0 0
0 0
0 0
0 0
0 0
0 0
0 0
0 0
0 0
0 0
0 0
0 0
0 0
0 0
0 0
0 0
0 0
0 0
0 0
0 0
763 728
0 0
0 0
0 0
0 0
0 0
0 0
0 0
0 0
0 0
0 0
0 0
0 0
0 0
0 0
0 0
0 0
0 0
0 0
0 0
0 0
0 0
0 0
0 0
0 0
0 0
0 0
0 0
0 0
0 0
0 0
0 0
0 0
0 0
0 0
0 0
0 0
0 0
0 0
0 0
0 0
0 0
0 0
0 0
0 0
0 0
0 0
0 0
0 0
0 0
0 0
0 0
0 0
0 0
0 0
0 0
0 0
0 0
0 0
0 0
0 0
0 0
0 0
0 0
0 0
0 0
0 0
0 0
0 0
0 0
0 0
0 0
0 0
0 0
0 0
0 0
0 0
0 0
0 0
0 0
0 0
0 0
0 0
0 0
0 0
0 0
0 0
0 0
0 0
0 0
0 0
0 0
0 0
0 0
0 0
0 0
0 0
0 0
0 0
0 0
0 0
0 0
0 0
0 0
0 0
0 0
0 0
0 0
0 0
0 0
0 0
0 0
0 0
0 0
0 0
0 0
0 0
0 0
0 0
0 0
0 0
0 0
0 0
0 0
0 0
0 0
0 0
0 0
0 0
0 0
0 0
0 0
0 0
0 0
0 0
0 0
0 0
0 0
0 0
0 0
0 0
0 0
0 0
0 0
0 0
0 0
0 0
0 0
0 0
0 0
0 0
0 0
0 0
0 0
0 0
0 0
0 0
0 0
0 0
0 0
0 0
0 0
0 0
0 0
0 0
0 0
0 0
0 0
0 0
0 0
0 0
0 0
0 0
0 0
0 0
0 0
0 0
0 0
0 0
0 0
0 0
0 0
0 0
0 0
0 0
0 0
0 0
0 0
0 0
0 0
0 0
0 0
0 0
0 0
0 0
0 0
0 0
0 0
0 0
0 0
0 0
0 0
0 0
0 0
0 0
0 0
0 0
0 0
0 0
0 0
0 0
0 0
0 0
0 0
0 0
0 0
0 0
0 0
0 0
0 0
0 0
0 0
0 0
0 0
0 0
0 0
0 0
0 0
0 0
0 0
0 0
0 0
0 0
0 0
0 0
0 0
0 0
0 0
0 0
0 0
0 0
0 0
0 0
0 0
0 0
0 0
0 0
0 0
0 0
0 0
0 0
0 0
0 0
0 0
0 0
0 0
0 0
0 0
0 0
0 0
0 0
0 0
0 0
0 0
0 0
0 0
0 0
0 0
0 0
0 0
0 0
0 0
0 0
0 0
0 0
0 0
0 0
0 0
0 0
0 0
0 0
0 0
0 0
0 0
0 0
0 0
0 0
0 0
0 0
0 0
0 0
0 0
0 0
0 0
0 0
0 0
0 0
0 0
0 0
0 0
0 0
0 0
0 0
0 0
0 0
0 0
0 0
0 0
0 0
0 0
0 0
0 0
0 0
0 0
0 0
0 0
0 0
0 0
0 0
0 0
0 0
0 0
0 0
0 0
0 0
0 0
0 0
0 0
0 0
0 0
0 0
0 0
0 0
0 0
0 0
0 0
0 0
0 0
0 0
0 0
0 0
0 0
0 0
0 0
0 0
0 0
0 0
0 0
0 0
0 0
0 0
0 0
0 0
0 0
0 0
0 0
0 0
0 0
0 0
0 0
0 0
0 0
0 0
0 0
0 0
0 0
0 0
0 0
0 0
0 0
0 0
0 0
0 0
0 0
0 0
0 0
0 0
0 0
0 0
0 0
0 0
0 0
0 0
0 0
0 0
0 0
0 0
0 0
0 0
0 0
0 0
0 0
0 0
0 0
0 0
0 0
0 0
0 0
0 0
0 0
0 0
0 0
0 0
0 0
0 0
0 0
0 0
0 0
0 0
0 0
0 0
0 0
0 0
0 0
0 0
0 0
0 0
0 0
0 0
0 0
0 0
0 0
0 0
0 0
0 0
0 0
0 0
0 0
0 0
0 0
0 0
0 0
0 0
0 0
0 0
0 0
0 0
0 0
0 0
0 0
0 0
0 0
0 0
0 0
0 0
0 0
0 0
0 0
0 0
0 0
0 0
0 0
0 0
0 0
0 0
0 0
0 0
0 0
0 0
0 0
0 0
0 0
0 0
0 0
0 0
0 0
0 0
0 0
0 0
0 0
0 0
0 0
0 0
0 0
0 0
0 0
0 0
0 0
0 0
0 0
0 0
0 0
0 0
0 0
0 0
0 0
0 0
0 0
0 0
0 0
0 0
0 0
0 0
0 0
0 0
0 0
0 0
0 0
0 0
0 0
0 0
0 0
0 0
0 0
0 0
0 0
0 0
0 0
0 0
0 0
0 0
0 0
0 0
0 0
0 0
0 0
0 0
0 0
0 0
0 0
0 0
0 0
0 0
0 0
0 0
0 0
0 0
0 0
0 0
0 0
0 0
0 0
0 0
0 0
0 0
0 0
0 0
0 0
0 0
0 0
0 0
0 0
0 0
0 0
0 0
0 0
0 0
0 0
0 0
0 0
0 0
0 0
0 0
0 0
0 0
0 0
0 0
0 0
0 0
0 0
0 0
0 0
0 0
0 0
0 0
0 0
0 0
0 0
0 0
0 0
0 0
0 0
0 0
0 0
0 0
0 0
0 0
0 0
0 0
0 0
0 0
0 0
0 0
0 0
0 0
0 0
0 0
0 0
0 0
0 0
0 0
0 0
0 0
0 0
0 0
0 0
0 0
0 0
0 0
0 0
0 0
0 0
0 0
0 0
0 0
0 0
0 0
0 0
0 0
0 0
0 0
0 0
0 0
0 0
0 0
0 0
0 0
0 0
0 0
0 0
0 0
0 0
0 0
0 0
0 0
0 0
0 0
0 0
0 0
0 0
0 0
0 0
0 0
0 0
0 0
0 0
0 0
0 0
0 0
0 0
0 0
0 0
0 0
0 0
0 0
0 0
0 0
0 0
0 0
0 0
0 0
0 0
0 0
0 0
0 0
0 0
0 0
0 0
0 0
0 0
0 0
0 0
0 0
0 0
0 0
0 0
0 0
0 0
0 0
0 0
0 0
0 0
0 0
0 0
0 0
0 0
0 0
0 0
0 0
0 0
0 0
0 0
0 0
0 0
0 0
0 0
0 0
0 0
0 0
0 0
0 0
0 0
0 0
0 0
0 0
0 0
0 0
0 0
0 0
0 0
0 0
0 0
0 0
0 0
0 0
0 0
0 0
0 0
0 0
0 0
0 0
0 0
0 0
0 0
0 0
0 0
0 0
0 0
0 0
0 0
0 0
0 0
0 0
0 0
0 0
0 0
0 0
0 0
0 0
0 0
0 0
0 0
0 0
0 0
0 0
0 0
0 0
0 0
0 0
0 0
0 0
0 0
0 0
0 0
0 0
0 0
0 0
0 0
0 0
0 0
0 0
0 0
0 0
0 0
0 0
0 0
0 0
0 0
0 0
0 0
0 0
0 0
0 0
0 0
0 0
0 0
0 0
0 0
0 0
0 0
0 0
0 0
0 0
0 0
0 0
0 0
0 0
0 0
0 0
0 0
0 0
0 0
0 0
0 0
0 0
0 0
0 0
0 0
0 0
0 0
0 0
0 0
0 0
0 0
0 0
0 0
0 0
0 0
0 0
0 0
0 0
0 0
0 0
0 0
0 0
0 0
0 0
0 0
0 0
0 0
0 0
0 0
0 0
0 0
0 0
0 0
0 0
0 0
0 0
0 0
0 0
0 0
0 0
0 0
0 0
0 0
0 0
0 0
0 0
0 0
0 0
0 0
0 0
0 0
0 0
0 0
0 0
0 0
0 0
0 0
0 0
0 0
0 0
0 0
0 0
0 0
0 0
0 0
0 0
0 0
0 0
0 0
0 0
0 0
0 0
0 0
0 0
0 0
0 0
0 0
0 0
0 0
0 0
0 0
0 0
0 0
0 0
0 0
0 0
0 0
0 0
0 0
0 0
0 0
0 0
0 0
0 0
0 0
0 0
0 0
0 0
0 0
0 0
0 0
0 0
0 0
642 775
0 0
533 776
776 763
775 777
777 315
97 778
778 106
1804
0 1
517 0
769 0
1 2
769 1
2 3
769 2
3 4
769 3
4 5
4 769
5 6
769 5
6 7
767 6
769 6
7 8
7 767
8 9
8 767
9 10
9 766
767 9
10 11
766 10
10 770
11 12
11 770
12 13
12 577
12 770
13 14
577 13
14 15
14 556
577 14
15 16
556 15
16 17
556 16
17 18
556 17
18 19
18 20
556 18
666 18
19 20
20 21
666 20
21 22
627 21
21 628
21 666
22 23
628 22
23 24
23 628
24 25
24 628
25 26
25 586
25 628
26 27
26 585
26 586
27 28
585 27
28 29
568 28
28 585
29 30
29 568
30 31
30 568
31 32
568 31
31 673
32 33
673 32
33 34
33 567
673 33
34 35
567 34
35 36
567 35
36 37
36 567
36 632
37 38
632 37
38 39
38 632
38 633
39 40
39 633
40 41
543 40
40 633
41 42
543 41
42 43
42 543
43 44
543 43
544 43
44 45
544 44
45 46
45 544
46 47
544 46
46 593
47 48
47 593
48 49
593 48
49 50
49 593
50 51
593 50
598 50
51 52
566 51
598 51
52 53
52 566
53 54
53 566
54 55
54 545
54 566
631 54
55 56
545 55
56 57
56 58
545 56
57 58
58 59
58 545
58 661
59 60
59 661
60 61
60 661
61 62
61 661
760 61
62 63
62 760
63 64
63 759
760 63
64 65
759 64
65 66
701 65
702 65
759 65
66 67
701 66
67 68
67 701
68 69
68 548
68 689
68 701
69 70
689 69
70 71
689 70
71 72
71 689
72 73
689 72
73 74
73 607
689 73
73 690
74 75
607 74
608 74
75 76
75 608
76 77
76 608
77 78
605 77
608 77
78 79
538 78
78 605
79 80
538 79
80 81
538 80
81 82
538 81
705 81
82 83
705 82
83 84
705 83
706 83
84 85
706 84
85 86
85 706
86 87
86 706
86 720
87 88
720 87
88 89
88 720
88 721
89 90
89 721
90 91
90 721
722 90
91 92
722 91
92 93
722 92
92 723
93 94
723 93
94 95
94 723
95 96
95 136
95 723
96 97
96 136
97 98
97 133
134 97
135 97
97 136
98 99
133 98
99 100
99 132
99 133
100 101
100 131
132 100
101 102
130 101
101 131
102 103
128 102
129 102
130 102
103 104
127 103
103 128
104 105
104 126
127 104
105 106
105 126
106 107
125 106
126 106
107 108
107 123
107 124
125 107
108 109
122 108
123 108
109 110
112 109
122 109
110 111
112 110
111 112
112 113
112 119
112 120
121 112
112 122
113 114
113 115
119 113
114 115
115 116
115 117
115 118
115 119
116 117
117 118
118 119
119 120
120 121
121 122
122 123
123 124
124 125
125 126
126 127
127 128
128 129
129 130
130 131
131 132
132 133
133 134
134 135
135 136
136 137
723 136
137 138
723 137
138 139
723 138
139 140
722 139
723 139
140 141
722 140
141 142
141 721
141 722
142 143
142 721
143 144
720 143
721 143
144 145
720 144
145 146
720 145
146 147
706 146
720 146
147 148
705 147
706 147
148 149
148 705
149 150
149 705
150 151
150 538
150 705
151 152
151 538
152 153
152 538
153 154
153 538
153 605
154 155
605 154
606 154
155 156
155 542
606 155
156 157
158 156
542 156
157 158
158 159
158 542
159 160
159 542
159 610
160 161
160 610
161 162
610 161
161 611
162 163
569 162
611 162
163 164
166 163
167 163
163 569
164 165
164 166
165 166
166 167
167 168
167 569
167 588
669 167
168 169
168 667
168 669
169 170
667 169
170 171
170 667
171 172
665 171
171 667
172 173
172 175
665 172
173 174
173 175
174 175
175 176
175 179
175 618
665 175
176 177
178 176
176 179
177 178
178 179
179 180
618 179
180 181
180 618
621 180
181 182
185 181
186 181
621 181
182 183
182 184
182 185
183 184
184 185
185 186
186 187
186 621
187 188
620 187
621 187
188 189
188 191
192 188
620 188
189 190
189 191
190 191
191 192
192 193
192 194
192 620
193 194
194 195
620 194
756 194
195 196
195 756
196 197
199 196
196 622
196 756
197 198
197 199
198 199
199 200
199 622
199 623
200 201
200 206
200 623
201 202
201 205
201 206
202 203
204 202
205 202
203 204
204 205
205 206
206 207
623 206
207 208
207 623
208 209
623 208
624 208
209 210
209 211
209 212
562 209
624 209
210 211
211 212
212 213
562 212
212 681
213 214
215 213
213 681
214 215
215 216
681 215
216 217
220 216
681 216
695 216
217 218
219 217
220 217
218 219
219 220
220 221
695 220
221 222
221 695
221 703
222 223
222 227
703 222
223 224
223 226
223 227
224 225
226 224
225 226
226 227
227 228
227 703
228 229
582 228
703 228
229 230
232 229
233 229
234 229
582 229
230 231
230 232
231 232
232 233
233 234
234 235
563 234
234 582
235 236
238 235
563 235
236 237
236 238
237 238
238 239
238 563
649 238
239 240
241 239
649 239
240 241
241 242
649 241
242 243
242 649
243 244
243 649
650 243
244 245
244 565
244 650
245 246
565 245
246 247
246 565
246 588
246 595
656 246
247 248
247 250
595 247
248 249
250 248
249 250
250 251
250 595
251 252
251 595
602 251
251 659
252 253
659 252
253 254
253 657
253 659
254 255
254 657
255 256
255 257
255 590
657 255
256 257
257 258
257 590
258 259
258 570
590 258
259 260
259 570
260 261
260 540
260 570
261 262
261 540
262 263
262 540
609 262
263 264
263 609
264 265
264 609
660 264
265 266
265 660
266 267
266 660
267 268
267 660
267 715
268 269
715 268
269 270
715 269
269 716
270 271
270 716
271 272
716 271
717 271
272 273
717 272
273 274
717 273
273 718
274 275
274 718
275 276
718 275
275 719
276 277
276 719
277 278
277 719
278 279
278 315
719 278
279 280
314 279
279 315
280 281
280 313
280 314
281 282
281 312
281 313
282 283
282 312
283 284
310 283
283 311
312 283
284 285
309 284
284 310
285 286
285 308
285 309
286 287
286 307
286 308
287 288
287 306
307 287
288 289
305 288
306 288
289 290
289 304
289 305
290 291
290 304
291 292
291 301
304 291
292 293
292 301
293 294
293 300
301 293
294 295
294 300
295 296
297 295
298 295
295 300
296 297
297 298
298 299
300 298
299 300
300 301
301 302
301 303
304 301
302 303
303 304
304 305
305 306
306 307
307 308
308 309
309 310
310 311
311 312
312 313
313 314
314 315
315 316
315 719
316 317
316 719
317 318
719 317
318 319
718 318
719 318
319 320
718 319
320 321
718 320
321 322
717 321
718 321
322 323
717 322
323 324
323 716
717 323
324 325
716 324
325 326
325 715
716 325
326 327
326 715
327 328
327 660
715 327
328 329
328 660
329 330
609 329
329 660
330 331
330 609
331 332
609 331
332 333
540 332
332 609
333 334
540 333
334 335
540 334
335 336
335 540
335 570
336 337
336 570
337 338
337 570
337 591
338 339
581 338
591 338
339 340
557 339
339 581
340 341
340 557
341 342
557 341
341 578
342 343
342 578
343 344
343 578
343 646
344 345
646 344
345 346
646 345
345 677
346 347
346 677
347 348
677 347
348 349
348 677
348 698
349 350
349 698
349 713
350 351
350 713
351 352
351 713
352 353
354 352
554 352
352 709
713 352
353 354
354 355
709 354
355 356
709 355
356 357
709 356
357 358
357 708
357 709
357 724
358 359
724 358
359 360
359 724
360 361
724 360
361 362
551 361
724 361
362 363
362 551
362 589
596 362
363 364
589 363
364 365
589 364
365 366
589 365
365 597
366 367
597 366
367 368
597 367
368 369
552 368
597 368
369 370
369 552
370 371
370 552
370 763
371 372
763 371
764 371
372 373
764 372
373 374
373 764
374 375
754 374
764 374
375 376
375 754
376 377
378 376
376 750
754 376
377 378
378 379
750 378
751 378
379 380
751 379
380 381
749 380
380 751
381 382
749 381
382 383
749 382
383 384
746 383
749 383
384 385
384 745
746 384
385 386
385 745
748 385
386 387
748 386
387 388
389 387
387 748
388 389
389 390
575 389
389 748
390 391
553 390
390 575
391 392
553 391
392 393
553 392
393 394
553 393
740 393
394 395
394 396
394 740
395 396
396 397
734 396
740 396
397 398
397 734
398 399
398 734
399 400
732 399
399 734
400 401
400 732
735 400
401 402
401 735
402 403
735 402
403 404
403 735
403 738
404 405
404 738
405 406
738 405
406 407
738 406
407 408
409 407
411 407
407 737
407 738
408 409
409 410
411 409
410 411
411 412
737 411
412 413
737 412
413 414
413 737
414 415
414 725
414 737
415 416
415 725
416 417
416 418
416 725
416 727
417 418
418 419
727 418
419 420
727 419
420 421
727 420
421 422
421 727
422 423
727 422
423 424
423 726
423 727
424 425
424 726
424 728
425 426
425 728
426 427
426 728
427 428
728 427
731 427
428 429
731 428
429 430
731 429
430 431
731 430
739 430
431 432
431 739
432 433
739 432
433 434
433 574
433 739
434 435
574 434
435 436
574 435
435 639
436 437
436 639
436 755
437 438
437 755
438 439
438 755
439 440
439 741
439 755
440 441
440 741
440 742
441 442
441 742
442 443
742 442
443 444
742 443
743 443
444 445
743 444
445 446
743 445
446 447
446 743
747 446
447 448
447 747
448 449
448 747
449 450
449 747
752 449
449 753
450 451
753 450
451 452
451 753
452 453
753 452
453 454
753 453
761 453
454 455
761 454
762 454
455 456
455 762
456 457
456 707
456 762
457 458
457 707
458 459
458 550
707 458
459 460
550 459
460 461
460 550
613 460
461 462
461 613
462 463
462 613
463 464
463 613
463 616
463 688
464 465
464 600
464 688
465 466
600 465
466 467
594 466
600 466
467 468
467 594
468 469
468 594
638 468
469 470
471 469
638 469
470 471
471 472
638 471
472 473
638 472
670 472
473 474
670 473
474 475
474 670
475 476
475 635
475 670
476 477
635 476
477 478
635 477
478 479
478 634
635 478
478 671
479 480
479 671
480 481
480 671
481 482
481 671
672 481
482 483
547 482
482 672
483 484
483 547
484 485
547 484
485 486
547 485
486 487
547 486
486 587
487 488
487 587
488 489
587 488
488 714
489 490
714 489
490 491
490 714
491 492
491 626
491 714
492 493
492 564
626 492
493 494
564 493
494 495
564 494
625 494
495 496
625 495
496 497
496 625
497 498
555 497
497 625
498 499
555 498
499 500
499 555
499 617
500 501
617 500
501 502
501 617
771 501
502 503
771 502
503 504
771 503
504 505
771 504
504 772
505 506
505 772
506 507
772 506
506 773
507 508
773 507
508 509
508 773
509 510
509 511
773 509
510 511
511 512
511 773
512 513
512 773
513 514
513 773
514 515
773 514
514 774
515 516
768 515
515 774
516 517
768 516
517 768
517 769
662 518
518 663
518 693
518 699
518 712
542 519
519 604
519 607
519 610
519 674
519 690
543 520
544 520
520 571
520 592
520 594
520 638
521 545
521 612
521 631
521 685
521 686
522 567
571 522
522 632
522 633
634 522
635 522
670 522
576 523
577 523
617 523
523 766
523 770
523 771
547 524
568 524
585 524
524 586
587 524
637 524
640 525
525 643
644 525
691 525
525 700
526 550
526 572
589 526
526 596
526 613
615 526
552 527
572 527
527 707
761 527
762 527
527 763
752 528
753 528
754 528
528 761
763 528
764 528
529 726
529 728
529 730
529 732
529 735
529 736
741 530
530 742
530 743
530 744
745 530
530 746
530 749
553 531
573 531
574 531
733 531
739 531
740 531
612 532
532 661
662 532
532 699
759 532
760 532
533 554
533 614
663 533
533 687
708 533
533 710
533 711
534 602
534 603
604 534
645 534
658 534
676 534
684 534
535 580
535 581
535 590
535 657
535 658
535 696
569 536
601 536
536 603
536 604
536 611
573 537
575 537
639 537
537 741
537 745
748 537
755 537
538 605
705 538
539 586
626 539
627 539
628 539
539 714
540 570
540 609
541 697
541 698
541 711
541 712
541 713
542 606
542 607
610 542
544 543
571 543
633 543
544 592
593 544
612 545
545 631
661 545
546 555
556 546
546 564
576 546
625 546
629 546
587 547
547 637
672 547
548 644
675 548
548 689
548 694
548 701
549 557
578 549
549 579
580 549
549 640
549 642
550 572
550 613
707 550
551 596
551 615
710 551
724 551
552 572
597 552
552 763
573 553
575 553
740 553
554 708
709 554
554 711
713 554
576 555
555 617
555 625
556 576
577 556
556 629
666 556
578 557
557 580
581 557
565 558
583 558
630 558
558 651
558 654
558 668
558 682
559 562
622 559
624 559
653 559
559 655
559 680
757 559
560 563
560 582
560 583
651 560
653 560
679 560
665 561
561 667
668 561
561 682
562 624
562 680
562 681
582 563
583 563
563 649
564 625
626 564
629 564
565 583
630 565
650 565
565 656
566 598
566 599
566 631
567 632
634 567
567 636
673 567
568 585
568 637
568 673
588 569
569 601
569 611
590 570
570 591
571 633
638 571
571 670
572 589
572 597
707 572
574 573
575 573
573 639
574 639
739 574
575 748
576 577
617 576
770 577
579 578
578 646
640 579
579 646
691 579
692 579
580 581
580 642
645 580
696 580
581 590
591 581
679 582
703 582
583 649
583 650
651 583
592 584
584 593
594 584
584 598
584 599
584 600
585 586
587 586
628 586
586 714
587 714
595 588
601 588
656 588
669 588
589 596
597 589
590 591
657 590
593 592
594 592
598 593
594 600
638 594
595 601
602 595
615 596
599 598
599 600
631 599
599 686
599 688
688 600
601 602
601 603
603 602
602 658
659 602
603 604
610 604
604 611
604 674
676 604
606 605
605 608
606 607
606 608
607 608
607 690
660 609
611 610
661 612
612 662
685 612
615 613
616 613
615 614
614 616
664 614
614 687
614 710
616 615
710 615
616 664
688 616
771 617
618 621
618 665
682 618
683 618
619 620
619 621
683 619
619 756
757 619
758 619
621 620
756 620
683 621
623 622
624 622
756 622
757 622
623 624
626 627
629 626
714 626
627 628
629 627
627 666
666 629
656 630
630 667
630 668
630 669
631 686
633 632
635 634
634 636
634 671
670 635
636 637
671 636
636 672
636 673
672 637
637 673
670 638
755 639
640 642
640 643
691 640
641 642
643 641
641 644
641 645
641 674
675 641
641 676
642 643
645 642
643 644
644 675
694 644
644 700
645 676
684 645
645 696
677 646
692 646
647 677
678 647
647 692
693 647
697 647
647 698
653 648
648 679
680 648
681 648
648 695
648 703
649 650
651 653
651 654
654 652
655 652
652 682
652 757
652 758
654 653
655 653
653 679
680 653
654 655
682 654
757 655
656 669
657 658
659 657
658 659
658 684
658 696
660 715
661 760
663 662
685 662
699 662
685 663
663 687
711 663
663 712
685 664
686 664
687 664
664 688
665 667
682 665
667 668
669 667
668 682
671 672
674 675
676 674
690 674
675 689
675 690
692 677
698 677
691 678
678 692
693 678
700 678
678 704
703 679
680 681
681 695
682 683
758 682
758 683
684 696
685 686
687 685
688 686
689 690
692 691
691 700
697 693
693 699
693 704
693 712
700 694
694 701
694 702
704 694
703 695
698 697
712 697
713 698
702 699
704 699
699 759
700 704
701 702
702 704
702 759
706 705
706 720
762 707
709 708
708 710
708 724
710 724
712 711
713 711
716 715
717 716
717 718
719 718
721 720
722 721
723 722
726 725
727 725
725 736
725 737
726 727
726 728
726 736
728 730
728 731
730 729
731 729
729 732
729 733
734 729
729 740
730 731
730 732
731 733
739 731
734 732
735 732
739 733
740 733
740 734
736 735
738 735
737 736
738 736
737 738
742 741
741 745
741 755
743 742
744 743
747 743
747 744
749 744
744 750
751 744
746 745
745 748
749 746
747 750
752 747
749 751
750 751
752 750
750 754
753 752
754 752
761 753
754 764
757 756
757 758
759 760
761 762
761 763
764 763
765 766
767 765
765 768
765 771
772 765
774 765
766 767
766 770
771 766
768 767
767 769
768 769
774 768
772 771
772 773
772 774
774 773
