705
216 503
213 499
217 497
219 493
222 489
222 484
218 482
214 479
209 478
204 474
201 469
200 464
199 459
199 454
199 449
199 444
199 439
199 434
200 429
200 424
201 419
201 414
201 409
202 404
204 399
204 394
206 389
206 384
207 379
208 374
208 369
208 364
209 359
209 354
208 349
208 344
207 339
206 334
206 329
205 324
204 319
204 314
204 309
203 304
203 299
202 294
201 289
201 284
201 279
201 274
201 269
201 264
202 259
203 254
204 249
206 244
208 239
211 234
215 229
217 225
222 220
226 215
229 210
232 206
234 201
234 196
231 191
230 186
227 181
226 177
224 172
223 167
219 163
214 161
209 158
205 154
200 152
195 152
190 152
185 152
180 152
175 152
170 152
165 151
160 151
155 151
150 151
145 151
140 151
135 151
130 151
125 151
120 151
115 152
110 151
105 151
100 150
95 149
90 149
85 148
80 147
75 146
70 146
65 146
60 147
55 149
50 149
45 151
40 151
40 147
39 145
34 145
29 145
24 145
19 145
14 145
9 145
13 143
18 141
23 140
28 140
33 139
38 138
43 138
48 138
53 138
58 139
63 139
68 139
73 139
78 139
83 138
88 137
93 137
98 137
103 137
108 137
113 136
118 136
123 136
128 136
133 136
138 136
143 136
148 136
153 136
158 136
163 136
168 136
173 136
178 136
183 135
188 134
193 133
198 134
203 134
208 133
213 132
218 130
213 125
209 121
206 116
204 111
202 106
201 101
201 96
203 91
205 86
209 81
213 77
218 74
221 70
223 65
224 60
227 55
230 51
235 47
240 45
245 43
250 42
255 42
260 42
265 42
270 43
275 45
280 47
284 51
288 55
291 59
292 64
293 69
296 74
301 77
305 80
309 85
311 90
313 95
314 100
313 105
311 110
309 115
306 120
303 125
298 129
301 132
306 132
311 133
316 134
321 133
326 134
331 134
336 136
341 136
346 136
351 136
356 136
361 136
366 136
371 136
376 136
381 136
386 136
391 136
396 136
401 136
406 137
411 136
416 137
421 137
426 138
431 138
436 139
441 139
446 139
451 139
456 139
461 138
466 138
471 138
476 138
481 139
486 140
491 140
496 141
500 143
505 143
502 145
497 145
492 145
487 145
482 145
477 145
474 147
475 151
470 151
465 149
460 149
455 147
450 146
445 146
440 146
435 147
430 148
425 149
420 149
415 150
410 151
405 151
400 151
395 151
390 151
385 151
380 151
375 151
370 151
365 151
360 151
355 151
350 151
345 152
340 152
335 152
330 152
325 152
320 152
315 152
311 154
306 157
302 159
299 162
294 164
292 168
290 173
289 178
286 182
284 187
283 192
281 197
281 202
283 207
286 211
289 216
293 221
298 225
300 230
304 234
307 239
309 244
311 249
311 254
313 259
314 264
314 269
314 274
314 279
314 284
313 289
313 294
312 299
311 304
311 309
311 314
310 319
310 324
309 329
308 334
308 339
307 344
307 349
306 354
306 359
306 364
307 369
307 374
308 379
308 384
309 389
310 394
311 399
312 404
313 409
314 414
314 419
315 424
315 429
315 434
316 439
316 444
316 449
316 454
316 459
315 464
314 469
311 474
307 477
302 479
297 481
294 483
294 488
295 493
297 496
301 499
299 503
294 503
289 503
284 503
279 503
276 499
277 494
279 489
280 484
275 483
272 480
267 478
262 474
261 469
259 464
259 459
259 454
259 449
259 444
259 439
259 434
260 429
260 424
261 419
262 414
262 409
262 404
263 399
265 394
265 389
267 384
268 379
268 374
268 369
269 364
269 359
269 354
269 349
268 344
268 339
268 334
267 329
266 324
265 319
265 314
263 309
263 304
262 299
262 294
258 293
253 293
253 298
252 303
251 308
251 313
250 318
249 323
248 328
247 333
247 338
247 343
246 348
246 353
246 358
246 363
246 368
247 373
247 378
248 383
249 388
250 393
251 398
252 403
253 408
253 413
254 418
254 423
255 428
255 433
255 438
255 443
255 448
255 453
255 458
255 463
255 468
253 473
249 478
244 480
241 483
236 483
235 488
236 493
239 498
237 502
232 503
227 503
222 503
217 503
257.777 148.388
269.571 255.214
257.168 81.567
231.385 271.5
227.356 301.729
226.476 332.505
227.058 416.5
226.964 446.5
227.071 386.5
257.251 213.2
257.712 184.342
287 296.6
288 327.4
287 405.7
287.446 441.5
272.156 162.962
236.176 149.824
287.78 246.22
239.495 74.498
263.546 62.2709
292.02 461.299
231.986 102.705
277.363 81.7822
287.723 103.589
229.267 248.36
219.18 93.2438
226.087 116.913
288.305 145.989
233.529 464.243
281.792 470.416
217.576 396.515
243.231 174.731
276.888 306.422
280.254 391.851
278.179 173.135
277.661 64.9842
300.601 100
286.98 232.904
265.293 173.895
296.929 111.72
290.562 88.8762
295.127 239.097
273.575 240.391
270.834 185.89
254.245 173.852
247.601 160.04
262.652 198.854
286.167 494.333
233.039 87.8826
219.703 105.934
216.615 115.075
211.286 99.9249
254.229 120.27
235.778 131.944
228.355 474.466
216.778 462.186
292.154 471.745
276.701 454.41
216.454 385.942
232.865 401.503
274.636 293.988
268.301 275.098
291.077 271.5
268.31 285.602
280.801 280.339
291.99 311.854
274.797 403.076
294.91 393.279
272.156 55.5478
283.629 73.4916
268.758 73.2281
279.139 94.3031
270.475 110.923
267.181 89.613
277.785 104.166
250.88 99.6451
257.244 91.7259
264.399 100.953
245.323 88.663
259.558 110.74
240.887 97.8048
242.821 111.851
300.436 90.0564
278.108 249.568
286.855 259.196
298.258 253.488
251.04 242.257
238.236 228.889
272.428 222.593
235.565 164.455
246.985 149.233
251.294 134.923
259.987 160.588
248.459 201.701
271.573 195.42
223.312 83.3324
227.352 126.737
236.723 120.994
219.45 471.264
282.822 461.276
226.405 395.377
293.564 284.785
285.767 305.447
299.506 404.935
294.365 423.511
293.743 413.34
303.401 417.854
289.172 376.251
247.799 79.3628
250.188 65.7644
233.65 111.725
278.521 268.247
262.644 245.391
260.333 230.901
277.245 231.218
269.873 209.762
277.59 214.895
227.891 156.806
223.507 143.196
271.404 131.33
242.273 140.01
243.115 214.897
245.187 188.811
254.222 193.627
229.482 75.3956
245.705 126.184
302.151 276.302
300.544 264.837
303.435 286.189
288.217 386.054
278.92 380.2
280.212 368.271
292.642 363.335
297.641 371.602
282.203 355.167
293.923 350.943
283.717 340.994
258.686 71.4539
237.973 61.7209
247.145 54.4845
249.162 231.24
262.688 221.372
232.747 140.956
218.917 152.185
260.643 129.175
264.868 119.677
264.167 139.521
276.207 142.865
284.904 132.476
279.774 154.041
268.534 152.156
234.587 219.77
238.49 182.566
299.47 298.108
295.635 337.277
278.376 331.84
278.331 319.09
251.048 221.252
210.787 144.113
279.1 120.755
286.823 113.886
293.111 137.595
299.912 147.061
282.609 163.891
301.118 307.913
289.547 123.561
309.517 143.233
240.564 451.555
231.591 454.874
238.854 435.331
244.161 461.844
235.682 443.867
213.06 448.622
208.504 457.162
217.557 431.471
219.014 441.018
271.73 464.804
273.196 440.565
268.652 449.082
281.127 428.744
282.187 416.744
272.022 421.893
271.531 412.208
290.153 432.216
302.594 432.864
269.543 431.422
222.858 406.251
213.969 415.878
220.206 422.652
230.632 427.372
240.481 418.111
234.552 410.779
244.834 427.209
237.78 390.984
298.395 321.783
238.951 241.02
257.995 52.7962
301.06 447.776
296.497 439.772
307.043 440.857
291.303 451.037
212.334 405.556
209.936 425.016
303.886 459.448
301.506 468.923
250.75 263.994
241.384 254.287
254.318 253.171
240 264.994
246.715 278.897
229.471 260.008
258.099 280.36
216.37 268.096
259.224 270.021
238.079 291.198
220.337 285.411
261.123 260.329
269.272 265.497
239.559 303.429
231.413 317.245
236.347 280.8
222.516 275.799
228.085 291.747
240.856 313.503
215.539 297.143
210.889 288.394
211.635 277.706
218.424 321.471
217.647 309.228
216.118 331.608
236.633 327.363
226.649 235.353
218.608 243.739
217.923 255.957
226.973 367.466
222.247 377.008
234.772 376.943
226.031 349.995
218.639 342.115
219.941 359.084
234.838 341.468
234.287 358.311
376 145.611
124.444 144.297
705
215.447 501.724
213.861 502.062
216.663 501.465
224.527 499.789
228.976 494.05
229.494 470.267
227.888 463.208
221.823 463.383
217.257 464.319
216.455 464.471
214.222 464.976
214.723 464.854
216.853 464.338
221.201 462.671
224.052 458.775
225.741 452.154
226.301 445.471
226.179 435.216
226.105 431.768
225.955 425.125
225.575 419.104
225.154 411.449
225.089 409.939
224.961 408.186
225.245 403.083
225.552 398.01
225.953 391.828
226.344 385.815
226.617 381.561
226.953 375.316
227.077 369.237
227.12 364.75
227.182 359.582
226.852 349.648
226.753 346.9
226.585 341.614
226.093 336.538
225.761 333.127
225.277 329.095
224.653 324.002
223.66 319.446
223.106 316.983
220.857 306.911
219.074 298.646
217.3 290.446
216.917 284.465
216.686 281.43
217.181 278.732
217.913 274.516
219.17 269.678
219.883 267.321
221.466 261.784
222.372 258.807
223.329 255.407
224.121 253.112
224.546 252.491
225.067 251.687
227.776 250.103
230.144 248.68
234.934 245.891
242.455 240.181
250.678 233.825
255.673 229.157
259.061 222.283
258.471 208.398
257.927 189.702
257.679 178.147
257.606 173.817
257.531 170.394
257.489 167.881
256.731 161.291
253.181 147.47
242.127 145.558
230.56 145.423
224.84 145.632
216.829 145.436
200.876 143.674
190.586 142.351
188.751 141.89
184.304 143.08
179.386 144.156
174.707 144.204
170.619 144.089
165.654 143.863
158.874 143.567
153.879 143.459
148.947 143.433
186.667 145.778
56 143.111
134.032 143.438
126.365 143.528
123.752 143.586
112.846 143.951
114.536 143.952
110.431 144.035
105.6 143.898
101.613 143.663
91.2259 142.985
88.8752 142.844
85.4885 142.73
94.0869 143.243
63.7487 142.901
69.0524 142.509
64.2372 142.705
56.0288 143.278
50.6613 143.652
47.8601 143.843
43.3421 144.106
40.7328 150.406
30.3554 144.88
39.5587 143.199
36.5225 142.454
28.7284 141.999
23.8489 142.377
14.8774 143.613
11.2346 144.432
8.98554 144.946
13.2065 143.982
18.3195 142.813
20.3952 142.915
28.3811 142.026
33.3265 141.7
38.245 142.87
43.2129 144.115
47.4725 143.869
52.644 143.518
57.9628 143.145
63.4598 142.757
68.1213 142.524
72.723 142.52
78.0241 142.598
84.5388 142.708
87.9193 142.807
92.1929 143.031
97.28 143.38
104.128 143.822
109.48 144.028
114.054 143.971
117.816 143.802
122.784 143.614
127.934 143.481
133.002 143.441
138.017 143.425
143.012 143.416
147.985 143.429
152.92 143.449
157.814 143.527
170.196 144.048
169.15 144.022
173.721 144.187
186.032 142.91
184.472 143.043
188.807 141.886
190.135 142.241
190.324 142.211
201.636 143.764
213.686 145.077
233.506 145.443
249.353 132.553
246.106 104.39
230.33 100.393
225.258 100.013
222.364 99.6591
209.189 98.5934
201.696 98.0616
201.759 98.0661
211.081 98.7217
218.588 99.2896
229.761 100.177
235.093 98.7429
244.059 93.6803
252.5 81.4874
254.326 68.9402
255.21 60.209
251.656 55.3491
251.554 55.199
253.937 57.4727
253.757 57.3742
254.438 57.7711
255.484 58.6437
256.97 59.5081
259.31 59.7092
261.171 58.7361
262.685 58.051
264.655 56.8156
265.412 56.0738
264.86 56.6228
265.715 55.3675
265.351 55.8959
258.747 59.8552
259.024 76.1256
265.034 91.0152
287.176 97.6829
292.072 97.2819
297.967 96.9172
299.649 96.8155
304.412 96.5333
311.129 96.1352
308.801 96.273
295.516 97.0436
285.803 97.7798
272.828 99.4788
267.188 108.291
258.876 129.192
282.022 145.387
298.251 144.646
310.751 143.861
318.636 142.938
323.864 142.329
326.151 141.949
329.508 142.684
332.565 143.325
316.164 143.71
345.389 144.088
347.863 143.952
356.232 143.504
361.106 143.427
366.03 143.435
370.997 143.446
375.996 143.459
381.019 143.473
386.066 143.487
391.114 143.509
396.03 143.581
400.582 143.687
405.896 143.78
410.573 143.654
415.839 143.485
420.945 143.303
443.822 142.62
431.091 142.897
435.971 142.704
441.258 142.504
445.937 142.437
450.615 142.588
456.041 143.204
461.174 143.482
466.396 143.677
470.442 144.332
475.865 141.426
486.298 142.354
491.12 142.77
490.95 142.732
499.699 143.572
502.986 143.89
504.982 144.083
501.934 143.788
497.303 143.341
495.621 143.18
487.228 142.412
482.391 142.012
481.061 141.9
474.146 147.179
474.547 151.317
470.585 145.283
466.424 143.679
460.929 143.471
462.432 143.506
450.323 142.561
445.467 142.438
443.027 142.482
435.252 142.733
430.321 142.928
425.16 143.133
450.342 145.271
412.758 143.585
409.616 143.684
405.418 143.775
398.042 143.63
395.629 143.574
390.611 143.506
393.061 143.563
380.507 143.471
317.305 145.88
364.337 143.435
365.563 143.434
360.635 143.43
351.76 143.742
349.372 143.869
344.418 144.141
340.334 144.331
335.417 143.898
330.138 142.82
326.277 141.968
324.71 142.176
314.287 143.435
296.512 144.861
289.724 145.289
282.58 144.755
276.65 143.049
265.397 143.306
259.036 152.193
257.927 162.056
257.692 165.935
257.68 172.151
257.695 175.756
257.781 183.221
258.053 194.303
258.421 209.277
259.437 222.147
261.262 227.583
265.432 233.185
274.714 240.936
281.884 246.063
284.958 247.822
289.031 250.203
289.358 250.494
290.177 251.696
290.283 252.002
291.333 254.692
294.036 259.11
295.119 261.663
295.28 262.869
296.116 267.869
296.558 272.233
296.831 276.024
296.976 280.367
297.01 283.142
297.271 291.291
295.815 300.467
294.321 309.199
293.456 313.321
292.941 315.867
291.46 323.183
290.598 327.278
290.03 329.991
288.454 337.717
288.123 344.904
288.006 347.246
287.815 352.555
287.725 358.906
287.629 365.274
287.554 369.931
287.442 374.095
287.369 376.592
287.112 385.066
286.81 391.937
286.278 400.9
286.104 403.58
285.939 408.654
286.093 413.087
286.216 416.655
286.389 421.081
286.512 423.928
286.866 432.157
287.134 439.838
287.275 445.982
287.328 449.439
287.401 454.537
289.373 459.028
292.892 462.9
298.881 465.811
301.004 466.851
305.546 469.058
304.485 468.544
292.968 463.108
286.279 461.261
286.077 468.807
285.426 486.592
284.95 498.578
298.706 500.84
300.461 501.127
299.468 500.965
294.17 500.099
284.718 498.531
282.271 499.178
279.143 500.615
280.737 499.883
281.225 499.66
285.307 489.77
288.728 490.48
285.849 463.89
284.542 462.583
276.921 466.138
274.81 467.072
275.171 466.913
277.522 465.874
283.438 462.673
284.731 459.334
286.275 455.407
286.934 449.342
287.274 443.044
287.088 437.812
286.886 432.505
286.652 427.249
286.438 422.156
286.092 411.856
286.001 408.873
285.931 405.936
285.937 404.206
286.357 398.752
286.732 393.926
286.976 388.098
287.319 379.461
287.457 373.383
287.55 369.492
287.628 364.933
287.671 362.097
287.801 353.738
287.909 347.897
287.987 343.059
288.334 339.295
289.197 334.248
290.756 326.555
291.202 324.397
291.934 320.896
293.351 314.655
294.652 309.11
295.51 301.352
296.251 288.175
291.957 261.872
262.822 237.637
226.784 257.044
218.214 283.899
219.134 299.672
221.623 310.468
223.328 316.971
223.638 318.924
223.943 320.73
225.021 326.912
225.97 335.614
226.244 338.291
226.602 342.059
226.86 349.658
226.961 352.435
227.155 357.58
227.127 362.852
227.088 368.709
226.975 374.073
226.758 379.44
226.561 382.467
226.019 390.879
225.682 396.064
225.334 401.416
225.228 406.605
225.142 411.034
225.39 415.782
225.683 420.973
226.007 425.801
226.236 429.882
226.212 434.31
226.219 441.247
226.234 449.515
226.417 456.298
228.308 461.871
231.13 465.284
240.861 468.714
240.737 468.673
243.721 469.685
238.81 468.02
231.638 465.655
231.282 465.454
235.489 466.695
226.667 488.889
223.489 500.659
237.254 500.711
234.125 500.229
231.048 499.754
228.113 498.908
222.988 500.119
214.738 501.875
256.494 146.353
275.63 242.863
256.348 78.9841
223.62 260.102
218.459 295.021
226.035 338.341
225.534 418.387
226.265 453.793
226.318 386.215
258.775 219.025
257.726 181.279
296.682 281.365
289.508 332.735
285.903 406.287
287.317 445.858
257.776 156.398
250.167 145.223
282.695 246.452
254.152 74.4603
259.564 61.7861
287.192 459.812
243.335 100.477
259.595 84.5722
267.945 99.1463
228.157 250.12
0 0
247.118 104.837
278.082 143.839
228.486 463.322
287.912 461.138
225.406 400.424
257.582 169.474
295.33 303.843
286.555 396.064
257.798 163.761
260.925 62.1897
294.649 97.1831
278.633 243.684
257.637 169.839
273.094 99.1009
276.753 96.3229
288.21 249.73
267.243 235.381
257.338 194.837
257.017 159.642
256.385 154.617
258.116 196.965
290.903 499.898
244.343 96.8059
231.619 100.247
232.49 100.795
216.537 99.1617
256.286 118.594
251.101 133.134
229.155 463.654
220.885 463.378
286.284 460.98
285.974 458.183
226.211 387.853
225.275 404.116
296.391 284.204
272.172 240.132
294.803 261.531
284.444 266.667
295.009 262.65
295.232 296.456
285.928 404.388
286.756 393.141
263.745 57.1388
259.175 81.0979
255.37 60.3403
264.394 98.8103
262.434 108.086
0 0
264.274 101.773
255.88 98.3696
255.723 89.7951
258.585 98.9557
252.136 88.7087
256.719 108.567
248.844 97.5821
255.111 92.4444
292.292 97.2673
278.547 244.563
288.492 252.864
290.722 253.445
253.658 236.136
251.462 235.645
261.385 229.547
256.831 155.483
255.043 146.609
254.222 139.556
257.507 156.438
258.333 204.712
258.254 202.521
242.845 95.316
251.205 126.967
251.245 118.888
225.119 462.72
285.997 460.324
225.724 395.331
296.626 275.101
295.36 304.934
286.01 404.176
286.55 424.86
286.119 413.864
286.177 415.48
287.438 374.491
254.93 78.0673
256.328 63.9737
248.38 105.088
285.923 249.842
262.827 234.57
260.205 229.262
268.13 236.659
259.071 220.311
261.108 228.261
249.377 145.514
236.378 145.365
258.535 130.993
249.323 140.848
259.688 225.734
257.647 176.57
258.023 193.309
252.392 81.9666
252.114 122.398
296.374 270.401
294.771 261.227
296.875 277.158
287.087 385.678
286.825 390.642
287.111 367.111
287.685 361.579
287.455 373.569
287.914 349.665
287.978 348.2
288.01 342.109
257.265 68.385
253.327 57.2843
254.582 58.0916
254.552 232.137
259.855 225.604
247.315 141.63
235.362 145.528
256.385 128.86
257.663 118.123
257.1 152.405
261.768 140.126
257.799 130.486
262.499 146.376
258.992 148.001
253.506 231.234
257.573 172.297
297.169 292.127
288.245 339.801
288.822 336.463
292.334 319.256
259.023 226.79
197.231 143.706
260.112 117.656
266.229 107.676
273.264 141.811
284.154 145.133
258.925 152.371
295.137 304.452
262.584 110.721
301.644 144.422
227.375 460.886
226.36 460.138
226.214 437.145
231.429 465.517
0 0
224.695 457.865
218.693 463.754
226.199 434.627
226.017 449.262
283.905 462.811
287.116 447.653
285.749 457.742
286.909 433.125
286.142 410.574
286.555 424.986
286.05 410.433
286.979 434.956
0 0
287.005 435.589
225.114 410.193
225.326 415.086
225.833 422.578
225.852 426.131
225.604 419.381
225.146 411.154
226.191 428.679
225.571 415.581
292.232 319.369
242.5 240.93
257.873 59.7654
287.173 453.893
287.307 444.502
287.304 447.887
286.373 456.051
224.986 407.599
225.897 423.928
290.551 460.674
300.29 466.527
250.344 238.663
239.044 243.109
254.297 236.929
231.497 248.699
231.111 264.889
226.622 251.81
256.889 218.667
220.889 263.942
262.753 235.142
219.908 271.479
217.416 277.046
263.329 234.894
276.625 245.087
219.203 300.575
0 0
222.301 262.594
220.018 268.001
216.952 280.588
223.605 318.736
217.108 287.447
216.717 281.446
217.651 276.163
224.607 323.734
220.579 305.531
225.706 332.591
225.122 327.623
237.547 243.71
225.699 251.369
223.884 254.016
227.115 364.76
226.909 376.986
227.556 368
226.856 349.677
226.709 346.91
227.001 355.636
226.558 341.37
227.158 357.757
376 146.667
124.444 144.297
1649
0 0
0 0
0 0
0 0
0 0
0 0
0 0
0 0
0 0
0 0
0 0
0 0
0 0
0 0
0 0
0 0
0 0
0 0
0 0
0 0
0 0
0 0
0 0
0 0
0 0
0 0
0 0
0 0
0 0
0 0
0 0
0 0
0 0
0 0
0 0
0 0
0 0
0 0
0 0
0 0
0 0
0 0
453 697
0 0
0 0
0 0
0 0
0 0
0 0
0 0
0 0
0 0
0 0
0 0
0 0
0 0
0 0
0 0
0 0
0 0
0 0
0 0
0 0
0 0
0 0
0 0
0 0
0 0
0 0
0 0
0 0
0 0
0 0
0 0
0 0
0 0
0 0
0 0
0 0
0 0
0 0
0 0
0 0
0 0
0 0
0 0
0 0
0 0
0 0
0 0
0 0
0 0
0 0
0 0
0 0
0 0
0 0
0 0
697 670
0 0
0 0
0 0
0 0
0 0
0 0
0 0
0 0
0 0
0 0
0 0
0 0
0 0
0 0
0 0
0 0
0 0
0 0
0 0
0 0
0 0
0 0
0 0
0 0
0 0
0 0
0 0
0 0
0 0
0 0
0 0
0 0
0 0
0 0
0 0
0 0
0 0
0 0
0 0
0 0
0 0
0 0
0 0
0 0
0 0
0 0
0 0
0 0
0 0
0 0
0 0
0 0
670 672
0 0
0 0
0 0
0 0
0 0
0 0
0 0
0 0
0 0
0 0
0 0
0 0
0 0
0 0
0 0
0 0
0 0
0 0
0 0
0 0
672 552
0 0
0 0
0 0
0 0
0 0
0 0
0 0
552 87
0 0
0 0
0 0
0 0
0 0
0 0
0 0
0 0
0 0
0 0
0 0
0 0
0 0
0 0
0 0
0 0
0 0
0 0
0 0
0 0
0 0
0 0
0 0
0 0
0 0
0 0
0 0
0 0
0 0
0 0
0 0
0 0
0 0
0 0
0 0
0 0
0 0
0 0
0 0
0 0
0 0
0 0
0 0
0 0
0 0
0 0
0 0
0 0
0 0
0 0
0 0
0 0
0 0
0 0
0 0
0 0
0 0
0 0
0 0
0 0
0 0
0 0
0 0
0 0
0 0
0 0
0 0
0 0
0 0
0 0
0 0
0 0
0 0
0 0
0 0
0 0
0 0
0 0
0 0
0 0
0 0
0 0
0 0
0 0
0 0
0 0
0 0
0 0
0 0
0 0
0 0
0 0
0 0
0 0
0 0
0 0
0 0
0 0
0 0
0 0
0 0
0 0
0 0
0 0
0 0
0 0
0 0
0 0
0 0
0 0
0 0
0 0
0 0
0 0
0 0
0 0
0 0
0 0
0 0
0 0
0 0
0 0
0 0
0 0
0 0
0 0
0 0
0 0
0 0
0 0
0 0
0 0
0 0
0 0
0 0
0 0
0 0
0 0
0 0
0 0
0 0
0 0
0 0
0 0
0 0
0 0
0 0
0 0
0 0
0 0
0 0
0 0
0 0
0 0
0 0
0 0
0 0
0 0
0 0
0 0
0 0
0 0
0 0
0 0
0 0
0 0
0 0
0 0
0 0
0 0
0 0
0 0
0 0
0 0
0 0
0 0
0 0
552 542
0 0
0 0
0 0
0 0
0 0
0 0
0 0
0 0
0 0
0 0
0 0
0 0
0 0
0 0
0 0
0 0
0 0
0 0
0 0
0 0
0 0
0 0
0 0
0 0
0 0
0 0
0 0
0 0
0 0
0 0
0 0
0 0
0 0
0 0
0 0
0 0
0 0
0 0
0 0
0 0
0 0
0 0
0 0
0 0
0 0
0 0
0 0
0 0
0 0
0 0
0 0
0 0
0 0
0 0
0 0
0 0
0 0
0 0
0 0
0 0
0 0
0 0
0 0
0 0
0 0
0 0
0 0
0 0
0 0
0 0
0 0
0 0
0 0
0 0
0 0
0 0
0 0
0 0
0 0
0 0
0 0
0 0
0 0
0 0
0 0
0 0
0 0
0 0
0 0
0 0
0 0
0 0
0 0
0 0
0 0
0 0
0 0
0 0
0 0
0 0
0 0
0 0
0 0
0 0
0 0
0 0
0 0
0 0
552 273
0 0
0 0
0 0
0 0
0 0
0 0
0 0
0 0
0 0
0 0
0 0
0 0
0 0
0 0
0 0
0 0
0 0
0 0
0 0
0 0
0 0
0 0
0 0
0 0
0 0
0 0
0 0
0 0
0 0
0 0
0 0
0 0
0 0
0 0
0 0
0 0
0 0
0 0
0 0
0 0
0 0
0 0
0 0
0 0
0 0
0 0
0 0
0 0
0 0
0 0
0 0
0 0
0 0
0 0
0 0
0 0
0 0
0 0
0 0
0 0
0 0
0 0
0 0
0 0
0 0
0 0
0 0
0 0
0 0
0 0
0 0
0 0
0 0
0 0
0 0
0 0
0 0
0 0
0 0
0 0
0 0
0 0
0 0
0 0
0 0
0 0
0 0
0 0
0 0
0 0
0 0
0 0
0 0
0 0
0 0
0 0
0 0
0 0
0 0
0 0
0 0
0 0
0 0
0 0
0 0
0 0
0 0
0 0
0 0
0 0
0 0
0 0
0 0
0 0
0 0
0 0
0 0
0 0
0 0
0 0
0 0
0 0
0 0
0 0
0 0
0 0
0 0
0 0
0 0
0 0
0 0
0 0
0 0
0 0
0 0
0 0
0 0
0 0
0 0
0 0
0 0
0 0
0 0
0 0
0 0
0 0
0 0
0 0
0 0
0 0
0 0
0 0
0 0
0 0
0 0
0 0
0 0
0 0
0 0
0 0
0 0
0 0
0 0
0 0
0 0
0 0
0 0
0 0
0 0
0 0
0 0
0 0
0 0
0 0
0 0
0 0
0 0
0 0
0 0
0 0
0 0
0 0
0 0
0 0
0 0
0 0
0 0
0 0
0 0
0 0
0 0
0 0
0 0
0 0
0 0
0 0
0 0
0 0
0 0
0 0
0 0
0 0
0 0
0 0
0 0
0 0
0 0
0 0
672 524
0 0
0 0
0 0
0 0
0 0
0 0
0 0
0 0
0 0
0 0
0 0
0 0
0 0
0 0
0 0
0 0
0 0
0 0
0 0
0 0
0 0
0 0
0 0
0 0
0 0
0 0
524 592
0 0
0 0
0 0
0 0
0 0
0 0
0 0
0 0
0 0
0 0
0 0
0 0
0 0
0 0
0 0
0 0
0 0
0 0
0 0
0 0
0 0
0 0
0 0
0 0
0 0
0 0
0 0
0 0
0 0
0 0
0 0
0 0
0 0
0 0
0 0
0 0
0 0
0 0
0 0
0 0
0 0
0 0
0 0
0 0
0 0
0 0
0 0
0 0
0 0
0 0
0 0
0 0
0 0
0 0
0 0
0 0
0 0
0 0
0 0
0 0
0 0
0 0
0 0
0 0
0 0
0 0
0 0
0 0
0 0
0 0
0 0
0 0
0 0
0 0
0 0
592 370
0 0
0 0
0 0
0 0
0 0
0 0
0 0
0 0
0 0
0 0
0 0
0 0
0 0
0 0
0 0
0 0
0 0
0 0
0 0
0 0
0 0
0 0
0 0
0 0
0 0
0 0
0 0
0 0
0 0
0 0
0 0
0 0
0 0
0 0
0 0
0 0
0 0
0 0
0 0
0 0
0 0
0 0
0 0
0 0
0 0
0 0
0 0
0 0
0 0
0 0
0 0
0 0
0 0
0 0
0 0
0 0
0 0
0 0
0 0
0 0
0 0
0 0
0 0
0 0
0 0
0 0
0 0
0 0
0 0
0 0
0 0
0 0
0 0
0 0
0 0
0 0
0 0
0 0
0 0
0 0
0 0
0 0
0 0
0 0
0 0
0 0
0 0
0 0
0 0
0 0
0 0
0 0
0 0
0 0
0 0
0 0
0 0
0 0
0 0
0 0
0 0
0 0
0 0
0 0
0 0
0 0
0 0
0 0
0 0
0 0
0 0
0 0
0 0
0 0
0 0
0 0
0 0
0 0
0 0
0 0
0 0
0 0
0 0
0 0
0 0
0 0
0 0
0 0
0 0
0 0
0 0
0 0
0 0
0 0
0 0
0 0
0 0
0 0
0 0
0 0
0 0
0 0
0 0
0 0
0 0
0 0
0 0
0 0
0 0
0 0
0 0
0 0
0 0
0 0
0 0
0 0
0 0
0 0
0 0
0 0
0 0
0 0
0 0
0 0
0 0
0 0
0 0
0 0
0 0
0 0
0 0
0 0
0 0
0 0
0 0
0 0
0 0
0 0
0 0
0 0
0 0
0 0
0 0
0 0
0 0
0 0
0 0
0 0
0 0
0 0
0 0
0 0
0 0
0 0
0 0
0 0
0 0
0 0
0 0
0 0
0 0
0 0
0 0
0 0
0 0
0 0
0 0
0 0
0 0
0 0
0 0
0 0
0 0
0 0
0 0
0 0
0 0
0 0
0 0
0 0
0 0
0 0
0 0
0 0
0 0
0 0
0 0
0 0
0 0
0 0
0 0
0 0
0 0
0 0
0 0
0 0
0 0
0 0
0 0
0 0
0 0
0 0
0 0
0 0
0 0
0 0
0 0
0 0
0 0
0 0
0 0
0 0
0 0
0 0
0 0
0 0
0 0
0 0
0 0
0 0
0 0
0 0
0 0
0 0
0 0
0 0
0 0
0 0
0 0
0 0
0 0
0 0
0 0
0 0
0 0
0 0
0 0
0 0
0 0
0 0
0 0
0 0
0 0
0 0
0 0
0 0
0 0
0 0
0 0
0 0
0 0
0 0
0 0
0 0
0 0
0 0
0 0
0 0
0 0
0 0
0 0
0 0
0 0
0 0
0 0
0 0
0 0
0 0
0 0
0 0
0 0
0 0
0 0
0 0
0 0
0 0
0 0
0 0
0 0
0 0
0 0
0 0
0 0
0 0
0 0
0 0
0 0
0 0
0 0
0 0
0 0
0 0
0 0
0 0
0 0
0 0
0 0
0 0
0 0
0 0
0 0
0 0
0 0
0 0
0 0
0 0
0 0
0 0
0 0
0 0
0 0
0 0
0 0
0 0
0 0
0 0
0 0
0 0
0 0
0 0
0 0
0 0
0 0
0 0
0 0
0 0
0 0
0 0
0 0
0 0
0 0
0 0
0 0
0 0
0 0
0 0
0 0
0 0
0 0
0 0
0 0
0 0
0 0
0 0
0 0
0 0
0 0
0 0
0 0
0 0
0 0
0 0
0 0
0 0
0 0
0 0
0 0
0 0
0 0
0 0
0 0
0 0
0 0
0 0
0 0
0 0
0 0
0 0
0 0
0 0
0 0
0 0
0 0
0 0
0 0
0 0
0 0
0 0
0 0
0 0
0 0
0 0
0 0
0 0
0 0
0 0
0 0
0 0
0 0
0 0
0 0
0 0
0 0
0 0
0 0
0 0
0 0
0 0
0 0
0 0
0 0
0 0
0 0
0 0
0 0
0 0
0 0
0 0
0 0
0 0
0 0
0 0
0 0
0 0
0 0
0 0
0 0
0 0
0 0
0 0
0 0
0 0
0 0
0 0
0 0
0 0
0 0
0 0
0 0
0 0
0 0
0 0
0 0
0 0
0 0
0 0
0 0
0 0
0 0
0 0
0 0
0 0
0 0
0 0
0 0
0 0
0 0
0 0
0 0
0 0
0 0
0 0
0 0
0 0
0 0
0 0
0 0
0 0
0 0
0 0
0 0
0 0
0 0
0 0
0 0
0 0
0 0
0 0
0 0
0 0
0 0
0 0
0 0
0 0
0 0
0 0
0 0
0 0
0 0
0 0
0 0
0 0
0 0
0 0
0 0
0 0
0 0
0 0
0 0
0 0
0 0
0 0
0 0
0 0
0 0
0 0
0 0
0 0
0 0
0 0
0 0
0 0
0 0
0 0
0 0
0 0
0 0
0 0
0 0
0 0
0 0
0 0
0 0
0 0
0 0
0 0
0 0
0 0
0 0
0 0
0 0
0 0
0 0
0 0
0 0
0 0
0 0
0 0
0 0
0 0
0 0
0 0
0 0
0 0
0 0
0 0
0 0
0 0
0 0
0 0
0 0
0 0
0 0
0 0
0 0
0 0
0 0
0 0
0 0
0 0
0 0
0 0
0 0
0 0
0 0
0 0
0 0
0 0
0 0
0 0
0 0
0 0
0 0
0 0
0 0
0 0
0 0
0 0
0 0
0 0
0 0
0 0
0 0
0 0
0 0
0 0
0 0
0 0
0 0
0 0
0 0
0 0
0 0
0 0
0 0
0 0
0 0
0 0
0 0
0 0
0 0
0 0
0 0
0 0
0 0
0 0
0 0
0 0
0 0
0 0
0 0
0 0
0 0
0 0
0 0
0 0
0 0
0 0
0 0
0 0
0 0
0 0
0 0
0 0
0 0
0 0
0 0
0 0
0 0
0 0
0 0
0 0
0 0
0 0
0 0
0 0
0 0
0 0
0 0
0 0
0 0
0 0
0 0
0 0
0 0
0 0
0 0
0 0
0 0
0 0
0 0
0 0
0 0
0 0
0 0
0 0
0 0
0 0
0 0
0 0
0 0
0 0
0 0
0 0
0 0
0 0
0 0
0 0
0 0
0 0
0 0
0 0
0 0
0 0
0 0
0 0
0 0
0 0
0 0
0 0
0 0
0 0
0 0
0 0
0 0
0 0
0 0
0 0
0 0
0 0
0 0
0 0
0 0
0 0
0 0
0 0
0 0
0 0
0 0
0 0
0 0
0 0
0 0
0 0
0 0
0 0
0 0
0 0
0 0
0 0
0 0
0 0
0 0
0 0
0 0
0 0
0 0
0 0
0 0
0 0
0 0
0 0
0 0
0 0
0 0
0 0
0 0
0 0
0 0
0 0
0 0
0 0
0 0
0 0
0 0
0 0
0 0
0 0
0 0
0 0
0 0
0 0
0 0
0 0
0 0
0 0
0 0
0 0
0 0
0 0
0 0
0 0
0 0
0 0
0 0
0 0
0 0
0 0
0 0
0 0
0 0
0 0
0 0
0 0
0 0
0 0
0 0
0 0
0 0
0 0
0 0
0 0
0 0
0 0
0 0
0 0
0 0
0 0
0 0
0 0
0 0
0 0
0 0
0 0
0 0
0 0
0 0
0 0
0 0
0 0
0 0
0 0
0 0
0 0
0 0
0 0
0 0
0 0
0 0
0 0
0 0
0 0
0 0
0 0
0 0
0 0
0 0
0 0
0 0
0 0
0 0
0 0
0 0
0 0
0 0
0 0
0 0
0 0
0 0
0 0
0 0
0 0
0 0
0 0
0 0
0 0
0 0
0 0
0 0
0 0
0 0
0 0
0 0
0 0
0 0
273 703
703 264
87 704
704 88
1645
0 1
0 2
460 0
1 2
2 3
459 2
460 2
3 4
458 3
459 3
4 5
4 453
4 454
458 4
5 6
5 452
453 5
515 5
6 7
6 515
559 6
7 8
7 559
8 9
8 559
9 10
9 516
9 559
10 11
10 516
10 634
11 12
11 634
12 13
12 634
13 14
634 13
14 15
633 14
634 14
15 16
15 633
16 17
16 633
635 16
16 636
17 18
17 635
17 663
18 19
18 663
19 20
663 19
20 21
648 20
663 20
21 22
21 648
21 662
22 23
662 22
23 24
23 662
24 25
491 24
662 24
25 26
491 25
26 27
26 491
519 26
27 28
519 27
28 29
28 519
28 696
29 30
29 696
30 31
30 695
696 30
30 700
31 32
700 31
32 33
32 700
33 34
33 699
700 33
34 35
34 699
35 36
35 699
36 37
690 36
699 36
37 38
690 37
38 39
688 38
38 690
39 40
688 39
40 41
40 688
41 42
41 688
689 41
42 43
42 689
43 44
43 685
43 689
44 45
685 44
45 46
685 45
45 686
46 47
686 46
47 48
47 686
687 47
48 49
687 48
49 50
687 49
50 51
50 673
687 50
51 52
51 673
52 53
673 52
694 52
53 54
53 694
54 55
693 54
54 694
55 56
693 55
56 57
56 693
57 58
693 57
58 59
692 58
693 58
59 60
692 59
60 61
612 60
692 60
61 62
61 612
62 63
62 582
612 62
63 64
63 582
64 65
64 554
64 582
65 66
65 554
65 583
66 67
66 583
613 66
67 68
67 613
68 69
613 68
69 70
492 69
69 550
69 613
70 71
550 70
71 72
550 71
578 71
72 73
578 72
604 72
73 74
604 73
74 75
74 604
74 619
75 76
75 619
76 77
76 154
155 76
76 619
77 78
153 77
154 77
78 79
78 152
78 153
79 80
151 79
79 152
80 81
80 150
80 151
81 82
81 149
81 150
82 83
82 148
82 149
83 84
147 83
83 148
84 85
146 84
147 84
85 86
145 85
85 146
86 87
144 86
145 86
87 88
143 87
144 87
88 89
88 142
143 88
89 90
141 89
89 142
90 91
140 90
90 141
91 92
91 139
91 140
92 93
92 138
92 139
93 94
137 93
93 138
94 95
136 94
137 94
95 96
95 135
95 136
96 97
96 134
96 135
97 98
133 97
134 97
98 99
98 132
98 133
99 100
99 131
99 132
100 101
100 130
100 131
101 102
129 101
101 130
102 103
102 128
129 102
103 104
127 103
103 128
104 105
126 104
104 127
105 106
125 105
105 126
106 107
109 106
106 124
125 106
107 108
107 109
108 109
109 110
123 109
109 124
110 111
110 122
110 123
111 112
111 121
111 122
112 113
120 112
112 121
113 114
119 113
113 120
114 115
118 114
114 119
115 116
117 115
118 115
116 117
117 118
118 119
119 120
120 121
121 122
122 123
123 124
124 125
125 126
126 127
127 128
128 129
129 130
130 131
131 132
132 133
133 134
134 135
135 136
136 137
137 138
138 139
139 140
140 141
141 142
142 143
143 144
144 145
145 146
146 147
147 148
148 149
149 150
150 151
151 152
152 153
153 154
154 155
155 156
619 155
156 157
156 619
157 158
579 157
619 157
158 159
158 487
158 557
579 158
159 160
159 487
511 159
160 161
160 511
161 162
511 161
162 163
510 162
511 162
162 512
163 164
512 163
164 165
164 512
165 166
512 165
166 167
486 166
512 166
167 168
167 486
168 169
486 168
556 168
169 170
556 169
170 171
170 556
585 170
171 172
171 585
172 173
585 172
172 599
173 174
173 599
174 175
599 174
175 176
599 175
176 177
176 599
600 176
177 178
600 177
178 179
178 600
179 180
179 600
179 657
180 181
180 657
181 182
657 181
182 183
529 182
657 182
183 184
183 529
184 185
184 529
185 186
529 185
186 187
186 496
529 186
187 188
187 496
188 189
188 496
189 190
496 189
189 530
190 191
530 190
191 192
191 501
530 191
192 193
192 501
543 192
193 194
193 543
194 195
543 194
195 196
497 195
543 195
196 197
196 497
197 198
197 497
198 199
497 198
199 200
497 199
500 199
200 201
200 500
201 202
201 500
202 203
500 202
626 202
203 204
203 609
622 203
626 203
204 205
622 204
204 623
627 204
205 206
205 627
206 207
627 206
207 208
284 207
207 627
208 209
208 284
209 210
282 209
209 283
284 209
210 211
210 282
211 212
280 211
281 211
282 211
212 213
212 279
212 280
213 214
213 278
213 279
214 215
214 277
214 278
215 216
215 276
215 277
216 217
216 275
276 216
217 218
274 217
275 217
218 219
273 218
218 274
219 220
219 272
273 219
220 221
220 271
272 220
221 222
270 221
221 271
222 223
222 269
222 270
223 224
223 268
269 223
224 225
224 268
225 226
225 266
267 225
268 225
226 227
265 226
266 226
227 228
227 264
265 227
228 229
264 228
229 230
229 262
229 263
229 264
230 231
261 230
262 230
231 232
231 260
261 231
232 233
232 259
232 260
233 234
233 258
233 259
234 235
257 234
234 258
235 236
256 235
257 235
236 237
255 236
236 256
237 238
255 237
238 239
251 238
238 252
255 238
239 240
239 251
240 241
240 250
240 251
241 242
241 249
250 241
242 243
242 248
249 242
243 244
247 243
248 243
244 245
244 246
244 247
245 246
246 247
247 248
248 249
249 250
250 251
251 252
252 253
254 252
252 255
253 254
254 255
255 256
256 257
257 258
258 259
259 260
260 261
261 262
262 263
263 264
264 265
265 266
266 267
267 268
268 269
269 270
270 271
271 272
272 273
273 274
274 275
275 276
276 277
277 278
278 279
279 280
280 281
281 282
282 283
283 284
284 285
284 627
285 286
627 285
286 287
623 286
286 627
287 288
287 623
288 289
288 623
289 290
488 289
623 289
290 291
488 290
290 610
290 624
291 292
291 624
292 293
495 292
292 624
293 294
293 495
294 295
294 495
294 504
295 296
504 295
296 297
296 504
296 555
297 298
297 555
298 299
555 298
576 298
299 300
576 299
577 299
300 301
300 577
301 302
498 301
301 575
577 301
302 303
302 498
303 304
498 303
304 305
498 304
502 304
305 306
305 502
306 307
502 306
307 308
307 502
546 307
308 309
308 546
309 310
546 309
309 588
310 311
310 588
311 312
311 588
312 313
312 587
312 588
313 314
587 313
314 315
587 314
314 589
315 316
315 589
316 317
589 316
317 318
589 317
317 614
318 319
614 318
319 320
319 614
625 319
320 321
625 320
321 322
321 625
322 323
322 625
322 655
323 324
655 323
324 325
324 655
325 326
325 615
655 325
326 327
326 615
327 328
596 327
615 327
328 329
596 328
329 330
596 329
330 331
330 593
330 596
331 332
593 331
594 331
332 333
594 332
333 334
594 333
334 335
594 334
335 336
335 528
335 568
335 590
594 335
336 337
528 336
337 338
528 337
337 564
338 339
338 564
339 340
564 339
340 341
340 564
567 340
341 342
567 341
342 343
342 567
343 344
567 343
645 343
344 345
645 344
345 346
645 345
660 345
346 347
660 346
347 348
660 347
348 349
348 658
348 660
349 350
658 349
664 349
350 351
350 664
351 352
351 664
352 353
352 664
352 665
353 354
665 353
354 355
665 354
355 356
517 355
665 355
356 357
517 356
357 358
357 370
517 357
358 359
370 358
508 358
359 360
364 359
359 508
360 361
360 362
360 363
360 364
361 362
362 363
363 364
364 365
508 364
365 366
365 367
365 508
366 367
367 368
508 367
368 369
368 508
369 370
369 508
370 371
490 370
508 370
517 370
371 372
490 371
372 373
372 490
372 637
373 374
637 373
374 375
637 374
375 376
375 637
376 377
376 637
377 378
377 637
639 377
378 379
639 378
379 380
379 639
380 381
380 638
639 380
381 382
638 381
381 646
382 383
382 646
383 384
646 383
384 385
642 384
646 384
385 386
385 642
386 387
642 386
643 386
387 388
643 387
388 389
388 527
388 643
389 390
389 527
390 391
494 390
390 527
391 392
391 494
392 393
392 494
392 591
393 394
591 393
394 395
394 591
592 394
395 396
592 395
396 397
396 592
397 398
397 592
397 595
398 399
595 398
399 400
399 595
399 597
400 401
400 597
401 402
597 401
401 616
402 403
402 616
403 404
403 616
403 617
404 405
617 404
405 406
405 617
406 407
493 406
617 406
407 408
407 493
408 409
493 408
521 408
409 410
521 409
410 411
410 521
410 524
411 412
411 524
672 411
412 413
670 412
412 672
412 675
413 414
413 675
679 413
414 415
679 414
415 416
415 679
684 415
416 417
684 416
417 418
684 417
418 419
684 418
691 418
419 420
691 419
420 421
420 691
701 420
421 422
701 421
422 423
422 701
423 424
701 423
423 702
424 425
424 702
425 426
425 702
426 427
426 702
427 428
695 427
697 427
702 427
428 429
428 697
429 430
429 697
430 431
430 654
430 697
431 432
431 654
432 433
654 432
433 434
520 433
433 654
434 435
520 434
434 652
435 436
435 651
652 435
436 437
436 651
437 438
437 651
653 437
438 439
438 653
439 440
653 439
440 441
440 630
653 440
441 442
441 630
442 443
442 628
630 442
632 442
443 444
443 628
444 445
444 628
631 444
445 446
631 445
446 447
446 631
447 448
447 631
448 449
448 631
449 450
449 631
450 451
452 450
489 450
450 515
450 631
451 452
452 453
452 515
453 454
454 455
456 454
454 457
458 454
455 456
456 457
457 458
458 459
459 460
506 461
551 461
552 461
461 553
607 461
611 461
503 462
462 544
462 545
572 462
462 573
462 677
678 462
531 463
463 534
537 463
463 539
569 463
598 463
669 464
464 671
464 673
464 681
464 682
675 465
465 679
680 465
683 465
685 465
689 465
680 466
466 688
466 690
466 691
466 699
466 701
467 647
648 467
649 467
467 650
467 651
467 652
468 516
468 629
468 632
468 633
468 636
468 650
519 469
469 561
654 469
469 696
697 469
507 470
470 554
576 470
582 470
470 602
470 618
471 499
504 471
505 471
507 471
583 471
584 471
493 472
521 472
472 525
472 562
563 472
472 614
526 473
473 597
473 615
616 473
617 473
655 473
494 474
474 527
474 528
474 564
566 474
641 474
518 475
638 475
475 640
644 475
475 659
661 475
476 495
499 476
476 553
476 610
476 611
476 624
477 506
550 477
551 477
578 477
579 477
477 581
603 477
498 478
478 502
503 478
478 544
478 545
478 546
509 479
539 479
569 479
570 479
479 585
479 599
480 496
480 529
531 480
570 480
598 480
657 480
490 481
481 517
481 560
481 661
664 481
481 665
486 482
509 482
510 482
482 541
542 482
482 571
501 483
483 530
531 483
532 483
483 534
497 484
484 500
484 501
484 532
535 484
484 621
485 656
667 485
671 485
485 692
485 693
485 694
509 486
510 486
486 512
486 556
487 510
487 511
487 557
487 558
571 487
608 488
609 488
610 488
488 622
623 488
515 489
489 516
489 559
489 629
489 631
490 517
560 490
490 637
519 491
561 491
491 647
662 491
505 492
492 506
492 550
492 583
492 613
493 521
563 493
493 617
494 527
528 494
590 494
494 591
499 495
504 495
624 495
496 529
496 530
496 531
500 497
497 501
497 543
498 502
503 498
498 575
504 499
499 505
499 553
500 621
626 500
501 530
501 532
543 501
502 546
503 544
503 573
574 503
575 503
507 504
555 504
505 506
553 505
583 505
550 506
551 506
553 506
507 554
507 555
576 507
584 507
539 509
509 541
556 509
585 509
510 511
512 510
510 571
540 513
542 513
513 552
586 513
605 513
513 606
557 514
514 558
581 514
514 586
514 603
515 559
559 516
629 516
633 516
516 634
665 517
560 518
637 518
638 518
639 518
518 661
519 561
696 519
561 520
647 520
520 652
520 654
521 524
525 521
522 524
525 522
522 572
522 672
674 522
522 678
525 523
545 523
562 523
523 572
587 523
523 588
524 525
524 672
562 525
525 572
526 563
614 526
526 617
625 526
526 655
527 641
643 527
564 528
528 590
657 529
530 531
531 534
531 598
534 532
532 535
538 532
533 535
533 538
533 540
606 533
533 620
621 533
537 534
534 538
535 538
535 621
537 536
536 538
539 536
536 540
536 541
536 542
538 537
537 539
540 538
539 541
569 539
540 542
606 540
541 542
558 542
542 571
586 542
545 544
545 546
545 572
545 588
588 546
573 547
574 547
547 601
656 547
667 547
547 668
582 548
548 601
548 612
548 618
548 656
692 548
549 574
575 549
576 549
549 577
602 549
578 550
551 552
551 581
581 552
586 552
605 552
552 607
553 611
554 582
583 554
554 584
555 576
585 556
558 557
579 557
557 603
558 571
558 586
637 560
560 661
647 561
561 654
562 587
562 589
562 614
614 563
617 563
566 564
564 567
566 565
567 565
640 565
565 641
565 644
645 565
566 567
566 641
567 645
568 590
591 568
568 592
593 568
568 594
569 570
598 569
570 598
599 570
600 570
657 570
678 572
574 573
668 573
677 573
574 575
601 574
574 602
574 618
575 577
577 576
602 576
578 579
578 604
603 579
579 604
579 619
580 605
580 606
607 580
580 608
609 580
580 620
586 581
603 581
612 582
582 618
583 584
583 613
599 585
588 587
589 587
589 614
591 590
591 592
593 592
595 592
593 594
593 595
596 593
595 596
597 595
597 596
596 615
615 597
616 597
599 600
657 600
601 618
656 601
618 602
619 604
606 605
605 607
620 606
607 608
607 611
608 609
610 608
608 611
620 609
622 609
626 609
610 611
624 610
612 692
614 625
615 655
617 616
620 621
626 620
621 626
623 622
627 623
655 625
629 628
631 628
628 632
629 631
632 629
632 630
630 650
630 653
632 650
634 633
636 633
636 635
649 635
635 650
663 635
650 636
637 639
638 639
640 638
638 646
640 641
640 642
644 640
646 640
642 641
643 641
642 643
642 646
645 644
659 644
659 645
660 645
648 647
652 647
647 662
648 649
648 662
663 648
649 650
663 649
650 651
650 653
651 652
651 653
654 697
656 667
656 692
658 659
660 658
658 661
658 664
660 659
659 661
664 661
665 664
667 666
666 668
666 669
666 670
666 674
666 677
668 667
669 667
667 671
677 668
670 669
671 669
681 669
672 670
674 670
675 670
681 670
673 671
671 694
672 674
673 682
687 673
673 694
677 674
678 674
679 675
675 681
675 683
681 676
676 682
683 676
676 685
686 676
676 687
677 678
679 680
684 679
684 680
688 680
689 680
680 691
682 681
681 683
682 687
685 683
691 684
686 685
689 685
686 687
688 689
690 688
690 699
691 701
692 693
693 694
695 696
697 695
695 700
695 702
697 696
699 698
698 700
701 698
702 698
700 699
699 701
702 700
701 702
