787
184 499
184 494
182 489
183 484
182 479
183 474
183 469
183 464
182 459
183 454
183 449
182 444
177 442
178 439
182 435
182 431
180 427
180 422
176 418
171 418
172 413
177 411
176 407
178 403
179 398
176 394
172 391
173 387
176 385
178 381
179 377
179 372
179 367
179 362
180 357
183 353
186 349
189 344
189 341
191 337
194 333
195 328
196 323
197 318
196 313
196 308
196 303
195 298
194 295
195 290
193 286
192 281
192 276
192 271
189 267
189 262
189 257
189 252
189 247
189 242
191 238
193 233
194 229
197 224
199 220
200 215
201 210
200 205
201 200
204 196
208 194
212 191
216 187
220 183
223 178
226 174
228 169
228 166
226 161
228 156
228 151
227 146
226 141
225 136
223 132
220 128
220 125
220 120
216 118
211 120
208 123
205 126
200 128
195 130
190 134
185 136
180 140
176 142
171 146
167 149
162 152
158 155
154 159
149 161
144 163
139 165
134 168
129 169
124 172
119 173
114 175
109 177
104 180
99 183
94 185
89 187
84 190
79 193
74 195
70 198
70 203
70 208
70 213
70 218
67 222
64 224
61 219
60 215
57 211
52 212
48 215
44 219
40 223
37 226
33 230
28 231
24 228
19 227
14 227
18 224
23 222
28 218
32 214
35 210
40 207
44 203
49 200
54 197
58 193
63 190
59 186
64 182
69 181
74 179
79 177
84 176
88 174
92 174
97 171
101 168
106 164
111 162
116 159
121 157
126 155
131 152
136 150
141 148
145 145
150 142
155 140
160 137
165 134
170 131
175 127
180 124
184 121
188 118
191 115
194 112
197 107
201 104
206 100
211 98
215 95
214 90
213 85
213 80
212 75
210 71
209 66
208 61
208 57
208 52
208 47
208 42
209 37
210 32
214 28
218 24
222 20
227 16
232 14
237 13
242 13
247 12
252 12
257 12
262 12
267 13
272 13
277 15
282 16
286 20
291 22
296 25
301 26
304 30
308 34
310 38
310 41
310 46
308 50
308 55
307 60
306 65
306 68
305 72
304 77
304 82
304 87
303 92
303 97
308 100
313 103
317 107
321 111
325 115
330 119
334 122
338 125
342 129
346 133
350 135
355 138
359 141
364 143
366 145
371 147
376 149
381 151
386 154
390 156
395 159
400 162
405 164
409 166
414 169
419 172
424 176
429 179
433 181
438 183
442 185
447 187
452 189
456 194
459 196
464 199
467 202
471 204
476 208
479 212
483 216
486 221
491 223
496 226
491 228
488 229
483 230
480 228
476 224
472 220
467 218
464 214
460 213
456 212
455 214
454 215
452 218
451 221
448 224
445 224
445 219
445 214
443 210
442 205
442 200
440 196
435 193
431 190
426 187
421 186
416 184
412 182
407 178
403 176
398 175
393 173
388 172
383 171
378 169
373 168
368 165
363 161
358 158
354 154
349 150
344 148
339 145
335 142
331 140
326 137
321 134
317 131
313 127
309 124
304 121
300 118
296 116
291 119
291 124
290 128
289 133
287 137
287 142
286 147
285 152
285 157
285 162
284 167
285 170
286 175
289 179
293 182
298 186
301 191
305 194
310 194
311 199
315 203
312 208
313 213
315 217
316 222
319 226
320 231
321 236
324 240
324 245
324 250
325 255
325 260
323 265
323 270
321 274
321 279
321 284
320 289
317 293
317 298
317 303
317 308
317 313
316 318
316 323
316 328
318 333
321 337
325 341
328 345
329 350
330 355
332 359
334 364
334 369
337 372
340 375
340 380
338 384
343 386
345 390
342 393
338 397
338 402
338 407
340 411
344 415
343 418
338 420
336 425
336 430
333 434
336 437
338 441
334 442
333 447
334 452
334 457
334 462
334 467
334 472
334 477
334 482
334 487
334 492
334 497
330 499
325 499
320 499
315 499
310 499
305 499
300 499
295 498
296 493
296 488
295 483
298 479
302 476
305 473
307 469
307 464
307 459
308 454
308 449
308 444
309 439
308 434
307 429
307 424
306 419
305 415
305 412
303 407
303 402
303 399
299 396
299 391
296 387
295 382
294 377
292 373
291 368
291 363
291 358
289 353
287 349
287 344
285 339
282 336
281 331
279 328
278 323
278 318
277 313
277 308
277 303
275 299
274 294
274 289
274 284
274 279
274 274
273 269
270 265
269 260
266 256
264 251
262 247
262 242
259 237
254 237
252 241
252 246
251 251
249 255
248 260
246 265
243 269
242 274
240 278
238 283
238 288
238 293
237 298
234 302
233 307
234 312
234 317
234 322
233 327
233 330
230 333
226 337
226 342
226 347
224 351
224 356
222 360
222 365
221 370
224 374
224 379
221 383
220 388
220 391
217 396
214 400
213 405
212 410
212 415
211 420
208 424
209 429
208 434
207 438
208 443
208 448
209 453
210 458
209 461
211 465
211 470
212 475
215 479
219 481
221 485
223 486
221 490
221 495
221 499
216 499
211 499
206 499
201 499
196 499
191 499
186 499
185 499
255.604 118.198
223.764 234.882
258.166 68.3668
255.858 183.043
256.465 153.5
199.929 369.5
215.913 273.5
282.245 216.551
296.965 281.5
314.5 375.5
309.5 352.5
273.443 94.5
233.7 208.7
281.603 69.9207
240.098 87.3804
234.937 54.5
279.082 44.5447
238.576 33.8796
215.167 321.833
215.115 294
196.135 457
322.051 413.136
193.956 423.621
194.14 439.5
205.67 351.649
298.315 327.342
271.717 126.906
208.347 246.577
203.081 386.218
287.055 241.154
305.246 265.777
292.677 39.2176
204.649 261.784
274.607 243.921
305.195 246.268
197.345 479
228.176 254.876
242.781 161
190.852 361.879
308.854 283.99
268.714 30.4296
224.224 39.5687
226.549 293.3
285.728 257.954
308.359 486.679
237.943 121.889
283.923 198.124
322.362 390.5
210.584 376.5
278.075 230.138
200.347 359.786
304.448 275.399
220.237 283.934
206.765 283.415
228.185 274.527
282.319 249.233
331.532 390.5
222.828 264.704
216.515 254.899
233.492 264.138
218.86 244.427
60.9369 202.835
451.75 203
198.988 431.503
198.549 447.861
282.061 32.137
291.232 55.5404
199.572 252.496
242.931 145.041
255.658 168.261
228.41 29.1823
237.212 23.4833
234.179 43.7349
255.238 47.2225
244.218 48.4368
250.915 58.596
243 72.0462
296.593 206.954
326.739 378.97
262.961 218.067
203.038 272.861
276.251 24.5372
287.893 47.0196
247.328 153.062
237.441 152.97
257.668 136.519
269.562 161.618
253.435 81.9624
228.314 77.209
241.5 62.1098
293.718 197.574
286.685 207.665
272.902 221.117
267.358 230.29
252.561 144.69
270.215 145.941
267.652 175.492
268.793 79.6861
253.062 100.167
237.152 78.8814
227.283 90.315
237.035 103.451
224.829 102.325
229.995 113.039
265.47 153.596
267.742 136.169
275.54 154.015
274.876 169.418
269.484 191.34
262.447 89.8151
269.965 67.9379
263.654 56.832
277.732 57.492
267.097 45.3262
281.971 83.6867
249.331 90.9846
215.63 107.468
264.697 183.863
277.019 182.439
285.161 188.217
271.422 205.972
291.83 76.5358
291.365 66.0429
292.493 87.8229
252.738 201.908
288.864 102.581
258.982 193.25
261.23 207.849
298.424 106.104
283.649 93.7791
217.28 207.591
210.357 336.721
218.282 331.061
214.656 346.271
200.751 341.905
205.865 327.049
270.134 110.573
189.449 388.856
190.842 377.095
198.774 400.503
206.212 394.954
188.942 398.819
191.893 411.13
201.919 410.08
300.138 229.477
289.121 230.302
194.26 468.136
206.172 487.053
241.652 176.57
237.244 168.424
246.694 169.109
243.775 190.735
241.849 201.463
228.699 194.864
225.788 203.739
234.086 184.945
221.508 52.8265
226.876 64.4693
220.766 71.6101
217.633 61.6719
294.302 250.179
302.551 256.03
313.746 258.18
292.57 269.143
285.667 278.558
282.797 267.433
294.514 260.267
288.069 292.501
319.331 476.944
322.635 487.851
310.603 387.103
304.724 378.672
305.803 365.347
318.73 362.112
300.752 356.938
319.378 352.252
324.493 369.705
210.537 365.037
245.446 132.386
235.887 137.064
247.403 123.057
245.962 111.274
231.707 128.771
261.35 126.828
224.673 220.251
241.791 224.327
246.835 212.907
252.71 222.326
211.771 226.793
211.864 236.998
234.166 218.367
215.095 217.355
259.739 108.42
264.753 99.6505
278.351 103.887
280.509 114.931
281.033 124.531
309.618 235.779
297.317 239.484
294.182 218.874
303.137 214.481
306.782 223.008
302.152 297.261
291.203 306.441
303.905 310.47
294.893 316.846
320.534 463.453
306.019 320.533
218.671 307.91
223.866 316.62
207.813 312.579
206.984 301.529
204.127 292.505
320.852 427.07
327.689 420.639
315.306 419.574
321.6 439.665
321.981 451.6
305.567 339.183
297.688 346.577
307.066 330.124
314.106 343.901
294.885 336.858
236.901 242.466
228.11 245.557
234.183 232.005
238.6 252.933
326.048 401.871
314.536 404.128
253.643 32.139
261.852 37.221
246.809 39.0607
248.059 22.8159
260.248 23.0762
229.419 238.222
232 108.221
284.444 107.532
787
184.143 499.694
186.884 496.308
191.99 490.002
193.578 488.005
195.826 485.304
196.138 479.446
196.056 471.29
196.361 464.585
196.594 460.007
196.755 455.156
196.896 447.219
185.169 435.993
178.8 440.744
181.78 440.408
196.768 438.6
196.654 430.571
196.168 423.189
195.432 415.228
186.073 415.558
168.51 416.894
179.105 416.088
193.725 415.167
193.236 412.999
194.446 410.907
198.871 394.423
184.699 389.143
172.538 389.183
174.773 389.175
196.365 389.108
200.008 387.439
200.657 380.307
200.154 371.735
199.587 366.377
196.614 363.242
196.371 363.094
198.246 364.013
201.228 360.487
204.68 350.032
205.123 348.81
205.752 347.144
211.284 336.454
213.38 332.46
215.91 325.364
215.963 318.692
215.929 312.436
215.3 307.441
214.433 300.523
213.586 295.464
213.521 295.294
213.331 290.436
213.102 284.078
212.996 279.571
212.86 273.698
212.245 264.01
211.42 260.386
211.001 257.72
210.719 255.933
210.027 252.974
209.5 251.424
209.442 250.942
209.833 250.283
212.268 246.226
213.585 243.21
216.238 235.73
219.793 225.64
222.68 214.261
217.753 207.54
212.958 205.267
203.944 200.996
204.349 201.188
210.541 204.119
223.129 209.703
232.106 204.827
242.701 197.991
250.705 190.916
253.7 182.371
254.583 171.328
254.415 164.018
254.325 162.7
254.614 161.946
254.331 150.35
254.052 141.679
252.892 133.863
250.326 125.971
247.099 120.221
245.553 118.462
245.958 118.114
243.756 108.245
222.438 107.485
202.571 111.917
199.579 116.677
198.044 118.455
208.632 112.084
191.662 123.496
186.382 127.342
182.461 130.194
177.636 133.721
164.351 142.393
167.239 140.79
163.451 143.239
158.227 146.389
153.317 149.725
149.721 152.277
146.47 153.805
141.577 156.053
135.098 159.013
130.803 160.94
122.338 164.403
119.881 165.385
116.808 166.602
110.291 169.348
105.492 172.248
100.723 175.332
96.2095 177.579
92.246 179.296
84.4108 181.876
78.3436 184.04
75.3736 185.253
69.4946 187.717
63.8817 196.549
60.3361 202.461
62.4471 207.795
65.67 213.977
66.3505 218.063
65.6097 221.404
65.22 222.727
65.7871 220.595
64.8617 215.6
54.1724 203.908
46.8463 208.166
42.6374 210.196
38.777 214.404
35.2185 219.824
32.4386 224.13
28.9409 225.119
28.2615 225.21
21.2176 225.708
16.0658 225.999
13.8966 226.241
18.0299 225.765
25.2246 225.527
32.2403 224.406
27.9961 223.115
38.8645 214.298
42.2364 210.491
47.5677 207.689
53.0015 205.286
58.2838 203.074
62.9481 198.019
67.3246 189.099
62.6071 184.757
66.5139 188.353
69.3333 192
75.7712 185.088
81.2553 182.856
86.1995 180.863
89.7707 179.915
92.8623 179.077
101.871 174.413
104.735 172.735
109.295 169.883
95.8576 176.616
118.872 165.784
123.37 163.992
145.778 153.778
134.401 159.328
141.725 155.982
145.739 154.143
149.753 152.257
151.662 150.902
158.266 146.364
163.625 143.13
162.026 144.047
173.861 136.478
178.993 132.729
183.454 129.468
187.68 126.392
192.117 123.165
195.886 120.451
199.337 117.057
201.471 113.658
202.122 112.762
211.746 109.862
222.546 107.454
242.515 102.269
247.094 85.422
244.424 75.5259
241.011 65.9563
233.129 57.4668
229.38 54.9048
226.842 52.8813
225.272 51.8718
225.969 51.1838
228.386 46.3444
227.25 41.0821
224.988 37.4343
222.431 35.7525
223.551 36.5079
224.404 36.3023
229.084 33.771
232.703 30.7799
234.031 27.7624
233.695 25.8736
234.227 26.3965
239.847 28.9415
245.11 30.1376
252.791 30.7806
255.573 31.0097
260.149 31.2138
265.76 31.1644
267.456 31.1093
270.364 30.6623
270.569 30.6031
273.034 35.298
280.361 39.5349
288.431 41.071
298.759 37.9937
299.253 37.8563
303.135 36.7519
315.979 33.1565
308.525 35.1525
302.343 36.9792
290.443 40.4951
285.124 45.2495
281.545 51.4071
282.033 57.4715
282.275 58.0442
280.676 60.343
278.817 67.9179
278.723 76.5176
278.804 82.0999
280.575 89.4402
284.372 98.2417
301.292 106.833
309.753 111.996
314.574 114.115
314.85 115.451
319.295 121.792
321.858 123.828
329.158 129.379
332.317 131.702
336.372 134.734
342.312 139.136
346.53 141.197
351.449 143.524
356.494 146.205
360.542 148.47
362.802 150.289
367.456 153.847
372.624 157.318
376.881 159.949
381.207 161.721
370.667 156.444
390.477 165.302
397.995 167.848
403.458 169.654
406.487 170.907
410.967 173.805
415.316 177.834
423.611 180.75
434.17 185.906
431.406 184.695
435.963 186.565
440.027 188.468
444.887 190.804
447.155 194.243
451.073 200.028
453.973 203.647
456.828 205.464
462.21 206.932
468.35 208.696
472.305 212.208
475.647 215.046
478.852 219.762
486.811 226.262
490.208 226.175
496.043 226.084
491 226.25
487.021 226.179
483.625 226.116
483.46 226.599
479.479 220.692
478.597 219.29
472.217 212.131
464.023 207.457
459.845 206.282
452.635 205.023
451.09 210.464
450.608 212.163
449.292 217.101
448.274 220.899
446.657 223.295
446.316 223.853
447.327 222.261
448.812 217.832
451.728 208.18
452.973 204.055
448.848 196.742
447.111 195.556
438.445 187.721
432.456 185.118
427.505 183.131
422.127 181.162
418.586 179.538
415.501 177.97
408.326 172.093
405.971 170.612
401.992 169.169
399.267 168.265
389.662 165.014
385.328 163.398
380.442 161.409
376.89 159.953
357.596 147.8
362.607 150.138
363.297 150.665
359.974 148.123
346.4 141.141
346.778 141.315
342.622 139.327
338.744 136.509
335.115 133.794
318.769 120.143
326.078 127.148
323.189 124.906
319.063 121.586
315.349 117.076
314.355 113.833
305.268 108.853
287.244 99.7517
270.532 104.103
263.623 118.175
262.372 122.441
261.066 125.75
259.245 133.117
258.396 137.887
257.73 144.178
257.735 154.145
257.713 157.267
257.532 162.109
258.016 168.694
259.234 174.558
262.36 183.923
270.448 194.287
277.631 200.034
283.288 203.583
291.215 206.585
301.095 204.564
318.709 195.275
312.477 198.583
311.934 198.942
298.381 205.962
294.473 214.64
296.651 221.157
298.987 228.204
300.658 233.232
301.892 237.193
303.33 245.222
303.615 246.918
303.509 247.005
303.725 254.464
303.857 256.303
303.887 257.083
302.766 260.317
301.686 264.58
300.608 270.171
298.954 280.214
298.682 282.095
298.488 283.076
297.456 288.471
295.886 297.076
295.494 306.773
295.402 309.374
295.326 312.938
295.343 317.432
295.912 323.728
297.523 331.546
303.297 342.728
308.526 350.877
311.032 353.388
311.406 352.576
311.186 353.272
312.008 359.469
313.254 365.189
314.853 370.561
317.297 378.57
318.826 382.049
330.445 380.696
319.881 383.698
320.545 386.453
336.412 388.374
347.41 389.709
340.513 388.872
319.39 389.313
319.406 400.936
320.015 412.914
321.49 418.095
343.696 416.241
342.743 416.315
321.173 418.25
320.415 422.191
320.892 428.439
321.15 431.795
326.964 438.647
333.288 439.652
321.977 437.855
321.633 445.692
321.472 453.047
321.568 457.784
321.678 462.835
321.259 468.781
320.867 472.165
319.691 482.415
319.344 484.626
322.675 488.153
327.075 492.245
334.2 498.869
331.04 495.931
325.304 490.598
319.846 485.492
315.534 486.394
310.894 488.139
304.235 491.204
298.605 494.51
293.66 499.106
301.607 491.941
304.815 490.917
301.081 489.26
302.834 490.055
310.992 488.046
316.527 485.256
320.309 477.113
321.57 466.088
321.605 460.22
321.563 457.528
321.523 449.377
321.652 444.995
321.759 439.011
321.214 432.407
320.823 427.684
320.461 422.668
320.088 416.692
319.94 413.519
319.876 412.085
319.544 404.744
319.23 398.71
319.014 394.746
318.678 388.588
318.442 384.162
317.275 379.705
316.488 376.657
314.383 369.507
313.872 367.826
313.177 365.44
312.396 361.769
309.905 353.913
305.36 346.356
303.835 343.826
301.354 339.272
297.253 331.002
296.258 328.325
295.493 325.981
295.38 323.763
295.345 322.723
295.248 319.283
295.335 313.921
295.417 308.283
295.872 298.601
295.964 296.365
295.994 294.423
296.473 291.915
296.917 289.789
298.421 282.54
299.799 273.5
301.183 262.166
301.539 255.845
301.726 252.721
301.519 243.336
301.035 239.402
300.971 238.314
294.185 225.219
273.65 204.566
241.571 202.842
220.396 224.765
216.569 246.363
216.427 249.278
216.467 251.623
216.147 253.676
215.904 254.716
214.754 259.299
214.069 264.895
213.516 269.191
213.337 284.717
213.475 288.963
213.739 293.323
213.775 293.885
214.018 296.124
215.546 308.223
216.317 316.693
217.232 320.758
218.127 322.109
218.796 323.201
223.534 321.402
218.288 322.879
214.93 329.312
209.963 338.845
207.701 343.129
206.141 346.788
205.238 349.361
203.846 353.312
200.042 366.324
201.37 376.408
205.791 379.305
205.924 379.368
204.556 379.1
202.296 381.75
202.207 382.141
201.253 385.505
199.523 391.813
197.31 401.187
195.207 410.113
195.469 414.254
195.56 415.355
196.276 425.568
196.514 429.024
196.702 433.307
196.626 438.424
196.781 444.024
196.888 449.452
196.757 455.541
196.672 459.003
196.497 461.914
196.239 466.788
196.089 474.576
196.732 485.633
207.514 487.843
215.583 489.157
220.043 489.854
226.137 490.802
215.765 489.222
218.483 492.986
222.086 499.772
220.103 496.036
211.2 488.457
203.237 487.146
197.28 487.182
193.715 487.782
191.737 490.333
186.303 497.032
184.311 499.487
258.511 111.803
217.781 232.21
259.239 62.9188
256.459 170.999
256.048 154.077
198.239 364.301
213.131 272.064
287.05 208.261
298.425 282.954
315.939 374.302
310.71 354.199
278.037 89.6291
232.759 205.434
275.614 63.7581
250.22 84.2515
231.682 34.9823
286.112 42.3855
234.253 29.9335
216.359 322.304
213.613 294.644
196.445 463.568
320.013 413.538
196.12 422.47
196.624 439.244
207.197 345.272
295.856 326.641
261.625 121.96
211.081 249.932
192.889 444.444
300.776 236.037
301.614 264.551
294.535 39.5617
213.719 251.932
295.902 227.548
302.627 246.749
0 0
214.818 253.673
254.802 162.081
199.228 365.395
298.463 283.039
263.96 32.1742
226.479 36.7356
213.831 295.056
301.8 253.911
0 0
249.446 120.197
280.008 202.174
324.444 447.111
202.993 378.078
290.478 217.77
200.855 361.717
299.961 273.991
213.211 284.174
213.144 282.776
213.744 267.524
301.594 243.632
319.965 386.707
214.177 260.918
215.021 253.705
214.704 259.175
214.252 245.877
60.307 202.342
452.952 204.369
196.676 431.611
196.838 446.028
277.394 38.2583
283.226 47.6288
210.076 251.772
254.462 143.93
255.569 163.945
230.81 32.5977
234.523 27.2078
234.243 38.8611
254.185 42.4101
248.112 36.1597
270.049 44.9074
246.014 67.5069
292.471 208.931
317.89 380.423
265.568 199.295
218.667 317.333
268.173 31.3275
282.792 43.8432
256.209 153.158
254.466 153.989
256.173 135.832
257.418 162.296
257.146 78.1759
244.15 69.5454
243.458 54.7748
292.58 211.404
287.07 207.157
281.469 206.163
290.349 220.571
256.29 159.765
257.555 144.845
258.828 174.62
256.889 114.667
261.063 97.9794
246.492 72.4565
246.311 74.0311
246.869 105.817
242.003 103.449
248.729 108.818
257.068 154.097
258.13 134.198
257.558 154.157
258.678 172.342
264.887 191.36
260.319 92.9218
281.372 51.5746
264.454 46.695
278.742 49.8102
265.829 41.9987
277.968 82.3944
255.016 88.5878
217.118 108.667
260.356 184.132
263.319 188.237
269.682 199.069
272.425 199.66
278.588 72.7102
281.107 58.3782
278.715 88.4884
255.105 194.593
280.767 97.0213
260.278 177.106
263.695 197.444
283.691 98.2069
277.811 90.5067
223.738 210.183
211.405 336.145
216.284 326.715
207.279 343.97
210.392 338.109
220.215 323.414
251.869 113.614
200.08 388.178
200.445 375.459
198.246 397.142
200.483 388.257
198.004 398.241
194.996 411.589
186.676 414.565
298.724 228.905
293.742 221.497
196.129 475.569
215.944 492.343
254.25 180.468
254.818 170.351
255.318 169.82
251.674 190.639
246.164 197.07
236.537 202.15
230.472 206.385
250.826 190.85
228.116 43.6225
257.778 48.8889
231.435 56.2838
226.542 51.8256
302 246.267
302.78 255.806
303.221 258.086
301.811 262.139
298.49 282.389
300.435 268.642
302.638 256.932
296.889 314.667
319.614 484.053
319.604 485.174
318.435 388.298
316.407 376.3
313.075 364.86
311.623 358.077
310.274 354.548
311.17 354.214
315.409 372.417
199.994 366.634
257.579 128.323
252.755 132.955
253.115 121.245
252.436 109.673
247.561 120.826
259.556 123.804
218.351 208.934
234.764 204.312
246.397 197.946
256 186.667
217.725 231.578
214.117 242.32
231.229 208.762
223.047 214.787
260.323 106.603
265.066 97.4053
273.249 99.3712
269.234 105.125
263.086 119.648
302.1 238.234
301.851 238.302
293.933 214.938
294.334 214.084
298.129 225.816
295.857 297.303
302.317 337.408
295.405 309.554
295.636 321.57
321.18 463.759
295.44 321.486
212.532 331.252
216.635 321.239
215.978 312.981
214.905 304.224
213.516 294.343
320.924 428.74
320.227 419.634
335.349 425.528
321.191 447.784
321.576 454.87
308.551 352.084
304.688 345.244
297.594 331.778
308.385 350.712
296.659 329.037
216.99 242.101
215.385 248.33
218.794 218.52
216.057 253.097
319.408 401.04
319.63 405.902
247.105 31.5209
260.505 36.195
244.873 35.8818
242.568 29.6675
256.211 31.1577
226.667 224
214.222 109.333
297.778 108.444
1805
0 0
0 0
0 0
0 0
0 0
0 0
0 0
0 0
0 0
0 0
0 0
0 0
0 0
0 0
0 0
0 0
0 0
0 0
0 0
0 0
0 0
0 0
0 0
0 0
0 0
0 0
0 0
0 0
0 0
0 0
0 0
0 0
0 0
0 0
0 0
0 0
0 0
0 0
0 0
0 0
0 0
0 0
0 0
0 0
0 0
0 0
0 0
0 0
0 0
0 0
0 0
0 0
0 0
0 0
0 0
0 0
0 0
0 0
0 0
0 0
0 0
0 0
0 0
0 0
0 0
0 0
0 0
0 0
0 0
0 0
0 0
0 0
0 0
0 0
0 0
0 0
0 0
0 0
0 0
0 0
0 0
0 0
0 0
0 0
0 0
0 0
578 630
0 0
0 0
0 0
0 0
0 0
0 0
0 0
0 0
0 0
0 0
0 0
0 0
0 0
0 0
0 0
0 0
0 0
0 0
0 0
0 0
0 0
0 0
0 0
0 0
0 0
0 0
0 0
0 0
0 0
0 0
0 0
0 0
0 0
0 0
0 0
0 0
0 0
0 0
0 0
0 0
0 0
0 0
0 0
0 0
0 0
0 0
0 0
0 0
0 0
0 0
0 0
0 0
0 0
0 0
0 0
0 0
0 0
0 0
0 0
0 0
0 0
0 0
0 0
0 0
0 0
0 0
0 0
0 0
0 0
0 0
0 0
0 0
0 0
0 0
0 0
0 0
0 0
0 0
0 0
0 0
0 0
0 0
0 0
0 0
0 0
0 0
0 0
0 0
0 0
0 0
0 0
0 0
0 0
0 0
0 0
0 0
0 0
0 0
0 0
0 0
0 0
0 0
0 0
0 0
0 0
0 0
0 0
0 0
0 0
0 0
0 0
0 0
737 647
0 0
0 0
0 0
0 0
0 0
0 0
0 0
0 0
0 0
0 0
0 0
0 0
0 0
0 0
0 0
0 0
0 0
0 0
0 0
0 0
0 0
0 0
0 0
0 0
0 0
0 0
0 0
0 0
0 0
0 0
0 0
0 0
0 0
0 0
0 0
0 0
0 0
0 0
0 0
0 0
0 0
0 0
0 0
0 0
0 0
0 0
0 0
0 0
0 0
0 0
0 0
0 0
0 0
0 0
0 0
0 0
0 0
0 0
0 0
0 0
0 0
0 0
0 0
0 0
0 0
0 0
0 0
0 0
0 0
0 0
0 0
0 0
0 0
0 0
0 0
0 0
0 0
0 0
0 0
0 0
0 0
0 0
0 0
0 0
0 0
0 0
0 0
0 0
0 0
0 0
0 0
0 0
0 0
0 0
0 0
0 0
0 0
0 0
0 0
0 0
0 0
0 0
0 0
0 0
0 0
164 152
0 0
0 0
0 0
0 0
0 0
0 0
0 0
0 0
0 0
0 0
0 0
0 0
0 0
0 0
0 0
0 0
0 0
0 0
0 0
0 0
0 0
0 0
0 0
0 0
0 0
0 0
0 0
0 0
0 0
0 0
0 0
0 0
0 0
0 0
0 0
0 0
0 0
0 0
0 0
0 0
0 0
0 0
0 0
0 0
0 0
0 0
0 0
0 0
0 0
0 0
0 0
0 0
0 0
0 0
0 0
0 0
0 0
0 0
0 0
0 0
0 0
0 0
0 0
0 0
0 0
0 0
0 0
0 0
0 0
0 0
0 0
0 0
0 0
0 0
0 0
0 0
0 0
0 0
0 0
0 0
0 0
0 0
0 0
0 0
0 0
0 0
0 0
0 0
0 0
0 0
0 0
0 0
0 0
0 0
0 0
0 0
0 0
0 0
0 0
0 0
0 0
0 0
0 0
0 0
0 0
0 0
0 0
0 0
0 0
0 0
0 0
0 0
0 0
0 0
0 0
0 0
647 707
0 0
0 0
0 0
0 0
0 0
0 0
0 0
0 0
0 0
0 0
0 0
0 0
0 0
0 0
0 0
0 0
0 0
0 0
0 0
0 0
0 0
0 0
0 0
0 0
0 0
0 0
0 0
0 0
0 0
0 0
0 0
0 0
0 0
0 0
0 0
0 0
0 0
0 0
0 0
0 0
0 0
0 0
0 0
0 0
0 0
0 0
0 0
0 0
0 0
0 0
0 0
0 0
0 0
0 0
0 0
0 0
0 0
0 0
0 0
0 0
0 0
0 0
0 0
0 0
0 0
0 0
0 0
0 0
0 0
0 0
0 0
0 0
0 0
0 0
0 0
0 0
0 0
0 0
0 0
0 0
0 0
0 0
0 0
0 0
0 0
0 0
0 0
0 0
0 0
0 0
0 0
0 0
0 0
0 0
0 0
0 0
0 0
0 0
0 0
0 0
0 0
0 0
0 0
0 0
0 0
0 0
0 0
0 0
0 0
0 0
0 0
0 0
0 0
0 0
0 0
0 0
0 0
0 0
0 0
0 0
0 0
0 0
0 0
0 0
0 0
0 0
0 0
0 0
0 0
0 0
0 0
0 0
0 0
0 0
0 0
0 0
0 0
0 0
0 0
0 0
0 0
0 0
0 0
0 0
0 0
0 0
0 0
0 0
0 0
0 0
0 0
0 0
0 0
0 0
0 0
0 0
0 0
0 0
0 0
0 0
0 0
0 0
0 0
0 0
0 0
0 0
0 0
0 0
0 0
0 0
0 0
0 0
0 0
0 0
0 0
0 0
0 0
0 0
0 0
0 0
0 0
0 0
0 0
0 0
0 0
0 0
0 0
0 0
0 0
0 0
0 0
0 0
0 0
0 0
0 0
0 0
0 0
0 0
0 0
252 298
0 0
0 0
0 0
0 0
0 0
0 0
0 0
0 0
0 0
0 0
0 0
0 0
0 0
0 0
0 0
0 0
0 0
0 0
0 0
0 0
0 0
0 0
0 0
0 0
0 0
0 0
0 0
0 0
0 0
0 0
0 0
0 0
0 0
0 0
0 0
0 0
0 0
0 0
0 0
0 0
0 0
0 0
0 0
0 0
0 0
0 0
0 0
0 0
0 0
0 0
0 0
0 0
0 0
0 0
0 0
0 0
0 0
0 0
0 0
0 0
0 0
0 0
0 0
0 0
0 0
0 0
0 0
0 0
0 0
0 0
0 0
0 0
0 0
0 0
0 0
0 0
0 0
0 0
0 0
0 0
0 0
0 0
0 0
0 0
0 0
0 0
0 0
0 0
0 0
0 0
0 0
0 0
0 0
0 0
0 0
0 0
0 0
0 0
0 0
0 0
0 0
0 0
0 0
0 0
0 0
0 0
0 0
0 0
0 0
0 0
0 0
0 0
0 0
0 0
0 0
0 0
0 0
0 0
0 0
0 0
0 0
0 0
0 0
0 0
0 0
0 0
0 0
0 0
0 0
0 0
0 0
0 0
0 0
0 0
0 0
0 0
0 0
0 0
0 0
0 0
0 0
0 0
0 0
0 0
0 0
0 0
0 0
737 643
0 0
0 0
0 0
0 0
0 0
0 0
0 0
0 0
0 0
0 0
0 0
0 0
0 0
0 0
0 0
0 0
0 0
0 0
0 0
0 0
0 0
0 0
0 0
0 0
0 0
0 0
0 0
0 0
0 0
0 0
0 0
0 0
643 717
0 0
0 0
0 0
0 0
0 0
0 0
0 0
0 0
0 0
0 0
0 0
0 0
0 0
0 0
0 0
0 0
0 0
0 0
0 0
0 0
0 0
0 0
0 0
0 0
0 0
0 0
0 0
0 0
0 0
0 0
0 0
0 0
0 0
0 0
0 0
0 0
0 0
0 0
0 0
0 0
0 0
0 0
0 0
0 0
0 0
0 0
0 0
0 0
0 0
0 0
0 0
0 0
0 0
0 0
0 0
0 0
0 0
0 0
0 0
0 0
717 597
0 0
0 0
0 0
0 0
0 0
0 0
0 0
0 0
0 0
0 0
0 0
0 0
0 0
0 0
0 0
0 0
0 0
0 0
0 0
0 0
0 0
0 0
0 0
0 0
0 0
0 0
0 0
0 0
0 0
0 0
0 0
0 0
0 0
0 0
0 0
0 0
0 0
0 0
0 0
0 0
0 0
0 0
0 0
0 0
0 0
0 0
0 0
0 0
0 0
0 0
0 0
0 0
0 0
0 0
0 0
0 0
0 0
0 0
0 0
0 0
0 0
0 0
0 0
0 0
0 0
0 0
0 0
0 0
0 0
0 0
0 0
0 0
0 0
0 0
0 0
0 0
0 0
0 0
0 0
0 0
0 0
0 0
0 0
0 0
0 0
0 0
0 0
0 0
0 0
0 0
0 0
0 0
0 0
0 0
0 0
0 0
0 0
0 0
0 0
0 0
0 0
0 0
0 0
0 0
0 0
0 0
0 0
0 0
0 0
0 0
0 0
0 0
0 0
0 0
0 0
0 0
0 0
0 0
0 0
0 0
0 0
0 0
0 0
0 0
0 0
0 0
0 0
0 0
0 0
0 0
0 0
0 0
0 0
0 0
0 0
0 0
0 0
0 0
0 0
0 0
0 0
0 0
0 0
0 0
0 0
0 0
0 0
0 0
0 0
0 0
0 0
0 0
0 0
0 0
0 0
0 0
0 0
0 0
0 0
0 0
0 0
0 0
0 0
0 0
0 0
0 0
0 0
0 0
0 0
0 0
0 0
0 0
0 0
0 0
0 0
0 0
0 0
0 0
0 0
0 0
0 0
0 0
0 0
0 0
0 0
0 0
0 0
0 0
0 0
0 0
0 0
0 0
0 0
0 0
0 0
0 0
0 0
0 0
0 0
0 0
0 0
0 0
0 0
0 0
0 0
0 0
0 0
0 0
0 0
0 0
0 0
0 0
0 0
0 0
0 0
0 0
0 0
0 0
0 0
0 0
0 0
0 0
0 0
0 0
0 0
0 0
0 0
0 0
0 0
0 0
0 0
0 0
0 0
0 0
0 0
0 0
0 0
0 0
0 0
0 0
0 0
0 0
0 0
0 0
0 0
0 0
0 0
0 0
0 0
0 0
0 0
0 0
0 0
0 0
0 0
0 0
0 0
0 0
0 0
0 0
0 0
0 0
0 0
0 0
0 0
0 0
0 0
0 0
0 0
0 0
0 0
0 0
0 0
0 0
0 0
0 0
0 0
0 0
0 0
0 0
0 0
0 0
0 0
0 0
0 0
0 0
0 0
0 0
0 0
0 0
0 0
0 0
0 0
0 0
0 0
0 0
0 0
0 0
0 0
0 0
0 0
0 0
0 0
0 0
0 0
0 0
0 0
0 0
0 0
0 0
0 0
0 0
0 0
0 0
0 0
0 0
0 0
0 0
0 0
0 0
0 0
0 0
0 0
0 0
0 0
0 0
0 0
0 0
0 0
0 0
0 0
0 0
0 0
0 0
0 0
0 0
0 0
0 0
0 0
0 0
0 0
0 0
0 0
0 0
0 0
0 0
0 0
0 0
0 0
0 0
0 0
0 0
0 0
0 0
0 0
0 0
0 0
0 0
0 0
0 0
0 0
0 0
0 0
0 0
0 0
0 0
0 0
0 0
0 0
0 0
0 0
0 0
0 0
0 0
0 0
0 0
0 0
0 0
0 0
0 0
0 0
0 0
0 0
0 0
0 0
0 0
0 0
0 0
0 0
0 0
0 0
0 0
0 0
0 0
0 0
0 0
0 0
0 0
0 0
0 0
0 0
0 0
0 0
0 0
0 0
0 0
0 0
0 0
0 0
0 0
0 0
0 0
0 0
0 0
0 0
0 0
0 0
0 0
0 0
0 0
0 0
0 0
0 0
0 0
0 0
0 0
0 0
0 0
0 0
0 0
0 0
0 0
0 0
0 0
0 0
0 0
0 0
0 0
0 0
0 0
0 0
0 0
0 0
0 0
0 0
0 0
0 0
0 0
0 0
0 0
0 0
0 0
0 0
0 0
0 0
0 0
0 0
0 0
0 0
0 0
0 0
0 0
0 0
0 0
0 0
0 0
0 0
0 0
0 0
0 0
0 0
0 0
0 0
0 0
0 0
0 0
0 0
0 0
0 0
0 0
0 0
0 0
0 0
0 0
0 0
0 0
0 0
0 0
0 0
0 0
0 0
0 0
0 0
0 0
0 0
0 0
0 0
0 0
0 0
0 0
0 0
0 0
0 0
0 0
0 0
0 0
0 0
0 0
0 0
0 0
0 0
0 0
0 0
0 0
0 0
0 0
0 0
0 0
0 0
0 0
0 0
0 0
0 0
0 0
0 0
0 0
0 0
0 0
0 0
0 0
0 0
0 0
0 0
0 0
0 0
0 0
0 0
0 0
0 0
0 0
0 0
0 0
0 0
0 0
0 0
0 0
0 0
0 0
0 0
0 0
0 0
0 0
0 0
0 0
0 0
0 0
0 0
0 0
0 0
0 0
0 0
0 0
0 0
0 0
0 0
0 0
0 0
0 0
0 0
0 0
0 0
0 0
0 0
0 0
0 0
0 0
0 0
0 0
0 0
0 0
0 0
0 0
0 0
0 0
0 0
0 0
0 0
0 0
0 0
0 0
0 0
0 0
0 0
0 0
0 0
0 0
0 0
0 0
0 0
0 0
0 0
0 0
0 0
0 0
0 0
0 0
0 0
0 0
0 0
0 0
0 0
0 0
0 0
0 0
0 0
0 0
0 0
0 0
0 0
0 0
0 0
0 0
0 0
0 0
0 0
0 0
0 0
0 0
0 0
0 0
0 0
0 0
0 0
0 0
0 0
0 0
0 0
0 0
0 0
0 0
0 0
0 0
0 0
0 0
0 0
0 0
0 0
0 0
0 0
0 0
0 0
0 0
0 0
0 0
0 0
0 0
0 0
0 0
0 0
0 0
0 0
0 0
0 0
0 0
0 0
0 0
0 0
0 0
0 0
0 0
0 0
0 0
0 0
0 0
0 0
0 0
0 0
0 0
0 0
0 0
0 0
0 0
0 0
0 0
0 0
0 0
0 0
0 0
0 0
0 0
0 0
0 0
0 0
0 0
0 0
0 0
0 0
0 0
0 0
0 0
0 0
0 0
0 0
0 0
0 0
0 0
0 0
0 0
0 0
0 0
0 0
0 0
0 0
0 0
0 0
0 0
0 0
0 0
0 0
0 0
0 0
0 0
0 0
0 0
0 0
0 0
0 0
0 0
0 0
0 0
0 0
0 0
0 0
0 0
0 0
0 0
0 0
0 0
0 0
0 0
0 0
0 0
0 0
0 0
0 0
0 0
0 0
0 0
0 0
0 0
0 0
0 0
0 0
0 0
0 0
0 0
0 0
0 0
0 0
0 0
0 0
0 0
0 0
0 0
0 0
0 0
0 0
0 0
0 0
0 0
0 0
0 0
0 0
0 0
0 0
0 0
0 0
0 0
0 0
0 0
0 0
0 0
0 0
0 0
0 0
0 0
0 0
0 0
0 0
0 0
0 0
0 0
0 0
0 0
0 0
0 0
0 0
0 0
0 0
0 0
0 0
0 0
0 0
0 0
0 0
0 0
0 0
0 0
0 0
0 0
0 0
0 0
0 0
0 0
0 0
0 0
0 0
0 0
0 0
0 0
0 0
0 0
0 0
0 0
0 0
0 0
0 0
0 0
0 0
0 0
0 0
0 0
0 0
0 0
0 0
0 0
0 0
0 0
0 0
0 0
0 0
0 0
0 0
0 0
0 0
0 0
0 0
0 0
0 0
0 0
0 0
0 0
0 0
0 0
0 0
0 0
0 0
0 0
0 0
0 0
0 0
0 0
0 0
0 0
0 0
0 0
0 0
0 0
0 0
0 0
0 0
0 0
0 0
0 0
0 0
0 0
0 0
0 0
0 0
0 0
0 0
0 0
0 0
0 0
0 0
0 0
0 0
0 0
0 0
0 0
0 0
0 0
0 0
0 0
0 0
0 0
0 0
0 0
0 0
0 0
0 0
0 0
0 0
0 0
0 0
0 0
0 0
0 0
0 0
0 0
0 0
0 0
0 0
0 0
0 0
0 0
0 0
0 0
0 0
0 0
0 0
0 0
0 0
0 0
0 0
0 0
0 0
0 0
0 0
0 0
0 0
0 0
0 0
0 0
737 784
784 630
647 785
785 164
647 786
786 252
1799
0 1
549 0
1 2
1 3
547 1
548 1
1 549
585 1
2 3
3 4
3 585
4 5
585 4
5 6
5 585
696 5
6 7
6 696
7 8
570 7
7 696
8 9
570 8
9 10
9 570
10 11
10 570
10 573
10 614
11 12
11 13
11 14
573 11
12 13
13 14
14 15
14 573
15 16
572 15
573 15
613 15
16 17
16 572
17 18
17 21
17 572
692 17
18 19
20 18
18 21
19 20
20 21
21 22
21 23
692 21
22 23
23 24
691 23
692 23
24 25
687 24
691 24
25 26
27 25
28 25
687 25
26 27
27 28
28 29
28 687
29 30
687 29
29 688
30 31
30 688
31 32
31 688
32 33
588 32
32 688
33 34
588 33
34 35
34 588
35 36
588 35
36 37
588 36
36 600
37 38
574 37
600 37
37 684
38 39
38 684
39 40
39 684
40 41
40 684
40 685
41 42
41 685
42 43
42 685
43 44
685 43
760 43
44 45
44 760
45 46
760 45
45 761
46 47
761 46
47 48
47 761
762 47
48 49
762 48
49 50
603 49
762 49
50 51
603 50
51 52
603 51
51 630
52 53
52 630
53 54
53 55
53 582
53 630
54 55
55 56
582 55
617 55
56 57
617 56
57 58
617 57
58 59
617 58
59 60
617 59
60 61
577 60
60 617
61 62
577 61
739 61
62 63
738 62
62 739
63 64
63 738
64 65
64 738
64 741
65 66
65 741
66 67
680 66
741 66
67 68
67 680
68 69
68 680
69 70
69 680
70 71
680 70
71 72
71 680
71 703
704 71
72 73
72 703
73 74
703 73
73 705
74 75
705 74
75 76
698 75
699 75
75 705
76 77
699 76
77 78
77 79
699 77
78 79
79 80
79 587
634 79
699 79
80 81
634 80
81 82
618 81
81 634
729 81
82 83
82 729
83 84
83 729
732 83
84 85
732 84
85 86
732 85
86 87
732 86
87 88
653 87
87 666
732 87
88 89
88 666
89 90
179 89
89 180
181 89
666 89
90 91
179 90
91 92
179 91
92 93
177 92
178 92
92 179
93 94
93 176
93 177
94 95
94 175
176 94
95 96
95 174
175 95
96 97
96 173
96 174
97 98
97 172
173 97
98 99
171 98
98 172
99 100
99 170
99 171
100 101
100 170
101 102
168 101
101 169
101 170
102 103
168 102
103 104
103 167
103 168
104 105
104 166
167 104
105 106
165 105
166 105
106 107
164 106
165 106
107 108
163 107
164 107
108 109
162 108
163 108
109 110
109 161
109 162
110 111
160 110
161 110
111 112
111 159
160 111
112 113
158 112
159 112
113 114
113 157
158 113
114 115
156 114
114 157
115 116
115 155
115 156
116 117
153 116
116 154
116 155
117 118
152 117
153 117
118 119
118 149
118 152
119 120
119 148
149 119
611 119
120 121
611 120
121 122
127 121
121 128
611 121
122 123
122 127
123 124
123 126
123 127
124 125
126 124
125 126
126 127
127 128
128 129
128 146
611 128
129 130
129 145
146 129
130 131
130 144
130 145
131 132
131 142
131 143
131 144
132 133
141 132
142 132
133 134
141 133
134 135
134 136
134 141
135 136
136 137
140 136
141 136
137 138
139 137
137 140
138 139
139 140
140 141
141 142
142 143
143 144
144 145
145 146
146 147
611 146
147 148
147 611
148 149
148 611
149 150
149 151
152 149
150 151
151 152
152 153
153 154
154 155
155 156
156 157
157 158
158 159
159 160
160 161
161 162
162 163
163 164
164 165
165 166
166 167
167 168
168 169
169 170
170 171
171 172
172 173
173 174
174 175
175 176
176 177
177 178
178 179
179 180
180 181
181 182
181 666
182 183
182 666
183 184
666 183
184 185
650 184
184 652
666 184
185 186
650 185
186 187
638 186
650 186
187 188
638 187
708 187
188 189
188 708
189 190
708 189
709 189
190 191
190 709
191 192
191 709
192 193
192 706
709 192
193 194
706 193
194 195
194 591
706 194
195 196
591 195
196 197
196 591
197 198
591 197
198 199
198 591
198 620
199 200
199 620
200 201
200 620
201 202
620 201
201 621
202 203
202 621
203 204
621 203
204 205
204 621
782 204
205 206
782 205
206 207
206 782
783 206
207 208
783 207
208 209
783 208
209 210
631 209
783 209
210 211
631 210
211 212
631 211
212 213
212 631
213 214
615 213
213 631
214 215
214 615
215 216
215 217
581 215
215 615
216 217
217 218
217 581
218 219
218 220
218 581
219 220
220 221
581 220
221 222
581 221
222 223
581 222
616 222
222 632
223 224
223 616
224 225
616 224
672 224
225 226
225 672
226 227
226 672
227 228
671 227
672 227
228 229
228 671
229 230
229 671
229 673
230 231
230 673
231 232
673 231
232 233
232 673
232 675
232 678
233 234
678 233
234 235
234 327
328 234
234 678
235 236
235 326
327 235
236 237
236 325
236 326
237 238
324 237
237 325
238 239
238 323
324 238
239 240
322 239
323 239
240 241
240 321
322 240
241 242
241 320
321 241
242 243
319 242
320 242
243 244
318 243
319 243
244 245
244 317
244 318
245 246
316 245
245 317
246 247
316 246
247 248
247 314
315 247
316 247
248 249
248 314
249 250
249 313
249 314
250 251
311 250
312 250
250 313
251 252
251 310
311 251
252 253
309 252
310 252
253 254
308 253
253 309
254 255
254 307
308 254
255 256
306 255
307 255
256 257
305 256
256 306
257 258
304 257
257 305
258 259
303 258
304 258
259 260
302 259
303 259
260 261
260 301
260 302
261 262
261 300
261 301
262 263
262 299
262 300
263 264
298 263
263 299
264 265
264 298
265 266
265 297
298 265
266 267
266 297
612 266
267 268
612 267
268 269
285 268
268 286
268 612
269 270
269 284
269 285
270 271
284 270
271 272
282 271
271 283
271 284
272 273
272 282
273 274
273 281
282 273
274 275
278 274
279 274
280 274
274 281
275 276
277 275
278 275
276 277
277 278
278 279
279 280
280 281
281 282
282 283
283 284
284 285
285 286
286 287
288 286
294 286
286 612
287 288
288 289
288 294
289 290
289 293
289 294
290 291
290 293
291 292
291 293
292 293
293 294
294 295
612 294
295 296
612 295
296 297
612 296
297 298
297 612
298 299
299 300
300 301
301 302
302 303
303 304
304 305
305 306
306 307
307 308
308 309
309 310
310 311
311 312
312 313
313 314
314 315
315 316
316 317
317 318
318 319
319 320
320 321
321 322
322 323
323 324
324 325
325 326
326 327
327 328
328 329
328 678
329 330
675 329
678 329
330 331
330 675
745 330
746 330
331 332
746 331
332 333
746 332
333 334
333 746
334 335
576 334
334 645
334 655
334 746
335 336
335 645
336 337
645 336
656 336
337 338
656 337
338 339
338 656
339 340
636 339
656 339
339 657
340 341
657 340
341 342
657 341
342 343
657 342
342 668
343 344
668 343
343 669
344 345
669 344
345 346
345 640
669 345
346 347
640 346
347 348
347 349
347 627
640 347
348 349
349 350
351 349
349 627
350 351
351 352
351 627
750 351
352 353
750 352
352 751
353 354
751 353
354 355
751 354
355 356
747 355
355 751
356 357
356 747
357 358
357 359
747 357
358 359
359 360
359 584
359 747
360 361
584 360
712 360
361 362
361 712
362 363
712 362
363 364
363 580
712 363
364 365
580 364
365 366
365 580
365 601
366 367
366 589
601 366
367 368
367 589
368 369
589 368
369 370
369 589
369 752
370 371
752 370
371 372
752 371
754 371
372 373
372 754
373 374
754 373
374 375
754 374
757 374
375 376
375 757
375 770
376 377
376 770
377 378
768 377
377 770
771 377
378 379
378 771
379 380
725 379
379 771
380 381
725 380
381 382
381 725
382 383
382 723
382 725
383 384
723 383
383 726
384 385
384 726
385 386
385 628
385 726
386 387
386 388
628 386
387 388
388 389
628 388
389 390
392 389
606 389
389 628
390 391
392 390
391 392
392 393
392 606
393 394
606 393
393 777
394 395
777 394
395 396
571 395
395 764
395 777
396 397
396 398
396 399
396 764
397 398
398 399
399 400
399 764
400 401
400 764
401 402
764 401
402 403
405 402
402 763
402 764
402 766
403 404
403 405
404 405
405 406
405 766
406 407
406 766
767 406
407 408
407 767
408 409
756 408
767 408
409 410
756 409
410 411
756 410
411 412
411 718
756 411
412 413
412 718
413 414
718 413
413 719
414 415
414 719
415 416
417 415
418 415
415 719
416 417
417 418
418 419
719 418
419 420
719 419
420 421
420 594
719 420
421 422
421 594
422 423
425 422
594 422
423 424
425 423
424 425
425 426
425 594
426 427
428 426
594 426
427 428
428 429
428 594
429 430
429 594
430 431
430 594
430 718
431 432
431 718
431 756
432 433
756 432
433 434
433 756
434 435
756 434
767 434
435 436
435 767
436 437
436 766
436 767
437 438
766 437
438 439
438 763
766 438
439 440
439 763
765 439
440 441
765 440
441 442
765 441
442 443
442 765
443 444
443 765
778 443
444 445
778 444
445 446
778 445
446 447
446 448
720 446
778 446
447 448
448 449
448 720
721 448
449 450
721 449
450 451
721 450
451 452
451 721
722 451
452 453
452 722
453 454
453 722
454 455
722 454
724 454
455 456
724 455
456 457
456 724
769 456
457 458
457 769
458 459
458 769
772 458
459 460
772 459
460 461
772 460
461 462
575 461
755 461
772 461
462 463
755 462
463 464
463 755
464 465
464 753
755 464
465 466
753 465
466 467
466 753
467 468
467 717
753 467
468 469
468 717
469 470
717 469
470 471
470 717
471 472
471 714
717 471
472 473
714 472
473 474
473 714
715 473
474 475
715 474
475 476
715 475
476 477
476 593
605 476
715 476
477 478
477 583
477 605
478 479
478 583
479 480
479 583
480 481
583 480
480 643
481 482
481 643
737 481
482 483
735 482
737 482
482 775
483 484
483 773
483 775
484 485
773 484
484 776
485 486
776 485
486 487
776 486
487 488
487 776
488 489
488 609
488 776
489 490
609 489
490 491
604 490
490 609
491 492
491 604
492 493
592 492
492 602
604 492
493 494
493 592
494 495
592 494
495 496
495 592
496 497
496 592
496 758
497 498
758 497
497 759
498 499
498 759
499 500
499 759
500 501
500 759
501 502
501 503
682 501
501 759
502 503
503 504
682 503
504 505
504 682
683 504
505 506
505 683
506 507
683 506
507 508
683 507
508 509
508 683
509 510
509 574
683 509
727 509
510 511
727 510
511 512
511 598
511 727
512 513
598 512
513 514
513 598
514 515
598 514
515 516
515 578
515 598
515 690
516 517
516 690
517 518
517 690
518 519
690 518
519 520
689 519
690 519
693 519
520 521
520 693
521 522
521 693
522 523
693 522
523 524
523 572
523 613
523 693
524 525
524 613
525 526
613 525
526 527
573 526
526 613
526 614
527 528
614 527
528 529
528 614
529 530
570 529
614 529
530 531
570 530
531 532
570 531
696 531
532 533
696 532
533 534
585 533
533 696
534 535
585 534
697 534
535 536
535 537
697 535
536 537
537 538
539 537
697 537
538 539
539 540
539 542
539 543
539 697
540 541
540 542
541 542
542 543
543 544
697 543
544 545
697 544
545 546
545 697
546 547
546 585
697 546
547 548
585 547
548 549
550 686
730 550
731 550
550 733
742 550
610 551
551 734
738 551
551 739
774 551
551 775
552 625
626 552
552 637
647 552
660 552
661 552
619 553
553 646
553 667
676 553
553 698
553 700
701 553
554 619
554 633
554 636
554 644
654 554
555 578
588 555
555 598
555 600
555 688
727 555
582 556
556 602
603 556
604 556
607 556
556 630
599 557
557 641
557 642
670 557
557 695
557 749
589 558
601 558
713 558
714 558
717 558
558 752
597 559
628 559
559 720
721 559
722 559
559 723
726 559
560 722
723 560
560 724
560 725
560 768
560 769
560 771
647 561
561 659
664 561
679 561
561 743
744 561
702 562
562 703
562 704
562 734
736 562
740 562
647 563
660 563
563 662
563 664
563 671
563 672
637 564
649 564
564 650
651 564
564 665
565 622
624 565
639 565
706 565
565 707
581 566
566 590
615 566
632 566
566 662
566 663
567 591
567 620
621 567
567 622
567 779
781 567
782 567
568 682
568 685
568 758
568 759
760 568
569 592
569 602
569 603
758 569
761 569
762 569
614 570
696 570
764 571
571 765
571 777
571 778
613 572
692 572
572 693
573 613
614 573
600 574
683 574
684 574
727 574
575 755
757 575
770 575
575 772
655 576
576 686
576 733
745 576
746 576
577 582
608 577
610 577
577 617
739 577
578 598
687 578
578 688
689 578
690 578
579 583
599 579
579 605
579 695
710 579
748 579
601 580
711 580
712 580
580 713
580 716
581 615
632 581
582 607
608 582
617 582
582 630
583 599
605 583
643 583
584 710
584 711
712 584
584 747
584 748
585 696
585 697
607 586
586 608
586 609
610 586
774 586
776 586
587 619
587 633
634 587
587 699
700 587
600 588
588 688
589 601
589 752
590 615
590 631
590 663
590 780
590 783
591 620
591 622
706 591
602 592
592 758
593 605
710 593
713 593
715 593
593 716
718 594
594 719
653 595
728 595
730 595
731 595
732 595
596 640
641 596
596 658
596 669
596 670
606 597
597 628
720 597
777 597
597 778
727 598
642 599
599 643
599 695
600 727
601 713
603 602
602 604
630 603
603 762
607 604
604 609
710 605
628 606
606 777
607 608
609 607
610 608
609 776
610 739
774 610
615 631
632 616
662 616
672 616
633 618
634 618
644 618
618 728
618 729
619 633
619 636
619 646
700 619
621 620
782 621
622 624
706 622
622 781
624 623
625 623
661 623
623 663
779 623
623 780
623 781
625 624
624 639
624 781
626 625
625 639
661 625
626 637
626 638
626 639
626 649
707 626
640 627
627 641
749 627
627 750
726 628
629 642
643 629
670 629
629 677
736 629
737 629
783 631
632 662
633 634
633 644
644 635
645 635
655 635
635 728
635 733
636 646
654 636
656 636
636 657
637 647
637 649
659 637
665 637
638 649
638 650
638 707
708 638
707 639
641 640
669 640
670 641
641 749
642 643
642 670
643 737
645 644
644 654
728 644
645 654
645 655
656 645
657 646
667 646
668 646
659 647
647 660
647 664
651 648
659 648
648 665
731 648
648 742
743 648
650 649
650 651
652 650
652 651
651 653
651 665
651 731
653 652
652 666
653 666
653 731
732 653
654 656
733 655
657 668
658 667
668 658
658 669
670 658
676 658
659 665
743 659
661 660
662 660
662 661
661 663
662 663
662 672
663 780
671 664
673 664
664 679
667 668
676 667
669 668
670 676
677 670
672 671
671 673
673 675
679 673
676 674
674 677
674 701
702 674
674 736
675 678
679 675
675 744
675 745
676 677
676 701
677 736
744 679
704 680
680 734
741 680
682 681
683 681
681 684
685 681
682 683
682 685
682 759
683 684
685 684
760 685
686 733
742 686
743 686
686 744
686 745
687 688
687 689
691 687
689 690
689 691
692 689
693 689
692 691
692 693
694 695
694 747
748 694
749 694
751 694
695 748
749 695
699 698
700 698
701 698
705 698
699 700
702 701
703 701
701 705
703 702
736 702
703 704
703 705
734 704
707 706
706 709
708 707
707 709
708 709
710 711
710 716
710 748
711 712
711 716
713 714
715 713
713 716
714 715
714 717
717 752
717 753
719 718
756 718
721 720
778 720
721 722
723 722
724 722
725 723
726 723
724 769
771 725
729 728
728 730
732 728
733 728
729 732
730 731
733 730
742 731
734 738
734 740
734 741
734 775
735 736
735 737
740 735
735 775
737 736
740 736
738 739
738 741
740 775
743 742
743 744
744 745
746 745
747 748
747 751
750 749
749 751
751 750
752 753
754 752
753 754
755 753
755 754
757 754
757 755
767 756
757 770
759 758
760 758
758 761
761 760
762 761
764 763
765 763
766 763
765 764
765 778
766 767
769 768
770 768
771 768
772 768
772 769
770 772
774 773
775 773
773 776
774 775
776 774
777 778
779 780
781 779
779 782
779 783
783 780
782 783
