805
218 507
215 503
215 498
213 499
210 504
207 501
202 503
198 500
195 496
192 495
195 490
198 485
202 480
205 475
207 470
208 465
210 460
210 455
210 450
210 445
210 440
210 435
209 430
208 425
206 420
205 415
203 410
202 405
201 400
201 395
202 390
202 385
202 380
202 375
203 370
204 365
205 360
205 355
203 350
202 345
200 340
199 335
197 330
194 325
194 320
193 315
193 310
190 305
190 300
190 295
190 290
190 285
191 280
192 275
193 270
194 265
195 260
197 255
199 250
200 245
202 240
203 235
205 230
206 225
206 220
208 215
209 210
207 205
206 200
206 195
207 190
207 185
206 180
202 175
198 170
195 165
193 160
191 155
190 150
190 145
190 140
190 135
189 130
185 133
185 137
181 140
176 144
172 145
167 146
162 147
157 148
152 149
148 152
143 153
138 155
134 157
130 161
125 162
120 164
115 165
110 167
105 166
100 166
95 166
90 167
85 167
80 168
75 168
70 169
65 172
61 176
59 181
58 185
57 190
55 195
54 200
49 198
48 193
48 188
48 183
43 184
39 187
35 190
31 194
28 199
27 204
25 209
22 212
18 214
17 209
17 204
17 199
17 194
20 189
24 184
27 179
32 174
37 171
42 168
47 165
52 160
57 155
62 151
67 149
71 146
76 144
81 141
86 138
90 135
95 132
98 129
103 127
108 124
113 122
118 120
123 119
128 117
133 117
138 115
142 110
147 107
152 104
156 100
159 96
164 91
168 88
173 86
178 84
183 83
188 83
193 83
198 83
203 80
208 77
213 74
218 73
223 71
228 69
233 67
235 62
235 57
235 52
235 47
233 42
232 37
232 32
232 27
233 22
235 17
239 14
243 10
248 8
253 6
258 6
263 7
268 8
273 11
278 15
281 20
283 25
283 30
283 35
282 40
279 45
279 50
279 55
278 60
278 65
283 68
288 70
293 72
298 74
303 76
308 81
313 83
318 83
323 83
328 83
333 83
338 84
343 87
347 92
351 96
353 100
357 103
362 104
367 107
372 111
377 114
382 117
387 119
392 120
397 121
402 122
407 124
412 126
417 129
422 132
427 136
432 140
437 144
442 147
447 149
452 151
457 155
462 159
466 163
471 166
476 169
481 172
486 174
489 179
493 184
496 189
500 194
501 199
502 204
502 209
502 214
502 219
497 219
492 216
489 212
487 208
485 203
483 198
479 193
474 190
469 188
468 193
466 197
461 194
458 189
458 184
456 179
452 176
447 173
442 172
437 170
432 169
427 168
422 168
417 168
412 168
407 168
402 168
397 168
392 167
387 167
382 164
377 161
372 158
367 157
362 155
357 153
352 151
347 150
342 148
337 147
332 145
327 142
324 138
320 138
320 143
320 148
319 153
318 158
317 163
313 168
310 173
307 177
305 182
304 187
305 192
306 197
304 201
303 206
302 211
302 216
303 221
304 226
305 231
306 236
307 241
309 245
311 250
312 255
313 259
314 264
316 268
317 273
317 278
317 283
316 288
317 293
317 298
316 303
316 308
316 313
316 318
313 323
312 328
310 333
307 338
306 342
304 347
302 352
301 357
301 362
303 366
304 369
305 374
305 379
305 384
305 389
304 394
303 399
302 404
301 409
299 414
298 419
296 424
294 429
293 434
293 439
293 444
293 449
293 454
293 459
295 464
297 469
300 473
301 478
304 483
307 488
309 493
311 498
307 502
304 503
300 502
297 506
293 502
290 505
286 506
284 501
283 496
280 491
279 486
279 481
279 476
275 473
271 468
269 463
270 458
272 453
273 448
274 443
275 438
275 433
275 428
274 423
273 418
272 413
271 408
269 404
268 399
266 394
266 389
266 384
267 379
267 374
267 369
268 364
268 359
267 354
266 349
266 344
268 339
267 334
266 329
266 324
266 319
265 314
263 309
262 304
260 299
258 294
257 289
256 284
255 279
255 274
253 270
252 275
252 280
251 285
250 290
248 295
247 300
245 305
243 310
242 315
242 320
242 325
241 330
240 335
239 340
238 345
238 350
237 355
235 359
235 364
237 369
238 374
239 377
238 383
239 388
238 393
238 398
235 402
234 407
232 412
231 417
229 422
228 427
228 432
228 437
228 442
230 447
230 452
231 457
232 462
230 467
227 472
226 477
225 482
225 487
224 492
221 496
221 501
219 506
322 110.527
281.365 258.318
118.196 142.241
185.122 106.612
239.659 119.896
256.606 34.5
256.43 59.5
255.469 187.5
160.174 124.872
220.6 283.32
217.5 312.7
241.714 234.743
219.5 333.5
353.375 126.814
373.663 136.686
398.939 145.304
287.49 290.904
289.391 321.5
214.825 127.435
230.053 95.883
271.967 102.832
231.17 187.5
278.427 168.471
278.55 198.51
289.879 140.5
222.018 154.886
270.481 83.1982
219.959 391.986
172.142 130.296
297.686 274.438
291.732 195.081
140.126 134.409
220.862 461.036
285.149 390.37
284.254 347.451
281.352 461.915
337.53 105.352
108.701 152.511
124.79 151.022
246.186 25.6392
269.01 27.598
207.334 321.45
206.444 300.517
225.539 223.708
337.859 130.232
390.3 154.499
301.709 314.163
300.157 155.328
129.879 140.334
293.602 489.664
291.341 94.1561
162.431 135.81
151.45 132.373
171.954 114.794
217.064 470.363
217.671 323.18
229.334 317.748
207.164 310.972
401.637 156.495
386.019 141.821
122.372 131.083
138.902 144.116
144.127 124.15
415.177 147.31
376.365 147.619
383.568 130.284
373.146 125.022
363.746 131.282
363.697 143.173
51.4212 173.782
212.763 485.921
467.178 176.743
288.216 208.62
281.677 183.477
282.831 451.563
287.07 470.108
105.369 139.906
94.6481 149.483
117.096 155.555
244.704 37.9392
253.765 46.9806
266.167 43.2403
246.075 55.161
209.075 331.859
347.559 137.338
325.313 124.095
343.236 117.719
300.362 325.91
290.273 335.158
288.617 306.191
183.617 118.877
201.5 114.847
193.484 120.966
160.102 112.864
172.706 101.316
147.589 140.823
412.161 157.436
362.617 118.824
204.999 491.594
476.188 180.49
264.78 221.352
269.065 188.695
292.555 173.266
290.823 479.723
100.439 156.732
273.016 36.4058
303.656 123.787
332.193 115.227
347.236 108.374
279.183 337.348
294.068 344.636
278.322 314.386
278.764 325.866
275.686 300.51
301.488 297.557
202.22 130.584
206.893 122.485
218.094 108.854
211.98 142.848
150.644 116.426
164.049 104.519
182.769 94.9254
197.493 98.0412
274.768 211.802
263.52 173.849
288.807 161.098
273.083 149.953
290.75 150.872
278.995 158.277
266.239 161.076
243.44 162.899
255.111 165.383
246.627 176.582
253.324 145.12
262.352 151.017
251.109 155.526
236.717 148.231
293.373 184.22
314.547 119.536
312.434 130.197
301.459 136.011
303.22 106.594
272.577 284.635
292.597 298.213
298.302 286.209
306.67 279.87
306.574 305.794
207.407 156.865
200.967 141.596
191.133 91.7494
194.917 107.536
285.45 226.94
258.566 204.854
273.242 177.449
255.583 178.368
243.32 188.3
250.021 197.426
242.376 214.848
248.914 207.328
253.605 218.008
235.052 201.879
255.519 231.96
245.602 224.914
235.434 226.575
232.305 172.706
225.093 142.117
218.176 136.023
228.293 127.128
278.363 291.744
268.427 293.689
216.494 169.028
275.533 222.6
273.254 241.307
269.074 231.305
291.779 218.527
261.629 195.354
268.966 202.967
265.187 211.779
230.62 212.935
219.433 214.243
220.714 198.037
252.142 250.84
231.923 161.047
221.37 119.008
240.866 134.342
207.093 166.576
222.417 179.388
250.105 240.733
261.66 241.806
268.004 254.249
231.732 135.698
244.32 142.938
217.2 188.314
270.697 269.381
284.222 271.748
265.071 277.817
261.621 263.191
289.431 280.716
276.435 276.416
326.123 97.0083
314.241 100.773
312.167 110.191
303.73 94.2153
297.577 85.3395
336.342 95.0069
221.197 298.237
214.573 304.248
212.543 291.113
201.275 290.484
233.831 290.261
231.386 305.44
234.595 272.723
217.48 260.292
237.787 298.684
230.089 281.312
229.8 328.984
132.237 127.476
408.15 137.466
396.629 133.259
112.535 132.921
267.254 54.9363
301.174 166.339
213.682 92.7873
204.068 90.7336
231.512 109.227
250.844 100.361
239.704 101.58
246.344 110.754
260.347 110.647
277.341 123.37
254.758 125.907
266.294 136.122
271.066 114.04
286.651 109.653
266.002 124.22
245.711 126.664
253.392 116.753
256.387 135.689
277.963 138.975
207.183 104.612
199.753 151.101
290.146 243.287
207.077 276.489
199.786 281.667
217.848 271.968
242.247 260.882
238.669 247.88
226.521 238.826
229.847 261.263
224.463 250.596
211.966 248.959
207.057 258.355
216.805 231.866
215.106 222.605
211.399 239.567
203.454 267.426
223.706 84.6102
214.512 83.5723
240.832 82.3909
244.317 92.2234
255.66 82.6694
232.718 86.9597
262.688 93.6613
248.466 70.8328
263.485 71.332
239.645 73.3068
268.901 63.9462
273.13 73.6404
220.901 99.4439
282.269 99.8688
274.646 92.7563
294.071 103.44
296.274 115.373
291.033 127.416
282.536 130.978
286.007 119.234
282.359 236.676
294.34 233.235
296.743 257.222
288.68 252.511
299.268 247.498
292.352 266.096
303.456 265.488
286.096 405.623
292.686 397.558
278.464 398.441
285.307 417.905
284.555 427.447
284.561 364.009
277.991 355.849
290.695 355.613
258.202 19.5757
249.393 17.0562
267.427 18.4389
283.963 82.8674
427.365 154.069
424.284 145.256
438.416 158.264
448.678 162.154
83.0411 154.506
72.9928 157.661
308.045 146.158
298.481 145.154
280.712 377.282
275.899 386.21
276.447 368.851
292.484 373.501
294.131 384.247
220.92 350.097
227.556 341.17
212.839 342.429
219.535 365.581
214.43 357.321
225.577 358.318
224.602 378.706
228.998 387.695
213.468 382.265
227.747 369.951
212.519 372.475
217.781 406.926
225.223 400.383
211.488 398.38
217.803 418.621
275.417 267.556
121.778 140.89
805
218.408 506.962
216.469 501.987
212.214 490.95
207.806 494.377
205.753 496
208.603 493.742
203.02 494.312
202.541 494.361
198.352 494.786
190.008 495.63
199.801 494.639
206.974 493.935
212.55 490.461
215.529 481.367
217.941 473.301
219.687 467.451
221.609 460.982
221.266 454.55
221.188 453.871
219.635 445.196
219.028 440.412
218.475 434.959
217.741 425.568
217.569 423.096
217.224 417.508
217.447 411.706
217.606 406.167
218.105 402.984
218.449 400.776
218.805 398.58
219.23 395.857
220.625 386.944
221.314 379.873
221.4 378.171
221.53 375.489
221.481 369.635
221.401 363.306
221.114 349.662
221.018 346.011
220.768 340.237
219.746 335.254
218.701 330.094
216.942 323.426
216.105 320.789
215.815 318.98
214.699 313.866
212.416 305.056
210.352 298.651
209.151 295.164
208.649 293.512
207.573 289.936
207.05 287.157
206.758 284.53
207.292 277.569
207.466 275.189
207.789 270.748
209.179 267.48
211.211 263.131
214.731 256.172
217.544 250.264
219.689 245.293
221.796 240.948
224.986 235.3
227.252 229.235
227.874 226.944
231.307 221.268
234.783 209.627
234.941 201.139
233.836 199.392
234.202 198.85
235.785 193.504
235.163 181.509
233.654 170.419
220.76 156.277
212.953 151.089
209.404 149.724
206.99 149.792
203.974 150.633
204.302 150.473
210.292 145.579
216.453 136.614
215.367 116.304
189.553 98.8991
168.24 112.657
161.62 120.213
161.197 120.685
159.498 124.096
159.275 124.3
158.77 124.629
156.394 125.652
150.913 128.796
144.308 132.658
139.495 134.843
135.07 136.749
124.401 140.96
121.3 142.171
117.254 143.789
115.746 144.638
112.283 146.523
109.042 148.352
107.104 149.326
105.247 149.878
100.28 151.425
94.074 152.822
87.8617 153.957
82.2043 154.99
77.1197 155.705
71.8564 156.383
65.8389 159.417
61.2311 162.662
52.8089 171.545
50.1996 176.072
51.8003 183.176
53.1328 189.663
52.0681 196.25
51.8782 199.668
51.9559 197.026
52.2056 194.522
52.1879 187.941
39.3482 187.31
43.2668 175.958
39.0433 177.887
30.515 183.46
27.0894 193.725
20.4918 205.282
21.2184 201.319
21.2234 208.106
20.596 210.796
18.3787 214.099
19.7118 211.672
21.3019 204.636
21.1304 198.484
21.576 196.056
23.6779 192.985
27.8091 187.048
31.3791 182.45
35.8758 179.218
40.5724 176.681
45.5324 175.387
51.8515 172.742
57.5576 165.647
64.474 160.192
68.0825 158.191
69.6284 157.302
72.9393 156.261
78.5172 155.512
86.9817 154.116
95.2249 152.586
103.753 150.09
106.483 149.191
108.508 148.526
111.483 146.895
116.034 144.132
119.35 142.795
122.352 141.585
125.891 140.33
129.517 139.027
135.396 136.546
147.453 131.031
155.339 125.602
158.986 122.241
165.543 114.919
170.985 106.718
173.333 102.597
175.955 97.2499
175.584 97.2794
176.355 96.6083
177.152 95.6791
177.461 95.6535
180.724 96.0217
186.53 96.6972
197.747 96.9205
209.286 95.6651
215.675 93.6173
216.486 92.2066
219.408 93.9339
228.091 95.0795
239.737 94.385
252.731 85.7117
258.133 67.3055
257.949 51.9636
257.614 42.1186
257.185 32.851
256.175 23.5837
253.578 22.5356
252.742 22.122
248.973 21.0515
247.208 20.733
248.013 20.8746
251.086 20.9396
252.331 20.8349
254.055 20.6825
255.551 20.8146
256.207 20.9678
260.489 21.8018
261.59 21.9238
263.414 22.31
265.801 22.8875
266.616 23.0902
268.617 23.2898
267.307 23.1933
267.574 23.3131
265.82 23.8091
260.063 28.1685
258.038 38.8614
257.641 45.8576
257.972 56.9871
260.731 76.5919
269.996 90.9368
278.63 97.1182
284.845 96.9144
288.337 96.4128
288.74 96.6426
296.721 101.449
311.937 104.854
324.399 103.811
332.166 101.291
335.381 96.73
337.042 90.9016
337.303 90.0294
336.977 91.095
334.415 100.389
333.951 104.834
338.271 109.102
348.273 118.966
350.4 121.061
353.676 124.337
359.77 129.09
367.135 133.36
376.001 137.74
385.178 141.833
391.549 143.856
396.25 145.337
398.732 145.853
399.974 146.112
403.899 146.941
407.255 147.619
411.494 148.348
417.198 150.037
423.581 152.024
427.321 153.24
439.818 157.316
445.155 159.147
448.117 160.008
451.255 162.004
453.655 163.93
453.769 164.524
466.379 174.782
472.233 177.756
478.225 179.74
480.885 181.014
482.029 181.537
487.79 186.285
492.038 193.101
493.873 197.992
494.849 200.866
496.44 211.866
494.882 210.49
498.005 215.422
500.939 220.026
498.715 216.538
496.351 212.826
494.881 210.463
494.871 206.882
494.363 199.481
494.89 204.195
486.928 184.949
477.427 179.567
468.347 176.983
464.173 193.975
464.934 197.251
465.134 191.428
465.72 187.369
468.295 177.391
465.177 173.724
454.415 164.554
452.008 162.634
446.982 159.774
442.405 158.197
436.176 156.129
429.256 153.864
420.343 151.037
417.821 150.246
412.811 148.692
407.932 147.958
403.273 147.291
400.711 147.122
398.087 147.008
397.844 147.111
397.18 146.348
390.806 143.868
382.426 140.725
375.898 137.84
371.121 135.78
366.196 133.113
358.879 128.375
356.76 127.019
353.383 124.602
349.899 120.79
348.69 119.493
343.815 114.963
330.882 107.011
300.568 105.067
295.857 128.758
293.402 142.731
294.145 144.901
295.045 148.669
295.135 148.983
292.279 149.538
287.839 153.572
282.142 161.068
277.086 174.208
276.01 188.449
281.565 196.192
284.341 197.191
282.342 196.55
276.066 199.93
273.362 208.287
274.305 218.803
276.907 226.93
278.008 229.82
281.264 238.242
286.035 247.108
287.776 250.251
290.663 255.378
292.393 259.251
294.659 265.03
295.352 266.861
297.162 271.994
297.888 274.488
298.096 277.224
298.053 278.099
297.176 280.864
295.516 288.128
295.435 295.814
295.428 300.748
295.558 305.665
295.681 310.945
295.622 314.07
295.599 314.406
294.41 316.609
293.18 320.946
291.915 324.503
289.364 331.387
288.026 335.174
286.36 340.316
284.352 348.397
282.57 358.555
283.624 369.818
284.494 375.429
284.593 375.773
284.648 377.378
284.742 380.81
284.914 384.915
284.952 388.206
284.969 390.055
285.018 396.42
285.479 401.219
285.892 405.365
285.807 411.011
285.789 416.547
285.471 421.135
284.897 427.363
284.532 433.949
284.243 439.356
282.955 446.477
282.518 448.871
281.52 454.147
279.047 461.056
283.809 467.38
288.276 476.117
289.268 478.062
291.293 483.001
293.459 492.153
298.553 495.254
300.66 496.371
309.152 500.492
306.726 499.368
304.631 498.413
298.443 495.437
298.582 495.517
295.135 493.933
289.379 502.091
285.77 506.639
288.218 503.553
294.617 493.679
292.667 488.969
292.277 487.28
290.661 480.89
286.059 471.772
281.554 463.509
277.947 461.417
277.174 461.586
278.298 461.345
280.865 457.319
282.124 451.031
283.168 445.309
284.238 439.418
284.535 433.871
284.834 428.19
285.358 422.379
285.781 416.899
285.807 410.423
285.506 401.118
285.263 398.954
284.955 394.976
284.855 390.953
284.834 390.076
284.851 387.89
284.777 382.786
284.322 376.58
283.805 372.386
283.32 366.76
282.578 359.028
282.559 353.161
282.787 351.64
283.897 348.239
285.624 342.545
289.037 332.429
289.76 330.413
291.015 326.57
292.773 319.658
294.039 306.712
294.065 303.155
293.602 296.796
292.119 291.247
291.652 289.088
291.977 285.853
291.345 278.236
290.808 269.134
277.591 253.943
229.333 249.778
224.802 253.752
211.845 270.493
209.837 279.136
210.495 286.746
211.52 292.674
212.366 296.438
212.62 299.429
213.401 306.133
215.519 316.084
217.297 323.809
218.235 327.476
218.918 330.131
219.581 333.758
220.409 338.303
220.994 343.974
221.084 347.405
221.211 352.294
221.319 357.397
221.443 368.164
221.52 375.998
221.558 378.793
221.572 379.066
221.087 383.792
220.36 389.042
219.859 392.153
219.704 393.093
219.235 395.834
218.38 401.635
217.451 410.845
217.357 413.84
217.35 420.128
217.839 426.993
219.511 442.972
218.908 439.274
220.374 449.33
220.725 449.859
221.468 456.383
221.73 458.751
221.939 459.893
221.705 460.597
220.657 464.144
217.07 476.21
215.635 481.011
213.431 488.386
212.929 490.006
212.141 490.643
217.068 503.525
218.192 506.407
325.302 105.06
286.061 253.11
116.203 144.122
181.086 98.6068
224.767 122.751
258.374 24.7749
257.973 56.0464
262.113 189.63
158.309 123.941
208.363 281.572
213.695 309.95
237.03 221.091
219.438 333.117
354.253 125.192
376.094 138.003
398.587 146.431
294.293 291.549
293.609 319.207
218.562 116.444
255.111 112
271.733 101.932
236.6 185.179
280.875 160.314
271.219 198.128
287.207 133.211
216.796 150.664
265.053 89.9285
219.755 392.665
161.682 119.62
296.521 277.329
279.32 196.918
138.403 135.377
219.182 469.114
284.906 390.339
284.253 347.476
280.098 460.943
333.528 106.049
45.3333 176.889
120.611 142.435
250.355 21.1225
264.05 23.3831
216.22 320.897
210.598 298.964
232.597 220.066
351.356 121.861
397.742 146.688
295.259 314.08
293.324 148.391
124.95 140.712
292.854 499.15
287.037 97.7875
158.232 124.729
149.848 129.56
165.158 115.161
216.606 477.754
217.398 324.691
216.848 322.823
215.084 315.656
402.078 147.207
389.957 143.657
123.443 141.239
139.091 134.614
148.021 130.569
415.256 149.652
386.786 142.366
378.954 139.119
364.176 131.642
364.329 131.992
363.064 129.472
52.0456 172.492
210.65 498.546
468.325 176.492
273.151 207.753
274.409 183.945
281.831 452.327
283.12 466.298
110.184 147.648
97.1698 151.958
113.178 146.051
258.519 23.2522
257.674 36.5304
259.31 29.0491
257.701 40.4469
219.115 332.08
353.788 124.912
322.481 108.888
343.062 113.961
292.884 321.797
285.993 341.813
295.194 307.658
175.111 112
199.893 101.314
187.754 97.798
165.636 114.814
175.741 98.6229
147.409 130.833
412.884 148.706
356.705 126.88
207.744 494.114
480.889 190.222
263.192 215.013
266.138 188.189
278.738 168.861
287.042 474.74
102.835 150.632
265.882 23.4723
300.878 111.472
333.356 107.139
344.784 115.565
286.131 340.9
285.163 344.955
294.505 288.987
289.943 329.805
294.261 302.875
295.108 300.415
211.009 110.474
205.122 105.04
213.838 104.071
219.565 132.938
157.574 123.628
171.86 105.265
178.015 96.0268
192.983 97.0454
271.11 209.521
270.233 179.072
285.333 153.795
274.771 149.54
292.042 138.036
276.758 153.637
265.616 158.164
239.587 158.211
252.654 167.034
252.036 176.271
248.632 139.633
272.684 167.399
251.299 152.348
236.994 143.572
275.825 185.617
314.492 107.552
304.089 110.666
295.061 124.995
304.027 105.566
291.68 280.999
294.873 300.257
295.428 291.606
297.774 276.622
295.596 307.749
209.667 148.504
216.48 137.102
177.9 97.6885
190.785 97.9677
276.274 228.803
265.622 197.592
269.607 175.932
255.776 177.42
248.727 192.382
251.006 197.037
244.464 217.559
249.592 206.498
253.046 215.644
237.264 192.859
265.719 220.573
245.092 221.495
236.762 224.572
253.422 188.387
226.516 136.318
221.395 128.455
224.87 115.364
294.19 296.988
291.885 289.953
222.633 156.669
272.941 223.264
273.327 237.342
273.904 233.884
275.328 224.346
260.544 195.07
274.575 200.933
263.213 210.8
235.45 213.753
233.707 214.135
234.972 199.251
248.875 232.159
234.563 156.499
221.466 110.878
0 0
217.868 154.097
235.597 174.295
248.141 230.515
261.799 233.347
272.918 243.912
229.05 132.959
243.975 138.297
236.326 191.19
284.705 260.249
292.299 269.994
290.653 268.596
259.556 188.444
294.418 280.492
294.525 273.523
328.093 102.776
314.665 105.097
314.501 105.953
301.416 104.012
289.715 97.4999
335.863 95.0227
209.279 287.981
211.583 301.819
208.822 291.944
208.465 292.711
211.641 293.502
217.395 324.723
218.876 254.96
213.44 260.116
212.471 298.08
209.847 278.448
219.262 332.048
133.094 137.546
402.939 146.739
396.706 145.503
115.926 144.199
257.826 42.8775
287.76 153.412
215.084 94.4352
203.538 97.9497
230.999 105.156
252.049 99.1926
240.521 100.312
243.53 103.573
277.041 121.797
280.713 120.936
254.9 120.639
264.265 124.959
275.786 103.203
279.766 100.461
266.834 119.019
250.074 120.887
253.602 112.015
256.55 130.771
278.069 133.141
204.841 99.2651
208.128 147.696
286.382 248.65
207.575 278.488
207.262 282.139
208.043 274.277
234.03 240.292
234.419 237.842
223.612 239.609
220.131 247.683
219.732 248.946
217.615 250.497
212.543 260.619
225.488 234.636
227.728 228.034
220.588 243.519
207.869 270.947
226.152 95.2441
217.136 93.0039
249.221 90.5403
246.785 100.301
257.774 86.4488
238.365 95.2652
259.399 46.3459
258.16 55.1512
259.32 76.6759
254.412 87.2564
259.428 67.7488
266.944 89.1841
219.705 98.728
281.372 101.172
272.187 96.7277
293.917 103.814
292.653 101.512
286.708 131.954
282.976 124.329
286.905 113.307
277.954 237.177
278.747 233.739
292.416 260.268
287.802 254.059
288.081 250.871
293.552 264.054
295.707 268.114
285.269 397.58
284.949 393.067
285.041 396.82
294.222 333.333
295.111 456.889
283.514 368.879
282.561 358.248
282.5 357.011
254.914 21.4361
252.477 20.8629
261.818 22.0648
275.213 96.9981
391.111 144
418.945 150.562
443.228 158.484
447.918 160.064
77.8542 156.673
65.6929 159.969
294.126 129.785
290.482 137.288
284.875 386.115
284.855 389.496
283.682 370.529
284.543 376.337
284.827 382.987
221.152 350.36
220.862 341.154
220.615 339.482
221.469 368.488
221.339 358.282
220.444 332.444
221.47 378.789
220.745 386.251
220.839 385.542
221.469 374.51
221.422 377.737
217.937 405.736
214.881 460.542
218.779 398.712
218.847 450.869
294.222 248.889
121.778 139.556
1930
0 0
0 0
0 0
0 0
0 0
0 0
0 0
0 0
0 0
0 0
0 0
0 0
0 0
0 0
0 0
0 0
0 0
0 0
0 0
0 0
0 0
0 0
0 0
0 0
0 0
0 0
0 0
0 0
0 0
0 0
0 0
0 0
0 0
0 0
0 0
0 0
0 0
0 0
0 0
0 0
0 0
0 0
0 0
0 0
0 0
0 0
0 0
0 0
0 0
0 0
0 0
0 0
0 0
0 0
0 0
0 0
0 0
0 0
0 0
0 0
0 0
0 0
0 0
0 0
0 0
0 0
0 0
0 0
0 0
0 0
0 0
0 0
0 0
0 0
0 0
0 0
0 0
0 0
0 0
0 0
0 0
0 0
0 0
0 0
0 0
0 0
0 0
0 0
800 793
0 0
0 0
0 0
0 0
0 0
0 0
0 0
0 0
0 0
0 0
0 0
0 0
0 0
0 0
0 0
0 0
0 0
0 0
0 0
0 0
0 0
0 0
0 0
0 0
0 0
0 0
0 0
0 0
0 0
0 0
0 0
0 0
0 0
0 0
0 0
0 0
0 0
0 0
0 0
0 0
0 0
0 0
793 431
0 0
0 0
0 0
0 0
0 0
0 0
0 0
0 0
0 0
0 0
0 0
0 0
0 0
0 0
0 0
0 0
0 0
0 0
0 0
0 0
0 0
0 0
0 0
0 0
0 0
0 0
0 0
0 0
0 0
0 0
0 0
0 0
0 0
0 0
431 676
0 0
0 0
0 0
0 0
0 0
0 0
0 0
0 0
0 0
0 0
0 0
0 0
0 0
0 0
0 0
0 0
0 0
0 0
0 0
0 0
0 0
0 0
0 0
0 0
0 0
0 0
0 0
0 0
0 0
0 0
0 0
0 0
676 499
0 0
0 0
0 0
0 0
499 570
0 0
0 0
0 0
0 0
0 0
0 0
0 0
0 0
0 0
0 0
0 0
0 0
0 0
0 0
0 0
0 0
0 0
0 0
0 0
0 0
0 0
0 0
0 0
0 0
0 0
0 0
0 0
0 0
0 0
0 0
0 0
0 0
0 0
0 0
0 0
0 0
0 0
0 0
0 0
0 0
0 0
0 0
0 0
0 0
0 0
0 0
0 0
0 0
0 0
0 0
0 0
0 0
0 0
0 0
0 0
0 0
0 0
0 0
0 0
0 0
0 0
0 0
0 0
0 0
0 0
0 0
0 0
0 0
0 0
0 0
0 0
0 0
0 0
0 0
0 0
0 0
0 0
0 0
0 0
0 0
0 0
0 0
0 0
0 0
0 0
0 0
0 0
0 0
0 0
0 0
0 0
0 0
0 0
0 0
0 0
0 0
0 0
0 0
0 0
0 0
0 0
0 0
0 0
0 0
0 0
0 0
0 0
0 0
0 0
0 0
0 0
0 0
0 0
0 0
0 0
0 0
0 0
0 0
0 0
0 0
0 0
0 0
0 0
0 0
0 0
0 0
0 0
0 0
0 0
0 0
0 0
0 0
0 0
0 0
0 0
0 0
0 0
0 0
0 0
0 0
0 0
0 0
0 0
0 0
0 0
0 0
0 0
0 0
0 0
0 0
0 0
0 0
0 0
0 0
0 0
0 0
0 0
0 0
0 0
0 0
0 0
0 0
0 0
0 0
0 0
0 0
0 0
0 0
0 0
0 0
0 0
0 0
0 0
0 0
0 0
0 0
0 0
0 0
0 0
0 0
0 0
0 0
0 0
0 0
0 0
0 0
0 0
0 0
0 0
0 0
0 0
0 0
0 0
0 0
0 0
0 0
0 0
0 0
0 0
0 0
0 0
0 0
0 0
0 0
0 0
0 0
0 0
0 0
0 0
0 0
0 0
0 0
0 0
0 0
0 0
0 0
0 0
0 0
0 0
0 0
0 0
0 0
0 0
0 0
499 742
0 0
0 0
0 0
0 0
0 0
0 0
0 0
0 0
0 0
0 0
0 0
0 0
0 0
0 0
0 0
0 0
0 0
0 0
0 0
0 0
0 0
0 0
0 0
0 0
0 0
0 0
0 0
0 0
0 0
0 0
0 0
0 0
0 0
0 0
0 0
0 0
0 0
0 0
0 0
0 0
0 0
0 0
0 0
0 0
0 0
0 0
0 0
0 0
0 0
0 0
0 0
0 0
0 0
0 0
0 0
0 0
0 0
0 0
0 0
0 0
0 0
0 0
0 0
0 0
0 0
0 0
0 0
0 0
0 0
0 0
0 0
0 0
0 0
0 0
0 0
0 0
0 0
0 0
0 0
499 565
0 0
0 0
0 0
0 0
0 0
0 0
0 0
0 0
0 0
0 0
0 0
0 0
0 0
0 0
0 0
0 0
0 0
0 0
0 0
0 0
0 0
0 0
0 0
0 0
0 0
0 0
0 0
0 0
0 0
0 0
0 0
565 775
0 0
0 0
0 0
0 0
0 0
0 0
0 0
0 0
0 0
0 0
0 0
0 0
0 0
0 0
0 0
0 0
0 0
0 0
0 0
0 0
0 0
0 0
0 0
0 0
0 0
0 0
0 0
0 0
0 0
0 0
0 0
0 0
0 0
0 0
0 0
0 0
0 0
0 0
0 0
0 0
0 0
0 0
0 0
0 0
0 0
0 0
0 0
0 0
0 0
775 579
0 0
0 0
0 0
0 0
0 0
0 0
0 0
0 0
0 0
0 0
0 0
0 0
0 0
0 0
0 0
0 0
0 0
0 0
0 0
0 0
0 0
0 0
0 0
0 0
0 0
0 0
0 0
0 0
0 0
0 0
0 0
0 0
0 0
0 0
0 0
0 0
0 0
0 0
0 0
0 0
0 0
0 0
0 0
0 0
0 0
0 0
0 0
0 0
0 0
0 0
0 0
0 0
0 0
0 0
0 0
0 0
0 0
0 0
0 0
0 0
0 0
0 0
0 0
0 0
0 0
0 0
0 0
0 0
0 0
0 0
0 0
0 0
0 0
0 0
0 0
0 0
0 0
0 0
0 0
0 0
0 0
0 0
0 0
0 0
0 0
0 0
0 0
0 0
0 0
0 0
0 0
0 0
0 0
0 0
0 0
0 0
0 0
0 0
0 0
0 0
0 0
0 0
0 0
0 0
0 0
0 0
0 0
0 0
0 0
0 0
0 0
0 0
0 0
0 0
0 0
0 0
0 0
0 0
0 0
0 0
0 0
0 0
0 0
0 0
0 0
0 0
0 0
0 0
0 0
0 0
0 0
0 0
0 0
0 0
0 0
0 0
0 0
0 0
0 0
0 0
0 0
0 0
0 0
0 0
0 0
0 0
0 0
0 0
0 0
0 0
0 0
0 0
0 0
0 0
0 0
0 0
0 0
0 0
0 0
0 0
0 0
0 0
0 0
0 0
0 0
0 0
0 0
0 0
0 0
0 0
0 0
0 0
0 0
0 0
0 0
0 0
0 0
0 0
0 0
0 0
0 0
0 0
0 0
0 0
0 0
0 0
0 0
0 0
0 0
0 0
0 0
0 0
0 0
0 0
0 0
0 0
0 0
0 0
0 0
0 0
0 0
0 0
0 0
0 0
0 0
0 0
0 0
0 0
0 0
0 0
0 0
0 0
0 0
0 0
0 0
0 0
0 0
0 0
0 0
0 0
0 0
0 0
0 0
0 0
0 0
0 0
0 0
0 0
0 0
0 0
0 0
0 0
0 0
0 0
0 0
0 0
0 0
0 0
0 0
0 0
0 0
0 0
0 0
0 0
0 0
0 0
0 0
0 0
0 0
0 0
0 0
0 0
0 0
0 0
0 0
0 0
0 0
0 0
0 0
0 0
0 0
0 0
0 0
0 0
0 0
0 0
0 0
0 0
0 0
0 0
0 0
0 0
0 0
0 0
0 0
0 0
0 0
0 0
0 0
766 767
0 0
0 0
0 0
0 0
0 0
0 0
0 0
0 0
0 0
0 0
0 0
0 0
0 0
0 0
0 0
0 0
0 0
0 0
0 0
0 0
0 0
0 0
0 0
0 0
0 0
0 0
0 0
0 0
0 0
0 0
0 0
0 0
0 0
0 0
0 0
0 0
0 0
0 0
0 0
0 0
0 0
0 0
0 0
0 0
0 0
0 0
0 0
0 0
0 0
0 0
0 0
0 0
0 0
0 0
0 0
0 0
0 0
0 0
0 0
0 0
0 0
0 0
0 0
0 0
0 0
0 0
0 0
0 0
0 0
0 0
0 0
0 0
0 0
0 0
0 0
0 0
0 0
0 0
0 0
0 0
0 0
0 0
0 0
0 0
0 0
0 0
0 0
0 0
0 0
0 0
0 0
0 0
0 0
0 0
0 0
0 0
0 0
0 0
0 0
0 0
0 0
0 0
0 0
0 0
0 0
0 0
0 0
0 0
0 0
0 0
0 0
0 0
0 0
0 0
0 0
0 0
0 0
0 0
0 0
0 0
0 0
0 0
0 0
0 0
0 0
0 0
0 0
0 0
0 0
0 0
0 0
0 0
0 0
0 0
0 0
0 0
0 0
0 0
0 0
0 0
0 0
0 0
0 0
0 0
0 0
0 0
0 0
0 0
0 0
0 0
0 0
0 0
0 0
0 0
0 0
0 0
0 0
0 0
0 0
0 0
0 0
0 0
0 0
0 0
0 0
0 0
0 0
0 0
0 0
0 0
0 0
0 0
0 0
0 0
0 0
0 0
0 0
0 0
0 0
0 0
0 0
0 0
0 0
0 0
0 0
0 0
0 0
0 0
0 0
0 0
0 0
0 0
0 0
0 0
0 0
0 0
0 0
0 0
0 0
0 0
0 0
0 0
0 0
0 0
0 0
0 0
0 0
0 0
0 0
0 0
0 0
0 0
0 0
0 0
0 0
0 0
0 0
0 0
0 0
0 0
0 0
0 0
0 0
0 0
0 0
0 0
0 0
0 0
0 0
0 0
0 0
0 0
0 0
0 0
0 0
0 0
0 0
0 0
0 0
0 0
0 0
0 0
0 0
0 0
0 0
0 0
0 0
0 0
0 0
0 0
0 0
0 0
0 0
0 0
0 0
0 0
0 0
0 0
0 0
0 0
0 0
0 0
0 0
0 0
0 0
0 0
0 0
0 0
0 0
0 0
0 0
0 0
0 0
0 0
0 0
0 0
0 0
0 0
0 0
0 0
0 0
0 0
0 0
0 0
0 0
0 0
0 0
0 0
0 0
0 0
0 0
0 0
0 0
0 0
0 0
0 0
0 0
0 0
0 0
0 0
0 0
0 0
0 0
0 0
0 0
0 0
0 0
0 0
0 0
0 0
0 0
0 0
0 0
0 0
0 0
0 0
0 0
0 0
0 0
0 0
0 0
0 0
0 0
0 0
0 0
0 0
0 0
0 0
0 0
0 0
0 0
0 0
0 0
0 0
0 0
0 0
0 0
0 0
0 0
0 0
0 0
0 0
0 0
0 0
0 0
0 0
0 0
0 0
0 0
0 0
0 0
0 0
0 0
0 0
0 0
0 0
0 0
0 0
0 0
0 0
0 0
0 0
0 0
0 0
0 0
0 0
0 0
0 0
0 0
0 0
0 0
0 0
0 0
0 0
0 0
0 0
0 0
0 0
0 0
0 0
0 0
0 0
0 0
0 0
0 0
0 0
0 0
0 0
0 0
0 0
0 0
0 0
0 0
0 0
0 0
0 0
0 0
0 0
0 0
0 0
0 0
0 0
0 0
0 0
0 0
0 0
0 0
0 0
0 0
0 0
0 0
0 0
0 0
0 0
0 0
0 0
0 0
0 0
0 0
0 0
0 0
0 0
0 0
0 0
0 0
0 0
0 0
0 0
0 0
0 0
0 0
0 0
0 0
0 0
0 0
0 0
0 0
0 0
0 0
0 0
0 0
0 0
0 0
0 0
0 0
0 0
0 0
0 0
0 0
0 0
0 0
0 0
0 0
0 0
0 0
0 0
0 0
0 0
0 0
0 0
0 0
0 0
0 0
0 0
0 0
0 0
0 0
0 0
0 0
0 0
0 0
0 0
0 0
0 0
0 0
0 0
0 0
0 0
0 0
0 0
0 0
0 0
0 0
0 0
0 0
0 0
0 0
0 0
0 0
0 0
0 0
0 0
0 0
0 0
0 0
0 0
0 0
0 0
0 0
0 0
0 0
0 0
0 0
0 0
0 0
0 0
0 0
0 0
0 0
0 0
0 0
0 0
0 0
0 0
0 0
0 0
0 0
0 0
0 0
0 0
0 0
0 0
0 0
0 0
0 0
0 0
0 0
0 0
0 0
0 0
0 0
0 0
0 0
0 0
0 0
0 0
0 0
0 0
0 0
0 0
0 0
0 0
0 0
0 0
0 0
0 0
0 0
0 0
0 0
0 0
0 0
0 0
0 0
0 0
0 0
0 0
0 0
0 0
0 0
0 0
0 0
0 0
0 0
0 0
0 0
0 0
0 0
0 0
0 0
0 0
0 0
0 0
0 0
0 0
0 0
0 0
0 0
0 0
0 0
0 0
0 0
0 0
0 0
0 0
0 0
0 0
0 0
0 0
0 0
0 0
0 0
0 0
0 0
0 0
0 0
0 0
0 0
0 0
0 0
0 0
0 0
0 0
0 0
0 0
0 0
0 0
0 0
0 0
0 0
0 0
0 0
0 0
0 0
0 0
0 0
0 0
0 0
0 0
0 0
0 0
0 0
0 0
0 0
0 0
0 0
0 0
0 0
0 0
0 0
0 0
0 0
0 0
0 0
0 0
0 0
0 0
0 0
0 0
0 0
0 0
0 0
0 0
0 0
0 0
0 0
0 0
0 0
0 0
0 0
0 0
0 0
0 0
0 0
0 0
0 0
0 0
0 0
0 0
0 0
0 0
0 0
0 0
0 0
0 0
0 0
0 0
0 0
0 0
0 0
0 0
0 0
0 0
0 0
0 0
0 0
0 0
0 0
0 0
0 0
0 0
0 0
0 0
0 0
0 0
0 0
0 0
0 0
0 0
0 0
0 0
0 0
0 0
0 0
0 0
0 0
0 0
0 0
0 0
0 0
0 0
0 0
0 0
0 0
0 0
0 0
0 0
0 0
0 0
0 0
0 0
0 0
0 0
0 0
0 0
0 0
0 0
0 0
0 0
0 0
0 0
0 0
0 0
0 0
0 0
0 0
0 0
0 0
0 0
0 0
0 0
0 0
0 0
0 0
0 0
0 0
0 0
0 0
0 0
0 0
0 0
0 0
0 0
0 0
0 0
0 0
0 0
0 0
0 0
0 0
0 0
0 0
0 0
0 0
0 0
0 0
0 0
0 0
0 0
0 0
0 0
0 0
0 0
0 0
0 0
0 0
0 0
0 0
0 0
0 0
0 0
0 0
0 0
0 0
0 0
0 0
0 0
0 0
0 0
0 0
0 0
0 0
0 0
0 0
0 0
0 0
0 0
0 0
0 0
0 0
0 0
0 0
0 0
0 0
0 0
0 0
0 0
0 0
0 0
0 0
0 0
0 0
0 0
0 0
0 0
0 0
0 0
0 0
0 0
0 0
0 0
0 0
0 0
0 0
0 0
0 0
0 0
0 0
0 0
0 0
0 0
0 0
0 0
0 0
0 0
0 0
0 0
0 0
0 0
0 0
0 0
0 0
0 0
0 0
0 0
0 0
0 0
0 0
0 0
0 0
0 0
0 0
0 0
0 0
0 0
0 0
0 0
0 0
0 0
0 0
0 0
0 0
0 0
0 0
0 0
0 0
0 0
0 0
0 0
0 0
0 0
0 0
0 0
0 0
0 0
0 0
0 0
0 0
0 0
0 0
0 0
0 0
0 0
0 0
0 0
0 0
0 0
0 0
0 0
0 0
0 0
0 0
0 0
0 0
0 0
0 0
0 0
0 0
0 0
0 0
0 0
0 0
0 0
0 0
0 0
0 0
0 0
0 0
0 0
0 0
0 0
0 0
0 0
0 0
0 0
0 0
0 0
0 0
0 0
0 0
0 0
0 0
0 0
0 0
0 0
0 0
0 0
0 0
0 0
0 0
0 0
0 0
0 0
0 0
0 0
0 0
0 0
0 0
0 0
0 0
0 0
0 0
0 0
0 0
0 0
0 0
0 0
0 0
0 0
0 0
0 0
0 0
0 0
0 0
0 0
0 0
0 0
0 0
0 0
0 0
0 0
0 0
0 0
0 0
0 0
0 0
0 0
0 0
0 0
0 0
0 0
0 0
0 0
0 0
0 0
0 0
0 0
0 0
0 0
0 0
0 0
0 0
0 0
0 0
0 0
0 0
0 0
0 0
0 0
0 0
0 0
0 0
0 0
0 0
0 0
0 0
0 0
0 0
0 0
0 0
0 0
0 0
0 0
0 0
0 0
0 0
0 0
0 0
0 0
0 0
0 0
0 0
0 0
0 0
0 0
0 0
0 0
0 0
0 0
0 0
0 0
0 0
0 0
0 0
0 0
0 0
0 0
0 0
0 0
0 0
0 0
0 0
0 0
0 0
0 0
0 0
0 0
0 0
0 0
0 0
0 0
0 0
0 0
0 0
0 0
0 0
0 0
0 0
0 0
0 0
0 0
0 0
0 0
0 0
0 0
0 0
0 0
0 0
0 0
0 0
0 0
0 0
0 0
0 0
0 0
676 803
803 766
570 804
804 517
1926
0 1
479 0
1 2
1 478
1 479
2 3
2 477
2 478
550 2
2 578
3 4
5 3
3 578
4 5
5 6
7 5
5 578
6 7
7 8
7 578
8 9
8 10
578 8
9 10
10 11
10 578
11 12
11 578
12 13
550 12
578 12
13 14
13 534
13 550
14 15
534 14
15 16
534 15
16 17
16 512
16 534
17 18
512 17
18 19
18 466
467 18
468 18
512 18
19 20
466 19
20 21
465 20
466 20
21 22
464 21
465 21
22 23
463 22
22 464
802 22
23 24
23 802
24 25
24 802
25 26
799 25
25 802
26 27
799 26
801 26
27 28
27 801
28 29
28 801
29 30
801 29
30 31
30 796
30 801
31 32
796 31
32 33
796 32
32 798
33 34
798 33
34 35
34 798
35 36
35 791
35 792
798 35
36 37
36 792
37 38
790 37
792 37
38 39
790 38
39 40
790 39
40 41
563 40
40 790
41 42
563 41
42 43
42 521
563 42
43 44
43 521
44 45
44 521
44 537
45 46
537 45
46 47
522 46
537 46
47 48
47 522
48 49
522 48
688 48
49 50
49 688
50 51
688 50
51 52
51 688
723 51
52 53
723 52
53 54
53 723
53 735
54 55
54 735
55 56
55 735
56 57
56 731
735 56
57 58
57 731
58 59
730 58
731 58
59 60
730 59
60 61
60 730
60 734
61 62
61 734
62 63
62 732
734 62
63 64
63 732
733 63
64 65
64 733
65 66
65 659
65 733
66 67
659 66
66 660
67 68
67 660
68 69
68 660
69 70
660 69
672 69
70 71
70 672
71 72
672 71
72 73
650 72
665 72
666 72
672 72
73 74
665 73
74 75
665 74
75 76
627 75
665 75
76 77
76 627
720 76
77 78
720 77
78 79
78 720
79 80
628 79
720 79
80 81
80 628
81 82
595 81
81 628
82 83
570 82
82 572
82 595
83 84
83 85
83 508
570 83
84 85
85 86
85 508
86 87
86 508
87 88
87 508
531 87
88 89
531 88
89 90
531 89
90 91
531 90
90 575
91 92
91 575
92 93
92 541
92 575
93 94
93 541
94 95
518 94
541 94
95 96
518 95
96 97
96 518
97 98
518 97
97 558
98 99
558 98
99 100
99 517
99 558
100 101
100 517
101 102
517 101
101 584
102 103
102 584
103 104
557 103
103 584
779 103
104 105
104 779
105 106
105 779
106 107
779 106
780 106
107 108
107 780
108 109
141 108
108 780
109 110
109 140
141 109
549 109
110 111
549 110
111 112
111 119
111 549
112 113
112 118
112 119
113 114
113 117
118 113
114 115
114 116
117 114
115 116
116 117
117 118
118 119
119 120
549 119
120 121
136 120
137 120
120 138
120 549
121 122
121 135
121 136
122 123
122 134
122 135
123 124
123 133
123 134
124 125
131 124
124 132
124 133
125 126
125 130
131 125
126 127
126 129
130 126
127 128
127 129
128 129
129 130
130 131
131 132
132 133
133 134
134 135
135 136
136 137
137 138
138 139
549 138
139 140
139 549
140 141
549 140
141 142
141 780
142 143
780 142
143 144
780 143
144 145
144 780
145 146
145 779
145 780
146 147
557 146
146 779
147 148
557 147
148 149
148 556
148 557
149 150
556 149
150 151
556 150
151 152
151 556
699 151
152 153
152 699
153 154
153 540
153 699
154 155
154 540
155 156
155 540
155 696
156 157
156 696
157 158
542 157
157 696
158 159
542 158
599 158
159 160
159 599
160 161
160 599
161 162
573 161
599 161
161 600
162 163
162 600
163 164
163 600
164 165
164 574
600 164
165 166
574 165
166 167
574 166
601 166
167 168
167 601
168 169
601 168
629 168
169 170
629 169
170 171
629 170
171 172
171 629
703 171
172 173
172 703
172 737
173 174
173 737
174 175
174 737
175 176
175 736
737 175
176 177
736 176
177 178
177 736
741 177
745 177
178 179
745 178
179 180
179 562
743 179
745 179
180 181
180 562
181 182
562 181
182 183
559 182
562 182
183 184
183 559
184 185
559 184
185 186
185 519
559 185
186 187
519 186
187 188
519 187
188 189
519 188
189 190
519 189
189 772
190 191
190 772
191 192
772 191
192 193
771 192
192 772
193 194
193 771
194 195
771 194
773 194
195 196
773 195
196 197
773 196
197 198
197 773
198 199
198 520
198 773
199 200
520 199
200 201
200 520
585 200
201 202
201 585
202 203
202 585
203 204
561 203
203 585
204 205
561 204
204 700
205 206
700 205
206 207
700 206
746 206
207 208
207 746
207 747
208 209
208 747
208 774
209 210
774 209
210 211
683 210
210 774
211 212
211 683
212 213
212 683
213 214
213 682
213 683
214 215
680 214
682 214
215 216
679 215
215 680
216 217
679 216
217 218
217 679
684 217
218 219
684 218
219 220
684 219
220 221
220 684
221 222
516 221
221 684
222 223
516 222
222 588
223 224
588 223
224 225
577 224
588 224
225 226
225 577
226 227
226 577
227 228
227 546
227 577
228 229
546 228
229 230
545 229
546 229
230 231
230 545
231 232
545 231
231 698
232 233
232 698
233 234
233 698
234 235
234 697
698 234
235 236
235 697
236 237
236 697
237 238
237 543
697 237
237 776
238 239
776 238
239 240
776 239
240 241
775 240
240 776
240 777
241 242
777 241
242 243
777 242
778 242
243 244
778 243
244 245
778 244
245 246
245 275
245 778
246 247
274 246
246 275
551 246
247 248
247 551
248 249
248 551
579 248
249 250
249 579
250 251
579 250
251 252
251 266
251 579
252 253
265 252
266 252
253 254
265 253
254 255
264 254
265 254
255 256
255 263
264 255
256 257
256 263
257 258
261 257
257 262
257 263
258 259
260 258
258 261
259 260
260 261
261 262
262 263
263 264
264 265
265 266
266 267
579 266
267 268
579 267
268 269
271 268
268 272
273 268
551 268
579 268
269 270
269 271
270 271
271 272
272 273
273 274
273 551
274 275
551 274
275 276
778 275
276 277
276 778
277 278
778 277
278 279
777 278
778 278
279 280
775 279
279 777
280 281
775 280
281 282
281 576
281 775
282 283
576 282
283 284
576 283
284 285
284 538
576 284
285 286
538 285
286 287
286 538
287 288
525 287
538 287
288 289
288 525
289 290
289 525
290 291
525 290
544 290
291 292
291 544
292 293
544 292
548 292
293 294
293 548
294 295
294 548
295 296
548 295
564 295
296 297
564 296
297 298
297 564
298 299
524 298
564 298
299 300
524 299
300 301
300 524
301 302
301 524
565 301
302 303
302 565
302 619
781 302
303 304
781 303
304 305
781 304
305 306
305 781
306 307
527 306
781 306
307 308
527 307
308 309
527 308
701 308
309 310
309 701
310 311
310 582
310 701
311 312
311 582
617 311
312 313
312 510
312 617
313 314
510 313
314 315
314 510
315 316
510 315
316 317
316 510
552 316
317 318
317 552
317 654
318 319
318 654
319 320
654 319
320 321
654 320
320 757
321 322
321 757
322 323
322 757
760 322
323 324
760 323
324 325
324 760
325 326
758 325
760 325
326 327
758 326
326 762
327 328
327 762
328 329
328 762
329 330
329 625
762 329
330 331
625 330
331 332
331 625
332 333
625 332
333 334
333 594
333 624
625 333
334 335
594 334
335 336
335 594
626 335
336 337
336 626
337 338
626 337
338 339
338 526
338 626
339 340
339 526
340 341
340 526
567 340
341 342
341 567
342 343
567 342
343 344
343 567
343 568
343 590
344 345
344 590
345 346
345 590
346 347
346 590
770 346
347 348
347 770
348 349
768 348
348 770
348 786
349 350
786 349
350 351
786 350
351 352
351 786
352 353
352 786
787 352
353 354
353 787
354 355
787 354
355 356
764 355
787 355
356 357
356 764
357 358
357 764
358 359
763 358
358 764
359 360
763 359
359 766
360 361
766 360
361 362
361 766
361 767
362 363
362 767
363 364
767 363
364 365
397 364
364 767
365 366
365 397
554 365
366 367
554 366
367 368
554 367
368 369
368 515
554 368
368 555
369 370
369 555
370 371
370 555
370 583
371 372
583 371
372 373
372 529
372 583
373 374
373 529
374 375
529 374
375 376
377 375
378 375
375 379
375 529
376 377
377 378
378 379
379 380
381 379
529 379
380 381
381 382
384 381
385 381
529 381
382 383
382 384
383 384
384 385
385 386
385 529
386 387
386 529
387 388
387 529
387 583
388 389
583 388
389 390
389 555
583 389
390 391
390 515
390 555
391 392
391 515
392 393
515 392
393 394
393 515
394 395
394 515
394 554
395 396
395 554
396 397
554 396
397 398
554 397
767 397
398 399
398 767
399 400
399 767
400 401
400 766
400 767
401 402
401 766
402 403
763 402
766 402
403 404
403 763
403 765
404 405
404 765
405 406
765 405
406 407
406 765
784 406
407 408
407 784
408 409
784 408
409 410
783 409
784 409
410 411
410 783
785 410
411 412
785 411
412 413
769 412
412 785
413 414
413 769
414 415
769 414
415 416
415 514
415 769
416 417
416 514
416 589
417 418
417 589
418 419
589 418
592 418
419 420
592 419
420 421
592 420
421 422
591 421
592 421
422 423
591 422
422 593
423 424
593 423
424 425
424 593
424 649
425 426
425 649
426 427
426 649
427 428
427 622
649 427
675 427
428 429
675 428
429 430
429 675
430 431
430 675
430 676
431 432
431 661
431 676
431 691
725 431
432 433
432 691
433 434
433 691
434 435
689 434
691 434
434 694
435 436
689 435
436 437
436 689
436 693
437 438
437 693
438 439
438 693
439 440
690 439
439 693
440 441
536 440
690 440
441 442
536 441
442 443
442 536
442 695
443 444
443 695
444 445
695 444
789 444
445 446
789 445
446 447
446 789
447 448
788 447
447 789
447 793
448 449
793 448
449 450
793 449
450 451
450 793
450 797
451 452
451 797
452 453
452 794
797 452
453 454
794 453
454 455
454 794
795 454
455 456
795 455
456 457
795 456
800 456
457 458
800 457
458 459
800 458
459 460
459 800
460 461
460 799
800 460
460 802
461 462
461 802
462 463
802 462
463 464
802 463
464 465
465 466
466 467
467 468
468 469
512 468
469 470
469 512
470 471
470 512
471 472
512 471
472 473
512 472
472 534
473 474
534 473
474 475
474 534
550 474
475 476
475 550
476 477
476 550
477 478
550 477
478 479
516 480
480 565
480 587
480 618
679 480
680 480
480 681
652 481
669 481
673 481
481 674
759 481
481 761
517 482
482 518
482 528
540 482
556 482
558 482
482 699
483 533
570 483
483 574
601 483
602 483
483 629
483 630
484 647
484 664
484 704
484 707
484 715
484 716
519 485
520 485
485 559
485 560
561 485
485 585
771 485
486 560
486 562
700 486
486 743
486 744
486 746
581 487
612 487
634 487
635 487
636 487
487 655
508 488
488 531
532 488
488 533
488 542
573 488
488 599
685 489
687 489
489 689
489 694
722 489
724 489
490 521
535 490
490 536
490 537
685 490
490 686
490 690
641 491
642 491
643 491
667 491
726 491
727 491
535 492
492 563
492 695
789 492
492 790
493 524
547 493
564 493
493 566
577 493
494 539
494 544
494 545
494 546
547 494
494 548
495 525
495 538
539 495
495 543
697 495
698 495
593 496
623 496
624 496
496 648
677 496
526 497
567 497
497 568
497 569
591 497
497 592
498 595
498 596
498 646
647 498
663 498
499 704
499 706
499 736
499 739
499 741
499 748
708 500
500 712
500 713
742 500
500 749
500 750
501 635
501 640
644 501
660 501
666 501
501 672
553 502
502 582
604 502
502 605
502 608
609 502
633 502
510 503
503 552
553 503
581 503
603 503
503 656
504 607
620 504
504 718
504 753
504 754
782 504
598 505
505 616
627 505
505 645
650 505
505 662
506 740
742 506
744 506
747 506
750 506
506 774
507 794
507 795
507 796
507 800
801 507
531 508
533 508
508 570
624 509
625 509
509 674
677 509
761 509
509 762
552 510
553 510
510 617
528 511
532 511
511 541
542 511
511 575
696 511
534 512
764 513
765 513
783 513
784 513
513 787
568 514
514 589
514 590
769 514
514 770
515 554
555 515
566 516
587 516
588 516
679 516
516 684
556 517
517 557
558 517
584 517
518 528
518 541
558 518
559 519
519 771
772 519
585 520
771 520
520 773
521 535
521 537
563 521
537 522
686 522
522 687
522 688
523 643
523 658
659 523
727 523
732 523
733 523
524 564
524 565
566 524
587 524
538 525
525 539
525 544
567 526
569 526
526 626
527 605
607 527
701 527
781 527
782 527
528 540
541 528
696 528
583 529
682 530
683 530
749 530
530 751
530 774
531 532
575 531
542 532
532 575
533 570
533 573
533 574
533 600
550 534
536 535
563 535
695 535
690 536
536 695
686 537
538 543
576 538
539 544
545 539
539 698
540 696
699 540
575 541
542 599
696 542
543 576
543 697
543 775
543 776
544 548
545 546
698 545
547 546
577 546
548 547
547 564
547 577
548 564
550 578
579 551
603 552
654 552
581 553
553 582
617 553
553 633
555 583
557 556
699 556
584 557
557 779
559 560
562 559
560 561
562 560
700 560
585 561
561 700
743 562
563 790
587 565
565 618
619 565
566 577
566 587
588 566
568 567
589 568
590 568
592 568
569 591
569 593
623 569
569 626
572 570
570 630
572 571
596 571
597 571
571 630
571 719
595 572
572 596
630 572
573 599
600 573
600 574
601 574
775 576
577 588
603 580
639 580
580 641
580 651
653 580
580 657
581 604
633 581
581 634
581 655
581 656
605 582
617 582
701 582
618 586
586 619
586 620
586 681
752 586
586 753
592 589
770 590
592 591
591 593
623 593
648 593
593 649
594 623
594 624
594 626
595 596
595 598
628 595
595 646
597 596
663 596
663 597
704 597
719 597
748 597
598 627
628 598
645 598
598 646
720 598
629 601
602 629
602 630
602 703
719 602
603 651
603 654
603 656
603 657
609 604
611 604
633 604
604 634
605 607
605 608
701 605
607 606
606 608
606 609
606 614
606 711
718 606
608 607
718 607
607 782
609 608
611 609
614 609
611 610
610 612
615 610
610 616
610 644
662 610
611 612
611 614
611 615
634 611
634 612
635 612
612 644
613 614
613 615
671 613
711 613
717 613
614 615
711 614
616 615
671 615
645 616
616 662
616 664
616 670
616 671
619 618
618 681
620 619
619 781
753 620
620 781
620 782
680 621
681 621
682 621
621 751
752 621
622 648
649 622
622 675
678 622
624 623
626 623
624 625
624 677
625 762
627 650
665 627
720 627
720 628
703 629
630 719
651 631
654 631
631 756
757 631
632 636
638 632
639 632
632 655
632 656
657 632
635 636
635 640
644 635
636 638
640 636
655 636
638 637
637 639
640 637
642 637
637 643
658 637
639 638
638 640
639 641
639 642
639 657
658 640
640 660
642 641
653 641
641 667
668 641
643 642
643 658
643 727
644 650
662 644
666 644
646 645
670 645
647 646
646 670
647 663
647 664
647 670
647 704
648 649
677 648
648 678
650 662
665 650
650 666
651 653
651 654
756 651
653 652
652 668
652 669
652 721
756 652
759 652
653 668
653 756
654 757
655 656
657 656
659 658
658 660
659 660
659 733
660 672
667 661
661 668
661 669
676 661
725 661
726 661
704 663
670 664
671 664
715 664
664 717
672 666
667 668
726 667
669 668
673 669
669 676
671 717
673 674
675 673
676 673
673 678
677 674
678 674
674 761
675 676
678 675
678 677
679 680
684 679
681 680
682 680
681 752
682 683
751 682
683 774
685 686
685 687
685 689
685 690
686 687
688 687
687 722
723 687
723 688
689 690
689 693
694 689
693 690
694 691
691 724
725 691
691 728
724 692
728 692
729 692
730 692
692 731
735 692
694 724
695 789
698 697
700 746
702 703
702 719
702 736
702 737
748 702
719 703
703 737
704 706
707 704
704 748
705 706
705 707
705 708
705 739
705 740
705 742
706 707
739 706
708 707
707 716
712 708
708 714
708 716
708 742
711 709
709 712
709 714
709 718
754 709
709 755
714 710
715 710
710 716
710 717
714 711
717 711
711 718
713 712
712 714
712 755
749 713
713 751
752 713
755 713
714 716
717 714
716 715
715 717
754 718
748 719
721 756
721 757
759 721
760 721
723 722
724 722
735 722
735 723
724 728
735 724
726 725
728 725
727 726
728 726
729 726
727 729
727 732
727 734
729 728
729 730
734 729
731 730
730 734
731 735
733 732
732 734
737 736
741 736
736 748
739 738
738 740
741 738
738 743
738 745
739 740
741 739
742 740
740 743
740 744
741 745
750 742
743 744
743 745
746 744
744 747
747 746
774 747
750 749
751 749
749 774
774 750
752 751
753 752
755 752
754 753
755 753
755 754
756 757
760 757
759 758
758 760
758 761
762 758
759 760
759 761
762 761
763 764
765 763
763 766
764 765
764 787
784 765
767 766
768 769
770 768
783 768
785 768
786 768
769 770
785 769
771 772
771 773
775 776
777 775
777 778
779 780
781 782
784 783
785 783
786 783
783 787
787 786
789 788
790 788
792 788
788 793
789 790
790 792
791 792
793 791
791 794
797 791
798 791
793 792
793 797
794 795
794 796
794 797
794 798
800 795
796 798
801 796
800 799
801 799
799 802
801 800
