826
195 504
190 502
187 497
185 492
185 487
187 482
190 477
195 473
200 470
204 467
204 462
203 457
203 452
203 447
202 442
201 437
201 432
200 427
200 422
200 417
200 412
200 407
199 402
197 397
195 392
197 387
202 382
202 377
199 373
194 369
194 364
193 359
189 356
184 354
179 351
174 349
172 345
175 340
176 335
177 330
178 325
180 320
181 315
183 310
184 305
185 300
186 295
187 290
189 285
190 280
191 275
193 270
193 265
195 260
196 255
197 250
198 245
198 240
198 235
199 230
200 225
198 220
197 215
200 210
205 206
206 201
206 196
207 191
207 186
204 181
200 176
196 171
195 166
190 162
185 159
180 156
175 156
170 156
165 156
160 156
155 155
150 152
145 150
140 147
135 146
130 143
125 140
121 138
119 134
114 134
109 133
104 131
99 130
94 129
89 129
84 127
79 126
74 125
69 125
64 125
59 125
54 125
49 125
44 127
39 128
34 127
37 122
32 122
27 125
22 127
18 124
13 122
9 118
10 113
12 108
17 105
22 103
27 102
32 101
37 99
42 99
47 100
52 101
57 102
62 102
67 101
72 102
77 102
82 103
87 103
92 103
97 103
102 103
107 102
112 102
117 102
122 102
127 101
132 101
137 101
142 101
146 99
151 99
155 102
160 102
165 101
170 101
175 102
180 102
185 100
190 99
195 100
200 100
205 99
207 94
209 89
210 84
211 79
212 74
214 69
215 64
216 59
216 54
217 49
219 44
220 39
223 35
228 30
233 27
238 25
243 23
248 22
253 20
258 21
263 23
268 26
272 29
277 31
282 34
286 38
289 43
292 48
294 53
296 58
297 63
298 68
299 73
300 78
301 83
302 88
304 93
304 98
309 100
314 100
319 102
324 104
329 101
334 99
339 99
344 99
349 99
354 100
359 102
364 103
369 101
374 100
379 100
384 100
389 99
394 99
399 99
404 100
409 101
414 101
419 102
424 102
429 102
434 102
439 101
444 99
449 102
454 103
459 100
464 99
469 99
474 99
479 100
484 102
489 104
494 106
499 108
501 113
501 118
497 120
492 120
487 119
482 118
477 117
478 120
483 123
483 127
478 126
473 125
468 125
463 125
458 125
453 124
448 124
443 124
438 125
433 125
428 125
423 125
418 125
413 126
408 127
403 128
398 130
393 132
388 134
385 138
381 143
376 145
371 146
366 147
361 149
356 149
351 149
346 149
341 148
336 148
331 149
326 151
321 152
317 157
313 162
312 167
310 172
310 177
311 182
310 187
309 192
310 197
310 202
312 207
313 212
314 217
313 222
317 224
321 228
321 233
321 238
322 243
321 248
321 253
321 258
318 263
318 268
320 273
321 278
323 283
324 288
324 293
325 298
326 303
330 307
332 312
333 317
335 322
337 327
338 332
341 337
345 342
347 347
342 349
337 349
332 349
327 349
324 352
323 357
322 362
321 367
323 372
324 377
321 382
321 387
319 392
318 397
317 402
315 407
314 412
314 417
314 422
314 427
313 432
312 437
311 442
311 447
311 452
311 457
313 462
317 467
321 470
326 474
331 478
335 483
337 488
337 493
332 498
327 501
322 502
317 502
312 501
307 500
302 498
297 495
292 493
287 488
282 483
278 478
275 473
275 468
276 463
277 458
276 453
276 448
275 443
275 438
275 433
275 428
275 423
276 418
276 413
276 408
276 403
276 398
278 394
274 389
271 385
269 380
267 375
268 370
268 365
267 360
262 359
257 359
252 359
248 361
247 366
247 371
247 376
247 381
247 386
245 391
243 396
243 401
242 406
242 411
242 416
242 421
242 426
242 431
242 436
241 441
241 446
240 451
240 456
241 461
243 466
243 471
240 476
236 481
234 486
231 491
228 495
223 499
218 502
213 503
208 504
203 504
198 504
196 504
229.09 318.18
239.569 339.138
255.578 95.7155
139.5 123
167.5 128.537
209.26 133.3
257.3 242.5
220.851 400.23
220.952 424.5
258.029 188.5
224.433 373.5
346.5 123.745
293.737 130.907
319.592 127.73
373.786 120.214
294.443 367.5
298.377 390.475
207.52 335.473
207.838 307.168
276.419 305.116
232.471 91.0942
262.035 62.8859
277.118 85.1763
227.597 242.5
283.344 265.5
235.561 209.512
282.189 174.5
300.525 300.295
304.618 329.618
269.949 332.256
238.581 66.1162
248.789 44.7224
214.042 482.678
294.864 468.609
203.502 150.248
233.522 166.687
305.581 143.764
270.545 47.4251
215.704 167.537
442.934 112.164
279.344 216.647
211.979 359.9
336.645 113.223
358.155 133.775
311.19 115.052
281.688 373.681
288.502 95.8995
221.649 270.53
295.782 243
295.533 182
315.526 316.483
254.166 33.1608
233.874 45.2216
296.542 217
207.372 267.674
308.887 243
45.7041 112.684
147.632 112.782
373.668 132.717
243.077 35.0348
260.057 42.9319
302.334 258.062
302.334 230.814
34.9776 111.386
136.425 112.207
125.334 121.202
153.495 125.793
262.031 52.8113
190.264 121.731
209.699 392.9
214.561 381.297
210.497 403.834
219.273 412.372
211.116 370.858
227.486 387.514
230.197 407.618
210.898 419.712
307.858 374.5
453.362 113.493
349.027 111.501
333.141 126.381
324.645 116.394
345.805 136.339
306.421 127.335
312.756 135.895
324.506 138.789
301.829 135.337
282.175 358.434
292.462 379.664
287.681 389.303
289.044 83.9202
294.187 112.179
301.863 118.499
272.005 102.009
295.485 166.465
279.184 195.467
241.648 54.4476
252.179 57.8527
228.934 57.3426
226.538 69.6676
235.734 78.656
223.412 82.0709
251.854 75.7229
245.151 87.7732
217.337 254.969
210.855 287.383
57.239 113.566
366.231 137.924
310.94 252.849
311.449 233.767
286.786 230.308
131.324 130.71
143.029 134.932
126.361 111.133
160.345 114.88
158.035 139.735
235.304 378.472
307.168 359.469
465.497 113.119
335.084 136.942
277.025 365.901
273.289 346.64
280.979 382.914
295.486 102.593
278.738 94.8612
300.842 174.216
291.111 174.246
276.211 149.59
284.749 185.566
294.525 197.575
271.101 184.409
248.257 66.7194
215.564 263.838
212.961 276.849
201.707 280.076
287.86 220.866
276.583 247.075
269.707 230.754
174.475 116.18
172.035 141.969
149.102 141.8
312.158 366.771
294.873 354.084
306.397 344.501
257.488 342.729
287.648 335.725
285.422 347.203
303.619 108.468
283.163 161.094
262.988 165.434
291.231 148.366
272.328 159.789
291.954 157.746
299.96 190.106
285.551 206.009
285.303 240.894
288.219 253.507
278.132 226.164
167.932 109.859
184.802 112.037
179.486 127.156
191.86 138.321
164.091 146.765
319.171 335.426
313.76 351.626
266.384 340.664
278.02 337.961
298.033 337.953
271.06 173.205
259.807 176.816
243.373 180.293
282.847 138.253
252.171 127.909
279.259 121.19
266.438 136.259
260.228 150.316
284.523 128.992
310.313 336.485
314.28 326.545
325.101 326.374
329.463 338.535
268.011 145.354
248.013 160.357
254.922 139.572
231.755 138.879
243.431 136.126
246.08 148.174
256.912 158.732
243.518 169.819
253.547 168.931
222.824 465.998
232.912 468.424
279.286 62.3086
281.981 74.1006
268.475 74.7767
287.992 66.5231
270.769 65.845
264.571 86.8133
264.853 96.0919
259.962 71.6979
254.759 85.2282
205.734 161.623
431.327 113.443
202.989 348.921
202.536 358.462
191.724 337.638
193.365 347.265
197.518 321.206
200.16 340.481
230.132 355.779
234.061 366.819
300.648 315.225
308.777 307.692
311.998 295.797
298.962 279.427
302.958 289.621
286.214 291.418
310.125 280.931
305.971 269.585
294.433 268.786
285.561 278.372
253.254 277.31
269.517 274.509
275.377 285.421
277.039 295.208
255.676 298.845
265.524 292.129
265.735 303.016
268.427 317.552
255.47 287.965
233.082 293.831
223.745 284.483
242.745 285.054
244.34 296.517
238.624 268.457
246.595 314.303
244.111 275.905
293.364 324.978
280.55 325.056
287.387 312.918
230.963 276.265
258.103 311.947
255.237 327.228
286.774 302.169
264.065 325.434
249.523 335.972
240.904 326.104
232.322 397.096
230.843 418.944
309.074 386.023
361.404 115.864
370.092 110.931
364.887 125.746
283.191 106.886
206.671 256.864
212.836 240.809
219.669 246.432
206.77 247.691
222.267 223.758
221.067 234.228
210.568 229.535
211.588 216.867
222.914 211.035
226.985 191.566
228.24 201.989
217.118 201.532
242.276 195.654
216.985 191.534
222.025 179.232
212.68 176.727
224.76 170.198
232.58 182.151
248.472 188.377
257.682 211.674
247.021 206.509
256.722 200.07
269.407 204.863
267.043 194.37
268.075 216.068
68.9396 113.296
300.258 206.797
267.8 241.166
247.057 348.272
240 355.194
198.679 129.294
204.045 114.859
194.893 110.248
222.466 108.009
236.181 119.657
242.718 126.61
211.742 107.364
201.835 140.23
191.988 149.841
182.691 144.184
258.637 112.316
247.325 115.729
237.277 104.992
245.38 98.2879
250.718 106.522
230.97 111.894
221.429 123.93
213.862 117.24
228.591 100.216
230.756 128.528
220.652 135.508
221.689 152.065
213.086 144.052
212.268 154.434
217.608 97.7591
213.697 471.844
224.7 477.637
281.179 51.1881
419.749 113.554
212.455 321.374
204.927 326.652
205.047 315.928
195.732 308.136
200.851 295.98
219.153 311.343
217.46 298.512
230.241 305.867
237.061 312.715
223.33 333.094
233.025 331.882
214.796 330.107
217.321 346.356
228.695 343.517
220.511 355.44
224.929 363.936
188.573 327.29
258.697 260.303
266.652 252.353
275.904 257.777
228.992 260.118
243.892 252.64
254.436 227.049
244.206 219.133
240.702 234.229
230.885 230.049
231.981 219.498
263.251 224.038
260.871 233.847
250.273 235.812
237.838 244.207
80.4748 114.497
270.298 113.617
268.406 124.944
259.441 121.786
234.033 151.054
238.807 159.035
406.607 113.927
260.407 270.225
248.019 262.801
253.746 251.735
93.4375 115.966
390.171 115.466
398.833 119.433
380.739 110.512
108.253 116.785
116.619 111.754
100.575 121.256
397.854 108.986
383.796 124.114
115.518 123.926
306.885 480.918
305.672 470.078
295.395 480.114
303.406 155.276
295.073 409.305
292.023 399.065
304.233 401.208
200.352 489.074
204.201 479.463
210.375 492.678
293.46 451.102
300.448 459.351
287.671 460.376
221.678 447.351
228.665 456.28
214.897 457.126
319.919 487.532
316.302 478.51
310.249 490.439
293.792 432.3
299.77 441.81
286.632 441.578
288.649 420.481
301.377 420.363
303.362 430.003
214.357 436.147
212.372 445.438
209.373 428.614
228.5 435.697
233.056 427.794
231.23 445.119
262.222 31.1111
298.667 95.66
352 106.863
223.111 97.3747
168 111.415
244.651 283.556
233.094 364.444
262.324 279.111
280.583 354.667
826
192.222 498.352
194.215 497.012
195.967 495.199
194.511 495.121
195.464 495.054
195.558 494.673
199.934 493.365
202.851 491.927
211.45 487.308
222.066 477.798
225.054 465.537
225.687 457.101
224.643 451.308
223.305 443.929
222.035 437.039
221.334 432.825
221.015 429.612
220.897 426.843
220.988 424.147
221.313 419.858
221.615 416.85
222.632 406.61
223.442 398.639
220.297 397.435
194.497 392.924
206.882 395.093
223.84 392.07
220.26 371.772
214.549 356.773
212.315 353.539
212.41 353.034
206.915 341.946
194.876 336.896
185.748 339.825
180.965 342.247
171.995 347.19
171.606 347.423
180.595 342.022
187.8 338.433
189.41 337.365
192.212 335.566
196.043 331.926
199.618 328.073
202.519 321.323
205.06 314.372
206.428 308.828
207.631 303.889
208.632 299.646
209.459 295.094
210.753 287.382
211.444 282.558
212.328 275.936
212.7 270.601
213.462 265.731
214.229 259.342
215.11 253.571
216.253 247.08
217.567 241.285
218.407 237.044
219.673 232.147
219.833 223.88
204.862 218.428
202.359 217.784
204.049 218.218
224.679 219.157
231.854 210.276
234.802 201.619
237.171 192.705
234.74 179.384
231.293 164.9
225.496 154.321
224.247 152.046
220.222 145.636
209.171 135.498
193.728 131.068
177.846 128.73
165.513 130.344
160.381 133.32
158.175 137.916
158.05 138.681
158.289 137.264
157.486 133.022
153.874 129.988
147.958 126.527
143.369 124.403
141.004 123.498
132.739 120.398
130.602 119.747
125.891 118.261
116.111 116.812
111.261 116.733
105.841 116.734
99.5516 116.693
94.1496 116.674
90.7911 116.277
88.7584 115.873
81.0611 114.35
74.831 113.522
68.9912 112.774
64.0134 112.627
59.1595 112.512
53.2205 112.105
49.4268 111.778
40.8424 111.36
38.5804 120.386
37.3696 125.275
35.2542 118.724
30.1254 112.214
19.785 114.005
16.838 114.934
16.1241 115.057
14.6157 115.454
11.3065 116.4
14.1381 115.599
15.5005 115.218
18.9145 114.283
19.6374 114.109
28.5176 112.47
35.6646 111.3
38.5511 111.221
39.3807 111.218
42.7839 111.222
48.3499 111.684
55.7517 112.333
63.0577 112.598
67.349 112.709
70.7292 112.994
72.9543 113.279
80.2161 114.204
85.8079 115.292
90.8263 116.297
96.1822 116.674
99.0603 116.691
106.927 116.74
110.81 116.709
115.327 116.701
121.319 117.543
126.072 118.321
130.131 119.583
136.154 121.303
141.943 122.659
141.908 121.069
141.97 121.099
145.491 124.21
155.248 127.56
160.9 127.437
162.085 127.43
167.155 128.075
177.49 127.781
183.105 127.282
184.445 127.277
187.646 127.872
202.078 129.505
224.773 123.785
240.55 106.133
245.259 87.7447
246.175 82.9184
246.947 76.1869
247.157 72.1071
247.42 65.7637
246.474 57.2947
244.628 49.8142
240.959 43.7162
240.251 42.7826
239.485 41.8621
236.634 39.2812
237.339 39.5629
243.548 39.7287
244.509 39.0539
246.569 37.8826
248.47 35.0042
249.266 33.4787
250.563 25.9781
250.534 26.4109
250.04 32.5978
252.6 39.6462
258.159 45.0683
264.413 48.2189
267.996 48.5662
268.756 48.8362
270.894 50.354
272.21 52.4085
273.904 55.8178
274.494 56.8477
275.248 58.3115
274.066 61.45
272.27 66.0993
271.509 71.9766
270.7 78.3314
270.925 87.9279
271.928 98.8622
279.15 113.17
297.598 123.807
306.297 126.154
314.713 125.785
332.018 124.188
344.383 122.954
345.046 121.613
345.167 121.609
345.72 121.97
346.865 122.565
348.483 123.663
355.674 125.357
367.107 125.286
378.035 120.789
379.588 119.97
382.254 118.383
387.477 116.149
390.976 114.653
396.416 112.307
399.113 111.193
402.459 111.653
407.926 112.22
413.312 112.757
418.674 113.307
424.587 113.601
429.909 113.78
435.929 113.629
441.79 113.272
442.163 113.261
445.057 113.245
461.447 112.995
465.922 112.878
468.484 112.683
470.127 112.282
470.978 112.09
475.105 110.889
480.37 109.321
487.06 110.346
496.208 114.028
496.301 113.997
497.697 115.146
500.061 117.249
498.614 115.815
495.688 113.49
492.547 112.416
478.12 110.105
475.651 115.579
477.313 119.886
480.762 123.805
483.507 126.923
478.735 121.502
472.795 114.751
469.711 112.7
465.178 112.897
462.784 112.959
454.859 113.167
448.085 113.221
441.446 113.293
436.829 113.575
433.268 113.808
426.577 113.667
424.084 113.588
418.037 113.239
412.02 112.628
406.54 112.076
400.705 111.418
393.361 113.652
389.856 115.208
376.288 121.867
368.6 126.677
368.756 130.112
368.215 129.822
367.668 129.498
365.062 128.266
362.703 127.784
360.885 127.295
357.755 126.473
354.672 125.751
349.708 124.782
342.715 123.743
332.384 124.333
322.39 124.972
306.906 125.86
290.485 135.205
283.432 149.772
281.921 160.833
284.501 170.808
287.321 179.45
288.349 183.993
288.174 185.19
286.812 190.494
285.316 198.705
286.478 207.167
288.198 215.369
289.365 220.445
291.698 226.196
296.986 234.811
311.609 236.723
318.563 234.473
316.572 235.054
307.802 238.356
306.264 240.546
304.795 243.346
304.381 246.058
303.312 246.7
295.629 254.008
292.824 270.927
296.749 281.92
299.57 288.624
300.81 291.733
300.989 292.965
301.102 297.962
303.397 307.07
307.211 317.576
314.078 324.855
316.403 326.411
317.342 327.289
321.673 330.987
324.539 332.713
327.203 334.308
335.454 340.244
345.199 347.076
346.178 347.619
344.439 346.689
338.832 342.626
333.399 338.772
322.285 331.595
311.337 337.327
303.968 347.655
300.573 357.604
300.045 372.488
300.237 380.889
300.711 381.13
299.582 380.839
299.14 383.907
298.851 387.649
298.799 390.215
298.676 396.895
298.11 403.404
295.111 460.444
296.387 419.452
295.939 424.107
295.494 426.544
295.127 428.516
294.17 432.751
292.905 438.416
291.504 445.89
290.248 453.098
288.693 464.148
294.413 473.695
304.338 482.797
311.238 488.113
318.497 490.936
325.817 491.098
328.356 491.067
330.484 491.042
334.5 490.989
326.612 491.094
324.374 491.128
323.213 491.15
320.429 491.35
316.658 490.275
313.189 489.401
309.921 486.982
304.686 483.074
301.707 480.844
296.832 477.123
292.236 470.917
289.838 469.859
287.54 469.489
288.495 469.62
288.872 468.322
288.924 463.428
290.024 454.471
291.174 447.512
292.157 441.85
292.902 438.509
293.371 436.455
295.01 428.75
295.338 427.067
296.107 422.588
296.602 416.404
297.074 410.919
297.813 405.497
298.533 400.631
298.509 391.268
296.723 379.151
292.784 379.907
292.181 380.035
291.439 380.256
295.152 378.121
298.763 362.721
296.902 339.875
281.082 316.938
254.653 315.081
232.342 322.328
214.028 341.353
218.036 363.078
221.51 376.356
223.817 383.377
224.843 385.221
224.908 385.559
224.737 386.509
224.062 393.465
223.433 399.932
222.759 405.893
221.789 415.62
221.522 418.461
221.244 423.522
221.215 427.832
221.365 431.056
221.577 433.98
222.405 438.981
223.423 444.577
224.758 452.281
226.418 462.703
226.931 468.918
236.144 469.792
236.689 469.793
233.053 469.785
224.161 474.82
220.776 479.646
217.588 482.63
215.443 484.248
211.337 487.52
210.13 488.51
208.585 489.762
204.319 491.676
201.518 492.932
193.53 497.483
192.185 498.376
221.062 315.921
223.381 324.934
260.552 90.1533
149.771 126.821
161.624 129.421
195.62 130.166
257.406 241.698
222.934 404.493
221.123 428.335
259.837 187.786
221.236 375.487
357.715 126.291
290.631 130.572
322.058 125.12
373.726 123.111
299.432 368.173
298.651 390.524
202.589 333.81
208.371 311.875
286.128 302.462
247.357 87.7476
261.295 55.1968
268.482 77.9126
225.876 242.296
284.059 264.961
238.606 210.963
279.065 173.57
300.612 303.361
310.063 335.191
281.535 316.846
247.916 58.5161
247.117 39.8978
215.379 484.328
290.297 470.155
207.57 134.572
239.711 159.915
292.239 132.713
264.447 48.7652
228.962 158.496
449.735 113.263
279.75 217.549
213.863 351.97
360.946 124.898
361.939 127.479
306.876 126.303
296.98 378.561
271.468 97.6834
216.999 275.308
295.397 242.89
287.403 183.053
315.629 327.446
250.094 29.844
241.259 41.3573
288.888 221.259
215.906 270.943
307.975 240.487
41.3145 111.236
143.057 122.393
367.957 127.06
246.846 38.0563
254.511 41.9566
295.33 253.723
297.341 235.752
25.1905 113.11
132.815 120.365
123.463 117.873
147.746 124.902
263.155 52.8442
187.468 128.381
223.716 397.773
223.52 388.504
222.178 411.62
221.7 416.519
218.824 366.09
214.653 399.558
222.595 407.374
221.518 418.238
297.543 373.201
460.098 113.029
349.022 123.946
341.232 123.64
331.314 124.25
352.668 125.373
313.839 125.613
307.351 125.768
324.028 124.871
294.807 128.875
299.784 366.91
297.501 379.953
298.528 390.347
270.515 74.9322
285.119 119.021
295.967 124.501
267.518 98.8079
281.788 162.405
283.665 194.285
243.539 44.4489
253.73 50.0528
244.457 48.6126
247.02 60.5823
247.922 76.0142
246.24 81.0851
255.952 66.4664
255.15 79.0435
216.182 257.38
212.985 290.769
52.2939 111.952
365.539 128.339
303.641 246.4
307.906 237.961
287.591 231.995
136.518 121.844
146.989 125.968
125.496 118.185
155.151 127.587
158.171 133.953
224.195 384.833
300.658 357.092
468.89 112.729
342.401 123.724
298.905 364.558
304.668 335.517
296.839 379.14
278.087 112.447
269.043 95.0229
285.485 174.103
284.366 173.996
274.127 146.459
284.306 185.764
284.957 198.377
270.021 188.781
250.631 56.0505
216.303 265.023
214.571 279.247
211.844 289.12
289.534 224.3
278.922 246.419
271.767 230.518
164.426 127.801
160.984 131.412
153.653 129.811
300.068 370.876
301.275 350.223
306.887 338.231
256.483 314.634
298.949 330.092
299.125 340.416
290.431 121.441
281.3 153.018
259.439 165.636
282.769 145.806
266.03 152.855
281.852 152.454
287.137 186.358
284.579 208.726
301.155 239.657
291.936 252.864
285.628 223.89
161.401 127.461
180.309 127.584
177.967 128.083
190.417 130.062
158.949 135.608
326.367 334.339
308.621 339.435
285.753 317.72
293.179 326.963
301.989 337.087
279.722 173.387
274.029 156.926
258.667 140.444
279.56 135.043
253.454 125.779
275.988 120.618
276.605 146.276
260.831 148.198
458.667 112.889
313.068 332.957
315.914 328.934
321.388 330.906
334.238 339.389
270.91 144.631
249.539 158.475
250.315 135.927
73.7778 115.556
244.868 134.428
243.49 154.788
253.753 157.705
246.074 167.938
255.146 167.449
225.26 469.333
226.101 469.343
271.903 54.2363
271.774 65.8116
268.813 65.874
274.452 60.1639
264.394 56.7814
266.867 77.0198
263.317 90.5552
255.784 47.891
257.671 77.1576
226.871 145.103
433.619 113.716
205.997 340.609
211.321 350.257
192.206 335.572
187.504 339.116
199.838 328.309
197.526 336.147
214.185 349.664
222.434 379.089
304.77 317.011
305.961 315.921
302.187 303.113
294.231 282.135
298.063 293.54
312.664 327.936
299.682 297.312
292.71 270.833
291.502 269.757
295.276 286.205
265.017 274.769
274.429 279.26
277.914 284.818
280.799 294.221
255.144 295.597
267.257 290.233
267.881 294.766
265.912 312.156
261.386 292.833
228.334 293.576
220.639 285.64
295.437 309.97
240.679 294.447
237.757 271.567
252.83 309.965
240.673 275.132
301.152 323.333
290.493 318.611
301.126 317.287
219.848 275.99
258.767 305.014
255.097 313.426
290.847 302.321
269.973 312.503
242.191 317.604
226.368 323.008
223.823 396.002
221.527 418.982
298.716 388.863
364.98 125.931
373.681 123.069
367.035 128.244
276.557 111.164
214.43 259.216
218.231 239.179
218.037 243.941
215.633 250.834
225.157 225.658
221.37 232.752
220.037 231.062
222.736 221.24
231.623 217.995
238.522 191.672
236.289 204.943
233.117 211.197
250.687 191.644
237.899 192.023
235.115 174.289
236.54 165.667
233.673 164.813
237.705 184.629
255.442 187.73
280.082 202.347
243.681 208.747
258.436 199.626
270.652 204.673
268.389 193.879
269.534 225.14
60.3242 116.805
287.004 210.232
274.338 243.456
236.525 320.227
212.575 345.872
197.536 130.372
203.817 129.507
189.086 128.126
236.891 114.703
242.728 122.654
244.945 125.38
223.986 126.775
204.292 132.876
184.68 128.774
178.057 128.735
256.442 84.0009
257.896 96.6114
245.856 104.237
250.123 80.4633
254.074 102.775
238.979 114.308
225.546 127.968
219.935 127.405
243.742 101.989
233.416 128.903
220.453 136.074
231.776 147.167
217.666 137.928
221.596 144.748
240.533 109.322
228.769 471.398
222.584 477.171
270.159 50.27
473.56 113.389
205.61 321.324
200.707 329.161
204.261 318.908
204.131 316.618
208.43 302.932
211.15 312.405
215.752 287.068
0 0
230.549 309.239
218.328 327.358
221.577 324.701
195.859 332.505
208.309 340.767
214.512 336.297
213.679 350.349
217.549 362.286
194.511 333.498
258.532 259.416
268.019 251.521
286.431 256.914
221.097 258.718
257.778 207.111
262.735 229.642
251.424 213.532
224.762 242.24
213.836 222.017
233.147 220.781
264.848 223.597
259.686 237.442
249.504 235.161
235.184 243.677
85.2555 115.184
270.643 103.225
267.648 122.882
263.84 121.075
236.456 148.081
241.18 156.5
410.878 112.511
259.465 264.364
245.584 261.998
285.487 240.269
105.155 116.683
390.836 114.735
376.76 119.512
382.565 118.245
112.664 116.726
115.163 116.69
99.6894 116.693
398.963 111.232
371.437 125.117
115.494 116.731
305.802 483.914
300.161 479.244
296.924 477.21
282.841 149.714
297.047 411.161
298.586 399.804
298.665 393.722
197.429 495.135
206.329 489.89
208.531 489.786
290.352 453.058
301.587 477.367
288.745 467.141
223.831 446.862
225.607 462.931
225.966 458.719
323.166 490.877
313.667 486.678
313.054 489.303
293.808 434.52
291.391 447.11
292.207 441.597
296.055 423.087
295.53 425.984
294.267 432.363
221.429 433.495
223.656 445.888
220.935 427.908
221.751 421.384
221.29 429.738
224 460.444
262.222 56
326.222 114.667
392.889 113.778
195.556 117.333
132.444 117.333
225.778 251.556
224 351.111
287.111 252.444
292.444 351.111
2043
0 0
0 0
0 0
0 0
0 0
0 0
0 0
0 0
0 0
0 0
0 0
0 0
0 0
0 0
0 0
0 0
0 0
0 0
0 0
0 0
0 0
0 0
0 0
0 0
0 0
0 0
0 0
0 0
0 0
0 0
0 0
0 0
0 0
0 0
0 0
0 0
0 0
0 0
0 0
0 0
0 0
0 0
0 0
0 0
0 0
0 0
0 0
0 0
0 0
0 0
0 0
0 0
0 0
0 0
0 0
0 0
0 0
0 0
0 0
0 0
0 0
0 0
0 0
0 0
0 0
0 0
0 0
0 0
0 0
0 0
0 0
0 0
0 0
0 0
0 0
0 0
0 0
0 0
0 0
0 0
0 0
0 0
0 0
0 0
0 0
0 0
0 0
0 0
0 0
0 0
0 0
0 0
0 0
0 0
0 0
0 0
0 0
0 0
0 0
0 0
0 0
0 0
0 0
0 0
0 0
0 0
0 0
0 0
0 0
0 0
0 0
0 0
0 0
0 0
0 0
0 0
0 0
0 0
0 0
0 0
0 0
0 0
0 0
0 0
0 0
0 0
0 0
0 0
0 0
0 0
0 0
0 0
0 0
0 0
0 0
0 0
0 0
0 0
0 0
0 0
0 0
0 0
0 0
0 0
0 0
0 0
0 0
0 0
0 0
0 0
0 0
0 0
0 0
0 0
0 0
0 0
0 0
0 0
0 0
0 0
756 592
0 0
0 0
0 0
0 0
0 0
0 0
0 0
0 0
0 0
0 0
0 0
0 0
0 0
0 0
0 0
0 0
0 0
0 0
0 0
0 0
0 0
0 0
0 0
0 0
0 0
0 0
0 0
0 0
0 0
0 0
0 0
0 0
0 0
0 0
0 0
0 0
0 0
0 0
0 0
0 0
0 0
0 0
0 0
0 0
0 0
0 0
0 0
0 0
0 0
0 0
0 0
0 0
0 0
0 0
0 0
0 0
0 0
0 0
0 0
0 0
0 0
0 0
0 0
0 0
0 0
0 0
0 0
0 0
0 0
0 0
0 0
0 0
0 0
0 0
0 0
0 0
0 0
0 0
0 0
0 0
0 0
0 0
0 0
0 0
0 0
0 0
0 0
0 0
0 0
0 0
0 0
0 0
0 0
0 0
0 0
0 0
0 0
0 0
0 0
0 0
0 0
0 0
0 0
0 0
0 0
0 0
0 0
0 0
0 0
0 0
0 0
0 0
0 0
0 0
0 0
0 0
0 0
0 0
0 0
0 0
0 0
0 0
0 0
0 0
0 0
0 0
0 0
0 0
0 0
0 0
0 0
0 0
0 0
0 0
0 0
0 0
0 0
0 0
0 0
0 0
0 0
0 0
0 0
0 0
0 0
0 0
0 0
0 0
0 0
0 0
0 0
0 0
0 0
0 0
0 0
0 0
0 0
0 0
0 0
0 0
0 0
0 0
0 0
0 0
0 0
0 0
0 0
0 0
0 0
0 0
0 0
0 0
0 0
0 0
0 0
0 0
0 0
0 0
0 0
0 0
0 0
0 0
0 0
0 0
0 0
0 0
0 0
0 0
0 0
0 0
0 0
0 0
0 0
0 0
0 0
0 0
0 0
0 0
0 0
0 0
0 0
0 0
0 0
0 0
0 0
0 0
0 0
0 0
0 0
0 0
0 0
0 0
0 0
0 0
0 0
0 0
0 0
0 0
0 0
0 0
0 0
0 0
0 0
0 0
0 0
0 0
0 0
0 0
0 0
0 0
0 0
0 0
0 0
0 0
0 0
0 0
0 0
0 0
0 0
0 0
0 0
0 0
0 0
0 0
0 0
0 0
0 0
0 0
0 0
0 0
0 0
0 0
0 0
0 0
0 0
0 0
0 0
0 0
0 0
0 0
0 0
0 0
0 0
0 0
0 0
0 0
0 0
0 0
0 0
0 0
0 0
0 0
0 0
0 0
0 0
0 0
0 0
0 0
0 0
0 0
0 0
0 0
0 0
0 0
0 0
0 0
0 0
0 0
0 0
0 0
0 0
0 0
0 0
0 0
0 0
0 0
0 0
0 0
0 0
0 0
0 0
0 0
0 0
0 0
0 0
0 0
0 0
0 0
0 0
0 0
0 0
0 0
0 0
0 0
0 0
0 0
0 0
0 0
0 0
0 0
0 0
0 0
0 0
0 0
0 0
0 0
0 0
0 0
0 0
0 0
0 0
0 0
0 0
0 0
0 0
0 0
0 0
0 0
0 0
0 0
0 0
0 0
0 0
0 0
0 0
0 0
0 0
0 0
0 0
0 0
0 0
0 0
0 0
0 0
0 0
0 0
0 0
0 0
0 0
0 0
0 0
0 0
0 0
0 0
0 0
0 0
0 0
0 0
0 0
0 0
0 0
0 0
0 0
0 0
0 0
0 0
0 0
0 0
0 0
0 0
0 0
0 0
0 0
0 0
0 0
0 0
0 0
0 0
0 0
0 0
0 0
0 0
0 0
0 0
0 0
0 0
0 0
0 0
0 0
0 0
0 0
0 0
0 0
0 0
0 0
0 0
0 0
0 0
0 0
0 0
0 0
0 0
0 0
0 0
0 0
0 0
0 0
0 0
0 0
0 0
0 0
0 0
0 0
0 0
0 0
0 0
0 0
0 0
0 0
0 0
0 0
0 0
0 0
0 0
0 0
0 0
0 0
0 0
0 0
0 0
0 0
0 0
0 0
0 0
0 0
0 0
0 0
0 0
0 0
0 0
0 0
0 0
0 0
0 0
0 0
0 0
0 0
0 0
0 0
0 0
0 0
0 0
0 0
0 0
0 0
0 0
0 0
0 0
0 0
0 0
0 0
0 0
0 0
0 0
0 0
0 0
0 0
0 0
0 0
0 0
0 0
0 0
0 0
0 0
0 0
0 0
0 0
0 0
0 0
0 0
0 0
0 0
0 0
0 0
0 0
0 0
0 0
0 0
0 0
0 0
0 0
0 0
0 0
0 0
0 0
0 0
0 0
0 0
0 0
0 0
0 0
0 0
0 0
0 0
0 0
0 0
0 0
0 0
0 0
0 0
0 0
0 0
0 0
0 0
0 0
0 0
0 0
0 0
0 0
0 0
0 0
0 0
0 0
0 0
0 0
0 0
0 0
0 0
0 0
0 0
0 0
0 0
0 0
0 0
0 0
0 0
0 0
0 0
0 0
0 0
0 0
0 0
0 0
0 0
0 0
0 0
0 0
0 0
0 0
0 0
0 0
0 0
0 0
0 0
0 0
0 0
0 0
0 0
0 0
0 0
0 0
0 0
0 0
0 0
0 0
0 0
0 0
0 0
0 0
0 0
0 0
0 0
0 0
0 0
0 0
0 0
0 0
0 0
0 0
0 0
0 0
0 0
0 0
0 0
0 0
0 0
0 0
0 0
0 0
0 0
0 0
0 0
0 0
0 0
0 0
0 0
0 0
0 0
0 0
0 0
0 0
0 0
0 0
0 0
0 0
0 0
0 0
0 0
0 0
0 0
0 0
0 0
0 0
0 0
0 0
0 0
0 0
0 0
0 0
0 0
0 0
0 0
0 0
0 0
0 0
0 0
0 0
0 0
0 0
0 0
0 0
0 0
0 0
0 0
0 0
0 0
0 0
0 0
0 0
0 0
0 0
0 0
0 0
0 0
0 0
0 0
0 0
0 0
0 0
0 0
0 0
0 0
0 0
0 0
0 0
0 0
0 0
0 0
0 0
0 0
0 0
0 0
0 0
0 0
0 0
0 0
0 0
0 0
0 0
0 0
0 0
0 0
0 0
0 0
0 0
0 0
0 0
0 0
0 0
0 0
0 0
0 0
0 0
0 0
0 0
0 0
0 0
0 0
0 0
0 0
0 0
0 0
0 0
0 0
0 0
0 0
0 0
0 0
0 0
0 0
0 0
0 0
0 0
0 0
0 0
0 0
0 0
0 0
0 0
0 0
0 0
0 0
0 0
0 0
0 0
0 0
0 0
0 0
0 0
0 0
0 0
0 0
0 0
0 0
0 0
0 0
0 0
0 0
0 0
0 0
0 0
0 0
0 0
0 0
0 0
0 0
0 0
0 0
0 0
0 0
0 0
0 0
0 0
0 0
0 0
0 0
0 0
0 0
0 0
0 0
0 0
0 0
0 0
0 0
0 0
0 0
0 0
0 0
0 0
0 0
0 0
0 0
0 0
0 0
0 0
0 0
0 0
0 0
0 0
0 0
0 0
0 0
0 0
0 0
0 0
0 0
0 0
0 0
0 0
0 0
0 0
0 0
0 0
0 0
0 0
0 0
0 0
0 0
0 0
0 0
0 0
0 0
0 0
0 0
0 0
0 0
0 0
0 0
0 0
0 0
0 0
0 0
0 0
0 0
0 0
0 0
0 0
0 0
0 0
0 0
0 0
0 0
0 0
0 0
0 0
0 0
0 0
0 0
0 0
0 0
0 0
0 0
0 0
0 0
0 0
0 0
0 0
0 0
0 0
0 0
0 0
0 0
0 0
0 0
0 0
0 0
0 0
0 0
0 0
0 0
0 0
0 0
0 0
0 0
0 0
0 0
0 0
0 0
0 0
0 0
0 0
0 0
0 0
0 0
0 0
0 0
0 0
0 0
0 0
0 0
0 0
0 0
0 0
0 0
0 0
0 0
0 0
0 0
0 0
0 0
0 0
0 0
0 0
0 0
0 0
0 0
0 0
0 0
0 0
0 0
0 0
0 0
0 0
0 0
0 0
0 0
0 0
0 0
0 0
0 0
0 0
0 0
0 0
0 0
0 0
0 0
0 0
0 0
0 0
0 0
0 0
0 0
0 0
0 0
0 0
0 0
0 0
0 0
0 0
0 0
0 0
0 0
0 0
0 0
0 0
0 0
0 0
0 0
0 0
0 0
0 0
0 0
0 0
0 0
0 0
0 0
0 0
0 0
0 0
0 0
0 0
0 0
0 0
0 0
0 0
0 0
0 0
0 0
0 0
0 0
0 0
0 0
0 0
0 0
0 0
0 0
0 0
0 0
0 0
0 0
0 0
0 0
0 0
0 0
0 0
0 0
0 0
0 0
0 0
0 0
0 0
0 0
0 0
0 0
0 0
0 0
0 0
0 0
0 0
0 0
0 0
0 0
0 0
0 0
0 0
0 0
0 0
0 0
0 0
0 0
0 0
0 0
0 0
0 0
0 0
0 0
0 0
0 0
0 0
0 0
0 0
0 0
0 0
0 0
0 0
0 0
0 0
0 0
0 0
0 0
0 0
0 0
0 0
0 0
0 0
0 0
0 0
0 0
0 0
0 0
0 0
0 0
0 0
0 0
0 0
0 0
0 0
0 0
0 0
0 0
0 0
0 0
0 0
0 0
0 0
0 0
0 0
0 0
0 0
0 0
0 0
0 0
0 0
0 0
0 0
0 0
0 0
0 0
0 0
0 0
0 0
0 0
0 0
0 0
0 0
0 0
0 0
0 0
0 0
0 0
0 0
0 0
0 0
0 0
0 0
0 0
0 0
0 0
0 0
0 0
0 0
0 0
0 0
0 0
0 0
0 0
0 0
0 0
0 0
0 0
0 0
0 0
0 0
0 0
0 0
0 0
0 0
0 0
0 0
0 0
0 0
0 0
0 0
0 0
0 0
0 0
0 0
0 0
0 0
0 0
0 0
0 0
0 0
0 0
0 0
0 0
0 0
0 0
0 0
0 0
0 0
0 0
0 0
0 0
0 0
0 0
0 0
0 0
0 0
0 0
0 0
0 0
0 0
0 0
0 0
0 0
0 0
0 0
0 0
0 0
0 0
0 0
0 0
0 0
0 0
0 0
0 0
0 0
0 0
0 0
0 0
0 0
0 0
0 0
0 0
0 0
0 0
0 0
0 0
0 0
0 0
0 0
0 0
0 0
0 0
0 0
0 0
0 0
0 0
0 0
0 0
0 0
0 0
0 0
0 0
0 0
0 0
0 0
0 0
0 0
0 0
0 0
0 0
0 0
0 0
0 0
0 0
0 0
0 0
0 0
0 0
0 0
0 0
0 0
0 0
0 0
0 0
0 0
0 0
0 0
0 0
0 0
0 0
0 0
0 0
0 0
0 0
0 0
0 0
0 0
0 0
0 0
0 0
0 0
0 0
0 0
0 0
0 0
0 0
0 0
0 0
0 0
0 0
0 0
0 0
0 0
0 0
0 0
0 0
0 0
0 0
0 0
0 0
0 0
0 0
0 0
0 0
0 0
0 0
0 0
0 0
0 0
0 0
0 0
0 0
0 0
0 0
0 0
0 0
0 0
0 0
0 0
0 0
0 0
0 0
0 0
0 0
0 0
0 0
0 0
0 0
0 0
0 0
0 0
0 0
0 0
0 0
0 0
0 0
0 0
0 0
0 0
0 0
0 0
0 0
0 0
0 0
0 0
0 0
0 0
0 0
0 0
0 0
0 0
0 0
0 0
0 0
0 0
0 0
0 0
0 0
0 0
0 0
0 0
0 0
0 0
0 0
0 0
0 0
0 0
0 0
0 0
0 0
0 0
0 0
0 0
0 0
0 0
0 0
0 0
0 0
0 0
0 0
0 0
0 0
0 0
0 0
0 0
0 0
0 0
0 0
0 0
0 0
0 0
0 0
0 0
0 0
0 0
0 0
0 0
0 0
0 0
0 0
0 0
0 0
0 0
0 0
0 0
0 0
0 0
0 0
0 0
0 0
0 0
0 0
0 0
0 0
0 0
0 0
0 0
0 0
0 0
0 0
0 0
0 0
0 0
0 0
0 0
0 0
0 0
0 0
0 0
0 0
0 0
0 0
0 0
0 0
0 0
0 0
0 0
0 0
0 0
0 0
0 0
0 0
0 0
0 0
0 0
0 0
0 0
0 0
0 0
0 0
0 0
0 0
0 0
0 0
0 0
0 0
0 0
0 0
0 0
0 0
0 0
0 0
0 0
0 0
0 0
0 0
0 0
0 0
0 0
0 0
0 0
0 0
0 0
0 0
0 0
0 0
0 0
0 0
0 0
0 0
0 0
0 0
0 0
0 0
0 0
0 0
0 0
0 0
0 0
0 0
0 0
0 0
0 0
0 0
0 0
0 0
0 0
0 0
0 0
0 0
0 0
0 0
0 0
0 0
0 0
0 0
0 0
0 0
0 0
0 0
0 0
0 0
0 0
0 0
0 0
0 0
0 0
0 0
0 0
0 0
0 0
0 0
0 0
0 0
0 0
0 0
0 0
0 0
0 0
0 0
0 0
0 0
0 0
0 0
0 0
0 0
0 0
0 0
0 0
0 0
0 0
0 0
0 0
0 0
0 0
0 0
0 0
0 0
0 0
0 0
0 0
0 0
0 0
0 0
0 0
0 0
0 0
0 0
0 0
0 0
0 0
0 0
0 0
0 0
0 0
0 0
0 0
0 0
0 0
0 0
0 0
0 0
0 0
0 0
0 0
0 0
0 0
0 0
0 0
0 0
0 0
0 0
0 0
0 0
0 0
0 0
0 0
0 0
0 0
0 0
0 0
0 0
0 0
0 0
0 0
0 0
0 0
0 0
0 0
0 0
0 0
0 0
0 0
0 0
0 0
0 0
0 0
0 0
0 0
0 0
0 0
0 0
0 0
0 0
0 0
0 0
0 0
0 0
0 0
0 0
0 0
0 0
0 0
0 0
0 0
0 0
0 0
0 0
0 0
0 0
0 0
0 0
0 0
0 0
0 0
0 0
0 0
0 0
0 0
0 0
0 0
0 0
0 0
0 0
0 0
0 0
0 0
0 0
0 0
0 0
0 0
0 0
0 0
0 0
0 0
0 0
0 0
0 0
0 0
0 0
0 0
0 0
0 0
0 0
0 0
0 0
0 0
0 0
0 0
0 0
0 0
0 0
0 0
0 0
0 0
0 0
0 0
0 0
0 0
0 0
0 0
0 0
0 0
0 0
0 0
0 0
0 0
0 0
0 0
0 0
0 0
0 0
0 0
0 0
0 0
0 0
0 0
0 0
0 0
0 0
0 0
0 0
0 0
0 0
0 0
0 0
0 0
0 0
0 0
0 0
0 0
0 0
0 0
0 0
0 0
0 0
0 0
0 0
0 0
0 0
0 0
0 0
0 0
0 0
0 0
0 0
0 0
0 0
0 0
0 0
0 0
0 0
0 0
0 0
0 0
0 0
0 0
0 0
0 0
0 0
0 0
0 0
0 0
0 0
0 0
0 0
0 0
0 0
0 0
0 0
0 0
0 0
0 0
0 0
0 0
0 0
0 0
0 0
0 0
0 0
0 0
0 0
0 0
0 0
0 0
0 0
0 0
0 0
0 0
0 0
0 0
0 0
0 0
0 0
0 0
0 0
0 0
0 0
0 0
0 0
0 0
0 0
0 0
0 0
0 0
0 0
0 0
0 0
0 0
0 0
0 0
0 0
0 0
0 0
0 0
0 0
0 0
0 0
0 0
0 0
0 0
0 0
0 0
0 0
0 0
0 0
0 0
0 0
0 0
0 0
0 0
0 0
0 0
0 0
0 0
0 0
0 0
0 0
0 0
0 0
0 0
0 0
0 0
0 0
0 0
0 0
0 0
0 0
0 0
0 0
0 0
0 0
0 0
0 0
0 0
0 0
0 0
0 0
0 0
0 0
0 0
0 0
0 0
0 0
0 0
0 0
0 0
0 0
0 0
0 0
0 0
0 0
0 0
0 0
0 0
0 0
0 0
0 0
0 0
0 0
0 0
0 0
0 0
0 0
0 0
0 0
0 0
0 0
0 0
0 0
0 0
0 0
0 0
0 0
0 0
0 0
0 0
0 0
0 0
0 0
0 0
0 0
0 0
0 0
0 0
0 0
0 0
0 0
0 0
0 0
0 0
0 0
0 0
0 0
0 0
0 0
0 0
0 0
0 0
0 0
0 0
0 0
0 0
0 0
0 0
0 0
0 0
0 0
0 0
0 0
0 0
0 0
0 0
0 0
0 0
0 0
0 0
0 0
0 0
0 0
0 0
0 0
0 0
0 0
0 0
0 0
0 0
0 0
0 0
0 0
0 0
0 0
0 0
0 0
0 0
0 0
0 0
0 0
0 0
0 0
0 0
0 0
592 817
592 818
0 0
818 819
819 598
592 820
0 0
820 821
821 606
756 822
0 0
822 823
823 816
756 824
0 0
824 825
825 330
2026
0 1
421 0
793 0
1 2
1 793
2 3
2 793
3 4
793 3
4 5
4 793
5 6
793 5
6 7
793 6
6 794
7 8
794 7
8 9
8 794
9 10
731 9
9 794
10 11
731 10
801 10
11 12
801 11
12 13
12 801
812 12
13 14
13 812
14 15
811 14
14 812
15 16
15 811
15 813
16 17
813 16
17 18
813 17
18 19
18 498
813 18
19 20
498 19
20 21
493 20
20 498
21 22
21 493
22 23
491 22
22 493
23 24
25 23
23 491
24 25
25 26
25 491
26 27
26 491
26 492
27 28
27 492
495 27
28 29
28 30
495 28
28 626
29 30
30 31
626 30
31 32
625 31
626 31
628 31
32 33
628 32
33 34
628 33
34 35
37 34
627 34
34 628
35 36
37 35
36 37
37 38
627 37
38 39
38 627
38 751
39 40
751 39
40 41
40 751
41 42
751 41
42 43
629 42
751 42
43 44
629 43
43 738
44 45
738 44
45 46
738 45
45 739
46 47
46 739
47 48
47 739
48 49
556 48
739 48
49 50
49 556
50 51
556 50
51 52
476 51
556 51
52 53
52 476
53 54
53 476
676 53
54 55
54 676
55 56
676 55
679 55
56 57
679 56
57 58
57 677
57 679
58 59
677 58
58 682
59 60
682 59
60 61
60 682
683 60
61 62
61 683
62 63
62 683
63 64
683 63
64 65
64 683
64 687
65 66
687 65
66 67
687 66
66 689
67 68
689 67
68 69
689 68
691 68
69 70
691 69
70 71
623 70
70 691
71 72
71 623
72 73
72 623
73 74
73 456
73 623
73 714
74 75
74 714
75 76
75 714
715 75
76 77
561 76
715 76
77 78
77 561
584 77
78 79
78 584
79 80
79 584
80 81
80 537
584 80
81 82
537 81
562 81
82 83
562 82
83 84
83 534
562 83
84 85
84 534
85 86
533 85
534 85
86 87
533 86
87 88
533 87
88 89
487 88
533 88
785 88
89 90
785 89
90 91
90 785
91 92
91 780
782 91
785 91
92 93
782 92
93 94
93 776
93 782
94 95
94 776
95 96
766 95
776 95
96 97
96 766
97 98
97 701
97 766
98 99
98 701
99 100
528 99
701 99
100 101
100 528
101 102
101 528
102 103
478 102
528 102
103 104
103 106
103 478
104 105
106 104
105 106
106 107
478 106
106 485
107 108
116 107
107 485
108 109
110 108
108 116
109 110
110 111
113 110
115 110
116 110
111 112
113 111
112 113
113 114
113 115
114 115
115 116
116 117
116 485
117 118
485 117
118 119
118 485
119 120
485 119
120 121
120 478
120 485
121 122
121 478
122 123
478 122
528 122
123 124
528 123
124 125
528 124
124 701
125 126
701 125
126 127
701 126
127 128
127 701
766 127
128 129
766 128
129 130
129 766
776 129
130 131
776 130
131 132
131 776
132 133
132 776
780 132
133 134
780 133
781 133
134 135
781 134
135 136
781 135
136 137
535 136
136 781
137 138
535 137
138 139
486 138
535 138
139 140
139 486
140 141
479 140
486 140
141 142
141 479
142 143
142 479
143 144
143 479
536 143
144 145
144 536
144 580
145 146
145 580
146 147
146 580
147 148
560 147
147 580
148 149
560 148
148 581
149 150
149 581
150 151
581 150
708 150
151 152
708 151
152 153
152 707
152 708
712 152
153 154
712 153
730 153
154 155
154 730
155 156
155 523
155 730
156 157
523 156
157 158
157 523
158 159
158 521
158 523
159 160
521 159
160 161
160 521
161 162
520 161
161 521
162 163
162 520
163 164
163 520
164 165
164 474
164 520
165 166
165 474
166 167
166 474
167 168
474 167
167 481
168 169
168 481
169 170
481 169
170 171
481 170
171 172
171 473
171 481
172 173
172 473
173 174
173 473
174 175
473 174
175 176
473 175
175 482
176 177
459 176
176 482
177 178
177 459
178 179
459 178
179 180
459 179
733 179
180 181
733 180
181 182
733 181
182 183
614 182
617 182
733 182
183 184
183 617
184 185
617 184
185 186
617 185
186 187
512 186
186 615
186 617
187 188
187 512
188 189
512 188
189 190
189 468
189 512
190 191
190 468
190 545
191 192
545 191
191 569
192 193
192 466
192 569
193 194
193 466
194 195
466 194
194 503
195 196
464 195
503 195
196 197
464 196
197 198
197 464
198 199
464 198
199 200
464 199
501 199
200 201
501 200
201 202
501 201
202 203
202 501
672 202
203 204
203 672
673 203
204 205
204 673
205 206
673 205
205 779
206 207
779 206
207 208
207 779
208 209
777 208
779 208
208 783
209 210
209 783
210 211
783 210
211 212
211 772
783 211
212 213
212 772
213 214
734 213
213 772
214 215
214 734
215 216
624 215
734 215
216 217
624 216
217 218
217 461
217 624
218 219
220 218
461 218
219 220
220 221
220 461
500 220
221 222
500 221
540 221
222 223
540 222
223 224
223 540
224 225
224 540
225 226
237 225
540 225
226 227
226 237
227 228
236 227
237 227
228 229
235 228
236 228
229 230
229 231
234 229
235 229
230 231
231 232
233 231
234 231
232 233
233 234
234 235
235 236
236 237
237 238
242 237
243 237
237 540
238 239
241 238
238 242
239 240
241 239
240 241
241 242
242 243
243 244
540 243
244 245
540 244
245 246
245 500
540 245
246 247
246 500
247 248
461 247
247 500
248 249
248 461
249 250
461 249
624 249
250 251
624 250
251 252
251 624
251 734
252 253
252 734
253 254
253 734
254 255
254 734
772 254
255 256
255 772
255 778
256 257
256 778
257 258
778 257
258 259
258 778
258 784
259 260
259 480
259 784
260 261
260 480
261 262
261 480
262 263
262 480
529 262
263 264
529 263
264 265
529 264
265 266
465 265
529 265
266 267
266 465
267 268
465 267
504 267
268 269
504 268
269 270
504 269
269 541
270 271
541 270
271 272
507 271
541 271
272 273
507 272
273 274
273 458
506 273
273 507
274 275
274 458
789 274
275 276
275 789
276 277
516 276
276 547
276 789
277 278
277 547
278 279
547 278
279 280
471 279
547 279
279 575
280 281
280 575
281 282
575 281
282 283
551 282
575 282
282 702
283 284
702 283
284 285
284 702
285 286
285 475
285 702
286 287
475 286
287 288
287 475
287 484
531 287
288 289
288 531
289 290
289 531
290 291
531 290
291 292
477 291
531 291
292 293
477 292
293 294
293 477
530 293
294 295
530 294
295 296
295 530
296 297
296 483
530 296
296 640
297 298
297 640
298 299
298 639
640 298
299 300
299 639
300 301
300 639
301 302
301 635
639 301
302 303
302 635
303 304
303 635
304 305
472 304
634 304
304 635
305 306
472 305
306 307
472 306
307 308
307 472
307 601
308 309
601 308
309 310
309 601
310 311
601 310
602 310
311 312
315 311
602 311
312 313
312 314
312 315
313 314
314 315
315 316
315 602
316 317
602 316
317 318
317 585
602 317
318 319
318 585
586 318
319 320
319 586
320 321
539 320
563 320
586 320
321 322
563 321
322 323
324 322
322 499
322 563
323 324
324 325
499 324
671 324
325 326
325 671
326 327
326 671
327 328
671 327
327 792
328 329
792 328
329 330
329 792
330 331
790 330
792 330
330 809
331 332
331 809
332 333
332 809
332 810
333 334
810 333
334 335
810 334
335 336
335 806
335 810
336 337
336 806
337 338
806 337
338 339
338 796
797 338
338 806
339 340
797 339
340 341
787 340
797 340
341 342
787 341
341 803
342 343
803 342
343 344
802 343
803 343
344 345
802 344
345 346
345 802
346 347
346 348
802 346
347 348
348 349
802 348
349 350
802 349
350 351
350 802
351 352
802 351
804 351
352 353
804 352
353 354
353 804
354 355
354 804
355 356
786 355
355 788
804 355
356 357
356 788
357 358
788 357
358 359
455 358
358 788
359 360
361 359
359 455
360 361
361 362
361 455
798 361
362 363
798 362
363 364
363 798
364 365
364 796
364 798
365 366
796 365
365 807
366 367
807 366
367 368
807 367
368 369
368 805
368 807
369 370
805 369
369 808
370 371
370 808
371 372
808 371
372 373
372 790
808 372
373 374
790 373
373 791
374 375
791 374
375 376
375 791
376 377
376 511
376 544
376 791
377 378
377 544
378 379
544 378
379 380
467 379
544 379
380 381
380 467
381 382
467 381
542 381
382 383
542 382
383 384
383 509
542 383
543 383
384 385
543 384
566 384
384 587
385 386
566 385
385 704
386 387
386 704
387 388
387 704
387 705
388 389
632 388
705 388
389 390
538 389
632 389
390 391
538 390
391 392
391 538
392 393
538 392
393 394
393 496
538 393
669 393
394 395
669 394
395 396
395 669
396 397
396 497
669 396
397 398
397 497
397 670
398 399
670 398
399 400
670 399
815 399
400 401
400 815
401 402
401 815
402 403
814 402
402 815
403 404
814 403
403 816
404 405
404 816
405 406
405 800
405 816
406 407
406 800
407 408
407 613
407 800
408 409
613 408
409 410
613 409
410 411
410 613
411 412
613 411
732 411
412 413
412 732
413 414
454 413
413 732
414 415
414 454
415 416
415 454
795 415
416 417
416 795
417 418
417 795
418 419
795 418
419 420
793 419
795 419
420 421
420 793
421 793
422 668
422 735
740 422
422 742
743 422
744 422
422 745
422 746
423 667
668 423
704 423
705 423
745 423
423 748
525 424
619 424
424 620
424 622
424 716
424 719
720 424
425 479
425 486
487 425
488 425
533 425
425 534
488 426
536 426
537 426
426 560
426 561
582 426
706 427
427 707
713 427
427 722
427 723
427 726
427 728
703 428
428 753
763 428
764 428
428 775
429 491
429 493
494 429
496 429
429 497
429 669
494 430
498 430
430 670
811 430
430 813
814 430
430 815
431 552
431 591
694 431
697 431
699 431
492 432
495 432
432 496
432 538
432 632
432 750
464 433
433 465
501 433
502 433
504 433
433 672
674 433
434 505
508 434
434 513
434 514
434 572
434 593
598 434
466 435
435 502
435 503
435 505
435 506
507 435
480 436
672 436
436 673
674 436
779 436
436 784
437 467
437 499
437 509
510 437
539 437
564 437
510 438
438 511
438 671
438 791
438 792
625 439
439 630
439 736
439 746
747 439
737 440
738 440
440 739
740 440
741 440
646 441
441 649
650 441
441 661
441 665
522 442
442 523
525 442
442 718
442 719
442 724
730 442
443 489
519 443
553 443
443 618
443 621
512 444
444 546
444 615
616 444
619 444
445 678
681 445
755 445
445 759
445 760
445 765
578 446
446 641
446 642
644 446
446 754
447 684
447 686
688 447
447 696
758 447
761 447
548 448
448 550
552 448
448 570
448 590
449 633
634 449
635 449
449 637
638 449
661 449
449 665
589 450
450 599
600 450
633 450
659 450
587 451
451 588
451 650
660 451
451 666
452 518
520 452
452 521
522 452
452 553
473 453
474 453
481 453
453 482
489 453
453 518
519 453
454 731
454 732
454 794
454 795
455 787
788 455
455 797
455 798
456 623
713 456
714 456
456 728
456 729
457 610
457 692
693 457
457 727
457 770
457 771
506 458
458 508
458 572
789 458
459 482
489 459
614 459
618 459
733 459
460 623
460 690
691 460
692 460
727 460
729 460
461 500
624 461
462 557
576 462
462 579
462 698
700 462
463 495
463 625
463 626
463 747
749 463
463 750
501 464
464 502
503 464
465 504
529 465
465 674
466 503
505 466
466 514
569 466
467 509
510 467
467 542
467 544
512 468
545 468
468 546
675 468
554 469
469 555
653 469
469 662
469 755
470 477
483 470
484 470
470 532
577 470
470 578
471 547
471 548
471 550
575 471
600 472
472 601
633 472
472 634
473 481
473 482
474 481
474 518
474 520
484 475
557 475
475 576
702 475
554 476
476 555
476 556
476 676
477 483
477 484
530 477
477 531
478 485
528 478
479 486
479 488
536 479
529 480
674 480
480 784
489 482
483 530
578 483
483 640
483 641
531 484
532 484
557 484
486 487
535 486
533 487
487 535
781 487
487 785
488 534
488 536
537 488
488 562
519 489
489 618
490 581
490 582
490 583
706 490
490 707
490 708
492 491
493 491
496 491
492 495
496 492
493 494
498 493
497 494
498 494
494 670
626 495
750 495
496 538
496 669
497 669
497 670
813 498
499 510
539 499
563 499
499 671
500 540
501 672
502 503
502 504
502 507
502 541
541 504
506 505
508 505
505 514
506 507
506 508
507 541
572 508
509 542
543 509
564 509
509 568
511 510
544 510
671 510
544 511
791 511
512 546
512 615
513 514
545 513
513 569
595 513
513 598
513 675
514 569
515 546
620 515
675 515
515 716
515 767
516 547
548 516
570 516
516 574
789 516
550 517
517 551
517 552
517 576
698 517
517 699
518 519
518 520
518 553
519 553
520 521
521 522
523 521
523 522
522 524
525 522
553 522
523 730
525 524
524 553
621 524
622 524
525 622
525 719
526 554
676 526
526 678
526 679
526 755
527 555
556 527
653 527
527 739
527 741
528 701
674 529
557 532
532 577
532 579
533 534
562 534
781 535
560 536
580 536
537 561
537 562
584 537
538 632
563 539
539 564
539 565
539 586
568 543
543 587
543 588
569 545
675 545
619 546
620 546
546 675
548 547
548 550
570 548
549 570
572 549
549 573
549 593
549 603
550 551
552 550
575 550
551 575
551 576
551 702
552 590
591 552
699 552
553 621
554 555
554 676
554 755
556 555
653 555
739 556
576 557
579 557
577 558
558 578
558 703
558 753
558 754
559 577
559 579
559 700
559 703
559 762
559 763
580 560
581 560
560 582
561 582
584 561
561 715
564 565
564 568
589 564
586 565
565 589
599 565
587 566
566 664
566 667
704 566
568 567
588 567
589 567
659 567
567 660
568 588
589 568
570 572
573 570
570 574
590 570
571 573
571 590
571 591
571 609
571 611
574 572
593 572
572 789
590 573
573 597
603 573
573 609
574 789
576 698
702 576
578 577
579 577
577 703
641 578
578 754
700 579
582 581
581 708
583 582
582 715
583 706
583 713
714 583
583 715
586 585
599 585
585 600
585 601
602 585
586 599
587 588
664 587
666 587
588 660
599 589
659 589
591 590
592 591
611 591
694 591
610 592
611 592
688 592
693 592
694 592
593 596
593 598
603 593
594 596
605 594
607 594
594 711
717 594
594 769
598 595
595 675
767 595
768 595
596 598
596 603
605 596
596 768
596 769
597 603
605 597
608 597
597 609
598 768
599 600
601 600
633 600
602 601
603 605
608 604
604 609
610 604
604 611
604 771
605 607
605 608
607 606
608 606
606 725
726 606
727 606
606 770
608 607
711 607
725 607
609 608
608 770
608 771
609 611
611 610
610 693
771 610
613 612
731 612
732 612
612 800
801 612
613 732
800 613
615 614
617 614
614 618
733 614
616 615
615 617
618 615
618 616
616 619
621 616
618 621
619 620
619 621
622 619
716 620
621 622
623 691
623 729
734 624
625 626
628 625
625 630
625 747
627 628
627 630
736 627
627 751
628 630
629 736
737 629
629 738
629 751
736 630
631 632
705 631
631 748
631 749
750 631
632 705
632 750
633 634
633 659
633 661
635 634
635 637
635 639
636 637
636 638
636 639
636 640
641 636
642 636
637 638
639 637
638 642
638 645
638 646
638 665
639 640
640 641
641 642
642 644
645 642
644 643
643 651
643 654
643 658
773 643
643 774
644 645
648 644
644 651
644 754
644 773
645 646
645 648
648 646
646 649
646 665
648 647
647 649
647 651
647 655
657 647
647 663
649 648
648 651
650 649
663 649
660 650
650 661
650 663
650 666
651 654
655 651
652 653
652 654
652 655
652 662
741 652
652 742
662 653
741 653
654 655
654 658
662 654
655 657
655 742
655 743
658 656
662 656
656 755
756 656
774 656
657 663
657 664
668 657
743 657
658 662
774 658
659 660
659 661
660 661
665 661
755 662
664 663
663 666
664 666
664 667
668 664
667 668
667 704
743 668
668 745
670 815
792 671
672 673
674 672
779 673
767 675
676 679
677 678
677 679
677 681
677 682
679 678
681 678
678 755
681 680
682 680
680 683
680 684
680 760
761 680
682 681
681 760
683 682
683 684
683 687
686 684
687 684
684 761
685 686
687 685
688 685
685 689
690 685
685 693
686 687
686 688
689 687
693 688
694 688
696 688
688 697
689 690
689 691
691 690
692 690
693 690
692 693
692 727
697 694
696 695
697 695
698 695
700 695
695 757
695 758
695 762
697 696
758 696
698 697
697 699
699 698
700 698
700 762
766 701
753 703
703 763
705 704
705 748
707 706
706 713
708 707
712 707
723 707
709 712
709 721
722 709
723 709
724 709
709 730
711 710
710 717
718 710
721 710
722 710
710 725
711 717
711 725
723 712
730 712
714 713
713 728
714 715
716 717
720 716
716 767
716 769
718 717
720 717
769 717
719 718
718 720
721 718
718 724
719 720
721 722
721 724
722 723
722 725
726 722
724 730
725 726
727 726
728 726
727 728
727 729
770 727
729 728
731 732
731 794
731 801
734 772
736 735
737 735
740 735
735 746
736 737
736 746
736 751
738 737
737 740
738 739
739 741
741 740
742 740
741 742
742 743
744 745
744 746
747 744
744 748
748 745
746 747
747 748
747 749
749 748
749 750
752 753
754 752
773 752
774 752
775 752
753 754
753 775
754 773
756 755
765 755
764 756
765 756
756 774
775 756
757 758
759 757
762 757
757 763
757 764
758 759
760 758
758 761
759 760
764 759
765 759
761 760
763 762
764 763
764 765
775 764
776 766
767 768
769 767
768 769
770 771
778 772
783 772
773 774
775 774
776 780
782 776
777 778
777 779
783 777
777 784
778 783
784 778
784 779
780 781
782 780
780 785
785 781
786 787
788 786
786 803
804 786
788 787
787 797
803 787
791 790
790 792
790 808
809 790
792 791
793 794
795 793
795 794
797 796
798 796
806 796
807 796
798 797
799 800
801 799
811 799
812 799
814 799
816 799
800 801
816 800
812 801
802 803
802 804
804 803
805 806
807 805
805 808
809 805
805 810
806 807
806 810
808 809
810 809
812 811
811 813
814 811
814 815
816 814
