712
189 501
185 497
186 492
189 488
192 484
194 479
194 474
197 469
196 464
196 459
196 454
196 449
196 444
196 439
197 434
197 429
196 424
195 419
195 414
195 409
195 404
195 399
194 394
194 389
194 384
194 379
195 374
196 369
199 367
201 362
201 357
202 352
202 347
203 342
203 337
203 332
203 327
203 322
203 317
203 312
203 307
203 302
203 297
203 292
203 287
203 282
203 277
203 272
201 267
201 262
201 257
201 252
202 247
203 242
203 237
206 233
208 228
208 223
211 218
212 213
213 208
214 203
216 198
219 193
222 188
225 184
225 179
225 174
223 169
221 164
220 159
218 154
215 150
210 147
206 144
201 142
196 142
191 142
186 141
181 140
176 140
171 138
167 136
162 136
158 138
153 138
148 137
143 138
138 138
133 138
128 138
123 138
118 136
113 138
108 142
103 145
98 148
93 150
88 153
83 154
78 156
73 157
68 157
66 153
65 148
66 143
65 138
65 134
60 134
55 136
50 138
45 138
40 140
35 141
36 138
41 136
43 133
38 132
33 133
28 133
23 135
18 138
15 137
16 134
11 136
8 135
12 131
17 128
22 127
27 125
32 125
37 124
42 124
47 123
52 123
57 123
62 123
64 119
64 114
65 111
70 112
75 113
80 114
85 114
90 116
95 116
100 118
105 119
110 120
115 120
120 120
125 118
130 119
135 119
140 119
145 119
150 118
155 118
160 118
165 118
170 118
175 119
180 119
185 118
190 118
195 116
200 119
205 118
210 116
215 116
220 116
225 118
230 115
227 112
222 110
218 105
216 100
215 95
214 90
214 85
214 80
214 75
214 70
215 65
215 60
216 55
218 50
220 46
222 41
224 36
227 32
231 28
235 25
240 22
245 23
250 22
255 22
260 22
265 22
270 24
275 28
278 32
281 35
284 40
287 44
287 49
288 54
289 59
289 64
289 69
289 74
289 79
289 84
289 89
289 94
287 99
286 104
286 109
291 107
296 107
301 107
306 107
311 109
316 111
320 113
325 114
330 116
333 118
338 119
343 119
348 119
353 119
358 120
363 120
368 120
373 120
378 120
383 119
388 120
393 120
398 121
403 121
408 121
413 121
417 123
422 123
427 123
432 123
436 122
441 123
446 123
451 123
456 123
461 123
466 124
471 124
476 125
481 125
486 127
491 129
496 131
499 135
495 136
490 135
490 138
486 136
481 134
476 133
471 132
466 133
464 136
469 137
474 140
469 140
464 139
459 138
454 137
449 135
444 133
439 135
434 135
429 134
424 134
420 135
415 135
410 135
405 135
400 135
395 136
390 136
385 138
380 137
375 136
370 136
365 136
360 136
355 136
350 136
345 136
340 136
335 136
330 136
325 136
320 136
315 136
310 137
305 136
300 137
295 141
292 145
289 150
289 155
287 160
286 165
284 170
282 175
282 180
282 185
286 189
288 194
292 199
293 204
295 209
296 214
299 216
301 221
303 225
306 230
307 235
306 240
306 245
306 250
306 255
306 260
306 265
304 269
304 274
304 279
304 284
304 289
304 294
304 299
304 304
304 309
304 314
304 319
304 324
304 329
304 334
305 339
306 344
305 349
305 354
306 359
306 364
309 368
311 373
311 378
310 383
311 388
311 393
312 398
312 403
311 408
311 413
311 418
311 423
310 428
309 433
309 438
309 443
309 448
308 453
309 458
309 463
309 468
313 473
315 478
316 483
319 488
323 493
322 498
318 501
313 501
308 501
303 501
298 501
293 501
288 501
283 500
281 495
281 490
280 485
280 480
281 475
282 470
283 465
283 460
283 455
283 450
281 445
281 440
280 435
278 430
277 425
276 420
275 415
274 410
273 405
273 400
273 395
273 390
273 385
273 380
272 375
271 370
273 365
273 360
273 355
273 350
272 345
271 340
271 335
270 330
269 325
269 320
268 315
267 310
266 305
264 300
263 295
261 290
260 285
259 280
259 275
258 270
257 265
253 261
250 265
249 270
248 275
248 280
247 285
246 290
244 295
243 300
241 305
240 310
239 315
239 320
238 325
238 330
236 335
236 340
234 345
234 350
234 355
234 360
234 365
238 369
239 374
239 379
239 384
239 389
239 394
239 399
239 404
238 409
237 414
236 419
234 424
233 429
232 434
231 439
231 444
230 449
230 454
230 459
229 464
229 469
228 473
228 478
228 483
227 488
227 493
226 498
221 501
216 501
211 501
206 501
201 501
196 501
191 501
190 501
252.019 64.5096
273.765 237.118
248.833 93.1668
225.433 274.5
216.5 381.5
216 411.5
253.465 181.5
233.108 240.943
223.262 295.005
281.456 277.5
243.886 44.8864
267.3 81.5
244.325 211.595
266.835 50.7218
285.878 226.516
218.074 242.025
81.8043 130.978
193.872 129.782
216.983 132.084
211.004 478.651
220.54 326.708
293.909 122.545
310 123.28
289.719 371.722
294.901 442.42
288.864 344
215.208 264.358
226.797 374.891
256.036 148.607
242.731 164.008
241.963 33.817
265.928 202.215
262.273 36.6331
272.409 151.882
233.716 40.9515
279.368 204.566
251.759 37.817
254.976 49.3175
73.7311 123.757
227.212 386.863
214.551 367.139
215.693 396.491
224.554 227.063
205.396 131.247
301.751 127.38
214.2 275.601
220.73 284.369
233.867 284.575
213.393 291.736
236.742 273.601
226.524 254.46
230.346 264.718
240.312 255.164
272.109 41.2315
269.889 127.489
274.304 193.925
262.373 190.247
252.052 199.824
267.294 176.325
269.86 219.326
206.7 375.517
206.039 387.617
205.38 398.022
227.253 398.617
225.213 236.233
233.631 294.942
215.274 253.016
240.418 264.748
253.486 239.555
281.065 120.963
286.193 132.261
235.628 197.465
256.212 167.775
271.502 209.942
281.355 215.917
205.684 408.706
243.591 244.568
252.695 250.265
264.517 245.754
283.005 256.281
293.874 262.028
275.4 248.139
290.147 241.989
270.044 260.763
284.271 267.04
292.594 274.889
243.287 202.492
251.611 158.232
263.086 158.58
273.851 163.726
261.446 255.407
232.313 96.0877
183.06 129.378
215.459 489.388
203.408 488.096
321.26 124.718
302.227 116.95
295.578 454.98
291.482 357.793
295.907 349.808
296.757 365.537
283.186 363.819
282.926 352.273
240.361 226.897
232.349 216.657
221.806 216.881
226.845 205.84
254.957 222.514
246.329 220.279
256.016 210.848
264.322 229.866
249.435 230.621
266.233 140.193
247.729 128.154
276.195 136.182
255.092 137.077
258.771 126.542
250.825 110.741
268.356 108.721
265.06 118.437
277.123 112.338
275.891 227.327
226.87 409.639
239.31 183.632
245.18 174.545
235.17 171.318
247.546 190.26
295.348 251.388
283.132 235.599
295.02 232.319
270.632 272.621
237.528 77.4042
295.807 468.172
232.548 131.62
239.449 146.811
244.84 138.038
224.624 127.11
238.388 122.219
225.069 142.047
229.545 152.62
230.778 162.444
280.079 145.425
242.025 102.838
258.58 100.962
259.577 89.7242
250.54 80.0072
273.16 94.7413
245.435 71.7006
231.952 61.3401
235.528 51.379
245.573 55.6843
259.606 73.0531
263.481 61.9718
276.14 59.6207
271.616 70.5183
278.051 79.3861
240.897 63.6528
277.128 49.7678
279.825 88.4075
239.401 87.9964
226.193 72.3391
227.45 84.678
96.3138 132.076
89.5176 125.467
88.4265 139.886
77.1961 141.319
106.505 129.833
212.5 462.111
217.876 470.935
206.691 469.924
223.517 310.995
231.074 304.543
228.585 320.094
214.248 317.378
214.626 303.378
293.824 426.177
299.446 433.961
289.486 434.622
286.924 326.905
293.656 334.799
281.612 336.166
218.03 351.482
210.759 358.081
222.432 339.414
212.996 342.809
212.846 332.921
223.283 360.864
296.547 484.61
290.329 491.791
302.508 476.106
290.732 476.636
213.24 444.865
219.26 453.762
206.627 453.22
306.759 489.671
216.179 428.311
223.646 420.19
220.707 437.653
207.839 435.368
207.309 420.448
292.067 390.655
284.396 381.994
298.238 380.278
285.471 308.424
292.775 317.148
280.004 318.152
293.22 408.402
300.022 417.069
286.843 417.516
284.841 400.035
282.264 391.073
283.157 409.083
300.3 399.031
279.126 293.525
271.756 284.342
290.949 287.884
288.648 298.271
276.295 303.531
712
187.807 500.198
189.01 499.212
190.269 498.18
200.052 492.342
203.078 490.684
211.272 486.209
211.946 481.373
212.997 473.863
213.405 463.679
213.291 458.706
213.144 454.259
213.275 450.097
213.418 445.859
213.567 441.8
213.784 436.366
214.939 424.266
215.288 420.602
215.616 417.014
215.906 413.74
216.286 409.555
216.649 403.635
217.054 396.534
216.961 390.797
216.894 386.477
216.722 382.528
216.578 379.336
216.271 376.927
215.837 377.126
216.089 376.963
216 368.995
215.735 359.098
216.305 350.441
216.472 347.718
216.804 342.198
217.506 336.673
218.12 332.023
219.345 325.471
219.754 323.251
220.606 318.63
221.649 311.147
221.998 308.656
222.647 303.626
223.074 298.811
223.545 294.024
222.283 288.556
221.601 285.686
219.275 276.449
219.108 265.983
219.135 259.035
219.437 257.243
219.715 255.737
220.409 251.784
221.424 248.818
222.305 246.762
223.423 244.181
225.369 240.437
230.796 230.41
234.814 225.882
238.045 221.2
240.506 216.652
241.059 214.989
240.37 214.736
240.931 214.823
245.15 212.468
250.141 208.687
251.311 197.104
252.017 181.915
252.075 167.547
251.966 157.802
251.894 153.826
251.637 148.939
249.873 141.414
242.376 136.108
226.634 133.811
212.925 131.796
199.434 130.041
193.08 129.57
189.676 129.411
186.632 129.341
182.414 129.24
178.564 129.123
174.531 129.004
168.262 127.309
161.943 127.176
156.045 127.523
153.182 127.781
148.145 128.203
142.067 128.702
137.465 128.922
132.891 128.821
128.82 128.425
125.808 128.11
118.498 127.972
108.845 129.09
99.1258 130.22
92.9 130.951
88.3529 131.325
84.0377 132.478
81.6564 136.114
80.7647 137.461
74.6133 147.086
75.5538 145.596
66.6771 159.445
69.2316 155.506
72.9775 149.66
78.4713 141.016
81.5052 131.835
80.1887 128.516
28.8426 132.077
50.047 129.502
47.6838 131.065
44.2724 133.499
38.8545 137.415
34.8369 140.318
35.6004 139.767
41.0712 135.813
44.9371 133.075
40.2947 129.89
32.3102 128.135
35.0281 129.107
16.2089 133.324
15.4982 135.008
15.1776 135.494
16.2349 133.896
9.32188 135.032
8.14254 135.378
11.683 134.339
18.3664 132.152
22.2627 130.51
27.5648 128.412
32.2323 128.138
37.2758 129.153
42.8342 130.518
47.7909 131.039
50.1124 129.5
58.9601 129.148
75.3893 128.584
75.0386 123.486
67.0746 113.874
65.541 112.023
69.897 117.275
75.473 123.972
80.269 128.975
82.4903 129.983
85.4996 131.362
90.4205 131.23
92.948 130.938
102.579 129.817
109.826 128.975
116.962 128.148
126.029 128.139
126.271 128.166
127.66 128.307
129.84 128.505
138.675 128.892
119.049 129.213
163.093 127.377
155.611 127.566
159.524 127.15
164.149 127.211
168.366 127.33
174.33 128.986
180.693 129.178
185.928 129.326
189.822 129.415
191.673 129.528
193.689 129.651
204.096 130.442
210.504 131.441
214.914 132.089
223.021 133.281
243.156 135.189
254.389 122.084
252.465 93.9601
247.069 82.955
243.712 83.2547
242.872 83.3159
244.084 82.6511
243.988 82.6469
244.774 82.0339
247.685 77.657
248.688 73.417
249.499 69.891
250.613 62.6782
250.939 60.4683
251.265 57.7493
251.612 54.1525
252.066 49.5217
248.757 43.7914
244.817 38.164
244.342 37.6469
243.125 36.3451
241.142 34.0338
238.57 31.0334
245.86 39.5137
251.588 44.1607
256.685 44.698
261.054 42.1045
262.603 40.2017
262.44 40.4144
261.494 42.1745
262.175 42.4395
262.439 42.5455
264.303 42.2602
267.256 40.2397
265.972 41.1232
262.736 44.0109
256.537 50.3227
254.912 55.4313
253.644 57.9727
252.567 68.8248
252.195 75.6428
252.546 79.7785
253.032 82.2046
252.688 82.5106
252.25 89.6756
254.481 107.195
257.247 130.75
282.627 124.987
296.741 122.634
305.779 121.127
307.495 120.878
309.727 120.559
314.582 120.472
318.517 122.491
322.921 124.592
327.055 125.899
324.291 124.734
336.622 127.529
342.649 127.759
341.338 127.673
352.556 127.901
357.282 127.929
362.897 127.959
368.039 127.984
373.441 128.01
379.274 128.036
383.4 128.044
387.153 128.043
392.112 127.975
397.586 127.883
403.707 127.781
408.684 127.712
411.871 127.938
413.441 128.272
420.727 129.236
431.062 128.605
435.272 128.181
436.013 128.109
439.885 128.013
445.618 128.038
451.454 128.102
457.417 130.02
459.791 130.877
464.038 129.393
470.916 126.923
475.915 128.119
480.165 129.323
484.621 130.995
489.515 133.034
495.056 133.99
498.936 134.656
497.145 134.348
493.944 133.976
492.566 134.42
488.332 132.539
486.852 131.646
476.557 128.278
477.18 129.901
460.771 130.991
468.069 136.673
471.533 139.112
473.842 140.356
469.532 138.039
465.261 134.8
461.214 131.286
457.929 130.192
471.786 131.835
438.744 128.101
436.665 128.07
434.603 128.228
429.908 128.642
423.323 129.222
419.633 129.129
415.463 128.694
411.287 127.829
406.692 127.739
419.211 128.327
393.095 127.959
387.727 128.041
384.615 128.041
385.66 128.041
377.832 128.03
371.266 128
382.222 128
348.77 127.797
353.797 127.909
350.31 127.882
345.549 127.833
340.651 127.703
335.827 127.483
330.914 127.128
326.532 125.711
321.93 124.222
317.924 122.192
315.012 120.597
308.482 120.738
287.813 124.123
262.441 128.351
257.231 133.887
253.397 140.695
251.997 145.486
252.094 149.359
252.085 152.634
252.049 157.067
252.032 163.213
252.181 184.78
252.503 198.06
254.607 209.593
257.636 213.822
260.834 217.402
262.678 218.796
267.148 222.488
278.056 231.057
280.04 232.488
283.849 235.251
288.147 237.734
295.042 236.013
295.108 235.997
288.252 237.692
287.327 239.618
289.744 243.658
289.899 249.041
289.795 253.904
289.639 255.974
289.013 260.351
287.807 269.834
286.577 277.867
286.042 281.128
284.533 290.539
283.964 295.665
283.527 300.837
284.138 305.807
284.725 310.743
285.366 315.552
285.998 320.174
286.689 325.007
287.419 330.227
288.273 336.49
288.651 342.83
288.739 344.219
288.938 347.246
289.321 354.392
289.706 361.853
290.118 370.154
290.331 374.786
290.414 375.879
290.469 377.14
290.479 379.547
290.357 389.328
290.226 395.281
290.117 400.272
290.246 402.783
290.48 407.429
291.559 413.701
292.498 419.072
293.138 422.471
293.856 426.316
294.527 432.476
295.181 438.546
295.678 443.171
295.62 447.055
295.652 452.387
295.701 458.894
295.728 462.116
295.867 476.237
298.05 485.156
298.985 486.032
301.441 488.521
312.342 493.594
321.045 497.623
321.512 497.839
320.635 497.433
312.118 493.484
307.251 491.224
300.138 487.755
296.63 485.296
293.36 488.804
284.533 497.968
282.585 499.983
286.32 496.119
293.015 489.163
294.955 485.176
295.243 484.299
295.968 482.164
295.895 476.672
295.787 469.25
295.723 461.488
295.665 454.51
295.625 447.936
295.599 442.838
295.198 438.695
294.463 431.937
293.812 426.041
292.986 421.618
292.071 416.753
291.172 411.692
290.428 407.254
290.3 404.247
290.101 401.069
290.21 396.174
290.326 390.913
290.44 384.791
290.394 377.845
290.23 372.835
290.125 370.561
289.982 367.488
289.664 361.006
289.343 354.672
288.96 347.938
288.785 345.126
288.353 338.123
287.899 333.566
287.122 328.073
286.515 323.802
285.854 319.179
284.698 310.525
284.342 307.854
283.67 301.824
283.718 296.674
284.217 292.039
284.95 287.815
285.289 285.857
285.911 282.389
287.076 275.576
288.45 260.908
285.61 238.248
250.667 200.889
224.465 240.595
219.8 263.69
219.338 276.536
220.785 282.34
221.639 285.77
222.638 290.123
223.092 292.127
223.462 296.148
222.891 301.507
222.056 308.216
221.632 311.359
220.451 319.686
219.775 323.244
219.159 326.374
218.453 330.728
217.729 335.189
217.054 341.357
216.449 348.796
216.063 355.706
215.739 363.484
216.223 372.75
216.539 377.903
216.554 377.918
216.662 380.962
216.751 382.842
216.94 388.012
217.053 393.644
217.139 398.778
216.773 403.664
216.663 405.324
216.392 408.849
216.045 412.492
215.562 417.73
214.884 424.837
214.264 431.522
213.626 438.727
213.479 443.905
213.398 446.486
213.143 454.754
213.274 458.875
213.33 456.361
213.205 469.619
213.006 474.161
211.979 481.176
211.309 485.093
213.056 489.188
216.284 492.09
224.323 499.319
221.029 496.359
216.684 492.449
210.766 487.149
210.025 487.354
202.25 491.081
194.25 494.915
189.353 498.931
188.396 499.715
252.518 58.6875
274.391 228.68
251.33 87.9459
218.883 274.122
216.338 378.044
216.237 410.596
252.025 184.592
239.714 220.427
223.588 295.759
286.615 277.459
250.594 44.6852
252.354 72.9344
248.604 211.47
258.742 46.3055
282.057 234.293
223.671 243.923
83.317 130.893
192.667 129.574
211.767 131.828
211.595 483.485
218.956 327.787
290.523 123.671
314.559 120.425
290.171 371.554
295.636 442.88
288.703 343.744
219.868 260.365
216.523 377.969
251.962 145.302
251.941 156.214
246.119 40.2603
253.001 209.498
260.997 43.2294
252.034 145.358
245.893 39.44
258.445 214.948
251.569 44.7958
256.27 48.1401
74.104 123.11
216.922 388.83
216.021 369.703
219.556 356.444
236.743 223.185
201.475 130.214
301.517 122.76
219.172 275.731
221.627 285.74
221.463 285.155
221.437 285.278
220.362 280.561
221.504 249.568
219.452 258.385
224 251.556
262.246 42.7582
256.948 130.878
252.108 208.294
252.023 196.257
251.792 204.741
252.05 191.049
262.079 218.576
216.546 378.704
216.884 387.613
217.055 396.621
217.137 398.363
230.432 230.976
223.522 295.323
220.172 253.409
220.533 258.357
252.719 214.067
257.866 129.192
259.475 131.181
251.066 206.642
252.022 166.256
258.5 215.432
264.99 220.712
216.547 405.759
239.263 224.264
252.269 214.294
273.056 227.986
290.016 245.037
289.798 252.095
285.327 238.003
286.843 238.861
289.598 244.738
289.304 256.917
287.181 273.447
250.482 208.439
251.999 154.747
252.045 153.426
252.106 144.076
284.937 247.644
247.847 82.9849
199.111 121.778
210.839 487.203
213.521 489.537
319.714 122.984
308.067 120.8
295.703 458.706
290.667 357.333
288.762 344.624
290.187 371.785
289.795 363.639
288.892 346.856
242.916 215.262
241.326 216.6
240.291 217.255
243.514 213.504
252.873 213.473
247.966 212.861
252.639 211.755
261.049 217.387
248.502 212.15
254.05 137.938
254.767 133.947
256.873 133.741
253.354 137.678
256.615 132.352
255.065 113.629
255.121 112.584
256.012 123.425
255.344 114.885
272.34 226.86
216.611 405.902
251.833 194.85
252.054 168.924
252.075 167.426
251.819 195.932
289.83 244.094
282.71 235.038
286.714 237.864
288.319 263.47
249.855 73.5632
295.78 466.861
247.803 135.406
251.289 143.854
251.586 138.481
243.493 135.831
251.556 125.333
244.959 136.113
251.384 144.29
251.788 152.481
252.574 138.884
0 0
253.538 99.4119
251.426 86.612
250.497 74.6052
251.839 88.3119
250.745 66.746
252.481 57.7204
253.333 60.4444
252.762 51.7678
251.648 64.7326
253.446 56.799
257.585 48.3864
252.556 63.7748
252.363 77.6004
251.578 59.4152
262.765 43.4269
252.763 82.2859
246.027 81.9839
249.085 71.7897
247.414 78.8779
91.7395 131.043
117.333 126.222
84.3323 132.051
81.5857 133.925
102.363 129.826
213.415 463.346
213.056 473.325
206.148 488.982
222.206 306.786
222.748 302.821
220.397 320.019
0 0
222.238 306.351
292.938 421.297
294.957 448.753
294.714 434.211
287.37 329.852
0 0
288.274 336.907
216.322 357.942
215.737 359.382
217.668 335.421
216.558 346.287
217.787 334.509
216.051 369.175
296.325 484.96
288.937 493.396
295.901 484.377
295.986 482.068
213.456 444.914
213.304 451.564
213.144 454.124
302.458 491.47
214.504 428.914
215.586 417.476
213.641 438.489
214.042 435.064
214.07 441.223
290.382 403.025
290.447 379.548
290.46 379.14
284.389 307.954
285.738 318.337
284.854 311.629
290.514 407.777
292.044 416.436
292.3 417.903
290.102 400.985
290.317 391.349
290.482 407.676
290.239 402.974
283.749 295.717
285.294 285.89
283.809 297.864
283.501 300.394
283.6 301.46
1639
0 0
0 0
0 0
0 0
0 0
0 0
0 0
0 0
0 0
0 0
0 0
0 0
0 0
0 0
0 0
0 0
0 0
0 0
0 0
663 535
0 0
0 0
0 0
0 0
0 0
0 0
0 0
0 0
0 0
0 0
0 0
0 0
0 0
0 0
0 0
0 0
0 0
0 0
0 0
0 0
0 0
0 0
0 0
0 0
0 0
0 0
0 0
0 0
0 0
0 0
0 0
0 0
0 0
0 0
0 0
0 0
0 0
0 0
0 0
0 0
0 0
0 0
0 0
0 0
0 0
0 0
0 0
0 0
0 0
0 0
0 0
0 0
0 0
0 0
0 0
0 0
0 0
0 0
0 0
0 0
0 0
0 0
0 0
535 546
0 0
0 0
0 0
0 0
0 0
0 0
0 0
0 0
0 0
0 0
0 0
0 0
0 0
0 0
0 0
0 0
0 0
0 0
0 0
0 0
0 0
0 0
0 0
0 0
0 0
0 0
0 0
0 0
0 0
0 0
0 0
0 0
0 0
0 0
0 0
0 0
0 0
0 0
0 0
0 0
0 0
0 0
0 0
0 0
0 0
0 0
0 0
0 0
0 0
0 0
0 0
546 437
0 0
0 0
0 0
0 0
0 0
0 0
0 0
0 0
0 0
0 0
0 0
0 0
0 0
0 0
0 0
0 0
0 0
0 0
0 0
0 0
0 0
0 0
0 0
0 0
0 0
0 0
0 0
0 0
0 0
0 0
437 631
0 0
0 0
0 0
0 0
0 0
0 0
0 0
0 0
0 0
0 0
0 0
0 0
631 586
0 0
0 0
0 0
0 0
0 0
0 0
0 0
0 0
0 0
0 0
0 0
0 0
0 0
0 0
0 0
0 0
0 0
0 0
0 0
0 0
0 0
0 0
0 0
0 0
0 0
0 0
0 0
0 0
0 0
0 0
0 0
0 0
0 0
0 0
0 0
0 0
0 0
0 0
0 0
0 0
0 0
0 0
0 0
0 0
0 0
0 0
0 0
0 0
0 0
0 0
0 0
0 0
0 0
0 0
0 0
0 0
0 0
0 0
0 0
0 0
0 0
0 0
0 0
0 0
0 0
586 657
0 0
0 0
0 0
0 0
0 0
0 0
0 0
0 0
0 0
0 0
0 0
0 0
0 0
0 0
0 0
0 0
0 0
0 0
0 0
0 0
0 0
0 0
0 0
657 108
0 0
0 0
0 0
0 0
0 0
0 0
0 0
0 0
0 0
0 0
0 0
0 0
0 0
0 0
0 0
0 0
0 0
0 0
0 0
0 0
0 0
0 0
0 0
0 0
0 0
0 0
0 0
0 0
0 0
0 0
0 0
0 0
0 0
0 0
0 0
0 0
0 0
0 0
0 0
0 0
0 0
0 0
0 0
0 0
0 0
0 0
0 0
0 0
0 0
0 0
0 0
0 0
0 0
0 0
0 0
0 0
0 0
0 0
0 0
0 0
0 0
0 0
0 0
0 0
0 0
0 0
0 0
0 0
0 0
0 0
0 0
0 0
0 0
0 0
0 0
0 0
0 0
0 0
0 0
0 0
0 0
0 0
0 0
0 0
0 0
0 0
0 0
0 0
0 0
0 0
0 0
0 0
0 0
0 0
0 0
0 0
0 0
0 0
0 0
0 0
0 0
0 0
0 0
0 0
0 0
0 0
0 0
0 0
0 0
0 0
0 0
0 0
0 0
0 0
0 0
0 0
0 0
0 0
0 0
0 0
0 0
0 0
0 0
0 0
0 0
0 0
0 0
0 0
0 0
631 643
0 0
0 0
0 0
0 0
0 0
0 0
0 0
0 0
0 0
0 0
0 0
0 0
0 0
0 0
0 0
0 0
0 0
0 0
0 0
0 0
0 0
0 0
0 0
0 0
0 0
0 0
0 0
0 0
0 0
0 0
0 0
0 0
0 0
0 0
0 0
0 0
0 0
0 0
0 0
0 0
0 0
0 0
0 0
0 0
0 0
0 0
0 0
0 0
0 0
0 0
0 0
0 0
0 0
0 0
0 0
0 0
0 0
0 0
0 0
0 0
0 0
0 0
0 0
0 0
0 0
0 0
0 0
0 0
0 0
0 0
0 0
0 0
0 0
0 0
0 0
0 0
0 0
0 0
0 0
0 0
0 0
0 0
0 0
0 0
0 0
0 0
0 0
0 0
0 0
0 0
0 0
0 0
0 0
0 0
0 0
0 0
0 0
0 0
0 0
0 0
0 0
0 0
0 0
0 0
0 0
0 0
0 0
631 538
0 0
0 0
0 0
0 0
0 0
0 0
0 0
0 0
0 0
0 0
0 0
0 0
0 0
0 0
0 0
0 0
0 0
0 0
0 0
0 0
0 0
0 0
0 0
0 0
538 294
0 0
0 0
0 0
0 0
0 0
0 0
0 0
0 0
0 0
0 0
0 0
0 0
0 0
0 0
0 0
0 0
0 0
0 0
0 0
0 0
0 0
0 0
0 0
0 0
0 0
0 0
0 0
0 0
0 0
0 0
0 0
0 0
0 0
0 0
0 0
0 0
0 0
0 0
0 0
0 0
0 0
0 0
0 0
0 0
0 0
0 0
0 0
0 0
0 0
0 0
0 0
0 0
0 0
0 0
0 0
0 0
0 0
0 0
0 0
0 0
0 0
0 0
0 0
0 0
0 0
0 0
0 0
0 0
294 277
0 0
0 0
0 0
0 0
0 0
0 0
0 0
0 0
0 0
0 0
0 0
0 0
0 0
0 0
0 0
0 0
0 0
0 0
0 0
0 0
0 0
0 0
0 0
0 0
0 0
0 0
0 0
0 0
0 0
0 0
0 0
0 0
0 0
0 0
0 0
0 0
0 0
0 0
0 0
0 0
0 0
0 0
0 0
0 0
0 0
0 0
0 0
0 0
0 0
0 0
0 0
0 0
0 0
0 0
0 0
0 0
0 0
0 0
0 0
0 0
0 0
0 0
0 0
0 0
0 0
0 0
0 0
0 0
0 0
0 0
0 0
0 0
0 0
0 0
0 0
0 0
0 0
0 0
0 0
0 0
0 0
0 0
0 0
0 0
0 0
0 0
0 0
0 0
0 0
0 0
0 0
0 0
0 0
0 0
0 0
0 0
0 0
0 0
0 0
0 0
0 0
0 0
0 0
0 0
0 0
0 0
0 0
0 0
0 0
0 0
0 0
0 0
0 0
0 0
0 0
0 0
0 0
0 0
0 0
0 0
0 0
0 0
0 0
0 0
0 0
0 0
0 0
0 0
0 0
0 0
437 584
0 0
0 0
0 0
0 0
0 0
0 0
0 0
0 0
0 0
0 0
0 0
0 0
0 0
0 0
0 0
0 0
0 0
0 0
0 0
0 0
0 0
0 0
0 0
0 0
0 0
0 0
0 0
0 0
0 0
0 0
0 0
0 0
0 0
0 0
0 0
0 0
0 0
0 0
0 0
0 0
0 0
0 0
0 0
0 0
0 0
0 0
0 0
0 0
0 0
0 0
0 0
0 0
0 0
0 0
0 0
0 0
0 0
0 0
0 0
0 0
0 0
0 0
0 0
584 592
0 0
0 0
0 0
0 0
0 0
0 0
0 0
0 0
0 0
0 0
0 0
0 0
0 0
0 0
0 0
0 0
0 0
0 0
0 0
0 0
0 0
0 0
0 0
0 0
0 0
0 0
0 0
0 0
0 0
0 0
0 0
0 0
0 0
0 0
0 0
0 0
0 0
0 0
0 0
0 0
0 0
0 0
0 0
0 0
0 0
0 0
0 0
0 0
0 0
0 0
0 0
0 0
0 0
0 0
0 0
0 0
0 0
0 0
0 0
0 0
0 0
0 0
0 0
0 0
0 0
0 0
592 688
0 0
0 0
0 0
0 0
0 0
0 0
0 0
0 0
0 0
0 0
0 0
0 0
0 0
0 0
0 0
0 0
0 0
0 0
0 0
0 0
0 0
0 0
0 0
0 0
0 0
0 0
0 0
0 0
0 0
0 0
0 0
0 0
0 0
0 0
0 0
0 0
0 0
0 0
0 0
0 0
0 0
0 0
0 0
0 0
0 0
0 0
0 0
0 0
0 0
0 0
0 0
0 0
0 0
0 0
0 0
0 0
0 0
0 0
0 0
0 0
0 0
0 0
0 0
0 0
0 0
0 0
0 0
0 0
0 0
0 0
0 0
0 0
0 0
0 0
0 0
0 0
0 0
0 0
0 0
0 0
0 0
0 0
0 0
0 0
0 0
0 0
0 0
0 0
0 0
0 0
0 0
0 0
0 0
0 0
0 0
0 0
0 0
0 0
0 0
0 0
0 0
0 0
0 0
0 0
0 0
0 0
0 0
0 0
0 0
0 0
0 0
0 0
0 0
0 0
0 0
0 0
0 0
0 0
0 0
0 0
0 0
0 0
0 0
0 0
0 0
0 0
0 0
0 0
0 0
0 0
0 0
0 0
0 0
0 0
0 0
0 0
0 0
0 0
0 0
0 0
0 0
0 0
0 0
0 0
0 0
0 0
0 0
0 0
0 0
0 0
0 0
0 0
0 0
0 0
0 0
0 0
0 0
0 0
0 0
0 0
0 0
0 0
0 0
0 0
0 0
0 0
0 0
0 0
0 0
0 0
0 0
0 0
0 0
0 0
0 0
0 0
0 0
0 0
0 0
0 0
0 0
0 0
0 0
0 0
0 0
0 0
0 0
0 0
0 0
0 0
0 0
0 0
0 0
0 0
0 0
0 0
0 0
0 0
0 0
0 0
0 0
0 0
0 0
0 0
0 0
0 0
0 0
0 0
0 0
0 0
0 0
0 0
0 0
0 0
0 0
0 0
0 0
0 0
0 0
0 0
0 0
0 0
0 0
0 0
0 0
0 0
0 0
0 0
0 0
0 0
0 0
0 0
0 0
0 0
0 0
0 0
0 0
0 0
0 0
0 0
0 0
0 0
0 0
0 0
0 0
0 0
0 0
0 0
0 0
0 0
0 0
0 0
0 0
0 0
0 0
0 0
0 0
0 0
0 0
0 0
0 0
0 0
0 0
0 0
0 0
0 0
0 0
0 0
0 0
0 0
0 0
0 0
0 0
0 0
0 0
0 0
0 0
0 0
0 0
0 0
0 0
0 0
0 0
0 0
0 0
0 0
0 0
0 0
0 0
0 0
0 0
0 0
0 0
0 0
0 0
0 0
0 0
0 0
0 0
0 0
0 0
0 0
0 0
0 0
0 0
0 0
0 0
0 0
0 0
0 0
0 0
0 0
0 0
0 0
0 0
0 0
0 0
0 0
0 0
0 0
0 0
0 0
0 0
0 0
0 0
0 0
0 0
0 0
0 0
0 0
0 0
0 0
0 0
0 0
0 0
0 0
0 0
0 0
0 0
0 0
0 0
0 0
0 0
0 0
0 0
0 0
0 0
0 0
0 0
0 0
0 0
0 0
0 0
0 0
0 0
0 0
0 0
0 0
0 0
0 0
0 0
0 0
0 0
0 0
0 0
0 0
0 0
0 0
0 0
0 0
0 0
0 0
0 0
0 0
0 0
0 0
0 0
0 0
0 0
0 0
0 0
0 0
0 0
0 0
0 0
0 0
0 0
0 0
0 0
0 0
0 0
0 0
0 0
0 0
0 0
0 0
0 0
0 0
0 0
0 0
0 0
0 0
0 0
0 0
0 0
0 0
0 0
0 0
0 0
0 0
0 0
0 0
0 0
0 0
0 0
0 0
0 0
0 0
0 0
0 0
0 0
0 0
0 0
0 0
0 0
0 0
0 0
0 0
0 0
0 0
0 0
0 0
0 0
0 0
0 0
0 0
0 0
0 0
0 0
0 0
0 0
0 0
0 0
0 0
0 0
0 0
0 0
0 0
0 0
0 0
0 0
0 0
0 0
0 0
0 0
0 0
0 0
0 0
0 0
0 0
0 0
0 0
0 0
0 0
0 0
0 0
0 0
0 0
0 0
0 0
0 0
0 0
0 0
0 0
0 0
0 0
0 0
0 0
0 0
0 0
0 0
0 0
0 0
0 0
0 0
0 0
0 0
0 0
0 0
0 0
0 0
0 0
0 0
0 0
0 0
0 0
0 0
0 0
0 0
0 0
0 0
0 0
0 0
0 0
0 0
0 0
0 0
0 0
0 0
0 0
0 0
0 0
0 0
0 0
0 0
0 0
0 0
0 0
0 0
0 0
0 0
0 0
0 0
0 0
0 0
0 0
0 0
0 0
0 0
0 0
0 0
0 0
0 0
0 0
0 0
0 0
0 0
0 0
0 0
0 0
0 0
0 0
0 0
0 0
0 0
0 0
0 0
0 0
0 0
0 0
0 0
0 0
0 0
0 0
0 0
0 0
0 0
0 0
0 0
0 0
0 0
0 0
0 0
0 0
0 0
0 0
0 0
0 0
0 0
0 0
0 0
0 0
0 0
0 0
0 0
0 0
0 0
0 0
0 0
0 0
0 0
0 0
0 0
0 0
0 0
0 0
0 0
0 0
0 0
0 0
0 0
0 0
0 0
0 0
0 0
0 0
0 0
0 0
0 0
0 0
0 0
0 0
0 0
0 0
0 0
0 0
0 0
0 0
0 0
0 0
0 0
0 0
0 0
0 0
0 0
0 0
0 0
0 0
0 0
0 0
0 0
0 0
0 0
0 0
0 0
0 0
0 0
0 0
0 0
0 0
0 0
0 0
0 0
0 0
0 0
0 0
0 0
0 0
0 0
0 0
0 0
0 0
0 0
0 0
0 0
0 0
0 0
0 0
0 0
0 0
0 0
0 0
0 0
0 0
0 0
0 0
0 0
0 0
0 0
0 0
0 0
0 0
0 0
0 0
0 0
0 0
0 0
0 0
0 0
0 0
0 0
0 0
0 0
0 0
0 0
0 0
0 0
0 0
0 0
0 0
0 0
0 0
0 0
0 0
0 0
0 0
0 0
0 0
0 0
0 0
0 0
0 0
0 0
0 0
0 0
0 0
0 0
0 0
0 0
0 0
0 0
0 0
0 0
0 0
0 0
0 0
0 0
0 0
0 0
0 0
0 0
0 0
0 0
0 0
0 0
0 0
0 0
0 0
0 0
0 0
0 0
0 0
0 0
0 0
0 0
0 0
0 0
0 0
0 0
0 0
0 0
0 0
0 0
0 0
0 0
0 0
0 0
0 0
0 0
0 0
0 0
0 0
0 0
0 0
0 0
0 0
0 0
0 0
0 0
0 0
0 0
0 0
0 0
0 0
0 0
0 0
0 0
0 0
0 0
0 0
0 0
0 0
0 0
0 0
0 0
0 0
0 0
0 0
0 0
0 0
0 0
0 0
0 0
0 0
0 0
1639
0 1
493 0
1 2
493 1
2 3
2 492
493 2
3 4
3 491
492 3
3 588
4 5
4 588
5 6
513 5
5 588
5 663
6 7
6 663
7 8
7 663
8 9
8 661
8 663
9 10
9 661
9 687
10 11
687 10
11 12
687 11
12 13
685 12
12 687
12 692
13 14
692 13
14 15
14 692
15 16
692 15
15 693
16 17
693 16
17 18
693 17
18 19
18 569
693 18
19 20
19 569
20 21
556 20
20 569
21 22
21 556
22 23
22 555
556 22
23 24
23 555
24 25
555 24
25 26
554 25
555 25
26 27
28 26
554 26
27 28
28 29
534 28
554 28
29 30
29 534
29 676
30 31
676 30
31 32
676 31
678 31
32 33
32 678
33 34
33 678
34 35
34 678
34 679
35 36
679 35
36 37
667 36
679 36
37 38
667 37
38 39
38 667
39 40
39 667
39 668
40 41
40 668
41 42
668 41
42 43
42 542
668 42
43 44
542 43
44 45
542 44
45 46
45 539
45 542
46 47
539 46
47 48
520 47
47 539
48 49
48 520
49 50
520 49
50 51
520 50
560 50
51 52
560 51
52 53
560 52
53 54
55 53
53 509
560 53
54 55
55 56
509 55
56 57
56 509
56 536
558 56
57 58
536 57
58 59
58 536
599 58
59 60
59 599
60 61
60 599
600 60
61 62
61 600
62 63
62 600
63 64
565 63
63 600
64 65
64 565
65 66
565 65
65 617
66 67
617 66
619 66
67 68
619 67
68 69
619 68
634 68
69 70
69 634
70 71
70 633
634 70
71 72
71 632
633 71
72 73
632 72
73 74
73 512
632 73
74 75
512 74
537 74
75 76
511 75
75 537
76 77
76 511
77 78
511 77
78 79
78 511
78 586
79 80
79 586
80 81
586 80
81 82
81 161
586 81
82 83
159 82
160 82
161 82
83 84
157 83
158 83
159 83
84 85
84 157
85 86
85 156
157 85
86 87
155 86
156 86
87 88
87 154
87 155
88 89
153 88
154 88
89 90
89 152
153 89
90 91
90 150
152 90
91 92
91 150
92 93
149 92
92 150
92 660
93 94
660 93
94 95
656 94
660 94
95 96
95 656
96 97
96 656
658 96
97 98
658 97
98 99
658 98
99 100
658 99
99 659
100 101
100 659
101 102
101 103
101 104
659 101
102 103
103 104
104 105
104 659
105 106
105 659
106 107
659 106
107 108
107 136
510 107
107 532
107 659
108 109
108 135
136 108
109 110
109 116
109 134
135 109
110 111
110 116
111 112
111 115
111 116
112 113
112 114
115 112
113 114
114 115
115 116
116 117
132 116
116 133
116 134
117 118
117 130
131 117
117 132
118 119
118 130
119 120
128 119
119 129
130 119
120 121
123 120
120 127
120 128
121 122
123 121
122 123
123 124
126 123
127 123
124 125
124 126
125 126
126 127
127 128
128 129
129 130
130 131
131 132
132 133
133 134
134 135
135 136
136 137
136 532
137 138
140 137
532 137
138 139
138 140
139 140
140 141
140 532
141 142
532 141
142 143
142 532
142 657
143 144
657 143
144 145
144 657
145 146
145 657
146 147
146 656
657 146
146 660
147 148
660 147
148 149
660 148
149 150
149 660
150 151
152 150
151 152
152 153
153 154
154 155
155 156
156 157
157 158
158 159
159 160
160 161
161 162
586 161
162 163
162 586
163 164
163 586
164 165
166 164
164 511
586 164
165 166
166 167
166 511
537 166
167 168
537 167
168 169
512 168
537 168
169 170
512 169
630 169
170 171
170 630
171 172
630 171
631 171
172 173
631 172
636 172
173 174
173 585
173 636
174 175
585 174
175 176
585 175
176 177
585 176
177 178
585 177
655 177
178 179
655 178
179 180
179 655
180 181
180 654
655 180
181 182
181 654
182 183
654 182
183 184
642 183
183 654
184 185
642 184
185 186
185 642
186 187
186 642
186 643
187 188
187 528
187 643
188 189
188 528
189 190
189 528
190 191
190 528
191 192
191 524
191 528
192 193
524 192
193 194
524 193
194 195
524 194
195 196
524 195
195 530
196 197
196 526
196 530
197 198
526 197
198 199
526 198
199 200
526 199
200 201
200 526
200 547
201 202
201 547
202 203
202 547
203 204
547 203
203 651
204 205
204 651
205 206
651 205
206 207
647 206
206 651
207 208
647 207
208 209
208 647
209 210
209 647
209 648
209 649
210 211
649 210
211 212
211 649
212 213
649 212
212 652
213 214
652 213
214 215
652 214
215 216
640 215
215 652
216 217
614 216
216 640
217 218
515 217
563 217
217 614
218 219
218 515
219 220
219 515
590 219
220 221
590 220
221 222
221 590
222 223
222 516
590 222
223 224
223 516
224 225
516 224
224 589
225 226
225 589
226 227
589 226
227 228
227 300
227 301
589 227
228 229
299 228
300 228
229 230
229 298
229 299
230 231
230 297
230 298
231 232
231 296
297 231
232 233
232 295
296 232
233 234
233 294
295 233
234 235
234 293
294 234
235 236
235 292
293 235
236 237
291 236
236 292
237 238
291 237
238 239
238 289
291 238
239 240
288 239
239 289
240 241
240 287
240 288
241 242
286 241
241 287
242 243
242 285
286 242
243 244
243 285
244 245
244 283
284 244
244 285
245 246
282 245
283 245
246 247
246 281
246 282
247 248
247 280
247 281
248 249
279 248
248 280
249 250
278 249
249 279
250 251
250 278
251 252
277 251
251 278
252 253
252 275
276 252
252 277
253 254
269 253
275 253
254 255
268 254
269 254
255 256
255 268
256 257
256 267
256 268
257 258
257 266
257 267
258 259
258 263
258 265
266 258
259 260
259 263
260 261
262 260
263 260
261 262
262 263
263 264
265 263
264 265
265 266
266 267
267 268
268 269
269 270
275 269
270 271
270 274
275 270
271 272
271 273
274 271
272 273
273 274
274 275
275 276
276 277
277 278
278 279
279 280
280 281
281 282
282 283
283 284
284 285
285 286
286 287
287 288
288 289
289 290
291 289
290 291
291 292
292 293
293 294
294 295
295 296
296 297
297 298
298 299
299 300
300 301
301 302
589 301
302 303
302 589
303 304
303 589
304 305
304 516
304 589
305 306
516 305
306 307
306 516
538 306
307 308
307 538
564 307
308 309
308 564
309 310
564 309
309 635
310 311
635 310
311 312
527 311
635 311
312 313
312 527
583 312
313 314
313 583
314 315
583 314
315 316
552 315
315 583
316 317
316 552
317 318
549 317
317 552
318 319
318 549
319 320
319 529
549 319
320 321
320 529
321 322
321 529
321 568
322 323
322 568
323 324
325 323
323 508
323 568
324 325
325 326
508 325
325 623
326 327
623 326
327 328
327 623
328 329
328 623
329 330
329 576
623 329
330 331
330 576
621 330
331 332
331 621
332 333
574 332
332 621
333 334
333 574
334 335
574 334
335 336
335 574
335 579
336 337
336 579
337 338
579 337
338 339
579 338
709 338
339 340
709 339
340 341
340 709
710 340
341 342
341 710
342 343
342 697
342 710
343 344
697 343
343 698
344 345
698 344
345 346
345 698
346 347
346 672
346 673
346 698
347 348
673 347
348 349
348 673
349 350
349 593
349 673
350 351
350 593
351 352
593 351
352 353
592 352
593 352
353 354
592 353
353 594
354 355
354 594
355 356
594 355
355 696
356 357
696 356
357 358
357 696
358 359
358 696
359 360
694 359
696 359
706 359
360 361
360 706
361 362
706 361
362 363
706 362
363 364
363 700
363 701
706 363
364 365
701 364
365 366
365 701
366 367
366 701
367 368
367 669
670 367
367 701
368 369
670 368
369 370
670 369
370 371
518 370
370 670
371 372
371 518
371 591
372 373
372 591
373 374
373 591
374 375
374 591
626 374
375 376
375 626
683 375
376 377
683 376
377 378
683 377
377 688
378 379
378 688
379 380
379 381
379 382
379 383
688 379
380 381
381 382
382 383
383 384
688 383
384 385
384 688
385 386
688 385
386 387
386 681
386 682
688 386
387 388
682 387
388 389
388 390
388 682
389 390
390 391
390 682
391 392
391 682
392 393
682 392
684 392
393 394
684 393
394 395
394 684
395 396
395 626
684 395
396 397
626 396
397 398
397 591
397 626
398 399
398 591
399 400
518 399
591 399
400 401
518 400
401 402
401 518
401 671
402 403
671 402
403 404
669 403
403 671
404 405
404 669
702 404
405 406
405 702
406 407
702 406
406 705
407 408
407 705
408 409
703 408
705 408
409 410
703 409
410 411
703 410
410 704
411 412
411 704
412 413
695 412
412 704
413 414
695 413
414 415
414 517
595 414
695 414
415 416
595 415
416 417
595 416
417 418
417 595
417 596
418 419
596 418
419 420
419 596
420 421
596 420
674 420
421 422
674 421
422 423
422 674
423 424
423 672
674 423
423 699
424 425
699 424
425 426
425 699
426 427
699 426
426 711
427 428
427 711
428 429
711 428
429 430
707 429
429 711
430 431
707 430
430 708
431 432
431 708
432 433
432 708
433 434
433 624
708 433
434 435
624 434
435 436
435 577
624 435
436 437
577 436
584 436
437 438
546 437
571 437
437 584
438 439
438 546
438 561
439 440
543 439
561 439
440 441
543 440
441 442
441 541
441 543
442 443
442 541
443 444
541 443
559 443
444 445
444 559
445 446
559 445
446 447
446 559
665 446
447 448
447 665
448 449
664 448
448 665
448 666
449 450
449 666
450 451
450 666
451 452
451 514
666 451
452 453
452 514
452 677
453 454
453 677
454 455
675 454
454 677
455 456
455 675
456 457
675 456
456 680
457 458
457 680
458 459
458 521
458 680
459 460
459 521
460 461
521 460
461 462
461 521
461 533
462 463
462 533
463 464
533 463
464 465
464 533
464 557
465 466
557 465
466 467
466 557
466 616
467 468
467 616
468 469
616 468
469 470
616 469
469 690
470 471
690 470
471 472
471 689
690 471
472 473
689 472
472 691
473 474
691 473
474 475
691 474
475 476
686 475
691 475
476 477
686 476
477 478
686 477
478 479
478 661
478 662
686 478
479 480
662 479
480 481
662 480
481 482
513 481
662 481
482 483
513 482
587 482
483 484
483 587
484 485
484 486
484 587
485 486
486 487
486 587
487 488
587 487
488 489
587 488
588 488
489 490
588 489
490 491
588 490
491 492
491 588
492 493
494 531
494 641
494 644
494 645
646 494
650 494
572 495
575 495
604 495
495 615
622 495
636 496
496 637
496 638
496 639
653 496
497 520
497 539
497 540
497 541
543 497
545 497
521 498
498 533
498 534
498 535
498 554
555 498
499 535
569 499
616 499
499 690
693 499
550 500
500 552
500 566
500 617
500 618
500 620
501 509
501 544
546 501
501 558
570 501
501 597
502 540
502 541
502 542
559 502
502 664
502 665
502 668
503 578
503 579
624 503
503 707
503 708
709 503
524 504
504 528
530 504
531 504
643 504
504 644
505 638
640 505
645 505
648 505
505 649
505 652
506 551
506 580
506 598
506 600
506 602
506 603
507 526
507 531
507 547
646 507
647 507
651 507
568 508
615 508
622 508
508 623
509 544
509 558
560 509
510 532
510 657
510 658
659 510
511 537
586 511
512 537
630 512
512 632
587 513
588 513
513 662
663 513
514 666
514 667
677 514
514 679
538 515
515 563
515 564
590 515
516 538
589 516
516 590
517 594
517 595
695 517
517 696
518 591
670 518
671 518
593 519
519 596
519 673
519 674
520 539
520 544
520 545
560 520
533 521
521 534
680 521
522 527
581 522
522 582
522 606
522 609
522 628
522 629
523 566
581 523
618 523
523 619
628 523
523 633
523 634
524 528
524 530
525 529
549 525
550 525
551 525
525 567
603 525
530 526
531 526
526 547
582 527
583 527
606 527
527 635
643 528
529 549
529 567
529 568
531 530
531 644
646 531
532 657
535 533
557 533
534 554
534 676
680 534
535 555
556 535
535 557
569 535
616 535
536 558
597 536
536 598
536 599
564 538
590 538
539 540
542 539
541 540
542 540
543 541
559 541
542 668
545 543
543 561
545 544
544 546
544 560
546 545
561 545
546 561
546 570
571 546
547 651
548 563
606 548
548 608
610 548
548 613
550 549
549 552
551 550
552 550
550 620
580 551
603 551
551 620
552 566
552 582
583 552
553 567
553 568
553 601
553 603
553 604
615 553
555 554
556 555
556 569
616 557
558 597
665 559
562 570
571 562
572 562
604 562
605 562
564 563
563 608
613 563
563 614
564 608
635 564
565 580
600 565
617 565
620 565
566 581
582 566
618 566
567 568
567 603
568 615
693 569
571 570
597 570
570 605
572 571
571 584
572 575
584 572
572 604
573 574
573 575
576 573
573 577
573 578
573 621
574 578
574 579
574 621
576 575
577 575
575 584
575 622
576 621
622 576
576 623
577 578
584 577
577 624
579 578
624 578
579 709
600 580
620 580
582 581
628 581
582 583
636 585
585 653
655 585
587 588
591 626
593 592
594 592
595 592
592 596
596 593
673 593
595 594
594 696
595 596
596 674
598 597
602 597
597 605
599 598
600 598
602 598
600 599
601 602
601 603
601 604
605 601
602 603
602 605
605 604
604 615
606 608
609 606
606 610
635 606
607 609
607 610
607 611
627 607
629 607
631 607
608 635
609 610
609 629
611 610
613 610
611 612
613 611
631 611
636 611
611 637
612 613
612 614
612 637
612 640
613 614
614 640
622 615
690 616
617 618
617 619
617 620
619 618
634 619
623 622
624 708
625 639
641 625
642 625
650 625
653 625
625 654
655 625
626 683
626 684
627 628
627 629
627 630
631 627
627 632
629 628
628 632
628 633
630 631
630 632
636 631
632 633
634 633
637 636
653 636
637 638
640 637
638 639
640 638
645 638
641 639
645 639
639 653
640 652
641 645
641 650
643 642
650 642
654 642
643 644
643 650
644 650
645 646
645 648
646 647
648 646
648 647
651 647
648 649
649 652
655 653
654 655
656 657
656 658
656 660
658 657
658 659
662 661
663 661
661 686
687 661
662 663
664 665
664 666
664 667
664 668
667 666
667 668
679 667
670 669
669 671
669 701
669 702
670 671
672 673
672 674
672 698
672 699
673 674
675 676
677 675
675 678
675 680
678 676
676 680
677 678
679 677
679 678
682 681
683 681
684 681
688 681
682 684
683 684
683 688
685 686
687 685
685 691
692 685
687 686
686 691
690 689
691 689
689 692
693 689
690 693
692 691
693 692
694 695
696 694
694 703
694 704
694 706
695 696
704 695
698 697
699 697
710 697
711 697
699 698
711 699
700 701
700 702
700 703
700 705
700 706
701 702
702 705
704 703
705 703
703 706
707 708
707 709
710 707
707 711
709 710
711 710
