787
310 506
306 503
302 499
300 494
300 489
300 484
301 479
300 474
300 469
299 464
300 459
300 454
300 449
300 444
300 439
299 434
299 429
297 424
295 419
294 414
293 409
291 404
288 399
287 394
285 389
282 384
281 379
282 374
283 369
284 364
281 359
279 354
279 349
278 344
277 339
277 334
276 329
276 324
275 319
273 314
272 309
271 304
270 299
267 294
266 289
265 284
264 279
263 274
263 269
262 264
257 264
252 264
249 267
248 272
248 277
248 282
247 287
245 292
243 297
241 302
240 307
238 312
236 317
236 322
235 327
235 332
234 337
233 342
233 347
232 352
229 357
228 362
230 367
230 372
229 377
229 382
227 387
225 392
224 397
222 402
220 407
218 412
218 417
216 422
214 427
212 432
210 437
212 442
212 447
213 452
213 457
213 462
212 467
211 472
210 477
210 482
211 487
212 492
210 497
209 501
204 504
199 505
194 505
189 505
184 503
180 499
178 494
178 489
180 484
182 479
184 474
186 469
188 464
190 459
189 454
189 449
189 444
189 439
189 434
189 429
189 424
187 419
185 414
182 409
181 404
180 399
179 394
178 389
178 384
178 380
181 375
181 370
183 365
186 361
189 356
191 351
192 346
192 341
192 336
191 331
191 326
190 321
190 316
189 311
189 306
189 301
187 297
186 293
186 288
185 283
187 279
186 274
187 269
188 264
191 261
189 256
190 251
192 246
196 243
198 238
201 233
202 228
204 223
206 218
208 213
210 208
211 203
211 198
213 193
214 188
216 183
215 178
213 173
211 168
209 163
207 158
204 153
204 148
202 143
199 138
196 133
191 133
187 136
182 138
177 141
172 144
167 146
162 147
157 149
152 151
147 152
142 154
137 156
132 159
127 162
123 164
118 168
113 170
108 172
103 174
98 176
93 178
88 180
83 182
78 185
73 187
68 190
66 195
65 200
64 205
63 210
62 215
58 217
53 213
53 208
50 204
45 203
40 204
35 207
30 209
25 212
20 214
15 216
10 216
5 217
1 215
2 210
7 208
12 205
16 203
21 201
26 199
30 195
31 190
36 187
41 184
46 182
51 180
55 177
60 175
65 171
70 167
75 164
79 159
84 155
89 152
94 148
99 144
104 142
109 139
114 138
119 137
124 135
129 134
134 131
139 128
144 125
148 122
153 118
158 116
162 112
164 107
168 102
172 99
176 96
181 93
186 90
191 89
196 88
201 88
206 88
211 86
216 83
221 80
226 77
231 74
234 71
234 66
234 61
232 56
228 51
227 46
227 41
232 40
232 35
232 30
231 25
232 20
235 15
240 12
245 10
250 9
255 9
260 9
265 10
270 11
275 15
278 19
281 23
283 28
284 33
284 38
286 42
285 47
284 52
280 57
280 62
280 67
281 72
284 77
289 80
294 83
299 85
304 87
309 89
314 90
319 90
324 90
329 92
334 95
339 99
344 101
347 105
350 110
353 115
358 118
363 121
368 125
373 128
377 131
382 132
387 135
392 137
397 138
402 139
407 141
411 144
416 147
421 150
426 154
430 158
435 160
440 164
445 168
450 171
455 175
460 178
465 180
469 183
474 186
479 188
481 193
485 197
490 199
495 202
500 205
504 208
509 212
510 216
505 217
500 216
495 215
490 212
485 210
480 208
475 206
470 204
465 204
460 205
459 210
459 215
454 215
449 212
448 207
445 202
445 197
443 192
438 188
433 185
428 182
423 180
418 178
413 175
408 174
403 171
398 169
393 167
388 164
384 161
379 158
375 155
370 153
365 152
360 149
355 149
350 147
345 145
340 144
335 143
330 141
325 138
320 134
316 134
314 139
311 144
309 149
308 154
306 159
304 164
302 169
301 174
299 179
299 184
300 189
301 194
301 199
301 204
302 209
304 213
306 218
308 223
309 228
312 233
315 238
316 243
321 247
323 252
323 257
323 262
325 266
326 271
326 276
325 280
327 284
327 289
326 294
323 298
323 303
322 308
322 313
321 318
321 323
321 328
320 333
320 338
320 343
320 348
321 353
323 358
327 363
330 368
332 373
334 378
335 383
335 388
335 393
332 398
331 403
328 408
326 413
325 418
324 423
323 428
323 433
322 438
322 443
322 448
323 453
323 458
327 463
326 468
328 473
329 478
331 483
332 488
333 493
332 498
329 503
324 503
320 506
315 506
311 506
229.146 244.146
269.778 227.611
198.5 110.5
257.942 37.5
256.957 68.5
254.726 124.81
257.075 172.185
214.173 303.5
213.018 329.196
208.225 360.79
201.601 392.08
289.618 115.704
316.5 111.932
294.566 275.487
296.962 306.608
298.472 337.306
306.402 376.28
287.778 222.389
241.868 211.774
228.803 135.179
277.077 181.5
236.212 176.358
277.467 150.487
334.35 121.188
233.165 105.941
270.851 44.0166
205.655 285.628
225.439 274.5
191.37 383.457
201.661 271.331
202.169 414.034
357.625 134.875
312.922 466.473
264.045 24.4105
212.159 378.832
283.005 287.998
293.615 351.277
318.139 388.392
228.182 201.236
220.044 148.637
336.895 110.14
190.562 394.796
201.828 381.429
194.374 370.968
326.928 113.661
323.968 124.002
323.438 102.397
198.471 403.145
210.063 400.449
212.273 389.753
315 490.857
245.863 48
303.442 258.029
265.766 57.3151
197.033 280.33
206.545 255.624
213.162 275.824
220.837 289.4
210.572 265.489
220.74 255.584
267.754 34.1072
248.519 25.1394
288.577 341.696
306.599 347.961
309.24 337.519
304.169 321.639
303.295 362.098
197.9 361.253
268.531 68.5543
262.61 96.9229
262.68 82.1353
253.803 56.9547
245.682 65.376
260.056 48.1174
246.347 81.7014
242.29 56.6519
200.132 262.242
211.707 293.71
201.667 301.445
205.699 315.993
233.515 285.155
236.831 274.254
230.318 296.661
230.892 263.104
213.604 241.902
220.638 265.651
256 18.7726
246.456 36.4844
311.346 328.097
295.111 371.323
296.376 383.777
306.962 387.481
311.229 404.15
293.461 361.155
311.659 356.598
275.754 89.5906
254.631 77.495
254.312 89.49
248.704 104.099
220.1 316.641
202.156 326.587
198.335 310.202
205.034 246.17
223.911 225.462
273.018 79.1971
276.31 106.033
239.597 93.735
261.4 111.639
242.375 117.17
224.979 306.534
223.905 327.062
222.395 235.963
213.329 229.294
271.803 97.9546
225.249 93.9717
235.753 83.6694
274.169 122.971
251.652 113.595
242.242 131.189
227.436 120.031
264.206 121.337
266.616 137.832
270.773 113.938
235.962 124.12
213.178 128.953
253.519 137.851
222.569 128.106
53.86 192.14
44.1456 193.259
60.0099 184.99
457.56 191.512
450.028 184.225
441.464 177.987
308.371 287.263
272.819 204.459
201.093 426.295
199.383 436.776
368.77 140.226
311.563 454.951
311.02 443.944
310.93 431.816
309.543 417.967
303.251 410.188
316.668 411.825
217.697 368.174
278.884 272.593
285.811 278.994
274.911 281.91
289.007 261.675
297.816 266.154
275.173 259.001
291.698 241.928
271.747 267.239
262.343 245.048
294.328 252.343
282.69 249.743
303.763 244.421
272.173 248.885
278.402 237.412
299.615 234.052
268.547 237.39
279.561 227.697
274.768 216.491
258.095 215.689
253.289 231.371
319.313 375.511
312.643 367.205
325.572 382.575
245.382 193.053
205.018 370.939
313.254 478.726
290.307 325.467
285.877 333.201
295.328 316.635
284.818 309.775
288.366 298.516
295.703 288.15
302.684 296.946
312.896 296.433
284.089 318.836
309.412 308.541
312.014 317.181
196.759 291.796
320.847 398.973
301.161 397.847
229.312 213.925
218.549 215.92
220.029 206.389
288.88 97.3776
285.177 88.6628
286.014 106.671
289.314 135.112
218.583 138.107
202.554 122.339
214.121 111.765
207.141 100.88
195.826 99.4082
217.828 101.707
184.127 108.096
224.141 110.482
186.926 99.6446
189.523 120.008
174.736 119.528
174.333 109.625
181.895 127
239.516 151.73
243.57 141.817
467.541 194.009
200.523 448.266
201.587 459.834
379.796 144.277
391.599 150.2
297.815 224.04
260.511 225.007
245.7 246.23
248.173 221.226
238.435 232.499
233.998 223.151
246.258 237.148
237.877 241.582
238.864 201.519
258.297 200.687
248.713 204.201
264.079 208.268
258.016 186.422
247.209 181.183
266.196 178.732
269.959 163.862
260.088 151.9
249.816 150.157
253.218 161.246
245.633 169.834
234.325 163.569
225.163 171.455
229.136 154.237
267.951 193.361
286.328 164.255
268.455 147.234
278.248 159.72
301.966 106.028
304.14 121.519
313.882 124.137
299.126 96.1019
312.188 101.171
298.564 114.404
307.542 113.144
294.128 125.481
283.879 126.376
303.134 133.608
277.925 136.139
297.342 144.629
286.769 145.403
163.65 130.655
173.384 131.88
165.582 121.494
198.304 472.088
195.299 487.489
191.927 478.837
201.113 480.63
254.551 253.08
241.563 257.534
232.61 253.386
220.211 161.245
277.98 170.88
288.331 175.352
294.67 156.033
285.691 154.455
208.117 344.613
201.015 351.709
202.024 336.63
220.208 339.969
217.876 351.958
344.349 130.817
334.05 131.505
344.518 120.635
352.979 126.33
228.736 187.68
238.474 185.981
222.173 194.201
404.264 156.377
400.495 148.032
395.47 158.335
151.312 136.56
140.096 141.75
128.556 146.704
115.482 152.045
415.907 162.276
425.551 168.698
434.498 171.646
103.092 158.78
112.182 160.738
106.648 150.558
91.9693 164.854
83.172 170.642
74.6854 175.695
285.303 194.9
286.323 185.049
276.92 190.821
286.151 208.68
291.988 201.404
293.957 214.704
311.207 272.652
315.571 281.08
303.688 278.773
312.722 262.474
787
311.799 502.08
313.833 497.469
314.441 496.093
314.734 495.428
315.746 493.072
315.005 488.531
313.883 481.597
312.642 473.455
311.682 467.179
311.25 463.14
311.055 461.258
310.457 454.201
310.562 449.211
310.64 444.354
310.729 439.084
310.816 434.194
310.851 424.148
310.856 420.532
310.861 416.078
310.824 411.947
310.604 404.676
310.235 395.858
309.183 390.381
308.688 388.512
305.977 380.623
304.095 377.936
303.986 377.648
304.103 377.537
304.875 376.883
301.235 364.864
297.139 351.254
296.546 347.819
296.523 345.273
296.42 340.89
296.497 337.947
296.576 334.754
297.04 330.206
297.301 327.674
298.437 317.152
299.113 311.164
299.933 306.326
300.579 302.772
303.19 290.486
304.742 284.333
304.917 283.801
305.382 283.019
303.524 275.51
302.58 272.218
299.772 262.052
0 0
260.568 220.928
235.13 227.598
215.945 247.012
206.897 266.209
205.868 281.725
206.127 283.847
206.669 284.53
206.609 284.668
207.224 288.739
208.327 294.393
209.179 299.113
210.111 304.386
211.665 314.281
212.823 322.485
213.609 328.299
213.275 332.015
213.102 333.753
212.481 339.925
211.746 344.162
211.519 345.493
210.284 352.476
207.904 364.667
206.504 371.813
206.098 372.605
205.21 374.603
204.352 376.629
203.058 379.816
200.96 385.389
200.24 390.477
200.253 394.887
200.719 401.419
201.157 405.502
201.975 415.23
201.51 418.315
201.064 423.206
200.449 429.231
199.41 438.44
200.427 445.186
201.089 449.402
202.209 455.059
202.531 456.69
202.882 459.273
200.858 466.557
200.011 469.65
197.718 478.03
196.011 486.851
197.487 492.628
198.797 493.987
199.934 495.174
204.61 499.778
198.615 493.778
196.824 491.955
192.419 489.923
189.546 492.788
188.097 494.256
187.315 495.048
188.73 493.615
188.135 494.218
190.401 491.706
193.536 487.868
196.403 482.903
198.248 476.093
200.286 468.646
202.915 459.066
201.662 452.291
200.877 448.186
200.278 444.15
199.625 440.01
199.644 436.119
199.951 433.481
201.084 422.931
201.883 414.238
201.169 405.66
200.57 400.13
200.278 397.282
199.874 393.334
199.644 389.952
199.555 387.726
198.902 387.939
198.943 387.895
200.886 384.768
202.399 381.303
202.815 380.398
203.856 377.62
206.904 368.946
209.155 358.016
211.486 345.02
212.086 341.517
213.013 334.684
213.219 329.627
213.09 324.799
212.392 319.393
211.676 314.068
210.849 309.177
209.931 303.5
207.98 292.317
207.527 289.797
207.481 289.403
206.723 286.211
206.497 285.225
205.865 282.573
204.653 276.689
203.816 272.695
204.734 269.069
206.236 263.193
206.062 260.762
206.054 260.403
206.548 259.229
208.275 256.575
210.668 252.658
221.004 235.429
223.342 231.662
226.284 227.981
230.318 224.194
234.861 219.858
239.54 214.708
243.039 210.44
244.284 208.679
245.866 206.688
248.978 199.833
251.32 193.186
255.123 170.484
255.14 156.702
254.109 148.831
253.251 144.227
252.425 140.419
251.995 138.854
252.027 134.392
249.606 120.96
233.447 111.638
204.449 105.75
180.792 104.893
173.889 115.67
169.927 121.935
165.551 128.851
162.942 132.985
160.663 133.935
158.974 134.743
152.498 137.84
148.271 139.402
146.073 140.198
138.042 143.119
131.504 145.518
124.412 148.151
118.869 150.252
114.172 152.018
109.641 154.938
107.136 156.511
103.321 158.887
98.0342 161.89
92.6831 164.965
87.8089 167.759
83.1933 170.403
78.2958 173.212
73.5009 176.031
68.3342 179.324
60.3481 184.41
52.4342 189.38
53.3533 193.661
54.5644 198.234
57.8645 210.79
59.154 215.765
59.2005 215.945
58.8505 214.592
56.2986 204.839
56 191.111
45.4749 191.651
37.4093 196.431
30.7277 201.1
26.4244 204.208
22.0398 207.311
17.5437 209.126
13.4035 210.479
5.51804 213.008
2.63292 213.929
1.866 214.173
3.18312 213.754
8.04801 212.201
9.72434 211.658
13.7376 210.353
18.0135 208.762
39.2141 195.524
37.6305 196.3
37.3248 196.496
38.7594 195.59
44.7335 191.792
49.1882 190.447
52.0367 189.15
58.7357 185.437
66.6209 180.415
69.9328 178.307
75.3402 174.891
80.9731 171.676
86.6913 168.399
90.7527 166.072
96.2702 162.903
103.577 158.707
108.024 155.94
110.634 154.271
113.477 152.365
116.071 151.312
118.56 150.369
126.439 147.381
132.458 145.168
140.077 142.371
146.113 140.184
151.809 138.124
156.269 136.041
161.707 134.214
165.894 128.081
173.845 115.74
177.352 110.304
178.826 107.993
179.754 106.468
181.514 103.606
183.744 103.008
184.523 102.774
184.727 102.814
186.174 103.053
192.49 104.035
205.439 106.017
224.05 109.034
236.295 110.919
244.485 109.879
249.5 106.382
254.745 97.7503
255.736 90.7316
257.107 63.5077
257.541 45.1417
255.908 35.0596
249.642 37.0941
242.675 39.3388
0 0
257.115 34.6999
260.44 28.2598
253.746 23.1154
246.727 19.5932
242.814 17.6188
243.079 17.7525
249.423 20.9536
251.84 22.1729
256.039 24.1775
257.631 24.9377
259.439 25.6534
260.466 25.8898
260.607 25.7246
260.633 25.8628
260.723 26.5827
260.92 27.267
261.149 28.0788
261.73 29.2233
262.144 29.8258
267.143 33.043
265.946 32.3577
264.448 31.5025
259.283 35.6998
257.602 49.9217
257 65.9229
256.972 83.962
259.364 102.422
269.687 107.272
278.913 108.939
288.744 107.916
297.516 107.069
307.714 106.269
319.608 105.337
326.336 104.833
327.157 104.203
327.128 104.276
328.706 106.17
330.614 107.633
334.246 110.596
334.153 110.51
336.817 114.157
343.651 122.838
350.91 130.944
355.154 134.429
360.937 137.373
367.083 139.646
375.065 142.616
377.423 143.493
382.932 145.751
390.145 148.991
395.707 151.522
398.17 152.682
399.114 153.192
400.39 153.937
407.464 157.997
412.923 161.113
418.578 164.167
421.695 165.783
429.737 169.784
434.084 171.814
439.488 175.637
444.353 179.207
450.698 183.992
456.251 188.204
460.093 190.636
463.471 191.933
469.775 194.414
471.489 195.097
483.618 201.952
483.163 201.856
487.854 205.102
494.084 207.914
501.422 211.758
505.098 213.474
507.746 214.552
510.052 215.489
508.502 214.859
501.596 212.045
497.899 210.121
492.965 207.553
487.837 205.092
483.701 202.218
478.554 198.863
471.274 194.976
462.161 191.424
469.978 202.708
453.821 213.406
455.681 214.705
453.467 213.137
451.953 212.135
455.74 199.947
456.891 196.245
458.409 191.318
453.822 186.354
444.544 179.351
438.334 174.82
433.075 171.336
428.199 169.06
424.059 167.007
421.065 165.456
413.491 161.437
408.182 158.406
402.513 155.168
399.306 153.297
396.527 151.916
393.115 150.321
386.98 147.57
380.867 144.809
373.976 142.213
369.516 140.547
363.398 138.282
358.76 136.575
355.445 134.553
353.164 132.657
347.307 127.847
346.142 126.35
345.127 125.025
340.911 119.534
330.494 107.074
305.783 106.528
281.843 108.974
272.617 121.207
266.824 132.158
265.693 137.572
265.215 140.824
264.073 145.35
262.576 151.955
261.712 160.807
260.92 173.351
261.308 189.298
264.019 199.343
266.285 203.507
267.755 205.607
273.239 211.641
275.441 213.946
279.12 218.074
282.07 221.72
284.189 224.808
287.478 230.668
292.597 241.48
296.253 249.521
299.734 259.334
302.192 265.488
302.144 265.026
302.417 266.194
303.12 269.81
303.827 274.192
304.26 276.934
304.56 279.171
304.941 282.351
304.699 283.656
304.636 283.799
304.195 285.562
303.427 288.834
301.656 297.551
300.071 305.643
299.029 312.618
298.274 318.623
297.734 323.681
297.364 327.021
296.998 331.176
296.534 336.555
296.483 342.352
296.816 349.95
300.177 361.315
304.296 374.145
307.833 383.151
310.797 386.516
314.594 386.693
321.261 386.163
322.033 386.061
321.134 386.178
317.159 386.674
310.785 388.015
310.502 392.957
310.579 399.878
310.763 408.199
310.831 416.005
310.862 422.218
310.845 428.154
310.833 433.206
310.751 437.784
310.661 443.105
310.568 448.819
310.443 454.33
311.091 461.645
311.724 466.775
311.948 468.594
313.435 478.666
314.584 485.962
315.65 492.578
319.12 494.424
320.113 494.806
324.461 496.488
325.573 496.919
322.349 495.671
315.417 496.714
313.597 498.713
312.881 499.627
222.481 233.12
269.496 214.826
193.583 104.18
261.041 28.4996
257.023 65.6606
257.677 115.655
257.528 166.866
209.731 302.129
213.541 328.655
208.765 360.306
199.741 391.124
281.086 108.883
321.181 105.376
304.565 283.992
299.829 306.667
298.374 353.159
305.455 378.925
269.465 208.201
247.594 209.133
250.509 118.802
260.602 181.285
255.91 176.63
262.903 138.979
338.704 116.612
245.714 112.23
256.904 25.6484
205.524 280.876
203.97 272.662
199.361 387.574
203.818 272.638
200.97 403.529
375.111 142.222
311.251 462.99
260.49 26.2092
204.55 376.165
304.596 284.902
296.588 348.679
310.038 386.917
245.894 207.491
252.159 136.709
332.238 108.919
199.73 391.325
201.286 383.81
200.217 386.196
330.683 106.887
329.095 106.342
326.683 104.69
200.798 402.197
200.398 397.207
200.61 386.371
318.499 495.723
259.509 34.0002
300.427 261.495
254.222 49.7778
206.276 284.316
206.687 259.744
203.835 274.039
206.218 283.684
206.095 264.305
211.547 251.675
261.088 28.1901
251.171 21.807
296.491 342.316
296.672 349.313
296.517 336.809
297.778 255.111
300.162 361.301
204.627 375.576
257.004 66.069
258.516 104.749
256.827 85.0834
257.598 43.3131
256.806 71.336
259.514 34.1196
256.488 89.2329
257.662 40.2195
206.235 263.299
208.08 292.982
209.213 299.271
213.333 254.222
206.371 284.186
212.91 252.262
207.703 291.18
209.199 257.03
212.847 248.882
206.214 263.007
257.556 24.8672
260.859 27.8424
297.152 329.402
304.493 377.398
306.965 382.004
309.542 386.93
310.611 401.724
299.056 357.631
300.476 362.314
259.085 109.894
256.745 82.3979
256.584 98.6641
254.652 108.834
211.869 315.589
213.214 327.701
210.845 309.148
209.513 254.552
232.559 222.122
257.012 92.4148
267.467 110.919
252.778 106.337
257.733 112.08
249.39 115.597
209.611 301.535
213.616 328.389
223.268 231.682
225.456 228.853
262.035 107.211
244.419 111.524
251.732 104.818
261.982 114.583
255.503 112.711
252.881 122.46
241.197 113.19
262.338 116.425
256.889 115.556
265.898 112.362
248.007 116.542
243.54 115.194
256.191 131.013
242.999 112.585
52.3007 189.464
45.1314 191.711
63.898 182.149
460.795 190.9
448.535 182.379
443.228 178.384
304.14 285.751
264.416 204.492
197.701 465.434
199.517 439.183
364.695 138.765
310.451 454.593
310.527 450.642
310.835 430.848
312.889 464
310.786 408.958
303.111 353.778
206.719 369.185
302.722 270.751
304.951 279.322
305.448 282.749
295.847 249.758
303.296 271.644
293.48 244.36
288.996 234.458
301.136 265.643
265.458 211.198
297.219 252.485
291.552 239.059
298.636 256.384
284.005 225.322
282.647 222.867
285.604 227.585
270.488 216.248
278.522 217.448
270.363 211.035
255.227 211.647
250.733 213.534
310.03 386.422
306.354 379.538
318.464 386.44
254.141 193.6
203.9 377.758
312.402 471.153
297.31 327.529
296.587 334.622
298.307 318.329
299.223 310.447
301.583 297.85
304.354 285.651
302.205 294.453
304.026 286.668
298.288 318.49
301.025 300.965
298.012 321.084
207.46 289.414
310.477 393.529
309.44 391.735
245.849 209.271
233.884 220.619
243.413 209.916
278.418 109.008
270.141 107.472
277.799 109.068
272.963 117.302
249.957 121.209
205.421 105.877
226.502 109.467
192.173 104.417
185.581 103.029
232.425 110.497
181.705 103.476
233.993 110.907
184.308 102.893
183.499 103.594
176.154 112.143
178.258 108.868
174.756 114.304
255.71 141.878
254.746 132.454
469.678 194.362
201.049 462.644
202.918 459.069
373.696 142.255
444.444 181.333
282.915 222.918
260.106 212.765
240.434 215.494
249.386 212.307
234.827 220.663
237.877 218.046
241.876 218.55
230.823 225.75
251.542 203.159
254.693 201.154
253.231 202.727
260.985 205.071
257.998 185.608
256.249 180.082
258.995 182.325
260.261 160.311
258.253 142.97
256.95 141.947
257.814 155.121
256.794 165.15
255.647 155.103
0 0
253.878 143.076
260.092 186.851
263.469 141.785
262.125 138.068
262.462 150.129
299.362 106.972
299.305 107.109
312.534 105.941
301.814 106.765
319.754 105.405
297.261 107.246
309.322 106.055
280.892 108.879
273.701 114.843
313.778 115.556
267.13 124.84
271.36 120.98
266.138 132.231
199.111 116.444
172.224 118.315
167.007 126.435
199.886 470.107
193.039 489.273
194.983 491.067
195.901 484.706
256.889 198.222
218.505 241.164
217.855 239.654
253.823 147.034
260.868 165.169
261.296 164.553
265.198 139.698
264.373 142.439
211.595 345.294
209.466 356.509
212.222 340.367
212.804 336.733
204.444 356.444
349.122 129.403
344.958 124.381
339.853 118.065
351 131.04
256.879 191.845
254.455 187.673
246.234 206.575
406.176 157.258
398.537 152.857
398.825 153.031
156.575 135.886
141.467 141.759
132.909 144.982
113.919 152.138
436.679 174.814
431.05 170.395
433.597 171.586
105.831 157.315
108.081 155.908
109.516 155.011
126.222 150.222
69.5995 178.607
70.4361 177.989
265.786 203.625
261.222 188.88
261.811 193.732
271.28 210.525
267.228 204.849
278.218 217.009
304.109 276.078
304.788 282.988
304.787 281.649
303.024 269.277
1876
0 0
0 0
0 0
0 0
0 0
0 0
0 0
0 0
0 0
0 0
0 0
0 0
0 0
0 0
0 0
0 0
0 0
0 0
0 0
0 0
0 0
0 0
0 0
0 0
0 0
0 0
0 0
0 0
0 0
0 0
0 0
0 0
0 0
0 0
0 0
0 0
0 0
0 0
0 0
0 0
0 0
0 0
0 0
623 625
0 0
0 0
0 0
0 0
0 0
0 0
0 0
0 0
0 0
0 0
0 0
0 0
0 0
0 0
0 0
0 0
0 0
0 0
0 0
0 0
0 0
0 0
0 0
0 0
0 0
0 0
0 0
0 0
0 0
0 0
0 0
0 0
0 0
0 0
0 0
0 0
0 0
0 0
0 0
0 0
0 0
625 547
0 0
0 0
0 0
0 0
0 0
0 0
0 0
0 0
0 0
0 0
0 0
0 0
0 0
0 0
0 0
0 0
0 0
0 0
0 0
0 0
0 0
0 0
0 0
0 0
0 0
0 0
0 0
0 0
0 0
0 0
0 0
0 0
547 741
0 0
0 0
0 0
0 0
0 0
0 0
0 0
0 0
0 0
741 561
0 0
0 0
0 0
0 0
0 0
0 0
0 0
0 0
0 0
0 0
0 0
0 0
0 0
0 0
0 0
0 0
0 0
0 0
0 0
0 0
0 0
0 0
0 0
0 0
0 0
0 0
0 0
0 0
0 0
0 0
0 0
0 0
561 753
0 0
0 0
0 0
0 0
0 0
0 0
0 0
0 0
0 0
0 0
0 0
0 0
0 0
0 0
0 0
0 0
0 0
0 0
0 0
0 0
0 0
0 0
0 0
0 0
0 0
0 0
0 0
0 0
0 0
0 0
753 617
0 0
0 0
0 0
0 0
0 0
0 0
0 0
0 0
0 0
0 0
0 0
0 0
0 0
0 0
0 0
0 0
0 0
0 0
0 0
0 0
0 0
0 0
0 0
0 0
0 0
0 0
0 0
0 0
0 0
0 0
0 0
0 0
0 0
0 0
0 0
0 0
0 0
0 0
0 0
0 0
0 0
0 0
0 0
0 0
0 0
0 0
0 0
0 0
0 0
0 0
0 0
0 0
0 0
0 0
0 0
0 0
0 0
0 0
0 0
0 0
0 0
0 0
0 0
0 0
0 0
0 0
0 0
0 0
0 0
0 0
0 0
0 0
0 0
0 0
0 0
0 0
0 0
0 0
0 0
0 0
0 0
0 0
0 0
0 0
0 0
0 0
0 0
0 0
0 0
0 0
0 0
0 0
0 0
0 0
0 0
0 0
0 0
0 0
0 0
0 0
0 0
0 0
0 0
0 0
0 0
0 0
0 0
0 0
0 0
0 0
0 0
0 0
0 0
0 0
0 0
0 0
0 0
0 0
0 0
0 0
0 0
0 0
0 0
0 0
0 0
0 0
0 0
0 0
0 0
0 0
0 0
0 0
0 0
0 0
0 0
0 0
0 0
0 0
0 0
0 0
0 0
0 0
0 0
0 0
0 0
0 0
0 0
0 0
0 0
0 0
0 0
0 0
0 0
0 0
0 0
0 0
0 0
0 0
0 0
0 0
0 0
0 0
0 0
0 0
0 0
0 0
0 0
0 0
0 0
0 0
0 0
0 0
0 0
0 0
0 0
0 0
0 0
0 0
0 0
0 0
0 0
0 0
0 0
0 0
0 0
0 0
0 0
0 0
0 0
0 0
0 0
0 0
0 0
0 0
0 0
0 0
0 0
0 0
0 0
0 0
0 0
0 0
0 0
0 0
0 0
0 0
0 0
0 0
0 0
0 0
0 0
0 0
0 0
0 0
0 0
0 0
0 0
0 0
0 0
0 0
0 0
0 0
0 0
0 0
0 0
0 0
0 0
0 0
0 0
0 0
0 0
0 0
0 0
0 0
0 0
0 0
0 0
0 0
0 0
0 0
0 0
741 603
0 0
0 0
0 0
0 0
0 0
603 734
0 0
0 0
0 0
0 0
0 0
0 0
0 0
0 0
0 0
0 0
0 0
0 0
0 0
0 0
0 0
734 774
0 0
0 0
0 0
0 0
0 0
0 0
0 0
0 0
0 0
0 0
0 0
0 0
0 0
0 0
0 0
0 0
0 0
0 0
0 0
0 0
0 0
0 0
0 0
0 0
0 0
0 0
0 0
0 0
0 0
0 0
0 0
0 0
0 0
0 0
0 0
0 0
0 0
0 0
0 0
0 0
0 0
0 0
0 0
0 0
0 0
0 0
0 0
0 0
0 0
0 0
0 0
0 0
774 215
0 0
0 0
0 0
0 0
0 0
0 0
0 0
0 0
0 0
0 0
0 0
0 0
0 0
0 0
0 0
0 0
0 0
0 0
0 0
0 0
0 0
0 0
0 0
0 0
0 0
0 0
0 0
0 0
0 0
0 0
0 0
0 0
0 0
0 0
0 0
0 0
0 0
0 0
0 0
0 0
0 0
0 0
0 0
0 0
0 0
0 0
0 0
0 0
0 0
0 0
0 0
0 0
0 0
0 0
0 0
0 0
0 0
0 0
0 0
0 0
0 0
0 0
0 0
0 0
0 0
0 0
0 0
0 0
0 0
0 0
0 0
0 0
0 0
0 0
0 0
0 0
0 0
0 0
0 0
0 0
0 0
0 0
0 0
0 0
0 0
0 0
0 0
0 0
0 0
0 0
0 0
0 0
0 0
0 0
0 0
0 0
0 0
0 0
0 0
0 0
0 0
0 0
0 0
0 0
0 0
0 0
0 0
0 0
0 0
0 0
0 0
0 0
0 0
0 0
0 0
0 0
0 0
0 0
0 0
0 0
0 0
0 0
0 0
0 0
0 0
0 0
0 0
0 0
0 0
0 0
0 0
0 0
0 0
0 0
0 0
0 0
0 0
0 0
0 0
0 0
0 0
0 0
0 0
0 0
0 0
0 0
0 0
0 0
0 0
0 0
0 0
0 0
0 0
0 0
0 0
0 0
0 0
0 0
0 0
0 0
0 0
0 0
0 0
0 0
0 0
0 0
0 0
603 535
0 0
0 0
0 0
0 0
0 0
0 0
0 0
0 0
0 0
0 0
0 0
0 0
0 0
0 0
0 0
0 0
0 0
0 0
0 0
0 0
0 0
0 0
0 0
0 0
0 0
0 0
0 0
0 0
0 0
0 0
0 0
0 0
0 0
0 0
0 0
0 0
0 0
0 0
0 0
0 0
0 0
0 0
0 0
0 0
0 0
0 0
0 0
0 0
0 0
0 0
0 0
0 0
0 0
0 0
0 0
0 0
0 0
0 0
0 0
0 0
0 0
0 0
0 0
0 0
0 0
0 0
0 0
0 0
0 0
0 0
0 0
0 0
0 0
0 0
603 730
0 0
0 0
0 0
0 0
0 0
0 0
0 0
0 0
0 0
0 0
0 0
0 0
0 0
0 0
0 0
0 0
730 513
0 0
0 0
0 0
0 0
0 0
0 0
0 0
0 0
0 0
0 0
0 0
0 0
0 0
0 0
0 0
0 0
0 0
0 0
0 0
0 0
0 0
0 0
0 0
0 0
0 0
513 693
0 0
0 0
0 0
0 0
0 0
0 0
0 0
0 0
0 0
0 0
0 0
0 0
0 0
0 0
0 0
0 0
0 0
0 0
0 0
0 0
0 0
0 0
0 0
0 0
0 0
0 0
0 0
0 0
0 0
0 0
0 0
0 0
0 0
0 0
0 0
0 0
0 0
0 0
0 0
0 0
0 0
0 0
0 0
0 0
0 0
0 0
0 0
0 0
0 0
0 0
0 0
0 0
0 0
0 0
0 0
0 0
0 0
0 0
0 0
0 0
0 0
0 0
0 0
0 0
0 0
0 0
0 0
0 0
0 0
0 0
0 0
0 0
0 0
0 0
0 0
0 0
0 0
0 0
0 0
0 0
0 0
0 0
0 0
0 0
0 0
0 0
0 0
0 0
0 0
0 0
0 0
0 0
0 0
0 0
0 0
0 0
0 0
0 0
0 0
0 0
0 0
0 0
0 0
0 0
0 0
0 0
0 0
0 0
0 0
0 0
0 0
0 0
0 0
0 0
0 0
0 0
0 0
0 0
0 0
0 0
0 0
0 0
0 0
0 0
0 0
0 0
0 0
0 0
0 0
0 0
0 0
0 0
0 0
0 0
0 0
0 0
0 0
0 0
0 0
0 0
0 0
0 0
0 0
0 0
0 0
0 0
0 0
0 0
0 0
0 0
0 0
0 0
0 0
0 0
0 0
0 0
0 0
0 0
0 0
0 0
0 0
0 0
0 0
0 0
0 0
0 0
0 0
0 0
0 0
0 0
0 0
0 0
0 0
0 0
0 0
0 0
0 0
0 0
0 0
0 0
0 0
0 0
0 0
0 0
0 0
0 0
0 0
0 0
0 0
0 0
0 0
0 0
0 0
0 0
0 0
0 0
0 0
0 0
0 0
0 0
0 0
0 0
0 0
0 0
0 0
0 0
0 0
0 0
0 0
0 0
0 0
0 0
0 0
0 0
0 0
0 0
0 0
0 0
0 0
0 0
0 0
0 0
0 0
0 0
0 0
0 0
0 0
0 0
0 0
0 0
0 0
0 0
0 0
0 0
0 0
0 0
0 0
0 0
0 0
0 0
0 0
0 0
0 0
0 0
0 0
0 0
0 0
0 0
0 0
0 0
0 0
0 0
0 0
0 0
0 0
0 0
0 0
0 0
0 0
0 0
0 0
0 0
0 0
0 0
0 0
0 0
0 0
0 0
0 0
0 0
0 0
0 0
0 0
0 0
0 0
0 0
0 0
0 0
0 0
0 0
0 0
0 0
0 0
0 0
0 0
0 0
0 0
0 0
0 0
0 0
0 0
0 0
0 0
0 0
0 0
0 0
0 0
0 0
0 0
0 0
0 0
0 0
0 0
0 0
0 0
0 0
0 0
0 0
0 0
0 0
0 0
0 0
0 0
0 0
0 0
0 0
0 0
0 0
0 0
0 0
0 0
0 0
0 0
0 0
0 0
0 0
0 0
0 0
0 0
0 0
0 0
0 0
0 0
0 0
0 0
0 0
0 0
0 0
0 0
0 0
0 0
0 0
0 0
0 0
0 0
0 0
0 0
0 0
0 0
0 0
0 0
0 0
0 0
0 0
0 0
0 0
0 0
0 0
0 0
0 0
0 0
0 0
0 0
0 0
0 0
0 0
0 0
0 0
0 0
0 0
0 0
0 0
0 0
0 0
0 0
0 0
0 0
0 0
0 0
0 0
0 0
0 0
0 0
0 0
0 0
0 0
0 0
0 0
0 0
0 0
0 0
0 0
0 0
0 0
0 0
0 0
0 0
0 0
0 0
0 0
0 0
0 0
0 0
0 0
0 0
0 0
0 0
0 0
0 0
0 0
0 0
0 0
0 0
0 0
0 0
0 0
0 0
0 0
0 0
0 0
0 0
0 0
0 0
0 0
0 0
0 0
0 0
0 0
0 0
0 0
0 0
0 0
0 0
0 0
0 0
0 0
0 0
0 0
0 0
0 0
0 0
0 0
0 0
0 0
0 0
0 0
0 0
0 0
0 0
0 0
0 0
0 0
0 0
0 0
0 0
0 0
0 0
0 0
0 0
0 0
0 0
0 0
0 0
0 0
0 0
0 0
0 0
0 0
0 0
0 0
0 0
0 0
0 0
0 0
0 0
0 0
0 0
0 0
0 0
0 0
0 0
0 0
0 0
0 0
0 0
0 0
0 0
0 0
0 0
0 0
0 0
0 0
0 0
0 0
0 0
0 0
0 0
0 0
0 0
0 0
0 0
0 0
0 0
0 0
0 0
0 0
0 0
0 0
0 0
0 0
0 0
0 0
0 0
0 0
0 0
0 0
0 0
0 0
0 0
0 0
0 0
0 0
0 0
0 0
0 0
0 0
0 0
0 0
0 0
0 0
0 0
0 0
0 0
0 0
0 0
0 0
0 0
0 0
0 0
0 0
0 0
0 0
0 0
0 0
0 0
0 0
0 0
0 0
0 0
0 0
0 0
0 0
0 0
0 0
0 0
0 0
0 0
0 0
0 0
0 0
0 0
0 0
0 0
0 0
0 0
0 0
0 0
0 0
0 0
0 0
0 0
0 0
0 0
0 0
0 0
0 0
0 0
0 0
0 0
0 0
0 0
0 0
0 0
0 0
0 0
0 0
0 0
0 0
0 0
0 0
0 0
0 0
0 0
0 0
0 0
0 0
0 0
0 0
0 0
0 0
0 0
0 0
0 0
0 0
0 0
0 0
0 0
0 0
0 0
0 0
0 0
0 0
0 0
0 0
0 0
0 0
0 0
0 0
0 0
0 0
0 0
0 0
0 0
0 0
0 0
0 0
0 0
0 0
0 0
0 0
0 0
0 0
0 0
0 0
0 0
0 0
0 0
0 0
0 0
0 0
0 0
0 0
0 0
0 0
0 0
0 0
0 0
0 0
0 0
0 0
0 0
0 0
0 0
0 0
0 0
0 0
0 0
0 0
0 0
0 0
0 0
0 0
0 0
0 0
0 0
0 0
0 0
0 0
0 0
0 0
0 0
0 0
0 0
0 0
0 0
0 0
0 0
0 0
0 0
0 0
0 0
0 0
0 0
0 0
0 0
0 0
0 0
0 0
0 0
0 0
0 0
0 0
0 0
0 0
0 0
0 0
0 0
0 0
0 0
0 0
0 0
0 0
0 0
0 0
0 0
0 0
0 0
0 0
0 0
0 0
0 0
0 0
0 0
0 0
0 0
0 0
0 0
0 0
0 0
0 0
0 0
0 0
0 0
0 0
0 0
0 0
0 0
0 0
0 0
0 0
0 0
0 0
0 0
0 0
0 0
0 0
0 0
0 0
0 0
0 0
0 0
0 0
0 0
0 0
0 0
0 0
0 0
0 0
0 0
0 0
0 0
0 0
0 0
0 0
0 0
0 0
0 0
0 0
0 0
0 0
0 0
0 0
0 0
0 0
0 0
0 0
0 0
0 0
0 0
0 0
0 0
0 0
0 0
0 0
0 0
0 0
0 0
0 0
0 0
0 0
0 0
0 0
0 0
0 0
0 0
0 0
0 0
0 0
0 0
0 0
0 0
0 0
0 0
0 0
0 0
0 0
0 0
0 0
0 0
0 0
0 0
0 0
0 0
0 0
0 0
0 0
0 0
0 0
0 0
0 0
0 0
0 0
0 0
0 0
0 0
0 0
0 0
0 0
0 0
0 0
0 0
0 0
0 0
0 0
0 0
0 0
0 0
0 0
0 0
0 0
0 0
0 0
0 0
0 0
0 0
0 0
0 0
0 0
0 0
0 0
0 0
0 0
0 0
0 0
0 0
0 0
0 0
0 0
0 0
0 0
0 0
0 0
0 0
0 0
0 0
0 0
0 0
0 0
0 0
0 0
0 0
0 0
0 0
0 0
0 0
0 0
0 0
0 0
0 0
0 0
0 0
0 0
0 0
0 0
0 0
0 0
0 0
0 0
0 0
0 0
0 0
0 0
0 0
0 0
0 0
0 0
0 0
0 0
0 0
0 0
0 0
0 0
0 0
0 0
0 0
0 0
0 0
0 0
0 0
0 0
0 0
0 0
0 0
0 0
0 0
0 0
0 0
0 0
0 0
0 0
0 0
0 0
0 0
0 0
0 0
0 0
0 0
0 0
0 0
0 0
0 0
0 0
0 0
0 0
0 0
0 0
0 0
0 0
0 0
0 0
0 0
0 0
0 0
0 0
0 0
0 0
0 0
0 0
0 0
0 0
0 0
0 0
0 0
0 0
0 0
0 0
0 0
0 0
0 0
0 0
0 0
0 0
0 0
0 0
0 0
0 0
0 0
0 0
0 0
0 0
0 0
0 0
0 0
0 0
0 0
0 0
0 0
0 0
0 0
0 0
0 0
0 0
0 0
0 0
0 0
0 0
0 0
0 0
0 0
0 0
0 0
0 0
0 0
0 0
0 0
0 0
0 0
0 0
0 0
0 0
0 0
0 0
0 0
0 0
0 0
0 0
0 0
0 0
0 0
0 0
0 0
0 0
0 0
0 0
0 0
0 0
0 0
0 0
0 0
0 0
0 0
0 0
0 0
0 0
0 0
0 0
0 0
0 0
0 0
0 0
0 0
0 0
0 0
0 0
0 0
0 0
0 0
0 0
0 0
0 0
0 0
0 0
0 0
0 0
0 0
0 0
0 0
0 0
0 0
0 0
0 0
0 0
0 0
0 0
0 0
0 0
0 0
0 0
0 0
0 0
0 0
0 0
0 0
0 0
0 0
0 0
0 0
0 0
0 0
0 0
0 0
0 0
0 0
0 0
0 0
0 0
0 0
0 0
0 0
0 0
0 0
0 0
0 0
0 0
0 0
0 0
0 0
0 0
0 0
0 0
1876
0 1
481 0
1 2
481 1
1 532
2 3
2 532
3 4
3 532
4 5
4 532
5 6
532 5
5 652
6 7
6 652
7 8
514 7
7 652
8 9
8 514
9 10
9 514
10 11
10 514
10 620
11 12
620 11
12 13
620 12
621 12
13 14
13 621
14 15
621 14
622 14
15 16
622 15
16 17
16 622
623 16
17 18
623 17
18 19
18 623
624 18
19 20
624 19
20 21
624 20
666 20
21 22
21 666
22 23
666 22
23 24
23 572
23 666
24 25
24 572
25 26
25 572
26 27
26 571
572 26
27 28
27 571
28 29
28 571
29 30
571 29
29 575
30 31
518 30
575 30
31 32
31 518
32 33
32 518
544 32
33 34
544 33
34 35
544 34
34 654
35 36
35 654
36 37
654 36
37 38
653 37
654 37
37 661
38 39
661 38
39 40
656 39
39 661
40 41
656 40
41 42
656 41
657 41
42 43
517 42
657 42
43 44
43 517
629 43
44 45
44 629
45 46
45 629
46 47
629 46
634 46
47 48
47 634
48 49
634 48
49 50
49 632
49 634
635 49
639 49
49 741
50 51
50 741
51 52
51 741
742 51
52 53
563 52
742 52
53 54
563 53
54 55
563 54
55 56
55 562
55 563
56 57
562 56
57 58
57 562
58 59
58 562
564 58
59 60
564 59
60 61
564 60
60 591
61 62
61 591
62 63
581 62
62 591
63 64
581 63
63 592
64 65
592 64
65 66
65 592
66 67
66 592
66 752
67 68
67 752
68 69
68 752
753 68
69 70
753 69
70 71
753 70
71 72
71 626
753 71
72 73
72 626
73 74
626 73
74 75
516 74
626 74
75 76
75 516
76 77
76 516
76 531
77 78
77 531
78 79
530 78
531 78
79 80
530 79
80 81
80 530
81 82
81 512
530 81
82 83
512 82
83 84
83 512
617 83
84 85
617 84
85 86
617 85
86 87
86 617
618 86
690 86
87 88
690 87
88 89
690 88
89 90
690 89
691 89
90 91
90 691
91 92
91 691
92 93
691 92
92 737
93 94
93 737
94 95
737 94
740 94
95 96
740 95
96 97
96 738
740 96
97 98
97 738
98 99
100 98
738 98
99 100
100 101
100 738
101 102
738 101
102 103
102 738
103 104
103 738
104 105
104 738
105 106
105 738
106 107
106 738
107 108
738 107
108 109
738 108
108 739
109 110
109 739
110 111
110 739
111 112
737 111
111 739
112 113
691 112
737 112
113 114
691 113
114 115
114 690
691 114
115 116
690 115
116 117
116 618
116 690
117 118
117 618
118 119
118 618
119 120
617 119
119 618
120 121
512 120
617 120
121 122
512 121
122 123
512 122
122 529
123 124
529 123
124 125
124 523
124 529
125 126
523 125
126 127
523 126
127 128
127 510
127 523
128 129
128 510
129 130
510 129
130 131
510 130
130 525
131 132
131 525
132 133
132 525
133 134
133 525
549 133
134 135
134 549
135 136
549 135
750 135
136 137
136 750
136 751
137 138
137 751
138 139
138 751
139 140
582 139
139 751
140 141
140 582
141 142
561 141
141 582
142 143
561 142
142 583
143 144
143 583
144 145
144 560
583 144
145 146
560 145
664 145
146 147
664 146
147 148
147 664
148 149
536 148
664 148
149 150
149 536
150 151
536 150
151 152
151 511
536 151
152 153
511 152
153 154
511 153
558 153
154 155
558 154
155 156
155 558
156 157
537 156
156 558
584 156
157 158
157 584
158 159
158 584
159 160
159 584
160 161
566 160
584 160
160 594
161 162
594 161
162 163
162 594
163 164
594 163
163 668
164 165
668 164
165 166
668 165
165 669
166 167
669 166
167 168
167 669
760 167
168 169
760 168
169 170
169 760
170 171
170 715
758 170
760 170
171 172
715 171
172 173
172 715
172 744
173 174
173 744
174 175
174 744
175 176
175 521
175 744
176 177
176 521
177 178
177 521
177 674
178 179
178 606
178 674
179 180
179 606
180 181
180 606
180 675
180 683
181 182
181 683
181 686
182 183
686 182
183 184
183 686
183 735
184 185
735 184
185 186
185 734
185 735
186 187
186 734
187 188
187 734
764 187
188 189
764 188
189 190
189 764
190 191
764 190
190 765
191 192
765 191
192 193
192 765
766 192
193 194
193 766
194 195
766 194
767 194
195 196
767 195
772 195
196 197
196 772
197 198
197 772
198 199
198 771
198 772
199 200
199 771
199 774
200 201
774 200
201 202
774 201
775 201
202 203
202 775
203 204
203 775
776 203
204 205
204 776
205 206
205 611
205 776
206 207
206 611
207 208
609 207
611 207
208 209
208 215
208 609
209 210
209 214
209 215
210 211
210 213
214 210
211 212
213 211
212 213
213 214
214 215
215 216
609 215
215 610
216 217
216 610
217 218
217 232
610 217
218 219
231 218
232 218
219 220
219 230
219 231
220 221
229 220
220 230
221 222
228 221
221 229
222 223
228 222
223 224
227 223
228 223
224 225
224 226
224 227
225 226
226 227
227 228
228 229
229 230
230 231
231 232
232 233
234 232
232 610
233 234
234 235
234 610
235 236
235 610
236 237
609 236
610 236
237 238
237 609
237 611
238 239
238 611
239 240
239 611
776 239
240 241
776 240
241 242
776 241
242 243
242 775
776 242
243 244
774 243
775 243
244 245
774 244
245 246
771 245
774 245
246 247
771 246
246 773
247 248
773 247
248 249
248 773
249 250
249 767
773 249
250 251
250 767
251 252
251 766
767 251
252 253
766 252
253 254
765 253
253 766
254 255
254 765
255 256
764 255
255 765
256 257
256 764
257 258
257 734
257 764
258 259
258 734
736 258
259 260
736 259
260 261
260 684
685 260
260 736
261 262
261 685
262 263
685 262
263 264
263 685
264 265
680 264
682 264
264 685
265 266
265 682
266 267
266 682
267 268
267 678
682 267
268 269
268 678
269 270
677 269
269 678
270 271
677 270
271 272
271 596
271 677
271 679
272 273
272 596
273 274
596 273
597 273
274 275
597 274
275 276
275 597
276 277
554 276
276 556
597 276
277 278
277 554
278 279
554 278
278 557
279 280
533 279
279 557
280 281
280 283
533 280
281 282
283 281
282 283
283 284
283 533
569 283
284 285
284 569
285 286
285 543
569 285
286 287
286 543
287 288
287 543
288 289
288 543
289 290
543 289
290 291
543 290
568 290
291 292
568 291
292 293
292 568
293 294
293 568
294 295
294 515
294 568
295 296
515 295
296 297
296 515
297 298
297 515
298 299
515 298
298 542
299 300
542 299
300 301
300 542
301 302
303 301
301 507
301 542
302 303
303 304
507 303
304 305
507 304
305 306
507 305
305 535
306 307
306 535
306 550
307 308
307 550
308 309
550 308
308 586
309 310
577 309
309 586
671 309
310 311
671 310
311 312
670 311
311 671
311 724
312 313
312 724
313 314
313 724
314 315
724 314
314 725
315 316
315 725
316 317
528 316
725 316
317 318
528 317
318 319
528 318
319 320
528 319
320 321
522 320
320 528
321 322
522 321
322 323
522 322
323 324
323 522
323 756
324 325
756 324
324 757
325 326
325 757
326 327
326 513
326 757
327 328
513 327
619 327
328 329
328 619
329 330
329 619
329 692
330 331
692 330
331 332
331 692
332 333
692 332
332 693
333 334
333 693
762 333
334 335
334 762
335 336
335 762
336 337
336 761
762 336
337 338
337 761
768 337
338 339
768 338
339 340
339 768
340 341
768 340
340 769
341 342
769 341
341 770
342 343
342 770
343 344
343 614
343 770
344 345
613 344
344 614
345 346
613 345
346 347
346 612
346 613
347 348
347 612
348 349
612 348
348 689
349 350
689 349
350 351
689 350
351 352
351 365
351 366
351 689
352 353
352 363
352 364
352 365
353 354
363 353
354 355
362 354
354 363
355 356
355 360
361 355
362 355
356 357
359 356
356 360
357 358
357 359
358 359
359 360
360 361
361 362
362 363
363 364
364 365
365 366
366 367
366 689
367 368
367 612
367 689
368 369
368 373
374 368
375 368
612 368
369 370
371 369
369 372
369 373
370 371
371 372
372 373
373 374
374 375
375 376
612 375
376 377
612 376
376 613
377 378
613 377
614 377
378 379
378 614
770 378
379 380
769 379
770 379
380 381
380 769
381 382
769 381
382 383
768 382
382 769
383 384
383 768
384 385
761 384
768 384
385 386
385 761
763 385
386 387
386 763
387 388
387 763
388 389
388 693
763 388
389 390
389 692
693 389
390 391
692 390
391 392
391 619
391 692
392 393
619 392
393 394
393 513
393 619
394 395
394 513
395 396
395 513
396 397
396 513
754 396
397 398
397 754
397 755
398 399
755 398
399 400
399 755
400 401
400 527
755 400
401 402
527 401
401 723
402 403
402 723
402 730
403 404
403 730
404 405
730 404
732 404
405 406
732 405
406 407
406 732
747 406
407 408
407 747
408 409
747 408
409 410
409 718
746 409
409 747
410 411
410 746
411 412
746 411
778 411
412 413
778 412
413 414
777 413
778 413
414 415
777 414
781 414
415 416
415 781
416 417
781 416
782 416
417 418
782 417
418 419
418 782
419 420
419 694
782 419
420 421
420 694
421 422
421 641
421 694
422 423
638 422
641 422
423 424
638 423
424 425
534 424
424 638
424 786
425 426
786 425
426 427
426 786
427 428
786 427
428 429
428 786
429 430
429 783
429 786
430 431
783 430
431 432
783 431
431 784
432 433
784 432
433 434
433 784
434 435
660 434
434 784
435 436
435 660
436 437
660 436
437 438
437 660
662 437
438 439
438 662
439 440
662 439
663 439
440 441
663 440
441 442
441 570
663 441
442 443
442 570
443 444
546 443
570 443
444 445
444 546
445 446
445 545
546 445
446 447
545 446
576 446
447 448
576 447
448 449
448 576
448 648
449 450
449 647
648 449
450 451
647 450
451 452
451 647
649 451
452 453
649 452
453 454
453 649
454 455
649 454
455 456
649 455
456 457
519 456
456 649
665 456
457 458
457 665
458 459
625 458
665 458
459 460
459 625
460 461
625 460
461 462
623 461
625 461
462 463
462 622
623 462
463 464
622 463
464 465
464 621
622 464
465 466
465 621
466 467
620 466
466 621
467 468
467 620
468 469
468 470
514 468
620 468
469 470
470 471
514 470
652 470
471 472
471 652
472 473
532 472
472 652
473 474
473 532
474 475
532 474
475 476
475 478
475 532
476 477
476 478
477 478
478 479
478 480
478 532
479 480
480 481
532 480
481 532
482 541
566 482
593 482
482 698
701 482
482 743
640 483
483 642
483 643
644 483
483 695
484 675
676 484
677 484
678 484
680 484
683 484
485 507
515 485
533 485
485 542
543 485
555 485
569 485
535 486
550 486
486 552
486 553
486 554
486 578
589 487
487 590
487 599
600 487
487 602
603 487
607 487
488 706
488 707
708 488
488 709
488 712
713 488
539 489
559 489
489 560
489 561
581 489
591 489
490 561
581 490
490 582
490 592
490 749
751 490
752 490
549 491
491 626
491 651
491 749
491 750
753 491
492 510
523 492
492 524
492 529
492 530
531 492
493 587
598 493
604 493
493 672
726 493
493 728
493 729
494 526
494 527
528 494
723 494
494 725
727 494
628 495
630 495
495 631
495 658
495 785
496 655
656 496
657 496
496 659
496 662
518 497
544 497
497 545
497 546
547 497
497 570
653 497
654 497
498 519
548 498
498 571
572 498
498 573
498 647
498 648
499 633
641 499
499 643
499 644
694 499
499 780
499 782
500 645
667 500
500 697
500 699
500 702
500 704
521 501
501 600
501 605
608 501
501 674
687 501
688 501
501 716
502 708
502 717
502 745
746 502
502 778
779 502
503 707
503 713
714 503
503 715
503 758
503 759
504 709
504 719
720 504
504 731
733 504
748 504
505 522
505 526
505 527
505 754
505 755
756 505
506 580
506 588
506 590
506 596
601 506
679 506
506 681
535 507
507 542
507 555
508 511
508 536
538 508
508 539
508 559
508 664
509 538
539 509
509 562
563 509
509 565
567 509
510 523
510 524
510 525
536 511
538 511
511 540
558 511
512 529
512 530
512 617
513 619
754 513
513 757
620 514
652 514
542 515
515 543
515 568
516 524
531 516
626 516
516 651
517 628
629 517
657 517
658 517
518 544
518 545
548 518
518 575
519 573
574 519
647 519
649 519
519 665
667 520
669 520
702 520
520 758
760 520
674 521
716 521
521 744
526 522
522 528
756 522
523 529
524 525
524 531
651 524
525 549
525 651
526 527
526 528
723 527
755 527
528 725
529 530
530 531
652 532
553 533
555 533
533 557
533 569
534 631
636 534
534 638
786 534
535 550
553 535
555 535
536 664
537 540
541 537
558 537
537 566
537 584
539 538
540 538
567 538
539 559
562 539
564 539
591 539
540 541
540 558
540 567
565 541
566 541
541 567
743 541
568 543
569 543
544 654
545 546
548 545
545 576
546 570
547 570
547 653
655 547
662 547
547 663
548 571
575 548
576 548
548 648
549 651
549 750
550 552
586 550
552 551
551 577
551 579
551 580
589 551
595 551
577 552
578 552
552 579
586 552
554 553
553 555
553 557
554 556
557 554
554 578
556 578
556 579
556 588
597 556
559 560
664 559
561 560
560 583
560 664
581 561
582 561
561 583
563 562
562 564
563 565
742 563
591 564
567 565
742 565
743 565
566 584
593 566
594 566
570 663
572 571
571 575
572 573
666 572
573 574
666 573
574 624
625 574
574 665
574 666
648 576
586 577
595 577
670 577
577 671
579 578
579 580
579 588
580 588
589 580
580 590
580 599
581 591
581 592
582 751
593 585
585 594
667 585
585 668
698 585
585 699
589 587
595 587
604 587
670 587
587 672
588 596
597 588
589 595
599 589
589 602
589 604
599 590
590 600
601 590
590 605
752 592
594 593
698 593
594 668
670 595
597 596
679 596
602 598
598 603
598 604
729 598
731 598
605 600
600 607
688 600
601 605
601 608
601 676
601 681
603 602
602 604
603 607
603 710
603 719
731 603
608 605
608 606
606 674
606 675
606 676
688 607
710 607
607 711
608 674
676 608
610 609
609 611
611 776
613 612
612 689
614 613
614 770
658 615
615 659
615 660
615 784
615 785
616 644
616 705
717 616
777 616
779 616
616 780
617 618
618 690
619 692
620 621
621 622
623 622
623 624
623 625
625 624
624 666
625 665
626 651
753 626
627 628
627 629
630 627
627 632
627 634
628 629
628 630
658 628
634 629
630 631
630 632
630 636
637 630
636 631
783 631
785 631
786 631
634 632
632 637
639 632
633 636
633 637
633 638
640 633
633 641
633 643
639 635
642 635
635 646
696 635
700 635
635 741
636 637
638 636
637 639
637 640
641 638
639 640
642 639
640 642
640 643
694 641
642 646
642 695
643 644
644 645
695 644
705 644
780 644
645 695
697 645
703 645
645 704
705 645
695 646
646 697
698 646
646 700
647 648
649 647
702 650
703 650
650 704
650 706
650 707
650 759
653 654
655 653
661 653
655 656
661 655
655 662
657 656
656 661
658 657
657 659
658 659
785 658
659 660
659 662
662 660
784 660
663 662
667 668
667 669
667 699
702 667
669 668
760 669
671 670
670 672
670 721
724 670
672 721
672 726
673 728
673 729
673 730
731 673
673 732
673 733
676 675
683 675
677 676
679 676
681 676
678 677
677 679
678 680
678 682
679 681
682 680
683 680
684 680
685 680
683 684
686 683
684 685
684 686
735 684
736 684
735 686
688 687
711 687
712 687
687 713
687 714
687 716
711 688
691 690
691 737
693 692
762 693
693 763
694 782
695 697
696 700
696 701
696 741
696 742
743 696
697 698
699 697
699 698
700 698
701 698
701 700
743 701
704 702
758 702
702 759
703 704
703 705
703 706
717 703
705 717
707 706
708 706
706 717
707 713
759 707
708 709
717 708
708 745
709 710
712 709
719 709
720 709
709 745
710 711
712 710
719 710
711 712
712 713
714 713
715 714
714 716
714 744
715 744
715 758
716 744
717 779
720 718
718 745
746 718
718 747
718 748
731 719
745 720
748 720
721 724
721 725
726 721
727 721
723 722
722 726
722 727
722 728
730 722
727 723
723 730
724 725
727 725
726 727
726 728
729 728
728 730
729 731
732 730
733 731
732 733
747 732
747 733
748 733
735 734
734 736
734 764
736 735
737 739
737 740
738 739
740 738
740 739
742 741
743 742
746 745
746 778
747 748
749 750
749 751
749 752
753 749
750 751
752 753
755 754
754 756
757 754
756 757
758 759
760 758
762 761
763 761
761 768
763 762
764 765
766 765
767 766
772 767
767 773
769 768
769 770
772 771
771 773
771 774
773 772
775 774
775 776
778 777
777 779
777 780
777 781
778 779
780 781
780 782
781 782
784 783
785 783
786 783
785 784
