838
183 488
178 485
174 481
170 478
169 473
169 468
169 463
169 458
169 453
169 448
170 443
171 438
174 433
175 428
175 423
175 418
175 413
175 408
177 403
180 398
182 393
184 388
186 383
187 378
188 373
190 368
193 363
194 358
194 353
194 348
197 343
198 338
198 333
198 328
200 323
200 318
200 313
200 308
200 303
200 298
199 293
202 288
204 283
200 278
196 275
194 270
194 265
194 260
196 255
196 250
198 245
198 240
200 235
202 230
204 225
204 220
206 215
206 210
206 205
204 200
199 199
194 200
189 201
184 202
179 201
174 203
169 205
164 208
159 210
154 211
149 213
144 214
139 214
134 214
129 216
124 218
119 222
115 226
110 230
105 235
101 239
96 242
92 245
87 248
82 250
77 253
72 254
67 253
62 251
57 247
53 242
50 238
46 233
42 231
37 233
32 235
27 234
25 231
24 226
26 221
31 217
35 214
39 210
42 205
45 200
48 196
52 193
57 190
62 190
67 190
72 190
77 188
82 188
87 186
92 186
97 184
102 183
107 181
112 179
117 178
122 177
127 175
132 175
137 174
142 173
147 173
152 171
157 170
162 170
167 170
172 170
177 168
182 168
187 166
192 165
197 162
202 160
207 162
212 162
217 164
219 160
220 155
221 150
217 146
213 141
208 140
205 135
204 130
201 125
198 121
195 116
193 111
191 106
189 101
188 96
186 91
186 86
188 81
188 76
187 71
190 66
194 63
196 58
198 53
203 49
206 44
211 41
216 38
221 37
226 36
231 35
236 34
241 32
246 32
251 32
256 32
261 34
266 37
271 36
276 37
281 40
286 43
289 48
293 53
298 58
300 63
303 68
305 73
304 78
304 83
304 88
304 93
303 98
302 103
301 108
300 113
296 115
294 119
294 124
293 129
290 133
285 137
283 142
280 147
279 152
278 157
278 162
283 160
288 158
293 157
298 157
303 159
308 162
313 163
318 164
323 164
328 166
333 168
338 168
343 167
348 168
353 170
358 172
363 173
368 175
373 176
378 177
383 177
388 178
393 179
398 181
403 182
408 183
413 185
418 186
423 186
428 186
433 187
438 188
443 188
448 189
453 191
458 195
461 200
464 205
469 208
474 211
479 214
483 218
482 223
477 225
472 225
467 224
462 222
458 225
457 230
454 235
451 240
446 245
441 250
438 253
433 251
428 251
423 247
418 245
413 242
408 238
403 236
398 233
393 228
388 224
383 219
378 215
373 213
368 212
363 211
358 210
353 210
348 207
343 205
338 203
333 201
328 200
323 199
318 199
313 199
309 196
304 198
299 198
298 203
297 208
298 213
300 218
301 223
303 228
304 233
305 238
306 243
306 248
307 253
306 258
304 263
300 268
295 271
294 276
298 280
300 285
300 290
300 295
301 300
302 305
302 310
302 315
302 320
302 325
302 330
304 335
304 340
306 345
306 350
308 355
308 360
309 365
310 370
310 375
310 380
312 385
314 390
316 395
317 400
320 405
321 410
323 415
323 420
324 425
326 430
327 435
329 440
329 445
329 450
330 455
329 460
329 465
328 470
326 475
325 480
323 484
318 484
313 485
308 488
303 488
298 488
293 488
288 488
283 488
278 488
273 488
268 488
263 486
259 482
256 478
256 473
257 468
256 463
256 458
254 453
254 448
253 443
252 438
250 433
250 428
250 423
251 418
251 413
252 408
254 403
254 398
254 393
255 388
256 383
256 378
257 373
257 368
256 363
256 358
255 353
254 348
254 343
252 338
250 333
250 328
248 325
248 330
247 335
246 340
246 345
247 350
248 355
248 360
245 365
244 370
242 375
242 380
243 385
243 390
243 395
243 400
244 405
244 410
245 415
246 420
247 425
248 430
248 435
248 440
247 445
246 450
245 455
244 460
242 465
242 470
242 475
243 480
242 484
237 485
232 487
227 488
222 489
217 489
213 487
208 487
203 487
198 487
193 488
188 488
184 488
247.958 176.979
245.583 92.2917
270.332 104.666
102.885 205.962
69.5 217.849
156.667 189.917
123.376 196.881
250.299 246.42
214.431 380.886
210.171 420.5
230.188 300.5
222.146 335.5
250.253 143.651
288.176 180.189
396.339 202.305
276.534 331.086
283.231 370.5
288.331 433.334
238.005 207.5
221.64 106.395
229.469 66.3454
88.9356 222.936
267.487 268.097
224.848 242.039
276.168 235.833
225.082 438.016
270.172 424.434
306.275 447.5
210.44 78.5
210.5 460.401
288.767 402.993
300.5 467.415
189.988 465.5
278.661 461.068
430.091 219.182
266.91 69.7719
194.467 410.08
220.567 265.646
438.074 232.074
318.833 181.5
286.07 102.621
220.868 472.844
180.298 471.501
180.093 184.463
208.355 181.225
343 185.5
89.6463 200.232
61.1028 205.176
215.373 295.875
213.822 353.497
289.572 337.686
292.5 357.9
302.666 418.867
244.927 52.6345
217.596 55.5956
222.597 223.519
316.95 455
305.235 477.284
190.125 445.25
268.583 450.283
274.063 54.937
211.5 252.9
431.426 240.435
231.235 475.868
313.341 467.324
443.982 207.072
190.325 476.868
306.597 458.388
292.198 455.235
284.783 66.202
202.202 470.826
211.743 469.906
71.3287 235.643
221.615 124.77
199.639 73.4874
209.803 65.731
219.661 65.247
200.195 88.5
270.927 473.503
207.248 266.77
214.795 276.72
235.258 280.346
213.176 286.355
224.19 283.253
227.516 273.392
236.77 258.1
231.938 290.225
258.797 293.756
279.455 292.5
244.62 297.672
279.777 115.777
275.973 86.498
99.7567 195.031
111.438 197.601
118.032 207.608
116.883 188.557
127.989 205.874
140.139 193.962
92.548 211.686
103.302 218.91
80.8552 214.136
53.7257 219.183
217.952 313.652
230.804 355.474
288.304 324.012
296.623 370.642
289.762 386.105
289.86 376.895
274.24 354.177
267.293 461.59
223.473 253.981
443.078 220.057
453.236 214.24
446.924 228.709
288.965 466.358
293.838 476.647
282.28 475.823
281.279 448.52
273.291 437.6
291.548 444.058
275.173 64.614
278.317 75.4556
291.083 77.4895
283.782 56.421
214.611 93.0213
204.338 258.291
248.568 284.346
255.703 310.174
239.958 312.121
287.702 111.484
259.276 123.635
277.322 96.8764
137.958 203.889
112.179 215.23
97.9911 227.605
61.2478 214.198
62.3786 227.572
61.6598 237.367
51.5147 209.072
220.92 304.146
228.883 311.849
225.205 323.586
212.524 326.679
234.514 332.327
210.283 338.782
235.645 321.795
230.817 343.605
222.89 349.531
282.509 360.26
284.739 348.566
274.787 342.572
295.368 346.773
265.084 347.929
264.43 335.121
266.273 320.477
263.367 441.131
279.057 429.281
281.041 415.077
226.002 81.8902
206.829 105.645
245.661 269.878
261.628 280.414
253.226 301.207
248.406 315.797
268.144 116.097
274.302 128.378
253.277 107.593
209.442 317.751
205.787 347.646
259.439 327.055
270.628 305.435
267.131 409.911
292.404 413.83
303.169 404.189
293.648 424.267
305.069 433.108
217.308 84.3872
219.378 74.8843
241.101 77.0986
227.476 94.7932
235.67 87.3212
237.455 107.082
213.752 115.571
212.086 124.955
205.687 96.2311
235.887 268.012
248.751 258.301
262.876 254.1
256.374 266.537
253.147 275.9
275.337 279.384
268.87 288.922
283.774 125.003
263.181 137.437
264.432 311.792
286.334 306.674
261.436 418.683
277.2 404.109
296.683 394.986
300.444 384.918
310.554 411.79
300.082 440.773
312.549 424.523
315.949 435.037
315.974 445.042
232.158 75.1041
241.798 64.6764
255.455 61.7972
256.131 80.9219
237.039 97.2243
245.542 101.897
244.962 119.845
229.163 115.593
262.805 240.079
282.746 255.313
285.692 283.337
289.836 292.862
253.023 132.857
273.355 138.571
262.772 153.141
278.836 301.557
277.725 315.642
258.003 48.2399
265.309 59.8579
250.514 71.5459
266.932 80.5785
261.939 93.5671
247.48 83.4742
253.462 116.667
247.721 225.832
280.124 267.681
272.569 258.665
274.453 247.262
258.948 145.184
247.558 160.208
248.821 42.5695
267.995 46.8841
261.237 102.821
252.706 235.663
238.618 238.158
264.717 222.946
240.166 248.358
229.473 232.08
235.323 220.34
267.574 231.938
238.955 228.882
212.024 400.663
303.469 181.665
311.209 186.914
295.124 188.161
273.532 199.969
283.029 191.69
285.301 203.883
266.393 182.192
275.441 213.88
273.057 189.837
296.832 170.465
286.394 169.888
276.884 176.838
311.068 173.779
286.789 215.212
279.922 224.72
290.076 234.34
285.262 244.425
295.593 243.166
291.032 224.329
227.062 457.142
232.008 465.867
231.099 52.6134
222.763 46.9322
238.025 44.4853
214.543 233.895
215.136 243.736
193.971 427.872
421.294 230.403
429.99 228.161
411.682 213.809
419.811 220.181
409.028 225.565
428.009 202.771
77.7522 225.992
86.1069 234.573
79.1428 240.979
130.285 186.964
146.573 184.464
150.333 199.826
74.0204 202.951
81.0515 197.099
43.2713 220.535
220.851 367.042
206.385 368.745
232.608 367.092
200.513 381.373
212.986 362.527
228.207 380.165
198.004 372.527
207.786 390.112
200.02 399.358
189.86 400.895
204.12 357.635
221.911 391.832
232.371 389.944
227.29 407.804
221.184 400.969
233.111 399.808
272.934 383.979
270.333 366.966
275.08 374.946
265.634 358.539
288.302 90.0005
293.76 97.4736
260.818 430.357
292.058 314.805
233.215 168.941
236.289 149.876
237.512 159.853
236.964 133.803
231.628 125.313
245.313 151.345
244.737 128.987
241.161 142.03
228.576 141.501
220.994 134.842
253.913 210.81
244.622 215.582
265.27 208.189
256.194 194.774
205.773 410.084
216.809 411.561
226.806 422.956
217.341 429.501
209.883 444.057
234.433 415.616
235.7 431.603
235.487 443.246
235.646 452.845
260.368 168.293
257.708 177.701
251.275 168.51
256.683 159.941
267.965 161.731
294.57 254.951
288.947 263.132
219.672 463.299
199.771 419.131
185.167 435.038
186.656 418.765
184.698 409.192
437.706 198.566
434.553 210.278
194.472 390.207
280.352 392.924
232.023 188.666
221.835 177.209
231.645 178.744
255.518 220.258
247.506 201.719
238.174 197.079
243.082 187.037
252.619 185.853
220.319 448.174
200.483 452.596
198.804 461.95
190.725 455.38
180.226 459.702
199.617 438.236
204.257 428.989
179.849 448.827
169.311 191.189
163.931 181.189
154.703 179.915
172.774 179.062
194.503 185.284
203.395 189.964
217.849 192.391
226.312 202.099
226.782 213.213
216.47 215.029
216.011 202.536
186.923 191.451
187.746 177.008
199.046 174.253
223.697 185.812
330.28 187.349
328.25 177.198
337.775 177.529
398.396 215.546
389.112 210.207
380.14 194.747
380.277 205.001
391.647 191.222
410.559 199.323
404.759 207.059
402.228 192.648
420.279 196.012
266.995 395.754
264.264 386.992
362.088 192.24
369.706 200.725
372 187.114
350.335 195.125
354.534 183.233
838
178.874 486.693
185.12 476.855
181.692 475.605
179.065 476.735
177.482 477.416
185.575 473.945
190.846 468.502
196.344 462.806
200.313 458.609
201.058 457.824
202.451 456.155
204.788 452.651
209.122 446.264
210.492 427.364
210.416 422.015
208.281 413.734
205.622 409.871
201.528 407.222
204.993 409.563
208.771 410.399
210.114 405.373
210.8 398.512
211.833 389.072
212.935 379.279
213.119 377.645
213.315 375.912
214.168 368.012
214.954 358.037
215.224 353.409
215.276 352.428
215.424 349.59
215.843 341.469
217.134 332.177
217.416 330.186
218.533 323.914
221.46 314.732
223.64 308.284
225.879 301.681
229.021 295.079
229.896 293.94
229.529 294.456
236.273 284.96
241.873 268.192
231.104 258.326
196.96 264.041
208.262 259.047
204.946 262.655
208.883 261.971
226.543 258.898
231.558 258.361
237.131 257.542
238.151 257.321
240.83 256.397
243.884 250.739
246.328 236.072
246.646 232.082
247.355 223.234
247.312 209.689
246.519 193.07
226.36 186.939
200.299 180.676
187.735 179.19
182.822 179.36
181.197 179.992
178.673 180.758
166.987 184.082
159.126 186.721
151.516 189.328
149.88 189.891
146.936 190.9
143.582 191.672
142.754 191.871
140.734 192.352
134.311 193.953
125.272 196.224
115.61 198.652
104.347 205.257
97.4529 209.36
89.0382 214.394
80.8603 219.438
79.1861 221.486
78.1505 222.586
75.3933 226.524
74.2725 231.529
72.4623 239.518
71.4806 243.826
70.1167 249.811
70.2928 249.038
71.8913 242.004
72.5598 239.06
74.3513 231.093
75.4156 223.172
62.7486 211.748
45.4016 219.141
27.5689 227.99
25.7437 230.284
25.0843 231.083
26.4671 229.425
27.1366 228.655
27.9314 227.004
39.154 221.864
44.3516 219.599
55.231 214.733
61.9136 211.564
56.857 206.19
56.3677 205.755
53.9117 203.564
53.9044 203.557
57.2095 206.506
65.6563 213.859
74.251 220.803
80.0459 219.233
84.298 217.255
89.0852 214.373
95.3392 210.619
103.235 205.88
109.82 201.951
116.756 198.57
121.23 197.301
124.117 196.541
126.492 195.938
132.57 194.393
136.021 193.522
138.616 192.869
145.629 191.106
151.722 189.265
158.088 187.062
159.963 186.408
162.198 185.631
166.37 184.326
173.287 182.286
178.843 180.837
183.707 179.564
190.166 178.865
196.469 179.84
197.84 179.874
193.18 178.654
197.633 179.819
214.739 184.062
240.312 190.353
251.782 186.588
251.964 161.315
253.417 121.083
251.606 95.9067
255.304 60.5795
245.293 92.229
230.381 107.492
236.204 100.064
246.221 84.7924
240.659 80.4692
238.316 79.3534
234.016 77.5386
227.82 76.4224
220.455 76.3957
217.219 76.7287
206.519 78.8681
207.226 78.698
215.989 76.4191
206.31 75.9124
201.061 75.7284
198.345 75.6332
218.959 75.8895
229.011 74.7689
230.713 72.9397
231.41 69.8818
229.722 65.9526
229.112 65.292
226.631 62.8931
227.552 63.7879
236.407 68.4268
238.701 69.1273
244.235 70.551
246.903 70.572
248.119 68.8558
248.111 68.3035
248.289 70.1427
251.968 71.3608
261.311 69.3553
269.772 62.7772
270.603 61.9094
270.08 62.4398
267.746 65.4847
266.877 66.873
265.385 72.1327
266.183 76.2581
267.51 77.6961
282.547 74.2615
282.688 74.2252
280.099 74.8876
266.761 79.6901
264.919 82.618
265.474 85.7281
265.922 88.383
266.777 90.5307
267.225 92.5546
273.901 93.8015
266.865 92.6744
267.047 95.746
275.73 106.469
279.897 110.626
263.995 89.127
258.687 90.8779
255.633 99.683
253.983 117.062
253.073 135.484
251.699 166.202
252.278 185.823
275.242 182.359
292.091 177.33
299.179 175.206
299.572 175.088
295.789 176.228
299.305 176.159
309.681 174.251
318.823 176.709
320.729 177.274
324.574 178.414
331.881 180.638
339.21 182.938
341.09 183.529
342.317 183.917
345.444 185.128
351.308 187.497
356.712 189.311
359.431 190.199
368.354 193.117
374.404 194.932
379.013 196.3
382.2 197.397
385.334 198.438
390.233 200.123
395.689 202.008
400.636 204.077
405.121 206.179
419.359 212.973
427.173 216.782
431.243 218.807
435.17 216.472
440.803 211.859
446.15 206.824
447.091 205.94
448.061 205.029
446.787 206.23
442.647 210.19
444.961 212.142
458.72 215.021
472.472 217.994
479.939 220.347
481.305 220.827
481.298 220.825
478.914 219.986
478.009 219.72
466.717 216.882
457.475 214.843
438.79 213.6
435.114 218.687
433.649 221.17
433.037 223.026
433.726 230.921
435.932 248.7
437.22 259.077
435.908 248.511
435.297 243.59
433.852 232.164
432.91 226.646
431.891 220.428
426.468 216.755
422.596 214.412
420.534 213.475
417.439 212.006
406.655 206.953
395.674 202.06
384.46 198.137
375.06 195.18
368.559 193.186
364.301 191.794
360.382 190.517
358.565 189.939
355.861 189.085
351.222 187.437
345.476 185.133
338.823 182.845
332.482 180.82
326.447 178.939
322.19 177.596
319.653 176.872
312.764 175.191
295.523 176.865
282.826 180.268
253.802 193.296
250.788 201.31
249.928 227.741
253.006 237.225
255.413 242.1
257.93 245.544
262.665 245.878
267.605 246.061
273.574 246.714
276.64 247.076
288.476 248.748
305.959 251.236
296.883 249.924
267.403 246.023
250.837 250.935
254.394 272.828
263.211 290.652
265.828 294.933
266.464 295.804
268.486 298.061
270.798 300.636
277.45 308.524
278.336 309.758
279.764 311.783
280.932 315.324
282.441 320.736
283.225 331.038
283.902 339.678
283.825 345.158
283.81 350.298
283.596 353.94
283.38 357.925
282.93 363.583
282.75 365.801
282.498 368.832
282.365 373.873
282.142 382.272
282.064 394.11
282.213 405.181
282.382 409.575
282.954 416.799
283.971 422.035
284.42 423.885
285.219 426.395
285.83 428.348
289.36 438.963
292.334 447.23
295.071 454.69
295.734 456.485
296.484 458.206
299.048 460.745
301.329 462.956
303.843 465.133
306.728 467.636
309.26 469.867
310.62 471.071
319.218 478.68
323.019 482.044
315.651 475.553
309.18 469.797
308.173 468.906
307.171 468.015
303.144 464.659
298.482 460.985
294.527 461.004
290.152 461.356
281.912 467.527
278.496 470.083
265.697 479.626
264.205 480.737
262.009 482.373
262.655 481.892
265.322 479.905
279.614 469.256
288.451 462.715
292.098 456.396
293.867 450.786
291.076 443.506
287.469 433.959
284.824 427.239
282.889 422.735
282.845 422.648
283.264 423.47
283.336 423.118
283.181 421.514
283.026 420.298
282.211 405.75
282.05 400.814
281.947 395.344
281.967 391.597
282.048 386.476
282.106 383.763
282.305 374.3
282.833 364.979
283.263 359.975
283.557 356.097
283.716 351.472
283.858 347.911
283.588 338.172
282.64 324.558
278.235 312.369
262.562 294.301
244.374 278.048
225.682 302.656
217.714 327.091
216.326 340.21
215.77 350.312
216.231 355.576
216.62 355.802
216.663 355.828
215.668 355.281
215.142 359.345
214.049 369.101
212.383 384.193
211.996 387.646
211.605 391.111
211.013 395.97
210.336 402.841
210.427 409.581
210.461 412.871
210.613 424.362
210.852 433.362
210.929 436.247
211.076 439.738
211.124 440.499
211.101 441.046
210.985 443.02
211.139 446.285
211.358 449.731
214.088 454.225
216.136 457.489
231.752 476.885
236.191 480.181
237.973 481.292
244.166 485.151
233.489 478.497
230.428 476.591
228.112 474.691
226.82 472.934
225.157 470.671
219.189 462.527
211.301 453.414
205.665 453.212
196.077 463.111
187.276 473.517
182.004 481.786
180.452 484.22
250.84 189.341
245.478 78.9333
264.413 87.7273
100.714 207.403
74.2373 220.887
156.748 187.534
124.045 196.556
247.356 246.029
212.859 379.962
210.506 421.385
237.212 284.273
216.222 337.964
253.328 125.689
271.645 183.536
396.259 202.123
283.058 325.896
282.52 368.815
288.696 437.177
247.522 204.998
240.529 80.0449
235.819 70.9011
80.5955 219.44
246.064 257.966
244.312 251.299
253.012 241.206
211.037 443.296
283.328 423.454
295.883 457.819
222.15 75.6784
210.56 451.184
282.267 407.864
300.7 462.365
193.098 466.179
284.291 466.664
432.647 219.503
273.937 73.838
209.549 412.958
239.517 258.492
432.945 223.437
323.141 177.965
265.834 87.868
221.829 466.132
185.991 473.757
178.683 180.785
214.927 184.108
344.817 184.877
92.0821 212.572
64.5593 212.972
235.975 285.622
215.327 351.397
283.538 335.655
283.37 358.112
286.314 429.978
246.837 71.3784
231.672 70.2129
246.788 233.058
299.951 461.642
307.084 467.94
206.351 450.743
293.728 450.667
265.862 67.3869
235.965 257.794
434.639 238.867
228.441 475.122
304.551 465.817
439.792 212.839
190.114 470.355
300.638 462.349
295.536 457.732
265.827 75.8327
204.447 453.679
211.263 452.321
74.2608 231.629
248.112 88.1705
226.536 72.1752
230.295 73.8041
231.751 71.3933
217.286 76.2763
271.993 474.931
236.259 258.303
241.659 262.605
242.328 268.341
239.542 274.356
241.347 273.647
241.869 262.944
242.859 256.263
242.107 275.41
250.771 273.856
262.217 289.421
243.835 275.265
265.891 94.8831
264.204 82.1559
67.3903 220.95
115.367 199.024
115.491 198.838
121.754 197.155
126.903 195.814
141.529 192.139
87.5567 215.291
90.5448 213.487
78.2959 220.846
62.4175 211.378
223.829 307.647
215.84 355.344
281.654 317.727
282.624 369.114
282.016 386.852
282.3 375.98
283.683 351.684
290.658 459.263
240.421 257.095
434.761 218.118
441.389 211.595
434.464 219.701
295.869 459.354
307.657 468.618
292.463 461.089
294.201 451.908
288.113 435.615
293.365 449.801
264.723 71.3888
265.467 76.3931
266.339 77.5851
265.173 71.0344
233.034 70.5106
229.222 258.6
245.428 269.559
257.801 280.921
236.862 284.847
266.65 92.759
255.394 94.2369
264 86.5779
137.981 193.038
100.749 207.397
81.2887 219.122
61.7898 210.714
75.3697 222.188
74.2975 231.419
62.2051 211.448
229.434 294.23
228.946 294.856
222.512 311.665
217.73 328.436
219.947 321.004
215.884 341.061
226.093 306.221
215.94 344.789
215.35 350.948
283.459 356.41
283.822 347.485
283.837 341.366
283.815 350.068
283.6 340.038
282.277 321.564
275.577 305.427
285.411 428.514
286.043 430.305
282.91 419.452
234.52 75.2429
237.573 79.0569
243.32 261.135
246.507 268.157
249.063 271.263
252.438 277.58
258.553 87.6773
256.65 88.4264
254.963 87.7542
222.602 311.351
215.276 352.42
270.94 314.788
266.923 296.379
283.967 419.904
283.017 419.745
282.762 415.736
285.98 429.99
293.043 448.951
228.143 75.3121
231.136 74.5205
240.535 72.2564
240.931 78.9223
242.553 77.2887
248.22 83.8325
246.31 84.0005
245.293 88.4676
226.385 76.1838
242.458 260.804
244.095 255.246
248.662 249.803
245.62 258.193
246.174 264.982
252.126 271.528
253.304 274.867
269.728 92.4406
253.781 106.231
266.346 295.751
273.553 303.828
283.307 423.246
282.275 407.879
282.053 400.37
281.355 388.686
284.131 422.74
293.218 449.525
288.071 435.179
293.887 451.474
296.386 458.099
236.15 74.2629
244.518 72.2191
254.625 72.5521
255.422 77.1922
245.969 81.0924
248.686 82.7374
254.747 93.1927
248.933 86.664
251.75 239.183
255.271 246.772
261.366 287.823
266.084 295.3
253.82 104.947
255.169 101.048
252.169 154.89
267.344 296.859
276.142 306.926
253.321 71.7733
262.034 70.3104
250.613 71.7081
261.259 77.7594
264.55 88.6408
250.079 77.394
254.901 91.5886
247.677 229.209
244.437 244.024
248.935 250.274
253.089 245.208
253.395 123.102
251.797 164.11
247.847 69.6713
264.731 67.0217
258.376 86.483
248.488 237.172
246.717 241.558
248.001 226.189
245.579 249.806
247.185 235.842
250.973 235.979
249.958 236.017
247.395 231.565
210.311 402.409
294.548 176.865
311.398 174.703
276.87 182.059
247.156 194.678
255.313 189.045
249.233 169.469
251.521 190.429
247.957 216.437
251.416 191.14
297.72 175.891
275.175 182.5
253.749 189.528
309.655 174.251
249.359 225.89
251.959 237.239
257.983 245.611
258.716 246.118
265.453 245.996
253.837 239.146
214.343 454.861
225.448 469.533
233.939 70.0585
231.321 67.4692
240.659 70.0084
247.411 248.95
240.708 256.605
210.589 431.066
435.409 227.757
432.635 221.471
419.738 213.095
428.684 217.539
423.916 215.206
433.427 218.672
76.2845 222.722
76.847 224.224
72.241 240.475
162.045 185.034
158.676 186.86
147.109 190.842
74.4052 220.969
80.9275 218.992
38.4658 223.532
219.043 338.799
214.127 368.528
215.044 360.124
213.042 378.33
214.786 361.021
212.981 378.712
213.336 375.724
211.296 393.654
210.189 404.024
209.211 410.193
214.992 357.553
211.494 392.045
211.632 390.879
210.392 410.958
210.312 402.335
210.386 402.259
282.077 384.537
283.047 362.493
282.302 375.146
283.527 356.675
264.68 83.0551
266.358 89.5284
283.75 424.509
279.722 311.716
249.928 190.26
252.863 138.353
251.7 166.411
253.789 101.461
251.095 91.3754
252.727 141.883
253.835 100.496
253.493 118.903
272.343 60.2006
249.973 90.1449
247.58 209.237
247.755 214.687
247.521 208.024
247.262 193.837
209.805 412.551
207.421 408.413
210.67 428.687
210.783 433.536
210.977 448.506
210.524 418.1
210.961 436.799
211.058 444.816
211.364 449.812
251.134 181.036
251.212 187.912
251.178 183.971
251.854 163.325
251.745 183.386
253.625 244.698
254.048 242.671
214.823 455.853
210.458 419.962
202.248 462.387
210.2 422.838
203.669 408.637
439.346 212.88
434.874 216.699
210.515 401.359
281.965 394.4
245.908 191.942
239.651 190.191
246.013 190.5
248.097 220.832
247.433 199.242
247.421 194.59
246.296 191.317
249.16 190.935
210.401 448.142
206.76 450.864
204.425 454.075
201.97 456.756
195.821 463.356
210.96 443.113
210.926 438.434
203.026 455.096
165.622 184.524
164.607 184.868
155.274 188.035
201.717 182.127
189.611 178.939
202.678 181.201
217.728 184.854
247.463 194.691
247.735 213.109
247.543 220.84
246.643 192.591
183.119 179.339
188.838 178.719
197.509 179.876
241.667 190.685
327.097 179.174
326.589 179.012
335.659 181.823
412.476 209.658
394.775 201.665
440.901 218.47
378.982 196.402
387.278 199.116
412.022 209.423
408.896 207.952
404.059 205.809
421.111 213.792
282.168 404.18
282.044 387.059
361.969 191.037
368.653 193.215
319.805 180.656
352.856 188.037
357.111 189.436
2075
0 0
0 0
0 0
0 0
0 0
0 0
0 0
0 0
0 0
0 0
0 0
0 0
0 0
0 0
0 0
0 0
0 0
0 0
0 0
0 0
0 0
0 0
0 0
0 0
0 0
0 0
0 0
0 0
0 0
781 764
0 0
0 0
0 0
0 0
0 0
0 0
0 0
0 0
0 0
0 0
0 0
0 0
0 0
0 0
0 0
0 0
0 0
0 0
0 0
0 0
0 0
764 725
0 0
0 0
0 0
0 0
0 0
0 0
0 0
0 0
0 0
0 0
0 0
0 0
0 0
0 0
0 0
0 0
0 0
0 0
0 0
0 0
0 0
0 0
0 0
0 0
0 0
0 0
0 0
0 0
0 0
0 0
0 0
0 0
0 0
0 0
0 0
0 0
0 0
0 0
0 0
0 0
0 0
0 0
0 0
0 0
0 0
0 0
0 0
0 0
0 0
0 0
725 666
0 0
0 0
0 0
0 0
0 0
666 45
0 0
0 0
0 0
0 0
0 0
0 0
0 0
0 0
0 0
0 0
0 0
0 0
0 0
0 0
0 0
0 0
0 0
0 0
0 0
0 0
0 0
0 0
0 0
0 0
0 0
0 0
0 0
0 0
0 0
0 0
0 0
0 0
0 0
0 0
666 688
0 0
0 0
688 719
0 0
0 0
0 0
0 0
0 0
0 0
0 0
0 0
0 0
0 0
0 0
0 0
0 0
0 0
0 0
0 0
0 0
0 0
0 0
0 0
0 0
0 0
0 0
0 0
0 0
0 0
0 0
0 0
0 0
0 0
0 0
0 0
0 0
0 0
0 0
0 0
0 0
0 0
0 0
0 0
0 0
0 0
0 0
719 528
0 0
0 0
0 0
0 0
0 0
0 0
0 0
0 0
0 0
0 0
0 0
0 0
0 0
0 0
0 0
0 0
0 0
0 0
0 0
0 0
0 0
0 0
0 0
0 0
0 0
0 0
0 0
0 0
0 0
0 0
0 0
0 0
0 0
0 0
0 0
0 0
0 0
0 0
0 0
0 0
0 0
0 0
528 724
0 0
0 0
0 0
0 0
0 0
0 0
0 0
0 0
0 0
0 0
0 0
0 0
0 0
0 0
0 0
0 0
0 0
0 0
0 0
0 0
0 0
0 0
0 0
0 0
0 0
0 0
0 0
0 0
0 0
0 0
0 0
0 0
0 0
0 0
0 0
0 0
0 0
0 0
0 0
0 0
0 0
0 0
0 0
0 0
0 0
0 0
0 0
0 0
0 0
0 0
0 0
0 0
0 0
0 0
0 0
0 0
0 0
0 0
0 0
0 0
0 0
0 0
0 0
0 0
0 0
0 0
0 0
0 0
0 0
0 0
0 0
0 0
0 0
0 0
0 0
0 0
0 0
0 0
0 0
0 0
0 0
0 0
0 0
0 0
0 0
0 0
0 0
0 0
0 0
0 0
0 0
0 0
0 0
0 0
0 0
0 0
0 0
0 0
0 0
0 0
0 0
0 0
0 0
0 0
0 0
0 0
0 0
0 0
0 0
0 0
0 0
0 0
0 0
0 0
0 0
0 0
0 0
0 0
0 0
0 0
0 0
688 757
0 0
0 0
757 144
0 0
0 0
144 145
0 0
0 0
0 0
0 0
0 0
0 0
0 0
0 0
0 0
0 0
0 0
0 0
0 0
0 0
0 0
0 0
0 0
0 0
144 510
0 0
0 0
0 0
0 0
0 0
0 0
0 0
0 0
0 0
0 0
0 0
0 0
0 0
0 0
0 0
0 0
0 0
0 0
0 0
0 0
0 0
0 0
0 0
0 0
0 0
0 0
0 0
0 0
0 0
0 0
0 0
0 0
0 0
0 0
0 0
0 0
0 0
0 0
0 0
0 0
0 0
0 0
0 0
0 0
0 0
0 0
0 0
0 0
0 0
0 0
0 0
0 0
0 0
0 0
0 0
0 0
0 0
0 0
0 0
0 0
0 0
0 0
0 0
0 0
0 0
0 0
0 0
0 0
0 0
0 0
0 0
0 0
0 0
0 0
0 0
0 0
0 0
0 0
0 0
0 0
0 0
0 0
0 0
0 0
0 0
0 0
0 0
0 0
0 0
0 0
0 0
0 0
0 0
0 0
0 0
0 0
0 0
0 0
0 0
0 0
0 0
0 0
0 0
0 0
0 0
0 0
0 0
757 200
0 0
0 0
0 0
0 0
0 0
0 0
0 0
0 0
0 0
0 0
0 0
0 0
0 0
0 0
0 0
0 0
0 0
0 0
0 0
0 0
0 0
0 0
688 835
0 0
0 0
0 0
0 0
0 0
0 0
0 0
0 0
0 0
0 0
0 0
0 0
0 0
0 0
0 0
0 0
0 0
0 0
0 0
0 0
0 0
0 0
0 0
0 0
0 0
0 0
0 0
0 0
0 0
0 0
0 0
0 0
0 0
0 0
0 0
0 0
0 0
0 0
0 0
0 0
0 0
0 0
0 0
0 0
0 0
0 0
0 0
835 824
0 0
0 0
0 0
0 0
0 0
0 0
0 0
0 0
0 0
0 0
0 0
0 0
0 0
0 0
0 0
0 0
0 0
0 0
0 0
0 0
0 0
0 0
0 0
0 0
0 0
0 0
0 0
0 0
0 0
0 0
0 0
0 0
0 0
0 0
0 0
0 0
0 0
0 0
0 0
0 0
0 0
0 0
0 0
0 0
0 0
0 0
0 0
0 0
0 0
0 0
0 0
0 0
0 0
0 0
0 0
0 0
0 0
0 0
0 0
0 0
0 0
0 0
0 0
0 0
0 0
0 0
0 0
0 0
0 0
0 0
0 0
0 0
0 0
0 0
0 0
0 0
0 0
0 0
0 0
0 0
0 0
0 0
0 0
0 0
0 0
0 0
0 0
0 0
0 0
0 0
0 0
0 0
0 0
0 0
0 0
0 0
0 0
0 0
0 0
0 0
0 0
0 0
0 0
0 0
0 0
0 0
0 0
0 0
0 0
0 0
0 0
0 0
0 0
0 0
0 0
0 0
0 0
0 0
0 0
0 0
0 0
0 0
0 0
0 0
0 0
0 0
0 0
0 0
0 0
0 0
0 0
0 0
0 0
0 0
0 0
0 0
0 0
0 0
0 0
0 0
0 0
0 0
0 0
0 0
0 0
0 0
0 0
0 0
0 0
0 0
0 0
0 0
0 0
0 0
0 0
0 0
0 0
0 0
0 0
0 0
0 0
0 0
0 0
0 0
0 0
0 0
0 0
0 0
666 777
0 0
0 0
0 0
0 0
0 0
0 0
0 0
0 0
0 0
0 0
0 0
0 0
0 0
0 0
0 0
0 0
0 0
0 0
0 0
0 0
0 0
0 0
0 0
0 0
0 0
0 0
0 0
0 0
0 0
0 0
0 0
0 0
666 605
0 0
0 0
0 0
0 0
0 0
0 0
0 0
0 0
0 0
0 0
0 0
0 0
0 0
0 0
0 0
0 0
605 635
0 0
0 0
0 0
0 0
0 0
0 0
0 0
0 0
0 0
0 0
0 0
0 0
0 0
0 0
0 0
0 0
0 0
0 0
0 0
0 0
0 0
0 0
0 0
0 0
0 0
0 0
0 0
0 0
0 0
0 0
0 0
0 0
0 0
0 0
0 0
0 0
0 0
0 0
0 0
0 0
0 0
0 0
0 0
0 0
0 0
0 0
0 0
0 0
635 469
0 0
0 0
0 0
0 0
0 0
0 0
0 0
0 0
0 0
0 0
0 0
0 0
0 0
0 0
0 0
0 0
0 0
0 0
0 0
0 0
0 0
0 0
0 0
0 0
0 0
0 0
0 0
0 0
0 0
0 0
0 0
0 0
0 0
0 0
0 0
0 0
0 0
0 0
0 0
0 0
0 0
0 0
0 0
0 0
0 0
0 0
0 0
0 0
0 0
0 0
0 0
0 0
0 0
0 0
0 0
0 0
0 0
0 0
0 0
0 0
0 0
0 0
0 0
0 0
0 0
0 0
0 0
0 0
0 0
0 0
0 0
0 0
0 0
0 0
0 0
0 0
0 0
0 0
0 0
0 0
0 0
0 0
0 0
0 0
0 0
0 0
0 0
0 0
0 0
0 0
0 0
0 0
0 0
0 0
0 0
0 0
0 0
0 0
0 0
0 0
0 0
0 0
0 0
0 0
0 0
0 0
0 0
0 0
0 0
0 0
0 0
0 0
0 0
0 0
0 0
0 0
0 0
0 0
0 0
0 0
0 0
0 0
0 0
0 0
0 0
0 0
0 0
0 0
0 0
0 0
0 0
0 0
0 0
0 0
0 0
0 0
0 0
0 0
0 0
0 0
0 0
0 0
0 0
0 0
0 0
0 0
0 0
0 0
0 0
0 0
0 0
0 0
0 0
0 0
0 0
0 0
0 0
0 0
0 0
0 0
0 0
0 0
0 0
0 0
0 0
0 0
0 0
0 0
0 0
0 0
0 0
0 0
0 0
0 0
0 0
0 0
0 0
0 0
0 0
0 0
0 0
0 0
0 0
0 0
0 0
0 0
0 0
0 0
0 0
0 0
0 0
0 0
0 0
0 0
0 0
0 0
0 0
0 0
0 0
0 0
0 0
0 0
0 0
0 0
0 0
0 0
0 0
0 0
0 0
0 0
0 0
0 0
0 0
0 0
0 0
0 0
0 0
0 0
0 0
0 0
0 0
0 0
0 0
0 0
0 0
0 0
0 0
0 0
0 0
0 0
0 0
0 0
0 0
0 0
0 0
0 0
0 0
0 0
0 0
0 0
0 0
0 0
0 0
0 0
0 0
0 0
0 0
0 0
0 0
0 0
0 0
0 0
0 0
0 0
0 0
0 0
0 0
0 0
0 0
0 0
0 0
0 0
0 0
0 0
0 0
0 0
0 0
0 0
0 0
0 0
0 0
0 0
0 0
0 0
0 0
0 0
0 0
0 0
0 0
0 0
0 0
0 0
0 0
0 0
0 0
0 0
0 0
0 0
0 0
0 0
0 0
0 0
0 0
0 0
0 0
0 0
0 0
0 0
0 0
0 0
0 0
0 0
0 0
0 0
0 0
0 0
0 0
0 0
0 0
0 0
0 0
0 0
0 0
0 0
0 0
0 0
0 0
0 0
0 0
0 0
0 0
0 0
0 0
0 0
0 0
0 0
0 0
0 0
0 0
0 0
0 0
0 0
0 0
0 0
0 0
0 0
0 0
0 0
0 0
0 0
0 0
0 0
0 0
0 0
0 0
0 0
0 0
0 0
0 0
0 0
0 0
0 0
0 0
0 0
0 0
0 0
0 0
0 0
0 0
0 0
0 0
0 0
0 0
0 0
0 0
0 0
0 0
0 0
0 0
0 0
0 0
0 0
0 0
0 0
0 0
0 0
0 0
0 0
0 0
0 0
0 0
0 0
0 0
0 0
0 0
0 0
0 0
0 0
0 0
0 0
0 0
0 0
0 0
0 0
0 0
0 0
0 0
0 0
0 0
0 0
0 0
0 0
0 0
0 0
0 0
0 0
0 0
0 0
0 0
0 0
0 0
0 0
0 0
0 0
0 0
0 0
0 0
0 0
0 0
0 0
0 0
0 0
0 0
0 0
0 0
0 0
0 0
0 0
0 0
0 0
0 0
0 0
0 0
0 0
0 0
0 0
0 0
0 0
0 0
0 0
0 0
0 0
0 0
0 0
0 0
0 0
0 0
0 0
0 0
0 0
0 0
0 0
0 0
0 0
0 0
0 0
0 0
0 0
0 0
0 0
0 0
0 0
0 0
0 0
0 0
0 0
0 0
0 0
0 0
0 0
0 0
0 0
0 0
0 0
0 0
0 0
0 0
0 0
0 0
0 0
0 0
0 0
0 0
0 0
0 0
0 0
0 0
0 0
0 0
0 0
0 0
0 0
0 0
0 0
0 0
0 0
0 0
0 0
0 0
0 0
0 0
0 0
0 0
0 0
0 0
0 0
0 0
0 0
0 0
0 0
0 0
0 0
0 0
0 0
0 0
0 0
0 0
0 0
0 0
0 0
0 0
0 0
0 0
0 0
0 0
0 0
0 0
0 0
0 0
0 0
0 0
0 0
0 0
0 0
0 0
0 0
0 0
0 0
0 0
0 0
0 0
0 0
0 0
0 0
0 0
0 0
0 0
0 0
0 0
0 0
0 0
0 0
0 0
0 0
0 0
0 0
0 0
0 0
0 0
0 0
0 0
0 0
0 0
0 0
0 0
0 0
0 0
0 0
0 0
0 0
0 0
0 0
0 0
0 0
0 0
0 0
0 0
0 0
0 0
0 0
0 0
0 0
0 0
0 0
0 0
0 0
0 0
0 0
0 0
0 0
0 0
0 0
0 0
0 0
0 0
0 0
0 0
0 0
0 0
0 0
0 0
0 0
0 0
0 0
0 0
0 0
0 0
0 0
0 0
0 0
0 0
0 0
0 0
0 0
0 0
0 0
0 0
0 0
0 0
0 0
0 0
0 0
0 0
0 0
0 0
0 0
0 0
0 0
0 0
0 0
0 0
0 0
0 0
0 0
0 0
0 0
0 0
0 0
0 0
0 0
0 0
0 0
0 0
0 0
0 0
0 0
0 0
0 0
0 0
0 0
0 0
0 0
0 0
0 0
0 0
0 0
0 0
0 0
0 0
0 0
0 0
0 0
0 0
0 0
0 0
0 0
0 0
0 0
0 0
0 0
0 0
0 0
0 0
0 0
0 0
0 0
0 0
0 0
0 0
0 0
0 0
0 0
0 0
0 0
0 0
0 0
0 0
0 0
0 0
0 0
0 0
0 0
0 0
0 0
0 0
0 0
0 0
0 0
0 0
0 0
0 0
0 0
0 0
0 0
0 0
0 0
0 0
0 0
0 0
0 0
0 0
0 0
0 0
0 0
0 0
0 0
0 0
0 0
0 0
0 0
0 0
0 0
0 0
0 0
0 0
0 0
0 0
0 0
0 0
0 0
0 0
0 0
0 0
0 0
0 0
0 0
0 0
0 0
0 0
0 0
0 0
0 0
0 0
0 0
0 0
0 0
0 0
0 0
0 0
0 0
0 0
0 0
0 0
0 0
0 0
0 0
0 0
0 0
0 0
0 0
0 0
0 0
0 0
0 0
0 0
0 0
0 0
0 0
0 0
0 0
0 0
0 0
0 0
0 0
0 0
0 0
0 0
0 0
0 0
0 0
0 0
0 0
0 0
0 0
0 0
0 0
0 0
0 0
0 0
0 0
0 0
0 0
0 0
0 0
0 0
0 0
0 0
0 0
0 0
0 0
0 0
0 0
0 0
0 0
0 0
0 0
0 0
0 0
0 0
0 0
0 0
0 0
0 0
0 0
0 0
0 0
0 0
0 0
0 0
0 0
0 0
0 0
0 0
0 0
0 0
0 0
0 0
0 0
0 0
0 0
0 0
0 0
0 0
0 0
0 0
0 0
0 0
0 0
0 0
0 0
0 0
0 0
0 0
0 0
0 0
0 0
0 0
0 0
0 0
0 0
0 0
0 0
0 0
0 0
0 0
0 0
0 0
0 0
0 0
0 0
0 0
0 0
0 0
0 0
0 0
0 0
0 0
0 0
0 0
0 0
0 0
0 0
0 0
0 0
0 0
0 0
0 0
0 0
0 0
0 0
0 0
0 0
0 0
0 0
0 0
0 0
0 0
0 0
0 0
0 0
0 0
0 0
0 0
0 0
0 0
0 0
0 0
0 0
0 0
0 0
0 0
0 0
0 0
0 0
0 0
0 0
0 0
0 0
0 0
0 0
0 0
0 0
0 0
0 0
0 0
0 0
0 0
0 0
0 0
0 0
0 0
0 0
0 0
0 0
0 0
0 0
0 0
0 0
0 0
0 0
0 0
0 0
0 0
0 0
0 0
0 0
0 0
0 0
0 0
0 0
0 0
0 0
0 0
0 0
0 0
0 0
0 0
0 0
0 0
0 0
0 0
0 0
0 0
0 0
0 0
0 0
0 0
0 0
0 0
0 0
0 0
0 0
0 0
0 0
0 0
0 0
0 0
0 0
0 0
0 0
0 0
0 0
0 0
0 0
0 0
0 0
0 0
0 0
0 0
0 0
0 0
0 0
0 0
0 0
0 0
0 0
0 0
0 0
0 0
0 0
0 0
0 0
0 0
0 0
0 0
0 0
0 0
0 0
0 0
0 0
0 0
0 0
0 0
0 0
0 0
0 0
0 0
0 0
0 0
0 0
0 0
0 0
0 0
0 0
0 0
0 0
0 0
0 0
0 0
0 0
0 0
0 0
0 0
0 0
0 0
0 0
0 0
0 0
0 0
0 0
0 0
0 0
0 0
0 0
0 0
0 0
0 0
0 0
0 0
0 0
0 0
0 0
0 0
0 0
0 0
0 0
0 0
0 0
0 0
0 0
0 0
0 0
0 0
0 0
0 0
0 0
0 0
0 0
0 0
0 0
0 0
0 0
0 0
0 0
0 0
0 0
0 0
0 0
0 0
0 0
0 0
0 0
0 0
0 0
0 0
0 0
0 0
0 0
0 0
0 0
0 0
0 0
0 0
0 0
0 0
0 0
0 0
0 0
0 0
0 0
0 0
0 0
0 0
0 0
0 0
0 0
0 0
0 0
0 0
0 0
0 0
0 0
0 0
0 0
0 0
0 0
0 0
0 0
0 0
0 0
0 0
0 0
0 0
0 0
0 0
0 0
0 0
0 0
0 0
0 0
0 0
0 0
0 0
0 0
0 0
0 0
0 0
0 0
0 0
0 0
0 0
0 0
0 0
0 0
0 0
0 0
0 0
0 0
0 0
0 0
0 0
0 0
0 0
0 0
0 0
0 0
0 0
0 0
0 0
0 0
0 0
0 0
0 0
0 0
0 0
0 0
0 0
0 0
0 0
0 0
0 0
0 0
0 0
0 0
0 0
0 0
0 0
0 0
0 0
0 0
0 0
0 0
0 0
0 0
0 0
0 0
0 0
0 0
0 0
0 0
0 0
0 0
0 0
0 0
0 0
0 0
0 0
0 0
0 0
0 0
0 0
0 0
0 0
0 0
0 0
0 0
0 0
0 0
0 0
0 0
0 0
0 0
0 0
0 0
0 0
0 0
0 0
0 0
0 0
0 0
0 0
0 0
0 0
0 0
0 0
0 0
0 0
0 0
0 0
0 0
0 0
0 0
0 0
0 0
0 0
0 0
0 0
0 0
0 0
0 0
0 0
0 0
0 0
0 0
0 0
0 0
0 0
0 0
0 0
0 0
0 0
0 0
0 0
0 0
0 0
0 0
0 0
2075
0 1
435 0
1 2
435 1
1 478
1 502
2 3
2 478
3 4
478 3
4 5
478 4
5 6
478 5
800 5
6 7
800 6
7 8
7 800
8 9
8 800
803 8
9 10
9 803
10 11
803 10
11 12
11 781
11 803
12 13
781 12
13 14
13 781
13 782
14 15
782 14
15 16
782 15
16 17
782 16
783 16
17 18
17 783
18 19
18 783
19 20
19 734
19 783
20 21
734 20
20 786
21 22
21 786
22 23
728 22
786 22
23 24
728 23
731 23
24 25
731 24
25 26
731 25
26 27
726 26
26 731
26 735
27 28
735 27
28 29
604 28
735 28
29 30
29 604
30 31
30 604
31 32
580 31
31 604
32 33
578 32
32 580
33 34
578 33
34 35
578 34
603 34
35 36
603 35
36 37
603 36
37 38
37 538
575 37
37 603
38 39
484 38
38 575
39 40
41 39
484 39
40 41
41 42
484 41
518 41
42 43
516 42
42 518
43 44
43 515
516 43
44 45
44 515
45 46
515 45
46 47
515 46
561 46
47 48
47 561
48 49
48 561
49 50
49 497
49 561
50 51
497 50
50 708
51 52
51 708
52 53
52 707
52 708
53 54
707 53
54 55
54 491
707 54
813 54
55 56
55 813
56 57
813 56
57 58
813 57
814 57
58 59
814 58
59 60
809 59
810 59
59 814
60 61
60 808
809 60
61 62
808 61
815 61
62 63
62 815
63 64
815 63
64 65
479 64
64 804
815 64
65 66
804 65
66 67
441 66
804 66
67 68
441 67
67 721
68 69
68 721
69 70
69 721
70 71
70 568
721 70
71 72
71 568
72 73
72 568
73 74
73 532
568 73
74 75
74 532
75 76
530 75
532 75
569 75
76 77
76 569
77 78
77 535
77 569
78 79
78 535
570 78
79 80
570 79
80 81
80 570
81 82
81 570
81 717
82 83
717 82
83 84
717 83
718 83
84 85
718 84
85 86
85 718
86 87
86 718
87 88
87 508
87 573
87 718
88 89
88 573
89 90
573 89
90 91
573 90
91 92
91 572
91 573
92 93
92 537
92 572
724 92
93 94
724 93
94 95
97 94
98 94
94 99
100 94
94 724
95 96
97 95
96 97
97 98
98 99
99 100
100 101
100 724
101 102
724 101
102 103
102 574
102 724
103 104
103 574
104 105
574 104
105 106
105 483
105 574
106 107
106 483
107 108
107 483
108 109
483 108
109 110
109 483
722 109
110 111
110 722
723 110
111 112
111 723
112 113
112 723
113 114
482 113
113 723
114 115
482 114
114 528
115 116
528 115
116 117
116 528
116 529
117 118
529 117
117 531
118 119
531 118
119 120
119 531
120 121
531 120
719 120
121 122
719 121
122 123
719 122
123 124
123 719
720 123
124 125
720 124
125 126
125 720
806 125
126 127
126 806
127 128
806 127
128 129
805 128
806 128
129 130
129 805
807 129
130 131
130 807
131 132
131 807
132 133
132 807
816 132
133 134
816 133
134 135
816 134
134 817
135 136
135 137
817 135
136 137
137 138
480 137
137 817
138 139
480 138
139 140
139 480
139 749
139 789
140 141
140 749
140 751
141 142
750 141
751 141
142 143
142 750
757 142
143 144
757 143
758 143
144 145
144 146
144 619
758 144
145 146
146 147
619 146
147 148
619 147
148 149
618 148
619 148
149 150
595 149
149 618
150 151
595 150
151 152
151 595
152 153
152 595
152 620
153 154
620 153
154 155
513 154
620 154
155 156
513 155
156 157
156 513
157 158
510 157
513 157
158 159
158 510
159 160
159 510
160 161
160 510
161 162
161 510
511 161
162 163
162 511
163 164
511 163
164 165
164 490
511 164
165 166
165 490
166 167
166 490
705 166
167 168
705 167
168 169
705 168
169 170
705 169
706 169
170 171
170 706
171 172
171 706
172 173
671 172
172 706
173 174
173 671
174 175
671 174
175 176
175 671
176 177
658 176
671 176
177 178
177 658
672 177
178 179
178 672
179 180
672 179
180 181
496 180
672 180
181 182
496 181
559 181
182 183
182 559
183 184
183 559
184 185
184 505
184 559
185 186
185 505
185 558
186 187
558 186
187 188
187 558
188 189
558 188
189 190
189 558
745 189
190 191
745 190
190 746
191 192
191 746
192 193
746 192
193 194
193 746
194 195
194 196
476 194
194 565
746 194
195 196
196 197
196 565
197 198
565 197
628 197
198 199
198 628
199 200
199 628
200 201
628 200
201 202
601 201
628 201
201 654
202 203
654 202
203 204
203 654
203 655
204 205
204 655
205 206
655 205
776 205
206 207
206 693
206 694
776 206
207 208
207 693
208 209
693 208
209 210
692 209
693 209
210 211
692 210
211 212
692 211
212 213
212 692
212 695
213 214
213 695
214 215
214 475
695 214
214 820
215 216
820 215
216 217
216 820
217 218
820 217
821 217
218 219
821 218
219 220
821 219
220 221
220 481
821 220
221 222
481 221
837 221
222 223
222 837
223 224
223 837
224 225
835 224
224 837
225 226
835 225
226 227
226 835
227 228
824 227
227 835
228 229
824 228
826 228
229 230
826 229
230 231
230 826
230 829
231 232
231 829
232 233
232 829
233 234
233 827
829 233
830 233
234 235
234 830
235 236
235 830
236 237
715 236
830 236
237 238
237 715
784 237
238 239
784 238
239 240
239 784
240 241
240 501
784 240
241 242
241 501
242 243
242 501
243 244
501 243
548 243
244 245
244 253
548 244
245 246
245 252
253 245
246 247
246 251
252 246
247 248
250 247
247 251
248 249
250 248
249 250
250 251
251 252
252 253
253 254
253 548
254 255
547 254
254 548
254 549
255 256
255 549
256 257
256 549
257 258
474 257
549 257
258 259
474 258
258 498
259 260
259 261
498 259
260 261
261 262
498 261
262 263
498 262
263 264
498 263
264 265
264 498
710 264
265 266
710 265
266 267
266 710
714 266
267 268
714 267
268 269
714 268
269 270
714 269
822 269
270 271
270 822
823 270
271 272
271 823
272 273
823 272
272 825
273 274
825 273
834 273
274 275
834 274
275 276
834 275
276 277
833 276
834 276
276 836
277 278
277 836
278 279
836 278
279 280
279 836
280 281
481 280
280 836
281 282
481 281
281 819
282 283
819 282
283 284
475 283
283 819
284 285
284 475
684 284
285 286
285 684
286 287
684 286
287 288
287 683
684 287
287 685
288 289
288 685
687 288
688 288
289 290
688 289
290 291
688 290
696 290
291 292
291 696
701 291
292 293
701 292
293 294
701 293
294 295
698 294
701 294
295 296
698 295
295 700
296 297
700 296
297 298
700 297
298 299
700 298
298 777
299 300
299 777
300 301
777 300
301 302
777 301
302 303
302 777
778 302
303 304
303 666
303 778
304 305
304 651
304 666
305 306
651 305
306 307
651 306
652 306
307 308
307 652
308 309
652 308
309 310
309 631
309 652
310 311
310 631
310 748
311 312
748 311
312 313
312 748
313 314
313 540
748 313
314 315
314 540
315 316
486 315
315 540
316 317
486 316
317 318
486 317
317 587
318 319
318 587
319 320
487 319
587 319
320 321
320 487
321 322
321 487
321 541
322 323
322 541
323 324
541 323
324 325
541 324
324 635
325 326
325 635
326 327
635 326
327 328
609 327
327 634
635 327
328 329
609 328
329 330
329 609
636 329
330 331
636 330
331 332
331 636
332 333
636 332
333 334
333 636
638 333
334 335
638 334
334 639
335 336
639 335
336 337
336 639
640 336
337 338
337 640
338 339
338 640
339 340
492 339
339 640
340 341
492 340
341 342
341 492
342 343
342 492
342 500
343 344
343 500
344 345
347 344
500 344
345 346
347 345
346 347
347 348
493 347
347 500
348 349
348 493
349 350
493 349
350 351
493 350
351 352
351 493
351 551
352 353
551 352
353 354
551 353
552 353
354 355
354 552
355 356
355 552
356 357
514 356
356 552
357 358
357 514
358 359
514 358
359 360
514 359
360 361
360 514
361 362
361 514
362 363
362 514
362 545
363 364
363 545
364 365
364 495
364 545
365 366
365 495
366 367
366 495
591 366
367 368
367 591
368 369
591 368
368 747
369 370
369 747
370 371
370 747
371 372
632 371
747 371
372 373
372 632
373 374
632 373
374 375
374 607
374 632
375 376
375 607
831 375
376 377
376 831
377 378
831 377
832 377
378 379
832 378
379 380
379 832
380 381
380 743
380 832
381 382
742 381
743 381
382 383
382 742
744 382
383 384
744 383
384 385
384 744
385 386
385 588
385 744
386 387
386 588
387 388
387 588
387 589
388 389
388 589
605 388
389 390
605 389
390 391
605 390
391 392
391 581
391 599
605 391
392 393
392 579
392 581
393 394
393 579
394 395
579 394
582 394
395 396
395 582
396 397
539 396
396 582
397 398
397 539
398 399
398 539
399 400
399 539
727 399
400 401
400 727
401 402
727 401
401 730
402 403
730 402
737 402
403 404
403 737
404 405
737 404
405 406
405 737
405 740
406 407
740 406
407 408
740 407
408 409
408 740
768 408
409 410
768 409
410 411
410 768
769 410
411 412
769 411
412 413
769 412
413 414
769 413
414 415
414 769
414 770
415 416
415 770
416 417
770 416
416 771
417 418
771 417
418 419
771 418
419 420
703 419
771 419
420 421
420 499
703 420
421 422
499 421
422 423
422 424
499 422
423 424
424 425
424 499
425 426
499 425
426 427
477 426
499 426
427 428
477 427
428 429
428 477
429 430
477 429
429 507
430 431
506 430
507 430
431 432
506 431
432 433
432 502
432 506
433 434
502 433
434 435
434 502
502 435
436 749
436 773
774 436
436 790
436 794
436 795
437 616
644 437
437 645
437 646
662 437
663 437
438 476
438 526
438 567
438 600
662 438
438 673
439 482
439 528
529 439
530 439
534 439
439 535
569 439
440 483
536 440
571 440
440 572
716 440
722 440
441 720
441 721
441 804
805 441
806 441
529 442
442 530
531 442
532 442
442 533
442 568
719 442
443 622
623 443
443 649
674 443
675 443
443 677
444 725
444 726
444 728
444 730
444 732
444 736
445 763
445 764
445 765
445 766
780 445
445 802
446 484
446 522
446 525
564 446
446 575
576 446
447 577
447 578
447 579
447 580
447 582
583 447
653 448
669 448
754 448
756 448
683 449
449 685
687 449
692 449
693 449
694 449
822 450
450 823
824 450
825 450
826 450
450 828
829 450
486 451
451 540
586 451
589 451
590 451
657 451
487 452
452 541
452 543
584 452
742 452
743 452
453 553
453 554
453 555
592 453
610 453
611 453
637 453
679 454
760 454
792 454
454 793
811 454
812 454
560 455
595 455
455 615
617 455
455 618
455 648
490 456
512 456
613 456
456 641
642 456
456 704
534 457
457 535
457 536
570 457
716 457
717 457
597 458
623 458
624 458
458 626
458 666
458 667
459 546
675 459
459 677
678 459
459 707
459 708
460 649
460 668
680 460
697 460
698 460
460 699
461 765
461 766
461 767
461 769
770 461
461 796
462 554
592 462
593 462
607 462
632 462
462 747
463 492
463 503
463 504
555 463
611 463
637 463
639 463
640 463
464 510
464 511
513 464
560 464
612 464
613 464
465 506
465 507
465 767
779 465
465 796
465 797
465 798
593 466
466 608
609 466
633 466
634 466
787 466
467 493
500 467
467 503
504 467
467 550
467 551
468 478
502 468
468 506
468 798
468 799
468 800
495 469
469 504
514 469
545 469
550 469
552 469
553 469
547 470
711 470
713 470
715 470
785 470
556 471
557 471
471 643
644 471
471 659
660 471
661 471
733 472
734 472
763 472
780 472
782 472
783 472
473 497
473 515
516 473
473 520
521 473
546 473
473 621
474 498
547 474
549 474
474 711
684 475
475 695
819 475
820 475
476 526
565 476
567 476
476 745
746 476
499 477
477 507
477 703
477 779
502 478
800 478
479 804
479 807
815 479
479 816
789 480
808 480
809 480
810 480
480 817
480 818
481 819
821 481
836 481
837 481
528 482
482 534
482 536
482 723
571 483
483 574
483 722
518 484
519 484
522 484
575 484
580 485
583 485
485 604
485 725
485 729
485 735
486 540
585 486
486 586
486 587
541 487
584 487
487 585
487 587
608 488
609 488
610 488
488 611
488 636
638 488
642 489
489 643
489 658
489 671
704 489
706 489
511 490
490 512
704 490
490 705
678 491
679 491
707 491
812 491
813 491
492 500
492 503
640 492
500 493
551 493
494 781
494 797
494 799
494 801
494 803
545 495
495 553
554 495
591 495
496 556
496 559
496 659
672 496
515 497
546 497
497 561
497 708
498 710
711 498
703 499
503 500
501 547
548 501
501 784
785 501
502 506
504 503
550 504
553 504
555 504
505 556
557 505
505 558
505 559
506 507
798 506
779 507
508 572
508 573
716 508
508 718
618 509
619 509
509 648
509 753
758 509
511 510
513 510
512 511
511 613
613 512
513 560
513 620
545 514
514 552
515 516
561 515
516 518
519 516
516 520
517 519
520 517
517 522
562 517
596 517
621 517
518 519
519 520
522 519
520 621
521 546
596 521
621 521
622 521
677 521
522 525
522 562
525 523
562 523
523 597
598 523
523 606
627 523
626 524
627 524
524 651
524 652
656 524
525 562
525 564
598 525
526 565
600 526
526 601
526 628
527 557
527 558
567 527
527 661
527 662
745 527
528 529
530 529
531 529
532 530
530 569
531 719
568 532
533 568
533 719
533 720
721 533
535 534
534 536
569 535
570 535
536 716
722 536
536 723
537 571
572 537
537 574
724 537
538 575
538 576
577 538
578 538
603 538
539 582
539 583
725 539
539 727
540 657
540 748
541 543
635 541
542 543
542 634
635 542
542 741
542 787
635 543
741 543
543 743
544 584
585 544
586 544
544 588
742 544
744 544
677 546
708 546
547 548
547 549
547 711
785 547
551 550
550 552
552 551
554 553
555 553
591 554
592 554
554 747
555 637
556 557
556 559
556 659
558 557
661 557
558 745
560 595
612 560
615 560
560 620
562 596
562 597
625 562
563 590
598 563
599 563
563 605
630 563
576 564
581 564
564 598
564 599
565 628
600 566
566 601
566 629
647 566
566 653
566 664
755 566
567 662
567 745
568 721
570 717
571 572
571 574
573 572
572 716
574 724
575 576
576 577
581 576
577 578
577 579
581 577
578 580
603 578
581 579
579 582
583 580
604 580
581 599
582 583
725 583
585 584
584 742
585 586
585 587
586 588
586 589
589 588
744 588
589 590
605 589
590 605
590 630
590 657
747 591
593 592
592 610
593 607
593 608
610 593
593 633
612 594
613 594
615 594
594 616
641 594
618 595
595 620
621 596
596 622
624 596
625 596
597 624
597 625
626 597
597 627
599 598
606 598
598 630
599 605
601 600
602 600
600 664
600 673
628 601
601 629
654 601
602 617
602 646
647 602
664 602
602 673
604 735
627 606
606 630
606 656
657 606
632 607
633 607
831 607
609 608
608 610
609 634
636 609
610 611
611 637
638 611
611 639
612 613
615 612
613 641
616 614
641 614
642 614
660 614
663 614
615 616
615 617
645 615
616 641
616 645
663 616
645 617
646 617
647 617
648 617
619 618
648 618
619 758
623 622
622 624
622 677
624 623
623 649
623 667
668 623
625 624
626 627
626 651
666 626
627 656
653 629
629 654
629 669
630 657
631 652
631 656
631 657
631 748
747 632
633 787
633 831
635 634
787 634
636 638
638 639
639 640
642 641
643 642
660 642
704 642
658 643
643 659
660 643
644 660
644 661
662 644
644 663
646 645
646 662
673 646
647 648
647 664
753 647
647 755
648 753
649 668
649 674
649 680
650 666
650 667
650 668
699 650
650 777
650 778
651 652
666 651
656 652
653 669
653 755
653 756
655 654
654 669
669 655
775 655
655 776
656 657
748 657
658 659
671 658
672 658
672 659
660 663
661 662
673 662
665 674
679 665
681 665
665 760
665 791
667 666
778 666
667 668
668 699
754 669
775 669
751 670
670 754
774 670
670 775
671 706
675 674
676 674
680 674
681 674
791 674
675 677
678 675
675 681
676 680
690 676
676 697
676 761
676 791
679 678
678 681
707 678
679 681
679 760
812 679
680 697
682 732
733 682
682 736
682 739
682 763
682 764
683 684
685 683
683 692
683 695
695 684
687 685
687 686
688 686
686 690
691 686
761 686
762 686
687 688
687 691
687 694
688 690
688 696
689 691
689 694
762 689
689 772
773 689
795 689
696 690
697 690
761 690
691 694
691 762
692 693
692 695
694 693
772 694
776 694
696 697
696 701
698 697
697 701
699 698
700 698
698 701
699 700
699 777
700 777
703 702
702 771
779 702
796 702
771 703
779 703
705 704
706 704
706 705
707 708
780 709
781 709
782 709
801 709
709 802
710 711
710 713
710 714
711 713
712 713
712 714
712 715
822 712
712 827
712 828
712 830
714 713
713 715
822 714
784 715
785 715
830 715
716 717
718 716
717 718
719 720
720 721
720 806
722 723
726 725
727 725
729 725
730 725
728 726
726 729
726 731
735 726
727 730
731 728
732 728
786 728
729 735
736 730
737 730
733 732
736 732
732 786
733 734
733 763
733 786
734 783
786 734
736 737
736 739
740 736
740 737
739 738
740 738
764 738
738 765
738 768
740 739
764 739
768 740
743 741
741 787
741 831
741 832
743 742
744 742
743 832
746 745
751 749
749 774
749 789
790 749
750 751
754 750
750 756
750 757
754 751
774 751
752 753
755 752
756 752
757 752
758 752
753 755
758 753
754 756
775 754
756 755
757 756
757 758
760 759
759 761
762 759
759 791
792 759
791 760
792 760
762 761
791 761
762 792
794 762
795 762
764 763
763 780
764 765
766 765
765 768
769 765
767 766
766 802
796 767
767 797
801 767
767 802
769 768
770 769
770 771
770 796
796 771
772 773
774 772
775 772
772 776
773 774
795 773
774 775
775 776
778 777
779 796
782 780
802 780
781 782
801 781
781 803
782 783
785 784
831 787
790 788
788 793
788 794
788 810
811 788
818 788
789 790
789 818
794 790
818 790
793 792
792 794
794 793
811 793
794 795
797 798
797 799
801 797
798 799
800 799
803 799
800 803
802 801
804 805
804 807
805 806
805 807
816 807
809 808
815 808
816 808
808 817
809 810
810 811
814 810
818 810
811 812
814 811
812 813
812 814
813 814
815 816
816 817
819 820
821 819
820 821
822 823
822 828
825 823
825 824
826 824
834 824
835 824
825 834
829 826
828 827
829 827
830 827
829 828
832 831
834 833
835 833
833 836
837 833
835 834
835 837
837 836
