774
216 510
214 506
215 501
217 496
218 491
216 486
216 481
216 476
216 471
216 466
217 461
216 456
216 451
216 446
216 441
215 436
215 431
215 426
215 421
214 416
214 411
214 406
214 401
213 396
214 391
213 386
213 381
213 376
213 371
214 366
214 361
214 356
215 351
215 346
215 341
215 336
214 331
214 326
210 324
205 324
202 328
199 332
194 333
193 328
194 323
194 318
194 313
195 308
195 303
196 298
196 293
197 288
197 283
198 278
199 273
199 268
200 263
200 258
201 253
201 248
202 243
202 238
203 233
204 228
204 223
204 218
204 213
206 208
208 203
209 198
210 193
211 188
212 183
212 178
212 173
214 168
214 163
213 158
212 153
212 148
210 143
209 138
205 134
200 133
195 131
190 131
185 130
180 130
175 130
170 130
165 130
160 130
155 130
150 130
145 130
140 130
135 130
130 131
125 130
120 131
115 131
110 132
105 131
100 131
95 131
90 131
85 132
80 131
75 132
70 132
65 132
60 133
55 132
53 127
48 126
43 126
38 125
33 124
28 124
23 124
18 124
13 123
8 121
8 116
13 115
18 115
23 115
28 115
33 114
38 114
43 113
48 113
53 112
57 108
62 108
67 107
72 107
77 108
82 108
87 108
92 108
97 108
102 107
107 107
112 106
117 106
122 107
127 107
132 106
137 106
142 106
147 106
152 106
157 105
162 105
167 104
172 104
177 104
182 104
187 104
192 102
197 102
202 102
207 102
211 99
216 96
216 91
219 86
218 81
214 82
216 77
214 75
209 76
212 71
215 66
217 61
216 58
211 59
206 59
201 59
196 58
198 56
203 55
208 50
212 48
215 44
214 39
209 36
208 32
213 33
218 32
223 28
228 24
233 21
238 18
243 16
248 16
253 15
258 15
263 15
268 17
273 18
278 17
282 21
287 25
291 30
296 33
298 37
300 42
305 45
308 47
307 51
312 52
316 53
311 56
306 56
301 56
300 59
301 64
305 68
306 73
301 75
298 78
298 83
298 88
299 93
295 90
291 89
293 94
298 97
302 101
307 103
312 104
317 102
322 102
327 103
332 103
337 102
342 103
347 103
352 103
357 104
362 104
367 104
372 104
377 103
382 103
387 105
392 103
397 103
402 103
407 103
412 103
417 104
422 103
427 103
432 103
437 102
442 101
447 102
452 101
455 105
459 108
464 108
469 108
474 107
479 108
484 108
489 108
494 108
498 109
501 111
497 114
493 115
488 116
483 116
478 117
473 117
468 119
463 119
458 119
456 123
454 127
449 127
444 127
439 127
434 127
429 127
424 127
419 127
414 127
409 127
404 127
399 128
394 127
389 127
384 128
379 127
374 127
369 128
364 128
359 128
354 128
349 128
344 129
339 129
334 129
329 129
324 130
319 131
314 132
309 134
304 138
302 143
301 148
300 153
299 158
298 163
298 168
300 173
300 178
300 183
301 188
302 193
304 198
305 203
307 208
309 213
310 218
309 223
310 228
311 233
311 238
312 243
313 248
313 253
314 258
314 263
315 268
316 273
316 278
317 283
318 288
318 293
318 298
319 303
320 308
320 313
321 318
321 323
316 323
311 323
306 323
301 323
297 326
297 331
296 336
296 341
296 346
296 351
298 356
297 361
297 366
298 371
298 376
298 381
298 386
297 391
297 396
296 401
296 406
296 411
296 416
296 421
296 426
296 431
295 436
295 441
295 446
295 451
295 456
294 461
295 466
295 471
295 476
295 481
294 486
293 491
294 496
295 501
296 506
295 510
290 510
285 510
280 510
275 510
270 510
265 510
263 508
264 503
264 498
265 493
263 488
262 483
262 478
264 473
263 468
263 463
264 458
263 453
263 448
263 443
263 438
263 433
263 428
262 423
262 418
262 413
262 408
262 403
261 398
261 393
261 388
260 383
260 378
260 373
260 368
260 363
258 358
253 359
252 364
251 369
252 374
252 379
251 384
251 389
251 394
251 399
250 404
250 409
250 414
249 419
249 424
249 429
249 434
249 439
248 444
248 449
248 454
247 459
248 464
248 469
248 474
249 479
249 484
247 488
247 493
247 498
247 503
250 508
246 510
241 510
236 510
231 510
226 510
221 510
217 510
255.475 76.105
256 152
256.5 225.5
276.794 353.382
248.706 324.529
264.569 47.1527
277.324 156.265
243.159 180.5
234.676 156.265
230.19 225.5
276.889 205.944
280.312 246.738
272.754 328.5
239.475 283.695
223.155 302.69
218.911 279.582
278.281 288.144
292.191 269.962
286.392 307.689
240.487 44.7338
274.82 35.0997
232.503 480.056
194.682 116.409
232.216 396
319.648 116.239
337 115.596
442 114.08
278.322 481.064
241.924 98.3271
267.884 101.146
227.843 175.969
218.81 215.762
291.071 218
245.752 30.7614
229.2 94.51
62.9286 120.071
276.948 72.3304
227.845 40.8363
239.927 81.8669
229.843 70.1961
228.325 120.54
286.586 78.4636
230.345 55.1792
237.327 90.5334
223.967 107.364
276.245 88.9889
288.056 65.5142
275.452 57.434
328.46 119.588
451.036 113.171
429.922 114.928
238.358 168.578
246.405 159.466
263.246 171.212
281.264 176.547
256.646 162.729
266.133 156.774
251.965 173.18
261.079 192.109
259.203 181.353
270.454 179.962
280.007 191.384
230.166 196.265
217.313 229.031
231.053 253.897
227.189 239.803
260.261 33.1026
228.975 81.138
243.763 68.36
221.982 50.537
236.767 110.439
253.734 110.51
245.265 106.904
211.729 118.721
281.594 101.621
262.271 88.3325
264.772 66.0296
275.72 46.2504
286.718 41.2824
270.745 197.015
261.297 210.094
288.946 184.67
290.213 201.184
233.315 185.623
222.3 188.151
232.844 210.88
243.345 235.727
216.132 250.411
252.817 43.0712
254.669 56.6984
254.115 25.06
268.494 27.1487
235.959 62.8839
220.443 115.838
256.08 98.6809
250.217 88.1471
266.839 77.7909
265.964 56.5773
286.915 53.4244
293.031 192.662
285.793 209.839
222.979 205.134
218.605 196.804
246.515 200.823
242.402 191.064
243.345 220.337
234.273 233.823
237.013 244.686
258.316 253.025
248.695 246.225
260.996 239.025
220.662 264.698
216.48 239.708
253.43 66.4699
237.231 202.524
247.916 228.032
252.691 215.865
274.901 226.893
268.708 247.758
271.742 237.307
275.949 263.619
267.349 257.962
254.065 271.535
246.186 259.982
230.833 273.439
230.394 263.662
242.444 272.425
210.682 271.069
210.778 259.97
232.302 494.872
226.653 487.386
237.829 487.538
225.041 500.724
181.643 117.049
303.741 118.775
310.998 113.136
349.619 115.394
279.25 495.503
273.109 488.649
284.38 487.924
225.838 164.236
223.593 152.862
234.247 137.914
231.408 147.161
221.853 139.168
244.391 146.088
243.858 124.942
216.28 129.198
227.247 130.604
257.253 135.185
280.923 131.669
271.104 142.793
244.554 135.504
253.105 143.33
274.216 116.488
284.543 144.76
268.694 130.77
258.878 122.364
264.105 113.053
274.531 107.38
292.257 135.581
290.568 122.101
299.848 128.442
288.321 155.148
283.819 165.527
273.704 168.988
281.318 122.422
294.693 110.688
290.549 102.679
75.0101 119.918
234.933 32.4826
418.385 115.467
202.46 123.064
203.953 112.055
296.702 209.283
243.796 55.1991
256.604 201.157
266.165 220.06
289.156 233.666
284.469 225.143
298.27 226.83
296.549 248.195
300.642 217.774
288.834 242.975
280.651 275.545
266.474 279.4
258.607 302.365
253.665 285.888
264.63 268.588
266.186 292.131
275.706 300.668
274.214 314.582
244.593 297.589
285.55 320.405
261.754 320.311
267.685 306.845
253.304 294.976
247.887 310.87
232.454 294.171
221.109 291.122
209.794 299.089
228.861 283.87
284.278 332.556
274.856 340.928
284.881 345.746
265.687 348.733
257.382 311.829
231.578 318.702
235.245 306.551
213.611 311.514
223.558 312.699
204.743 307.439
241.332 318.117
168.557 116.993
312.501 122.571
361.709 116.108
373.238 115.479
284.107 112.112
86.7409 119.729
98.3376 119.521
110.976 119.008
406.272 115.097
299.98 237.719
287.61 257.725
209.152 286.905
249.67 341.912
256.235 348.713
258.553 332.701
265.493 339.216
156.183 117.665
384.732 116.297
395.398 113.83
122.602 118.617
234.256 353.785
235.943 333.955
245.417 333.43
239.165 344.216
244.564 353.029
227.002 344.02
225.481 328.698
144.079 117.928
133.374 119.328
298.039 291.4
289.166 283.67
301.151 260.436
232.154 372.919
287.147 295.92
302.515 278.662
305.306 269.289
307.667 287.628
302.528 306.918
310.143 313.179
307.67 297.958
294.794 314.297
225.968 362.557
224.29 353.166
240.123 364.112
238.058 384.444
241.984 375.157
241.439 393.407
225.538 385.369
222.815 375.94
279.015 372.281
271.486 363.586
285.089 361.987
232.293 464.393
226.017 472.31
238.343 472.145
231.924 448.307
237.639 456.223
226.057 456.488
278.707 465.208
273.424 473.013
285.008 473.294
279.034 449.137
284.754 457.292
273.578 457.065
279.141 432.996
284.997 441.106
272.947 441.026
278.928 390.364
271.563 381.287
269.148 372.446
286.341 381.358
232.073 431.233
226.226 439.72
238.267 439.824
232.226 413.617
238.947 404.805
238.341 422.479
225.782 422.37
225.201 404.812
222.868 413.678
278.937 415.935
285.45 424.389
272.915 424.538
275.293 403.15
270.431 394.858
285.337 399.096
271.021 411.28
286.193 409.057
458.667 113.778
56.8889 120.889
315.556 105.673
198.222 107.36
270.647 282.667
248.536 294.222
774
215.187 510.294
217.876 508.409
221.822 505.611
230.572 498.93
231.426 491.95
231.915 485.488
232.134 479.622
232.22 477.341
232.339 472.688
232.282 468.12
231.954 480.612
232.132 455.292
232.075 451.05
231.988 445.94
231.863 439.878
231.657 435.03
231.715 436.325
231.267 425.794
231.033 419.607
230.865 414.939
231.072 411.912
231.332 409.511
232.202 400.898
232.66 396.072
231.661 390.603
230.485 384.299
229.313 380.504
228.251 376.91
227.459 373.83
226.315 369.414
225.611 364.469
228.229 359.529
231.216 353.907
235.683 345.578
239.714 337.326
242.904 328.575
246.836 318.046
240.273 303.583
218.948 301.017
0 0
195.754 326.172
195.7 331.148
195.735 332.84
195.721 331.703
195.753 328.165
193.588 316.423
201.859 311.369
205.403 309.203
212.996 304.578
220.465 300.136
225.68 296.523
228.319 294.022
230.331 290.698
232.514 283.511
233.364 280.715
234.676 275.314
235.572 270.309
236.442 265.803
238 260.629
239.564 255.001
240.468 248.739
241.216 243.265
241.915 237.68
242.78 229.038
241.96 222.037
239.783 217.366
239.417 217.072
241.567 216.306
243.601 210.394
244.306 204.164
244.995 199.645
246.389 195.308
248.17 189.204
248.886 186.586
250.578 180.884
251.382 172.716
251.579 155.369
251.377 151.053
251.046 146.061
249.256 139.026
246.93 129.797
239.167 123.808
220.259 119.604
205.063 117.695
193.64 116.206
187.364 115.949
183.181 116.125
178.396 116.345
173.787 116.612
169.327 116.866
162.186 117.315
159.778 117.469
154.908 117.75
149.885 117.952
144.81 118.161
139.678 118.364
134.132 118.585
129.822 118.675
127.221 118.721
118.579 118.875
113.811 118.961
110.08 119.047
106.109 119.188
100.538 119.387
92.0053 119.66
89.0575 119.753
84.5878 119.783
78.9984 119.576
72.4016 119.357
67.0655 119.41
61.0522 120.105
58.5495 122.936
58.2076 123.343
47.3278 120.256
48.8991 120.141
42.3855 119.664
38.1973 119.357
33.0361 118.977
24.4619 119.334
22.6469 119.833
18.0372 119.571
10.694 118.709
8.77341 118.479
8.40922 118.436
12.0995 118.877
14.2296 119.127
18.4501 119.48
28.1903 119.377
33.0459 118.976
37.9281 119.337
40.1251 119.498
34.4407 119.573
59.5231 120.997
61.0691 119.934
61.7815 119.45
67.1708 119.408
69.0011 119.394
74.2525 119.402
80.8418 119.643
86.6863 119.837
92.2061 119.654
98.3518 119.462
106.108 119.188
108.54 119.102
112.75 118.971
115.818 118.925
120.555 118.84
127.717 118.713
133.189 118.616
137.182 118.462
141.774 118.283
146.978 118.072
152.944 117.827
158.396 117.56
163.26 117.247
167.882 116.95
171.401 116.748
173.55 116.625
180.575 116.23
185.963 116.01
189.607 115.83
192.333 116.04
199.808 117.013
225.878 119.774
231.8 119.948
248.95 111.978
256.161 96.9025
253.083 72.0469
243.914 56.4856
0 0
255.111 39.1111
0 0
208.284 76.0834
219.774 69.6361
249.907 52.6277
244.384 41.3312
224.862 42.2272
204.562 55.2961
203.257 57.4325
199.65 58.0605
196.097 57.44
196.837 57.5693
199.416 57.7046
210.29 52.4784
223.317 43.3119
229.4 39.5933
216.398 35.7345
210.974 34.1318
206.676 32.8599
213.757 34.9554
223.258 37.757
233.222 40.2229
241.827 39.5437
245.373 37.848
248.456 36.2408
248.957 35.4425
249.441 35.5086
251.844 35.1872
253.018 35.2572
253.663 35.4446
256.312 36.1038
259.47 34.8245
278.821 15.1117
256.663 35.4985
259.001 38.8796
264.52 41.4451
272.595 42.1573
271.9 42.1382
269.147 42.8242
305.953 51.1024
308.404 51.6396
310.068 52.0531
317.136 53.7082
318.329 54.0088
315.985 53.4291
305.555 50.9967
277.857 44.717
263.243 42.692
264.203 50.2577
290.506 63.3243
299.422 67.753
283.678 59.9326
258.022 51.7965
257.638 71.5814
290.656 85.157
305.87 93.5002
0 0
255.371 85.8066
256.609 102.222
267.535 117.955
278.746 120.787
296.67 118.904
314.3 117.154
322.954 116.299
324.565 116.226
326.269 116.144
333.684 115.844
337.753 115.704
344.158 115.765
346.693 115.789
350.776 115.838
355.945 115.931
362.1 116.037
367.629 115.848
373.407 115.657
377.507 115.516
380.506 115.413
387.015 115.197
394.295 114.97
397.603 114.936
399.696 114.955
406.201 115.016
410.575 115.11
416.616 115.242
422.966 115.116
427.972 114.95
438.538 114.567
442.071 114.435
446.118 114.278
449.109 114.097
450.997 108.577
448.813 114.087
453.867 113.875
464.889 113.207
470.575 112.789
474.543 112.5
483.151 111.963
488.048 111.668
492.525 111.367
496.301 111.055
498.052 110.9
500.84 110.635
499.057 110.804
492.776 111.368
488.035 111.727
482.885 112.007
477.812 112.282
477.298 112.344
469.269 112.885
467.858 112.972
452.826 113.938
450.178 114.236
453.889 124.281
459.979 115.393
447.362 114.197
441.93 114.44
438.763 114.558
429.526 114.899
424.148 115.076
418.933 115.262
413.863 115.178
408.598 115.069
400.998 114.967
398.989 114.949
394.733 114.955
388.244 115.159
383.962 115.292
379.815 115.436
373.338 115.659
368.115 115.832
364.037 115.972
359.456 115.996
356.808 115.948
348.104 115.8
343.332 115.758
339.439 115.72
334.984 115.799
329.549 115.989
324.794 116.213
318.82 116.707
309.153 117.663
292.291 119.326
271.542 121.991
260.225 128.832
255.814 134.877
255.439 142.644
255.213 149.249
255.719 159.473
257.221 173.695
259.017 182.393
260.47 186.15
262.383 191.319
265.739 198.241
269.226 204.869
272.537 210.837
277.708 215.007
283.751 217.796
290.083 216.769
290.326 216.668
283.623 220.479
277.97 229.307
277.232 231.989
275.823 238.084
275.363 246.387
275.435 253.012
276.17 259.67
276.919 266.826
279.033 273.399
281.62 280.254
283.293 284.045
285.306 288.915
289.904 294.512
292.911 297.56
294.709 299.032
299.522 302.064
306.922 305.07
312.42 307.349
315.344 312.942
317.772 317.47
321.073 323.787
319.251 320.068
316.739 315.536
308.449 305.985
293.773 301.176
275.744 290.349
262.259 315.377
263.337 327.072
267.696 335.915
271.751 344.107
278.137 356.735
279.745 359.895
281.951 363.746
282.711 369.436
283.265 374.408
281.815 377.801
280.346 381.103
279.754 384.372
279.436 386.664
278.736 394.119
278.371 399.938
278.329 406.489
278.37 411.924
278.603 419.109
278.679 421.504
278.812 425.888
278.909 429.719
279.037 434.679
279.123 441.145
279.113 446.224
279.107 448.437
279.062 455.147
278.959 461.649
278.851 467.979
278.771 472.474
278.768 476.834
278.801 478.946
278.902 486.114
280.14 493.697
274.919 502.015
283.578 501.16
292.93 507.604
296.602 510.071
293.684 508.111
282.45 500.254
279.644 497.176
274.807 501.433
271.545 505.114
263.753 509.396
263.475 509.55
268.731 505.963
274.644 501.621
279.211 495.033
278.906 487.318
278.863 484.126
278.826 481.387
278.753 475.98
278.842 468.8
278.913 464.31
279.02 458.111
279.08 452.132
279.098 450.348
279.128 443.365
279.08 438.431
278.997 432.835
278.831 426.665
278.683 421.593
278.566 417.858
278.431 413.591
278.29 408.38
278.131 402.152
278.44 396.915
278.737 393.252
279.318 388.07
279.768 383.643
280.701 380.972
282.3 377.612
281.965 376.635
275.787 352.285
258.643 318.39
243.636 333.468
230.077 356.821
227.27 372.397
228.864 379.524
229.5 381.351
230.59 384.819
231.819 390.214
232.696 394.481
232.36 397.692
232.042 402.357
231.453 408.168
230.931 412.715
231.041 418.007
231.208 424.431
231.435 429.873
231.636 434.565
231.806 438.21
231.924 442.876
232.039 448.44
232.102 453.089
232.186 459.653
232.288 468.594
232.313 471.253
232.256 477.135
232.044 482.578
232.004 483.757
231.944 487.095
231.163 494.731
236.2 501.005
242.707 505.695
248.195 509.096
246.011 508.204
239.716 505.609
236.577 501.471
233.052 497.256
228.364 500.866
218.919 507.669
216.663 509.259
254.734 61.13
253.101 147.305
254.715 226.153
273.883 348.36
255.372 317.015
256.073 40.5951
254.977 150.988
251.904 181.093
251.74 151.942
245.175 237.829
265.144 206.677
268.666 247.914
257.804 314.893
239.654 285.926
232.684 296.502
233.497 284.517
276.294 294.076
281.274 282.796
280.158 295.665
244.174 38.8869
259.678 39.8424
232.047 481.911
188.74 115.886
232.656 395.186
312.308 117.498
338.583 115.712
442.531 114.407
278.844 482.537
256.141 98.0391
256.291 100.831
251.346 180.697
240.786 217.09
283.543 217.837
248.977 35.9992
256.172 98.8162
61.238 119.899
256.18 47.5729
232.56 40.2507
252.663 65.7571
251.38 51.6719
242.765 124.05
257.057 59.5549
240.458 41.4236
254.723 84.1691
249.861 118.591
255.898 70.0875
258.284 49.6224
257.83 44.0647
332.578 115.888
449.444 114.087
437.157 114.607
252.198 167.666
253.265 151.413
255.656 169.254
258.648 181.649
253.834 159.614
254.043 147.965
253.677 172.054
257.371 192.494
255.63 181.313
256.877 181.498
264.731 196.624
245.543 200.491
242.401 225.586
240.95 256.262
241.266 244.376
254.149 35.8749
253.262 67.0811
252.24 50.8543
243.986 38.2961
249.081 115.218
253.566 109.75
252.931 108.525
221.08 119.721
256.022 102.738
254.551 77.6295
255.813 50.12
260.736 40.9552
265.098 41.6984
261.52 196.47
259.683 210.007
261.428 188.787
273.204 212.231
249.286 188.169
248.559 189.28
244.114 210.409
249.082 235.744
239.656 255.337
254.718 36.7105
255.032 44.2297
252.751 35.3769
256.793 36.2163
247.481 46.6707
234.461 120.571
255.953 96.1278
254.34 77.8279
255.393 62.0943
256.543 44.1482
264.125 42.0717
267.032 200.749
274.536 214.232
243.935 209.342
244.586 202.312
249.698 201.994
257.778 210.667
249.441 214.091
247.104 234.927
245.608 246.121
0 0
245.065 245.471
274.002 226.171
235.648 274.445
241.381 243.153
253.514 50.3234
247.69 203.207
251.928 227.458
257.271 212.592
270.166 226.312
265.793 248.363
267.937 236.968
286.572 294.083
265.018 259.686
258.939 272.111
249.702 262.037
238.682 277.184
240.091 267.618
232.783 287.173
233.516 282.242
237.006 264.433
232.095 495.998
231.696 488.308
231.787 488.825
227.83 504.757
175.951 116.5
294.397 119.125
309.959 117.583
341.78 115.743
279.333 495.856
278.995 490.809
279.532 490.62
254.398 169.569
252.123 149.965
248.049 130.75
249.973 140.561
251.886 140.664
250.574 140.64
251.758 122.284
241.376 120.048
243.218 125.245
253.326 130.524
261.612 124.34
254.663 132.42
249.878 130.691
252.351 138.143
260.749 117.956
255.889 134.512
255.416 128.301
254.54 120.816
256.157 114.26
257.538 111.916
261.995 125.678
271.187 121.405
256.889 112.889
255.312 145.605
256.099 168.603
256.062 168.459
264.636 121.154
274.09 121.157
262.645 121.774
73.8482 119.489
242.108 39.5184
426.45 114.911
206.307 117.902
205.26 117.72
279 216.047
247.329 44.9623
256.294 201.023
266.983 223.045
275.889 231.952
275.942 224.377
277.346 225.491
275.275 249.108
287.353 217.943
279.98 224.297
269.54 280.269
264.592 281.062
256.703 299.979
264.212 284.674
263.053 270.684
263.811 291.378
270.636 295.944
262.083 301.966
250.302 295.316
265.268 301.692
256.554 312.819
261.709 300.89
253.325 294.429
0 0
227.249 296.626
230.558 292.764
225.05 297.157
236.248 286.56
261.85 323.995
263.614 327.918
271.498 343.524
261.29 324.645
255.225 307.467
243.945 307.555
240.995 300.924
221.497 299.455
239.054 301.227
209.116 306.97
248.079 311.816
162.792 117.276
296.404 118.923
376.889 112
370.229 115.761
264.821 118.642
79.3274 119.589
97.5235 119.479
103.21 119.286
407.034 115.054
275.862 237.242
275.312 255.899
229.24 292.812
249.572 326.443
249.912 324.798
255.211 321.011
259.567 322.483
159.603 117.477
408.429 115.079
402.465 115.007
72.5428 119.772
233.042 350.509
247.975 323.73
249.066 323.295
242.414 332.91
241.491 334.463
241.097 333.53
246.933 317.656
127.915 118.516
133.705 118.6
290.325 295.994
283.038 288.32
276.553 263.541
227.421 373.297
281.65 294.435
284.806 288.322
280.689 277.674
291.036 295.76
301.843 302.793
313.56 311.085
298.442 301.624
303.403 304.909
225.464 364.969
232.668 351.214
227.839 360.812
229.732 382.704
229.102 380.129
232.658 394.185
230.751 385.379
227.874 375.438
282.957 375.656
275.273 351.526
282.069 364.276
232.259 465.65
232.156 479.014
232.294 475.755
231.973 445.355
229.62 484.593
232.152 456.785
284.444 487.111
278.748 475.505
278.799 478.736
279.11 449.319
279.044 456.431
279.035 457.199
280.352 376.215
279.103 440.39
279.124 441.43
279.067 390.18
281.034 379.775
282.683 376.718
280.233 381.435
231.508 431.621
231.832 438.966
231.858 439.728
230.898 413.557
231.736 405.264
232.889 375.111
231.122 422.238
231.878 404.177
230.86 413.917
278.487 415.307
278.727 423.285
278.581 418.009
278.706 394.966
278.932 391.779
278.557 396.758
278.456 414.202
278.41 411.987
458.667 113.778
56.8889 120.889
316.444 110.222
196.444 112.889
283.556 262.222
230.222 264
1844
0 0
0 0
0 0
0 0
0 0
0 0
0 0
0 0
0 0
0 0
0 0
0 0
0 0
0 0
0 0
0 0
0 0
0 0
0 0
0 0
0 0
0 0
0 0
0 0
0 0
0 0
0 0
0 0
0 0
0 0
0 0
0 0
0 0
0 0
0 0
0 0
0 0
0 0
0 0
0 0
736 756
0 0
0 0
0 0
0 0
0 0
0 0
0 0
0 0
0 0
0 0
0 0
0 0
0 0
0 0
0 0
0 0
0 0
0 0
0 0
0 0
0 0
0 0
0 0
0 0
0 0
0 0
0 0
0 0
0 0
0 0
0 0
0 0
0 0
0 0
0 0
0 0
0 0
0 0
0 0
0 0
0 0
0 0
0 0
0 0
0 0
0 0
0 0
0 0
0 0
0 0
0 0
0 0
0 0
0 0
0 0
0 0
0 0
0 0
0 0
0 0
0 0
0 0
0 0
0 0
0 0
0 0
0 0
0 0
0 0
0 0
0 0
0 0
0 0
0 0
0 0
0 0
0 0
0 0
0 0
0 0
0 0
0 0
0 0
0 0
0 0
0 0
0 0
0 0
0 0
0 0
0 0
0 0
0 0
0 0
0 0
0 0
0 0
0 0
0 0
0 0
0 0
0 0
0 0
0 0
0 0
0 0
0 0
0 0
0 0
0 0
0 0
0 0
0 0
0 0
0 0
0 0
0 0
0 0
0 0
0 0
0 0
0 0
0 0
0 0
0 0
0 0
0 0
0 0
0 0
0 0
0 0
0 0
0 0
0 0
0 0
0 0
0 0
0 0
0 0
0 0
0 0
0 0
0 0
571 629
0 0
0 0
0 0
0 0
0 0
0 0
0 0
0 0
0 0
0 0
0 0
0 0
0 0
0 0
0 0
0 0
0 0
0 0
0 0
0 0
0 0
0 0
0 0
0 0
0 0
0 0
0 0
0 0
0 0
0 0
0 0
0 0
0 0
0 0
0 0
0 0
0 0
0 0
0 0
0 0
0 0
0 0
0 0
0 0
0 0
0 0
0 0
0 0
0 0
0 0
0 0
0 0
0 0
0 0
0 0
0 0
0 0
0 0
0 0
0 0
0 0
0 0
0 0
0 0
0 0
0 0
0 0
0 0
0 0
0 0
0 0
0 0
0 0
0 0
0 0
0 0
0 0
0 0
0 0
0 0
0 0
0 0
0 0
0 0
0 0
0 0
0 0
0 0
0 0
0 0
0 0
0 0
0 0
0 0
0 0
0 0
0 0
0 0
0 0
0 0
0 0
0 0
0 0
0 0
0 0
0 0
0 0
0 0
0 0
0 0
0 0
0 0
0 0
0 0
0 0
0 0
0 0
0 0
0 0
0 0
0 0
0 0
0 0
0 0
0 0
0 0
0 0
0 0
0 0
0 0
0 0
0 0
0 0
0 0
0 0
0 0
0 0
0 0
0 0
0 0
0 0
0 0
0 0
0 0
0 0
0 0
0 0
0 0
0 0
0 0
0 0
0 0
0 0
0 0
0 0
0 0
0 0
0 0
0 0
0 0
0 0
0 0
0 0
0 0
0 0
0 0
0 0
0 0
0 0
0 0
0 0
0 0
0 0
0 0
0 0
0 0
0 0
0 0
0 0
0 0
0 0
0 0
0 0
0 0
0 0
0 0
0 0
0 0
0 0
0 0
0 0
0 0
0 0
0 0
0 0
0 0
0 0
0 0
0 0
0 0
0 0
0 0
0 0
0 0
0 0
0 0
0 0
0 0
0 0
0 0
0 0
0 0
0 0
0 0
0 0
0 0
629 170
0 0
0 0
0 0
0 0
0 0
0 0
0 0
0 0
0 0
0 0
0 0
0 0
0 0
0 0
0 0
0 0
0 0
0 0
0 0
0 0
0 0
0 0
0 0
0 0
0 0
0 0
0 0
0 0
0 0
0 0
0 0
0 0
0 0
0 0
0 0
0 0
0 0
0 0
0 0
0 0
0 0
0 0
0 0
0 0
0 0
0 0
0 0
0 0
0 0
0 0
0 0
0 0
0 0
0 0
0 0
0 0
0 0
0 0
0 0
0 0
0 0
0 0
0 0
0 0
0 0
0 0
0 0
0 0
0 0
0 0
0 0
0 0
0 0
0 0
0 0
0 0
0 0
0 0
0 0
0 0
0 0
0 0
0 0
0 0
0 0
0 0
0 0
0 0
0 0
0 0
0 0
0 0
0 0
0 0
0 0
0 0
0 0
0 0
0 0
0 0
0 0
0 0
0 0
0 0
0 0
0 0
0 0
0 0
0 0
0 0
0 0
0 0
0 0
0 0
0 0
0 0
0 0
0 0
0 0
0 0
0 0
0 0
0 0
0 0
0 0
0 0
0 0
0 0
0 0
0 0
0 0
0 0
0 0
0 0
0 0
0 0
0 0
0 0
0 0
0 0
0 0
0 0
0 0
0 0
0 0
0 0
0 0
0 0
0 0
0 0
0 0
0 0
0 0
0 0
0 0
0 0
0 0
0 0
0 0
0 0
0 0
0 0
0 0
0 0
0 0
0 0
0 0
0 0
0 0
0 0
0 0
0 0
0 0
0 0
0 0
0 0
0 0
0 0
0 0
0 0
0 0
0 0
0 0
0 0
0 0
0 0
0 0
0 0
0 0
0 0
0 0
0 0
0 0
0 0
0 0
0 0
0 0
0 0
0 0
0 0
0 0
0 0
0 0
0 0
0 0
0 0
0 0
0 0
0 0
0 0
0 0
0 0
0 0
0 0
0 0
0 0
0 0
0 0
0 0
0 0
0 0
0 0
0 0
0 0
0 0
0 0
0 0
0 0
0 0
0 0
0 0
0 0
0 0
0 0
0 0
0 0
0 0
0 0
0 0
0 0
0 0
0 0
0 0
0 0
0 0
0 0
0 0
0 0
0 0
0 0
0 0
0 0
0 0
0 0
0 0
0 0
0 0
0 0
0 0
0 0
0 0
0 0
0 0
0 0
0 0
0 0
0 0
0 0
0 0
0 0
0 0
0 0
0 0
0 0
0 0
0 0
0 0
0 0
0 0
0 0
0 0
0 0
0 0
0 0
0 0
0 0
0 0
0 0
0 0
0 0
0 0
0 0
0 0
0 0
0 0
0 0
0 0
0 0
0 0
0 0
0 0
0 0
0 0
0 0
0 0
0 0
0 0
0 0
0 0
0 0
0 0
0 0
0 0
0 0
0 0
0 0
0 0
0 0
0 0
0 0
0 0
0 0
0 0
0 0
0 0
0 0
0 0
0 0
0 0
0 0
0 0
0 0
0 0
0 0
0 0
0 0
0 0
0 0
0 0
0 0
0 0
0 0
0 0
0 0
0 0
0 0
0 0
0 0
0 0
0 0
0 0
0 0
0 0
0 0
0 0
0 0
0 0
0 0
0 0
0 0
0 0
0 0
0 0
0 0
0 0
0 0
0 0
0 0
0 0
0 0
0 0
0 0
0 0
0 0
0 0
0 0
0 0
0 0
0 0
0 0
0 0
0 0
0 0
0 0
0 0
0 0
0 0
0 0
0 0
0 0
0 0
0 0
0 0
0 0
0 0
0 0
0 0
0 0
0 0
0 0
0 0
0 0
0 0
0 0
0 0
0 0
0 0
0 0
0 0
0 0
0 0
0 0
0 0
0 0
0 0
0 0
0 0
0 0
0 0
0 0
0 0
0 0
0 0
0 0
0 0
0 0
0 0
0 0
0 0
0 0
0 0
0 0
0 0
0 0
0 0
0 0
0 0
0 0
0 0
0 0
0 0
0 0
0 0
0 0
0 0
0 0
0 0
0 0
0 0
0 0
0 0
0 0
0 0
0 0
0 0
0 0
0 0
0 0
0 0
0 0
0 0
0 0
0 0
0 0
0 0
0 0
0 0
0 0
0 0
0 0
0 0
0 0
0 0
0 0
0 0
0 0
0 0
0 0
0 0
0 0
0 0
0 0
0 0
0 0
0 0
0 0
0 0
0 0
0 0
0 0
0 0
0 0
0 0
0 0
0 0
0 0
0 0
744 738
0 0
0 0
0 0
0 0
0 0
0 0
0 0
0 0
0 0
0 0
0 0
0 0
0 0
0 0
0 0
0 0
0 0
0 0
0 0
0 0
0 0
0 0
0 0
0 0
0 0
0 0
0 0
0 0
0 0
0 0
0 0
0 0
0 0
0 0
0 0
0 0
0 0
0 0
0 0
0 0
0 0
0 0
0 0
0 0
0 0
0 0
0 0
0 0
0 0
0 0
0 0
0 0
0 0
0 0
0 0
0 0
0 0
0 0
0 0
0 0
0 0
0 0
0 0
0 0
0 0
0 0
0 0
0 0
0 0
0 0
0 0
0 0
0 0
0 0
0 0
0 0
0 0
0 0
0 0
0 0
0 0
0 0
0 0
0 0
0 0
0 0
0 0
0 0
0 0
0 0
0 0
0 0
0 0
0 0
0 0
0 0
0 0
0 0
0 0
0 0
0 0
0 0
0 0
0 0
0 0
0 0
0 0
0 0
0 0
0 0
0 0
0 0
0 0
0 0
0 0
0 0
0 0
0 0
0 0
0 0
0 0
0 0
0 0
0 0
0 0
0 0
0 0
0 0
0 0
0 0
0 0
0 0
0 0
0 0
0 0
0 0
0 0
0 0
0 0
0 0
0 0
0 0
0 0
0 0
0 0
0 0
0 0
0 0
0 0
0 0
0 0
0 0
0 0
0 0
0 0
0 0
0 0
0 0
0 0
0 0
0 0
0 0
0 0
0 0
0 0
0 0
0 0
0 0
0 0
0 0
0 0
0 0
0 0
0 0
0 0
0 0
0 0
0 0
0 0
0 0
0 0
0 0
0 0
0 0
0 0
0 0
0 0
0 0
0 0
0 0
0 0
0 0
0 0
0 0
0 0
0 0
0 0
0 0
0 0
0 0
0 0
0 0
0 0
0 0
0 0
0 0
0 0
0 0
0 0
0 0
0 0
0 0
0 0
0 0
0 0
0 0
0 0
0 0
0 0
0 0
0 0
0 0
0 0
0 0
0 0
0 0
0 0
0 0
0 0
0 0
0 0
0 0
0 0
0 0
0 0
0 0
0 0
0 0
0 0
0 0
0 0
0 0
0 0
0 0
0 0
0 0
0 0
0 0
0 0
0 0
0 0
0 0
0 0
0 0
0 0
0 0
0 0
0 0
0 0
0 0
0 0
0 0
0 0
0 0
0 0
0 0
0 0
0 0
0 0
0 0
0 0
0 0
0 0
0 0
0 0
0 0
0 0
0 0
0 0
0 0
0 0
0 0
0 0
0 0
0 0
0 0
0 0
0 0
0 0
0 0
0 0
0 0
0 0
0 0
0 0
0 0
0 0
0 0
0 0
0 0
0 0
0 0
0 0
0 0
0 0
0 0
0 0
0 0
0 0
0 0
0 0
0 0
0 0
0 0
0 0
0 0
0 0
0 0
0 0
0 0
0 0
0 0
0 0
0 0
0 0
0 0
0 0
0 0
0 0
0 0
0 0
0 0
0 0
0 0
0 0
0 0
0 0
0 0
0 0
0 0
0 0
0 0
0 0
0 0
0 0
0 0
0 0
0 0
0 0
0 0
0 0
0 0
0 0
0 0
0 0
0 0
0 0
0 0
0 0
0 0
0 0
0 0
0 0
0 0
0 0
0 0
0 0
0 0
0 0
0 0
0 0
0 0
0 0
0 0
0 0
0 0
0 0
0 0
0 0
0 0
0 0
0 0
0 0
0 0
0 0
0 0
0 0
0 0
0 0
0 0
0 0
0 0
0 0
0 0
0 0
0 0
0 0
0 0
0 0
0 0
0 0
0 0
0 0
0 0
0 0
0 0
0 0
0 0
0 0
0 0
0 0
0 0
0 0
0 0
0 0
0 0
0 0
0 0
0 0
0 0
0 0
0 0
0 0
0 0
0 0
0 0
0 0
0 0
0 0
0 0
0 0
0 0
0 0
0 0
0 0
0 0
0 0
0 0
0 0
0 0
0 0
0 0
0 0
0 0
0 0
0 0
0 0
0 0
0 0
0 0
0 0
0 0
0 0
0 0
0 0
0 0
0 0
0 0
0 0
0 0
0 0
0 0
0 0
0 0
0 0
0 0
0 0
0 0
0 0
0 0
0 0
0 0
0 0
0 0
0 0
0 0
0 0
0 0
0 0
0 0
0 0
0 0
0 0
0 0
0 0
0 0
0 0
0 0
0 0
0 0
0 0
0 0
0 0
0 0
0 0
0 0
0 0
0 0
0 0
0 0
0 0
0 0
0 0
0 0
0 0
0 0
0 0
0 0
0 0
0 0
0 0
0 0
0 0
0 0
0 0
0 0
0 0
0 0
0 0
0 0
0 0
0 0
0 0
0 0
0 0
0 0
0 0
0 0
0 0
0 0
0 0
0 0
0 0
0 0
0 0
0 0
0 0
0 0
0 0
0 0
0 0
0 0
0 0
0 0
0 0
0 0
0 0
0 0
0 0
0 0
0 0
0 0
0 0
0 0
0 0
0 0
0 0
0 0
0 0
0 0
0 0
0 0
0 0
0 0
0 0
0 0
0 0
0 0
0 0
0 0
0 0
0 0
0 0
0 0
0 0
0 0
0 0
0 0
0 0
0 0
0 0
0 0
0 0
0 0
0 0
0 0
0 0
0 0
0 0
0 0
0 0
0 0
0 0
0 0
0 0
0 0
0 0
0 0
0 0
0 0
0 0
0 0
0 0
0 0
0 0
0 0
0 0
0 0
0 0
0 0
0 0
0 0
0 0
0 0
0 0
0 0
0 0
0 0
0 0
0 0
0 0
0 0
0 0
0 0
0 0
0 0
0 0
0 0
0 0
0 0
0 0
0 0
0 0
0 0
0 0
0 0
0 0
0 0
0 0
0 0
0 0
0 0
0 0
0 0
0 0
0 0
0 0
0 0
0 0
0 0
0 0
0 0
0 0
0 0
0 0
0 0
0 0
0 0
0 0
0 0
0 0
0 0
0 0
0 0
0 0
0 0
0 0
0 0
0 0
0 0
0 0
0 0
0 0
0 0
0 0
0 0
0 0
0 0
0 0
0 0
0 0
0 0
0 0
0 0
0 0
0 0
0 0
0 0
0 0
0 0
0 0
0 0
0 0
0 0
0 0
0 0
0 0
0 0
0 0
0 0
0 0
0 0
0 0
0 0
0 0
0 0
0 0
0 0
0 0
0 0
0 0
0 0
0 0
0 0
0 0
0 0
0 0
0 0
0 0
0 0
0 0
0 0
0 0
0 0
0 0
0 0
0 0
0 0
0 0
0 0
0 0
0 0
0 0
0 0
0 0
0 0
0 0
0 0
0 0
0 0
0 0
0 0
0 0
0 0
0 0
0 0
0 0
0 0
0 0
0 0
0 0
0 0
0 0
0 0
0 0
0 0
0 0
0 0
0 0
0 0
0 0
0 0
0 0
0 0
0 0
0 0
0 0
0 0
0 0
0 0
0 0
0 0
0 0
0 0
0 0
0 0
0 0
0 0
0 0
0 0
0 0
0 0
0 0
0 0
0 0
0 0
0 0
0 0
0 0
0 0
0 0
0 0
0 0
0 0
0 0
0 0
0 0
0 0
0 0
0 0
0 0
0 0
0 0
0 0
0 0
0 0
0 0
0 0
0 0
0 0
0 0
0 0
0 0
0 0
0 0
0 0
0 0
0 0
0 0
0 0
0 0
0 0
0 0
0 0
0 0
0 0
0 0
0 0
0 0
0 0
0 0
0 0
0 0
0 0
0 0
0 0
0 0
0 0
0 0
0 0
0 0
0 0
0 0
0 0
0 0
0 0
0 0
0 0
0 0
0 0
0 0
0 0
0 0
0 0
0 0
0 0
0 0
0 0
0 0
0 0
0 0
0 0
0 0
0 0
0 0
0 0
0 0
0 0
0 0
0 0
0 0
0 0
0 0
0 0
0 0
0 0
0 0
0 0
0 0
0 0
0 0
0 0
0 0
0 0
0 0
0 0
0 0
0 0
0 0
0 0
0 0
0 0
0 0
0 0
0 0
0 0
0 0
0 0
0 0
0 0
0 0
0 0
0 0
0 0
0 0
0 0
0 0
0 0
0 0
0 0
0 0
0 0
0 0
0 0
0 0
0 0
0 0
0 0
0 0
0 0
0 0
0 0
0 0
0 0
0 0
0 0
0 0
0 0
0 0
0 0
0 0
0 0
0 0
0 0
682 768
707 769
629 770
770 682
629 771
771 707
571 772
772 744
571 773
773 756
1834
0 1
466 0
1 2
465 1
1 466
2 3
2 465
2 599
3 4
599 3
4 5
4 597
599 4
5 6
5 597
6 7
6 597
733 6
7 8
733 7
8 9
733 8
9 10
9 733
10 11
10 732
733 10
737 10
11 12
11 737
12 13
735 12
737 12
13 14
735 13
13 752
14 15
14 752
15 16
15 752
16 17
751 16
752 16
757 16
17 18
17 757
18 19
18 757
759 18
19 20
759 19
20 21
759 20
21 22
758 21
759 21
22 23
758 22
23 24
490 23
23 758
24 25
490 24
24 727
25 26
25 727
26 27
26 727
26 728
27 28
728 27
28 29
28 728
29 30
29 721
29 728
30 31
721 30
722 30
31 32
722 31
32 33
722 32
33 34
33 705
722 33
34 35
705 34
35 36
705 35
35 706
36 37
36 706
37 38
37 676
677 37
37 706
38 39
676 38
39 40
44 39
39 45
39 676
39 678
40 41
40 43
44 40
41 42
41 43
42 43
43 44
44 45
45 46
678 45
46 47
678 46
47 48
678 47
48 49
48 678
49 50
667 49
678 49
50 51
667 50
691 50
51 52
51 691
52 53
52 691
53 54
53 594
53 691
54 55
54 594
55 56
55 594
56 57
594 56
56 595
57 58
595 57
58 59
554 58
595 58
59 60
59 554
60 61
60 554
579 60
61 62
579 61
62 63
62 530
579 62
63 64
63 530
64 65
498 64
64 530
65 66
498 65
66 67
66 498
67 68
67 498
68 69
68 498
68 568
569 68
69 70
569 69
70 71
70 569
71 72
71 551
569 71
72 73
72 551
73 74
497 73
73 551
74 75
74 497
75 76
75 497
75 607
76 77
76 607
76 608
77 78
608 77
78 79
608 78
79 80
608 79
79 611
80 81
80 611
81 82
81 611
614 81
82 83
614 82
639 82
83 84
639 83
84 85
84 489
84 639
85 86
85 489
86 87
86 489
600 86
87 88
87 600
88 89
600 88
88 680
89 90
680 89
90 91
90 680
90 696
91 92
91 696
92 93
92 696
93 94
696 93
707 93
94 95
707 94
95 96
95 707
95 708
96 97
96 708
97 98
708 97
98 99
98 699
708 98
99 100
99 699
100 101
100 687
100 699
101 102
687 101
102 103
102 686
102 687
103 104
103 686
104 105
104 685
686 104
105 106
105 685
106 107
106 685
107 108
636 107
685 107
108 109
108 636
109 110
502 109
109 636
110 111
110 502
111 112
111 113
502 111
112 113
113 114
113 131
132 113
502 113
114 115
114 130
131 114
115 116
129 115
130 115
116 117
116 129
117 118
117 127
128 117
129 117
118 119
118 126
118 127
119 120
125 119
119 126
120 121
125 120
121 122
121 124
125 121
122 123
124 122
123 124
124 125
125 126
126 127
127 128
128 129
129 130
130 131
131 132
132 133
132 502
133 134
133 502
134 135
502 134
135 136
135 502
636 135
136 137
636 136
137 138
137 636
138 139
636 138
138 685
139 140
685 139
140 141
685 140
140 686
141 142
141 686
142 143
686 142
687 142
143 144
143 687
144 145
144 687
145 146
687 145
699 145
146 147
699 146
147 148
147 699
708 147
148 149
148 708
149 150
149 707
149 708
150 151
707 150
151 152
707 151
152 153
152 696
707 152
153 154
696 153
154 155
680 154
696 154
155 156
155 680
156 157
156 680
157 158
600 157
680 157
158 159
158 600
159 160
159 489
600 159
160 161
489 160
161 162
489 161
161 640
162 163
162 640
163 164
511 163
163 540
163 560
640 163
164 165
164 511
165 166
501 165
165 511
166 167
501 166
167 168
167 501
534 167
168 169
170 168
168 534
169 170
170 171
170 174
506 170
170 534
171 172
173 171
174 171
172 173
173 174
174 175
506 174
175 176
175 506
509 175
536 175
176 177
184 176
176 536
177 178
183 177
184 177
178 179
178 182
183 178
179 180
179 181
182 179
180 181
181 182
182 183
183 184
184 185
536 184
185 186
185 504
185 536
186 187
189 186
186 190
186 504
187 188
189 187
188 189
189 190
190 191
504 190
191 192
504 191
191 637
192 193
637 192
193 194
193 637
194 195
194 500
637 194
195 196
500 195
196 197
500 196
196 557
197 198
557 197
198 199
198 557
199 200
199 557
199 558
200 201
558 200
201 202
203 201
201 558
202 203
203 204
203 487
558 203
204 205
487 204
205 206
205 487
545 205
206 207
545 206
207 208
207 545
208 209
216 208
208 545
208 565
209 210
211 209
216 209
210 211
211 212
211 214
215 211
211 216
212 213
212 214
213 214
214 215
215 216
216 217
216 565
217 218
513 217
565 217
218 219
218 221
218 513
219 220
219 221
220 221
221 222
513 221
222 223
508 222
513 222
223 224
226 223
227 223
508 223
224 225
224 226
225 226
226 227
227 228
227 508
512 227
541 227
228 229
228 541
228 635
229 230
635 229
230 231
230 634
230 635
231 232
602 231
634 231
232 233
602 232
233 234
233 491
602 233
234 235
234 491
235 236
491 235
235 515
236 237
492 236
515 236
237 238
237 492
238 239
238 492
603 238
239 240
239 603
240 241
240 603
241 242
603 241
241 682
242 243
682 242
243 244
682 243
683 243
244 245
683 244
245 246
683 245
245 697
246 247
697 246
247 248
697 247
247 698
248 249
698 248
249 250
698 249
250 251
250 688
698 250
251 252
251 688
252 253
638 252
252 688
253 254
638 253
254 255
517 254
638 254
255 256
517 255
256 257
256 493
517 256
257 258
257 493
258 259
493 258
259 260
259 261
493 259
259 516
260 261
261 262
261 516
262 263
279 262
280 262
516 262
263 264
278 263
263 279
264 265
277 264
278 264
265 266
276 265
265 277
266 267
275 266
276 266
267 268
274 267
267 275
268 269
268 273
268 274
269 270
269 272
269 273
270 271
272 270
271 272
272 273
273 274
274 275
275 276
276 277
277 278
278 279
279 280
280 281
280 516
281 282
283 281
516 281
282 283
283 284
493 283
283 516
284 285
284 493
285 286
285 493
286 287
286 493
517 286
287 288
517 287
288 289
288 517
638 288
289 290
638 289
290 291
290 638
290 688
291 292
688 291
292 293
688 292
292 698
293 294
698 293
294 295
698 294
295 296
697 295
698 295
296 297
296 697
297 298
683 297
697 297
298 299
298 683
299 300
299 682
299 683
300 301
300 682
301 302
301 682
302 303
302 603
682 302
303 304
603 303
304 305
492 304
304 603
305 306
305 492
306 307
306 492
306 515
307 308
515 307
308 309
491 308
308 515
309 310
309 491
681 309
310 311
310 681
311 312
629 311
311 681
312 313
312 627
312 629
313 314
627 313
314 315
314 622
314 627
314 630
315 316
315 630
316 317
316 630
317 318
630 317
317 631
318 319
521 318
318 631
319 320
521 319
319 548
320 321
548 320
321 322
548 321
322 323
322 548
566 322
323 324
566 323
324 325
324 549
324 566
325 326
549 325
325 641
326 327
326 641
649 326
327 328
327 649
328 329
328 649
329 330
647 329
649 329
330 331
330 647
330 689
331 332
689 331
332 333
689 332
333 334
333 648
689 333
334 335
334 648
335 336
335 648
711 335
336 337
711 336
337 338
337 711
715 337
338 339
715 338
339 340
715 339
340 341
340 714
340 715
340 716
341 342
341 716
342 343
342 716
343 344
343 716
343 719
344 345
719 344
345 346
345 718
719 345
346 347
346 718
347 348
718 347
348 349
348 350
718 348
349 350
350 351
718 350
351 352
718 351
352 353
718 352
353 354
353 718
353 720
354 355
660 354
354 669
354 720
355 356
669 355
356 357
356 669
357 358
669 357
357 671
358 359
671 358
359 360
359 671
731 359
360 361
360 731
361 362
361 731
362 363
362 731
363 364
729 363
363 731
363 750
364 365
750 364
365 366
365 750
366 367
750 366
367 368
367 747
750 367
765 367
368 369
368 765
369 370
765 369
370 371
370 765
370 767
371 372
371 767
372 373
761 372
767 372
373 374
761 373
374 375
761 374
375 376
375 761
376 377
376 744
745 376
376 761
377 378
377 745
378 379
378 745
379 380
741 379
379 742
379 745
380 381
380 742
381 382
381 742
382 383
382 738
382 740
742 382
383 384
740 383
384 385
740 384
385 386
606 385
385 740
386 387
386 606
387 388
606 387
388 389
388 604
388 606
389 390
392 389
389 393
604 389
390 391
392 390
391 392
392 393
393 394
604 393
394 395
604 394
395 396
399 395
395 604
396 397
396 399
397 398
397 399
398 399
399 400
604 399
400 401
604 400
401 402
401 604
401 605
402 403
402 605
403 404
494 403
605 403
403 739
404 405
404 739
405 406
739 405
406 407
406 739
407 408
407 738
407 739
743 407
408 409
743 408
409 410
743 409
410 411
741 410
743 410
746 410
411 412
746 411
412 413
746 412
413 414
413 744
413 746
413 762
414 415
414 762
415 416
415 762
416 417
416 762
416 766
417 418
766 417
418 419
418 766
419 420
419 763
764 419
419 766
420 421
420 764
421 422
421 764
422 423
422 748
422 764
423 424
748 423
424 425
424 748
424 749
425 426
425 749
426 427
426 730
749 426
427 428
427 730
428 429
428 672
428 693
730 428
429 430
693 429
429 704
723 429
430 431
430 723
431 432
723 431
725 431
432 433
432 725
433 434
433 725
434 435
724 434
725 434
435 436
724 435
435 726
436 437
436 726
437 438
726 437
437 755
438 439
755 438
439 440
755 439
440 441
440 754
440 755
756 440
441 442
756 441
442 443
442 756
443 444
443 751
443 756
444 445
751 444
444 753
445 446
445 753
446 447
753 446
447 448
447 735
736 447
753 447
448 449
736 448
449 450
449 736
450 451
732 450
450 734
450 736
451 452
451 734
452 453
734 452
453 454
598 453
453 734
454 455
598 454
455 456
455 598
456 457
456 596
456 598
457 458
596 457
458 459
460 458
461 458
462 458
458 596
459 460
460 461
461 462
462 463
596 462
463 464
463 596
599 463
464 465
464 599
465 466
465 599
505 467
535 467
467 542
543 467
562 467
467 563
467 580
468 519
522 468
468 523
468 612
468 618
468 620
577 469
582 469
469 583
469 586
644 469
470 670
671 470
672 470
730 470
470 731
471 661
471 664
673 471
679 471
471 694
471 702
472 487
472 533
472 544
472 555
472 556
564 472
523 473
618 473
622 473
473 630
631 473
473 632
497 474
518 474
474 524
526 474
474 550
474 571
475 518
475 519
607 475
608 475
475 610
612 475
476 498
476 530
476 532
552 476
572 476
573 476
477 528
546 477
547 477
477 549
567 477
477 584
644 477
478 585
586 478
587 478
588 478
645 478
650 478
690 478
658 479
479 660
479 661
479 669
479 670
479 694
695 479
591 480
480 593
480 654
659 480
480 665
480 668
665 481
666 481
481 667
481 675
481 676
677 481
578 482
591 482
482 594
666 482
668 482
482 691
483 651
483 652
483 656
483 657
483 710
713 483
587 484
651 484
690 484
484 710
484 711
714 484
484 715
485 657
485 658
485 660
713 485
717 485
485 720
486 500
486 504
509 486
486 555
637 486
642 486
487 533
487 544
545 487
558 487
488 597
598 488
733 488
734 488
489 600
489 639
640 489
724 490
490 726
490 727
490 755
758 490
515 491
491 602
491 681
492 515
492 603
493 516
517 493
494 605
494 606
494 739
740 494
495 501
495 510
537 495
495 539
561 495
495 562
496 512
496 541
542 496
496 561
496 625
626 496
518 497
550 497
551 497
607 497
530 498
498 552
568 498
567 499
641 499
499 646
647 499
499 649
500 533
555 500
557 500
500 637
501 510
511 501
501 534
537 501
636 502
508 503
503 512
503 513
514 503
543 503
503 563
504 509
504 536
637 504
505 506
510 505
505 534
505 535
562 505
506 509
506 534
506 535
506 559
507 511
537 507
507 560
613 507
614 507
615 507
508 512
508 513
509 536
509 559
642 509
534 510
510 562
511 537
560 511
512 541
542 512
563 512
514 513
565 513
543 514
514 544
564 514
514 565
517 638
518 519
518 524
518 607
522 519
524 519
612 519
520 522
520 523
520 524
520 526
527 520
632 520
521 527
521 528
548 521
631 521
521 632
523 522
524 522
523 618
523 632
526 524
526 525
527 525
525 546
525 570
571 525
525 643
526 527
571 526
528 527
527 546
632 527
546 528
548 528
549 528
566 528
550 529
529 551
529 568
569 529
571 529
529 581
532 530
530 579
531 532
554 531
531 574
578 531
590 531
531 592
554 532
573 532
532 574
579 532
555 533
533 557
533 558
559 535
535 580
642 535
537 539
613 537
539 538
538 561
613 538
624 538
625 538
539 561
539 613
540 560
614 540
639 540
640 540
626 541
541 635
684 541
542 561
562 542
542 563
556 543
563 543
564 543
543 580
544 545
564 544
565 544
565 545
546 547
546 643
547 583
547 643
644 547
566 548
566 549
549 567
549 641
550 551
571 550
551 569
552 568
572 552
581 552
573 553
574 553
553 576
577 553
553 582
578 554
579 554
595 554
555 556
555 642
556 564
556 580
642 556
558 557
559 642
560 614
561 562
561 625
584 567
641 567
567 646
568 569
581 568
570 571
572 570
570 581
583 570
570 643
581 571
572 573
581 572
572 582
583 572
573 574
573 582
574 576
590 574
575 576
577 575
585 575
575 588
589 575
590 575
655 575
576 577
576 590
582 577
577 585
586 577
578 591
578 592
578 594
595 578
580 642
582 583
643 583
644 583
584 586
644 584
584 645
646 584
586 585
585 588
586 644
586 645
587 588
651 587
655 587
587 690
588 655
589 590
589 593
652 589
654 589
589 655
592 590
590 593
591 592
593 591
668 591
592 593
593 654
595 594
691 594
597 596
596 598
599 596
597 598
599 597
597 733
598 734
680 600
601 602
601 628
601 629
634 601
601 681
602 634
681 602
603 682
604 605
604 606
605 606
606 740
608 607
610 608
611 608
609 610
609 611
609 612
613 609
609 615
609 619
611 610
610 612
614 611
615 611
619 612
620 612
615 613
616 613
619 613
613 624
615 614
639 614
616 618
616 619
616 620
623 616
616 624
617 618
617 622
623 617
617 627
617 628
617 633
618 620
618 622
618 623
619 620
621 623
624 621
621 625
621 626
621 633
684 621
627 622
630 622
624 623
633 623
624 625
626 625
684 626
628 627
627 629
629 628
628 633
628 634
628 684
629 681
630 631
632 631
684 633
634 635
634 684
635 684
685 636
688 638
640 639
641 649
645 646
645 647
650 645
689 645
646 647
649 647
647 689
648 650
648 689
690 648
648 711
689 650
650 690
652 651
655 651
651 710
652 654
652 655
656 652
656 653
653 659
662 653
653 663
653 664
673 653
656 654
654 659
663 654
656 657
662 656
663 656
657 658
657 662
657 713
660 658
658 661
658 662
663 659
659 664
659 665
659 675
669 660
720 660
662 661
661 673
694 661
662 673
664 673
664 675
679 664
666 665
668 665
675 665
666 667
668 666
691 666
667 676
667 678
667 691
670 669
669 671
670 671
670 672
695 670
671 731
693 672
672 695
730 672
675 674
674 677
679 674
674 701
706 674
675 677
679 675
677 676
678 676
706 677
701 679
702 679
696 680
682 683
683 697
685 686
687 686
687 699
688 698
690 711
693 692
694 692
695 692
702 692
703 692
704 692
693 695
704 693
695 694
694 702
696 707
697 698
708 699
703 700
700 704
705 700
721 700
700 722
700 723
701 702
701 703
705 701
706 701
703 702
704 703
703 705
704 723
705 706
705 722
708 707
710 709
709 713
709 714
716 709
709 717
709 719
713 710
714 710
715 711
712 721
712 723
724 712
712 725
712 727
728 712
713 717
714 715
714 716
716 719
718 717
719 717
717 720
719 718
718 720
722 721
721 723
728 721
725 723
725 724
724 726
727 724
726 755
727 728
729 730
731 729
729 748
729 749
750 729
730 731
730 749
733 732
734 732
736 732
737 732
734 733
736 735
735 737
752 735
753 735
736 737
739 738
740 738
742 738
738 743
740 739
742 741
741 743
745 741
746 741
742 743
745 744
746 744
744 761
762 744
746 745
747 748
747 750
763 747
764 747
747 765
749 748
750 748
748 764
751 752
751 753
751 756
751 757
753 752
755 754
754 756
754 757
754 758
754 759
758 755
757 756
757 759
759 758
761 760
762 760
760 763
766 760
767 760
762 761
767 761
762 766
763 764
765 763
763 766
767 763
767 765
