635
278 506
273 502
271 497
271 492
273 487
273 482
274 477
272 472
271 467
270 462
268 457
267 452
266 447
265 442
263 437
262 432
261 427
260 422
259 417
257 412
258 407
259 402
260 397
261 392
262 387
263 382
265 377
265 372
266 367
267 362
267 357
266 352
264 347
263 342
262 337
261 332
259 327
258 322
258 317
258 312
257 307
256 302
256 297
255 292
255 287
255 282
254 277
254 272
254 267
254 262
254 257
253 252
251 247
247 250
247 255
247 260
247 265
247 270
247 275
247 280
246 285
245 290
246 295
246 300
245 305
246 310
245 315
243 320
242 325
241 330
241 335
241 340
241 345
240 350
240 355
242 360
244 365
245 370
247 375
249 380
250 385
252 390
253 395
253 400
253 405
253 410
253 415
250 420
251 425
250 430
249 435
249 440
249 445
247 450
247 455
246 460
246 465
245 470
245 475
244 480
245 485
248 490
249 495
249 500
244 503
239 505
234 505
229 503
224 500
223 495
226 491
229 486
232 482
235 477
236 472
237 467
237 462
236 457
234 452
232 447
232 442
231 437
231 432
230 427
229 422
228 417
223 415
224 410
225 405
225 400
224 395
224 390
224 385
224 380
223 375
223 370
224 365
224 360
223 355
222 350
220 345
219 340
218 335
217 330
216 325
215 320
214 315
214 310
212 305
211 300
209 295
209 290
207 285
207 280
205 275
206 270
205 265
205 260
205 255
206 250
205 245
205 240
205 235
205 230
205 225
205 220
205 215
207 210
209 205
212 200
215 196
218 191
221 186
225 181
228 177
230 172
230 167
229 162
227 157
226 152
223 147
221 142
216 139
212 135
210 131
210 126
211 121
214 116
210 114
205 113
200 112
195 112
190 112
185 111
180 111
175 110
170 110
165 109
160 108
155 108
150 108
145 107
140 107
135 106
130 105
125 104
120 104
115 104
110 104
105 105
100 106
95 106
90 106
85 106
80 106
75 106
70 104
65 104
60 104
55 104
50 104
45 104
40 106
35 108
30 108
25 108
20 108
15 108
15 104
10 104
5 103
5 100
10 99
15 99
20 99
25 99
30 99
35 99
40 99
45 99
50 98
55 96
60 96
65 95
70 95
75 94
80 94
85 94
90 94
95 94
100 94
105 94
110 94
115 95
120 95
125 96
130 96
135 97
140 98
145 98
150 98
155 98
160 97
165 97
170 97
175 97
180 97
185 98
190 98
195 98
200 98
205 97
210 97
215 97
220 96
225 96
230 96
235 96
239 94
239 89
239 84
237 79
232 78
227 74
223 70
219 65
215 62
211 58
209 53
209 48
211 44
215 39
218 34
221 31
216 30
216 25
216 20
218 16
221 12
226 8
231 9
236 6
241 8
246 7
251 6
256 6
261 7
266 11
267 16
269 21
272 24
268 27
263 27
268 31
270 36
272 41
273 46
278 48
278 53
276 58
271 61
269 66
266 71
262 75
257 78
255 83
255 88
256 93
259 96
264 96
269 96
274 96
279 96
284 97
289 98
294 98
299 98
304 99
309 99
314 99
319 99
324 99
329 99
334 98
339 97
344 97
349 98
354 98
359 96
364 96
369 95
374 95
379 95
384 94
389 94
394 94
399 95
404 96
409 96
414 97
419 97
424 97
429 97
434 97
439 97
444 97
449 96
454 96
459 96
464 96
469 96
474 96
479 96
484 96
489 96
494 96
499 96
503 97
499 100
494 102
489 103
487 107
482 106
477 106
472 105
467 105
462 104
457 104
452 105
447 105
442 105
437 105
432 104
427 104
422 105
417 106
412 108
407 108
402 108
397 108
392 108
387 109
382 109
377 109
372 109
367 108
362 108
357 107
352 106
347 108
342 108
337 109
332 110
327 112
322 112
317 113
312 114
307 114
302 114
297 114
292 114
287 114
285 117
287 122
288 127
288 132
285 136
280 139
276 144
275 149
273 154
271 159
270 164
270 169
270 174
274 179
278 184
280 189
284 193
288 198
290 203
293 207
295 212
294 217
293 222
293 227
294 232
294 237
294 242
294 247
295 252
295 257
295 262
294 267
294 272
294 277
294 282
294 287
293 292
293 297
293 302
293 307
293 312
293 317
291 322
290 327
290 332
289 337
288 342
287 347
287 352
286 357
286 362
287 367
287 372
287 377
287 382
287 387
287 392
286 397
286 402
287 407
287 412
287 417
283 421
282 426
282 431
282 436
282 441
282 446
282 451
282 456
282 461
282 466
282 471
282 476
283 481
284 486
287 491
289 496
293 499
293 504
288 505
283 506
279 506
248.836 133.766
234.457 222.5
226 263.4
249.623 160.475
272.144 241.442
261.476 211.524
245.659 193.369
237.681 25.3095
241.304 51.2565
227 291.6
229.903 310
239.95 411.535
272.307 410.619
275.5 313.7
220.021 217.804
218.348 273.815
237.791 64.9171
254.264 41.017
215.46 263.675
232.597 276.265
277.771 214.065
227.225 21.9549
232.196 204.911
222.396 235.038
228.353 55.2078
253.264 61.614
246.699 72.4814
236.346 266.219
224.289 281.922
229.161 214.241
221.123 206.468
225.387 225.845
231.14 41.1408
251.801 51.2202
262.34 48.3656
222.193 46.6779
230.522 31.6186
242.694 39.6949
262.013 57.8748
237.285 493.771
222.563 301.729
234.727 299.81
238.973 397.346
233.983 404.818
271.372 421.953
273 397.623
250.168 28.7335
246.343 18.2006
256.824 18.5268
235.577 286.042
267.529 226.227
280.266 226.56
259.654 236.924
262.935 247.378
276.93 258.98
245.081 233.162
265.409 258.635
270.696 274.646
268.961 217.04
233.719 233.859
229.524 248.542
248.732 218.899
256.618 226.442
263.588 268.114
217.573 246.217
238.765 243.242
236.731 255.916
249.678 205.835
240.601 211.744
241.131 201.71
232.58 191.914
214.113 254.655
224.901 197.656
223.116 254.869
271.482 200.874
258.902 195.98
280.423 204.706
255.119 180.278
268.466 190.013
274.8 385.459
282.736 237.565
280.74 248.518
281.978 270.062
241.359 180.298
248.226 171.527
258.763 167.245
240.197 164.898
264.418 181.545
276 374.288
276.5 364.482
247.193 113.073
247.967 101.444
266.439 124.35
276.901 128.267
229 323.106
229.5 334.602
230.776 344.749
275.319 328.451
281.483 321.15
268.238 320.988
275.5 340.991
276.5 351.457
236.917 384.587
234.244 373.573
233.449 364.116
231.495 124.731
262.614 138.362
252.065 147.037
257.899 129.547
262.888 149.448
237.879 143.46
240.828 153.985
238.278 132.872
242.182 122.723
228.075 134.476
220.812 126.454
261.637 110.483
255.75 119.227
273.176 114.252
279.949 106.48
227.658 110.526
237.141 113.98
218.196 106.695
238.999 104.641
274.5 295.133
281.713 304.055
268.268 304.779
266.884 285.95
280.753 283.375
97.7778 102.538
635
280.426 501.969
279.362 499.219
277.867 496.561
277.756 494.37
277.14 488.923
277.734 482.18
278.247 476.241
277.424 470.679
276.844 466.495
277.491 473.2
0 0
274.864 451.738
274.218 446.824
272.65 439.046
272.107 436.53
271.109 430.861
270.948 425.01
270.786 418.98
270.715 414.124
270.677 411.852
270.783 410.263
271.128 408.127
272.31 400.777
273.307 395.097
273.803 392.341
275.158 384.762
276.175 378.517
276.998 372.86
277.191 368.865
277.285 363.302
276.933 356.551
276.482 349.591
275.9 344.54
275.473 340.584
275.223 335.171
274.891 328.65
274.897 324.147
274.899 322.183
274.892 318.711
274.882 315.749
274.859 306.319
274.468 301.5
274.037 296.352
273.963 291.583
273.858 287.51
274.452 282.281
274.963 277.992
275.627 274.669
276.312 271.368
277.417 265.234
278.705 253.242
278.616 230.712
254.129 214.055
225.3 222.432
218.953 250.284
220.423 262.777
222.16 270.089
223.817 274.114
225.385 278
226.167 280.926
227.044 284.727
228.895 295.082
229.421 298.216
230.018 301.812
230.312 306.682
230.556 310.418
230.308 312.373
230.001 314.669
228.847 323.457
228.977 330.432
229.18 336.869
229.776 341.331
230.203 344.722
230.867 349.528
231.323 352.843
232.761 363.268
233.362 367.569
233.993 372.292
235.532 378.556
236.825 383.555
238.513 391.519
239.06 394.183
239.849 397.409
239.809 400.801
239.696 402.996
239.367 409.29
239.525 411.708
240.278 417.095
240.991 425.02
240.829 429.694
240.447 435.665
240.051 441.38
239.979 445.116
0 0
241.461 455.27
241.774 460.253
241.75 464.857
241.251 469.214
240.642 472.825
239.219 479.898
237.584 489.774
241.724 496.522
244.163 497.415
246.65 498.327
240.609 496.112
237.353 494.89
235.312 495.404
233.072 496.559
225.757 497.505
225.333 497.559
229.734 496.776
236.986 493.259
237.737 488.919
239.596 478.649
240.769 472.114
241.667 463.875
241.775 461.166
241.53 455.597
240.124 449.917
240.003 446.731
239.964 444.065
240.062 441.933
240.397 428.823
240.467 419.981
239.917 414.566
239.314 410.659
231.744 412.396
236.101 411.401
238.558 407.291
239.969 400.06
239.011 393.992
238.522 391.604
236.867 383.759
235.303 377.659
234.031 372.629
233.677 369.82
233.091 365.652
232.193 359.148
231.674 355.385
230.596 347.566
229.955 342.783
229.485 339.044
229.032 334.615
228.955 329.409
228.807 324.256
229.659 317.224
229.957 314.948
230.448 308.768
230.056 302.143
229.217 296.99
228.416 292.167
227.466 287.132
226.278 281.318
224.781 276.715
223.533 272.989
222.212 269.654
220.203 264.552
219.297 260.964
218.331 257.312
219.078 248.331
220.292 239.089
221.725 232.848
223.304 225.584
223.978 219.751
223.513 215.649
221.861 213.779
220.956 213.332
221.635 213.417
223.444 211.414
225.33 209.982
228.657 208.244
233.287 205.867
239.049 203.357
245.055 198.346
246.951 195.279
250.924 178.8
250.733 165.367
250.386 153.127
250.046 144.092
249.065 135.174
245.167 125.38
238.806 118.073
226.381 122.093
214.85 127.931
211.325 129.714
217.204 126.741
231.53 119.475
231.501 114.17
216.719 107.141
204.843 102.155
199.24 103.812
200.914 103.273
190.123 105.335
185.44 104.772
180.471 104.171
175.011 103.536
170.45 103.156
165.295 102.736
162.142 103.227
154.889 102.869
150.16 103.187
147.507 103.025
140.285 102.481
134.906 101.492
136.204 101.731
125.091 99.8292
119.939 99.4683
121.296 99.5732
206.222 103.111
102.33 99.6001
99.5806 99.885
98.7869 99.9043
90.0639 100.131
84.7184 100.111
74.0317 99.6802
75.9208 99.8334
70.4919 99.3826
64.7751 99.3893
62.2745 99.6072
55.0664 100.325
52.6793 100.613
44.9613 101.557
38.7857 102.536
34.3732 103.236
30.383 103.809
20.0295 102.84
18.725 103.046
17.0337 102.688
16.7931 102.634
9.80862 101.297
5.08846 101.388
5.11243 101.388
7.44303 101.339
12.4517 102.053
18.9717 103.065
24.8471 103.441
30.3476 103.809
34.8643 103.16
65.7778 103.111
45.2992 101.508
50.7257 100.848
55.4942 100.274
59.9906 99.8043
65.0096 99.3796
70.229 99.3741
75.5388 99.8007
79.5456 100.151
83.5579 99.8465
90.0409 100.131
95.2571 100.208
99.9599 99.8501
105.35 99.2804
109.804 98.8033
114.813 99.1493
119.728 99.4551
124.719 99.7861
129.497 100.476
133.925 101.307
139.86 102.413
144.836 102.847
149.966 103.186
155.217 102.841
160.286 102.329
164.684 102.688
179.912 104.183
174.624 103.497
177.352 103.807
187.311 104.997
189.884 105.307
194.631 105.002
199.592 103.716
204.622 102.125
209.457 103.856
215.497 106.564
219.886 108.51
225.004 110.958
233.248 114.917
240.153 115.651
246.107 113.488
246.886 92.1552
247.461 76.4191
247.99 61.8487
247.113 57.9729
246.162 55.525
244.244 52.7116
237.659 49.7603
228.133 50.6478
221.645 51.4684
211.202 52.7835
213.633 52.48
216.564 52.114
237.428 48.8497
241.284 41.0437
237.964 31.4338
224.039 16.8399
224.448 17.3777
223.388 16.649
223.478 16.7368
226.244 19.2033
226.936 19.8117
235.191 26.6763
236.982 27.8881
241.204 30.8051
248.089 24.9077
252.798 19.3312
257.957 13.232
259.844 11.0047
258.763 12.281
253.814 18.1789
260.923 22.8895
273.395 22.7718
257.757 21.9295
235.399 28.2845
245.5 40.1164
246.432 48.8915
250.565 54.4311
0 0
279.05 52.8422
276.271 53.1679
268.157 54.1222
255.077 55.6382
251.554 56.8888
250.488 57.5065
249.861 57.849
248.023 61.3768
247.482 75.8432
246.932 87.8525
248.759 116.034
251.178 116.714
260.642 116.491
276.264 108.586
276.135 108.637
281.242 105.792
283.811 105.289
286.392 104.476
294.901 103.356
299.005 104.687
291.142 104.647
308.578 106.81
310.797 106.801
314.538 106.598
331.899 104.243
330.22 104.769
336.066 103.25
340.181 102.624
343.504 102.342
348.194 102.181
354.882 102.003
359.78 101.872
364.003 101.916
368.964 102.011
377.778 101.923
380.684 101.811
389.943 100.989
389.336 100.975
393.364 100.829
411.117 101.796
403.349 101.907
408.501 102.65
414.238 102.062
419.52 101.253
424.375 100.528
429.013 100.409
433.847 100.75
438.076 101.034
444.364 100.891
449.542 100.552
453.98 100.241
458.932 100.079
463.871 100.138
468.766 100.389
473.854 100.644
479.395 100.816
484.503 100.768
488.988 99.8146
494.54 98.6341
499.397 97.6044
502.943 96.8528
500.952 97.2748
493.243 98.9109
489.124 99.7619
485.378 100.527
484.041 100.797
467.491 100.376
470.546 100.479
468.036 100.352
460.418 100.11
457.704 100.1
452.702 100.329
471.252 100.142
443.098 100.95
437.359 101.011
431.748 100.614
427.905 100.363
417.744 101.528
415.837 101.819
411.386 102.491
407.866 102.573
402.8 101.824
397.303 101.012
392.407 100.816
386.241 101.288
381.756 101.732
376.794 102.003
372.246 102.068
365.55 101.948
363.051 101.902
435.222 100.789
349.333 101.333
344.731 102.294
341.001 102.518
336.355 103.181
330.53 104.692
326.013 105.585
321.711 106.087
316.005 106.593
311.688 106.865
307.812 106.77
303.317 106.288
298.883 104.643
294.018 103.268
284.667 104.918
270.625 111.719
263.83 119.113
280.676 126.671
282.709 127.572
282.101 127.303
260.199 118.954
251.964 123.959
250.535 133.06
249.818 139.536
250.314 154.468
250.474 159.634
250.998 171.146
251.941 183.177
254.239 196.168
256.788 201.439
261.088 204.626
268.91 208.509
275.954 210.442
280.721 210.087
282.173 210.178
285.236 209.779
281.601 210.398
274.122 213.555
273.451 220.047
276.648 225.85
278.515 229.667
278.798 235.294
279.255 242.766
279.051 250.321
278.97 253.218
278.4 260.647
277.295 266.089
276.011 272.587
275.137 277.719
274.325 282.31
274.031 286.226
274.027 288.919
274.186 298.279
274.722 304.476
274.895 309.448
274.913 314.751
274.91 316.139
274.896 319.655
274.877 326.065
275.033 331.411
275.148 333.679
275.524 341.181
276.163 346.895
276.697 351.778
276.948 356.861
277.288 363.289
277.258 367.885
277.153 369.77
276.588 376.045
275.779 380.947
275.005 385.685
274.17 390.301
273.057 396.465
271.349 406.778
270.926 409.395
270.72 411.959
270.728 412.249
270.732 415.081
270.946 424.576
271.14 431.504
272.343 437.614
273.372 442.431
274.282 447.212
274.901 452.027
275.532 456.805
276.183 461.695
276.857 466.586
277.46 470.928
278.249 476.121
278.01 478.992
277.333 489.778
278.662 498.02
284.714 502.119
288.667 502.319
293.758 502.586
284.888 502.121
280.495 501.92
280.413 501.935
248.461 124.275
226.56 211.093
219.827 262.824
250.474 156.902
278.169 229.227
259.691 207.896
248.569 197.118
239.338 31.3236
245.096 50.4825
228.586 293.361
230.039 314.045
0 0
272.974 401.776
274.899 312.205
222.883 213.25
223.221 272.348
245.351 54.1636
245.333 41.7778
220.206 264.515
222.712 270.816
278.384 210.842
227.2 19.8754
232.806 206.863
223.825 222.263
239.592 49.6155
249.522 57.2469
248.54 58.504
220.761 265.114
226.413 281.834
229.366 210.456
224.627 210.675
224.629 215.633
242.523 44.2223
246.45 51.7038
251.406 55.7043
240.72 49.0262
239.45 33.2498
242.104 42.2656
251.894 56.5854
240 489.778
230.045 302.021
229.391 304.371
239.809 400.985
239.055 406.372
271.018 427.017
273.522 394.025
245.341 29.1804
246.641 26.6169
255.77 15.8304
227.952 289.705
267.397 215.066
274.801 222.486
272.422 212.624
279.111 231.111
277.263 264.41
0 0
278.677 257.903
275.927 273.384
262.647 209.769
225.843 216.289
222.268 230.414
248.649 206.08
258.659 210.159
275.988 272.932
220.147 240.08
222.222 234.667
0 0
249.184 203.522
240.533 207.016
243.877 202.74
240.891 204.884
218.333 256.288
230.799 207.177
218.337 253.844
265.746 207.168
251.712 198.884
275.459 210.456
251.78 186.481
256.304 201.091
274.928 385.426
278.367 229.332
279.003 238.943
276.472 270.412
250.666 195.368
250.937 173.778
249.778 174.222
250.513 157.818
253.41 193.738
276.96 372.266
277.25 366.321
246.498 116.903
246.227 114.884
257.867 119.245
262.373 118.854
228.891 326.629
229.047 333.229
229.133 331.817
275.015 330.48
274.893 320.473
0 0
275.461 338.942
279.111 350.222
238.819 394.765
234.041 372.588
232 351.111
238.075 117.423
248.505 126.337
249.653 136.646
252.049 122.21
250.11 139.951
246.923 128.881
250.087 144.561
243.983 122.015
244.009 120.531
247.111 115.556
232.266 119.113
286.222 102.222
252.068 119.213
264.234 115.289
280.417 106.24
221.177 116.196
240.053 116.353
221.464 109.303
240.537 116.045
274.126 295.477
274.848 306.251
274.786 305.349
273.879 287.09
274.079 291.252
136 102.222
1396
0 0
0 0
0 0
0 0
0 0
0 0
0 0
0 0
0 0
0 0
0 0
0 0
0 0
0 0
0 0
0 0
0 0
0 0
0 0
0 0
0 0
0 0
0 0
0 0
0 0
0 0
0 0
0 0
0 0
0 0
0 0
0 0
0 0
0 0
0 0
0 0
0 0
0 0
0 0
0 0
0 0
497 606
0 0
0 0
0 0
0 0
0 0
0 0
0 0
0 0
0 0
0 0
0 0
0 0
0 0
0 0
0 0
0 0
0 0
0 0
0 0
0 0
0 0
0 0
0 0
0 0
0 0
0 0
0 0
0 0
0 0
0 0
0 0
0 0
0 0
0 0
0 0
0 0
0 0
0 0
0 0
0 0
0 0
0 0
0 0
0 0
0 0
0 0
0 0
0 0
606 558
0 0
0 0
0 0
0 0
0 0
0 0
0 0
0 0
0 0
0 0
0 0
0 0
0 0
0 0
0 0
0 0
0 0
0 0
0 0
0 0
0 0
0 0
0 0
0 0
0 0
0 0
0 0
0 0
0 0
0 0
0 0
0 0
0 0
0 0
0 0
0 0
0 0
0 0
0 0
0 0
0 0
0 0
558 590
0 0
590 570
0 0
0 0
0 0
0 0
0 0
0 0
0 0
0 0
0 0
0 0
0 0
0 0
0 0
0 0
0 0
0 0
0 0
0 0
0 0
570 609
0 0
0 0
0 0
0 0
0 0
0 0
0 0
0 0
0 0
0 0
0 0
0 0
0 0
0 0
0 0
0 0
0 0
0 0
0 0
0 0
0 0
0 0
0 0
0 0
0 0
0 0
0 0
0 0
0 0
0 0
0 0
0 0
0 0
0 0
0 0
0 0
0 0
0 0
0 0
0 0
0 0
0 0
0 0
0 0
0 0
0 0
0 0
0 0
0 0
0 0
0 0
0 0
0 0
0 0
0 0
0 0
0 0
0 0
0 0
0 0
0 0
0 0
0 0
609 544
0 0
0 0
0 0
0 0
0 0
0 0
0 0
0 0
0 0
0 0
0 0
0 0
0 0
0 0
0 0
0 0
0 0
0 0
0 0
0 0
0 0
0 0
0 0
0 0
0 0
0 0
0 0
0 0
0 0
0 0
0 0
0 0
0 0
0 0
0 0
0 0
0 0
0 0
0 0
0 0
0 0
0 0
0 0
0 0
0 0
0 0
0 0
0 0
0 0
0 0
0 0
0 0
0 0
0 0
0 0
0 0
0 0
0 0
0 0
0 0
0 0
0 0
0 0
0 0
0 0
0 0
0 0
0 0
0 0
0 0
0 0
0 0
0 0
0 0
0 0
0 0
0 0
0 0
0 0
0 0
0 0
0 0
0 0
0 0
0 0
0 0
0 0
0 0
0 0
0 0
0 0
0 0
0 0
0 0
0 0
0 0
0 0
0 0
0 0
0 0
0 0
0 0
0 0
0 0
0 0
0 0
0 0
0 0
0 0
0 0
0 0
0 0
0 0
0 0
0 0
0 0
0 0
0 0
0 0
0 0
0 0
0 0
0 0
0 0
0 0
0 0
0 0
0 0
0 0
0 0
0 0
0 0
0 0
0 0
0 0
0 0
0 0
0 0
0 0
0 0
0 0
0 0
0 0
0 0
0 0
0 0
0 0
0 0
0 0
0 0
0 0
0 0
0 0
0 0
0 0
0 0
0 0
0 0
0 0
0 0
0 0
0 0
0 0
0 0
0 0
0 0
0 0
0 0
0 0
0 0
0 0
0 0
0 0
0 0
0 0
0 0
0 0
0 0
0 0
0 0
0 0
0 0
0 0
0 0
0 0
0 0
0 0
0 0
0 0
0 0
0 0
0 0
0 0
0 0
0 0
0 0
0 0
0 0
0 0
0 0
0 0
0 0
0 0
0 0
0 0
0 0
0 0
0 0
0 0
0 0
0 0
0 0
0 0
590 619
0 0
0 0
0 0
0 0
0 0
0 0
0 0
0 0
0 0
0 0
0 0
0 0
0 0
0 0
0 0
0 0
0 0
0 0
0 0
0 0
0 0
0 0
0 0
0 0
619 208
0 0
0 0
0 0
0 0
0 0
0 0
0 0
0 0
0 0
0 0
0 0
0 0
0 0
0 0
0 0
0 0
0 0
0 0
0 0
0 0
0 0
0 0
0 0
0 0
0 0
0 0
0 0
0 0
0 0
0 0
0 0
0 0
0 0
0 0
0 0
0 0
0 0
0 0
0 0
0 0
0 0
0 0
0 0
0 0
0 0
0 0
0 0
0 0
0 0
0 0
0 0
0 0
0 0
0 0
0 0
0 0
0 0
0 0
0 0
0 0
0 0
0 0
0 0
0 0
0 0
0 0
0 0
0 0
0 0
0 0
0 0
0 0
0 0
0 0
0 0
0 0
0 0
0 0
0 0
0 0
0 0
0 0
0 0
0 0
0 0
0 0
0 0
0 0
0 0
0 0
0 0
0 0
0 0
0 0
0 0
0 0
0 0
0 0
0 0
0 0
0 0
0 0
0 0
0 0
0 0
0 0
0 0
0 0
0 0
0 0
0 0
0 0
0 0
0 0
0 0
0 0
0 0
0 0
0 0
0 0
0 0
0 0
0 0
0 0
0 0
0 0
0 0
0 0
0 0
0 0
0 0
0 0
0 0
0 0
0 0
0 0
0 0
0 0
0 0
0 0
0 0
0 0
0 0
0 0
0 0
0 0
0 0
0 0
0 0
0 0
0 0
0 0
0 0
0 0
0 0
0 0
0 0
0 0
0 0
0 0
0 0
0 0
0 0
0 0
0 0
0 0
0 0
0 0
0 0
0 0
0 0
0 0
0 0
0 0
0 0
0 0
0 0
0 0
0 0
0 0
0 0
0 0
0 0
0 0
0 0
0 0
0 0
0 0
619 522
0 0
0 0
0 0
0 0
0 0
0 0
0 0
0 0
0 0
0 0
0 0
0 0
0 0
0 0
0 0
0 0
0 0
0 0
0 0
0 0
0 0
0 0
0 0
0 0
0 0
0 0
0 0
0 0
0 0
0 0
0 0
0 0
0 0
0 0
0 0
0 0
0 0
0 0
0 0
0 0
0 0
0 0
0 0
0 0
0 0
0 0
0 0
0 0
0 0
0 0
0 0
0 0
0 0
0 0
0 0
0 0
0 0
0 0
0 0
0 0
0 0
0 0
0 0
0 0
0 0
0 0
0 0
0 0
0 0
0 0
0 0
0 0
0 0
0 0
0 0
0 0
0 0
0 0
0 0
0 0
0 0
0 0
0 0
0 0
0 0
0 0
0 0
0 0
0 0
0 0
0 0
0 0
0 0
0 0
0 0
0 0
0 0
0 0
0 0
0 0
0 0
0 0
0 0
0 0
0 0
0 0
0 0
0 0
0 0
0 0
0 0
619 621
0 0
0 0
0 0
0 0
0 0
0 0
0 0
0 0
0 0
0 0
621 408
0 0
0 0
0 0
0 0
0 0
0 0
0 0
0 0
0 0
0 0
0 0
0 0
0 0
0 0
0 0
0 0
0 0
0 0
0 0
0 0
0 0
0 0
0 0
0 0
0 0
0 0
0 0
0 0
0 0
0 0
0 0
0 0
0 0
0 0
0 0
0 0
0 0
0 0
0 0
0 0
408 407
0 0
0 0
0 0
0 0
0 0
0 0
0 0
0 0
0 0
0 0
0 0
0 0
0 0
0 0
0 0
0 0
0 0
0 0
0 0
0 0
0 0
0 0
0 0
0 0
0 0
0 0
0 0
0 0
0 0
0 0
0 0
0 0
0 0
0 0
0 0
0 0
0 0
0 0
0 0
0 0
0 0
0 0
0 0
0 0
0 0
0 0
0 0
0 0
0 0
0 0
0 0
0 0
0 0
0 0
0 0
0 0
0 0
0 0
0 0
0 0
0 0
0 0
0 0
0 0
0 0
0 0
0 0
0 0
0 0
0 0
0 0
0 0
0 0
0 0
0 0
0 0
0 0
0 0
0 0
0 0
0 0
0 0
0 0
0 0
0 0
0 0
0 0
0 0
0 0
0 0
0 0
0 0
0 0
0 0
0 0
0 0
0 0
0 0
0 0
0 0
0 0
0 0
0 0
0 0
0 0
0 0
0 0
0 0
0 0
0 0
0 0
0 0
0 0
0 0
0 0
0 0
0 0
0 0
0 0
0 0
0 0
0 0
0 0
0 0
0 0
0 0
0 0
0 0
0 0
0 0
0 0
0 0
0 0
0 0
0 0
0 0
0 0
0 0
0 0
0 0
0 0
0 0
0 0
0 0
0 0
0 0
0 0
0 0
0 0
0 0
0 0
0 0
0 0
0 0
0 0
0 0
0 0
0 0
0 0
0 0
0 0
0 0
0 0
0 0
0 0
0 0
0 0
0 0
0 0
0 0
0 0
0 0
0 0
0 0
0 0
0 0
0 0
0 0
0 0
0 0
0 0
0 0
0 0
0 0
0 0
0 0
0 0
0 0
0 0
0 0
0 0
0 0
0 0
0 0
0 0
0 0
0 0
0 0
0 0
0 0
0 0
0 0
0 0
0 0
0 0
0 0
0 0
0 0
0 0
0 0
0 0
0 0
0 0
0 0
0 0
0 0
0 0
0 0
0 0
0 0
0 0
0 0
0 0
0 0
0 0
0 0
0 0
0 0
0 0
0 0
0 0
0 0
0 0
0 0
0 0
0 0
0 0
0 0
0 0
0 0
0 0
0 0
0 0
0 0
0 0
0 0
0 0
0 0
0 0
0 0
0 0
0 0
0 0
0 0
0 0
0 0
0 0
0 0
0 0
0 0
0 0
0 0
0 0
0 0
0 0
0 0
0 0
0 0
0 0
0 0
0 0
0 0
0 0
0 0
0 0
0 0
0 0
0 0
0 0
0 0
0 0
0 0
0 0
0 0
0 0
0 0
0 0
0 0
0 0
0 0
0 0
0 0
0 0
0 0
0 0
0 0
0 0
0 0
0 0
0 0
0 0
0 0
0 0
0 0
0 0
0 0
0 0
0 0
0 0
0 0
0 0
0 0
0 0
0 0
0 0
0 0
0 0
0 0
0 0
0 0
0 0
0 0
0 0
0 0
0 0
0 0
0 0
0 0
0 0
0 0
0 0
0 0
0 0
0 0
0 0
0 0
0 0
0 0
0 0
0 0
0 0
0 0
0 0
0 0
0 0
0 0
0 0
0 0
0 0
0 0
0 0
0 0
0 0
0 0
0 0
0 0
0 0
0 0
0 0
0 0
0 0
0 0
0 0
0 0
0 0
0 0
0 0
0 0
0 0
0 0
0 0
0 0
0 0
0 0
0 0
0 0
0 0
0 0
0 0
0 0
0 0
0 0
0 0
0 0
0 0
0 0
0 0
0 0
0 0
0 0
0 0
0 0
0 0
0 0
0 0
0 0
0 0
0 0
0 0
0 0
0 0
0 0
0 0
0 0
0 0
0 0
0 0
0 0
0 0
0 0
0 0
0 0
0 0
0 0
0 0
0 0
0 0
0 0
0 0
0 0
0 0
0 0
0 0
0 0
0 0
0 0
0 0
0 0
0 0
0 0
0 0
0 0
0 0
0 0
0 0
0 0
0 0
0 0
0 0
0 0
0 0
0 0
0 0
0 0
0 0
0 0
0 0
0 0
0 0
0 0
0 0
0 0
0 0
0 0
0 0
0 0
0 0
0 0
0 0
0 0
0 0
0 0
0 0
0 0
0 0
0 0
0 0
0 0
0 0
0 0
0 0
0 0
0 0
0 0
0 0
0 0
0 0
0 0
0 0
0 0
0 0
0 0
0 0
0 0
0 0
0 0
0 0
0 0
0 0
0 0
0 0
0 0
0 0
0 0
0 0
0 0
0 0
0 0
0 0
0 0
0 0
0 0
0 0
0 0
0 0
0 0
0 0
0 0
0 0
0 0
0 0
0 0
0 0
0 0
0 0
0 0
0 0
0 0
0 0
0 0
0 0
0 0
0 0
0 0
0 0
0 0
0 0
0 0
0 0
0 0
0 0
0 0
0 0
0 0
0 0
0 0
0 0
0 0
0 0
0 0
0 0
0 0
0 0
0 0
0 0
0 0
0 0
0 0
0 0
0 0
0 0
0 0
0 0
0 0
0 0
0 0
0 0
0 0
0 0
0 0
0 0
0 0
0 0
0 0
0 0
0 0
0 0
0 0
0 0
0 0
0 0
0 0
0 0
0 0
0 0
0 0
0 0
0 0
0 0
0 0
0 0
0 0
208 634
634 238
1394
0 1
504 0
1 2
1 498
1 499
504 1
2 3
2 498
3 4
497 3
498 3
4 5
4 496
497 4
5 6
5 496
6 7
494 6
495 6
6 496
7 8
7 493
494 7
8 9
8 492
493 8
9 10
9 491
9 492
10 11
10 490
10 491
11 12
489 11
11 490
12 13
12 488
489 12
13 14
13 487
488 13
14 15
14 486
14 487
15 16
486 15
549 15
16 17
549 16
17 18
17 549
18 19
18 517
18 549
19 20
517 19
20 21
20 517
21 22
517 21
21 550
22 23
22 550
23 24
23 550
24 25
24 550
24 584
25 26
25 584
26 27
584 26
593 26
27 28
593 27
28 29
28 593
594 28
29 30
29 594
30 31
594 30
30 606
31 32
31 606
32 33
605 32
32 606
33 34
605 33
34 35
34 602
34 605
35 36
602 35
604 35
36 37
604 36
37 38
37 604
38 39
604 38
39 40
604 39
39 631
40 41
40 631
41 42
631 41
42 43
42 629
631 42
632 42
43 44
43 632
44 45
44 632
45 46
562 45
45 632
46 47
562 46
568 46
47 48
568 47
48 49
48 568
49 50
49 561
568 49
50 51
50 558
561 50
51 52
51 558
52 53
52 557
52 558
560 52
52 570
53 54
53 570
571 53
54 55
54 571
55 56
55 532
571 55
56 57
56 532
57 58
57 532
58 59
58 524
58 532
59 60
59 524
59 554
60 61
60 554
61 62
546 61
61 554
62 63
62 546
63 64
546 63
64 65
64 515
546 64
65 66
65 515
66 67
515 66
67 68
515 67
67 599
68 69
599 68
69 70
69 599
69 600
70 71
70 600
71 72
71 600
601 71
72 73
601 72
73 74
73 601
74 75
74 138
601 74
74 609
75 76
609 75
76 77
608 76
609 76
77 78
77 608
78 79
607 78
608 78
79 80
79 607
80 81
80 547
607 80
81 82
547 81
82 83
82 547
83 84
83 547
84 85
84 516
84 547
85 86
516 85
86 87
86 516
87 88
87 123
87 124
87 516
88 89
88 123
89 90
89 122
123 89
90 91
121 90
122 90
91 92
91 120
91 121
92 93
92 120
93 94
117 93
118 93
93 119
93 120
94 95
94 117
95 96
95 116
95 117
96 97
115 96
96 116
97 98
97 114
97 115
98 99
113 98
114 98
99 100
99 112
113 99
100 101
100 112
100 544
101 102
544 101
102 103
102 104
544 102
103 104
104 105
104 544
105 106
105 544
106 107
544 106
107 108
110 107
544 107
108 109
108 110
109 110
110 111
110 544
111 112
544 111
112 113
544 112
113 114
114 115
115 116
116 117
117 118
118 119
119 120
120 121
121 122
122 123
123 124
124 125
124 516
125 126
127 125
516 125
125 548
126 127
127 128
548 127
128 129
548 128
129 130
547 129
548 129
130 131
130 547
131 132
131 547
607 131
132 133
607 132
133 134
133 607
133 608
134 135
608 134
135 136
135 608
609 135
136 137
609 136
137 138
137 609
138 139
601 138
138 609
139 140
139 601
140 141
140 601
141 142
141 600
601 141
142 143
600 142
143 144
143 599
143 600
144 145
599 144
145 146
515 145
145 599
146 147
515 146
147 148
515 147
147 545
148 149
148 545
149 150
149 545
150 151
150 514
545 150
151 152
151 514
533 151
152 153
533 152
153 154
520 153
533 153
154 155
520 154
155 156
520 155
523 155
156 157
156 523
157 158
523 157
576 157
158 159
158 576
159 160
569 159
576 159
160 161
160 569
161 162
161 528
569 161
162 163
528 162
163 164
163 528
536 163
164 165
519 164
164 536
165 166
519 165
166 167
519 166
167 168
519 167
167 535
168 169
535 168
169 170
169 535
170 171
535 170
170 577
171 172
171 577
172 173
172 575
577 172
173 174
173 575
174 175
174 575
174 588
175 176
175 588
175 591
176 177
176 591
177 178
177 591
616 177
178 179
178 616
179 180
615 179
179 616
180 181
180 615
619 180
181 182
619 181
182 183
619 182
620 182
183 184
183 620
184 185
184 620
185 186
620 185
186 187
620 186
187 188
187 620
625 187
187 627
188 189
188 272
188 627
189 190
189 270
271 189
272 189
190 191
190 270
191 192
268 191
269 191
270 191
192 193
268 192
193 194
193 267
193 268
194 195
194 266
194 267
195 196
264 195
195 265
266 195
196 197
264 196
197 198
263 197
197 264
198 199
198 261
262 198
263 198
199 200
199 260
199 261
200 201
260 200
201 202
201 258
259 201
260 201
202 203
202 258
203 204
203 257
258 203
204 205
204 256
204 257
205 206
205 255
256 205
206 207
206 253
254 206
206 255
207 208
207 253
208 209
208 251
252 208
253 208
209 210
250 209
251 209
210 211
210 249
210 250
211 212
211 248
249 211
212 213
247 212
248 212
213 214
213 246
213 247
214 215
214 245
214 246
215 216
215 245
216 217
216 243
216 244
216 245
217 218
217 242
243 217
218 219
218 241
242 218
219 220
219 240
241 219
220 221
220 239
240 220
221 222
221 238
221 239
222 223
222 237
238 222
223 224
236 223
223 237
224 225
224 235
224 236
225 226
234 225
225 235
226 227
228 226
234 226
227 228
228 229
232 228
228 233
228 234
229 230
229 231
232 229
230 231
231 232
232 233
233 234
234 235
235 236
236 237
237 238
238 239
239 240
240 241
241 242
242 243
243 244
244 245
245 246
246 247
247 248
248 249
249 250
250 251
251 252
252 253
253 254
254 255
255 256
256 257
257 258
258 259
259 260
260 261
261 262
262 263
263 264
264 265
265 266
266 267
267 268
268 269
269 270
270 271
271 272
272 273
627 272
273 274
627 273
274 275
627 274
275 276
275 625
275 627
276 277
276 625
628 276
277 278
277 628
278 279
326 278
327 278
278 596
278 628
279 280
279 326
280 281
280 325
280 326
280 531
281 282
281 521
281 531
282 283
521 282
283 284
283 521
284 285
284 521
284 529
285 286
529 285
286 287
286 529
540 286
287 288
287 540
288 289
288 540
289 290
289 540
290 291
540 290
291 292
291 540
292 293
292 537
292 540
293 294
295 293
293 526
537 293
293 541
294 295
295 296
526 295
296 297
526 296
297 298
297 526
298 299
298 300
526 298
299 300
300 301
302 300
300 512
300 526
301 302
302 303
512 302
302 552
303 304
303 552
304 305
552 304
304 553
305 306
553 305
306 307
306 553
307 308
307 553
308 309
308 553
309 310
309 311
312 309
553 309
310 311
311 312
312 313
312 522
551 312
553 312
313 314
313 522
314 315
522 314
539 314
315 316
539 315
316 317
316 318
319 316
320 316
316 539
317 318
318 319
319 320
320 321
320 539
320 543
321 322
321 543
322 323
322 530
543 322
323 324
323 530
324 325
530 324
531 324
325 326
531 325
326 327
327 328
327 596
328 329
596 328
621 328
329 330
621 329
330 331
330 621
623 330
624 330
331 332
331 624
332 333
332 624
333 334
624 333
334 335
420 334
421 334
334 624
335 336
335 419
420 335
336 337
336 418
336 419
337 338
337 417
418 337
338 339
338 416
417 338
339 340
339 415
416 339
340 341
340 414
340 415
341 342
413 341
341 414
342 343
342 412
413 342
343 344
411 343
412 343
344 345
344 410
344 411
345 346
345 409
345 410
346 347
408 346
346 409
347 348
347 407
347 408
348 349
348 406
348 407
349 350
405 349
349 406
350 351
404 350
405 350
351 352
351 403
404 351
352 353
352 402
352 403
353 354
353 401
402 353
354 355
354 400
401 354
355 356
355 399
400 355
356 357
356 398
356 399
357 358
397 357
357 398
358 359
396 358
397 358
359 360
359 395
396 359
360 361
360 394
395 360
361 362
361 393
361 394
362 363
362 392
393 362
363 364
391 363
363 392
364 365
364 390
364 391
365 366
365 389
365 390
366 367
388 366
389 366
367 368
387 367
367 388
368 369
368 386
387 368
369 370
385 369
369 386
370 371
370 384
385 370
371 372
371 383
384 371
372 373
382 372
372 383
373 374
373 380
373 382
374 375
379 374
374 380
375 376
378 375
375 379
376 377
376 378
377 378
378 379
379 380
380 381
382 380
381 382
382 383
383 384
384 385
385 386
386 387
387 388
388 389
389 390
390 391
391 392
392 393
393 394
394 395
395 396
396 397
397 398
398 399
399 400
400 401
401 402
402 403
403 404
404 405
405 406
406 407
407 408
408 409
409 410
410 411
411 412
412 413
413 414
414 415
415 416
416 417
417 418
418 419
419 420
420 421
421 422
624 421
422 423
422 598
623 422
422 624
423 424
423 598
424 425
598 424
425 426
598 425
426 427
426 598
427 428
427 598
611 427
428 429
611 428
614 428
429 430
614 429
430 431
430 614
431 432
431 590
614 431
432 433
432 590
433 434
433 590
434 435
590 434
434 592
435 436
435 583
435 592
436 437
583 436
437 438
437 579
437 583
438 439
438 579
438 581
439 440
439 581
440 441
440 581
441 442
441 525
441 581
442 443
525 442
443 444
525 443
444 445
525 444
556 444
445 446
445 556
446 447
556 446
585 446
447 448
447 585
448 449
585 448
448 586
449 450
586 449
450 451
586 450
451 452
559 451
586 451
452 453
559 452
452 587
453 454
587 453
454 455
587 454
455 456
455 587
633 455
456 457
633 456
457 458
633 457
458 459
458 629
633 458
459 460
629 459
630 459
460 461
460 630
461 462
630 461
462 463
462 518
462 603
630 462
463 464
463 603
464 465
464 603
465 466
465 602
465 603
466 467
466 602
467 468
467 602
467 605
468 469
468 605
469 470
605 469
606 469
470 471
606 470
471 472
471 594
606 471
472 473
472 594
473 474
473 594
474 475
593 474
474 594
475 476
475 593
476 477
584 476
593 476
477 478
477 584
478 479
478 550
478 584
479 480
550 479
480 481
517 480
550 480
481 482
517 481
482 483
484 482
482 517
483 484
484 485
484 517
549 484
485 486
549 485
486 487
486 549
487 488
488 489
489 490
490 491
491 492
492 493
493 494
494 495
495 496
496 497
497 498
498 499
499 500
502 499
499 503
499 504
500 501
500 502
501 502
502 503
503 504
505 611
505 612
613 505
505 615
617 505
505 618
505 622
506 534
506 536
560 506
506 564
506 566
506 573
507 520
507 523
524 507
532 507
571 507
578 507
508 589
508 590
591 508
612 508
614 508
616 508
509 555
509 556
557 509
509 558
509 585
586 509
563 510
566 510
510 567
572 510
579 510
510 580
511 572
511 574
575 511
511 580
582 511
588 511
512 526
541 512
542 512
551 512
512 552
513 521
513 529
513 530
513 537
513 538
542 513
514 533
514 545
546 514
554 514
515 545
515 546
515 599
547 516
548 516
517 549
517 550
603 518
518 604
630 518
631 518
534 519
519 535
536 519
520 523
520 524
533 520
521 529
530 521
521 531
522 538
522 539
542 522
551 522
576 523
578 523
524 532
533 524
554 524
525 556
525 563
579 525
581 525
526 541
534 527
535 527
527 573
574 527
575 527
527 577
528 536
528 564
565 528
569 528
537 529
529 540
531 530
538 530
530 543
571 532
554 533
535 534
536 534
573 534
535 577
564 536
537 540
537 541
537 542
538 539
538 542
543 538
539 543
542 541
551 542
545 546
546 554
547 548
547 607
550 584
551 552
553 551
553 552
555 556
557 555
563 555
567 555
563 556
585 556
558 557
560 557
557 567
558 559
558 561
586 558
559 561
559 562
568 559
586 559
559 587
564 560
566 560
567 560
570 560
561 568
568 562
562 587
632 562
562 633
563 567
579 563
565 564
564 570
569 565
565 570
571 565
565 578
566 567
572 566
573 566
576 569
569 578
571 570
571 578
572 573
572 574
580 572
574 573
575 574
577 575
588 575
576 578
580 579
581 579
583 579
582 580
580 583
580 592
582 588
589 582
590 582
592 582
592 583
593 584
585 586
587 633
588 589
591 588
589 590
591 589
590 592
590 614
591 616
594 593
594 606
596 595
595 618
621 595
622 595
626 595
595 628
596 621
628 596
597 598
597 611
613 597
621 597
597 622
623 597
598 611
598 623
600 599
600 601
602 603
602 604
602 605
604 603
631 604
606 605
607 608
608 609
610 617
618 610
619 610
620 610
625 610
610 626
611 612
613 611
614 611
614 612
615 612
612 616
613 622
616 615
617 615
615 619
618 617
617 619
622 618
618 626
619 620
625 620
622 621
621 623
623 624
625 626
627 625
628 625
626 628
629 630
629 631
632 629
633 629
631 630
633 632
