814
191 509
186 507
185 502
186 497
189 492
191 487
192 482
192 477
189 474
188 469
193 467
193 462
192 457
192 452
191 447
189 442
188 437
186 432
186 427
184 422
183 417
181 412
181 407
181 402
179 397
179 392
178 387
178 382
179 377
181 373
183 368
184 363
184 358
183 353
183 348
182 343
180 338
179 333
178 328
178 323
177 318
176 313
175 308
175 303
174 298
171 293
172 288
171 283
170 278
170 273
170 268
170 263
170 258
170 253
170 248
170 243
171 238
171 233
173 228
176 223
178 218
179 213
183 208
186 203
190 198
194 193
198 188
202 183
204 178
203 173
203 168
200 163
199 158
196 153
194 148
191 143
188 138
188 133
188 128
186 123
181 127
177 130
172 135
167 139
162 142
157 146
152 149
147 153
143 156
138 159
134 162
130 166
127 170
123 172
118 176
113 180
108 183
104 187
99 189
95 192
90 195
85 198
81 201
76 204
72 207
67 209
63 213
58 214
54 218
49 222
45 226
40 230
36 234
33 239
33 244
33 249
30 252
25 255
20 254
15 255
14 250
14 245
14 240
16 235
20 230
24 226
27 222
32 218
37 215
36 210
40 207
45 206
50 205
55 201
59 196
63 191
67 188
71 184
76 180
81 175
86 172
91 167
95 163
100 161
104 158
109 155
114 151
118 148
122 145
126 141
131 137
135 134
139 130
144 126
149 121
154 117
158 112
162 107
166 102
171 97
176 93
181 90
186 88
191 87
196 86
194 81
193 76
194 71
195 66
197 61
198 56
199 51
199 46
200 41
201 36
203 31
205 26
207 21
211 16
216 12
221 9
226 7
231 6
236 4
241 3
246 2
251 2
256 3
261 5
266 6
271 8
276 11
278 16
282 19
283 24
285 29
287 34
289 39
286 42
288 47
290 52
293 57
295 62
297 67
298 72
295 75
291 80
289 85
294 86
299 86
304 88
309 89
314 91
319 94
323 98
327 102
331 106
336 111
340 116
344 120
349 125
353 128
358 131
363 135
368 139
372 143
376 147
380 151
384 155
389 158
394 161
399 164
404 167
409 172
414 176
419 180
423 184
427 189
431 194
436 198
441 202
444 207
449 209
454 208
454 212
457 216
462 219
467 223
472 227
475 232
478 237
479 242
480 247
481 252
477 255
472 254
467 255
464 252
460 249
461 244
462 239
457 236
454 232
449 228
446 223
441 220
436 218
432 215
427 211
422 208
417 205
412 203
407 201
403 197
398 195
393 191
388 187
383 185
378 181
375 177
370 172
365 169
360 164
355 160
350 156
345 154
341 150
337 147
332 143
327 140
322 136
318 133
314 129
309 124
306 129
306 134
305 139
301 144
297 148
295 152
293 157
292 162
291 167
289 172
288 177
291 182
294 187
299 192
303 197
306 201
309 206
313 211
316 216
318 221
320 226
324 231
325 236
325 241
326 246
326 251
327 256
327 261
326 266
323 271
323 276
324 281
324 286
324 291
322 296
321 301
320 306
318 311
317 316
316 321
315 326
314 331
312 336
312 341
312 346
311 351
310 356
310 361
310 366
312 371
315 376
317 381
318 386
316 391
315 396
317 400
315 405
315 410
314 415
312 420
311 425
310 430
309 435
307 440
306 445
304 450
304 455
302 460
301 465
304 468
308 471
304 475
302 480
303 485
304 490
307 495
309 500
309 505
304 509
299 510
294 510
289 510
284 510
279 509
274 506
273 501
273 496
274 491
276 486
277 481
279 476
276 472
277 467
279 463
278 458
278 453
278 448
278 443
278 438
277 433
276 428
275 423
275 418
274 413
273 408
272 403
272 398
269 394
270 389
269 384
269 379
272 375
273 370
272 365
272 360
270 355
270 350
269 345
269 340
268 335
267 330
266 325
266 320
264 315
263 310
263 305
262 300
260 295
259 290
258 285
257 280
256 275
255 270
254 265
254 260
253 255
249 252
244 252
239 256
238 261
238 266
237 271
236 276
235 281
234 286
234 291
232 296
231 301
230 306
229 311
227 316
226 321
226 326
225 331
225 336
224 341
224 346
223 351
223 356
222 361
220 366
220 371
222 376
223 381
223 386
222 391
222 396
222 401
222 406
221 411
220 416
219 421
220 426
219 431
217 436
217 441
216 446
216 451
216 456
216 461
216 466
219 470
217 475
216 479
219 484
219 489
219 494
219 499
221 504
217 508
212 509
207 510
202 510
197 510
192 510
245.5 124.75
270.79 137.395
244.339 67.8678
210.445 233.878
246.242 197.797
203.182 270.5
201.738 310.452
202.972 341.406
200.409 384.5
285.024 237.09
289.376 270.925
290.561 322.5
293.627 401.275
290.65 344.33
221.366 139.954
219.421 73.4843
228.439 44.0878
264.323 53.5708
191.815 245.5
224.549 189.119
246.5 224.955
304 248.5
248.892 28.0198
283.813 112.288
201.604 215.762
229.41 238.888
269.241 191.655
288.441 214.935
224.14 27.2995
178.817 109.817
119.649 161.007
204.731 471.808
266.285 28.8845
201.082 408.184
202.24 428.952
205.018 487.745
214.081 287.216
193.057 288.989
302.973 286.995
283.98 298.204
205.357 133.243
216.496 156.801
206.343 76
311.174 236.663
296.02 101.9
182.405 291.119
190.243 302.614
289.5 469.5
207.795 498.607
210.611 62.932
470.213 244.916
287.946 131.315
287.42 384.346
302.427 384.593
199.866 106.896
216.642 94.286
214.552 83.4202
206.106 90.6788
110.276 167.563
127.346 153.961
204.445 460.23
200.725 479.851
314.978 247.061
311.301 261.607
298.098 236.83
291.358 226.726
301.52 217.956
297.002 207.692
283.021 199.848
304.527 228.249
189.794 315.62
201.362 325.969
290.136 457.364
197.024 499.212
225.664 59.3178
294.812 391.238
304.011 397.413
295.149 370.79
189.893 112.33
186.718 100.659
200.785 120.45
100.442 174
136.213 146.997
203.706 447.824
317.992 255.561
297.885 260.493
292.599 199.158
212.672 318.48
212.298 332.631
192.224 334.724
193.154 345.212
204.081 358.83
291.758 443.684
215.364 49.5731
239.413 53.9554
231.84 70.4977
230.014 86.0799
303.521 375.196
295.002 379.687
283.967 373.396
196.658 96.6842
217.228 112.529
92.1447 180.772
145.155 139.736
198.808 438.711
303.59 273.137
280.363 254.887
215.148 303.648
187.848 325.574
194.157 355.601
207.533 54.312
218.108 37.7887
209.516 41.9995
214.431 28.6955
241.892 40.1615
251.924 57.3545
254.692 44.2167
266.835 41.3493
275.607 34.7178
275.97 49.5954
275.931 68.5317
272.698 59.0569
260.072 71.2255
260.085 61.8893
207.418 113.193
209.805 102.654
231.163 102.951
83.7665 186.785
154.767 132.012
313.202 271.222
291.66 249.764
288.022 261.134
218.911 311.899
203.476 297.262
232.802 34.0258
226.171 94.8163
165.039 123.961
313.001 282.295
258.1 18.1687
245.272 15.4072
235.123 22.0954
226.231 17.5215
268.248 18.9011
207.427 418.246
195.55 419.101
209.559 145.669
207.559 154.643
201.001 141.639
247 156.49
269.398 160.08
282.015 97.8093
290.578 94.5132
261.154 107.751
272.771 84.4595
273.238 106.25
271.387 121.773
265.769 95.5102
247.705 95.6897
259.932 84.0689
256.772 99.1083
250.498 77.5442
280.749 88.8101
281.901 122.666
259.118 129.126
239.192 79.2576
246.018 86.1423
256.965 144.538
255.192 117.968
242.961 110.806
267.82 148.598
281.906 146.336
258.565 156.002
257.294 175.808
253.177 165.6
238.83 177.319
241.985 166.54
226.838 167.958
240.444 140.894
230.669 120.247
240.491 101.728
280.292 136.962
290.141 140.923
228.031 178.792
215.947 180.468
249.737 134.941
247.761 146.995
231.441 153.32
226.766 111.48
235.647 130.528
218.194 126.407
214.951 168.605
224.962 159.326
222.663 149.456
230.761 143.352
233.934 162.146
226.16 131.687
297.436 115.93
310.604 107.515
296.431 125.93
305.657 98.6164
306.386 115.425
296.922 134.952
283.455 395.402
266.152 214.425
277.083 224.001
277.342 212.678
270.158 203.374
257.188 204.924
254.556 216.387
257.245 192.867
262.009 231.465
240.698 211.43
247.462 185.775
262.444 184.352
274.904 179.571
236.485 190.734
279.961 189.31
228.737 203.088
267.599 223.801
273.276 235.265
277.824 244.713
266.673 252.901
264.694 242.106
231.125 223.544
238.089 202.425
211.122 200.758
214.229 190.778
271.378 268.647
238.093 232.09
239.292 242.566
221.55 230.242
212.579 221.621
211.067 211.244
230.543 213.244
263.657 262.378
272.679 259.682
251.813 239.394
211.349 349.62
214.942 341.299
221.381 294.993
257.305 34.144
169.4 114.427
280.795 77.7744
268.943 75.4224
280.954 158.034
276.848 168.498
267.205 172.512
237.993 92.0692
199.934 204.182
192.607 211.149
278.706 282.987
279.93 273.319
291.131 283.227
294.252 293.913
306.76 300.725
294.293 308.45
312.534 292.408
305.511 312.632
272.544 293.646
268.365 284.119
265.197 275.473
302.721 324.663
294.895 333.398
281.464 334.473
301.245 342.153
279.842 345.195
278.155 322.516
281.941 310.569
273.534 304.167
209.226 252.668
196.701 258.363
186.577 271.567
183.379 256.064
194.637 267.263
181.262 280.654
180.783 245.34
186.487 232.437
192.408 222.616
202.489 226.545
199.758 237.491
179.497 264.946
217.968 243.8
227.84 251.011
219.811 266.196
228.129 260.879
210.086 262.9
218.903 256.001
213.41 275.742
224.689 276.385
224.443 285.939
193.673 396.543
191.114 406.349
189.251 386.164
193.235 374.635
206.571 372.477
211.696 382.695
208.058 396.134
211.441 406.137
203.094 282.469
193.617 278.865
296.204 356.998
284.407 360.96
293.145 426.533
297.857 435.546
287.416 434.701
321.547 116.796
319.809 107.753
331.195 126.176
340.663 134.154
351.021 141.861
360.985 149.181
369.811 157.21
378.213 164.499
388.352 172.882
398.991 179.808
408.703 186.606
417.114 193.443
288.053 413.802
284.492 422.61
301.132 412.118
282.656 405.376
301.738 421.874
289.132 494.474
297.918 499.789
289.787 482.1
814
188.488 505.829
187.751 506.086
189.133 505.614
193.942 503.415
204.205 498.55
205.207 493.548
205.369 483.791
205.578 472.301
194.575 471.173
191.67 471.068
205.523 471.57
204.899 463.759
204.257 456.825
203.698 451.085
203.022 444.129
202.502 438.866
202.189 434.557
201.885 430.355
201.616 424.937
201.294 417.824
200.896 411.014
200.792 409.219
200.648 406.632
200.108 398.707
199.581 392.128
199.244 388.541
198.937 385.648
198.921 385.464
199.025 385.625
199.334 383.962
200.133 377.424
200.702 372.415
202.353 357.885
202.994 351.478
203.527 345.941
203.709 338.403
203.733 332.957
203.664 330.533
203.609 328.703
203.556 324.391
203.475 317.606
203.316 311.2
203.174 305.673
201.867 294.087
201.181 289.97
200.381 285.859
199.793 284.448
197.879 279.051
196.665 275.026
195.166 269.964
194.219 266.776
192.896 261.595
191.605 254.944
190.379 245.93
190.08 243.333
189.863 240.617
190.245 238.1
190.322 237.513
190.82 236.098
192.518 230.682
194.206 224.159
194.349 223.194
194.883 222.415
196.519 221.41
198.808 220.175
209.769 213.608
215.281 210.104
237.623 193.829
243.045 177.201
241.212 163.809
235.208 149.385
233.083 145.524
230.094 140.19
227.613 136.353
225.401 132.897
223.571 131.445
223.657 131.311
226.712 127.73
222.911 114.111
183.648 110.719
170.7 111.042
164.705 118.271
160.148 125.428
157.503 129.581
155.128 133.256
150.157 136.737
145.207 140.239
139.692 144.145
136.314 146.51
131.949 150.378
126.925 154.846
121.873 159.339
119.906 161.087
117.931 162.386
111.467 166.65
105.566 170.541
100.235 174.062
96.5696 177.341
93.4933 180.182
89.3386 183.198
84.3526 186.716
78.8104 190.627
74.8102 193.451
50.6667 216.889
67.0816 200.249
63.6763 204.303
60.2377 207.851
55.5745 209.837
48.2902 213.104
43.8608 215.171
40.4337 218.382
36.8647 221.74
38.0464 220.17
22.0014 244.633
22.1003 246.308
24.653 249.614
22.9658 247.829
22.5266 247.686
20.2703 250.12
17.1344 251.96
19.9575 248.954
22.1942 246.487
22.4483 243.615
22.7066 240.568
24.7281 236.577
28.2424 230.311
31.1996 227.073
36.044 222.511
43.4001 214.558
43.1387 213.29
43.1185 213.675
44.3791 214.898
52.7371 211.11
56.7064 209.356
65.1398 202.56
69.4052 197.484
72.1232 195.353
76.2871 192.407
82.0505 188.341
87.846 184.251
93.052 180.475
99.3667 174.852
102.182 172.764
103.666 171.79
109.352 168.045
115.218 164.176
121.596 159.588
125.039 156.523
128.609 153.347
133.078 149.372
137.791 145.45
141.749 142.687
145.984 139.688
151.519 135.775
156.963 130.447
160.721 124.529
165.299 117.339
169.068 111.853
176.07 109.614
181.734 107.549
184.925 106.288
185.367 106.082
189.289 105.07
202.065 106.004
229.643 99.7172
231.347 81.5866
232.326 74.0414
232.23 72.7831
232.333 70.6758
232.317 60.3639
230.623 50.5997
228.694 41.5807
227.185 36.3312
225.914 32.4384
225.466 31.1266
225.21 30.2525
224.12 27.1973
223.816 26.6695
224.507 26.7735
226.467 26.6792
227.031 26.2157
227.9 26.665
233.849 29.0422
239.04 27.4212
243.644 25.7749
245.571 24.1042
245.834 24.0003
246.332 24.0526
249.672 23.2247
257.987 19.0166
267.971 14.4137
269.449 13.7559
263.341 16.4861
262.573 16.8422
256.452 19.6882
251.016 23.3185
254.928 24.0186
275.457 11.7362
0 0
240.61 42.9267
243.206 61.7238
251.351 69.8509
265.552 67.9962
273.272 67.0052
328.051 60.0276
0 0
252.287 72.4518
245.708 108.811
279.331 109.836
293.218 108.244
298.499 107.756
312.591 105.685
314.428 105.359
315.829 105.179
317.305 106.508
318.882 107.873
321.513 109.049
326.403 116.328
331.443 123.879
335.783 129.552
341.2 136.053
346.19 139.185
350.637 142.075
355.6 145.176
360.554 148.224
363.915 151.158
367.805 154.661
372.103 158.54
377.527 163.437
383.012 168.379
387.416 172.358
391.484 175.36
395.027 177.793
400.686 181.692
407.533 186.428
412.187 189.86
415.145 192.132
419.399 195.517
374.085 160.856
437.886 210.394
435.292 208.526
441.875 213.446
448.197 215.693
454.578 208.204
448.564 215.262
447.111 218.667
469.373 241.45
464.773 231.538
466.587 233.362
469.796 235.847
470.271 241.071
470.72 246.122
473.734 248.699
479.666 252.912
476.177 250.435
471.59 247.176
469.348 248.359
469.404 248.329
467.879 249.4
470.834 247.338
470.053 238.664
463.334 230.091
459.507 226.275
455.104 221.876
450.64 217.379
443.931 214.38
439.436 212.313
436.173 209.278
431.985 205.706
426.515 201.267
421.402 197.135
416.957 193.538
414.563 191.691
412.631 190.203
405.942 185.329
400.337 181.451
393.316 176.618
389.173 173.778
386.979 171.953
385.64 170.747
377.806 163.692
373.149 159.483
367.989 154.828
362.399 149.786
355.737 145.26
352.023 142.948
349.227 141.157
345.215 138.555
339.57 134.54
335.98 129.799
332.744 125.808
329.901 121.552
324.846 113.806
0 0
273.214 114.131
274.931 122.643
284.037 127.889
272.709 121.392
264.626 123.075
255.978 128.703
250.369 138.624
247.406 146.073
246.963 151.137
245.867 160.571
247.443 180.885
261.966 196.423
274.588 205.866
286.422 214.196
290.724 216.359
291.617 216.61
293.677 220.121
296.62 224.97
298.341 228.601
300.223 232.72
303.501 239.548
306.223 244.308
306.635 244.186
305.93 244.551
306.142 247.028
306.536 249.219
308.246 250.836
308.267 250.832
305.743 251.375
301.965 261.596
297.622 276.764
295.174 285.72
294.704 288.036
294.662 288.352
294.334 289.207
293.484 293.401
292.759 297.235
291.943 304.13
291.071 311.702
290.541 317.647
290.07 322.841
289.738 327.276
289.254 334.267
288.828 341.313
288.995 344.72
289.16 346.504
289.853 354.004
290.885 362.988
292.147 373.044
293.909 383.925
297.181 386.709
298.051 386.659
298.089 386.657
294.437 387.341
294.23 394.531
294.151 397.66
294.021 402.841
293.933 406.39
293.837 410.29
293.652 416.332
293.424 423.404
293.176 430.12
293.106 432.113
292.798 436.675
292.057 441.654
290.669 450.322
290.256 452.842
289.367 458.74
288.957 467.95
292.536 470.562
301.05 470.539
288.852 470.572
288.709 479.395
288.527 490.605
290.021 498.285
299.485 501.961
305.886 504.418
306.764 504.755
301.094 502.578
298.862 501.721
292.635 499.41
287.863 497.805
283.098 500.638
281.319 501.672
276.443 504.501
279.845 502.53
281.932 501.317
283.239 500.556
288.475 493.764
288.597 486.327
288.819 472.926
288.864 470.355
288.884 469.236
289.087 465.076
289.372 458.574
290.047 454.116
290.444 451.696
291.699 444.039
292.581 437.991
293.114 431.636
293.293 426.842
293.423 423.374
293.612 417.765
293.838 410.247
294.004 403.928
294.112 398.658
294.244 392.052
294.14 389.655
294.119 389.125
293.853 386.52
293.824 386.328
293.774 385.639
292.308 374.264
291.029 364.345
290.121 356.75
289.37 349.93
289.177 348.175
288.841 344.571
289.019 340.012
289.263 334.134
289.626 329.007
289.918 324.761
290.517 317.748
291.126 310.945
291.482 307.595
291.969 303.026
292.988 295.009
293.678 289.246
294.042 286.286
294.536 283.731
295.909 281.286
297.135 278.618
298.643 273.38
300.154 268.543
300.223 254.508
295.539 228.024
267.557 204.39
231.635 202.806
196.474 229.036
192.415 259.917
195.127 269.364
195.885 272.079
198.221 280.536
199.963 285.035
201.92 289.424
202.168 290.779
202.242 291.84
202.746 297.216
203.179 301.239
203.268 305.681
203.373 311.493
203.501 319.802
203.611 326.525
203.708 332.431
203.791 337.565
203.885 341.699
203.599 345.032
203.238 348.679
202.917 352.114
202.748 353.937
201.605 364.628
199.74 380.729
199.38 383.731
199.184 385.102
199.225 385.915
199.372 388.009
199.907 395.718
200.305 401.45
200.567 405.14
200.75 408.292
200.905 411.021
201.459 421.418
201.676 426.255
201.799 429.029
202.167 434.244
202.657 440.383
203.184 445.807
203.774 451.861
204.306 457.331
204.844 463.028
205.383 469.84
205.435 470.53
205.567 472.294
205.443 481.22
205.329 490.472
205.294 493.564
205.267 496.428
216.529 504.809
219.816 506.729
216.083 504.553
210.233 501.11
206.158 497.704
207.613 501.826
192.339 504.128
187.915 506.17
240.307 123.829
253.544 128.419
236.755 62.5019
194.808 223.477
246.897 189.744
194.941 269.277
203.392 313.602
203.73 343.546
199.122 385.687
299.383 231.659
299.369 270.622
289.432 332.344
294.083 400.537
288.954 344.602
230.453 134.863
232.246 81.2276
226.686 30.739
239.345 45.7184
190.209 241.315
240.818 188.074
253.106 196.242
305.527 245.126
241.126 27.2128
268.509 112.742
198.842 220.514
209.955 214.083
257.427 193.666
291.506 217.243
225.743 27.1081
179.603 108.305
120.757 160.333
203.932 487.584
254.177 20.8623
200.758 408.364
201.846 429.198
205.3 492.958
201.799 289.465
201.203 290.42
294.535 288.024
293.153 293.462
226.927 127.323
234.07 146.77
232.412 72.6796
305.569 243.383
305.778 109.333
200.165 285.451
203.112 303.444
288.748 477.704
205.282 496.707
231.443 54.792
472.856 249.32
263.761 122.781
293.919 386.795
294.385 387.103
205.34 106.242
228.759 100.359
231.184 85.784
227.412 102.481
123.556 160.889
122.857 158.464
205.115 466.464
205.293 489.127
306.099 247.001
304.973 252.689
301.744 236.354
295.152 222.818
296.454 224.719
291.753 216.933
279.001 209.117
301.449 235.241
203.414 315.999
0 0
290.593 450.842
204.099 498.686
231.96 53.055
294.295 391.174
294.228 393.041
289.91 353.536
194.771 105.046
189.243 105.074
224.574 110.283
99.8268 174.438
128.175 153.752
204.614 460.903
307.438 250.242
302.917 256.089
281.55 210.554
203.413 314.586
203.759 335.577
203.706 335.197
203.588 345.198
201.778 370.667
291.162 447.263
228.645 39.244
236.285 47.9442
237.688 59.2223
232.412 85.918
293.764 383.703
293.333 370.667
292.834 378.356
207.897 106.296
227.209 111.409
94.8492 178.898
157.969 127.471
202.047 428.199
298.881 272.4
301.777 249.139
202.919 300.128
203.6 327.97
202.73 354.185
228.411 39.5268
226.046 30.4939
225.827 30.9052
224.388 27.0295
235.589 32.7187
237.741 49.9269
240.788 35.7495
243.148 28.4682
248.714 23.4909
245.333 40
0 0
241.584 59.946
240.413 68.959
239.39 57.3167
220.949 109.274
221.781 106.115
234.083 103.597
90.2862 182.324
156.071 131.824
299.415 270.481
302.345 247.467
303.557 254.562
203.314 308.182
202.795 297.328
232.656 30.3947
231.308 97.978
163.479 120.198
296.9 278.867
251.798 22.1196
243.548 25.9574
233.904 29.1691
227.519 26.7104
261.52 17.3666
200.604 407.518
201.303 417.989
227.759 135.792
232.303 142.677
224.38 131.812
242.735 153.151
0 0
257.498 114.688
277.245 109.87
246.591 114.269
244.826 89.7285
256.59 111.352
256.344 118.661
243.386 102.781
238.851 97.3258
243.389 87.5399
242.619 102.868
238.741 75.3923
246.025 103.869
265.843 114.696
248.24 125.919
240.362 81.7934
237.881 85.6665
246.976 139.864
245.541 117.937
228.693 106.956
248.416 139.91
252.362 133.738
245.052 151.012
246.099 173.601
244.552 162.531
243.569 177.027
243.754 162.924
241.427 162.307
234.261 143.018
232.108 119.256
236.116 102.871
260.694 124.408
265.487 122.52
243.689 176.585
243.167 178.586
244.444 110.222
244.722 144.186
235.665 147.757
229.407 111.356
233.305 128.802
231.12 135.835
242.364 161.355
237.823 152.591
233.633 144.843
234.83 139.625
240.793 157.677
231.203 128.802
286.678 110.548
313.408 105.572
266.331 118.665
312.035 105.788
306.869 106.307
278.959 124.958
294.24 391.01
269.314 202.083
290.031 216.504
280.952 210.497
267.291 201.212
256.402 195.066
257.025 196.418
246.339 180.127
277.143 207.979
243.03 193.212
246.033 182.051
248.33 184.212
246.985 182.444
242.324 187.036
260.075 195.443
243.769 185.318
278.23 208.615
293.035 221.344
299.201 234.766
303.2 243.575
296.413 227.516
225.858 202.645
242.757 192.072
220.419 206.853
236.623 195.521
299.65 270.356
231.596 200.878
0 0
209.316 215.313
202.734 218.421
213.118 211.648
231.49 199.232
286.958 245.575
301.808 256.017
245.333 181.333
203.414 346.9
203.875 341.995
202.339 293.125
245.462 28.2686
174.671 109.937
244.231 74.8079
243.15 74.9881
247.248 148.238
245.862 160.679
244.825 174.325
234.994 87.252
200.091 219.642
194.827 222.68
294.651 284.075
299.064 272.668
294.908 284.151
293.301 293.575
293.186 293.925
291.365 308.621
294.504 288.665
0 0
293.792 288.387
294.46 284.031
297.547 276.788
290.007 323.579
289.125 337.328
289.217 334.897
288.8 341.808
288.843 344.854
290.015 323.387
291.313 309.177
292.472 299.077
191.414 239.252
190.978 250.178
195.387 270.598
191.39 253.71
194.778 268.542
197.881 278.948
189.908 241.125
191.621 233.645
194.242 224.284
195.26 223.887
192.101 233.419
194.465 267.425
193.796 229.595
206.312 241.308
194.283 267.315
196.941 274.929
194.288 266.782
191.743 249.008
200.531 286.578
199.208 283.181
201.899 289.424
199.399 389.725
200.433 403.594
199.08 386.796
199.514 382.628
200.913 370.599
199.187 385.213
199.913 395.8
199.92 396.635
198.845 281.576
197.934 279.003
289.578 351.016
290.132 356.277
293.272 427.474
292.955 433.546
292.974 435.255
322.399 111.093
318.007 107.15
330.29 121.981
335.274 128.584
358.651 147.464
361.597 149.09
363.884 151.14
375.202 161.335
388.116 172.944
383.107 168.16
407.206 186.203
413.362 190.765
293.702 414.888
293.254 427.927
0 0
294.062 401.134
293.354 425.252
295.111 488
302.58 503.154
288.616 485.156
1950
0 0
0 0
0 0
0 0
0 0
0 0
0 0
0 0
0 0
0 0
0 0
0 0
0 0
0 0
0 0
0 0
0 0
0 0
0 0
0 0
0 0
0 0
0 0
0 0
0 0
520 580
0 0
0 0
0 0
0 0
0 0
0 0
0 0
0 0
0 0
0 0
0 0
0 0
0 0
0 0
0 0
0 0
0 0
0 0
0 0
0 0
0 0
0 0
0 0
0 0
0 0
0 0
0 0
0 0
0 0
0 0
0 0
0 0
0 0
0 0
0 0
0 0
0 0
0 0
0 0
0 0
0 0
0 0
0 0
0 0
0 0
0 0
0 0
0 0
0 0
0 0
0 0
0 0
0 0
0 0
0 0
0 0
0 0
0 0
580 771
0 0
0 0
0 0
0 0
0 0
0 0
0 0
0 0
0 0
0 0
0 0
0 0
0 0
0 0
0 0
0 0
0 0
0 0
0 0
0 0
0 0
0 0
0 0
0 0
0 0
0 0
0 0
0 0
0 0
0 0
0 0
0 0
0 0
0 0
0 0
0 0
0 0
0 0
0 0
0 0
0 0
0 0
0 0
0 0
0 0
0 0
0 0
0 0
0 0
0 0
0 0
0 0
0 0
0 0
0 0
0 0
0 0
0 0
0 0
0 0
0 0
0 0
0 0
0 0
0 0
0 0
0 0
0 0
0 0
0 0
0 0
0 0
0 0
0 0
0 0
0 0
771 725
0 0
0 0
0 0
0 0
0 0
0 0
0 0
0 0
0 0
0 0
0 0
0 0
0 0
0 0
0 0
0 0
0 0
0 0
0 0
0 0
0 0
0 0
0 0
0 0
0 0
0 0
0 0
725 673
0 0
0 0
673 79
0 0
0 0
0 0
0 0
0 0
0 0
79 547
0 0
0 0
0 0
0 0
0 0
0 0
0 0
0 0
0 0
0 0
0 0
0 0
0 0
0 0
0 0
0 0
0 0
0 0
0 0
0 0
0 0
0 0
0 0
0 0
0 0
0 0
0 0
0 0
0 0
0 0
0 0
0 0
0 0
0 0
0 0
0 0
0 0
0 0
0 0
0 0
0 0
0 0
0 0
0 0
0 0
0 0
0 0
0 0
0 0
0 0
0 0
0 0
0 0
0 0
547 103
0 0
0 0
0 0
0 0
0 0
0 0
0 0
0 0
0 0
0 0
0 0
0 0
0 0
0 0
0 0
0 0
0 0
0 0
0 0
0 0
0 0
0 0
0 0
0 0
0 0
0 0
0 0
0 0
0 0
0 0
0 0
0 0
0 0
0 0
0 0
0 0
0 0
0 0
0 0
0 0
0 0
0 0
0 0
0 0
0 0
0 0
0 0
0 0
0 0
0 0
0 0
0 0
0 0
0 0
0 0
0 0
0 0
0 0
0 0
0 0
0 0
0 0
0 0
0 0
0 0
0 0
0 0
0 0
0 0
0 0
0 0
0 0
0 0
0 0
0 0
0 0
0 0
0 0
0 0
0 0
0 0
0 0
0 0
0 0
0 0
0 0
0 0
0 0
0 0
0 0
0 0
0 0
0 0
0 0
0 0
0 0
0 0
0 0
0 0
0 0
0 0
0 0
0 0
0 0
0 0
0 0
0 0
0 0
0 0
0 0
0 0
0 0
0 0
0 0
0 0
0 0
0 0
0 0
0 0
0 0
0 0
0 0
0 0
0 0
0 0
0 0
0 0
0 0
0 0
0 0
0 0
0 0
0 0
0 0
0 0
0 0
673 608
0 0
0 0
0 0
0 0
0 0
0 0
0 0
0 0
0 0
0 0
0 0
0 0
0 0
0 0
0 0
0 0
0 0
0 0
0 0
0 0
0 0
0 0
0 0
0 0
0 0
0 0
0 0
0 0
0 0
0 0
0 0
0 0
0 0
0 0
0 0
0 0
0 0
0 0
0 0
0 0
0 0
0 0
0 0
0 0
0 0
0 0
0 0
0 0
0 0
0 0
0 0
0 0
0 0
0 0
0 0
0 0
0 0
0 0
0 0
0 0
0 0
0 0
0 0
0 0
0 0
0 0
0 0
0 0
0 0
0 0
0 0
0 0
0 0
0 0
0 0
0 0
0 0
0 0
0 0
0 0
0 0
0 0
0 0
0 0
0 0
0 0
0 0
0 0
0 0
0 0
0 0
0 0
0 0
0 0
0 0
0 0
0 0
0 0
0 0
0 0
0 0
0 0
673 533
0 0
0 0
0 0
0 0
0 0
0 0
0 0
0 0
0 0
0 0
0 0
0 0
0 0
0 0
0 0
0 0
0 0
0 0
0 0
0 0
0 0
0 0
0 0
533 238
0 0
0 0
0 0
0 0
0 0
0 0
0 0
0 0
0 0
0 0
0 0
0 0
0 0
0 0
0 0
0 0
0 0
0 0
0 0
0 0
0 0
0 0
0 0
0 0
0 0
0 0
0 0
0 0
0 0
0 0
0 0
0 0
0 0
0 0
0 0
0 0
0 0
0 0
0 0
0 0
0 0
0 0
0 0
0 0
0 0
0 0
0 0
0 0
0 0
0 0
0 0
0 0
0 0
0 0
238 245
0 0
0 0
0 0
0 0
0 0
0 0
0 0
0 0
0 0
0 0
0 0
0 0
0 0
0 0
0 0
0 0
0 0
0 0
0 0
0 0
0 0
0 0
0 0
0 0
0 0
0 0
0 0
0 0
0 0
0 0
0 0
0 0
0 0
0 0
0 0
0 0
0 0
0 0
0 0
0 0
0 0
0 0
0 0
0 0
0 0
0 0
0 0
0 0
0 0
0 0
0 0
0 0
0 0
0 0
0 0
0 0
0 0
0 0
0 0
0 0
0 0
0 0
0 0
0 0
0 0
0 0
0 0
0 0
0 0
0 0
0 0
0 0
0 0
0 0
0 0
0 0
0 0
0 0
0 0
0 0
0 0
0 0
0 0
0 0
0 0
0 0
0 0
0 0
0 0
0 0
0 0
0 0
0 0
0 0
0 0
0 0
0 0
0 0
0 0
0 0
0 0
0 0
0 0
0 0
0 0
0 0
0 0
0 0
0 0
0 0
0 0
0 0
0 0
0 0
0 0
0 0
0 0
0 0
0 0
0 0
0 0
0 0
0 0
0 0
0 0
0 0
0 0
0 0
0 0
0 0
0 0
0 0
0 0
0 0
0 0
0 0
0 0
0 0
0 0
0 0
0 0
0 0
0 0
0 0
0 0
0 0
0 0
0 0
0 0
0 0
0 0
0 0
0 0
0 0
0 0
0 0
0 0
0 0
0 0
0 0
0 0
0 0
0 0
725 723
0 0
0 0
0 0
0 0
0 0
0 0
0 0
0 0
0 0
0 0
0 0
0 0
0 0
0 0
0 0
0 0
0 0
0 0
0 0
0 0
0 0
0 0
0 0
0 0
0 0
0 0
0 0
0 0
0 0
0 0
0 0
0 0
0 0
0 0
0 0
0 0
0 0
0 0
0 0
0 0
0 0
0 0
0 0
0 0
0 0
0 0
0 0
0 0
0 0
0 0
0 0
0 0
0 0
0 0
0 0
0 0
0 0
0 0
0 0
0 0
0 0
0 0
0 0
0 0
0 0
0 0
0 0
0 0
723 587
0 0
0 0
0 0
0 0
0 0
0 0
0 0
0 0
0 0
0 0
0 0
0 0
0 0
0 0
0 0
0 0
0 0
0 0
0 0
0 0
0 0
0 0
0 0
0 0
0 0
0 0
0 0
0 0
0 0
0 0
587 811
0 0
0 0
0 0
0 0
0 0
0 0
0 0
0 0
0 0
0 0
0 0
0 0
0 0
0 0
0 0
0 0
0 0
0 0
0 0
0 0
0 0
0 0
0 0
0 0
0 0
0 0
0 0
0 0
0 0
0 0
0 0
0 0
0 0
0 0
0 0
0 0
0 0
0 0
0 0
0 0
0 0
0 0
0 0
0 0
0 0
0 0
0 0
0 0
0 0
0 0
0 0
0 0
0 0
0 0
0 0
0 0
0 0
0 0
0 0
0 0
0 0
0 0
0 0
0 0
0 0
0 0
0 0
0 0
0 0
0 0
0 0
0 0
0 0
0 0
0 0
0 0
0 0
0 0
0 0
0 0
0 0
0 0
0 0
0 0
0 0
0 0
0 0
0 0
0 0
0 0
0 0
0 0
0 0
0 0
0 0
0 0
0 0
0 0
0 0
0 0
0 0
0 0
0 0
0 0
0 0
0 0
0 0
0 0
0 0
0 0
0 0
0 0
0 0
0 0
0 0
0 0
0 0
0 0
0 0
0 0
0 0
0 0
0 0
0 0
0 0
0 0
0 0
0 0
0 0
0 0
0 0
0 0
0 0
0 0
0 0
0 0
0 0
0 0
0 0
0 0
0 0
0 0
0 0
0 0
0 0
0 0
0 0
0 0
0 0
0 0
0 0
0 0
0 0
0 0
0 0
0 0
0 0
0 0
0 0
0 0
0 0
0 0
0 0
0 0
0 0
0 0
0 0
0 0
0 0
0 0
0 0
0 0
0 0
0 0
0 0
0 0
0 0
0 0
0 0
0 0
0 0
0 0
0 0
0 0
0 0
0 0
0 0
0 0
0 0
0 0
0 0
0 0
0 0
0 0
0 0
0 0
0 0
0 0
0 0
0 0
0 0
0 0
0 0
0 0
0 0
0 0
0 0
0 0
0 0
0 0
0 0
0 0
0 0
0 0
0 0
0 0
0 0
0 0
0 0
0 0
0 0
0 0
0 0
0 0
0 0
0 0
0 0
0 0
0 0
0 0
0 0
0 0
0 0
0 0
0 0
0 0
0 0
0 0
0 0
0 0
0 0
0 0
0 0
0 0
0 0
0 0
0 0
0 0
0 0
0 0
0 0
0 0
0 0
0 0
0 0
0 0
0 0
0 0
0 0
0 0
0 0
0 0
0 0
0 0
0 0
0 0
0 0
0 0
0 0
0 0
0 0
0 0
0 0
0 0
0 0
0 0
0 0
0 0
0 0
0 0
0 0
0 0
0 0
0 0
0 0
0 0
0 0
0 0
0 0
0 0
0 0
0 0
0 0
0 0
0 0
0 0
0 0
0 0
0 0
0 0
0 0
0 0
0 0
0 0
0 0
0 0
0 0
0 0
0 0
0 0
0 0
0 0
0 0
0 0
0 0
0 0
0 0
0 0
0 0
0 0
0 0
0 0
0 0
0 0
0 0
0 0
0 0
0 0
0 0
0 0
0 0
0 0
0 0
0 0
0 0
0 0
0 0
0 0
0 0
0 0
0 0
0 0
0 0
0 0
0 0
0 0
0 0
0 0
0 0
0 0
0 0
0 0
0 0
0 0
0 0
0 0
0 0
0 0
0 0
0 0
0 0
0 0
0 0
0 0
0 0
0 0
0 0
0 0
0 0
0 0
0 0
0 0
0 0
0 0
0 0
0 0
0 0
0 0
0 0
0 0
0 0
0 0
0 0
0 0
0 0
0 0
0 0
0 0
0 0
0 0
0 0
0 0
0 0
0 0
0 0
0 0
0 0
0 0
0 0
0 0
0 0
0 0
0 0
0 0
0 0
0 0
0 0
0 0
0 0
0 0
0 0
0 0
0 0
0 0
0 0
0 0
0 0
0 0
0 0
0 0
0 0
0 0
0 0
0 0
0 0
0 0
0 0
0 0
0 0
0 0
0 0
0 0
0 0
0 0
0 0
0 0
0 0
0 0
0 0
0 0
0 0
0 0
0 0
0 0
0 0
0 0
0 0
0 0
0 0
0 0
0 0
0 0
0 0
0 0
0 0
0 0
0 0
0 0
0 0
0 0
0 0
0 0
0 0
0 0
0 0
0 0
0 0
0 0
0 0
0 0
0 0
0 0
0 0
0 0
0 0
0 0
0 0
0 0
0 0
0 0
0 0
0 0
0 0
0 0
0 0
0 0
0 0
0 0
0 0
0 0
0 0
0 0
0 0
0 0
0 0
0 0
0 0
0 0
0 0
0 0
0 0
0 0
0 0
0 0
0 0
0 0
0 0
0 0
0 0
0 0
0 0
0 0
0 0
0 0
0 0
0 0
0 0
0 0
0 0
0 0
0 0
0 0
0 0
0 0
0 0
0 0
0 0
0 0
0 0
0 0
0 0
0 0
0 0
0 0
0 0
0 0
0 0
0 0
0 0
0 0
0 0
0 0
0 0
0 0
0 0
0 0
0 0
0 0
0 0
0 0
0 0
0 0
0 0
0 0
0 0
0 0
0 0
0 0
0 0
0 0
0 0
0 0
0 0
0 0
0 0
0 0
0 0
0 0
0 0
0 0
0 0
0 0
0 0
0 0
0 0
0 0
0 0
0 0
0 0
0 0
0 0
0 0
0 0
0 0
0 0
0 0
0 0
0 0
0 0
0 0
0 0
0 0
0 0
0 0
0 0
0 0
0 0
0 0
0 0
0 0
0 0
0 0
0 0
0 0
0 0
0 0
0 0
0 0
0 0
0 0
0 0
0 0
0 0
0 0
0 0
0 0
0 0
0 0
0 0
0 0
0 0
0 0
0 0
0 0
0 0
0 0
0 0
0 0
0 0
0 0
0 0
0 0
0 0
0 0
0 0
0 0
0 0
0 0
0 0
0 0
0 0
0 0
0 0
0 0
0 0
0 0
0 0
0 0
0 0
0 0
0 0
0 0
0 0
0 0
0 0
0 0
0 0
0 0
0 0
0 0
0 0
0 0
0 0
0 0
0 0
0 0
0 0
0 0
0 0
0 0
0 0
0 0
0 0
0 0
0 0
0 0
0 0
0 0
0 0
0 0
0 0
0 0
0 0
0 0
0 0
0 0
0 0
0 0
0 0
0 0
0 0
0 0
0 0
0 0
0 0
0 0
0 0
0 0
0 0
0 0
0 0
0 0
0 0
0 0
0 0
0 0
0 0
0 0
0 0
0 0
0 0
0 0
0 0
0 0
0 0
0 0
0 0
0 0
0 0
0 0
0 0
0 0
0 0
0 0
0 0
0 0
0 0
0 0
0 0
0 0
0 0
0 0
0 0
0 0
0 0
0 0
0 0
0 0
0 0
0 0
0 0
0 0
0 0
0 0
0 0
0 0
0 0
0 0
0 0
0 0
0 0
0 0
0 0
0 0
0 0
0 0
0 0
0 0
0 0
0 0
0 0
0 0
0 0
0 0
0 0
0 0
0 0
0 0
0 0
0 0
0 0
0 0
0 0
0 0
0 0
0 0
0 0
0 0
0 0
0 0
0 0
0 0
0 0
0 0
0 0
0 0
0 0
0 0
0 0
0 0
0 0
0 0
0 0
0 0
0 0
0 0
0 0
0 0
0 0
0 0
0 0
0 0
0 0
0 0
0 0
0 0
0 0
0 0
0 0
0 0
0 0
0 0
0 0
0 0
0 0
0 0
0 0
0 0
0 0
0 0
0 0
0 0
0 0
0 0
0 0
0 0
0 0
0 0
0 0
0 0
0 0
0 0
0 0
0 0
0 0
0 0
0 0
0 0
0 0
0 0
0 0
0 0
0 0
0 0
0 0
0 0
0 0
0 0
0 0
0 0
0 0
0 0
0 0
0 0
0 0
0 0
0 0
0 0
0 0
0 0
0 0
0 0
0 0
0 0
0 0
0 0
0 0
0 0
0 0
0 0
0 0
0 0
0 0
0 0
0 0
0 0
0 0
0 0
0 0
0 0
0 0
0 0
0 0
0 0
0 0
0 0
0 0
0 0
0 0
0 0
0 0
0 0
0 0
0 0
0 0
0 0
0 0
0 0
0 0
0 0
0 0
0 0
0 0
0 0
0 0
0 0
0 0
0 0
0 0
0 0
0 0
0 0
0 0
0 0
0 0
0 0
0 0
0 0
0 0
0 0
0 0
0 0
0 0
0 0
0 0
0 0
0 0
0 0
0 0
0 0
0 0
0 0
0 0
0 0
0 0
0 0
0 0
0 0
0 0
0 0
0 0
0 0
0 0
0 0
0 0
0 0
0 0
0 0
0 0
0 0
0 0
0 0
0 0
0 0
0 0
0 0
0 0
0 0
0 0
0 0
0 0
0 0
0 0
0 0
0 0
0 0
0 0
0 0
0 0
0 0
0 0
0 0
0 0
0 0
0 0
0 0
0 0
0 0
0 0
0 0
0 0
0 0
0 0
0 0
0 0
0 0
0 0
0 0
0 0
0 0
0 0
0 0
0 0
0 0
0 0
0 0
0 0
0 0
0 0
0 0
0 0
0 0
0 0
0 0
0 0
0 0
0 0
0 0
0 0
0 0
0 0
0 0
0 0
0 0
0 0
0 0
0 0
0 0
0 0
0 0
0 0
0 0
0 0
0 0
0 0
0 0
0 0
0 0
0 0
0 0
0 0
0 0
0 0
0 0
0 0
0 0
0 0
0 0
0 0
0 0
0 0
0 0
0 0
0 0
0 0
0 0
0 0
0 0
0 0
0 0
0 0
0 0
0 0
0 0
0 0
0 0
0 0
0 0
0 0
0 0
0 0
0 0
0 0
0 0
0 0
0 0
0 0
0 0
0 0
0 0
0 0
0 0
0 0
0 0
0 0
0 0
0 0
0 0
0 0
0 0
0 0
0 0
0 0
0 0
0 0
0 0
0 0
0 0
0 0
0 0
0 0
0 0
0 0
0 0
0 0
0 0
0 0
0 0
0 0
0 0
0 0
0 0
0 0
0 0
0 0
0 0
0 0
0 0
0 0
0 0
0 0
0 0
1950
0 1
0 2
0 487
488 0
562 0
1 2
2 3
2 562
3 4
3 562
4 5
562 4
5 6
524 5
5 550
5 562
6 7
6 550
7 8
10 7
7 520
550 7
8 9
10 8
9 10
10 11
520 10
549 10
11 12
11 549
12 13
12 549
13 14
549 13
13 572
14 15
14 572
14 593
15 16
593 15
16 17
16 523
16 593
17 18
17 523
18 19
18 523
18 633
19 20
633 19
20 21
20 633
20 780
21 22
21 780
22 23
780 22
23 24
23 779
780 23
24 25
24 779
25 26
779 25
25 781
26 27
26 781
27 28
27 781
28 29
781 28
782 28
29 30
29 782
30 31
782 30
31 32
598 31
782 31
32 33
598 32
33 34
33 579
33 598
34 35
579 34
35 36
578 35
35 579
36 37
36 578
37 38
578 37
597 37
38 39
597 38
39 40
39 559
597 39
40 41
559 40
41 42
41 535
559 41
42 43
42 535
43 44
534 43
43 535
44 45
534 44
45 46
534 45
46 47
534 46
46 763
47 48
47 763
48 49
48 763
49 50
49 763
49 769
50 51
769 50
51 52
51 769
52 53
52 761
52 769
53 54
761 53
53 764
54 55
54 764
55 56
764 55
56 57
56 764
56 765
57 58
765 57
58 59
58 765
59 60
59 765
59 766
60 61
60 766
61 62
61 738
766 61
62 63
738 62
63 64
738 63
64 65
737 64
738 64
65 66
65 737
66 67
714 66
715 66
66 737
67 68
67 672
67 715
68 69
672 68
68 679
69 70
69 679
70 71
635 70
679 70
71 72
635 71
72 73
72 635
73 74
73 635
636 73
74 75
74 636
75 76
636 75
76 77
76 636
77 78
77 529
77 636
78 79
529 78
569 78
79 80
79 518
79 567
79 569
80 81
518 80
80 730
81 82
625 81
81 730
82 83
625 82
83 84
83 617
625 83
84 85
617 84
85 86
85 592
617 85
86 87
592 86
87 88
87 571
87 592
88 89
88 571
89 90
548 89
571 89
90 91
90 548
91 92
519 91
548 91
92 93
92 519
93 94
519 93
547 93
94 95
547 94
95 96
547 95
570 95
96 97
96 570
97 98
97 570
97 591
98 99
98 591
99 100
591 99
616 99
100 101
100 616
101 102
616 101
102 103
136 102
137 102
102 616
103 104
103 135
103 136
104 105
134 104
135 104
105 106
105 133
105 134
106 107
133 106
107 108
107 132
133 107
108 109
131 108
132 108
109 110
128 109
109 131
110 111
128 110
111 112
111 126
127 111
128 111
112 113
112 125
112 126
113 114
113 122
113 123
113 124
113 125
114 115
114 116
121 114
114 122
115 116
116 117
118 116
121 116
117 118
118 119
118 120
118 121
119 120
120 121
121 122
122 123
123 124
124 125
125 126
126 127
127 128
128 129
128 130
128 131
129 130
130 131
131 132
132 133
133 134
134 135
135 136
136 137
137 138
616 137
138 139
616 138
139 140
591 139
616 139
140 141
591 140
141 142
570 141
141 591
142 143
142 570
143 144
547 143
143 570
144 145
144 547
145 146
145 519
547 145
146 147
519 146
147 148
147 519
548 147
148 149
148 548
149 150
548 149
149 571
150 151
150 571
151 152
151 571
592 151
152 153
152 592
153 154
153 592
153 617
154 155
154 617
155 156
155 617
155 625
156 157
156 625
156 730
157 158
157 730
158 159
158 518
730 158
159 160
159 518
159 568
160 161
160 568
161 162
568 161
162 163
162 568
163 164
163 568
163 589
164 165
164 531
546 164
164 589
165 166
165 531
166 167
166 531
167 168
167 531
168 169
531 168
168 538
169 170
538 169
599 169
170 171
599 170
171 172
171 599
172 173
172 599
601 172
173 174
601 173
174 175
174 601
175 176
175 601
602 175
176 177
176 602
177 178
177 602
178 179
602 178
178 630
179 180
630 179
180 181
180 630
181 182
181 630
182 183
182 628
182 629
630 182
183 184
628 183
184 185
628 184
185 186
185 628
186 187
186 628
187 188
627 187
187 628
188 189
627 188
189 190
189 627
631 189
190 191
631 190
191 192
191 631
192 193
192 194
631 192
193 194
194 195
194 521
194 607
194 631
195 196
195 607
196 197
198 196
196 607
197 198
198 199
607 198
198 608
199 200
199 608
200 201
608 200
200 610
201 202
609 201
610 201
202 203
609 202
203 204
203 205
609 203
204 205
205 206
205 609
205 731
206 207
731 206
207 208
207 640
207 650
207 731
208 209
640 208
209 210
640 209
210 211
533 210
210 640
688 210
211 212
211 688
212 213
688 212
213 214
213 686
213 688
213 795
214 215
795 214
215 216
795 215
216 217
216 794
795 216
217 218
217 794
796 217
218 219
796 218
219 220
219 796
219 797
220 221
220 797
221 222
797 221
798 221
222 223
222 798
223 224
798 223
799 223
224 225
224 799
225 226
799 225
800 225
226 227
800 226
227 228
800 227
801 227
228 229
228 801
229 230
229 801
229 802
230 231
230 802
231 232
231 802
231 803
232 233
803 232
233 234
233 803
233 804
234 235
234 804
235 236
235 804
235 805
236 237
805 236
237 238
805 237
238 239
238 269
805 238
239 240
239 268
239 269
240 241
240 267
240 268
241 242
241 265
241 266
267 241
242 243
242 244
264 242
265 242
243 244
244 245
244 264
245 246
245 263
264 245
246 247
246 262
246 263
247 248
260 247
247 261
262 247
248 249
248 260
249 250
260 249
539 249
250 251
539 250
251 252
251 539
252 253
252 254
252 255
539 252
253 254
254 255
255 256
257 255
255 539
256 257
257 258
259 257
539 257
258 259
259 260
539 259
260 261
260 539
261 262
262 263
263 264
264 265
265 266
266 267
267 268
268 269
269 270
805 269
270 271
270 805
271 272
271 805
272 273
272 805
273 274
273 804
805 273
274 275
274 803
274 804
275 276
275 803
276 277
276 802
276 803
277 278
802 277
278 279
802 278
279 280
801 279
802 279
280 281
801 280
281 282
800 281
801 281
282 283
282 799
282 800
283 284
799 283
284 285
798 284
284 799
285 286
285 798
286 287
798 286
287 288
287 797
798 287
288 289
288 797
289 290
796 289
797 289
290 291
796 290
291 292
794 291
291 796
292 293
292 794
293 294
685 293
687 293
293 689
794 293
294 295
294 687
690 294
295 296
690 295
296 297
690 296
297 298
670 297
690 297
298 299
298 670
299 300
299 659
670 299
300 301
659 300
300 733
301 302
301 733
302 303
302 733
302 734
303 304
734 303
304 305
703 304
705 304
304 734
305 306
305 705
306 307
306 575
306 705
307 308
307 575
308 309
556 308
308 575
309 310
309 556
310 311
310 555
556 310
311 312
311 555
312 313
312 555
312 558
313 314
313 558
314 315
532 314
314 558
315 316
532 315
316 317
532 316
317 318
532 317
317 551
318 319
551 318
319 320
551 319
573 319
320 321
320 573
321 322
573 321
322 323
552 322
573 322
323 324
323 552
618 323
324 325
324 618
626 324
325 326
626 325
326 327
326 626
326 745
327 328
745 327
328 329
745 328
329 330
329 743
329 745
330 331
743 330
331 332
743 331
331 746
332 333
332 746
333 334
333 746
750 333
334 335
334 750
335 336
750 335
336 337
336 750
336 751
336 753
337 338
337 753
338 339
753 338
339 340
339 753
789 339
340 341
340 789
341 342
341 789
342 343
566 342
342 586
789 342
343 344
586 343
344 345
344 542
344 586
345 346
345 542
346 347
346 542
347 348
347 542
347 565
348 349
348 350
565 348
349 350
350 351
565 350
350 808
351 352
808 351
352 353
808 352
353 354
808 353
353 810
354 355
810 354
355 356
355 792
810 355
356 357
792 356
357 358
792 357
358 359
581 358
358 792
359 360
359 561
581 359
360 361
561 360
361 362
361 561
362 363
365 362
536 362
561 362
363 364
365 363
364 365
365 366
536 365
366 367
536 366
813 366
367 368
811 367
367 813
368 369
368 811
368 812
369 370
812 369
370 371
370 812
371 372
812 371
372 373
372 812
373 374
373 812
374 375
812 374
375 376
375 811
375 812
376 377
376 811
377 378
377 379
377 811
378 379
379 380
811 379
380 381
380 811
381 382
811 381
382 383
382 811
382 813
383 384
383 813
384 385
386 384
536 384
813 384
385 386
386 387
536 386
387 388
387 536
561 387
388 389
388 561
389 390
389 561
390 391
390 561
581 390
391 392
581 391
793 391
392 393
793 392
393 394
393 793
393 807
394 395
394 807
395 396
395 807
396 397
806 396
807 396
397 398
397 806
397 809
398 399
398 809
399 400
399 809
400 401
400 402
691 400
400 809
401 402
402 403
402 541
402 691
403 404
405 403
541 403
404 405
405 406
541 405
405 588
406 407
588 406
790 406
407 408
407 790
408 409
790 408
409 410
754 409
790 409
410 411
754 410
411 412
411 754
412 413
752 412
412 754
413 414
752 413
414 415
752 414
414 755
415 416
755 415
416 417
416 755
756 416
417 418
417 756
417 757
418 419
757 418
419 420
419 757
420 421
420 747
420 757
421 422
421 747
422 423
422 747
422 748
423 424
748 423
424 425
424 748
424 749
425 426
425 749
426 427
723 426
749 426
427 428
723 427
428 429
723 428
429 430
429 710
711 429
723 429
429 725
430 431
430 718
725 430
431 432
718 431
432 433
718 432
432 771
432 773
433 434
773 433
434 435
434 773
435 436
435 773
435 777
436 437
436 777
437 438
437 777
437 778
438 439
438 778
439 440
778 439
440 441
728 440
440 778
441 442
441 728
442 443
442 596
442 621
442 728
443 444
621 443
444 445
621 444
445 446
576 445
621 445
446 447
446 576
577 446
447 448
577 447
448 449
577 448
448 727
449 450
727 449
450 451
727 450
451 452
451 726
451 727
452 453
452 726
453 454
453 580
726 453
454 455
454 580
454 783
455 456
783 455
784 455
456 457
456 784
457 458
457 784
458 459
458 784
459 460
784 459
785 459
460 461
460 785
461 462
785 461
461 786
462 463
462 786
463 464
463 786
464 465
632 464
464 786
465 466
632 465
466 467
523 466
632 466
467 468
523 467
468 469
523 468
468 593
469 470
469 572
469 593
470 471
470 572
471 472
471 572
472 473
549 472
572 472
473 474
549 473
474 475
476 474
520 474
549 474
475 476
476 477
520 476
477 478
477 520
524 477
477 550
478 479
478 524
479 480
524 479
480 481
524 480
537 480
481 482
481 483
484 481
481 537
482 483
483 484
484 485
537 484
485 486
485 537
486 487
537 486
562 486
487 488
487 562
489 652
489 656
657 489
489 667
673 489
489 677
490 644
490 652
490 655
490 658
659 490
490 669
491 583
584 491
491 604
611 491
612 491
491 649
653 491
719 492
720 492
758 492
492 767
768 492
770 492
493 696
493 698
493 700
701 493
704 493
493 713
759 494
494 762
494 774
776 494
787 494
788 494
495 535
559 495
560 495
495 576
495 596
495 622
560 496
577 496
578 496
579 496
496 580
496 598
496 726
496 727
497 779
781 497
497 782
783 497
497 784
497 785
498 553
554 498
619 498
693 498
498 708
709 498
574 499
594 499
620 499
740 499
741 499
500 744
500 746
500 750
751 500
752 500
755 500
756 500
501 564
501 565
501 691
806 501
808 501
501 809
502 751
502 752
502 753
754 502
502 789
502 790
529 503
634 503
678 503
503 681
682 503
503 684
504 531
504 538
504 545
504 563
504 584
585 504
505 563
505 582
505 583
600 505
603 505
505 623
506 604
605 506
606 506
506 608
610 506
506 612
507 758
759 507
507 761
507 764
765 507
507 768
671 508
508 672
508 704
706 508
715 508
509 697
699 509
700 509
509 712
509 717
509 725
532 510
510 551
510 552
553 510
573 510
574 510
510 619
511 603
511 623
511 627
628 511
511 629
511 729
533 512
639 512
512 643
644 512
651 512
685 512
720 513
721 513
513 737
513 738
766 513
513 767
514 712
514 717
718 514
514 719
770 514
514 771
515 557
695 515
698 515
702 515
703 515
515 705
516 554
555 516
556 516
516 557
516 575
693 516
516 694
600 517
517 602
623 517
517 629
517 630
518 567
568 518
518 730
519 547
519 548
549 520
550 520
606 521
607 521
627 521
521 631
521 729
522 632
522 633
522 779
780 522
785 522
786 522
523 593
632 523
633 523
524 537
524 550
562 524
596 525
622 525
728 525
776 525
778 525
525 787
534 526
535 526
622 526
526 763
526 787
788 526
594 527
626 527
527 741
742 527
743 527
745 527
739 528
528 741
528 742
744 528
528 747
528 756
528 757
569 529
529 634
529 636
678 529
634 530
635 530
530 679
530 680
530 681
531 538
545 531
531 546
551 532
553 532
558 532
533 639
640 533
533 685
686 533
533 688
689 533
534 535
534 763
535 559
622 535
561 536
813 536
562 537
563 538
538 582
538 599
540 651
669 540
670 540
687 540
690 540
564 541
587 541
541 588
541 691
542 564
565 542
586 542
542 587
567 543
568 543
543 569
589 543
613 543
614 543
544 545
546 544
585 544
590 544
544 614
544 624
545 546
545 585
589 546
614 546
570 547
548 571
572 549
573 551
552 573
574 552
552 594
618 552
554 553
553 558
553 619
555 554
558 554
554 693
555 556
558 555
575 556
557 575
557 694
557 695
557 705
560 559
597 559
560 576
560 577
560 578
560 597
581 561
582 563
563 583
563 584
564 565
564 587
564 691
565 808
566 586
566 587
566 588
566 789
566 790
567 568
567 569
589 568
569 613
678 569
570 591
592 571
572 593
574 594
574 619
574 620
705 575
577 576
576 596
621 576
727 577
578 579
597 578
579 598
580 598
580 726
782 580
580 783
581 792
793 581
599 582
600 582
601 582
583 584
603 583
604 583
605 583
584 585
653 584
624 585
653 585
585 736
586 587
588 587
588 790
614 589
590 613
590 614
624 590
590 667
590 676
590 678
616 591
617 592
594 618
594 626
594 741
595 619
620 595
709 595
710 595
595 724
621 596
622 596
728 596
782 598
601 599
601 600
602 600
623 600
602 601
602 630
603 605
623 603
603 729
604 605
604 612
605 606
605 729
607 606
606 608
606 729
607 608
610 608
609 610
609 611
612 609
609 731
609 732
612 610
612 611
611 647
611 649
732 611
613 614
678 613
615 624
657 615
615 668
615 676
736 615
625 617
618 626
619 620
709 619
620 724
740 620
787 622
629 623
676 624
736 624
730 625
626 745
627 628
627 631
627 729
628 629
629 630
633 632
786 632
780 633
634 635
636 634
681 634
635 636
679 635
637 660
637 662
637 664
637 674
675 637
683 637
638 658
638 660
638 662
733 638
734 638
735 638
639 640
639 643
645 639
650 639
650 640
641 643
644 641
641 645
641 648
656 641
641 657
642 645
647 642
650 642
642 731
732 642
644 643
645 643
651 644
644 652
656 644
669 644
647 645
645 648
650 645
647 646
648 646
654 646
646 657
646 668
646 736
647 648
649 647
654 647
647 732
648 657
649 653
654 649
731 650
669 651
651 685
651 687
655 652
656 652
673 652
653 654
653 736
736 654
658 655
655 660
673 655
674 655
656 657
657 667
668 657
657 676
659 658
658 660
658 733
659 669
659 670
733 659
660 662
674 660
662 661
663 661
664 661
701 661
661 702
661 735
664 662
662 735
664 663
665 663
663 671
663 683
701 663
663 704
664 683
665 671
665 672
665 679
680 665
683 665
666 673
666 674
666 675
666 677
682 666
676 667
677 667
667 678
684 667
736 668
670 669
670 690
671 672
704 671
672 679
672 715
673 674
677 673
675 674
675 680
675 681
682 675
675 683
682 677
684 677
678 684
679 680
680 681
680 683
681 682
682 684
685 687
685 689
688 686
689 686
794 686
686 795
690 687
689 794
809 691
692 693
692 694
695 692
692 696
697 692
692 707
693 694
707 693
693 708
694 695
696 695
698 695
697 696
696 698
696 700
699 697
700 697
707 697
698 701
702 698
707 699
699 708
699 711
699 725
700 712
700 713
722 700
702 701
701 704
703 702
702 735
705 703
734 703
735 703
706 704
704 713
713 706
714 706
715 706
721 706
706 722
707 708
708 709
708 711
709 710
711 709
711 710
710 723
724 710
711 725
712 717
719 712
712 720
712 722
713 722
714 715
721 714
714 737
723 716
724 716
740 716
749 716
717 718
717 725
725 718
718 771
720 719
719 770
720 721
722 720
720 767
721 722
737 721
724 723
749 723
740 724
726 727
728 778
732 731
734 733
734 735
738 737
738 766
740 739
741 739
747 739
739 748
739 749
741 740
749 740
741 742
743 742
742 744
744 743
745 743
746 743
744 746
756 744
746 750
747 748
757 747
749 748
750 751
752 751
753 751
754 752
752 755
753 789
754 790
755 756
757 756
759 758
768 758
770 758
758 774
758 775
761 759
759 762
759 774
762 760
763 760
769 760
788 760
762 761
764 761
761 769
762 769
762 788
763 769
763 788
765 764
765 766
765 768
767 766
766 768
767 768
771 770
775 770
773 771
771 775
773 772
772 774
775 772
772 776
772 777
773 775
773 777
775 774
776 774
776 777
778 776
776 787
778 777
779 780
781 779
779 785
781 782
782 783
783 784
784 785
786 785
787 788
789 790
791 792
793 791
791 806
791 807
791 810
793 792
792 810
793 807
794 795
796 794
796 797
798 797
798 799
800 799
801 800
801 802
803 802
804 803
804 805
807 806
806 808
809 806
810 806
808 810
812 811
811 813
