879
131 501
129 496
129 491
130 486
130 481
132 476
135 472
138 469
143 467
148 466
153 466
157 464
162 464
167 463
172 461
174 456
176 452
178 447
179 442
180 437
182 433
182 428
183 423
178 422
173 420
173 415
175 411
176 406
175 401
173 398
171 395
170 392
165 388
164 383
162 379
161 374
162 369
164 365
165 360
167 355
168 350
170 346
172 341
173 336
175 332
177 327
179 322
182 318
184 313
186 308
188 304
190 299
191 294
193 290
195 285
196 280
198 275
199 271
201 266
202 261
203 256
200 252
201 247
201 242
202 237
203 232
204 227
204 222
206 218
206 213
207 208
207 203
207 198
208 193
208 188
208 183
208 178
207 173
207 168
202 166
197 164
192 164
187 164
182 163
177 163
172 162
167 162
162 161
157 162
152 162
147 161
143 159
138 158
133 159
128 159
123 159
118 160
114 161
109 161
105 159
100 159
95 159
90 159
85 159
81 161
76 161
71 161
66 161
61 161
57 159
54 156
49 158
44 160
40 161
35 163
30 163
25 163
23 160
25 156
20 156
16 155
18 151
19 149
14 148
10 146
12 141
17 141
22 140
27 140
26 138
21 137
16 136
11 134
14 130
19 130
24 130
29 130
34 131
39 132
44 132
42 128
39 123
39 118
43 115
47 120
51 124
56 128
60 130
62 127
67 126
72 125
77 124
82 124
87 123
92 123
97 123
102 123
107 122
112 122
117 122
122 122
127 123
132 123
137 123
142 123
147 123
152 123
157 123
162 122
167 121
172 122
177 121
182 121
187 121
192 120
197 120
202 120
207 120
212 119
217 119
221 116
224 112
229 109
234 107
239 107
244 105
242 100
238 96
236 91
234 87
234 82
234 77
229 73
224 69
221 65
222 60
226 57
230 54
230 49
230 44
230 39
228 35
233 31
238 28
243 25
248 21
253 19
257 16
262 12
264 13
262 18
266 19
271 19
276 19
281 20
278 23
278 26
283 29
284 33
284 38
284 43
284 48
285 53
282 56
287 57
291 60
291 65
288 69
285 74
281 77
279 82
279 87
279 92
276 94
272 99
272 104
275 108
280 108
284 111
286 112
290 115
293 118
298 118
303 118
308 118
313 118
318 118
323 119
328 119
333 119
338 119
343 120
348 120
353 121
358 121
363 121
368 121
373 121
378 121
383 121
388 120
393 120
398 120
403 121
408 121
413 121
418 121
423 121
428 122
433 122
438 123
443 124
447 127
452 126
456 122
460 118
465 114
467 113
470 117
468 121
466 125
462 129
467 130
472 130
477 130
482 130
486 128
491 127
496 127
498 132
493 134
488 136
483 136
478 136
475 138
480 138
485 138
490 139
495 139
500 141
499 145
494 146
489 147
492 151
490 154
485 155
485 157
484 162
480 162
475 161
471 159
466 158
461 157
456 156
452 157
447 158
442 157
437 157
432 158
427 158
422 157
417 157
412 157
407 157
402 157
397 158
392 158
387 158
382 157
377 157
372 157
367 157
362 158
357 159
352 159
347 159
342 159
337 159
333 161
328 161
323 161
318 162
313 162
308 163
303 163
298 164
297 169
297 174
298 179
298 184
299 189
299 194
300 199
300 204
302 208
303 213
303 218
304 223
304 228
305 233
306 238
306 243
304 248
305 253
306 258
307 263
308 267
310 272
311 277
312 282
315 286
316 291
317 296
320 300
321 305
323 310
326 314
328 319
329 324
332 328
333 333
335 338
336 343
339 347
341 352
342 357
344 361
345 366
346 371
346 376
346 381
343 385
340 390
336 394
332 399
333 404
333 409
334 414
335 419
331 422
326 423
326 428
327 433
328 438
329 443
331 448
333 452
334 457
337 462
342 463
347 464
352 464
356 466
361 467
366 468
371 469
375 473
377 478
378 483
379 488
380 492
378 496
376 501
371 501
366 501
361 501
356 501
351 500
346 498
341 497
337 495
332 491
327 489
323 485
318 484
313 483
308 483
303 481
301 477
301 472
301 467
301 462
300 457
300 452
300 447
299 442
299 437
299 432
298 427
296 423
291 420
289 416
289 411
289 406
285 402
281 398
277 394
273 389
270 385
268 380
268 375
267 370
265 366
264 361
264 356
263 351
263 346
262 341
262 336
261 331
261 326
259 322
259 317
258 312
256 307
256 302
253 300
251 304
250 309
249 314
248 319
248 324
248 329
248 334
247 339
247 344
245 348
245 353
245 358
243 363
242 368
241 373
241 378
239 382
237 387
233 391
229 396
224 400
220 404
219 409
219 414
219 419
215 422
211 425
211 430
209 434
209 439
209 444
208 449
208 454
207 459
207 464
207 469
207 474
206 479
204 483
199 483
194 483
189 484
184 486
179 490
174 493
169 496
165 498
160 499
155 500
150 501
145 501
140 501
135 501
132 501
273.664 272.253
215.778 320.389
228.663 280.541
199.5 142
256.135 51.5
256.5 79.5
168.427 141.866
252.702 180.5
205.818 357.427
197.73 399.054
295.5 141
325.5 140
288.709 308.458
305.873 369.127
311.036 405.793
246.341 238.068
230.281 180.5
255.854 141.885
274.007 171.5
188.319 350.428
325.776 373.5
296.66 386.34
286.21 358.5
310.975 344.71
224.058 244.5
275.732 236.254
233.031 136.208
248.642 123.856
213.188 379.25
274.973 131.041
72.1513 143.14
147.884 483.715
196.816 426.57
347.935 481.042
210.297 300.766
230.637 302.527
225.831 339.018
259.31 34.7925
269.94 48.735
245.627 84.1386
204.644 411.822
275.393 318.079
222.246 226.332
212.89 249.08
281.343 215.219
226.741 374.554
276.159 119.522
435.855 139.952
452.906 141.146
298.343 293.459
196.579 331.988
186.547 374.469
283.763 377.047
307.979 324.234
319.257 333.719
290.692 240.138
228.876 354.975
464.137 140.863
176.255 381.33
471.904 148.291
112.898 141.332
271.802 36.5989
214.382 236.813
224.996 262.695
262.759 123.962
175.538 369.105
188.433 388.447
266.588 28.5621
221.333 253.762
185.656 362.317
176.158 359.093
195.342 358.244
201.607 371.006
35.6 149.2
244.897 41.4249
321.356 411.928
311.644 422.511
300.894 412.103
362.788 482.583
267.848 65.8499
261.796 43.9206
208.927 401.246
205.479 389.168
217.221 390.341
192.484 414.819
216.212 366.073
444.68 136.275
285.873 387.714
295.348 374.566
287.918 368.16
277.108 365.09
323.608 345.614
316.332 358.571
308.928 334.552
293.743 342.896
318.42 323.266
278.979 254.499
285.936 227.71
291.94 218.412
294.911 231.399
264.552 134.944
276.628 151.321
254.924 131.8
266.421 146.207
244.747 137.823
265.807 160.175
242.839 160.259
246.846 149.301
257.374 152.911
232.737 150.353
255.79 112.097
186.334 399.665
178.758 349.875
195.824 380.333
249.553 32.5653
243.242 54.5757
252.673 65.5476
236.205 63.8529
243.701 71.8687
355.998 475.682
354.543 489.701
272.721 57.7602
225.369 384.49
217.152 354.373
207.821 342.303
198.787 348.086
226.096 364.578
302.954 355.776
329.133 357.237
323.424 364.537
281.541 244.632
261.602 171.851
250.315 169.14
241.492 176.925
228.133 165.152
216.93 142.949
266.226 113.946
260.374 59.9952
260.155 70.9962
267.904 79.364
262.337 90.7704
208.591 330.181
219.306 330.512
231.921 320.439
217.517 344.449
297.143 364.041
293.838 352.562
302.056 346.685
237.314 168.2
219.712 174.154
219.751 186.064
236.614 205.231
230.481 193.625
243.437 190.187
221.719 205.678
263.873 200.458
255.229 192.191
268.185 185.082
250.719 205.559
226.475 143.147
221.007 154.819
207.654 152.771
254.94 100.167
248.559 93.1544
229.478 215.814
236.238 228.208
217.791 196.166
283.051 183.417
243.805 199.423
263.397 218.74
216.667 164.24
196.433 152.794
183.957 143.417
234.774 239.813
243.278 256.977
232.785 252.099
226.329 235.099
241.778 247.032
243.4 216.834
253.621 215.456
254.747 228.296
266.135 229.912
245.502 226.1
273.397 222.211
261.652 247.13
256.525 238.327
285.573 172.113
280.306 162.059
289.716 152.837
301.463 151.246
310.455 139.154
276.914 195.822
186.124 153.523
177.13 133.248
190.838 132.936
201.811 131.121
317.418 149.523
301.774 130.323
312.311 128.647
287.841 193.507
284.422 204.312
273.272 207.052
214.044 131.061
225.225 127.409
208.419 138.721
236.834 124.973
241.987 116.477
322.921 129.658
292.311 209.16
53.396 142.168
62.9386 139.471
43.1321 142.227
139.65 490.4
194.35 441.174
190.834 433.07
273.189 301.003
290.87 325.475
304.94 308.289
313.496 314.143
234.413 345.65
214.353 274.181
213.438 262.66
223.782 272.244
237.542 269.733
216.716 288.144
255.658 270.212
245.071 284.969
227.396 291.737
238.503 294.282
220.64 299.648
222.759 311.085
205.32 290.291
200.214 299.138
246.7 266.184
255.481 257.681
251.708 248.395
267.433 257.591
237.867 279.051
265.115 267.232
313.238 436.663
278.44 345.129
274.476 354.889
284.838 335.417
273.397 334.843
270.366 325.982
291.953 253.125
286.812 266.516
277.811 263.822
296.523 262.562
286.078 282.769
282.454 274.463
334.224 366.766
238.113 310.993
241.966 302.723
217.221 216.127
175.048 151.075
278.926 308.943
268.35 310.308
285.148 317.556
298.299 333.198
298.906 317.701
296.769 303.041
307.17 298.415
263 285.88
206.464 280.346
200.426 315.307
297.314 275.774
295.122 284.774
285.506 295.807
274.479 283.877
276.929 292.673
264.276 296.014
253.805 289.968
210.251 311.356
192.017 322.152
318.765 466.176
311.155 472.968
330.044 473.527
320.921 475.197
340.597 473.459
317.21 389.1
328.303 385.039
335.56 377.404
320.703 399.88
306.03 394.454
298.631 401.873
314.477 377.448
306.716 384.194
288.074 130.171
283.419 141.324
273.974 140.472
284.637 122.027
185.793 338.226
185.951 329.046
235.902 332.032
191.205 456.807
187.548 447.938
198.3 450.101
315.039 451.6
308.907 444.763
319.658 443.466
323.709 457.148
310.734 460.465
193.797 469.776
182.976 465.195
173.339 476.097
183.522 475.388
159.92 477.594
167.516 484.789
157.464 488.566
149.733 141.558
158.955 149.331
149.314 151.412
159.198 134.562
167.925 130.652
345.096 139.49
335.099 132.114
335.485 146.937
345.04 149.343
326.905 151.393
90.0696 140.948
80.2754 135.216
81.8864 148.388
101.576 135.657
110.617 131.751
102.771 147.404
111.961 151.249
417.869 139.01
426.494 146.499
427.199 133.045
130.967 141.043
139.441 147.465
122.069 133.6
122.469 148.018
140.537 134.5
363.286 139.19
356.144 147.826
354.077 132.395
399.635 138.92
408.785 132.279
408.719 145.76
381.33 138.967
372.224 132.274
390.463 131.523
390.502 146.333
372.391 145.772
200.889 132.238
295.111 134.654
879
130.722 501.71
134.263 495.116
137.186 490.862
141.202 484.853
141.317 483.749
141.529 483.167
140.986 482.545
141.663 482.939
142.303 483.329
144.678 484.913
151.467 485.298
156.328 485.437
162.37 483.716
171.881 479.898
185.134 472.397
192.47 464.492
193.633 460.086
194.16 451.63
194.536 445.926
194.791 442.13
195.211 436.87
195.961 427.25
196.796 416.443
178.562 417.942
170.199 419.529
180.784 417.521
196.283 414.574
196.417 396.281
195.853 388.406
194.621 381.446
191.034 379.125
189.537 377.994
177.948 375.233
176.167 375.403
175.487 375.431
171.881 375.95
173.608 375.464
181.576 371.997
183.832 370.068
188.617 365.21
190.333 361.19
191.856 358.509
194.624 351.761
196.283 346.542
197.101 343.77
198.21 339.552
199.351 337.012
200.555 335.113
204.94 325.825
207.045 318.755
208.681 308.165
209.33 303.9
210.062 298.827
211.051 296.121
213.255 289.655
215.045 284.3
216.544 280.559
218.675 277.289
222.727 269.395
226.246 258.445
223.768 248.996
220.021 245.738
220.111 245.445
221.362 243.899
223.332 241.047
225.741 236.61
227.909 230.79
229.321 224.875
229.913 223.003
231.841 217.022
233.496 210.058
234.307 201.306
234.375 199.371
235.499 195.158
237.542 188.812
239.266 181.935
240.209 172.463
239.557 160.694
231.515 145.305
215.574 136.849
197.174 137.511
186.855 138.831
182.84 139.57
179.876 139.958
176.155 140.435
171.69 140.988
166.321 141.666
160.121 142.453
153.44 143.192
152.523 143.327
152.007 143.359
148.675 142.858
139.408 141.812
128.15 141.216
125.196 141.059
117.767 140.836
113.302 141.211
112.912 142.456
112.882 142.394
110.297 140.925
103.162 140.34
95.4189 140.218
87.6417 140.324
79.4743 141.486
76.198 142.116
75.1113 142.319
70.5429 142.73
65.7507 142.271
64.6203 142.168
62.7777 141.984
55.4794 141.478
42.5368 143.07
35.7087 145.502
32.1805 147.727
29.6792 150.596
28.7662 151.634
24.9642 162.54
25.1055 162.062
35.5556 144.889
23.4583 151.564
15.2186 155.646
19.5292 153.511
26.2883 150.183
14.805 145.16
10.4318 142.939
10.9274 143.195
17.2625 146.403
27.0153 149.767
32.2206 147.048
24.1986 137.341
19.1241 133.193
15.9118 132.738
11.2896 133.167
14.344 132.766
18.5794 132.56
23.3884 134.455
27.2277 137.55
30.8597 144.698
38.0183 144.432
49.2838 141.129
44.936 128.434
42.0121 119.893
41.3023 117.82
40.7638 116.247
41.6948 118.966
0 0
50.8937 141.399
133.333 136.889
66.6086 142.339
70.1973 142.645
74.6056 142.393
78.1686 141.727
82.4577 141.047
87.3786 140.333
95.1029 140.17
98.1221 140.214
107.352 140.557
109.603 140.725
112.238 140.829
115.242 140.768
118.006 140.707
123.298 140.944
128.116 141.205
136.16 141.642
141.853 141.998
147.133 142.498
152.649 143.003
159.238 142.612
164.974 141.782
167.249 141.417
170.632 141.062
175.724 140.485
183.155 139.391
185.988 138.978
190.863 138.211
194.705 137.591
199.337 136.846
208.289 137.04
217.893 137.301
228.694 136.433
238.351 133.397
242.036 130.673
242.833 129.993
243.848 129.731
249.17 128.969
257.221 119.475
253.252 92.0624
252.2 85.0661
251.949 83.7326
251.905 83.8351
252.667 80.2773
253.638 66.0422
246.281 60.5575
226.707 63.1803
219.09 64.1971
220.519 64.0063
235.511 62.005
252.309 58.1971
255.637 48.8709
250.24 41.5832
246.311 40.1212
222.216 31.1968
243.784 39.0447
251.246 41.9803
257.438 39.5393
260.837 33.1311
261.642 30.9418
261.375 23.0616
263.025 13.0954
263.102 12.6228
262.496 19.0963
262.402 27.96
266.311 29.8328
276.819 20.1899
281.261 19.4505
279.017 19.8409
267.2 29.3415
268.591 28.44
268.461 28.5081
264.882 31.4475
260.186 39.1227
257.705 48.3517
259.438 52.4396
260.215 54.2958
273.749 59.4436
293.829 63.3836
282.141 61.0902
262.547 55.9152
262.142 56.8494
256.047 59.7478
253.062 73.1393
252.759 80.3874
274.828 92.4761
252.683 80.381
253.406 92.0499
256.82 114.37
263.714 127.176
274.455 126.817
275.592 125.231
275.648 125.152
274.885 127.08
278.699 131.556
291.974 133.01
303.214 134.323
310.387 135.39
315.717 136.232
318.888 137.119
323.781 138.43
331.141 140.242
333.193 140.741
336.563 141.32
343.777 141.471
346.292 141.474
351.708 141.497
358.223 141.012
363.669 140.409
368.817 139.77
373.868 139.193
379.488 139.007
381.785 138.916
390.345 138.635
393.184 138.593
396.512 138.565
360 139.556
408.014 138.458
413.867 138.416
419.04 138.381
423.088 138.597
427.42 138.827
430.966 139.092
432.45 139.204
437.63 139.632
444.587 140.237
455.291 141.314
459.76 131.385
464.149 120.428
466.575 114.58
466.989 113.602
466.336 115.143
466.01 115.941
462.312 125.053
461.333 133.333
463.56 142.535
471.384 142.373
476.831 133.024
483.009 132.499
487.397 131.926
492.12 130.091
495.397 129.822
496.202 129.772
494.227 129.912
489.692 131.07
483.271 132.467
483.222 132.113
470.611 143.697
478.616 148.158
484.051 149.974
490.27 146.154
496.045 142.493
499.473 142.54
499.297 142.537
493.836 144.413
489.129 149.691
489.518 150.825
488.996 150.747
482.326 149.922
482.725 159.584
482.879 163.348
482.648 157.719
482.333 150.17
477.976 148.327
470.793 145.376
464.104 142.752
456.952 141.567
451.795 140.926
447.857 140.553
442.903 140.075
436.025 139.487
431.668 139.151
429.255 138.956
424.767 138.694
418.752 138.375
412.757 138.421
406.577 138.472
399.611 138.538
395.342 138.581
392.223 138.612
389.407 138.671
382.206 138.909
378.232 139.066
371.839 139.375
361.951 140.608
358.774 141.001
354.922 141.463
351.88 141.483
347.586 141.537
341.758 141.452
335.083 141.285
332.743 140.868
331.494 140.612
327.271 139.368
322.762 138.013
312.06 135.968
308.222 135.264
296.111 133.449
273.415 130.966
263.705 154.15
260.488 171.298
261.954 181.201
265.857 188.499
269.19 194.486
271.828 199.659
275.03 205.969
279.939 211.492
283.756 215.679
283.853 216.373
283.473 219.456
283.932 224.097
284.464 228.578
285.361 232.52
285.463 233.485
284.504 235.519
281.315 242.24
280.652 253.142
283.023 260.878
285.011 266.322
285.665 268.269
287.766 274.858
289.566 280.661
290.934 284.595
294.727 294.107
296.012 297.861
297.955 304.258
299.029 309.244
299.992 314.237
302.38 322.583
303.79 326.427
304.438 328.673
304.738 333.955
305.133 337.963
305.512 342.696
306.974 349.937
312.206 361.486
314.164 364.281
317.134 367.95
321.41 370.475
325.113 372.417
328.43 373.466
330.347 373.944
340.235 376.042
342.526 376.5
339.84 375.955
324.24 373.984
313.233 376.683
309.218 391.626
308.866 406.513
314.306 414.033
328.094 417.841
338.459 420.027
321.791 417.399
310.498 413.679
311.281 425.111
312.323 439.054
312.555 442.262
313.062 449.061
313.712 457.699
313.835 459.65
316.748 465.848
323.113 472.197
340.274 480.208
348.185 481.425
353.919 481.975
355.556 482.131
361.162 482.434
365.032 482.631
366.205 482.069
366.079 482.113
364.522 482.972
366.557 486.991
372.519 491.991
374.044 493.259
373.708 492.978
379.52 499.219
371.389 491.38
368.68 489.231
362.967 485.123
361.173 483.954
358.265 482.272
353.447 481.912
349.992 481.625
348.077 481.431
341.657 480.82
332.886 476.898
323.172 472.353
317.294 468.642
313.719 469.175
306.421 476.436
302.835 479.999
307.554 475.313
310.16 472.726
314.413 467.074
314.409 464.234
313.906 458.715
313.432 453.892
312.931 447.446
312.578 442.571
312.264 438.15
311.626 429.695
310.806 418.464
308.427 411.536
302.8 417.045
302.632 417.294
304.191 415.03
308.498 398.433
300.958 383.439
299.049 379.951
294.779 375.738
290.17 373.999
287.878 374.829
289.074 374.333
290.794 371.701
290.494 366.772
289.542 364.18
289.646 363.29
290.598 359.209
291.882 353.929
293.126 348.289
293.352 342.053
293.617 335.961
293.627 329.94
293.566 324.11
293.681 320.553
293.89 317.85
294.407 305.005
286.119 290.133
276.859 273.647
247.119 264.16
227.719 278.903
215.018 296.05
210.982 308.622
210.326 320.156
212.105 328.897
213.7 334.756
214.619 337.474
215.098 341.607
215.27 342.801
214.655 345.419
213.73 351.328
213.403 354.635
212.757 359.707
214.325 368.075
218.993 374.798
225.944 378.721
225.478 378.577
224.875 378.356
220.038 376.449
211.754 375.829
203.409 379.732
198.693 392.455
196.976 409.434
199.441 415.394
215.107 421.968
198.654 415.051
196.617 418.23
196.091 425.743
195.291 435.886
194.985 439.768
194.61 444.722
194.329 449.02
193.998 454.068
193.566 460.633
192.657 465.446
195.198 470.975
197.405 473.209
202.759 478.628
207.643 483.58
201.063 476.913
194.859 470.583
189.71 471.19
180.583 475.149
170.926 480.439
164.186 483.318
160.005 484.706
159.211 484.938
156.512 485.677
150.599 485.439
145.099 485.096
142.475 485.081
138.156 489.484
136.472 492.098
130.834 501.502
275.995 264.047
209.467 321.58
223.449 271.171
196.478 137.425
256.241 49.6863
253.05 73.6271
164.085 141.949
248.206 172.118
199.769 360.491
197.306 395.065
294.456 133.333
325.382 138.844
295.962 307.237
294.51 365.925
308.342 407.576
233.052 235.204
240.719 176.961
250.653 135.046
258.397 162.838
193.002 358.04
318.188 372.689
300.199 380.581
291.397 361.732
304.509 350.271
227.717 242.53
0 0
238.43 136.406
251.822 129.042
204.963 376.365
271.538 128.29
70.7656 142.701
147.734 485.224
195.879 428.384
350.067 481.613
210.935 299.827
215.123 293.013
211.962 341.138
259.278 37.6775
252.25 41.3131
252.303 82.1198
196.815 414.179
294.575 316.439
229.362 229.068
224.937 248.751
281.907 221.243
220.141 376.969
268.581 128.692
432.636 139.292
454.878 141.298
295.24 296.097
198.747 341.246
183.808 374.378
290.542 373.169
303.323 329.646
304.097 339.77
284.371 234.617
213.015 356.402
470.468 144.417
187.303 376.331
476.866 147.649
112.953 141.146
271.348 22.2994
224.666 240.004
228.348 257.818
259.126 128.247
178.882 373.903
198.07 381.469
263.179 31.5223
226.356 250.165
191.26 362.064
188.362 365.858
196.641 361.466
210.197 377.195
32.8138 147.022
258.278 40.438
307.556 361.778
311.028 421.67
308.285 410.34
363.566 482.996
256.105 59.0259
258.358 42.4541
197.472 395.837
200.126 383.466
203.873 378.58
0 0
211.799 352.537
445.716 140.346
298.491 379.811
293.495 372.028
294.139 368.264
290.17 364.721
309.855 357.092
308.609 369.016
302.99 338.734
295.748 345.521
304.399 330.905
279.801 246.518
282.63 226.622
283.043 219.375
284.14 226.774
260.986 132.372
266.79 137.106
254.576 131.538
263.931 136.281
246.85 135.85
253.333 130.667
245.279 151.853
247.591 142.716
248.729 134.78
241.619 147.448
257.434 121.157
197.203 395.08
191.177 359.834
196.791 377.373
258.054 39.2607
255.184 51.3799
255.978 58.2341
263.527 55.3014
253.356 69.5245
363.593 485.839
358.486 482.305
257.64 55.0492
218.07 375.747
210.912 356.153
211.556 366.222
199.928 352.056
213.292 366.727
302.202 359.361
316.346 368.684
316.002 369.444
278.001 240.821
254.668 163.931
0 0
245.504 169.936
241.23 153.535
222.272 138.054
261.606 129.761
256.784 55.4162
254.177 65.4878
253.107 72.7086
252.444 62.2222
206.013 333.707
204.03 334.057
210.291 321.067
212.637 343.743
299.03 365.953
299.875 357.545
299.476 343.304
243.2 159.117
240.203 162.875
239.301 179.259
248.356 193.962
239.06 200.943
246.172 185.819
234.619 203.254
255.497 200.46
253.117 188.159
260.324 181.649
250.771 202.625
232.32 138.976
232.558 143.59
218.659 136.914
255.24 104.486
252.402 86.336
232.98 213.5
242.077 225.024
234.9 198.616
262.068 182.038
245.95 196.265
262.79 216.514
233.309 146.265
195.504 137.61
187.463 139.003
235.461 237.244
241.6 246.188
227.539 252.598
230.314 234.61
241.114 242.408
244.865 214.613
252.373 207.079
255.781 229.619
266.108 226.968
245.989 223.468
256 219.556
239.216 256.151
256.684 234.117
261.705 160.711
263.608 148.527
273.48 133.991
303.833 134.659
313.907 135.904
267.514 194.671
182.58 139.591
173.014 140.795
187.672 138.696
203.134 137.088
318.885 137.138
299.024 133.886
315.314 136.157
268.287 193.115
274.912 206.709
275.81 210.98
224.57 137.058
237.789 136.506
210.282 136.841
242.811 131.25
246.69 130.129
321.671 137.862
282.257 214.14
50.5046 141.277
63.8698 142.079
35.3237 145.719
140.587 488.382
195.008 439.48
195.637 431.417
288.552 291.089
297.408 326.602
299.271 311.185
302.125 322.034
214.729 343.585
221.406 272.38
227.343 258.252
225.503 267.417
235.493 260.568
216.061 283.939
249.905 259.65
228.663 259.957
219.81 283.039
222.945 280.008
214.33 293.89
210.525 308.507
212.052 293.328
210.809 298.677
245.169 255.863
253.411 246.056
251.406 242.656
275.895 252.113
233.472 266.659
266.784 257.362
311.894 433.249
293.418 345.137
291.407 356.363
294.783 336.636
293.773 335.913
293.775 322.666
280.229 251.679
282.697 268.488
276.651 261.301
283.254 261.963
287.163 276.674
282.39 269.456
323.181 371.501
213.23 298.184
235.556 282.667
230.594 221.32
171.72 140.986
294.555 305.089
281.778 279.111
294.555 319.668
296.21 339.727
298.283 322.485
298.207 307.418
297.679 303.457
268.935 266.588
215.672 282.827
208.222 320.73
287.612 275.071
290.62 284.427
292.538 293.636
281.227 271.385
285.722 275.236
282.755 277.736
249.358 263.005
208.77 312.56
203.32 329.569
315.546 467.702
314.222 467.972
349.97 481.827
317.836 468.622
344.565 480.966
309.482 385.632
312.732 375.07
332.475 374.337
304.09 385.121
307.443 391.718
308.424 397.686
309.598 375.983
307.781 383.919
278.247 131.551
273.529 133.214
267.351 134.252
274.674 127.704
195.794 348.345
198.514 339.135
213.092 332.653
193.03 462.444
195.241 436.818
194.195 451.071
313.691 456.534
312.83 446.086
313.523 454.978
328.889 464
314.405 463.989
185.778 464
191.16 468.759
181.989 474.313
188.124 471.407
147.541 486.844
163.795 483.473
157.827 485.187
123.099 141.708
159.217 142.594
152.546 143.228
159.426 142.596
167.476 141.406
345.282 141.53
314.969 136.807
335.903 141.336
351.292 141.256
329.558 140.012
95.9976 140.277
84.7928 141.334
79.3789 141.501
100.32 140.306
112.32 141.672
104.118 140.355
112.404 141.183
418.881 138.378
428.555 138.907
424.741 138.689
129.482 141.28
137.177 141.865
119.219 140.733
123.168 140.998
141.144 141.942
362.204 140.553
357.962 141.037
352.826 141.486
399.258 138.541
409.024 138.449
423.97 138.848
382.592 138.879
373.418 139.227
391.399 138.619
391.175 138.62
367.506 139.918
202.667 137.778
298.667 135.111
2101
0 0
0 0
0 0
0 0
0 0
0 0
0 0
0 0
0 0
0 0
0 0
0 0
0 0
0 0
0 0
0 0
0 0
0 0
0 0
0 0
0 0
0 0
0 0
0 0
0 0
0 0
0 0
0 0
0 0
0 0
0 0
0 0
0 0
0 0
0 0
0 0
0 0
0 0
0 0
0 0
0 0
0 0
0 0
0 0
0 0
0 0
0 0
0 0
0 0
0 0
0 0
0 0
0 0
0 0
0 0
0 0
0 0
0 0
0 0
0 0
0 0
0 0
0 0
0 0
0 0
0 0
0 0
0 0
0 0
834 655
0 0
0 0
0 0
0 0
0 0
0 0
0 0
0 0
0 0
0 0
0 0
0 0
0 0
0 0
0 0
0 0
0 0
0 0
0 0
0 0
0 0
0 0
0 0
0 0
0 0
0 0
0 0
0 0
0 0
0 0
655 784
0 0
0 0
0 0
0 0
0 0
0 0
0 0
0 0
0 0
0 0
0 0
0 0
0 0
0 0
0 0
0 0
0 0
0 0
0 0
0 0
0 0
0 0
0 0
0 0
0 0
0 0
0 0
0 0
0 0
0 0
0 0
0 0
0 0
0 0
0 0
0 0
784 714
0 0
0 0
0 0
0 0
0 0
0 0
0 0
0 0
0 0
0 0
0 0
0 0
0 0
0 0
0 0
0 0
0 0
0 0
0 0
0 0
0 0
0 0
0 0
0 0
0 0
0 0
0 0
0 0
0 0
0 0
0 0
0 0
0 0
0 0
0 0
0 0
0 0
0 0
0 0
0 0
0 0
0 0
0 0
0 0
0 0
0 0
0 0
0 0
0 0
0 0
0 0
714 636
0 0
0 0
0 0
0 0
0 0
0 0
0 0
0 0
0 0
0 0
0 0
0 0
0 0
0 0
0 0
0 0
0 0
0 0
0 0
0 0
0 0
0 0
0 0
0 0
0 0
0 0
0 0
0 0
0 0
0 0
0 0
0 0
0 0
0 0
0 0
0 0
0 0
0 0
0 0
0 0
0 0
0 0
0 0
0 0
0 0
0 0
0 0
0 0
0 0
0 0
0 0
0 0
0 0
0 0
0 0
0 0
0 0
0 0
0 0
0 0
0 0
0 0
0 0
0 0
0 0
0 0
0 0
0 0
0 0
0 0
0 0
0 0
0 0
0 0
0 0
0 0
0 0
0 0
0 0
0 0
147 118
0 0
0 0
0 0
0 0
0 0
0 0
0 0
0 0
0 0
0 0
0 0
0 0
0 0
0 0
0 0
0 0
0 0
0 0
0 0
0 0
0 0
0 0
0 0
0 0
0 0
0 0
0 0
0 0
0 0
0 0
0 0
0 0
0 0
0 0
0 0
0 0
0 0
0 0
0 0
0 0
0 0
0 0
0 0
0 0
0 0
0 0
0 0
0 0
0 0
0 0
0 0
0 0
0 0
0 0
0 0
0 0
0 0
0 0
0 0
0 0
0 0
0 0
0 0
0 0
0 0
0 0
0 0
0 0
0 0
0 0
0 0
0 0
0 0
0 0
0 0
0 0
0 0
0 0
0 0
0 0
0 0
0 0
0 0
0 0
0 0
0 0
0 0
0 0
0 0
0 0
0 0
0 0
0 0
0 0
0 0
0 0
0 0
0 0
0 0
0 0
0 0
0 0
0 0
0 0
0 0
0 0
0 0
0 0
0 0
0 0
0 0
0 0
0 0
0 0
0 0
0 0
0 0
0 0
0 0
0 0
0 0
0 0
0 0
0 0
0 0
0 0
0 0
0 0
0 0
0 0
0 0
0 0
0 0
0 0
0 0
0 0
0 0
0 0
0 0
0 0
0 0
0 0
0 0
0 0
0 0
0 0
0 0
0 0
0 0
0 0
0 0
0 0
0 0
0 0
0 0
0 0
0 0
0 0
0 0
0 0
0 0
0 0
0 0
0 0
0 0
0 0
0 0
0 0
0 0
0 0
0 0
0 0
0 0
636 671
0 0
0 0
0 0
0 0
0 0
0 0
0 0
0 0
0 0
0 0
0 0
0 0
0 0
0 0
0 0
0 0
0 0
0 0
0 0
0 0
0 0
0 0
0 0
0 0
0 0
0 0
0 0
0 0
0 0
0 0
0 0
0 0
0 0
0 0
0 0
0 0
0 0
0 0
0 0
0 0
0 0
0 0
0 0
0 0
0 0
0 0
0 0
0 0
0 0
0 0
0 0
0 0
0 0
0 0
0 0
0 0
0 0
0 0
0 0
0 0
0 0
0 0
0 0
0 0
0 0
0 0
0 0
0 0
0 0
0 0
0 0
0 0
0 0
0 0
0 0
0 0
0 0
0 0
0 0
0 0
0 0
0 0
0 0
0 0
0 0
0 0
0 0
0 0
0 0
0 0
0 0
0 0
0 0
0 0
0 0
0 0
0 0
0 0
0 0
0 0
0 0
0 0
0 0
0 0
0 0
0 0
0 0
0 0
0 0
0 0
0 0
0 0
0 0
0 0
0 0
0 0
0 0
0 0
0 0
0 0
0 0
0 0
0 0
0 0
0 0
0 0
0 0
0 0
0 0
0 0
0 0
0 0
0 0
0 0
0 0
0 0
0 0
0 0
0 0
0 0
0 0
0 0
0 0
0 0
0 0
0 0
0 0
0 0
0 0
0 0
0 0
0 0
0 0
0 0
0 0
0 0
0 0
0 0
0 0
0 0
0 0
0 0
0 0
0 0
0 0
0 0
0 0
0 0
0 0
0 0
0 0
0 0
0 0
0 0
0 0
0 0
0 0
0 0
0 0
0 0
0 0
0 0
0 0
0 0
0 0
0 0
0 0
0 0
0 0
0 0
0 0
0 0
0 0
0 0
0 0
0 0
0 0
0 0
0 0
0 0
0 0
0 0
0 0
0 0
0 0
0 0
0 0
0 0
0 0
0 0
0 0
263 281
0 0
0 0
0 0
0 0
0 0
0 0
0 0
0 0
0 0
0 0
0 0
0 0
0 0
0 0
0 0
0 0
0 0
0 0
0 0
0 0
0 0
0 0
0 0
0 0
0 0
0 0
0 0
0 0
0 0
0 0
0 0
0 0
0 0
0 0
0 0
0 0
0 0
0 0
0 0
0 0
0 0
0 0
0 0
0 0
0 0
0 0
0 0
0 0
0 0
0 0
0 0
0 0
0 0
0 0
0 0
0 0
0 0
0 0
0 0
0 0
0 0
0 0
0 0
0 0
0 0
0 0
0 0
0 0
0 0
0 0
0 0
0 0
0 0
0 0
0 0
0 0
0 0
0 0
0 0
0 0
0 0
0 0
0 0
0 0
0 0
0 0
0 0
0 0
0 0
0 0
0 0
0 0
0 0
0 0
0 0
0 0
0 0
0 0
0 0
0 0
0 0
0 0
0 0
0 0
0 0
0 0
0 0
0 0
0 0
0 0
0 0
0 0
0 0
0 0
0 0
0 0
0 0
0 0
0 0
0 0
0 0
0 0
0 0
0 0
0 0
0 0
0 0
0 0
0 0
0 0
0 0
0 0
0 0
0 0
0 0
0 0
0 0
0 0
0 0
0 0
0 0
0 0
0 0
0 0
0 0
0 0
0 0
0 0
0 0
0 0
0 0
0 0
0 0
0 0
0 0
0 0
0 0
0 0
0 0
0 0
0 0
0 0
0 0
0 0
0 0
0 0
0 0
0 0
0 0
0 0
0 0
0 0
0 0
0 0
0 0
0 0
0 0
0 0
0 0
0 0
0 0
0 0
0 0
0 0
0 0
0 0
0 0
0 0
0 0
0 0
0 0
0 0
0 0
0 0
0 0
0 0
0 0
0 0
0 0
0 0
0 0
0 0
0 0
0 0
0 0
0 0
0 0
0 0
0 0
0 0
0 0
0 0
0 0
0 0
0 0
0 0
0 0
0 0
0 0
0 0
0 0
0 0
0 0
0 0
0 0
0 0
714 788
0 0
0 0
0 0
0 0
0 0
0 0
0 0
0 0
0 0
0 0
0 0
0 0
0 0
0 0
0 0
0 0
0 0
0 0
0 0
0 0
0 0
0 0
0 0
0 0
0 0
0 0
0 0
0 0
788 606
0 0
0 0
0 0
0 0
0 0
0 0
0 0
0 0
0 0
0 0
0 0
0 0
0 0
0 0
0 0
0 0
0 0
0 0
0 0
0 0
0 0
0 0
0 0
0 0
0 0
0 0
0 0
0 0
0 0
0 0
0 0
0 0
0 0
0 0
0 0
0 0
0 0
0 0
0 0
0 0
0 0
0 0
0 0
0 0
0 0
0 0
0 0
0 0
0 0
0 0
0 0
0 0
0 0
0 0
0 0
0 0
0 0
0 0
0 0
0 0
0 0
606 832
0 0
0 0
0 0
0 0
0 0
0 0
0 0
0 0
0 0
0 0
0 0
0 0
0 0
0 0
0 0
0 0
0 0
0 0
0 0
0 0
0 0
0 0
0 0
0 0
0 0
0 0
0 0
0 0
0 0
0 0
0 0
0 0
0 0
0 0
0 0
0 0
0 0
0 0
0 0
0 0
0 0
0 0
0 0
0 0
0 0
0 0
0 0
0 0
0 0
0 0
0 0
0 0
0 0
0 0
0 0
0 0
0 0
0 0
0 0
0 0
0 0
0 0
0 0
0 0
0 0
0 0
0 0
0 0
0 0
0 0
0 0
0 0
0 0
0 0
0 0
0 0
0 0
0 0
0 0
0 0
0 0
0 0
0 0
0 0
0 0
0 0
0 0
0 0
0 0
0 0
0 0
0 0
0 0
0 0
0 0
0 0
0 0
0 0
0 0
0 0
0 0
0 0
0 0
0 0
0 0
0 0
0 0
0 0
0 0
0 0
0 0
0 0
0 0
0 0
0 0
0 0
0 0
0 0
0 0
0 0
0 0
0 0
0 0
0 0
0 0
0 0
0 0
0 0
0 0
0 0
0 0
0 0
0 0
0 0
0 0
0 0
0 0
0 0
0 0
0 0
0 0
0 0
0 0
0 0
0 0
0 0
0 0
0 0
0 0
0 0
0 0
0 0
0 0
0 0
0 0
0 0
0 0
0 0
0 0
0 0
0 0
0 0
0 0
0 0
0 0
0 0
0 0
0 0
0 0
0 0
0 0
0 0
0 0
0 0
0 0
0 0
0 0
0 0
0 0
0 0
0 0
0 0
0 0
0 0
0 0
0 0
0 0
0 0
0 0
0 0
0 0
0 0
0 0
0 0
0 0
0 0
0 0
0 0
0 0
0 0
0 0
0 0
0 0
0 0
0 0
0 0
0 0
0 0
0 0
0 0
0 0
0 0
0 0
0 0
0 0
0 0
0 0
0 0
0 0
0 0
0 0
0 0
0 0
0 0
0 0
0 0
0 0
0 0
0 0
0 0
0 0
0 0
0 0
0 0
0 0
0 0
0 0
0 0
0 0
0 0
0 0
0 0
0 0
0 0
0 0
0 0
0 0
0 0
0 0
0 0
0 0
0 0
0 0
0 0
0 0
0 0
0 0
0 0
0 0
0 0
0 0
0 0
0 0
0 0
0 0
0 0
0 0
0 0
0 0
0 0
0 0
0 0
0 0
0 0
0 0
0 0
0 0
0 0
0 0
0 0
0 0
0 0
0 0
0 0
0 0
0 0
0 0
0 0
0 0
0 0
0 0
0 0
0 0
0 0
0 0
0 0
0 0
0 0
0 0
0 0
0 0
0 0
0 0
0 0
0 0
0 0
0 0
0 0
0 0
0 0
0 0
0 0
0 0
0 0
0 0
0 0
0 0
0 0
0 0
0 0
0 0
0 0
0 0
0 0
0 0
0 0
0 0
0 0
0 0
0 0
0 0
0 0
0 0
0 0
0 0
0 0
0 0
0 0
0 0
0 0
0 0
0 0
0 0
0 0
0 0
0 0
0 0
0 0
0 0
0 0
0 0
0 0
0 0
0 0
0 0
0 0
0 0
0 0
0 0
0 0
0 0
0 0
0 0
0 0
0 0
0 0
0 0
0 0
0 0
0 0
0 0
0 0
0 0
0 0
0 0
0 0
0 0
0 0
0 0
0 0
0 0
0 0
0 0
0 0
0 0
0 0
0 0
0 0
0 0
0 0
0 0
0 0
0 0
0 0
0 0
0 0
0 0
0 0
0 0
0 0
0 0
0 0
0 0
0 0
0 0
0 0
0 0
0 0
0 0
0 0
0 0
0 0
0 0
0 0
0 0
0 0
0 0
0 0
0 0
0 0
0 0
0 0
0 0
0 0
0 0
0 0
0 0
0 0
0 0
0 0
0 0
0 0
0 0
0 0
0 0
0 0
0 0
0 0
0 0
0 0
0 0
0 0
0 0
0 0
0 0
0 0
0 0
0 0
0 0
0 0
0 0
0 0
0 0
0 0
0 0
0 0
0 0
0 0
0 0
0 0
0 0
0 0
0 0
0 0
0 0
0 0
0 0
0 0
0 0
0 0
0 0
0 0
0 0
0 0
0 0
0 0
0 0
0 0
0 0
0 0
0 0
0 0
0 0
0 0
0 0
0 0
0 0
0 0
0 0
0 0
0 0
0 0
0 0
0 0
0 0
0 0
0 0
0 0
0 0
0 0
0 0
0 0
0 0
0 0
0 0
0 0
0 0
0 0
0 0
0 0
0 0
0 0
0 0
0 0
0 0
0 0
0 0
0 0
0 0
0 0
0 0
0 0
0 0
0 0
0 0
0 0
0 0
0 0
0 0
0 0
0 0
0 0
0 0
0 0
0 0
0 0
0 0
0 0
0 0
0 0
0 0
0 0
0 0
0 0
0 0
0 0
0 0
0 0
0 0
0 0
0 0
0 0
0 0
0 0
0 0
0 0
0 0
0 0
0 0
0 0
0 0
0 0
0 0
0 0
0 0
0 0
0 0
0 0
0 0
0 0
0 0
0 0
0 0
0 0
0 0
0 0
0 0
0 0
0 0
0 0
0 0
0 0
0 0
0 0
0 0
0 0
0 0
0 0
0 0
0 0
0 0
0 0
0 0
0 0
0 0
0 0
0 0
0 0
0 0
0 0
0 0
0 0
0 0
0 0
0 0
0 0
0 0
0 0
0 0
0 0
0 0
0 0
0 0
0 0
0 0
0 0
0 0
0 0
0 0
0 0
0 0
0 0
0 0
0 0
0 0
0 0
0 0
0 0
0 0
0 0
0 0
0 0
0 0
0 0
0 0
0 0
0 0
0 0
0 0
0 0
0 0
0 0
0 0
0 0
0 0
0 0
0 0
0 0
0 0
0 0
0 0
0 0
0 0
0 0
0 0
0 0
0 0
0 0
0 0
0 0
0 0
0 0
0 0
0 0
0 0
0 0
0 0
0 0
0 0
0 0
0 0
0 0
0 0
0 0
0 0
0 0
0 0
0 0
0 0
0 0
0 0
0 0
0 0
0 0
0 0
0 0
0 0
0 0
0 0
0 0
0 0
0 0
0 0
0 0
0 0
0 0
0 0
0 0
0 0
0 0
0 0
0 0
0 0
0 0
0 0
0 0
0 0
0 0
0 0
0 0
0 0
0 0
0 0
0 0
0 0
0 0
0 0
0 0
0 0
0 0
0 0
0 0
0 0
0 0
0 0
0 0
0 0
0 0
0 0
0 0
0 0
0 0
0 0
0 0
0 0
0 0
0 0
0 0
0 0
0 0
0 0
0 0
0 0
0 0
0 0
0 0
0 0
0 0
0 0
0 0
0 0
0 0
0 0
0 0
0 0
0 0
0 0
0 0
0 0
0 0
0 0
0 0
0 0
0 0
0 0
0 0
0 0
0 0
0 0
0 0
0 0
0 0
0 0
0 0
0 0
0 0
0 0
0 0
0 0
0 0
0 0
0 0
0 0
0 0
0 0
0 0
0 0
0 0
0 0
0 0
0 0
0 0
0 0
0 0
0 0
0 0
0 0
0 0
0 0
0 0
0 0
0 0
0 0
0 0
0 0
0 0
0 0
0 0
0 0
0 0
0 0
0 0
0 0
0 0
0 0
0 0
0 0
0 0
0 0
0 0
0 0
0 0
0 0
0 0
0 0
0 0
0 0
0 0
0 0
0 0
0 0
0 0
0 0
0 0
0 0
0 0
0 0
0 0
0 0
0 0
0 0
0 0
0 0
0 0
0 0
0 0
0 0
0 0
0 0
0 0
0 0
0 0
0 0
0 0
0 0
0 0
0 0
0 0
0 0
0 0
0 0
0 0
0 0
0 0
0 0
0 0
0 0
0 0
0 0
0 0
0 0
0 0
0 0
0 0
0 0
0 0
0 0
0 0
0 0
0 0
0 0
0 0
0 0
0 0
0 0
0 0
0 0
0 0
0 0
0 0
0 0
0 0
0 0
0 0
0 0
0 0
0 0
0 0
0 0
0 0
0 0
0 0
0 0
0 0
0 0
0 0
0 0
0 0
0 0
0 0
0 0
0 0
0 0
0 0
0 0
0 0
0 0
0 0
0 0
0 0
0 0
0 0
0 0
0 0
0 0
0 0
0 0
0 0
0 0
0 0
0 0
0 0
0 0
0 0
0 0
0 0
0 0
0 0
0 0
0 0
0 0
0 0
0 0
0 0
0 0
0 0
0 0
0 0
0 0
0 0
0 0
0 0
0 0
0 0
0 0
0 0
0 0
0 0
0 0
0 0
0 0
0 0
0 0
0 0
0 0
0 0
0 0
0 0
0 0
0 0
0 0
0 0
0 0
0 0
0 0
0 0
0 0
0 0
0 0
0 0
0 0
0 0
0 0
0 0
0 0
0 0
0 0
0 0
0 0
0 0
0 0
0 0
0 0
0 0
0 0
0 0
0 0
0 0
0 0
0 0
0 0
0 0
0 0
0 0
0 0
0 0
0 0
0 0
0 0
0 0
0 0
0 0
0 0
0 0
0 0
0 0
0 0
0 0
0 0
0 0
0 0
0 0
0 0
0 0
0 0
0 0
0 0
0 0
0 0
0 0
0 0
0 0
0 0
0 0
0 0
0 0
0 0
0 0
0 0
0 0
0 0
0 0
0 0
0 0
0 0
0 0
0 0
0 0
0 0
0 0
0 0
0 0
0 0
0 0
0 0
0 0
0 0
0 0
0 0
0 0
0 0
0 0
0 0
0 0
0 0
0 0
0 0
0 0
0 0
0 0
0 0
0 0
0 0
0 0
0 0
0 0
0 0
0 0
0 0
0 0
0 0
0 0
0 0
0 0
0 0
0 0
0 0
0 0
0 0
0 0
0 0
0 0
0 0
0 0
0 0
0 0
0 0
0 0
0 0
0 0
0 0
0 0
0 0
0 0
0 0
0 0
0 0
0 0
0 0
0 0
0 0
0 0
0 0
0 0
0 0
0 0
0 0
0 0
0 0
0 0
0 0
0 0
636 877
877 147
636 878
878 263
2097
0 1
530 0
1 2
529 1
1 530
1 743
2 3
2 743
3 4
3 743
4 5
743 4
5 6
562 5
743 5
6 7
6 562
7 8
562 7
8 9
8 562
9 10
9 562
10 11
562 10
10 838
11 12
838 11
12 13
836 12
12 838
13 14
836 13
14 15
835 14
836 14
15 16
15 835
16 17
16 826
16 827
835 16
17 18
827 17
18 19
18 827
19 20
19 744
19 745
19 827
20 21
20 745
21 22
21 745
22 23
26 22
563 22
615 22
745 22
23 24
25 23
23 26
24 25
25 26
26 27
615 26
27 28
27 615
27 642
28 29
642 28
29 30
29 597
642 29
30 31
597 30
31 32
589 31
597 31
32 33
589 32
33 34
589 33
34 35
589 34
34 596
35 36
596 35
36 37
596 36
37 38
37 596
601 37
38 39
38 601
39 40
601 39
40 41
40 601
40 643
41 42
41 643
42 43
42 643
823 42
43 44
823 43
44 45
44 823
44 824
45 46
824 45
46 47
46 824
47 48
805 47
47 824
48 49
796 48
48 805
49 50
796 49
50 51
50 763
796 50
51 52
51 763
52 53
763 52
53 54
762 53
763 53
54 55
762 54
795 54
55 56
795 55
56 57
56 795
57 58
751 57
795 57
58 59
58 751
58 752
59 60
752 59
60 61
62 60
574 60
752 60
61 62
62 63
574 62
63 64
574 63
593 63
64 65
593 64
65 66
65 593
66 67
66 573
66 593
785 66
67 68
785 67
68 69
68 785
69 70
69 785
70 71
70 685
785 70
71 72
685 71
697 71
72 73
697 72
73 74
73 697
74 75
681 74
697 74
75 76
681 75
76 77
680 76
76 681
77 78
680 77
77 701
78 79
692 78
78 701
79 80
692 79
80 81
692 80
702 80
81 82
81 702
723 81
82 83
82 723
83 84
723 83
786 83
84 85
84 786
85 86
85 786
86 87
786 86
86 842
87 88
842 87
88 89
88 842
88 843
89 90
843 89
90 91
90 843
91 92
91 843
862 91
92 93
92 862
93 94
862 93
93 864
94 95
94 864
95 96
864 95
96 97
96 857
864 96
97 98
97 857
98 99
98 857
99 100
99 856
99 857
100 101
100 856
101 102
101 851
856 101
102 103
851 102
102 853
103 104
103 853
104 105
853 104
105 106
561 105
853 105
106 107
561 106
107 108
107 109
107 561
741 107
108 109
109 110
109 741
110 111
110 740
741 110
111 112
604 111
111 740
742 111
112 113
604 112
113 114
113 604
114 115
114 604
115 116
118 115
604 115
116 117
118 116
117 118
118 119
121 118
118 122
118 128
118 604
119 120
119 121
120 121
121 122
122 123
126 122
122 127
128 122
123 124
123 125
123 126
124 125
125 126
126 127
127 128
128 129
137 128
128 138
128 604
742 128
129 130
129 135
136 129
137 129
130 131
134 130
135 130
131 132
131 133
131 134
132 133
133 134
134 135
135 136
136 137
137 138
138 139
138 742
139 140
145 139
139 146
740 139
139 742
140 141
140 144
145 140
141 142
141 144
142 143
144 142
143 144
144 145
145 146
146 147
146 740
147 148
149 147
740 147
741 147
148 149
149 150
561 149
741 149
150 151
561 150
852 150
151 152
151 852
152 153
852 152
153 154
153 851
153 852
154 155
851 154
854 154
155 156
155 854
156 157
854 156
156 855
157 158
157 855
158 159
855 158
159 160
159 855
863 159
160 161
160 863
161 162
161 863
162 163
162 861
863 162
162 865
163 164
163 865
164 165
164 865
165 166
865 165
166 167
166 841
844 166
865 166
167 168
167 844
168 169
844 168
168 845
169 170
845 169
170 171
724 170
845 170
171 172
724 171
172 173
724 172
725 172
173 174
173 725
174 175
174 725
175 176
725 175
726 175
176 177
726 176
177 178
177 726
733 177
178 179
178 733
179 180
179 733
179 734
180 181
734 180
181 182
734 181
181 736
182 183
182 736
737 182
183 184
737 183
184 185
184 737
185 186
641 185
185 693
737 185
186 187
693 186
186 694
187 188
187 694
188 189
188 570
694 188
189 190
570 189
190 191
570 190
191 192
570 191
191 648
649 191
192 193
648 192
193 194
193 195
196 193
193 648
194 195
195 196
196 197
648 196
197 198
197 646
197 648
198 199
198 605
198 646
199 200
199 605
200 201
202 200
200 605
201 202
202 203
605 202
203 204
203 605
203 645
204 205
204 645
205 206
205 645
206 207
206 210
206 568
206 598
645 206
207 208
207 210
208 209
208 210
209 210
210 211
210 598
211 212
598 211
212 213
215 212
212 216
598 212
213 214
213 215
214 215
215 216
216 217
218 216
592 216
216 598
217 218
218 219
218 592
219 220
219 592
220 221
220 569
592 220
221 222
223 221
569 221
222 223
223 224
227 223
569 223
652 223
224 225
226 224
224 227
225 226
226 227
227 228
227 652
228 229
228 610
228 652
229 230
610 229
670 229
230 231
670 230
231 232
233 231
670 231
232 233
233 234
670 233
233 671
234 235
234 671
234 693
235 236
667 235
693 235
236 237
236 577
236 667
237 238
577 237
238 239
238 577
238 822
239 240
239 822
240 241
822 240
241 242
241 728
819 241
822 241
242 243
242 728
243 244
243 728
244 245
728 244
244 729
245 246
729 245
246 247
246 729
738 246
247 248
738 247
248 249
248 738
847 248
249 250
847 249
250 251
847 250
251 252
251 846
251 847
251 868
252 253
252 868
253 254
253 868
254 255
868 254
255 256
255 866
868 255
255 873
256 257
256 873
257 258
873 257
258 259
873 258
259 260
872 259
873 259
259 874
260 261
260 874
261 262
261 874
262 263
874 262
263 264
869 263
870 263
874 263
264 265
870 264
265 266
265 870
266 267
858 266
266 860
266 870
267 268
267 860
268 269
860 268
269 270
269 860
270 271
578 270
617 270
270 860
271 272
271 617
272 273
272 617
273 274
273 281
579 273
273 617
274 275
280 274
274 281
275 276
275 279
275 280
276 277
276 278
276 279
277 278
278 279
279 280
280 281
281 282
579 281
281 588
282 283
294 282
588 282
283 284
283 293
283 294
284 285
293 284
285 286
291 285
285 292
293 285
286 287
290 286
291 286
287 288
290 287
288 289
290 288
289 290
290 291
291 292
292 293
293 294
294 295
294 588
590 294
295 296
295 302
295 590
296 297
302 296
297 298
301 297
302 297
298 299
298 300
301 298
299 300
300 301
301 302
302 303
304 302
305 302
302 590
303 304
304 305
305 306
305 308
305 309
305 590
306 307
306 308
307 308
308 309
309 310
309 590
310 311
310 590
311 312
590 311
312 313
312 588
312 590
313 314
579 313
313 588
314 315
314 579
315 316
315 579
316 317
316 578
316 579
316 617
317 318
317 578
859 317
318 319
859 318
319 320
859 319
320 321
320 859
321 322
321 858
859 321
321 871
322 323
322 871
323 324
323 871
324 325
324 869
324 871
875 324
325 326
875 325
326 327
326 875
327 328
327 875
328 329
328 872
875 328
876 328
329 330
876 329
330 331
876 330
331 332
331 867
331 876
332 333
332 867
333 334
867 333
334 335
334 849
334 867
335 336
849 335
336 337
849 336
337 338
848 337
849 337
337 850
338 339
338 850
339 340
339 850
340 341
727 340
340 850
341 342
341 727
342 343
720 342
342 727
343 344
720 343
344 345
720 344
345 346
345 717
718 345
345 719
720 345
346 347
717 346
347 348
717 347
348 349
698 348
717 348
349 350
349 698
730 349
350 351
350 730
351 352
730 351
352 353
730 352
352 731
739 352
353 354
353 739
354 355
354 739
355 356
355 629
355 739
356 357
629 356
357 358
357 629
357 630
358 359
630 358
359 360
359 630
360 361
586 360
630 360
361 362
361 586
362 363
362 586
776 362
363 364
363 776
363 779
364 365
364 779
365 366
365 779
366 367
366 779
797 366
367 368
367 797
368 369
368 797
369 370
580 369
797 369
798 369
370 371
370 580
370 793
371 372
793 371
372 373
793 372
373 374
793 373
374 375
374 748
374 749
374 793
375 376
749 375
376 377
626 376
376 749
377 378
626 377
378 379
585 378
626 378
379 380
379 585
380 381
585 380
380 622
381 382
622 381
382 383
622 382
659 382
383 384
383 659
384 385
384 659
385 386
385 659
385 782
386 387
782 386
387 388
387 782
388 389
388 782
813 388
389 390
813 389
390 391
813 390
391 392
391 813
392 393
812 392
392 813
393 394
812 393
394 395
394 812
394 814
395 396
606 395
395 814
396 397
396 606
397 398
399 397
397 400
397 606
398 399
399 400
400 401
606 400
607 400
401 402
401 607
401 770
402 403
402 770
831 402
403 404
831 403
404 405
404 831
405 406
831 405
405 832
406 407
406 832
407 408
832 407
408 409
808 408
810 408
408 832
409 410
810 409
410 411
650 410
810 410
411 412
411 650
412 413
412 650
413 414
650 413
414 415
609 414
414 650
415 416
609 415
416 417
609 416
417 418
417 609
418 419
418 609
419 420
419 421
419 609
420 421
421 422
421 423
421 609
422 423
423 424
423 609
424 425
424 609
424 651
425 426
425 651
426 427
651 426
427 428
651 427
428 429
564 428
651 428
429 430
429 564
430 431
430 564
431 432
431 564
808 431
810 431
432 433
432 808
433 434
808 433
809 433
434 435
434 809
435 436
435 807
809 435
436 437
436 807
437 438
807 437
438 439
438 807
439 440
439 807
440 441
440 807
833 440
441 442
441 833
442 443
833 442
443 444
443 829
830 443
443 833
444 445
444 830
445 446
830 445
446 447
770 446
446 830
447 448
607 447
447 770
448 449
448 607
449 450
607 449
608 449
450 451
608 450
451 452
451 608
452 453
608 452
453 454
608 453
453 816
454 455
618 454
816 454
455 456
618 455
456 457
456 618
457 458
583 457
457 618
458 459
458 583
459 460
459 583
460 461
583 460
460 621
461 462
621 461
462 463
462 621
463 464
463 621
463 772
464 465
772 464
465 466
465 772
466 467
771 466
772 466
466 774
467 468
774 467
468 469
468 774
469 470
774 469
469 775
470 471
470 775
471 472
471 775
472 473
775 472
472 788
473 474
788 473
474 475
474 788
475 476
475 788
475 802
476 477
476 759
784 476
476 802
476 803
477 478
477 784
478 479
478 783
784 478
479 480
783 479
480 481
674 480
783 480
481 482
481 674
481 825
482 483
825 482
483 484
825 483
484 485
750 484
825 484
485 486
485 750
486 487
750 486
487 488
487 587
750 487
488 489
488 587
489 490
587 489
489 657
490 491
490 657
491 492
491 576
657 491
492 493
492 576
493 494
493 576
493 653
494 495
653 494
495 496
495 653
496 497
614 496
496 653
497 498
614 497
498 499
612 498
498 614
499 500
499 571
499 612
500 501
500 502
500 571
501 502
502 503
502 571
503 504
503 563
571 503
504 505
504 563
505 506
505 563
744 505
506 507
506 744
507 508
507 744
828 507
508 509
508 828
509 510
828 509
510 511
826 510
828 510
511 512
826 511
511 834
512 513
512 834
513 514
834 513
514 515
514 516
514 834
515 516
516 517
834 516
517 518
517 834
517 837
518 519
518 837
519 520
519 836
519 837
520 521
520 836
839 520
521 522
839 521
522 523
522 839
840 522
523 524
523 840
524 525
524 840
525 526
840 525
526 527
562 526
743 526
526 840
527 528
743 527
528 529
743 528
529 530
529 743
769 531
778 531
781 531
531 794
531 800
672 532
673 532
674 532
532 761
532 796
532 804
751 533
533 753
533 754
533 755
533 758
533 759
533 768
534 692
534 702
703 534
725 534
534 726
534 735
569 535
605 535
535 611
535 646
647 535
668 535
536 570
536 647
649 536
536 669
670 536
671 536
694 536
537 703
724 537
786 537
537 842
844 537
537 845
662 538
663 538
664 538
538 684
538 687
688 538
602 539
539 603
539 616
654 539
539 655
656 539
540 571
597 540
612 540
613 540
540 615
642 540
719 541
541 720
541 721
728 541
819 541
820 541
721 542
542 727
542 738
847 542
542 848
542 850
787 543
543 789
791 543
543 792
799 543
544 619
544 623
658 544
660 544
544 676
544 817
818 544
606 545
607 545
545 608
545 814
545 815
545 816
696 546
704 546
546 708
711 546
713 546
546 716
546 766
664 547
665 547
679 547
680 547
681 547
683 547
684 547
548 631
633 548
634 548
635 548
548 638
548 639
636 549
549 662
549 688
698 549
549 717
718 549
600 550
602 550
643 550
550 656
550 823
660 551
551 782
812 551
551 813
551 817
552 583
552 618
552 619
815 552
816 552
818 552
620 553
553 621
553 676
553 677
553 771
772 553
554 585
554 622
554 623
554 624
658 554
678 554
574 555
593 555
555 599
704 555
706 555
707 555
586 556
556 628
556 661
712 556
556 714
715 556
557 635
557 640
557 690
557 734
557 736
558 595
558 633
558 635
641 558
558 736
558 737
559 576
559 603
613 559
559 614
616 559
644 559
559 653
560 577
560 595
631 560
819 560
820 560
560 821
560 822
741 561
561 852
853 561
743 562
562 838
562 840
563 571
563 615
563 744
745 563
564 650
564 651
564 810
565 755
760 565
565 762
565 763
565 804
566 758
759 566
760 566
761 566
783 566
784 566
587 567
567 673
675 567
567 750
567 825
568 592
598 568
568 605
611 568
568 645
592 569
569 611
652 569
569 668
649 570
694 570
612 571
571 615
572 773
775 572
787 572
788 572
789 572
573 593
573 695
696 573
573 707
573 785
574 593
599 574
574 752
575 628
629 575
575 714
731 575
732 575
575 739
576 616
576 653
576 657
577 595
667 577
577 822
617 578
859 578
578 860
588 579
579 617
580 792
580 793
798 580
799 580
581 655
581 656
581 672
581 796
581 805
823 581
581 824
589 582
596 582
597 582
600 582
582 603
644 582
583 618
619 583
620 583
583 621
585 584
584 624
626 584
584 749
790 584
791 584
622 585
624 585
626 585
586 628
586 630
586 661
586 776
654 587
657 587
587 675
587 750
588 590
589 596
589 597
854 591
855 591
591 856
857 591
863 591
864 591
598 592
611 592
593 707
599 594
594 706
594 752
753 594
754 594
631 595
595 633
641 595
667 595
596 600
601 596
597 613
642 597
644 597
599 706
752 599
601 600
602 600
600 603
600 643
601 643
602 603
656 602
616 603
603 644
604 742
605 611
605 645
646 605
607 606
814 606
608 607
770 607
608 816
609 650
609 651
652 610
610 668
669 610
610 670
613 612
612 614
613 614
613 644
653 614
615 642
616 654
616 657
816 618
619 620
676 619
818 619
620 621
676 620
621 772
622 623
622 659
658 623
623 659
623 660
678 624
624 790
677 625
625 678
625 771
773 625
790 625
626 749
627 661
715 627
627 767
776 627
627 777
778 627
629 628
628 630
628 714
630 629
739 629
633 631
631 634
821 631
634 632
632 636
632 718
719 632
632 820
821 632
633 635
636 634
639 634
821 634
638 635
635 640
635 736
636 639
662 636
636 663
718 636
637 638
637 639
637 640
663 637
637 665
637 679
639 638
638 640
639 663
640 665
690 640
640 691
641 667
641 693
641 737
823 643
647 646
646 648
647 648
647 649
668 647
647 669
649 648
650 651
650 810
668 652
654 655
657 654
675 654
656 655
672 655
673 655
655 675
656 823
658 676
677 658
658 678
660 659
659 782
660 782
660 817
715 661
661 776
663 662
662 688
664 663
679 663
679 664
684 664
665 679
680 665
665 691
665 701
666 690
666 691
666 692
666 733
734 666
735 666
667 693
668 669
670 669
670 671
671 693
694 671
672 673
796 672
673 674
675 673
673 825
674 761
674 783
674 825
677 676
678 677
771 677
678 790
681 680
680 701
681 683
681 697
682 683
682 685
689 682
682 695
699 682
682 709
683 684
683 685
697 683
699 683
687 684
684 699
685 695
697 685
785 685
686 687
688 686
689 686
686 700
710 686
722 686
732 686
687 688
687 689
687 699
688 698
688 722
689 699
709 689
689 710
690 691
690 734
692 691
701 691
701 692
692 702
735 692
694 693
696 695
709 695
695 785
696 704
696 707
696 709
696 713
717 698
722 698
730 698
710 700
700 711
700 712
700 714
700 732
703 702
702 723
723 703
724 703
703 725
703 786
706 704
704 707
708 704
706 705
705 708
705 754
764 705
765 705
705 766
706 708
706 754
766 708
709 710
709 713
710 711
713 710
711 712
713 711
711 716
712 714
715 712
716 712
732 714
715 716
715 765
766 715
715 767
766 716
718 717
719 718
720 719
719 820
720 721
720 727
727 721
721 728
721 729
721 738
722 730
722 731
722 732
723 786
725 724
845 724
726 725
726 733
726 735
850 727
728 729
819 728
729 738
730 731
731 732
739 731
734 733
735 733
736 734
736 737
847 738
740 741
742 740
745 744
827 744
828 744
787 746
746 788
799 746
746 801
802 746
747 773
747 789
790 747
791 747
749 748
748 791
792 748
793 748
749 791
750 825
751 752
753 751
751 755
795 751
753 752
753 754
764 754
754 768
758 755
760 755
762 755
795 755
757 756
764 756
765 756
756 769
756 794
756 803
757 759
757 764
757 768
757 803
759 758
760 758
759 768
759 784
803 759
761 760
804 760
783 761
804 761
762 763
762 795
763 796
804 763
765 764
768 764
765 766
765 767
769 765
769 767
778 767
769 778
769 794
830 770
831 770
771 772
773 771
771 774
773 774
773 775
773 789
790 773
774 775
788 775
777 776
779 776
778 777
779 777
777 781
777 797
778 781
779 797
781 780
780 797
798 780
799 780
780 800
801 780
797 781
800 781
813 782
783 784
842 786
788 787
787 789
799 787
788 802
789 791
791 790
791 792
792 793
799 792
800 794
794 801
802 794
803 794
804 796
805 796
797 798
799 798
801 799
800 801
801 802
802 803
824 805
806 807
808 806
809 806
832 806
833 806
809 807
833 807
808 809
810 808
832 808
812 811
811 814
815 811
817 811
818 811
812 813
814 812
817 812
815 814
816 815
818 815
818 817
819 820
822 819
821 820
823 824
826 827
828 826
834 826
826 835
828 827
830 829
831 829
829 832
829 833
830 831
832 831
832 833
834 835
834 837
835 836
837 835
836 837
838 836
839 836
838 839
838 840
840 839
842 841
841 843
841 844
841 862
865 841
843 842
842 844
843 862
844 845
847 846
846 848
846 849
867 846
868 846
848 847
848 849
850 848
849 867
852 851
851 853
851 854
856 851
853 852
855 854
856 854
863 855
857 856
857 864
859 858
860 858
858 870
871 858
860 859
861 862
861 863
861 864
865 861
864 862
862 865
864 863
866 867
868 866
873 866
876 866
867 868
867 876
870 869
869 871
869 874
869 875
870 871
873 872
872 874
875 872
876 872
876 873
875 874
