727
213 499
208 498
207 495
208 490
210 486
211 482
212 477
212 472
213 467
213 462
213 457
213 452
213 447
213 442
212 437
212 432
212 427
212 422
211 417
210 413
210 408
209 403
207 399
205 395
204 390
204 385
208 383
213 382
212 377
212 372
212 367
212 362
212 357
212 352
212 347
210 343
207 339
205 335
204 330
202 326
201 321
201 316
199 312
198 307
198 302
198 297
196 293
196 288
196 283
196 278
196 273
196 268
196 263
196 258
198 254
199 249
200 245
201 240
203 236
204 231
207 227
210 223
212 219
213 214
215 210
218 206
221 202
223 198
224 193
223 188
222 184
221 179
219 175
218 170
214 166
213 162
210 158
212 154
212 149
212 144
208 142
204 139
199 138
194 138
189 138
184 138
179 138
174 139
169 138
164 138
159 138
154 139
149 139
145 141
140 142
135 142
130 143
125 144
121 143
116 143
111 142
106 142
101 141
97 140
92 139
87 138
82 138
77 137
72 137
67 137
62 138
57 139
53 141
48 141
44 139
39 138
35 135
30 133
25 133
20 133
15 133
10 133
7 129
11 127
15 125
20 125
25 125
30 125
35 125
40 125
45 125
50 125
55 125
60 125
65 125
70 124
75 124
80 123
84 121
89 121
94 120
99 120
104 119
109 119
114 119
119 120
124 120
129 120
134 120
139 120
144 120
149 120
154 119
159 119
163 117
168 116
173 115
178 115
183 115
188 115
193 115
197 113
202 112
207 110
211 109
216 109
221 109
226 107
229 104
234 104
239 103
241 99
241 94
238 90
235 86
235 81
231 77
228 73
223 71
221 67
219 63
216 59
215 54
215 49
215 44
215 39
217 35
218 30
222 26
226 23
227 18
232 17
237 17
242 17
246 15
251 17
256 18
261 18
266 19
270 22
274 24
278 27
282 29
286 33
288 37
287 42
285 46
283 50
282 55
284 60
287 63
287 68
285 72
282 76
277 76
275 80
273 85
270 88
268 93
266 97
266 102
271 103
276 103
279 106
282 110
287 111
291 109
296 109
301 109
305 111
310 112
314 114
319 115
324 116
329 115
334 116
339 117
343 119
348 119
353 120
358 120
363 120
368 120
373 120
378 119
383 119
388 119
393 119
398 120
403 120
408 120
413 121
418 121
422 123
427 123
432 124
437 125
442 125
447 125
452 125
457 125
462 125
467 125
472 125
477 125
482 125
487 125
491 127
496 127
499 130
496 134
491 134
486 134
481 135
476 135
471 135
467 138
462 140
458 141
454 140
449 138
444 137
439 137
434 137
429 138
424 139
419 139
414 140
411 140
407 141
402 142
397 142
392 143
388 145
383 145
379 143
374 143
369 141
365 139
360 139
355 139
350 138
345 138
340 138
335 138
330 138
325 138
320 138
315 138
310 138
305 138
300 138
295 139
293 144
294 149
294 154
296 158
293 163
290 167
288 171
288 176
286 180
284 184
283 189
282 194
284 199
287 202
290 206
292 211
296 214
297 219
300 223
302 227
304 231
307 235
308 240
310 244
311 249
313 253
314 258
313 263
314 268
314 273
314 278
314 283
313 288
313 293
313 298
311 302
311 307
310 312
308 316
308 321
307 326
305 330
304 335
302 339
300 343
297 347
296 352
296 357
296 362
294 366
296 370
294 374
293 379
293 384
297 386
300 390
299 395
299 400
298 404
297 409
297 414
297 419
296 424
294 428
294 433
293 438
293 443
291 447
291 452
291 457
293 461
293 466
293 471
294 476
294 481
296 485
297 490
297 495
296 499
291 499
286 499
281 499
276 499
271 499
266 498
266 493
266 488
267 483
267 478
269 474
269 469
269 464
268 461
269 456
269 451
270 446
270 441
270 436
269 431
267 427
267 422
264 418
266 415
264 411
263 406
262 401
260 397
258 393
258 388
260 384
258 380
258 375
258 370
258 365
259 361
261 356
263 352
264 347
264 342
263 337
263 332
261 328
261 323
261 318
260 313
260 308
260 303
258 299
258 294
256 290
256 285
256 280
255 275
253 271
251 276
251 281
249 285
249 290
249 295
249 300
248 305
248 310
246 314
246 319
246 324
245 329
245 334
245 339
245 344
243 348
246 352
248 356
248 361
248 366
248 371
246 375
246 380
245 385
248 388
247 392
247 397
246 401
246 406
246 411
245 416
243 420
242 425
240 429
238 433
238 438
237 443
236 447
235 452
235 457
235 462
235 467
237 471
237 476
238 481
242 484
242 489
244 494
244 497
239 499
234 499
229 499
224 499
219 499
214 499
228.357 254.214
253 178.375
253.22 215.61
281.681 259.159
252.833 57.5
222.443 285.5
223.433 318.5
284.25 310.5
241.232 151.5
272.899 215.74
249.528 37.3581
232.195 129.737
228.05 393.628
281.56 416.349
276.222 370
125.5 131.891
253.429 79.8571
227.746 339.888
230.006 366.724
224.491 474.058
294.604 123.968
281.59 440.187
280.446 481.266
281.09 463.925
213.122 262.083
269.869 171.693
232.911 220.97
281.002 284.166
235.572 277.294
209.503 289.722
286.545 328.848
236.147 168.951
226.911 156.199
232.754 43.223
234.295 116.952
268.579 286.927
295.549 293.844
274.023 324.828
234.171 58.7172
220.503 238.39
289.824 242.689
260.665 30.8794
385.5 131.75
276.5 390.5
237.223 30.4914
258.656 127.519
276.443 134.477
271.647 271.4
277.549 297.959
276.727 337.918
282.466 320.041
295.147 317.474
251.094 27.2391
261.824 45.6827
287.469 394.153
245.146 125.299
269.446 117.584
287.894 340.158
295.032 305.654
278.237 403.579
279.308 354.003
287.349 299.402
287.098 408.091
270.814 397.91
297.713 258.041
136.645 130.936
224 463.021
226.607 486.554
280.018 451.093
280.639 428.269
286.812 489.009
275.464 489.441
283.926 472.712
276.78 155.817
235.137 291.202
222.964 271.729
220.689 302.067
234.014 306.614
230.568 143.17
235.896 159.412
250.455 163.475
226.87 165.949
225.737 51.6768
242.98 50.0994
396.526 130.956
227.814 34.3388
286.952 131.691
284.557 271.75
290.065 263.868
301.217 270.572
293.57 281.048
303.923 280.577
265.193 278.191
262.696 253.828
272.161 308.899
267.715 296.792
295.924 327.001
271.247 37.4977
272.327 48.2578
254.199 112.42
249.77 139.383
268.825 127.737
263.86 141.024
287.212 349.32
273.392 346.703
224 452.021
218.181 489.951
209.63 275.491
222.771 262.082
217.859 293.391
234.735 317.909
229.617 328.382
217.677 332.345
225.521 309.706
229.336 298.526
239.731 299.284
221.803 147.737
220.908 135.185
221.547 122.095
210.428 128.113
212.472 118.609
245.511 171.987
239.21 186.958
259.295 169.633
262.46 155.666
252.135 46.7512
406.947 130.383
280.529 121.747
271.021 260.653
262.423 266.546
263.253 110.781
244.344 115.114
253.581 99.8272
240.262 141.75
274.021 145.188
283.327 141.663
225.115 439.75
205.309 267.206
212.681 322.149
211.579 310.072
198.482 125.853
269.553 162.113
252.012 152.737
416.19 130.192
250.555 89.8646
225.984 425.736
208.303 300.125
186.879 126.57
174.946 126.775
164.639 127.674
216.64 392.843
113.882 130.68
231.983 380.391
222.792 384.746
237.062 372.68
230.466 353.172
237.84 360.205
222.232 359.676
221.93 347.999
266.519 187.87
240.313 263.144
232.036 268.24
245.412 243.849
251.692 258.939
242.886 271.875
238.974 252.469
232.931 241.241
228.714 231.11
218.841 228.245
242.196 230.752
222.648 218.364
243.559 220.161
237.093 205.543
244.207 68.9162
244.087 78.3741
235.275 67.6685
216.623 250.177
207.709 254.024
211.118 241.833
374.31 131.13
270.979 380.323
281.975 379.415
284.034 363.211
270.77 360.652
289.283 252.67
299.653 247.342
275.215 245.714
260.79 237.172
279.64 230.296
265.881 245.027
250.946 235.547
281.477 239.167
269.188 63.0511
262.598 55.6001
231.869 178.943
102.939 130.22
222.402 374.135
274.171 181.019
252.671 193.216
247.985 185.688
257.805 185.906
264.411 203.018
242.827 196.783
251.176 204.456
272.108 196.368
276.235 205.902
263.076 213.101
265.03 225.431
244.595 210.963
254.673 225.874
227.767 209.584
283.96 219.457
291.194 231.183
264.252 74.2146
259.289 65.3471
307.524 125.254
318.977 126.523
330.29 126.689
339.915 128.25
349.3 128.633
226.035 409.619
218.977 402.553
234.851 402.608
232.75 417.699
220.654 417.66
727
210.679 495.991
207.78 497.808
208.148 497.578
213.498 494.223
219.244 490.619
224.834 487.127
224.486 481.438
224.135 475.13
223.846 468.674
223.568 461.937
223.465 456.911
223.34 452.195
223.919 447.488
224.604 442.124
225.223 437.465
225.519 435.301
226.983 424.558
227.41 421.401
227.841 415.057
227.713 411.711
227.61 408.89
227.129 397.544
222.125 392.938
218.932 392.313
211.49 390.853
195.595 387.651
0 0
229.333 380.444
229.637 380.742
230.687 373.028
230.978 367.835
231.265 362.911
230.764 357.956
230.099 355.045
226.897 342.868
224.417 334.981
222.661 329.454
222.421 328.13
222.248 326.68
221.779 322.87
221.487 320.037
221.214 317.26
220.395 310.003
219.822 307.154
218.997 303.012
217.433 294.787
216.645 290.652
216.167 287.569
214.914 278.595
214.136 273.017
213.008 266.185
212.019 261.176
211.981 259.187
212.226 257.117
212.428 255.799
213.999 252.083
215.766 249.526
217.436 246.982
219.278 244.951
220.611 243.778
222.868 241.811
230.861 234.814
236.439 229.483
238.486 226.862
238.588 226.921
241.868 225.044
247.715 220.493
254.164 212.745
255.133 194.282
254.279 174.983
253.661 166.456
252.005 158.949
251.161 156.393
245.459 148.647
236.782 151.284
0 0
204.864 163.697
240.009 149.77
245.678 144.412
241.006 136.396
224.226 127.556
208.284 121.755
198.319 122.101
191.447 124.018
186.406 125.58
181.935 126.175
179.466 126.325
173.423 126.692
169.796 126.9
164.328 127.327
158.184 128.354
110.613 131.108
143.762 130.664
142.245 130.871
138.888 131.334
130.92 132.182
127.945 132.462
124.953 132.726
122.643 132.373
117.639 131.788
111.723 131.103
106.426 130.51
102.261 130.046
98.6344 129.667
93.6228 129.141
82.6841 129.388
82.0514 129.343
79.0877 129.599
42.6456 131.349
65.8683 130.849
59.9605 131.809
50.8876 134.185
50.7362 134.274
49.2735 134.468
46.5952 133.564
41.9304 132.011
35.8007 130.067
25.165 128.671
24.6728 128.647
15.8118 129.121
14.262 129.298
10.1564 129.77
7.48137 130.077
9.12417 129.888
11.9686 129.562
19.6615 128.68
20.2674 128.883
29.7147 128.433
34.3264 129.633
40.6034 131.57
32.3149 129.955
49.4433 134.52
54.2921 133.326
59.884 131.823
65.4953 130.903
70.363 130.395
75.5163 129.921
81.8225 129.355
84.6995 129.229
88.7114 129.116
93.9406 129.171
99.1274 129.717
104.13 130.249
108.103 130.698
112.078 131.141
117.51 131.773
123.728 132.514
131.867 132.094
134.393 131.857
139.232 131.284
144.056 130.626
149.729 129.759
159.174 128.191
161.49 127.807
166.205 127.066
169.795 126.9
173.293 126.7
176.781 126.49
181.266 126.216
186.759 125.448
193.921 123.269
199.272 122.027
204.294 121.95
207.828 121.411
207.775 121.091
214.682 123.208
235.193 132.427
240.052 134.566
239.967 134.516
246.217 136.761
254.748 134.524
255.511 119.639
253.77 90.2032
252.496 74.1319
252.353 72.4532
250.959 62.6994
246.803 54.9525
241.837 48.3054
238.281 45.3901
237.72 45.0116
237.222 44.9499
235.39 45.4392
235.496 45.4046
237.129 44.53
236.465 43.1184
235.017 41.382
234.094 40.4496
233.827 40.1877
235.005 40.4023
234.573 36.9029
227.365 16.9867
0 0
234.885 37.6071
240.378 45.0517
239.311 44.5016
241.682 45.675
247.917 47.4154
253.319 47.5244
254.811 46.8799
254.954 46.812
257.184 46.0055
266.298 41.654
271.353 39.2178
284.158 33.0463
293.726 28.4678
279.782 35.1634
0 0
257.689 45.9045
250.194 53.865
270.002 64.0226
288.035 71.2275
287.861 71.158
0 0
280.2 68.0973
262.31 60.95
253.435 59.9278
251.497 63.9613
252.29 68.2188
253.297 82.9097
254.666 104.353
256.097 126.874
254.222 138.667
272.468 121.99
263.772 128.742
264.043 130.539
283.149 125.503
294.695 122.527
298.194 122.257
299.422 122.112
300.902 121.946
307.319 121.135
311.901 121.994
318.238 124.464
325.495 126.174
330.159 126.979
332.825 127.254
334.556 127.407
340.783 127.962
346.685 128.483
352.153 128.966
357.602 129.449
364.931 130.249
368.067 130.644
374.208 131.416
378.977 132.016
382.865 132.512
387.462 132.464
389.632 132.206
397.089 131.369
403.661 130.856
408.579 130.508
413.442 130.444
417.304 130.404
421.005 130.456
409.934 130.935
431.192 130.61
436.674 130.724
442.166 130.858
447.124 131.293
452.487 132.074
457.613 134.621
461.697 133.159
467.4 131.384
472.473 130.176
477.511 129.295
485.982 129.642
486.356 129.578
490.995 129.943
496.348 130.346
498.012 130.44
497.054 130.385
494.257 130.182
490.208 129.874
481.001 129.386
481.502 129.494
461.55 133.391
460.387 133.644
458.624 134.272
458.275 134.411
457.668 134.647
452.323 132.04
445.992 131.141
469.453 131.355
432.384 130.635
428.264 130.55
422.382 130.473
418.619 130.427
413.585 130.44
412.392 130.457
407.163 130.576
401.706 131.01
394.789 131.589
387.424 132.466
384.92 132.766
384.367 132.698
383.136 132.541
377.471 131.827
373.259 131.297
367.144 130.527
358.907 129.565
355.539 129.267
350.741 128.841
345.126 128.345
340.137 127.905
335.51 127.489
330.835 127.062
326.319 126.306
321.917 125.619
315.778 123.498
313.572 122.643
308.198 121.071
298.02 122.209
270.901 125.295
257 137.29
253.39 144.483
0 0
0 0
259.369 148.479
254.026 147.546
252.981 151.787
253.531 160.045
253.606 161.67
253.833 166.984
254.422 180.628
255.145 197.671
257.167 218.04
261.911 223.72
263.533 224.934
270.329 229.99
273.464 232.078
274.505 232.923
280.177 237.198
282.741 239.589
283.977 241.11
288.342 246.468
289.32 247.691
290.943 249.889
291.538 252.223
292.158 253.51
292.044 253.743
291.455 257.673
291.595 263.362
292.433 270.731
292.769 273.224
292.934 276.87
291.534 286.515
291.07 289.901
290.476 293.948
289.792 298.346
288.699 305.335
288.026 310.155
287.653 312.938
286.271 323.85
286.107 325.337
285.853 327.512
285.445 329.854
285.306 330.652
284.782 333.597
283.264 339.272
279.275 350.596
276.233 359.101
275.53 361.059
274.385 365.821
274.231 368.055
274.131 369.501
273.314 380.703
276.714 392.872
280.42 397.639
0 0
279.325 397.852
278.559 398.695
279.12 401.672
280.376 407.132
281.849 414.514
282.243 418.818
282.223 421.88
282.222 425.89
282.024 434.814
281.961 437.578
281.791 441.253
281.155 445.142
280.088 452.466
280.472 459.227
280.651 462.826
280.88 466.177
281.405 473.163
281.939 480.231
282.444 486.914
285.231 489.36
287.457 491.03
288.942 492.144
298.316 499.179
291.723 494.231
285.263 489.383
281.695 487.525
277.107 490.092
274.478 491.957
264.94 498.715
270.495 494.783
276.588 490.461
281.345 486.747
282.285 484.718
281.847 479.01
281.106 469.196
280.584 461.899
280.508 460.177
280.439 458.726
280.076 452.941
280.718 447.953
281.68 441.936
282.021 434.94
282.184 427.708
282.199 423.778
282.175 418.001
282.134 417.392
282.001 415.349
280.731 409.025
279.199 401.734
277.013 394.166
275.973 390.787
275.719 389.956
275.44 389.044
274.255 385.163
273.246 379.923
273.665 375.714
273.855 372.641
274.111 367.806
274.132 367.25
274.172 365.113
276.293 359.059
279.265 350.641
282.669 340.966
284.495 334.646
285.248 330.277
285.649 328.081
285.968 325.901
286.328 323.041
287.366 314.769
288.126 309.066
289.291 301.221
289.992 296.423
290.891 291.199
291.121 289.857
292.017 284.928
291.598 270.33
282.977 246.836
252.648 217.74
215.065 251.79
215.221 268.356
215.201 273.726
216.937 293.847
218.816 302.157
219.699 305.928
220.136 307.665
220.486 309.312
220.745 312.459
221.334 318.55
221.804 323.012
222.32 327.907
224.334 334.59
226.143 340.456
227.758 345.587
231.001 356.687
231.954 360.508
232.424 361.525
232.426 361.982
231.962 365.857
231.832 366.987
231.441 370.524
229.786 380.286
228.041 389.808
227.167 393.266
227.196 393.161
227.284 396.67
227.339 400.082
227.524 406.074
227.642 408.962
227.824 413.378
227.993 416.329
227.498 420.486
227.049 424.029
225.713 433.878
225.254 437.242
224.65 441.761
224.215 445.168
223.484 450.7
223.465 456.928
223.586 462.67
223.928 470.492
224.144 475.326
224.549 480.696
230.81 489.864
233.765 491.414
233.698 491.368
241.485 495.426
244.704 497.097
239.315 494.3
234.144 491.611
229.519 489.184
224.026 487.614
218.76 490.923
210.212 496.283
220.889 245.381
253.9 170.577
254.819 218.064
290.431 250.925
248.712 52.5526
216.413 288.75
221.168 316.74
287.555 313.212
249.375 144.869
261.397 224.41
239.249 44.9942
244.708 136.939
227.077 394.385
282.102 416.585
273.964 371.686
127.69 132.398
251.872 65.8239
225.216 337.451
231.836 367.665
224.437 479.646
290.392 123.895
281.741 439.036
282.308 485.061
280.495 459.83
212.169 259.07
252.284 157.798
243.93 224.061
292.54 278.034
214.703 273.195
217.207 293.562
285.454 329.666
250.918 154.972
247.867 146.619
237.033 43.5996
245.261 136.899
292.004 284.895
290.253 295.051
285.533 329.135
241.623 46.8974
225.199 240.033
284.947 242.558
252.526 47.778
383.891 132.638
275.233 388.292
235.413 42.6816
255.308 135.274
260.231 133.312
283.827 264.608
289.639 298.985
283.901 336.978
286.361 322.789
285.982 325.725
244.119 46.7684
249.626 49.5106
278.047 395.353
251.777 136.692
258.395 132.887
284.152 336.723
0 0
275.556 379.556
277.616 355.274
289.412 300.404
280.805 409.489
276.293 391.826
291.59 253.002
136.489 131.561
224.108 473.093
220.739 490.831
280.401 450.261
281.929 434.147
284.511 489.815
281.276 487.394
0 0
252.539 145.448
0 0
213.305 263.622
219.334 304.988
220.452 309.229
247.522 142.019
249.064 148.151
251.353 154.219
248.175 144.052
237.227 44.714
242.31 47.1254
391.41 132.027
234.448 40.5305
272.586 128.195
291.287 259.122
290.874 257.303
291.61 264.074
292.948 276.521
292.697 273.557
291.429 268.083
269.257 230.432
286.97 317.935
290.44 293.84
285.594 328.977
256.137 46.3862
251.473 48.5388
255.289 134.251
253.872 138.043
258.318 133.592
254.784 139.022
277.969 356.12
280.012 348.525
223.415 451.378
214.872 493.361
213.325 267.831
213.321 254.002
217.423 294.684
221.33 318.516
222.343 328.056
224.312 332.966
220.754 312.035
219.871 307.201
219.341 304.383
246.722 143.413
241.325 135.344
230.022 130.151
216.798 124.668
211.539 121.803
253.046 160.246
254.267 175.356
253.196 158.832
252.037 147.176
246.155 48.8771
398.547 131.364
264.824 129.395
283.701 243.732
0 0
256.492 133.025
253.798 134.889
255.78 122.38
249.145 140.631
255.164 139.196
256.061 137.829
0 0
212.033 261.127
221.383 318.805
220.54 310.269
200.285 122.311
252.797 150.949
251.111 146.113
413.998 130.443
0 0
226.311 429.451
219.332 304.837
185.049 125.516
199.606 125.263
165.082 127.217
226.981 394.13
122.791 132.108
228.813 385.633
228.065 389.698
231.673 368.371
0 0
232.411 361.81
230.71 358.417
226.694 342.195
0 0
227.729 238.54
212.805 255.813
243.105 224.765
252.456 226.448
225.778 264
232.676 235.272
232.914 234.272
235.101 231.445
233.543 233.521
246.282 223.833
238.819 226.987
249.911 220.916
254.067 214.427
248.451 55.7348
254.222 48.8889
242.711 48.253
216.314 248.932
212.881 255.015
219.716 245.142
369.287 130.797
273.251 381.889
274.256 384.541
274.114 369.138
274.205 364.998
289.427 249.211
289.561 248.093
282.4 240.235
257.744 224.712
274.319 233.262
270.191 231.796
252.036 224.535
280.439 238.137
249.176 53.6959
249.645 52.6278
252.353 160.643
89.8586 129.444
229.644 380.351
254.063 172.338
255.001 192.5
254.628 180.362
254.573 181.22
255.256 203.272
255.067 194.572
255.051 207.866
255.193 198.625
256.49 220.634
255.515 218.19
261.185 224.916
253.991 216.691
253.65 223.406
244.375 223.268
268.482 228.675
280.599 237.919
252.06 59.768
249.5 55.7766
309.961 121.535
317.759 124.236
308.84 124.11
383.955 130.177
356.102 129.316
227.643 409.416
227.321 400.943
227.221 398.225
227.978 416.566
226.987 419.685
1676
0 0
0 0
0 0
0 0
0 0
0 0
0 0
0 0
0 0
0 0
0 0
0 0
0 0
0 0
0 0
0 0
0 0
0 0
0 0
0 0
0 0
0 0
0 0
0 0
0 0
0 0
0 0
0 0
0 0
0 0
0 0
0 0
0 0
0 0
0 0
0 0
0 0
0 0
0 0
0 0
0 0
0 0
0 0
0 0
0 0
0 0
0 0
0 0
569 27
0 0
0 0
0 0
0 0
0 0
0 0
0 0
0 0
0 0
0 0
0 0
0 0
0 0
0 0
0 0
0 0
0 0
0 0
0 0
0 0
0 0
0 0
0 0
0 0
0 0
0 0
0 0
0 0
0 0
0 0
27 666
0 0
0 0
0 0
0 0
0 0
0 0
0 0
0 0
0 0
0 0
0 0
0 0
0 0
0 0
0 0
0 0
0 0
0 0
0 0
0 0
0 0
0 0
0 0
0 0
0 0
0 0
0 0
0 0
0 0
0 0
0 0
0 0
0 0
0 0
0 0
0 0
0 0
0 0
0 0
0 0
0 0
0 0
0 0
0 0
0 0
0 0
0 0
0 0
0 0
0 0
0 0
0 0
0 0
0 0
0 0
0 0
0 0
0 0
0 0
0 0
0 0
0 0
0 0
0 0
0 0
0 0
0 0
0 0
666 446
0 0
0 0
0 0
0 0
0 0
0 0
0 0
0 0
0 0
0 0
0 0
0 0
0 0
0 0
0 0
0 0
0 0
0 0
446 221
0 0
0 0
0 0
0 0
0 0
0 0
0 0
0 0
0 0
0 0
0 0
0 0
0 0
0 0
0 0
0 0
0 0
0 0
0 0
0 0
0 0
0 0
0 0
221 650
0 0
0 0
0 0
0 0
0 0
0 0
0 0
0 0
0 0
0 0
0 0
0 0
0 0
0 0
0 0
0 0
0 0
0 0
0 0
0 0
0 0
0 0
0 0
0 0
0 0
650 91
0 0
0 0
0 0
0 0
0 0
0 0
0 0
0 0
0 0
0 0
0 0
0 0
0 0
0 0
0 0
0 0
0 0
0 0
0 0
0 0
0 0
0 0
0 0
0 0
0 0
0 0
0 0
0 0
0 0
0 0
0 0
0 0
0 0
0 0
0 0
0 0
0 0
0 0
0 0
0 0
0 0
0 0
0 0
0 0
0 0
0 0
91 108
0 0
0 0
0 0
0 0
0 0
0 0
0 0
0 0
0 0
0 0
0 0
0 0
0 0
0 0
0 0
0 0
0 0
0 0
0 0
0 0
0 0
0 0
0 0
0 0
0 0
0 0
0 0
0 0
0 0
0 0
0 0
0 0
0 0
0 0
0 0
0 0
0 0
0 0
0 0
0 0
0 0
0 0
0 0
0 0
0 0
0 0
0 0
0 0
0 0
0 0
0 0
0 0
0 0
0 0
0 0
0 0
0 0
0 0
0 0
0 0
0 0
0 0
0 0
0 0
0 0
0 0
0 0
0 0
0 0
0 0
0 0
0 0
0 0
0 0
0 0
0 0
0 0
0 0
0 0
0 0
0 0
0 0
0 0
0 0
0 0
0 0
0 0
0 0
0 0
0 0
0 0
0 0
0 0
0 0
0 0
0 0
0 0
0 0
0 0
0 0
0 0
0 0
0 0
0 0
0 0
0 0
0 0
0 0
0 0
0 0
0 0
0 0
0 0
0 0
0 0
0 0
0 0
0 0
0 0
0 0
0 0
0 0
0 0
0 0
0 0
0 0
0 0
0 0
0 0
221 676
0 0
0 0
0 0
0 0
0 0
0 0
0 0
0 0
0 0
0 0
0 0
0 0
0 0
0 0
0 0
0 0
0 0
0 0
0 0
0 0
0 0
0 0
0 0
0 0
0 0
0 0
0 0
0 0
0 0
0 0
0 0
0 0
0 0
0 0
0 0
0 0
0 0
0 0
0 0
0 0
0 0
0 0
0 0
0 0
0 0
0 0
0 0
0 0
0 0
0 0
0 0
0 0
0 0
0 0
0 0
0 0
0 0
0 0
0 0
0 0
0 0
0 0
0 0
0 0
0 0
0 0
0 0
0 0
0 0
0 0
0 0
0 0
0 0
0 0
0 0
0 0
0 0
0 0
0 0
0 0
0 0
0 0
0 0
0 0
0 0
0 0
0 0
0 0
0 0
0 0
0 0
0 0
0 0
0 0
0 0
0 0
0 0
0 0
0 0
0 0
0 0
0 0
0 0
0 0
0 0
0 0
0 0
0 0
0 0
0 0
0 0
0 0
0 0
0 0
0 0
0 0
0 0
0 0
0 0
0 0
0 0
0 0
0 0
0 0
0 0
0 0
0 0
0 0
0 0
221 719
0 0
0 0
0 0
0 0
0 0
0 0
0 0
0 0
0 0
0 0
0 0
0 0
0 0
0 0
0 0
0 0
0 0
0 0
0 0
0 0
0 0
0 0
0 0
0 0
719 720
0 0
0 0
0 0
0 0
0 0
0 0
0 0
0 0
0 0
0 0
0 0
0 0
0 0
0 0
0 0
0 0
0 0
0 0
0 0
0 0
0 0
0 0
0 0
0 0
0 0
0 0
0 0
0 0
0 0
0 0
0 0
0 0
0 0
0 0
0 0
0 0
0 0
0 0
0 0
0 0
0 0
0 0
0 0
0 0
0 0
0 0
0 0
0 0
0 0
0 0
0 0
0 0
720 282
0 0
0 0
0 0
0 0
0 0
0 0
0 0
0 0
0 0
0 0
0 0
0 0
0 0
0 0
0 0
0 0
0 0
0 0
0 0
0 0
0 0
0 0
0 0
0 0
0 0
0 0
0 0
0 0
0 0
0 0
0 0
0 0
0 0
0 0
0 0
0 0
0 0
0 0
0 0
0 0
0 0
0 0
0 0
0 0
0 0
0 0
0 0
0 0
0 0
0 0
0 0
0 0
0 0
0 0
0 0
0 0
0 0
0 0
0 0
0 0
0 0
0 0
0 0
0 0
0 0
0 0
0 0
0 0
0 0
0 0
0 0
0 0
0 0
0 0
0 0
0 0
0 0
0 0
0 0
0 0
0 0
0 0
0 0
0 0
0 0
0 0
0 0
0 0
0 0
0 0
0 0
0 0
0 0
0 0
0 0
0 0
0 0
0 0
0 0
0 0
0 0
0 0
0 0
0 0
0 0
0 0
0 0
0 0
0 0
0 0
0 0
0 0
0 0
0 0
0 0
0 0
0 0
0 0
0 0
0 0
0 0
0 0
0 0
0 0
0 0
0 0
0 0
0 0
0 0
0 0
0 0
0 0
0 0
0 0
0 0
0 0
0 0
0 0
0 0
0 0
0 0
0 0
0 0
0 0
0 0
0 0
0 0
0 0
0 0
0 0
0 0
0 0
0 0
446 549
0 0
0 0
0 0
0 0
0 0
0 0
0 0
0 0
0 0
0 0
0 0
0 0
0 0
0 0
0 0
0 0
0 0
0 0
0 0
0 0
0 0
0 0
0 0
0 0
0 0
0 0
0 0
0 0
0 0
0 0
0 0
0 0
0 0
0 0
0 0
0 0
0 0
0 0
0 0
0 0
0 0
0 0
0 0
0 0
0 0
549 561
0 0
0 0
0 0
0 0
0 0
0 0
0 0
0 0
0 0
0 0
0 0
0 0
0 0
0 0
0 0
0 0
0 0
0 0
0 0
0 0
0 0
0 0
0 0
0 0
0 0
0 0
0 0
0 0
0 0
0 0
0 0
0 0
0 0
0 0
0 0
0 0
0 0
0 0
0 0
0 0
0 0
0 0
0 0
0 0
0 0
0 0
0 0
0 0
0 0
0 0
0 0
0 0
0 0
0 0
0 0
0 0
0 0
0 0
0 0
0 0
0 0
0 0
0 0
0 0
0 0
0 0
0 0
0 0
0 0
0 0
561 572
0 0
0 0
0 0
0 0
0 0
0 0
0 0
0 0
0 0
0 0
0 0
0 0
0 0
0 0
0 0
0 0
0 0
0 0
0 0
0 0
0 0
0 0
0 0
0 0
0 0
0 0
0 0
0 0
0 0
0 0
0 0
0 0
0 0
0 0
0 0
0 0
0 0
0 0
0 0
0 0
0 0
0 0
0 0
0 0
0 0
0 0
0 0
0 0
0 0
0 0
0 0
0 0
0 0
0 0
0 0
0 0
0 0
0 0
0 0
0 0
0 0
0 0
0 0
0 0
0 0
0 0
0 0
0 0
0 0
0 0
0 0
0 0
0 0
0 0
0 0
0 0
0 0
0 0
0 0
0 0
0 0
0 0
0 0
0 0
0 0
0 0
0 0
0 0
0 0
0 0
0 0
0 0
0 0
0 0
0 0
0 0
0 0
0 0
0 0
0 0
0 0
0 0
0 0
0 0
0 0
0 0
0 0
0 0
0 0
0 0
0 0
0 0
0 0
0 0
0 0
0 0
0 0
0 0
0 0
0 0
0 0
0 0
0 0
0 0
0 0
0 0
0 0
0 0
0 0
0 0
0 0
0 0
0 0
0 0
0 0
0 0
0 0
0 0
0 0
0 0
0 0
0 0
0 0
0 0
0 0
0 0
0 0
0 0
0 0
0 0
0 0
0 0
0 0
0 0
0 0
0 0
0 0
0 0
0 0
0 0
0 0
0 0
0 0
0 0
0 0
0 0
0 0
0 0
0 0
0 0
0 0
0 0
0 0
0 0
0 0
0 0
0 0
0 0
0 0
0 0
0 0
0 0
0 0
0 0
0 0
0 0
0 0
0 0
0 0
0 0
0 0
0 0
0 0
0 0
0 0
0 0
0 0
0 0
0 0
0 0
0 0
0 0
0 0
0 0
0 0
0 0
0 0
0 0
0 0
0 0
0 0
0 0
0 0
0 0
0 0
0 0
0 0
0 0
0 0
0 0
0 0
0 0
0 0
0 0
0 0
0 0
0 0
0 0
0 0
0 0
0 0
0 0
0 0
0 0
0 0
0 0
0 0
0 0
0 0
0 0
0 0
0 0
0 0
0 0
0 0
0 0
0 0
0 0
0 0
0 0
0 0
0 0
0 0
0 0
0 0
0 0
0 0
0 0
0 0
0 0
0 0
0 0
0 0
0 0
0 0
0 0
0 0
0 0
0 0
0 0
0 0
0 0
0 0
0 0
0 0
0 0
0 0
0 0
0 0
0 0
0 0
0 0
0 0
0 0
0 0
0 0
0 0
0 0
0 0
0 0
0 0
0 0
0 0
0 0
0 0
0 0
0 0
0 0
0 0
0 0
0 0
0 0
0 0
0 0
0 0
0 0
0 0
0 0
0 0
0 0
0 0
0 0
0 0
0 0
0 0
0 0
0 0
0 0
0 0
0 0
0 0
0 0
0 0
0 0
0 0
0 0
0 0
0 0
0 0
0 0
0 0
0 0
0 0
0 0
0 0
0 0
0 0
0 0
0 0
0 0
0 0
0 0
0 0
0 0
0 0
0 0
0 0
0 0
0 0
0 0
0 0
0 0
0 0
0 0
0 0
0 0
0 0
0 0
0 0
0 0
0 0
0 0
0 0
0 0
0 0
0 0
0 0
0 0
0 0
0 0
0 0
0 0
0 0
0 0
0 0
0 0
0 0
0 0
0 0
0 0
0 0
0 0
0 0
0 0
0 0
0 0
0 0
0 0
0 0
0 0
0 0
0 0
0 0
0 0
0 0
0 0
0 0
0 0
0 0
0 0
0 0
0 0
0 0
0 0
0 0
0 0
0 0
0 0
0 0
0 0
0 0
0 0
0 0
0 0
0 0
0 0
0 0
0 0
0 0
0 0
0 0
0 0
0 0
0 0
0 0
0 0
0 0
0 0
0 0
0 0
0 0
0 0
0 0
0 0
0 0
0 0
0 0
0 0
0 0
0 0
0 0
0 0
0 0
0 0
0 0
0 0
0 0
0 0
0 0
0 0
0 0
0 0
0 0
0 0
0 0
0 0
0 0
0 0
0 0
0 0
0 0
0 0
0 0
0 0
0 0
0 0
0 0
0 0
0 0
0 0
0 0
0 0
0 0
0 0
0 0
0 0
0 0
0 0
0 0
0 0
0 0
0 0
0 0
0 0
0 0
0 0
0 0
0 0
0 0
0 0
0 0
0 0
0 0
0 0
0 0
0 0
0 0
0 0
0 0
0 0
0 0
0 0
0 0
0 0
0 0
0 0
0 0
0 0
0 0
0 0
0 0
0 0
0 0
0 0
0 0
0 0
0 0
0 0
0 0
0 0
0 0
0 0
0 0
0 0
0 0
0 0
0 0
0 0
0 0
0 0
0 0
0 0
0 0
0 0
0 0
0 0
0 0
0 0
0 0
0 0
0 0
0 0
0 0
0 0
0 0
0 0
0 0
0 0
0 0
0 0
0 0
0 0
0 0
0 0
0 0
0 0
0 0
0 0
0 0
0 0
0 0
0 0
0 0
0 0
0 0
0 0
0 0
0 0
0 0
0 0
0 0
0 0
0 0
0 0
0 0
0 0
0 0
0 0
0 0
0 0
0 0
0 0
0 0
0 0
0 0
0 0
0 0
0 0
0 0
0 0
0 0
0 0
0 0
0 0
0 0
0 0
0 0
0 0
0 0
0 0
0 0
0 0
0 0
0 0
0 0
0 0
0 0
0 0
0 0
0 0
0 0
0 0
0 0
0 0
0 0
0 0
0 0
0 0
0 0
0 0
0 0
0 0
0 0
0 0
0 0
0 0
0 0
0 0
0 0
0 0
0 0
0 0
0 0
0 0
0 0
0 0
0 0
0 0
0 0
0 0
0 0
0 0
0 0
0 0
0 0
0 0
0 0
0 0
0 0
0 0
0 0
0 0
0 0
0 0
0 0
0 0
0 0
0 0
0 0
0 0
0 0
0 0
0 0
0 0
0 0
0 0
0 0
0 0
0 0
0 0
0 0
0 0
0 0
0 0
0 0
0 0
0 0
0 0
0 0
0 0
0 0
0 0
0 0
0 0
0 0
0 0
0 0
0 0
0 0
0 0
0 0
0 0
0 0
0 0
0 0
0 0
0 0
0 0
0 0
0 0
0 0
0 0
0 0
0 0
0 0
0 0
0 0
0 0
0 0
0 0
0 0
0 0
0 0
0 0
0 0
0 0
0 0
0 0
0 0
0 0
0 0
0 0
0 0
0 0
0 0
0 0
0 0
0 0
0 0
0 0
0 0
0 0
0 0
0 0
0 0
0 0
0 0
0 0
0 0
0 0
0 0
0 0
0 0
0 0
0 0
0 0
0 0
0 0
0 0
0 0
0 0
0 0
0 0
0 0
0 0
0 0
0 0
0 0
0 0
0 0
0 0
0 0
0 0
0 0
0 0
0 0
0 0
0 0
0 0
0 0
0 0
0 0
0 0
0 0
0 0
0 0
0 0
0 0
0 0
0 0
0 0
0 0
0 0
0 0
0 0
0 0
0 0
0 0
0 0
0 0
0 0
0 0
0 0
0 0
0 0
0 0
0 0
0 0
0 0
0 0
0 0
0 0
1676
0 1
2 0
0 3
501 0
0 608
1 2
2 3
3 4
3 608
4 5
4 608
5 6
521 5
569 5
608 5
6 7
521 6
7 8
7 521
8 9
8 521
568 8
9 10
9 568
10 11
10 568
10 607
11 12
11 607
12 13
607 12
12 638
13 14
638 13
14 15
638 14
15 16
638 15
15 647
16 17
16 647
16 726
17 18
726 17
18 19
726 18
19 20
726 19
20 21
20 723
726 20
21 22
21 652
21 723
22 23
652 22
23 24
23 652
24 25
24 26
24 652
25 26
26 27
652 26
27 28
27 652
27 655
698 27
28 29
28 698
29 30
698 29
30 31
659 30
698 30
31 32
31 659
32 33
32 659
33 34
33 659
660 33
34 35
660 34
35 36
614 35
660 35
36 37
36 614
37 38
37 614
38 39
38 614
38 640
39 40
640 39
40 41
640 40
41 42
640 41
41 641
42 43
42 641
43 44
43 641
43 648
44 45
44 648
45 46
531 45
45 648
46 47
531 46
47 48
47 531
48 49
531 48
48 609
49 50
609 49
50 51
50 609
50 639
51 52
639 51
52 53
639 52
53 54
53 639
679 53
54 55
54 679
55 56
55 679
56 57
56 679
680 56
57 58
57 680
58 59
58 680
59 60
59 680
60 61
60 670
680 60
61 62
670 61
62 63
62 670
62 672
63 64
63 672
64 65
64 672
64 712
65 66
712 65
66 67
712 66
67 68
67 674
712 67
68 69
68 624
68 674
68 704
69 70
69 624
69 696
70 71
696 70
71 72
71 696
72 73
72 583
72 696
73 74
583 73
74 75
74 583
75 76
75 77
75 534
583 75
76 77
77 78
534 77
77 618
78 79
78 618
79 80
79 618
79 619
80 81
80 619
621 80
81 82
81 621
642 81
82 83
82 642
83 84
83 642
649 83
84 85
649 84
85 86
85 649
86 87
86 649
86 650
87 88
650 87
88 89
650 88
651 88
89 90
89 651
90 91
152 90
90 651
91 92
151 91
152 91
92 93
92 150
151 92
92 567
93 94
93 567
94 95
567 94
95 96
95 517
95 567
96 97
517 96
97 98
97 517
98 99
517 98
98 653
99 100
653 99
100 101
653 100
101 102
653 101
101 697
102 103
102 697
103 104
103 697
104 105
104 139
104 140
104 697
105 106
105 137
105 138
105 139
106 107
137 106
107 108
136 107
137 107
108 109
108 135
136 108
109 110
109 134
109 135
110 111
110 133
110 134
111 112
131 111
132 111
133 111
112 113
112 131
113 114
131 113
114 115
114 130
114 131
115 116
115 129
115 130
116 117
128 116
116 129
117 118
117 126
127 117
117 128
118 119
125 118
126 118
119 120
124 119
119 125
120 121
120 123
124 120
121 122
121 123
122 123
123 124
124 125
125 126
126 127
127 128
128 129
129 130
130 131
131 132
132 133
133 134
134 135
135 136
136 137
137 138
138 139
139 140
140 141
697 140
141 142
141 697
142 143
697 142
143 144
143 653
697 143
144 145
144 653
145 146
145 517
145 653
146 147
146 517
147 148
147 517
567 147
148 149
148 567
149 150
149 567
150 151
150 567
151 152
152 153
651 152
153 154
651 153
154 155
651 154
155 156
155 650
155 651
156 157
156 650
157 158
157 650
158 159
649 158
158 650
159 160
649 159
160 161
642 160
649 160
161 162
642 161
162 163
162 622
642 162
163 164
622 163
164 165
164 622
165 166
165 622
166 167
536 166
166 620
622 166
167 168
167 169
167 536
168 169
169 170
169 536
170 171
536 170
170 601
633 170
170 634
171 172
171 634
172 173
172 634
172 646
173 174
646 173
173 676
174 175
676 174
175 176
676 175
175 677
176 177
677 176
177 178
177 179
177 677
178 179
179 180
540 179
179 677
180 181
180 540
180 584
181 182
181 584
182 183
584 182
183 184
584 183
184 185
184 535
184 584
587 184
185 186
587 185
186 187
186 587
187 188
187 587
188 189
188 587
189 190
191 189
546 189
587 189
190 191
191 192
546 191
192 193
192 546
193 194
193 195
546 193
193 554
194 195
195 196
195 554
196 197
543 196
196 554
197 198
543 197
198 199
198 543
199 200
543 199
200 201
543 200
599 200
201 202
201 599
202 203
599 202
203 204
203 205
203 599
204 205
205 206
205 599
206 207
206 599
600 206
207 208
600 207
208 209
600 208
694 208
209 210
211 209
209 212
209 694
210 211
211 212
212 213
212 214
694 212
213 214
214 215
694 214
715 214
215 216
715 215
216 217
715 216
217 218
518 217
715 217
218 219
518 218
218 646
219 220
634 219
219 646
220 221
632 220
634 220
221 222
223 221
221 558
221 632
222 223
223 224
223 558
224 225
558 224
629 224
225 226
522 225
629 225
226 227
522 226
227 228
522 227
228 229
228 522
229 230
522 229
717 229
230 231
717 230
231 232
717 231
231 718
232 233
718 232
233 234
718 233
233 719
234 235
719 234
235 236
719 235
236 237
719 236
720 236
237 238
720 237
721 237
238 239
238 721
239 240
721 239
240 241
299 240
721 240
241 242
241 298
241 299
241 681
242 243
681 242
243 244
243 681
244 245
544 244
681 244
245 246
544 245
246 247
246 544
247 248
544 247
586 247
248 249
248 586
249 250
249 586
628 249
250 251
628 250
251 252
251 628
645 251
252 253
645 252
253 254
253 285
253 645
254 255
254 284
254 285
255 256
255 283
284 255
256 257
282 256
283 256
257 258
257 281
282 257
258 259
280 258
258 281
259 260
279 259
280 259
260 261
277 260
278 260
260 279
261 262
276 261
277 261
262 263
275 262
262 276
263 264
274 263
275 263
264 265
273 264
274 264
265 266
272 265
265 273
266 267
266 272
267 268
270 267
271 267
272 267
268 269
270 268
269 270
270 271
271 272
272 273
273 274
274 275
275 276
276 277
277 278
278 279
279 280
280 281
281 282
282 283
283 284
284 285
285 286
645 285
286 287
645 286
287 288
645 287
288 289
288 628
645 288
289 290
628 289
290 291
290 586
290 628
291 292
586 291
292 293
544 292
292 586
293 294
293 544
294 295
294 544
295 296
295 544
295 681
296 297
296 681
297 298
681 297
298 299
681 298
299 300
299 721
300 301
721 300
301 302
301 721
302 303
302 720
302 721
303 304
303 720
304 305
719 304
720 304
305 306
305 719
306 307
306 718
306 719
307 308
307 718
308 309
717 308
308 718
309 310
309 717
310 311
310 717
311 312
311 522
717 311
312 313
312 522
312 588
637 312
313 314
313 637
314 315
314 575
637 314
315 316
315 317
575 315
316 317
317 318
317 575
318 319
318 575
319 320
527 319
575 319
319 643
319 699
320 321
699 320
321 322
321 699
322 323
699 322
323 324
323 699
706 323
324 325
324 706
325 326
325 706
707 325
326 327
326 707
327 328
707 327
713 327
328 329
713 328
329 330
329 713
330 331
713 330
330 714
331 332
714 331
332 333
332 714
333 334
333 542
687 333
714 333
334 335
687 334
335 336
687 335
336 337
687 336
337 338
337 566
687 337
338 339
566 338
339 340
566 339
340 341
340 566
591 340
341 342
341 591
342 343
342 591
342 593
343 344
343 593
344 345
593 344
345 346
538 345
593 345
346 347
538 346
347 348
538 347
348 349
348 538
560 348
349 350
349 560
350 351
350 560
351 352
553 351
351 560
352 353
553 352
598 352
353 354
598 353
354 355
354 598
355 356
355 598
356 357
356 559
356 598
357 358
559 357
358 359
358 559
358 605
359 360
605 359
360 361
360 605
684 360
361 362
361 684
362 363
362 364
362 684
363 364
364 365
683 364
364 684
365 366
683 365
366 367
366 556
683 366
367 368
369 367
367 556
368 369
369 370
556 369
370 371
370 556
371 372
556 371
564 371
372 373
564 372
373 374
373 515
373 564
374 375
515 374
375 376
515 375
376 377
376 515
376 571
377 378
523 377
377 571
378 379
378 523
379 380
379 523
380 381
523 380
380 570
381 382
570 381
382 383
525 382
382 570
383 384
525 383
384 385
384 525
574 384
385 386
385 574
386 387
386 574
387 388
387 524
572 387
387 574
388 389
388 572
389 390
389 572
390 391
392 390
390 572
391 392
392 393
572 392
393 394
393 572
394 395
572 394
394 573
395 396
573 395
396 397
398 396
396 573
397 398
398 399
573 398
399 400
573 399
400 401
400 524
573 400
401 402
524 401
402 403
524 402
402 574
403 404
525 403
403 574
404 405
525 404
405 406
405 525
406 407
525 406
406 570
407 408
407 570
408 409
408 523
570 408
409 410
523 409
410 411
523 410
410 571
411 412
411 571
412 413
571 412
413 414
415 413
413 515
571 413
414 415
415 416
415 515
415 561
416 417
416 561
417 418
561 417
565 417
418 419
418 565
419 420
565 419
420 421
565 420
421 422
421 565
422 423
422 545
422 565
682 422
423 424
423 682
424 425
424 682
425 426
516 425
682 425
685 425
426 427
685 426
427 428
427 685
428 429
428 685
429 430
606 429
685 429
430 431
430 606
431 432
431 551
431 606
432 433
432 551
433 434
433 539
551 433
434 435
539 434
435 436
539 435
436 437
539 436
436 596
437 438
437 596
438 439
438 596
439 440
596 439
597 439
440 441
440 597
441 442
537 441
441 597
442 443
537 442
443 444
537 443
594 443
444 445
444 594
445 446
445 594
631 445
446 447
446 631
662 446
446 665
666 446
447 448
447 666
448 449
448 666
449 450
530 449
449 576
449 666
450 451
450 576
451 452
576 451
451 617
452 453
452 617
453 454
453 579
453 617
454 455
454 579
455 456
579 455
455 612
456 457
456 612
457 458
612 457
458 459
612 458
458 613
459 460
519 459
459 613
460 461
460 519
461 462
461 519
462 463
519 462
657 462
658 462
463 464
658 463
464 465
658 464
465 466
465 658
466 467
466 656
658 466
467 468
467 656
468 469
468 656
469 470
654 469
656 469
470 471
470 472
470 514
654 470
471 472
472 473
514 472
724 472
473 474
724 473
474 475
474 724
475 476
724 475
476 477
724 476
476 725
477 478
477 725
478 479
725 478
479 480
725 479
480 481
480 647
725 480
481 482
638 481
647 481
482 483
638 482
483 484
638 483
484 485
607 484
484 638
485 486
607 485
486 487
486 568
607 486
487 488
487 568
488 489
521 488
568 488
489 490
489 521
490 491
521 490
490 569
491 492
493 491
569 491
492 493
493 494
496 493
493 497
569 493
494 495
494 496
495 496
496 497
497 498
569 497
498 499
498 569
499 500
499 569
608 499
500 501
500 608
608 501
502 541
610 502
662 502
663 502
667 502
502 668
502 678
623 503
625 503
503 701
702 503
673 504
705 504
504 708
504 710
504 711
549 505
589 505
590 505
630 505
505 686
505 688
506 585
627 506
506 675
695 506
506 716
507 530
507 531
507 576
507 577
609 507
507 611
616 507
612 508
613 508
614 508
615 508
640 508
508 641
550 509
552 509
553 509
509 560
509 563
596 509
510 534
580 510
510 581
510 582
602 510
635 510
510 644
511 690
707 511
708 511
511 709
511 713
535 512
512 543
546 512
512 554
555 512
585 512
627 512
536 513
557 513
580 513
513 619
620 513
635 513
652 514
514 654
655 514
514 723
724 514
561 515
564 515
571 515
516 682
683 516
684 516
685 516
567 517
653 517
646 518
675 518
518 676
518 715
518 716
613 519
614 519
519 657
660 519
520 654
520 656
520 657
520 658
520 659
698 520
568 521
569 521
588 522
629 522
717 522
570 523
523 571
572 524
524 573
524 574
570 525
574 525
526 577
609 526
526 610
526 639
526 678
526 679
625 527
527 643
527 661
527 699
527 702
528 669
528 671
528 672
673 528
674 528
528 710
712 528
529 537
538 529
549 529
529 550
563 529
589 529
592 529
594 529
576 530
530 577
663 530
530 666
531 609
611 531
648 531
532 539
532 551
552 532
553 532
559 532
532 598
533 581
533 582
533 583
623 533
533 696
534 580
581 534
534 583
534 618
540 535
546 535
535 584
535 585
587 535
536 557
620 536
536 633
550 537
537 594
597 537
538 560
563 538
592 538
538 593
551 539
552 539
596 539
540 584
585 540
540 675
677 540
668 541
669 541
541 670
678 541
680 541
542 686
542 687
542 688
542 693
542 714
543 554
555 543
543 599
586 544
681 544
545 556
545 561
545 565
682 545
545 683
546 554
546 587
557 547
558 547
547 601
602 547
603 547
547 604
547 632
588 548
603 548
548 604
548 629
636 548
637 548
589 549
549 594
630 549
549 631
550 563
550 596
550 597
551 559
605 551
551 606
553 552
552 596
553 560
553 598
599 555
555 600
627 555
555 695
561 556
556 564
683 556
557 601
557 602
557 633
557 635
558 603
558 629
558 632
598 559
605 559
560 563
561 564
565 561
562 605
562 606
684 562
562 685
590 566
591 566
566 686
687 566
607 568
608 569
572 573
626 575
575 636
575 637
575 643
576 616
576 617
577 609
610 577
577 663
611 578
578 615
578 616
641 578
648 578
579 612
579 615
579 616
579 617
580 618
619 580
580 635
581 582
583 581
582 623
625 582
582 626
582 644
696 583
585 627
675 585
586 628
588 629
637 588
590 589
589 591
592 589
590 591
686 590
592 591
591 593
592 593
594 631
595 630
631 595
664 595
595 665
595 688
595 691
596 597
600 599
694 600
600 695
601 632
601 633
634 601
602 604
602 635
644 602
604 603
603 629
626 604
636 604
604 644
605 606
605 684
685 606
638 607
639 609
610 663
678 610
616 611
611 648
613 612
612 615
614 613
640 614
614 660
616 615
615 641
616 617
618 619
620 619
621 619
621 620
622 620
622 621
642 621
642 622
623 624
625 623
623 696
623 701
624 696
624 701
624 704
625 626
625 643
625 702
636 626
626 643
626 644
627 695
628 645
631 630
630 688
665 631
632 634
646 634
636 637
647 638
679 639
640 641
648 641
649 642
646 676
725 647
647 726
650 649
650 651
652 655
652 723
697 653
655 654
654 656
698 654
698 655
656 658
657 658
657 659
660 657
660 659
659 698
699 661
700 661
702 661
661 703
706 661
662 663
665 662
662 666
667 662
666 663
664 665
667 664
668 664
664 671
664 689
691 664
664 692
665 667
668 667
668 669
668 671
669 670
669 671
669 672
670 672
680 670
673 671
671 692
671 711
672 712
710 673
711 673
674 704
674 710
712 674
676 675
677 675
716 675
676 677
678 679
680 678
680 679
682 683
683 684
684 685
686 687
686 688
688 690
691 688
688 693
689 690
691 689
692 689
709 689
689 711
691 690
690 693
690 709
713 690
690 714
711 692
714 693
695 694
694 715
716 694
716 695
706 699
700 701
702 700
700 703
704 700
700 705
701 702
704 701
705 703
703 706
707 703
708 703
705 704
704 710
708 705
710 705
707 706
707 708
713 707
709 708
708 711
711 709
713 714
716 715
718 717
719 718
719 720
721 720
723 722
722 724
722 725
722 726
723 724
723 726
724 725
725 726
