661
205 495
206 490
209 485
209 480
209 475
209 470
211 465
210 460
210 455
210 450
210 445
210 440
209 435
209 430
209 425
210 420
210 415
210 410
209 405
209 400
209 395
208 390
209 385
209 380
209 375
209 370
210 365
211 362
211 357
211 352
211 347
210 342
211 337
211 332
211 327
206 325
201 326
196 327
193 325
193 320
194 315
194 310
195 305
196 300
196 295
197 290
198 285
200 280
200 275
202 270
202 265
203 260
202 255
203 250
206 246
208 241
209 236
211 231
215 227
217 222
219 217
219 212
220 207
220 202
220 197
219 192
219 187
219 182
218 177
217 172
214 167
213 162
211 157
210 152
209 147
207 142
207 137
206 132
205 127
200 127
195 126
190 126
185 125
180 126
175 126
170 126
165 125
160 123
155 122
150 122
145 123
140 124
135 125
130 125
125 124
120 124
115 123
110 122
105 121
100 121
95 121
90 121
85 121
80 120
75 119
70 120
65 120
60 122
55 124
50 126
45 126
46 121
41 121
36 122
31 124
26 127
24 123
21 120
16 121
12 119
14 115
19 114
24 113
29 112
34 111
39 111
44 110
49 110
54 110
59 109
64 108
69 108
74 107
79 107
84 106
89 106
94 105
99 105
104 104
109 103
114 102
119 101
124 100
129 100
134 101
139 101
144 102
149 101
154 100
159 100
162 99
166 96
171 95
176 94
181 95
186 93
191 91
195 89
196 84
201 84
206 87
211 88
216 89
221 90
226 90
231 88
232 83
231 78
233 75
232 70
231 65
231 60
230 55
230 50
230 45
231 40
232 35
234 30
236 25
239 20
244 17
249 16
254 16
259 17
264 20
267 25
268 30
270 35
272 40
272 45
272 50
272 55
271 60
271 65
270 70
270 74
271 78
270 83
271 87
276 89
281 90
286 89
291 88
296 87
301 87
306 86
311 84
316 84
315 89
317 93
322 94
327 96
332 96
337 97
342 98
346 99
351 100
356 100
361 101
366 100
371 101
376 100
381 100
386 101
391 101
396 102
401 103
406 104
411 104
416 105
421 106
426 106
431 106
436 106
441 107
446 108
451 109
456 109
461 109
466 110
471 110
476 111
481 113
486 113
491 115
489 119
484 119
479 119
479 123
475 126
470 122
465 121
460 119
458 122
455 125
450 125
445 122
440 120
435 118
430 118
425 118
420 119
415 119
410 119
405 119
400 119
395 121
390 122
385 122
380 123
375 125
370 125
366 123
361 123
356 122
351 121
346 122
341 123
336 125
331 125
326 125
321 125
316 125
311 125
306 125
301 126
297 129
296 134
296 139
295 144
293 149
292 154
291 159
289 164
287 169
286 174
284 179
284 184
284 189
283 194
282 199
282 204
284 209
284 214
285 219
287 224
289 229
293 233
294 238
297 243
298 248
299 253
299 258
299 263
300 268
301 273
302 278
303 283
305 288
306 293
306 298
307 303
307 308
309 313
309 318
309 323
308 327
303 326
298 327
293 326
291 331
291 336
292 341
292 346
292 351
292 356
292 361
293 366
294 371
294 376
294 381
293 386
294 391
294 396
294 401
293 406
293 411
293 416
293 421
293 426
292 431
292 436
292 441
292 446
292 451
292 456
292 461
293 466
293 471
293 476
294 481
294 486
297 491
297 495
292 495
287 495
282 495
277 495
273 493
274 488
275 483
276 478
276 473
275 468
274 463
272 458
272 453
270 448
270 443
269 438
268 433
268 428
268 423
268 418
267 413
266 408
266 403
265 398
265 393
265 388
265 383
264 378
262 373
262 368
262 363
262 358
263 353
263 348
263 343
263 338
261 333
260 328
259 323
254 323
249 323
244 322
243 327
242 332
240 337
239 342
239 347
239 352
239 357
240 362
240 367
239 372
239 377
238 382
237 387
237 392
237 397
236 402
235 407
235 412
235 417
234 422
233 427
233 432
231 437
231 442
231 447
230 452
229 457
228 462
228 467
226 472
225 477
226 482
228 487
228 492
225 495
220 494
215 495
210 495
206 495
251 47.5
209.649 107.754
251.163 141.167
251.551 238.72
250.952 204.5
286.324 110.598
267 287.6
271.66 147.332
245.243 168.951
232.029 151.488
231.057 124.389
233.688 231.575
268.146 228.641
265.944 168.877
251 81.3125
372.942 113.01
172.527 110.561
225.982 297.948
222.625 390
224.554 342
333.373 110.866
277.697 370.061
202.379 98.3344
272.327 255.617
222.491 139.102
220.017 278.803
195.349 111.276
284.326 485.601
250.276 31.7325
361.948 112
383.519 111.406
220.977 150.133
236.995 137.799
224.821 257.354
213.558 254.748
216.702 266.799
204.253 116.635
218.101 118.969
242.409 39.9939
259.168 39.2248
351.541 110.5
342.509 113.233
393.287 111.384
242.19 147.429
255.23 156.557
240.765 158.609
230.962 168.994
229.272 133.199
224.697 105.206
260.614 146.901
255.587 167.065
257.555 186.313
252.082 177.148
223.855 160.683
215.983 99.4463
227.39 114.959
247.701 104.104
236.323 107.245
239.354 96.048
250.481 92.8722
260.025 87.5089
230.407 98.0366
241.846 86.0473
303.424 104.87
307.482 95.8134
160.957 111.437
150.406 111.457
138.931 112.525
126.776 111.963
279.045 384.082
284.594 376.473
272.915 377.596
183.861 113.377
180.035 104.562
190.097 102.434
216.715 129.817
266.572 157.513
278.797 157.261
276.479 167.616
292.3 100.052
297.263 114.867
116.146 112.422
267.4 124.338
266.556 136.386
280.966 131.342
278.426 119.622
266.054 105.942
259.564 97.8621
269.889 114.909
255.551 116.168
288.99 121.782
256.696 106.837
255.423 129.03
244.045 122.485
245.73 132.54
282.728 143.071
248.011 221.667
233.94 216.632
239.171 224.194
226.95 223.988
243.512 212.061
233.399 203.192
241.806 189.5
238.13 178.323
230.539 187.013
227.626 177.93
261.544 215.149
258.057 225.217
266.16 199.966
272.944 217.933
259.774 206.318
256.796 196.33
242.51 199.359
270.792 187.508
272.28 177.174
272.599 207.799
248.198 64.4062
243.503 73.8696
241.713 54.6462
258.682 57.4584
258.68 68.8383
261.325 78.0315
262.375 48.4334
224.066 375.003
228.667 383.013
218.022 381.99
225.227 360.77
218.872 367.416
230.5 368.363
221.112 351.521
222.207 403.308
222.512 415.846
220.919 427.851
220.493 438.449
220.225 448.748
219.312 458.19
227 326.166
230.773 334.855
220.527 333.272
218.258 312.354
206.03 312.764
233.375 311.185
225.442 306.932
247.022 294.88
234.639 320.57
237.088 300.429
234.808 284.678
248.249 308.745
225.028 287.744
211.44 294.161
211.87 304.374
231.987 270.222
251.751 276.806
260.451 300.679
243.359 255.458
245.132 284.73
241.409 274.894
255.827 287.99
248.441 265.784
257.847 254.741
283.502 304.042
259.032 311.794
271.198 307.7
274.567 296.508
281.002 318.157
283.967 280.856
285.602 292.486
276.623 287.094
293.08 285.505
294.496 300.071
292.948 312.989
234.498 260.394
264.287 268.395
273.369 275.822
284.504 266.052
250.275 248.469
238.351 243.587
223.439 242.465
222.81 232.773
265.836 242.811
279.844 239.975
269.648 318.977
276.293 331.973
261.987 278.514
290.994 273.699
274.294 265.645
230.421 249.326
215.311 246.042
260.436 234.682
218.746 321.718
210.249 283.422
210.566 273.981
285.417 252.663
278.416 229.746
277.401 355.455
271.49 362.88
283.022 362.647
274.889 343.806
318.207 108.825
326.436 105.041
325.029 115.503
308.813 114.333
279.752 398.526
284.906 391.035
273.946 391.571
279.967 411.57
280.542 424.151
280.392 435.761
281.032 446.735
281.974 456.743
277.664 101.849
269.314 96.6762
247.111 48.8889
228.163 288
285.333 91.0847
139.556 110.893
661
205.095 495.291
208.799 492.626
216.604 487.166
216.675 482.069
216.952 476.453
217.425 472.104
218.271 466.047
219.172 459.832
219.74 455.571
220.349 450.888
220.525 445.508
220.514 439.374
220.623 432.691
220.656 430.836
220.877 427.357
221.764 422.259
222.774 415.902
222.619 409.394
222.512 404.055
222.511 399.754
222.518 397.087
222.513 390.399
222.9 386.083
223.444 380.159
224.5 365.167
224.388 370.749
224.648 367.763
224.593 365.255
224.492 359.366
224.367 353.067
224.259 348.003
224.212 344.682
223.484 339.826
221.53 328.276
217.922 308.601
208.43 308.617
199.549 318.551
193.343 325.874
193.19 326.063
197.051 321.29
203.522 313.957
205.39 311.868
209.059 307.781
212.629 304.269
214.443 300.333
215.974 296.923
217.69 292.66
220.177 286.156
221.592 280.419
223.253 273.531
224.785 265.363
222.291 258.106
215.25 253.253
214.906 253.123
220.839 254.148
224.875 250.088
227.714 246.791
228.554 245.971
233.282 242.935
240.46 235.103
246.547 224.934
249.047 215.916
249.684 208.227
249.937 199.436
248.494 189.779
248.06 187.052
247.545 183.3
246.809 177.436
245.348 169.618
243.358 160.755
239.853 154.262
238.407 151.875
237.94 150.425
237.164 146.625
237.56 142.057
237.732 138.399
238.224 133.203
236.603 122.263
221.437 111.617
203.072 105.562
194.048 103.716
187.444 105.585
180.571 107.463
175.182 109.143
171.829 110.187
169.775 110.412
168.751 110.447
163.752 110.707
156.231 111.291
148.079 112.005
141.521 112.724
136.647 113.233
132.002 112.783
130.462 112.651
125.994 112.296
121.088 112.203
116.77 112.119
111.315 112.275
114.128 112.246
98.9855 112.927
93.8579 113.322
89.219 113.729
85.3411 113.527
81.1883 113.258
68.6398 113.578
69.2725 113.039
62.6502 114.302
56.7896 115.64
51.8549 116.933
48.7301 121.068
47.7939 123.807
39.9605 119.136
30.2982 117.843
33.6362 115.383
27.5605 117.995
25.1213 125.803
22.4801 119.913
18.2745 118.005
13.4748 117.704
12.4322 118.058
14.3056 117.33
19.2531 117.878
25.3661 118.56
29.0804 117.313
33.9597 115.355
39.5597 115.71
44.7087 116.497
50.0223 117.447
52.9102 116.65
58.4826 115.208
64.7736 113.677
69.3352 113.032
74.3015 112.851
85.7815 113.538
84.7417 113.488
89.0698 113.732
93.8427 113.324
85.6258 113.183
104.983 112.459
110.422 112.302
115.895 112.135
122.595 112.228
124.413 112.262
127.089 112.347
131.545 112.743
136.546 113.211
143.099 112.553
150.43 111.761
155.949 111.316
161.941 110.821
167.599 110.509
169.157 110.429
171.359 110.311
173.846 109.539
179.669 107.756
190.648 104.447
197.561 103.838
198.739 92.6153
197.943 85.2055
198.377 89.3873
199.71 101.189
204.299 105.166
210.838 107.458
221.66 110.689
233.813 114
250.802 111.32
252.403 87.621
252.457 78.6989
252.469 76.6811
252.496 63.4266
252.44 56.6162
252.265 52.1952
252.072 48.2003
251.906 45.5942
251.829 44.1838
251.605 39.9281
251.45 36.8499
251.183 32.7118
251.27 27.7353
251.405 24.5948
251.5 23.2755
251.485 23.3436
251.518 23.1851
251.528 23.1245
251.427 25.0867
251.399 26.1198
251.147 31.3172
251.619 37.8796
252.014 41.8804
252.096 42.8254
252.209 45.2787
252.259 48.3213
252.337 52.9149
252.451 59.0063
252.529 65.746
252.417 72.9821
252.358 76.5869
252.257 88.6708
255.048 105.401
263.148 114.658
284.728 108.508
291.057 105.757
299.093 102.957
302.574 102.538
306.091 102.069
309.279 96.6807
312.472 88.383
314.039 84.3108
312.053 89.4713
309.853 103.126
316.179 105.928
325.843 110.519
332.113 111.502
334.168 111.661
340.451 111.371
343.99 111.118
349.926 110.703
355.534 111.152
358.669 111.575
366.88 112.684
371.729 113.342
377.512 112.629
381.188 111.87
388.28 111.068
390.819 110.889
395.056 110.745
452.444 112
406.013 111.124
410.924 111.654
415.235 112.314
420.103 112.477
426.372 111.836
431.332 111.305
435.365 110.804
439.375 112.198
445.007 114.508
451.233 117.103
455.612 115.757
459.911 114.879
466.11 114.061
471.789 115.057
475.042 115.868
479.545 116.086
486.432 116.278
490.305 116.382
489.707 116.366
483.56 116.197
475.853 115.983
476.261 121.473
476.499 122.584
479.504 116.053
469.224 114.549
474.056 119.022
452.533 117.323
452.432 120.69
452.515 117.939
452.033 118.899
441.672 113.138
438.689 111.982
430.663 111.374
424.049 112.069
419.617 112.493
415.432 112.337
413.218 112.001
405.932 111.119
399.051 110.833
393.214 110.722
389.544 110.991
384.076 111.349
376.642 112.802
372.586 113.595
371.921 113.421
370.744 113.224
364.395 112.345
359.081 111.635
351.413 110.658
343.79 111.141
337.678 111.561
334.284 111.829
332.226 111.782
328.845 111.622
324.417 109.788
319.117 107.216
314.443 105.598
306.391 104.198
292.489 105.005
271.6 116.653
261.702 129.038
262.803 136.232
263.586 139.353
263.262 142.91
263.21 145.12
263.226 150.209
261.965 153.202
260.119 158.572
258.399 164.387
256.52 171.965
255.646 179.934
255.412 183.895
254.849 188.355
254.604 192.389
255.306 207.547
256.335 214.491
256.622 216.797
259.299 227.721
262.449 236.424
267.226 245.384
271.231 248.871
271.829 249.708
275.634 253.988
276.329 254.13
276.203 254.803
274.765 259.438
274.582 266.085
277.284 273.835
279.715 280.463
281.947 286.188
284.633 292.906
286.581 296.941
287.095 298.22
288.342 302.23
290.531 305.78
291.798 307.548
300.001 315.941
301.743 317.615
307.488 323.57
311.066 327.469
302.009 318.037
298.859 314.888
287.721 305.61
282.571 319.248
278.941 335.673
276.87 344.743
276.236 351.198
276.168 353.23
276.059 357.765
276.575 363.63
277.913 371.189
278.269 373.105
278.819 375.93
279.054 379.701
278.013 372.538
279.642 392.81
279.668 396.208
279.727 399.832
279.793 402.463
280.016 411.349
280.262 419.265
280.339 421.727
280.417 425.644
280.168 430.588
279.92 436.522
280.34 441.845
280.716 446.892
281.378 451.792
282.069 456.807
283.381 462.301
284.546 467.185
285.039 471.746
285.527 482.058
285.623 484.227
286.284 488.342
294.818 493.121
297.978 494.89
295.631 493.576
285.811 488.067
282.589 489.262
277.015 492.105
275.038 493.113
278.158 491.522
285.029 488.049
285.492 481.232
284.492 468.452
283.914 464.522
282.984 460.612
281.966 456.244
281.362 451.68
280.695 446.721
280.382 442.407
279.944 436.796
280.057 432.936
280.15 430.972
280.42 423.996
280.208 417.573
280.011 411.204
279.897 406.631
279.836 404.184
279.675 397.12
279.651 393.709
279.464 388.333
279.17 381.24
278.331 373.298
277.345 367.935
277.094 366.6
276.532 363.655
276.322 360.7
276.169 358.536
276.215 351.268
276.545 346.056
279 335.396
281.221 325.503
282.882 315.899
278.878 299.191
260.905 286.889
243.313 281.774
224.196 295.706
220.305 316.262
221.497 325.572
222.568 334.517
224.022 343.074
224.281 348.93
224.387 354.11
224.509 360.283
224.604 364.578
224.676 366.717
224.445 370.18
223.999 374.461
223.543 379.146
222.966 385.723
222.483 391.751
222.523 396.029
222.511 400.356
222.622 409.553
222.677 412.578
222.748 416.681
222.041 420.643
221.112 426.046
220.66 430.336
220.612 433.032
220.527 444.831
220.533 447.059
220.353 450.839
219.741 455.689
218.992 461.123
218.386 465.26
215.358 482.897
216.767 479.821
213.476 491.438
221.858 489.883
226.532 492.949
226.472 492.91
223.38 490.882
215.613 487.856
207.209 493.772
205.396 495.075
251.507 33.6313
210.585 107.431
250.667 108.444
257.574 236.868
252.239 204.05
275.372 113.609
274.052 285.361
260.369 144.477
250.956 165.242
241.262 150.432
238.206 122.868
241.629 235.22
260.995 235.36
259.574 152.156
252.357 79.7309
372.308 113.443
171.59 110.248
221.595 294.047
222.702 388.539
224.108 343.774
333.663 111.734
277.7 370.02
199.033 103.808
267.985 257.394
239.031 132.947
225.613 275.316
192.529 104.052
288.777 490.944
251.322 27.4838
346.439 111.415
375.316 112.954
238.226 148.162
239.658 128.66
227.726 257.595
218.526 254.847
225.189 265.941
205.299 106.101
226.674 113.488
251.515 37.9754
251.616 37.8723
350.76 110.681
337.054 111.551
369.778 108.444
245.846 145.275
248.185 155.003
245.004 158.744
244.017 161.965
239.794 130.595
229.773 113.513
260.573 143.114
253.016 164.394
251.811 193.74
249.283 174.266
238.903 152.09
202.853 105.053
234.544 116.823
253.626 104.375
242.624 116.482
250.703 112.155
253.578 105.657
252.282 92.8706
227.373 112.607
252.949 97.3261
305.902 97.1716
306.663 102.016
159.322 111.081
72.8889 116.444
136.695 113.216
129.93 112.636
279.298 383.836
278.236 372.895
278.737 375.7
206.662 105.54
175.717 108.958
190.876 104.393
236.927 122.532
260.32 152.629
262.585 151.249
259.012 161.995
290.822 106.094
293.79 104.431
118.716 112.165
259.401 130.626
258.258 134.772
261.627 128.279
267.768 117.885
258.892 115.791
254.789 108.576
261.873 119.161
253.798 120.161
270.317 116.611
254.602 114.476
250.369 130.696
250.332 122.248
247.629 132.132
263.084 141.535
250.996 223.295
247.441 224.487
247.158 227.545
241.746 233.66
250.778 212.759
252.162 202.089
248.912 186.859
246.906 173.811
248.125 186.577
245.939 172.506
255.573 213.949
251.556 217.778
254.357 195.684
258.104 223.62
253.984 206.46
253.678 195.33
250.758 197.896
255.126 183.901
256.003 176.085
254.694 207.722
252.416 55.9947
251.981 48.6746
252.007 47.292
252.371 54.6345
252.533 64.9065
252.382 75.2738
252.098 43.3799
223.985 374.615
223.727 375.455
223.25 382.22
224.52 360.86
224.627 368.4
224.656 367.387
224.204 346.813
222.468 410.18
222.366 416.772
221.276 426.044
220.568 438.283
224 376.889
218.988 460.995
220.606 319.791
222.547 334.391
222.572 334.199
215.599 306.017
205.53 312.615
212.183 307.798
217.872 300.619
244.199 280.027
218.865 308.484
230.275 288.832
231.365 284.47
0 0
221.586 288.101
215.39 298.628
214.313 305.112
228.816 267.25
251.57 272.345
266.634 286.651
243.203 254.944
243.269 276.769
241.73 273.965
260.237 277.449
254.954 272.718
241.011 247.973
286.71 301.602
280 288.889
279.778 297.958
279.415 295.55
285.479 305.502
279.864 282.999
282.742 289.51
277.937 287.339
284.35 292.565
288.091 302.191
289.174 306.143
229.117 250.833
265.87 262.411
272.463 276.138
269.726 259.178
249.952 248.722
233.385 244.915
227.677 248.011
233.381 242.921
270.282 251.392
269.798 248.262
292.604 310.024
281.961 321.051
263.147 275.261
280.11 281.464
270.575 266.615
232.441 251.315
224.425 250.795
256.952 236.829
218.196 308.618
218.91 289.735
222.309 277.754
274.911 255.828
262.878 237.621
276.172 354.618
277.328 367.937
276.605 363.945
279.134 336.289
292.383 109.309
326.956 110.952
327.414 111.187
309.51 104.599
279.614 393.827
279.63 392.335
279.552 390.668
278.222 375.111
284.444 480
280.04 433.764
280.578 444.298
283.496 463.508
269.853 115.264
256.75 110.129
247.111 48.8889
221.333 288
292.444 103.111
145.778 111.111
1530
0 0
0 0
0 0
0 0
0 0
0 0
0 0
0 0
0 0
0 0
0 0
0 0
0 0
0 0
0 0
0 0
0 0
0 0
0 0
0 0
0 0
0 0
0 0
435 579
0 0
0 0
0 0
0 0
0 0
0 0
0 0
0 0
0 0
0 0
0 0
0 0
0 0
0 0
0 0
0 0
0 0
0 0
0 0
0 0
0 0
0 0
0 0
0 0
0 0
0 0
0 0
0 0
0 0
0 0
0 0
0 0
0 0
0 0
0 0
0 0
0 0
0 0
0 0
0 0
0 0
0 0
0 0
0 0
0 0
0 0
0 0
0 0
0 0
0 0
0 0
0 0
0 0
0 0
0 0
0 0
0 0
0 0
0 0
0 0
0 0
0 0
0 0
0 0
0 0
0 0
0 0
0 0
0 0
0 0
0 0
0 0
0 0
0 0
0 0
0 0
0 0
0 0
0 0
0 0
0 0
0 0
0 0
0 0
0 0
0 0
0 0
0 0
0 0
0 0
0 0
0 0
0 0
0 0
0 0
0 0
0 0
0 0
0 0
0 0
0 0
0 0
0 0
0 0
0 0
0 0
0 0
0 0
0 0
0 0
0 0
0 0
0 0
0 0
0 0
0 0
0 0
0 0
0 0
0 0
0 0
0 0
0 0
0 0
0 0
0 0
0 0
0 0
0 0
0 0
0 0
0 0
0 0
0 0
0 0
0 0
0 0
0 0
0 0
0 0
0 0
0 0
0 0
0 0
0 0
0 0
0 0
0 0
0 0
0 0
0 0
0 0
0 0
0 0
0 0
0 0
0 0
0 0
0 0
0 0
0 0
0 0
0 0
552 447
0 0
0 0
0 0
0 0
0 0
0 0
0 0
447 517
0 0
0 0
0 0
0 0
0 0
0 0
0 0
0 0
0 0
0 0
0 0
0 0
0 0
0 0
0 0
0 0
0 0
0 0
0 0
0 0
0 0
0 0
0 0
0 0
0 0
0 0
0 0
0 0
0 0
0 0
0 0
0 0
0 0
0 0
0 0
0 0
0 0
0 0
0 0
0 0
0 0
0 0
0 0
0 0
0 0
0 0
0 0
0 0
0 0
0 0
0 0
0 0
0 0
0 0
0 0
0 0
0 0
0 0
0 0
0 0
0 0
0 0
0 0
0 0
0 0
0 0
0 0
0 0
0 0
0 0
0 0
0 0
0 0
0 0
0 0
0 0
0 0
0 0
0 0
0 0
0 0
0 0
0 0
0 0
0 0
0 0
0 0
0 0
0 0
0 0
0 0
0 0
0 0
0 0
0 0
0 0
0 0
0 0
0 0
0 0
0 0
0 0
0 0
0 0
0 0
0 0
0 0
0 0
0 0
0 0
0 0
0 0
0 0
0 0
0 0
0 0
0 0
0 0
0 0
0 0
0 0
0 0
0 0
0 0
0 0
0 0
0 0
0 0
0 0
0 0
0 0
0 0
0 0
0 0
0 0
0 0
0 0
0 0
0 0
0 0
0 0
0 0
0 0
0 0
0 0
0 0
0 0
0 0
0 0
0 0
0 0
0 0
0 0
0 0
0 0
0 0
0 0
0 0
0 0
0 0
0 0
0 0
0 0
0 0
0 0
0 0
0 0
0 0
0 0
0 0
0 0
0 0
0 0
0 0
0 0
0 0
0 0
0 0
0 0
0 0
0 0
0 0
0 0
0 0
0 0
0 0
0 0
0 0
0 0
0 0
0 0
0 0
0 0
0 0
0 0
0 0
0 0
0 0
0 0
0 0
0 0
0 0
0 0
0 0
0 0
0 0
0 0
0 0
0 0
0 0
0 0
0 0
0 0
0 0
0 0
0 0
0 0
0 0
0 0
0 0
0 0
0 0
0 0
0 0
0 0
0 0
0 0
0 0
0 0
0 0
0 0
0 0
0 0
0 0
0 0
0 0
0 0
0 0
0 0
0 0
0 0
0 0
0 0
0 0
0 0
0 0
0 0
0 0
0 0
0 0
0 0
0 0
0 0
0 0
0 0
0 0
0 0
0 0
0 0
0 0
0 0
0 0
0 0
0 0
0 0
0 0
0 0
0 0
0 0
0 0
0 0
0 0
0 0
0 0
0 0
0 0
0 0
0 0
0 0
0 0
0 0
0 0
0 0
0 0
0 0
0 0
0 0
0 0
0 0
0 0
0 0
0 0
0 0
0 0
0 0
0 0
0 0
0 0
0 0
0 0
0 0
0 0
0 0
0 0
0 0
0 0
0 0
0 0
0 0
0 0
0 0
0 0
0 0
0 0
0 0
0 0
0 0
0 0
0 0
0 0
0 0
0 0
0 0
0 0
0 0
0 0
0 0
0 0
0 0
0 0
0 0
0 0
0 0
0 0
0 0
0 0
0 0
0 0
0 0
0 0
0 0
487 226
0 0
0 0
0 0
0 0
0 0
0 0
0 0
0 0
0 0
0 0
0 0
0 0
0 0
0 0
0 0
0 0
0 0
0 0
0 0
0 0
0 0
0 0
0 0
0 0
0 0
0 0
0 0
0 0
0 0
0 0
0 0
0 0
0 0
0 0
0 0
0 0
0 0
0 0
0 0
0 0
0 0
0 0
0 0
0 0
0 0
0 0
0 0
0 0
0 0
0 0
0 0
0 0
0 0
0 0
0 0
0 0
0 0
0 0
0 0
0 0
0 0
0 0
0 0
0 0
0 0
0 0
0 0
0 0
0 0
0 0
0 0
0 0
0 0
0 0
0 0
0 0
0 0
0 0
0 0
0 0
0 0
0 0
0 0
0 0
0 0
0 0
0 0
0 0
0 0
0 0
0 0
0 0
0 0
0 0
0 0
0 0
0 0
0 0
0 0
0 0
0 0
0 0
0 0
0 0
0 0
0 0
0 0
0 0
0 0
0 0
0 0
0 0
0 0
0 0
0 0
0 0
0 0
0 0
0 0
0 0
0 0
0 0
0 0
0 0
0 0
0 0
0 0
0 0
0 0
0 0
0 0
0 0
0 0
0 0
0 0
0 0
0 0
0 0
0 0
0 0
0 0
0 0
0 0
0 0
0 0
0 0
0 0
0 0
0 0
0 0
0 0
0 0
0 0
0 0
0 0
0 0
0 0
0 0
0 0
0 0
0 0
0 0
0 0
0 0
0 0
0 0
0 0
0 0
0 0
0 0
0 0
0 0
0 0
0 0
0 0
0 0
0 0
0 0
0 0
0 0
552 606
0 0
0 0
0 0
0 0
0 0
0 0
0 0
0 0
0 0
0 0
0 0
0 0
0 0
0 0
0 0
0 0
0 0
0 0
0 0
0 0
0 0
0 0
0 0
0 0
0 0
0 0
0 0
0 0
0 0
0 0
0 0
0 0
0 0
0 0
0 0
0 0
0 0
0 0
0 0
0 0
0 0
0 0
0 0
0 0
0 0
0 0
0 0
0 0
0 0
0 0
0 0
0 0
0 0
0 0
606 650
0 0
0 0
0 0
0 0
0 0
0 0
0 0
0 0
0 0
0 0
0 0
0 0
0 0
0 0
0 0
0 0
0 0
0 0
0 0
0 0
0 0
0 0
0 0
0 0
0 0
0 0
0 0
0 0
0 0
0 0
0 0
0 0
0 0
0 0
0 0
0 0
0 0
0 0
0 0
0 0
0 0
0 0
0 0
650 651
0 0
0 0
0 0
0 0
0 0
0 0
0 0
0 0
0 0
0 0
0 0
0 0
0 0
0 0
0 0
0 0
0 0
0 0
0 0
0 0
0 0
0 0
0 0
0 0
0 0
0 0
0 0
0 0
0 0
0 0
0 0
0 0
0 0
0 0
0 0
0 0
0 0
0 0
0 0
0 0
0 0
0 0
0 0
0 0
0 0
0 0
0 0
0 0
0 0
0 0
0 0
0 0
0 0
0 0
0 0
0 0
0 0
0 0
0 0
0 0
0 0
0 0
0 0
0 0
0 0
0 0
0 0
0 0
0 0
0 0
0 0
0 0
0 0
0 0
0 0
0 0
0 0
0 0
0 0
0 0
0 0
0 0
0 0
0 0
0 0
0 0
0 0
0 0
0 0
0 0
0 0
0 0
0 0
0 0
0 0
0 0
0 0
0 0
0 0
0 0
0 0
0 0
0 0
0 0
0 0
0 0
0 0
0 0
0 0
0 0
0 0
0 0
0 0
0 0
0 0
0 0
0 0
0 0
0 0
0 0
0 0
0 0
0 0
0 0
0 0
0 0
0 0
0 0
0 0
0 0
0 0
0 0
0 0
0 0
0 0
0 0
0 0
0 0
0 0
0 0
0 0
0 0
0 0
0 0
0 0
0 0
0 0
0 0
0 0
0 0
0 0
0 0
0 0
0 0
0 0
0 0
0 0
0 0
0 0
0 0
0 0
0 0
0 0
0 0
0 0
0 0
0 0
0 0
0 0
0 0
0 0
0 0
0 0
0 0
0 0
0 0
0 0
0 0
0 0
0 0
0 0
0 0
0 0
0 0
0 0
0 0
0 0
0 0
0 0
0 0
0 0
0 0
0 0
0 0
0 0
0 0
0 0
0 0
0 0
0 0
0 0
0 0
0 0
0 0
0 0
0 0
0 0
0 0
0 0
0 0
0 0
0 0
0 0
0 0
0 0
0 0
0 0
0 0
0 0
0 0
0 0
0 0
0 0
0 0
0 0
0 0
0 0
0 0
0 0
0 0
0 0
0 0
0 0
0 0
0 0
0 0
0 0
0 0
0 0
0 0
0 0
0 0
0 0
0 0
0 0
0 0
0 0
0 0
0 0
0 0
0 0
0 0
0 0
0 0
0 0
0 0
0 0
0 0
0 0
0 0
0 0
0 0
0 0
0 0
0 0
0 0
0 0
0 0
0 0
0 0
0 0
0 0
0 0
0 0
0 0
0 0
0 0
0 0
0 0
0 0
0 0
0 0
0 0
0 0
0 0
0 0
0 0
0 0
0 0
0 0
0 0
0 0
0 0
0 0
0 0
0 0
0 0
0 0
0 0
0 0
0 0
0 0
0 0
0 0
0 0
0 0
0 0
0 0
0 0
0 0
0 0
0 0
0 0
0 0
0 0
0 0
0 0
0 0
0 0
0 0
0 0
0 0
0 0
0 0
0 0
0 0
0 0
0 0
0 0
0 0
0 0
0 0
0 0
0 0
0 0
0 0
0 0
0 0
0 0
0 0
0 0
0 0
0 0
0 0
0 0
0 0
0 0
0 0
0 0
0 0
0 0
0 0
0 0
0 0
0 0
0 0
0 0
0 0
0 0
0 0
0 0
0 0
0 0
0 0
0 0
0 0
0 0
0 0
0 0
0 0
0 0
0 0
0 0
0 0
0 0
0 0
0 0
0 0
0 0
0 0
0 0
0 0
0 0
0 0
0 0
0 0
0 0
0 0
0 0
0 0
0 0
0 0
0 0
0 0
0 0
0 0
0 0
0 0
0 0
0 0
0 0
0 0
0 0
0 0
0 0
0 0
0 0
0 0
0 0
0 0
0 0
0 0
0 0
0 0
0 0
0 0
0 0
0 0
0 0
0 0
0 0
0 0
0 0
0 0
0 0
0 0
0 0
0 0
0 0
0 0
0 0
0 0
0 0
0 0
0 0
0 0
0 0
0 0
0 0
0 0
0 0
0 0
0 0
0 0
0 0
0 0
0 0
0 0
0 0
0 0
0 0
0 0
0 0
0 0
0 0
0 0
0 0
0 0
0 0
0 0
0 0
0 0
0 0
0 0
0 0
0 0
0 0
0 0
0 0
0 0
0 0
0 0
0 0
0 0
0 0
0 0
0 0
0 0
0 0
0 0
0 0
0 0
0 0
0 0
0 0
0 0
0 0
0 0
0 0
0 0
0 0
0 0
0 0
0 0
0 0
0 0
0 0
0 0
0 0
0 0
0 0
0 0
0 0
0 0
0 0
0 0
0 0
0 0
0 0
0 0
0 0
0 0
0 0
0 0
0 0
0 0
0 0
0 0
0 0
0 0
0 0
0 0
0 0
0 0
0 0
0 0
0 0
0 0
0 0
0 0
0 0
0 0
0 0
0 0
0 0
0 0
0 0
0 0
0 0
0 0
0 0
0 0
0 0
0 0
0 0
0 0
0 0
0 0
0 0
0 0
0 0
0 0
0 0
0 0
0 0
0 0
0 0
0 0
0 0
0 0
0 0
0 0
0 0
0 0
0 0
0 0
0 0
0 0
0 0
0 0
0 0
0 0
0 0
0 0
0 0
0 0
0 0
0 0
0 0
0 0
0 0
0 0
0 0
0 0
0 0
0 0
0 0
0 0
0 0
0 0
0 0
0 0
0 0
0 0
0 0
0 0
0 0
0 0
0 0
0 0
0 0
0 0
0 0
0 0
0 0
0 0
0 0
0 0
0 0
0 0
0 0
0 0
0 0
0 0
0 0
0 0
0 0
0 0
0 0
0 0
0 0
0 0
0 0
0 0
0 0
0 0
0 0
0 0
0 0
0 0
0 0
0 0
0 0
0 0
0 0
0 0
0 0
0 0
0 0
0 0
0 0
0 0
0 0
0 0
0 0
0 0
0 0
0 0
0 0
0 0
0 0
0 0
0 0
0 0
0 0
0 0
0 0
0 0
0 0
0 0
0 0
0 0
0 0
0 0
0 0
0 0
0 0
0 0
0 0
0 0
0 0
0 0
0 0
0 0
0 0
0 0
0 0
0 0
0 0
0 0
0 0
0 0
0 0
0 0
0 0
0 0
0 0
0 0
0 0
0 0
0 0
0 0
0 0
0 0
0 0
0 0
0 0
0 0
0 0
0 0
0 0
0 0
0 0
0 0
0 0
447 657
552 658
658 579
447 659
659 487
517 660
660 511
1523
0 1
444 0
1 2
443 1
1 444
2 3
437 2
2 441
2 442
443 2
3 4
436 3
3 437
4 5
435 4
436 4
5 6
5 435
6 7
6 435
580 6
7 8
580 7
8 9
8 579
580 8
9 10
579 9
10 11
10 578
10 579
11 12
11 578
12 13
577 12
12 578
13 14
577 13
14 15
14 577
15 16
576 15
15 577
16 17
576 16
17 18
575 17
576 17
18 19
18 575
19 20
575 19
20 21
463 20
575 20
21 22
21 463
570 21
22 23
22 570
23 24
570 23
24 25
24 568
570 24
24 572
25 26
572 25
26 27
26 572
27 28
27 571
572 27
28 29
28 571
28 574
29 30
574 29
30 31
30 464
30 574
31 32
31 464
32 33
464 32
32 583
33 34
33 583
34 35
583 34
34 634
35 36
35 585
35 634
36 37
39 36
40 36
36 585
37 38
37 39
38 39
39 40
40 41
585 40
41 42
41 585
42 43
42 585
595 42
43 44
594 43
595 43
44 45
44 594
45 46
45 594
45 635
46 47
635 46
47 48
635 47
636 47
48 49
48 636
49 50
636 49
50 51
480 50
50 636
51 52
479 51
480 51
52 53
52 479
53 54
53 479
54 55
54 479
632 54
55 56
55 632
56 57
56 622
56 623
632 56
57 58
623 57
58 59
58 544
623 58
59 60
544 59
60 61
542 60
544 60
61 62
542 61
62 63
542 62
62 546
63 64
546 63
64 65
64 546
64 549
65 66
65 549
66 67
66 549
67 68
549 67
67 550
68 69
550 68
69 70
69 491
498 69
69 550
70 71
498 70
71 72
498 71
72 73
476 72
498 72
73 74
73 476
74 75
74 469
74 476
75 76
469 75
76 77
76 469
76 520
77 78
77 520
78 79
78 481
78 482
78 520
79 80
481 79
80 81
80 471
481 80
81 82
81 471
81 517
82 83
82 517
83 84
517 83
84 85
84 461
517 84
85 86
461 85
86 87
461 86
510 86
87 88
510 87
88 89
510 88
511 88
89 90
89 511
90 91
511 90
512 90
91 92
512 91
92 93
92 512
92 513
93 94
93 513
94 95
513 94
95 96
513 95
95 526
96 97
526 96
97 98
526 97
98 99
137 98
98 138
98 526
99 100
99 137
100 101
135 100
100 136
137 100
101 102
135 101
102 103
134 102
102 135
103 104
133 103
134 103
104 105
131 104
104 132
104 133
105 106
131 105
106 107
106 129
106 130
131 106
107 108
107 128
129 107
108 109
111 108
128 108
109 110
109 111
110 111
111 112
111 126
127 111
128 111
112 113
125 112
126 112
113 114
123 113
124 113
125 113
114 115
116 114
123 114
115 116
116 117
116 122
123 116
117 118
117 121
122 117
118 119
120 118
121 118
119 120
120 121
121 122
122 123
123 124
124 125
125 126
126 127
127 128
128 129
129 130
130 131
131 132
132 133
133 134
134 135
135 136
136 137
137 138
138 139
138 526
139 140
139 526
140 141
140 526
141 142
141 513
526 141
142 143
142 513
143 144
513 143
144 145
512 144
513 144
145 146
145 512
146 147
146 511
146 512
147 148
511 147
148 149
510 148
148 511
149 150
510 149
150 151
461 150
150 510
151 152
151 461
152 153
152 461
152 518
153 154
518 153
154 155
518 154
519 154
155 156
519 155
156 157
156 467
519 156
157 158
157 159
160 157
467 157
158 159
159 160
160 161
160 467
161 162
467 161
161 499
162 163
499 162
163 164
163 499
506 163
164 165
506 164
165 166
503 165
165 506
507 165
166 167
168 166
166 507
167 168
168 169
507 168
168 562
169 170
561 169
562 169
170 171
170 561
170 563
171 172
563 171
172 173
563 172
173 174
563 173
174 175
174 483
174 563
175 176
483 175
176 177
176 483
177 178
473 177
483 177
178 179
178 473
179 180
179 473
180 181
180 473
181 182
473 181
182 183
182 473
183 184
473 183
184 185
473 184
185 186
185 473
186 187
186 473
186 484
187 188
187 484
188 189
484 188
188 567
189 190
567 189
190 191
567 190
191 192
191 564
191 567
192 193
192 564
193 194
193 564
193 565
194 195
194 565
195 196
195 565
195 566
196 197
566 196
197 198
505 197
197 566
198 199
198 505
198 656
199 200
655 199
656 199
200 201
200 524
200 655
201 202
524 201
202 203
524 202
203 204
524 203
204 205
509 204
524 204
205 206
208 205
509 205
206 207
208 206
207 208
208 209
509 208
209 210
209 509
643 209
210 211
643 210
644 210
211 212
211 644
212 213
644 212
213 214
213 465
644 213
214 215
214 465
486 214
215 216
215 485
215 486
216 217
485 216
217 218
485 217
218 219
218 474
218 485
219 220
219 474
220 221
460 220
220 474
221 222
221 460
475 221
222 223
222 475
223 224
223 475
487 223
224 225
487 224
225 226
487 225
226 227
226 265
226 487
227 228
227 263
264 227
265 227
228 229
228 263
229 230
229 262
229 263
230 231
230 260
230 261
262 230
231 232
231 259
260 231
232 233
232 258
232 259
233 234
233 258
234 235
257 234
234 258
235 236
235 256
235 257
236 237
236 252
236 253
255 236
256 236
237 238
252 237
238 239
252 238
239 240
239 251
252 239
240 241
240 250
240 251
241 242
247 241
241 250
242 243
242 246
242 247
243 244
245 243
243 246
244 245
245 246
246 247
247 248
247 250
248 249
250 248
249 250
250 251
251 252
252 253
253 254
255 253
254 255
255 256
256 257
257 258
258 259
259 260
260 261
261 262
262 263
263 264
264 265
265 266
487 265
266 267
266 487
267 268
475 267
487 267
268 269
268 475
269 270
269 460
475 269
270 271
460 270
271 272
460 271
272 273
460 272
474 272
273 274
273 474
274 275
274 474
485 274
275 276
275 485
275 486
276 277
276 486
277 278
465 277
277 486
278 279
465 278
279 280
465 279
645 279
280 281
280 645
281 282
281 645
282 283
282 643
645 282
282 646
283 284
283 646
284 285
284 525
646 284
285 286
525 285
535 285
286 287
286 529
535 286
287 288
287 529
540 287
288 289
288 540
289 290
289 540
290 291
290 540
291 292
522 291
540 291
292 293
292 522
293 294
522 293
523 293
294 295
523 294
295 296
523 295
296 297
523 296
296 559
297 298
297 558
297 559
298 299
558 298
299 300
558 299
300 301
300 553
300 558
560 300
301 302
560 301
302 303
560 302
303 304
303 554
560 303
304 305
304 554
304 638
305 306
638 305
306 307
625 306
638 306
307 308
625 307
308 309
308 625
308 637
309 310
309 637
310 311
637 310
311 312
637 311
312 313
312 619
637 312
313 314
313 619
313 629
314 315
629 314
315 316
315 629
316 317
613 316
316 629
317 318
613 317
318 319
613 318
319 320
613 319
614 319
320 321
614 320
321 322
614 321
322 323
322 614
615 322
323 324
615 323
324 325
327 324
615 324
325 326
325 327
326 327
327 328
327 615
328 329
328 615
329 330
329 609
615 329
330 331
330 609
627 330
331 332
627 331
331 642
332 333
332 642
333 334
639 333
333 642
334 335
639 334
335 336
335 639
641 335
336 337
641 336
337 338
515 337
337 641
338 339
338 515
339 340
515 339
340 341
340 515
341 342
514 341
515 341
648 341
342 343
648 342
343 344
647 343
343 648
344 345
344 647
345 346
647 345
650 345
346 347
650 346
347 348
650 347
347 651
348 349
348 651
349 350
651 349
350 351
350 651
350 652
351 352
351 652
352 353
352 652
352 653
353 354
353 653
354 355
653 354
354 654
355 356
654 355
356 357
356 654
357 358
357 373
357 654
358 359
372 358
373 358
359 360
371 359
372 359
359 472
360 361
360 472
361 362
361 364
361 365
472 361
362 363
364 362
363 364
364 365
365 366
365 472
366 367
369 366
472 366
367 368
367 369
368 369
369 370
472 369
370 371
472 370
371 372
371 472
372 373
373 374
654 373
374 375
654 374
375 376
654 375
376 377
376 653
654 376
377 378
653 377
378 379
378 652
378 653
379 380
652 379
380 381
380 652
381 382
651 381
652 381
382 383
382 651
383 384
650 383
651 383
384 385
384 650
385 386
385 650
386 387
647 386
386 650
387 388
387 647
649 387
388 389
388 649
389 390
649 389
390 391
390 514
516 390
649 390
391 392
391 516
392 393
392 516
640 392
393 394
393 640
394 395
394 640
395 396
640 395
396 397
639 396
640 396
642 396
397 398
642 397
398 399
642 398
399 400
627 399
399 642
400 401
400 627
401 402
401 626
401 627
402 403
402 606
626 402
403 404
403 592
606 403
404 405
592 404
405 406
405 586
589 405
592 405
406 407
406 589
407 408
582 407
407 589
408 409
582 408
409 410
464 409
582 409
410 411
410 464
410 574
411 412
571 411
574 411
412 413
412 571
413 414
571 413
413 573
414 415
573 414
415 416
415 573
416 417
416 568
416 569
573 416
417 418
569 417
418 419
418 569
419 420
419 463
569 419
420 421
463 420
575 420
421 422
421 575
422 423
422 575
422 576
423 424
576 423
424 425
424 576
425 426
425 576
425 577
426 427
577 426
427 428
427 577
428 429
428 577
578 428
429 430
429 578
429 579
430 431
430 579
431 432
579 431
432 433
432 579
580 432
433 434
433 580
434 435
580 434
435 436
580 435
436 437
437 438
437 441
438 439
438 441
439 440
441 439
440 441
441 442
442 443
443 444
445 473
445 483
484 445
445 561
445 563
445 564
445 567
446 467
471 446
446 481
482 446
446 493
446 499
447 477
488 447
489 447
494 447
447 528
537 447
539 447
456 448
541 448
448 543
552 448
448 620
448 621
624 448
448 633
449 545
551 449
555 449
449 556
557 449
450 524
450 525
530 450
450 533
450 535
450 655
598 451
602 451
608 451
451 612
451 618
628 451
452 494
452 521
522 452
528 452
452 540
453 489
490 453
453 491
453 495
497 453
453 548
454 469
454 476
454 477
488 454
454 490
498 454
455 477
455 482
455 492
500 455
455 520
538 455
539 455
456 543
544 456
456 621
456 622
623 456
457 551
552 457
457 554
457 624
457 625
633 457
457 638
458 495
496 458
497 458
521 458
523 458
458 559
504 459
459 505
459 507
459 562
565 459
566 459
474 460
460 475
510 461
461 517
461 518
587 462
462 590
591 462
593 462
462 594
462 595
463 569
463 570
463 575
464 574
582 464
464 583
486 465
465 644
465 645
466 515
466 516
466 640
641 466
471 467
467 499
467 519
468 604
468 617
468 619
624 468
625 468
468 630
468 637
476 469
477 469
469 492
520 469
470 480
470 591
593 470
596 470
470 635
636 470
471 481
471 517
519 471
473 483
473 484
485 474
487 475
476 498
488 477
477 492
539 477
479 478
480 478
478 596
478 616
622 478
631 478
632 478
480 479
632 479
480 596
636 480
482 481
482 493
500 482
482 520
483 563
567 484
486 485
488 489
488 490
489 490
489 494
489 495
489 521
490 491
498 490
498 491
548 491
491 550
492 520
493 499
500 493
493 502
493 506
521 494
494 528
495 497
521 495
496 497
547 496
556 496
496 558
496 559
547 497
497 548
506 499
500 502
538 500
501 502
503 501
501 504
532 501
501 534
536 501
501 538
502 503
506 502
502 538
504 503
503 506
503 507
505 504
504 507
532 504
505 532
566 505
505 656
562 507
508 509
508 524
508 525
643 508
508 646
509 524
509 643
511 510
512 511
512 513
526 513
514 515
516 514
648 514
514 649
516 515
641 515
516 640
518 517
519 517
519 518
521 522
521 523
522 523
540 522
523 559
525 524
655 524
525 535
525 646
527 528
529 527
530 527
527 533
534 527
537 527
528 529
537 528
528 540
529 530
535 529
529 540
530 533
530 535
531 532
533 531
534 531
536 531
655 531
531 656
532 536
532 656
534 533
655 533
534 536
537 534
534 538
537 538
537 539
538 539
543 541
541 545
541 551
552 541
543 542
544 542
545 542
542 546
543 544
543 545
623 544
545 546
551 545
557 545
547 546
546 549
546 557
547 548
547 549
556 547
547 557
548 549
548 550
549 550
551 552
554 551
551 555
551 560
552 633
553 555
553 556
558 553
553 560
560 554
554 638
556 555
560 555
557 556
558 556
558 559
561 562
563 561
561 564
565 561
562 565
564 565
564 567
566 565
569 568
570 568
568 572
573 568
570 569
571 572
573 571
574 571
573 572
576 575
576 577
577 578
578 579
580 579
581 582
583 581
589 581
581 634
583 582
582 589
583 634
585 584
586 584
584 587
595 584
634 584
585 595
585 634
586 587
589 586
586 590
586 592
586 634
587 590
595 587
588 590
591 588
592 588
598 588
600 588
588 602
634 589
591 590
592 590
593 591
591 596
600 591
601 591
592 598
592 606
594 593
593 635
595 594
635 594
601 596
596 616
597 600
597 601
602 597
603 597
597 617
628 597
602 598
598 606
598 607
608 598
599 603
599 604
599 616
599 620
599 621
599 631
601 600
600 602
601 603
601 616
628 602
603 604
616 603
603 617
617 604
620 604
624 604
607 605
608 605
605 609
605 611
605 614
605 615
607 606
606 626
607 608
609 607
607 626
611 608
612 608
615 609
626 609
609 627
611 610
610 612
613 610
610 618
610 619
629 610
612 611
611 613
614 611
618 612
614 613
613 629
615 614
631 616
618 617
617 628
630 617
619 618
628 618
618 630
619 629
619 630
619 637
621 620
624 620
621 622
621 631
622 623
631 622
632 622
625 624
633 624
625 637
625 638
627 626
627 642
635 636
640 639
639 641
639 642
640 641
643 644
643 645
646 643
645 644
647 648
647 649
650 647
648 649
650 651
652 651
653 652
654 653
655 656
