707
238 501
233 499
228 496
226 492
226 487
227 482
231 477
234 472
236 467
238 462
237 457
237 452
237 447
237 442
237 437
236 432
236 427
235 422
234 417
234 412
232 408
229 404
228 399
228 394
228 389
229 384
227 379
226 374
226 369
226 364
227 359
227 354
227 349
227 344
228 339
228 334
226 329
226 324
226 319
226 314
226 309
225 304
225 299
224 294
223 289
222 284
221 279
221 274
220 269
220 264
219 259
218 254
217 249
217 244
217 239
217 234
218 229
218 224
217 219
218 214
218 209
220 204
221 199
222 194
223 189
224 184
225 179
226 174
227 169
227 164
229 159
229 154
229 149
228 144
227 139
225 134
221 130
217 125
213 122
208 119
204 117
199 117
194 117
189 117
184 117
179 117
174 118
169 118
164 118
159 118
154 118
149 119
144 120
139 120
134 121
129 122
124 122
119 123
114 123
109 123
104 124
99 124
94 125
89 126
84 126
80 127
75 128
71 130
66 129
61 129
56 132
52 135
47 138
43 141
39 145
34 145
30 142
35 138
40 135
42 131
37 130
32 130
27 133
27 137
26 142
23 145
19 147
18 146
17 141
17 136
17 131
18 126
22 124
27 121
32 119
37 116
42 115
47 115
52 113
56 109
59 106
64 104
69 105
74 104
79 105
84 105
89 105
94 104
99 103
104 102
109 101
114 100
119 100
124 100
129 100
134 100
139 99
144 99
149 98
154 98
159 98
164 97
169 96
174 95
179 95
184 95
189 95
194 93
199 92
204 93
209 93
214 92
219 92
224 92
226 87
228 82
227 77
227 72
227 67
227 62
227 57
228 52
229 47
230 43
231 38
231 33
232 28
234 23
238 18
243 16
248 15
253 15
258 14
263 14
268 14
273 14
278 16
283 18
288 21
290 25
292 30
294 35
295 40
296 45
299 50
299 55
300 60
301 65
301 70
301 75
301 80
302 85
302 90
303 95
305 100
310 100
315 100
320 100
325 100
330 100
335 102
340 103
345 102
350 101
355 102
360 103
365 103
370 104
375 105
380 106
385 106
388 105
394 107
399 107
404 107
409 107
414 108
419 108
424 108
429 107
434 109
439 109
444 109
449 109
454 111
459 114
464 115
469 115
474 115
479 116
484 119
489 121
492 124
494 128
495 133
496 138
495 143
491 143
486 143
485 139
483 134
478 130
473 128
468 128
466 131
471 134
476 136
475 138
470 138
465 137
460 135
455 131
450 130
445 131
440 131
435 130
430 128
425 127
420 126
415 125
410 125
405 125
400 127
395 129
390 129
385 129
380 130
375 130
370 130
365 129
360 128
355 127
350 126
345 125
340 125
335 125
330 126
325 126
320 126
315 127
310 127
305 128
300 132
298 137
298 142
300 147
302 152
300 157
300 162
299 167
300 172
301 177
304 182
304 187
305 192
306 197
306 202
307 207
308 212
308 217
310 222
311 227
312 232
310 237
312 242
310 247
309 252
308 257
307 262
306 267
306 272
306 277
305 282
304 287
304 292
303 297
302 302
302 307
302 312
301 317
301 322
301 327
299 332
298 337
298 342
299 347
297 352
297 357
298 362
299 367
299 372
299 377
298 382
297 387
297 392
297 397
296 402
296 406
292 408
292 413
292 418
292 423
292 428
292 433
292 438
293 443
293 448
293 453
292 458
292 463
292 468
294 472
297 477
301 482
302 487
302 492
300 496
295 499
290 499
285 499
280 499
277 495
276 490
276 485
272 480
267 479
267 474
266 469
266 464
268 459
269 454
268 449
267 444
270 439
269 434
269 429
268 424
268 419
267 414
267 409
266 404
266 399
266 394
267 389
267 384
266 379
266 374
267 369
267 364
267 359
268 354
268 349
267 344
267 339
266 334
266 329
267 324
268 319
267 314
268 309
268 304
268 299
269 294
269 289
268 284
268 279
268 274
268 269
267 264
267 259
267 254
267 249
267 244
267 239
263 236
261 241
260 246
260 251
259 256
258 261
258 266
258 271
258 276
258 281
257 286
257 291
257 296
257 301
256 306
256 311
256 316
256 321
256 326
256 331
257 336
259 341
258 346
257 351
257 356
257 361
258 366
258 371
259 376
259 381
258 386
259 391
259 396
259 401
259 406
258 411
258 416
258 421
258 426
258 431
258 436
260 441
259 446
261 451
261 456
261 461
262 466
262 471
262 476
260 479
255 482
253 487
252 492
251 497
246 500
241 501
239 501
262.718 53.3045
263.074 104.729
264.458 156.5
240.881 230.052
238.623 252.475
266.331 197.134
288.286 246.5
259.355 33.7728
251.229 74.7542
243.955 97.0819
278.592 87.0816
276.32 125.428
249.87 126.952
283.622 214.5
243.784 200.957
69.2465 117.218
388.297 117.327
240.919 326.216
243.5 397.5
243.012 342.449
248.361 442.014
284.258 314
280.411 446.282
283.012 345.551
280.819 55.0042
282.296 152
247.444 167.889
231.563 219
283.954 187.564
294.162 230.366
299.252 242
275.553 32.4467
293.901 184.58
248.796 470.325
246.23 29.4388
280.678 434.818
297.411 253.125
283.621 262.522
49.4956 124.561
59.6103 119.25
80.0547 115.844
398.37 117.057
375.941 117.675
237.362 334.926
246.843 333.704
246.981 431.081
248.972 454.165
280.125 458.155
229.406 230.272
235.348 240.82
248.176 240.606
228.066 249.155
246.438 215.914
255.05 24.7678
248.117 45.7634
90.408 115.273
407.545 116.109
246.408 419.393
279.904 470.506
249.28 251.273
237.412 209.801
232.434 199.497
256.313 206.448
253.591 226.887
268.637 220.767
250.957 37.1638
244.487 408.509
286.032 479.929
267.937 208.906
243.652 382.8
249.53 390.211
237.484 390.087
282.188 360.827
277.265 352.901
287.841 353.472
270.244 70.386
269.986 140.81
277.363 170.051
288.412 174.15
286.337 162.804
280.536 234.54
277.687 244.877
271.611 230.224
285.06 224.979
277.023 254.92
266.811 25.2566
272.626 45.0234
262.727 43.2475
283.454 40.9147
242.562 480.764
236.235 489.071
279.971 422.808
294.909 264.27
363.325 115.665
249.89 60.2355
260.476 64.4912
239.882 68.4793
240.409 80.9235
238.696 56.8422
235.911 90.3789
238.623 47.2353
240.826 37.6529
258.388 217.125
291.698 488.698
271.243 59.7469
285.615 69.6273
289.711 60.1861
278.266 76.8102
289.184 81.6041
289.468 95.1336
276.675 101.043
290.16 113.434
272.664 113.18
281.469 109.358
262.898 122.765
268.222 131.088
252.781 113.648
233.742 115.706
232.35 102.83
220.863 110.586
252.641 103.088
242.594 108.501
256.162 88.7103
243.592 118.767
237.322 130.077
247.962 146.047
257.688 138.021
245.499 136.158
262.148 146.867
224.827 119.373
246.708 88.0095
262.155 78.7421
267.436 88.7018
268.436 97.5816
283.803 137.504
288.916 125.98
297.77 120.523
300.509 109.953
289.118 145.383
272.428 150.49
269.973 182.829
278.903 179.468
274.772 191.667
284.468 201.04
274.777 201.977
294.422 195.811
252.861 186.088
263.352 170.474
294.567 208.432
294.506 219.402
262.179 188.461
253.204 196.503
256.419 162.894
254.663 153.229
279.568 410.191
351.144 113.718
340.147 114
209.309 105.585
217.94 101.493
197.059 104.884
313.609 113.5
238.344 186.237
245.522 178.367
237.386 171.459
185.944 106
174.485 106.458
164.037 107.5
154.049 108
143.651 109.5
133.165 110.5
121.996 111
326.712 113
110.881 112
100.665 113.767
240.924 311.14
235.361 318.676
246.755 318.68
241.999 357.49
247.804 350.326
236.579 349.57
245.146 369.993
236.562 375.482
235.923 365.471
285.728 297.058
286.746 279.664
291.387 306.084
278.605 304.975
295.862 274.636
293.065 288.76
279.794 287.984
278.753 272.265
283.369 329.765
290.591 322.265
288.511 337.778
276.953 337.517
277.678 321.537
241.415 156.819
281.575 394.729
275.216 401.765
282.216 378.594
287.289 386.876
276.437 386.445
277.18 369.718
288.409 369.701
240.752 294.852
246.541 302.935
234.985 303.058
239.384 271.075
246.701 262.358
244.667 282.699
233.855 285.923
230.796 276.33
231.686 262.075
249.864 234.667
314.667 113.298
208 110.58
707
238.775 495.966
238.055 494.465
235.296 492.031
230.945 491.156
232.182 491.142
234.283 491.198
239.616 487.473
245.647 479.742
251.249 472.521
251.092 462.986
250.178 455.449
249.549 451.021
249.218 448.774
248.208 441.798
247.623 436.216
247.098 431.259
246.923 426.46
246.735 420.894
246.213 415.592
245.429 408.393
243.312 400.377
242.823 399.14
242.541 397.863
242.439 395.232
242.447 391.744
241.498 383.485
240.434 374.978
240.029 371.923
239.961 370.495
239.898 366.164
240.778 357.712
241.238 354.571
241.968 349.229
242.123 345.35
242.218 342.734
242.078 331.854
241.305 326.043
240.977 323.169
240.796 319.616
240.943 314.651
241.052 316.091
241.076 303.412
240.673 297.964
239.754 291.624
238.695 286.091
237.68 281.724
236.925 278.357
236.286 274.113
235.871 271.524
234.56 263.269
232.098 253.714
231.336 250.969
230.351 247.674
230.306 244.25
230.357 239.664
230.73 235.286
231.514 229.44
231.743 222.391
231.126 217.321
231.334 215.989
233.219 210.963
234.236 208.921
235.894 203.356
237.264 198.225
238.045 195.775
240.346 188.291
242.045 180.632
242.55 178.114
243.485 172.897
244.642 169.399
245.952 166.741
249.905 156.341
250.96 148.42
250.605 140.261
248.815 131.72
239.333 119.13
236.069 116.377
228.452 110.856
221.107 108.209
211.473 105.962
203.354 104.424
197.387 103.633
190.077 104.584
187.806 105.016
183.037 105.679
177.364 106.177
172.41 106.639
168.625 107.051
164.272 107.509
159.049 107.726
152.791 108.079
147.089 108.856
142.901 109.417
138.036 110.032
132.247 110.724
127.78 110.861
122.877 111.035
118.105 111.221
113.908 111.391
108.243 112.13
103.015 113.14
97.9914 114.154
92.2586 115.36
87.6494 115.925
84.8737 116.1
76.7947 116.418
71.3025 116.041
69.4544 116.028
66.6139 115.986
59.4705 118.91
49.4672 124.918
46.7669 127.149
43.7332 133.28
40.2029 139.24
37.1883 142.752
34.4641 142.864
32.422 142.788
34.7487 142.821
38.5437 139.278
47.0442 126.621
40.6108 123.119
35.9892 123.312
21.4095 134.58
21.3468 139.943
22.1264 141.649
21.2482 143.032
18.5993 146.899
20.0182 144.827
21.0686 143.269
21.5602 135.932
20.9518 129.747
21.6026 129.175
21.9928 128.813
27.7882 124.207
34.2975 123.042
38.5608 122.204
42.1825 123.84
47.4251 125.16
58.1503 119.708
63.8395 115.995
65.0476 115.281
65.2917 115.242
67.1531 115.533
71.7429 116.027
76.612 116.402
83.2404 116.175
90.0865 115.722
96.3492 114.479
101.604 113.416
106.649 112.451
111.401 111.541
116.977 111.278
118.879 111.191
123.555 111.011
128.907 110.826
135.108 110.42
140.43 109.735
145.293 109.099
149.933 108.477
153.866 107.957
159.861 107.698
166.219 107.329
171.012 106.806
174.658 106.399
178.403 106.089
183.484 105.644
190.427 104.524
195.944 103.494
197.457 103.588
198.895 103.803
205.414 104.654
211.283 106.014
218.566 107.354
233.518 107.676
245.107 96.8888
248.997 81.6503
247.37 71.5143
246.009 66.2829
244.801 61.6252
244.266 59.4198
243.007 53.7392
243.454 47.6312
243.54 45.2606
244.302 41.1015
244.852 34.1053
243.486 28.5457
242.762 24.9225
242.285 24.0921
241.974 22.8494
242.518 23.0789
246.312 25.0149
251.907 26.3944
258.379 26.4318
260.988 26.3586
268.816 25.5866
270.192 25.4542
274.41 26.0861
278.397 25.4124
280.791 24.1837
279.446 25.0506
278.099 31.2779
277.999 33.4757
277.848 38.8028
279.355 46.781
283.184 53.4443
283.807 54.9434
284.881 59.1592
284.636 64.2878
284.221 66.0467
282.891 71.1194
281.81 77.4469
281.065 83.6809
280.642 87.3355
283.547 102.443
291.457 111.658
309.69 113.646
319.098 113.547
323.361 113.231
326.679 112.937
328.623 112.892
332.713 113.076
340.28 113.313
347.375 113.06
350.357 112.887
352.885 113.188
355.554 113.906
363.019 115.899
367.51 116.897
372.949 118.055
383.474 118.491
386.582 118.393
387.764 118.358
392.497 117.747
399.558 116.648
404.795 115.858
408.535 115.37
413.326 115.632
419.09 116.067
426.836 117.347
428.047 117.596
468.444 123.556
439.986 119.384
445.519 119.297
446.847 119.365
449.618 119.501
457.489 121.856
461.915 123.565
469.201 120.911
474.437 118.978
477.249 120.069
483.49 122.088
487.972 126.25
488.741 126.944
490.633 128.222
491.101 133.773
491.446 139.685
493.817 142.662
491.706 140.013
488.667 141.881
490.891 137.667
489.348 127.437
488.662 131.218
472.489 120.229
465.916 121.375
468.603 134.724
472.91 136.852
475.502 136.958
475.153 136.943
470.363 136.755
465.943 133.742
462.638 131.438
460.431 122.8
447.661 119.42
444.531 119.244
441.207 119.393
438.163 119.316
433.154 118.629
427.446 117.468
381.333 115.556
414.687 115.718
410.28 115.538
403.181 116.109
396.33 117.159
393.105 117.7
390.236 118.174
381.984 118.525
379.318 118.593
375.5 118.606
372.109 117.865
370.065 117.434
363.162 115.947
358.022 114.572
352.716 113.096
346.263 113.111
339.927 113.315
332.121 113.063
329.866 112.992
326.351 113.019
321.834 113.345
317.602 113.672
309.154 113.711
296.734 113.866
280.543 118.933
275.824 134.106
279.262 147.456
283.958 153.015
287.82 153.41
285.838 153.824
282.441 159.762
281.57 167.273
283.334 176.678
287.797 184.128
291.922 188.301
291.847 189.196
292.056 194.324
292.222 198.058
291.953 202.901
292.231 208.876
292.967 213.818
293.887 220.277
296.159 226.986
297.654 230.658
297.873 231.785
297.986 238.951
298.369 240.93
297.376 242.664
295.435 247.66
293.603 253.108
291.761 259.297
289.547 269.756
289.188 272.797
288.89 276.318
287.824 282.57
287.424 285.21
286.777 289.995
286.193 294.681
285.486 301.246
285.046 307.754
284.815 311.832
284.641 314.2
284.223 321.53
283.933 323.669
282.989 327.618
281.944 335.254
281.84 342.525
282.028 345.889
282.228 350.406
282.661 359.015
282.763 361.816
283.357 369.698
283.333 371.99
283.147 373.398
282.334 378.733
281.493 385.731
280.653 392.874
280.324 397.429
280.705 400.449
281.248 400.251
279.971 401.534
278.258 411.082
278.978 418.105
279.556 423.928
280.192 428.856
280.867 433.919
281.082 441.781
281.094 444.076
280.971 447.355
280.409 451.099
279.639 456.397
278.745 463.164
278.616 471.276
283.44 478.929
288.785 486.936
294.912 491.4
296.278 491.753
298.084 492.305
296.428 491.781
294.907 491.302
290.319 490.821
287.018 492.84
282.259 496.107
284.209 494.745
286.23 493.177
286.512 484.01
278.227 470.71
271.516 472.844
275.421 471.557
276.966 469.85
277.872 467.845
278.294 465.475
280.4 451.008
280.866 447.71
281.017 445.839
281.066 441.284
280.811 433.63
280.088 428.044
279.432 422.9
278.66 414.877
278.393 412.131
278.196 407.304
278.702 403.516
279.152 400.79
279.838 397.27
280.623 391.387
281.561 383.399
282.094 378.041
282.343 374.945
282.736 370.904
282.715 365.415
282.632 360.945
282.354 355.159
281.787 344.854
281.628 342.038
281.315 337.005
281.543 333.529
282.147 329.643
282.558 327.071
283.483 320.496
283.837 315.461
284.023 313.255
284.624 305.819
285.046 301.552
285.608 295.968
286.2 288.321
286.344 283.397
286.477 281.459
286.975 275.08
287.437 269.506
288.101 263.097
288.371 261.312
289.171 257.638
290.626 251.745
291.668 241.759
284.444 227.556
256.066 213.822
242.432 227.944
234.152 243.311
234.437 251.621
234.936 255.638
235.322 258.697
236.633 268.241
237.392 273.373
238.14 277.804
238.728 281.469
239.278 286.146
239.722 289.071
240.889 296.964
241.24 300.826
241.308 305.431
241.222 309.693
241.119 316.423
241.166 321.187
241.417 326.267
242.308 333.196
242.816 339.897
243.144 342.072
242.889 343.548
242.306 348.124
241.099 355.345
240.414 365.189
240.306 368.023
240.554 373.162
241.113 377.782
241.517 381.414
242.16 387.299
242.928 393.585
243.214 397.223
243.999 401.344
244.873 405.149
245.962 413.177
246.316 416.338
246.772 421.694
246.927 426.467
247.122 431.551
247.811 437.977
248.301 442.53
248.999 447.257
249.842 452.945
250.351 456.854
250.73 459.95
252.068 469.255
254.247 471.66
255.348 472.036
254.699 471.825
249.187 474.953
240.977 486.238
237.505 491.629
238.462 494.455
238.388 494.553
239.054 497.083
239.334 497.834
262.861 48.1456
273.609 94.2709
264.183 146.202
233.971 227.061
233.772 252.199
266.949 194.948
295.207 244.874
258.775 31.2099
251.596 73.7495
246.866 97.73
275.024 85.7377
275.868 121.595
251.3 130.336
288.466 203.679
244.04 200.485
57.7778 116.444
382.265 118.404
241.113 320.377
242.755 397.118
242.844 342.914
248.03 440.05
284.207 314.887
281.046 444.253
281.902 344.081
279.426 60.4832
282.019 152.128
248.449 166.858
232.565 217.8
283.591 188.102
296.549 230.008
297.45 240.361
272.597 26.594
290.154 187.548
240.889 480
244.529 25.5279
280.971 437.735
293.148 254.636
289.435 259.111
41.8135 124.604
59.6474 118.77
78.7308 116.204
405.262 115.936
378.18 118.432
242.684 339.676
242.492 334.983
247.956 435.011
250.307 456.91
275.034 469.545
231.542 227.394
231.354 239.644
237.928 230.654
232.332 249.889
243.892 211.987
256.948 26.6407
262.222 46.2222
88.0593 115.816
409.171 115.479
246.281 416.339
278.226 470.797
234.274 251.53
234.138 214.007
237.488 199.088
255.72 206.52
258.667 192
274.776 214.961
250.213 27.4046
244.552 403.905
287.531 487.1
280.362 205.179
241.486 381.333
242.686 391.8
240.889 348.444
282.702 363.444
282.055 345.114
282.357 353.576
269.895 66.6719
268.069 140.571
282.834 175.424
280.44 178.081
281.329 164.248
289.659 228.547
291.977 242.679
279.062 218.625
291.117 220.654
290.042 254.549
268.529 26.4543
272.344 31.8081
262.31 38.3842
277.592 34.6875
246.18 478.973
237.56 492.892
283.556 480.889
290.054 264.582
362.867 115.751
246.927 58.2403
272.142 45.9983
245.572 62.212
248.45 75.9546
244.154 53.1289
245.772 96.2918
244.057 44.9034
245.243 33.2959
256.356 210.134
289.542 492.065
266.688 51.7548
277.994 68.3721
283.529 55.9719
272.809 70.2764
280.757 82.8269
275.915 99.367
270.639 98.8531
281.004 110.386
270.67 112.473
277.78 108.764
260.752 127.12
266.663 130.346
257.739 132.493
234.245 110.054
235.038 107.935
212.412 106.283
253.764 103.436
245.248 113.312
251.191 83.289
246.088 117.264
242.953 121.897
252.514 147.043
254.863 136.991
250.493 136.575
271.614 141.36
229.719 111.295
251.484 88.1345
263.067 76.0165
275.897 84.6512
267.598 96.8614
275.244 135.499
279.661 119.644
292.97 113.938
261.149 110.954
279.176 147.935
270.62 150.762
270.45 182.26
278.202 179.74
284.935 188.458
288.236 197.908
276.176 199.622
291.653 195.752
246.259 185.3
263.78 170.39
292.059 207.049
293.052 219.838
267.451 174.79
242.903 198.438
257.937 163.259
257.381 153.469
279.13 406.08
353.724 113.455
334.969 114.036
206.622 105.08
214.514 106.668
196.651 103.568
313.753 113.55
241.86 188.071
247.991 179.286
244.554 171.889
183.533 105.45
199.802 105.551
162.585 107.555
146.667 110.222
141.677 109.566
133.877 110.556
129.875 110.745
331.31 113.037
112.648 111.469
86.2966 115.512
241.11 311.669
241.056 320.208
241.058 319.075
240.842 357.157
242.222 348.575
241.603 332.985
240.369 371.924
241.159 378.947
239.956 366.233
285.336 300.103
287.141 278.466
284.556 308.334
284.666 306.144
288.305 271.235
286.799 289.075
286.533 288.665
286.902 276.662
282.531 329.507
284.073 321.761
281.719 337.226
281.745 336.152
282.667 347.556
250.327 157.524
279.823 399.952
278.999 401.845
282.298 376.687
281.334 386.834
281.673 382.408
280.754 391.628
283.259 370.17
237.2 276.948
241.211 302.078
241.091 303.357
237.014 272.982
235.759 262.406
238.564 282.987
238.699 285.821
234.16 259.185
235.178 262.661
238.222 227.556
310.222 111.111
211.556 111.111
1624
0 0
0 0
0 0
0 0
0 0
0 0
0 0
0 0
0 0
0 0
0 0
0 0
0 0
0 0
0 0
0 0
0 0
0 0
0 0
524 562
0 0
0 0
0 0
0 0
0 0
0 0
0 0
0 0
0 0
0 0
0 0
0 0
0 0
0 0
0 0
0 0
0 0
0 0
0 0
0 0
0 0
0 0
0 0
0 0
0 0
0 0
0 0
0 0
0 0
0 0
0 0
0 0
0 0
0 0
0 0
0 0
0 0
0 0
0 0
0 0
0 0
0 0
0 0
0 0
0 0
0 0
0 0
0 0
0 0
0 0
0 0
0 0
0 0
0 0
0 0
0 0
0 0
0 0
0 0
0 0
0 0
0 0
0 0
0 0
0 0
0 0
0 0
0 0
0 0
0 0
0 0
0 0
0 0
0 0
0 0
0 0
0 0
0 0
0 0
0 0
0 0
0 0
0 0
0 0
0 0
0 0
0 0
0 0
0 0
0 0
0 0
0 0
0 0
0 0
0 0
0 0
0 0
0 0
0 0
0 0
0 0
0 0
0 0
0 0
0 0
0 0
0 0
0 0
0 0
0 0
0 0
0 0
0 0
0 0
0 0
0 0
0 0
0 0
0 0
0 0
0 0
0 0
0 0
0 0
0 0
0 0
0 0
0 0
0 0
0 0
0 0
0 0
0 0
0 0
0 0
0 0
0 0
0 0
0 0
0 0
0 0
0 0
0 0
0 0
0 0
0 0
0 0
0 0
0 0
0 0
0 0
0 0
0 0
0 0
554 628
0 0
0 0
0 0
0 0
0 0
0 0
0 0
0 0
0 0
0 0
0 0
0 0
0 0
0 0
0 0
0 0
0 0
0 0
0 0
0 0
0 0
0 0
0 0
0 0
0 0
0 0
0 0
0 0
0 0
0 0
0 0
0 0
0 0
0 0
0 0
0 0
0 0
0 0
0 0
0 0
0 0
0 0
0 0
0 0
0 0
0 0
0 0
0 0
0 0
0 0
0 0
0 0
0 0
0 0
0 0
0 0
0 0
0 0
0 0
0 0
0 0
0 0
0 0
0 0
0 0
0 0
0 0
0 0
0 0
0 0
0 0
0 0
0 0
0 0
0 0
0 0
0 0
0 0
0 0
0 0
0 0
0 0
0 0
0 0
0 0
0 0
0 0
658 506
0 0
0 0
0 0
0 0
0 0
0 0
0 0
0 0
0 0
0 0
0 0
0 0
0 0
0 0
0 0
0 0
0 0
0 0
0 0
0 0
0 0
0 0
0 0
0 0
0 0
0 0
0 0
0 0
0 0
0 0
0 0
0 0
0 0
0 0
0 0
0 0
0 0
0 0
0 0
0 0
0 0
0 0
0 0
0 0
0 0
0 0
0 0
0 0
0 0
0 0
0 0
0 0
0 0
0 0
0 0
0 0
0 0
0 0
0 0
0 0
0 0
0 0
0 0
0 0
0 0
0 0
0 0
0 0
0 0
0 0
0 0
0 0
0 0
0 0
0 0
0 0
0 0
0 0
0 0
0 0
0 0
0 0
0 0
0 0
0 0
0 0
0 0
0 0
0 0
0 0
0 0
0 0
0 0
0 0
0 0
0 0
0 0
0 0
0 0
0 0
0 0
0 0
0 0
0 0
0 0
0 0
0 0
0 0
0 0
0 0
0 0
0 0
0 0
0 0
0 0
0 0
0 0
0 0
0 0
0 0
0 0
0 0
0 0
0 0
0 0
0 0
0 0
0 0
0 0
0 0
0 0
0 0
0 0
0 0
0 0
0 0
0 0
0 0
0 0
0 0
0 0
0 0
0 0
0 0
0 0
0 0
0 0
0 0
0 0
0 0
0 0
0 0
0 0
0 0
0 0
0 0
0 0
0 0
0 0
0 0
0 0
628 545
0 0
0 0
0 0
0 0
0 0
0 0
0 0
0 0
0 0
0 0
0 0
0 0
0 0
0 0
0 0
0 0
0 0
0 0
0 0
0 0
0 0
0 0
0 0
0 0
0 0
0 0
0 0
0 0
0 0
0 0
0 0
0 0
0 0
0 0
0 0
0 0
0 0
0 0
0 0
0 0
0 0
0 0
0 0
0 0
0 0
0 0
0 0
0 0
0 0
0 0
0 0
0 0
0 0
0 0
0 0
0 0
0 0
0 0
0 0
0 0
0 0
0 0
0 0
0 0
0 0
0 0
0 0
0 0
0 0
0 0
0 0
0 0
0 0
0 0
0 0
0 0
0 0
0 0
0 0
0 0
0 0
0 0
0 0
0 0
0 0
0 0
0 0
0 0
0 0
0 0
0 0
0 0
0 0
0 0
0 0
0 0
0 0
0 0
0 0
0 0
0 0
0 0
0 0
0 0
0 0
0 0
0 0
0 0
0 0
0 0
0 0
0 0
0 0
0 0
0 0
0 0
0 0
0 0
0 0
0 0
0 0
0 0
0 0
0 0
0 0
0 0
0 0
0 0
0 0
0 0
0 0
0 0
0 0
0 0
0 0
0 0
0 0
0 0
0 0
0 0
0 0
0 0
0 0
0 0
0 0
0 0
278 240
0 0
0 0
0 0
0 0
0 0
0 0
0 0
0 0
0 0
0 0
0 0
0 0
0 0
0 0
0 0
0 0
0 0
0 0
0 0
0 0
0 0
0 0
0 0
0 0
0 0
0 0
0 0
0 0
0 0
0 0
0 0
0 0
0 0
0 0
0 0
0 0
0 0
0 0
0 0
0 0
0 0
0 0
0 0
0 0
0 0
0 0
0 0
0 0
0 0
0 0
0 0
0 0
0 0
0 0
0 0
0 0
0 0
0 0
0 0
0 0
0 0
0 0
0 0
0 0
0 0
0 0
0 0
0 0
0 0
0 0
0 0
0 0
0 0
0 0
0 0
0 0
0 0
0 0
0 0
0 0
0 0
0 0
0 0
0 0
0 0
0 0
0 0
0 0
0 0
0 0
0 0
0 0
0 0
0 0
0 0
0 0
0 0
0 0
0 0
0 0
0 0
0 0
0 0
0 0
0 0
0 0
0 0
0 0
0 0
0 0
0 0
0 0
0 0
0 0
0 0
0 0
0 0
0 0
0 0
0 0
0 0
0 0
0 0
0 0
0 0
0 0
0 0
0 0
0 0
0 0
0 0
0 0
0 0
0 0
0 0
0 0
0 0
0 0
0 0
0 0
0 0
0 0
0 0
0 0
0 0
0 0
0 0
0 0
0 0
0 0
0 0
0 0
0 0
0 0
0 0
0 0
0 0
0 0
0 0
0 0
0 0
0 0
0 0
0 0
0 0
0 0
554 433
0 0
0 0
0 0
0 0
0 0
0 0
0 0
0 0
0 0
0 0
0 0
0 0
0 0
0 0
0 0
0 0
0 0
0 0
0 0
0 0
0 0
0 0
0 0
0 0
0 0
0 0
0 0
0 0
0 0
0 0
0 0
0 0
0 0
0 0
0 0
433 686
0 0
0 0
0 0
0 0
0 0
0 0
0 0
0 0
0 0
0 0
0 0
0 0
0 0
0 0
0 0
0 0
0 0
0 0
0 0
0 0
0 0
0 0
0 0
0 0
0 0
0 0
0 0
0 0
0 0
0 0
0 0
0 0
0 0
0 0
0 0
0 0
0 0
0 0
0 0
0 0
0 0
0 0
0 0
0 0
0 0
0 0
0 0
0 0
0 0
0 0
0 0
0 0
0 0
0 0
0 0
0 0
0 0
0 0
0 0
0 0
0 0
0 0
0 0
0 0
0 0
0 0
0 0
0 0
0 0
0 0
0 0
0 0
0 0
0 0
0 0
0 0
0 0
686 582
0 0
0 0
0 0
0 0
0 0
0 0
0 0
0 0
0 0
0 0
0 0
0 0
0 0
0 0
0 0
0 0
0 0
0 0
0 0
0 0
0 0
0 0
0 0
0 0
0 0
0 0
0 0
0 0
0 0
0 0
0 0
0 0
0 0
0 0
0 0
0 0
0 0
0 0
0 0
0 0
0 0
0 0
0 0
0 0
0 0
0 0
0 0
0 0
0 0
0 0
0 0
0 0
0 0
0 0
0 0
0 0
0 0
0 0
0 0
0 0
0 0
0 0
0 0
0 0
0 0
0 0
0 0
0 0
0 0
0 0
0 0
0 0
0 0
0 0
0 0
0 0
0 0
0 0
0 0
0 0
0 0
0 0
0 0
0 0
0 0
0 0
0 0
0 0
0 0
0 0
0 0
0 0
0 0
0 0
0 0
0 0
0 0
0 0
0 0
0 0
0 0
0 0
0 0
0 0
0 0
0 0
0 0
0 0
0 0
0 0
0 0
0 0
0 0
0 0
0 0
0 0
0 0
0 0
0 0
0 0
0 0
0 0
0 0
0 0
0 0
0 0
0 0
0 0
0 0
0 0
0 0
0 0
0 0
0 0
0 0
0 0
0 0
0 0
0 0
0 0
0 0
0 0
0 0
0 0
0 0
0 0
0 0
0 0
0 0
0 0
0 0
0 0
0 0
0 0
0 0
0 0
0 0
0 0
0 0
0 0
0 0
0 0
0 0
0 0
0 0
0 0
0 0
0 0
0 0
0 0
0 0
0 0
0 0
0 0
0 0
0 0
0 0
0 0
0 0
0 0
0 0
0 0
0 0
0 0
0 0
0 0
0 0
0 0
0 0
0 0
0 0
0 0
0 0
0 0
0 0
0 0
0 0
0 0
0 0
0 0
0 0
0 0
0 0
0 0
0 0
0 0
0 0
0 0
0 0
0 0
0 0
0 0
0 0
0 0
0 0
0 0
0 0
0 0
0 0
0 0
0 0
0 0
0 0
0 0
0 0
0 0
0 0
0 0
0 0
0 0
0 0
0 0
0 0
0 0
0 0
0 0
0 0
0 0
0 0
0 0
0 0
0 0
0 0
0 0
0 0
0 0
0 0
0 0
0 0
0 0
0 0
0 0
0 0
0 0
0 0
0 0
0 0
0 0
0 0
0 0
0 0
0 0
0 0
0 0
0 0
0 0
0 0
0 0
0 0
0 0
0 0
0 0
0 0
0 0
0 0
0 0
0 0
0 0
0 0
0 0
0 0
0 0
0 0
0 0
0 0
0 0
0 0
0 0
0 0
0 0
0 0
0 0
0 0
0 0
0 0
0 0
0 0
0 0
0 0
0 0
0 0
0 0
0 0
0 0
0 0
0 0
0 0
0 0
0 0
0 0
0 0
0 0
0 0
0 0
0 0
0 0
0 0
0 0
0 0
0 0
0 0
0 0
0 0
0 0
0 0
0 0
0 0
0 0
0 0
0 0
0 0
0 0
0 0
0 0
0 0
0 0
0 0
0 0
0 0
0 0
0 0
0 0
0 0
0 0
0 0
0 0
0 0
0 0
0 0
0 0
0 0
0 0
0 0
0 0
0 0
0 0
0 0
0 0
0 0
0 0
0 0
0 0
0 0
0 0
0 0
0 0
0 0
0 0
0 0
0 0
0 0
0 0
0 0
0 0
0 0
0 0
0 0
0 0
0 0
0 0
0 0
0 0
0 0
0 0
0 0
0 0
0 0
0 0
0 0
0 0
0 0
0 0
0 0
0 0
0 0
0 0
0 0
0 0
0 0
0 0
0 0
0 0
0 0
0 0
0 0
0 0
0 0
0 0
0 0
0 0
0 0
0 0
0 0
0 0
0 0
0 0
0 0
0 0
0 0
0 0
0 0
0 0
0 0
0 0
0 0
0 0
0 0
0 0
0 0
0 0
0 0
0 0
0 0
0 0
0 0
0 0
0 0
0 0
0 0
0 0
0 0
0 0
0 0
0 0
0 0
0 0
0 0
0 0
0 0
0 0
0 0
0 0
0 0
0 0
0 0
0 0
0 0
0 0
0 0
0 0
0 0
0 0
0 0
0 0
0 0
0 0
0 0
0 0
0 0
0 0
0 0
0 0
0 0
0 0
0 0
0 0
0 0
0 0
0 0
0 0
0 0
0 0
0 0
0 0
0 0
0 0
0 0
0 0
0 0
0 0
0 0
0 0
0 0
0 0
0 0
0 0
0 0
0 0
0 0
0 0
0 0
0 0
0 0
0 0
0 0
0 0
0 0
0 0
0 0
0 0
0 0
0 0
0 0
0 0
0 0
0 0
0 0
0 0
0 0
0 0
0 0
0 0
0 0
0 0
0 0
0 0
0 0
0 0
0 0
0 0
0 0
0 0
0 0
0 0
0 0
0 0
0 0
0 0
0 0
0 0
0 0
0 0
0 0
0 0
0 0
0 0
0 0
0 0
0 0
0 0
0 0
0 0
0 0
0 0
0 0
0 0
0 0
0 0
0 0
0 0
0 0
0 0
0 0
0 0
0 0
0 0
0 0
0 0
0 0
0 0
0 0
0 0
0 0
0 0
0 0
0 0
0 0
0 0
0 0
0 0
0 0
0 0
0 0
0 0
0 0
0 0
0 0
0 0
0 0
0 0
0 0
0 0
0 0
0 0
0 0
0 0
0 0
0 0
0 0
0 0
0 0
0 0
0 0
0 0
0 0
0 0
0 0
0 0
0 0
0 0
0 0
0 0
0 0
0 0
0 0
0 0
0 0
0 0
0 0
0 0
0 0
0 0
0 0
0 0
0 0
0 0
0 0
0 0
0 0
0 0
0 0
0 0
0 0
0 0
0 0
0 0
0 0
0 0
0 0
0 0
0 0
0 0
0 0
0 0
0 0
0 0
0 0
0 0
0 0
0 0
0 0
0 0
0 0
0 0
0 0
0 0
0 0
0 0
0 0
0 0
0 0
0 0
0 0
0 0
0 0
0 0
0 0
0 0
0 0
0 0
0 0
0 0
0 0
0 0
0 0
0 0
0 0
0 0
0 0
0 0
0 0
0 0
0 0
0 0
0 0
0 0
0 0
0 0
0 0
0 0
0 0
0 0
0 0
0 0
0 0
0 0
0 0
0 0
0 0
0 0
0 0
0 0
0 0
0 0
0 0
0 0
0 0
0 0
0 0
0 0
0 0
0 0
0 0
0 0
0 0
0 0
0 0
0 0
0 0
0 0
0 0
0 0
0 0
0 0
0 0
0 0
0 0
0 0
0 0
0 0
0 0
0 0
0 0
0 0
0 0
0 0
0 0
0 0
0 0
0 0
0 0
0 0
0 0
0 0
0 0
0 0
0 0
0 0
0 0
0 0
0 0
0 0
0 0
0 0
0 0
0 0
0 0
0 0
0 0
0 0
0 0
0 0
0 0
0 0
0 0
554 704
704 562
628 705
705 278
628 706
706 658
1618
0 1
490 0
0 581
1 2
1 581
2 3
581 2
3 4
581 3
4 5
581 4
5 6
5 581
6 7
6 580
6 581
7 8
7 524
580 7
8 9
8 524
9 10
524 9
9 537
10 11
10 537
11 12
537 11
12 13
12 511
537 12
13 14
511 13
14 15
14 511
536 14
15 16
15 536
16 17
16 536
548 16
17 18
548 17
18 19
18 548
18 557
19 20
557 19
20 21
20 509
20 557
21 22
509 21
22 23
22 509
562 22
23 24
23 562
24 25
24 562
25 26
562 25
672 25
26 27
26 672
27 28
27 672
28 29
672 28
673 28
29 30
673 29
30 31
30 668
30 670
30 673
31 32
670 31
32 33
670 32
33 34
33 670
34 35
34 534
34 670
35 36
534 35
36 37
508 36
534 36
37 38
37 508
37 666
38 39
38 666
39 40
666 39
40 41
665 40
666 40
697 40
41 42
41 697
42 43
42 695
697 42
43 44
695 43
43 701
44 45
44 701
45 46
45 701
45 702
46 47
702 46
47 48
702 47
48 49
702 48
703 48
49 50
703 49
50 51
542 50
50 703
51 52
51 542
52 53
542 52
53 54
53 542
54 55
539 54
54 540
54 542
55 56
55 539
56 57
539 56
57 58
57 518
57 539
58 59
518 58
59 60
518 59
60 61
518 60
551 60
61 62
551 61
552 61
62 63
62 552
63 64
63 552
64 65
552 64
652 64
65 66
65 652
66 67
66 652
66 654
67 68
67 654
68 69
68 654
69 70
69 654
70 71
654 70
70 687
71 72
71 687
72 73
72 616
687 72
73 74
616 73
73 618
74 75
615 74
74 618
75 76
75 615
75 620
76 77
620 76
77 78
77 620
78 79
610 78
78 620
79 80
610 79
648 79
80 81
648 80
80 650
81 82
650 81
82 83
82 650
82 655
83 84
655 83
84 85
84 655
85 86
655 85
85 656
86 87
656 86
87 88
656 87
87 657
88 89
88 657
89 90
89 657
658 89
90 91
658 90
91 92
91 658
91 659
92 93
659 92
93 94
93 659
93 660
94 95
660 94
95 96
660 95
95 661
96 97
661 96
97 98
661 97
663 97
98 99
663 98
99 100
99 663
99 664
100 101
664 100
101 102
101 546
101 664
102 103
102 546
103 104
103 546
104 105
104 531
104 546
105 106
105 531
106 107
506 106
106 531
107 108
107 506
108 109
108 506
530 108
109 110
529 109
530 109
110 111
529 110
111 112
111 119
529 111
112 113
118 112
112 119
113 114
117 113
113 118
114 115
114 117
115 116
117 115
116 117
117 118
118 119
119 120
119 135
119 136
119 529
120 121
134 120
120 135
121 122
132 121
133 121
121 134
122 123
129 122
130 122
122 132
123 124
128 123
123 129
124 125
128 124
125 126
127 125
125 128
126 127
127 128
128 129
129 130
130 131
130 132
131 132
132 133
133 134
134 135
135 136
136 137
136 529
137 138
137 529
138 139
529 138
530 138
139 140
530 139
140 141
506 140
140 530
141 142
141 506
142 143
142 506
143 144
143 506
143 531
144 145
531 144
145 146
531 145
145 546
146 147
546 146
147 148
147 546
147 664
148 149
148 664
149 150
149 663
149 664
150 151
663 150
151 152
661 151
663 151
152 153
152 661
153 154
153 661
154 155
660 154
154 661
155 156
155 660
156 157
659 156
156 660
157 158
157 659
158 159
158 658
659 158
159 160
159 658
160 161
657 160
658 160
161 162
161 657
162 163
162 656
162 657
163 164
656 163
164 165
164 655
656 164
165 166
655 165
166 167
166 650
166 655
167 168
167 650
168 169
168 650
169 170
169 648
169 650
170 171
648 170
170 649
171 172
649 171
172 173
649 172
173 174
590 173
609 173
173 649
174 175
590 174
175 176
175 588
590 175
176 177
587 176
588 176
177 178
587 177
178 179
178 587
179 180
587 179
589 179
180 181
180 589
181 182
181 589
591 181
182 183
182 591
183 184
183 591
184 185
591 184
184 592
185 186
185 592
186 187
186 525
592 186
187 188
525 187
188 189
525 188
189 190
525 189
190 191
525 190
190 544
191 192
544 191
192 193
192 544
193 194
193 544
576 193
194 195
576 194
195 196
576 195
196 197
522 196
576 196
197 198
197 522
198 199
198 522
199 200
199 522
200 201
522 200
579 200
201 202
201 579
202 203
202 579
203 204
515 203
203 579
203 597
204 205
597 204
205 206
205 597
206 207
597 206
207 208
596 207
597 207
208 209
208 596
209 210
596 209
209 599
210 211
210 599
211 212
211 599
212 213
599 212
600 212
213 214
213 600
214 215
600 214
628 214
215 216
628 215
651 215
216 217
651 216
217 218
217 651
217 662
218 219
218 662
219 220
219 662
220 221
647 220
220 662
221 222
221 647
222 223
646 222
222 647
223 224
223 646
224 225
224 646
225 226
225 584
225 646
226 227
584 226
227 228
227 533
227 584
228 229
533 228
229 230
507 229
533 229
230 231
507 230
231 232
231 507
232 233
507 232
232 532
233 234
532 233
234 235
532 234
547 234
235 236
235 547
236 237
236 279
236 547
237 238
237 278
237 279
238 239
240 238
277 238
238 278
239 240
240 241
240 275
240 276
277 240
241 242
241 274
241 275
242 243
272 242
242 273
242 274
243 244
243 272
244 245
272 244
245 246
271 245
272 245
246 247
263 246
271 246
247 248
262 247
263 247
248 249
248 262
249 250
261 249
249 262
250 251
261 250
251 252
260 251
251 261
252 253
260 252
253 254
260 253
254 255
254 259
254 260
255 256
257 255
255 259
256 257
257 258
257 259
258 259
259 260
260 261
261 262
262 263
263 264
263 271
264 265
269 264
270 264
264 271
265 266
265 267
265 268
269 265
266 267
267 268
268 269
269 270
270 271
271 272
272 273
273 274
274 275
275 276
276 277
277 278
278 279
279 280
279 547
280 281
547 280
281 282
532 281
281 547
282 283
532 282
283 284
283 507
283 532
284 285
284 507
285 286
507 285
533 285
286 287
286 533
287 288
533 287
288 289
533 288
289 290
289 533
289 584
290 291
584 290
291 292
291 584
646 291
292 293
646 292
293 294
293 646
293 647
294 295
647 294
295 296
295 647
295 662
296 297
296 662
297 298
662 297
298 299
651 298
662 298
299 300
651 299
300 301
627 300
300 651
301 302
627 301
302 303
302 626
627 302
303 304
625 303
626 303
303 629
304 305
304 629
305 306
307 305
629 305
306 307
307 308
307 516
307 570
307 629
308 309
570 308
309 310
569 309
570 309
310 311
310 569
311 312
523 311
311 569
312 313
523 312
313 314
523 313
636 313
314 315
314 636
315 316
636 315
316 317
316 636
316 639
317 318
317 639
318 319
639 318
318 640
319 320
640 319
320 321
320 520
320 640
321 322
321 520
322 323
520 322
323 324
520 323
323 521
324 325
521 324
325 326
521 325
326 327
326 521
527 326
327 328
527 327
328 329
328 527
328 583
329 330
583 329
329 678
330 331
678 330
331 332
331 678
332 333
678 332
679 332
333 334
679 333
334 335
679 334
335 336
335 674
335 679
336 337
336 674
336 676
337 338
676 337
338 339
676 338
339 340
676 339
683 339
340 341
340 683
341 342
683 341
342 343
682 342
683 342
342 684
343 344
684 343
344 345
514 344
344 684
345 346
514 345
345 565
346 347
565 346
347 348
565 347
348 349
348 563
348 565
694 348
349 350
694 349
350 351
694 350
351 352
690 351
694 351
352 353
352 690
691 352
353 354
353 691
354 355
354 688
354 691
355 356
688 355
356 357
358 356
356 688
357 358
358 359
645 358
688 358
359 360
359 645
360 361
360 582
360 645
361 362
361 582
362 363
526 362
362 582
363 364
526 363
364 365
513 364
364 526
365 366
365 513
366 367
513 366
367 368
367 513
367 538
368 369
538 368
369 370
538 369
549 369
370 371
370 549
370 558
371 372
558 371
372 373
372 558
372 594
373 374
594 373
374 375
374 594
375 376
375 594
376 377
376 594
377 378
377 594
378 379
378 594
379 380
379 381
379 594
380 381
381 382
381 594
382 383
558 382
594 382
383 384
383 558
384 385
386 384
384 549
558 384
385 386
386 387
549 386
387 388
387 549
388 389
388 549
389 390
538 389
549 389
390 391
390 513
538 390
391 392
391 513
392 393
513 392
393 394
393 513
393 526
394 395
394 526
395 396
526 395
582 395
396 397
582 396
397 398
397 582
645 397
398 399
398 645
399 400
645 399
399 689
400 401
689 400
401 402
401 689
402 403
688 402
402 689
692 402
403 404
403 692
404 405
404 692
405 406
405 690
692 405
693 405
406 407
693 406
407 408
407 693
408 409
563 408
408 693
409 410
409 563
564 409
410 411
564 410
411 412
564 411
685 411
412 413
412 685
413 414
685 413
414 415
685 414
415 416
415 685
415 686
416 417
416 686
417 418
417 686
418 419
686 418
419 420
419 677
419 686
420 421
677 420
421 422
421 677
422 423
674 422
677 422
680 422
423 424
423 680
424 425
680 424
425 426
425 680
425 681
426 427
681 426
427 428
681 427
428 429
428 528
575 428
428 681
429 430
429 575
430 431
575 430
431 432
431 572
575 431
432 433
432 572
433 434
571 433
572 433
433 573
434 435
434 541
434 554
555 434
434 573
435 436
435 541
436 437
541 436
550 436
437 438
550 437
438 439
550 438
439 440
550 439
699 439
440 441
699 440
441 442
441 698
699 441
442 443
442 698
700 442
443 444
700 443
444 445
700 444
445 446
445 695
445 700
446 447
446 695
446 696
447 448
447 696
448 449
448 696
449 450
665 449
449 667
449 696
450 451
450 667
451 452
451 667
452 453
508 452
452 535
667 452
453 454
535 453
454 455
454 510
454 535
455 456
455 510
456 457
510 456
456 669
457 458
669 457
458 459
458 668
669 458
459 460
668 459
459 671
460 461
460 671
461 462
671 461
462 463
462 560
462 671
463 464
463 560
464 465
560 464
561 464
465 466
561 465
466 467
509 466
561 466
467 468
509 467
557 467
468 469
468 557
469 470
469 548
557 469
470 471
470 548
471 472
548 471
472 473
472 536
548 472
473 474
473 536
474 475
511 474
536 474
475 476
511 475
476 477
511 476
537 476
477 478
477 537
478 479
478 537
479 480
524 479
479 537
480 481
524 480
481 482
481 524
482 483
524 482
483 484
524 483
484 485
524 484
580 484
485 486
485 580
486 487
488 486
580 486
486 581
487 488
488 489
581 488
489 490
581 489
581 490
491 545
577 491
491 578
585 491
586 491
595 491
492 601
603 492
492 605
607 492
492 611
613 492
624 492
493 568
619 493
630 493
638 493
643 493
493 644
494 518
539 494
494 540
494 541
494 543
494 554
540 495
495 541
542 495
550 495
699 495
703 495
496 553
496 559
633 496
635 496
641 496
642 496
497 520
497 521
497 527
528 497
497 571
572 497
575 497
498 522
544 498
498 556
498 576
498 578
499 585
586 499
587 499
499 588
613 499
621 499
622 499
500 590
500 609
611 500
612 500
500 613
500 621
501 598
599 501
501 600
501 601
623 501
501 624
502 602
502 603
604 502
605 502
606 502
502 625
502 626
503 605
607 503
503 614
503 615
617 503
618 503
555 504
559 504
574 504
634 504
635 504
504 639
640 504
543 505
551 505
505 552
505 553
642 505
652 505
506 530
506 531
532 507
507 533
508 534
535 508
508 666
667 508
557 509
561 509
509 562
510 534
535 510
669 510
510 670
511 536
511 537
512 676
512 677
512 683
512 686
513 526
513 538
514 564
514 565
514 684
685 514
577 515
515 579
515 595
515 596
597 515
516 568
516 570
625 516
629 516
516 630
517 638
643 517
517 653
654 517
517 687
539 518
543 518
518 551
523 519
519 569
632 519
633 519
519 634
636 519
521 520
571 520
520 574
640 520
527 521
576 522
522 577
578 522
579 522
569 523
636 523
524 537
524 580
525 544
556 525
592 525
526 582
527 528
583 527
528 575
583 528
675 528
528 678
528 681
530 529
531 546
532 547
584 533
535 534
534 670
536 548
549 538
540 539
541 540
542 540
541 550
554 541
703 542
551 543
543 553
554 543
543 593
556 544
544 576
556 545
578 545
545 585
545 589
591 545
592 545
664 546
548 557
549 558
550 699
552 551
652 552
559 553
553 593
642 553
554 555
593 554
559 555
555 573
555 574
555 593
556 578
556 592
594 558
559 593
559 635
560 561
562 560
560 671
560 672
561 562
562 672
564 563
563 565
563 693
694 563
565 564
564 685
586 566
595 566
566 596
566 598
622 566
606 567
617 567
567 619
625 567
630 567
568 569
570 568
630 568
568 631
568 632
638 568
569 570
632 569
572 571
573 571
571 574
572 575
573 574
640 574
578 577
579 577
595 577
581 580
645 582
583 678
646 584
586 585
585 587
585 589
595 586
622 586
588 587
587 589
590 588
621 588
589 591
609 590
621 590
591 592
595 596
597 596
596 598
599 596
599 598
622 598
598 623
600 599
601 600
600 602
604 600
628 600
601 603
604 601
624 601
604 602
602 626
627 602
602 628
604 603
603 605
606 605
605 607
605 617
617 606
606 625
607 611
612 607
607 614
608 609
608 610
612 608
608 614
615 608
608 620
610 609
609 612
609 649
610 620
648 610
610 649
611 612
613 611
614 612
621 613
613 622
613 623
624 613
614 615
618 615
620 615
617 616
618 616
619 616
616 644
687 616
617 618
619 617
630 619
619 644
622 623
623 624
626 625
625 629
630 625
627 626
628 627
651 627
628 651
632 631
633 631
638 631
631 641
632 633
634 633
633 635
641 633
635 634
634 636
634 639
636 639
637 638
637 641
642 637
652 637
653 637
638 641
638 643
653 638
640 639
641 642
652 642
643 644
643 687
687 644
645 688
645 689
646 647
662 647
648 649
648 650
650 655
651 662
652 653
652 654
654 653
654 687
655 656
656 657
658 657
659 658
659 660
661 660
663 661
664 663
666 665
667 665
665 696
665 697
666 667
668 669
670 668
671 668
673 668
670 669
671 672
671 673
672 673
674 676
677 674
679 674
674 680
675 678
675 679
680 675
675 681
676 677
676 683
686 677
679 678
680 679
680 681
682 683
684 682
682 685
686 682
686 683
685 684
686 685
689 688
691 688
692 688
690 691
690 692
693 690
694 690
691 692
694 693
696 695
697 695
700 695
701 695
697 696
698 699
700 698
702 698
698 703
699 703
701 700
702 700
701 702
702 703
