558
212 503
207 502
202 502
197 501
192 501
189 499
192 495
197 492
202 488
205 483
208 479
209 474
209 469
206 466
207 461
208 456
211 453
212 448
213 443
214 438
214 433
214 428
215 423
216 418
216 413
216 408
217 403
217 398
218 393
219 388
220 383
220 378
220 373
218 368
220 363
222 358
223 353
224 348
224 343
225 338
225 333
224 328
225 324
226 319
226 314
227 309
228 304
229 299
229 294
230 289
231 284
231 279
231 274
231 269
232 264
232 259
233 254
233 249
233 245
232 240
229 238
229 233
230 228
230 223
231 218
231 213
232 208
232 203
232 198
232 193
232 188
232 183
232 178
233 173
234 168
234 163
234 158
234 153
233 148
233 143
234 138
231 133
226 134
221 134
216 135
211 135
206 135
201 136
196 134
191 134
186 134
181 134
176 135
171 135
166 135
161 136
156 137
151 138
146 138
141 138
136 139
131 139
126 139
121 140
116 141
111 142
106 143
101 143
96 144
91 144
86 145
81 146
76 146
71 146
66 147
61 147
56 148
51 149
46 149
41 150
37 153
32 154
27 157
22 159
19 158
15 162
10 161
8 158
10 153
13 149
16 145
21 144
26 144
31 144
36 142
41 142
46 142
51 141
56 140
61 139
66 138
71 138
76 137
81 136
86 135
91 135
96 134
101 133
106 133
111 132
116 131
121 131
126 130
131 129
136 128
141 128
146 128
151 128
156 127
161 126
166 126
171 125
176 125
181 123
186 122
191 121
196 121
201 119
206 119
211 119
216 119
221 117
226 116
231 115
236 113
241 111
246 109
251 105
252 100
252 95
250 90
246 86
242 81
239 76
236 73
232 70
227 69
225 64
222 59
220 54
222 51
227 51
229 46
229 41
229 36
231 31
234 26
238 22
242 17
245 12
250 12
252 17
256 19
261 16
263 11
265 10
270 14
273 18
277 23
280 27
283 31
284 36
284 41
284 46
283 51
288 51
291 54
290 59
286 64
283 69
279 70
274 72
270 77
268 82
264 87
262 92
260 97
262 102
262 107
266 109
271 111
276 113
281 114
286 116
291 116
296 117
301 118
306 118
311 120
316 121
321 123
326 123
331 123
336 124
341 125
346 126
351 127
356 127
361 127
366 128
371 129
376 130
381 130
386 130
391 131
396 131
401 131
406 132
411 132
416 133
421 134
426 135
431 136
436 137
441 137
446 138
451 140
456 140
461 141
466 141
471 142
476 142
481 143
486 143
491 144
496 147
499 151
502 155
503 160
498 161
493 161
488 161
483 156
478 153
473 151
468 149
463 147
458 146
453 146
448 146
443 146
438 145
433 145
428 145
423 144
418 144
413 143
408 141
403 141
398 141
393 140
388 139
383 138
378 138
373 136
368 136
363 136
358 136
353 136
348 136
343 136
338 136
333 135
328 135
323 135
318 135
313 135
308 136
303 136
298 135
293 134
288 133
283 133
278 135
278 140
278 145
278 150
278 155
278 160
278 165
278 170
278 175
278 180
278 185
278 190
278 195
278 200
278 205
278 210
279 215
278 220
279 225
280 230
282 235
281 240
280 245
281 250
281 255
282 260
282 265
282 270
282 275
283 280
283 285
284 290
284 295
284 300
285 305
285 310
286 315
286 320
286 325
286 330
287 335
287 340
288 345
288 350
288 355
289 360
290 365
290 370
290 375
290 380
290 385
290 390
290 395
291 400
292 405
292 410
292 415
294 420
294 425
295 430
295 435
296 440
297 445
297 450
300 455
302 458
304 463
300 467
299 472
300 477
304 482
308 486
311 491
316 492
320 493
319 498
314 502
309 502
304 502
299 502
294 502
289 501
285 499
287 494
288 489
289 484
290 479
290 474
287 469
283 466
282 461
281 456
284 452
283 447
283 442
282 437
281 432
279 427
279 422
277 417
276 412
275 407
274 402
273 397
271 393
271 388
271 383
272 378
273 373
273 368
273 363
273 358
272 353
272 348
271 343
271 338
269 333
268 328
268 323
267 318
266 313
266 308
265 303
265 298
263 293
263 288
261 283
259 278
254 277
251 282
251 287
250 292
249 297
248 302
247 307
247 312
246 317
245 322
245 327
243 332
243 337
241 342
241 347
240 352
239 357
238 362
237 367
237 372
237 377
237 382
239 387
238 392
237 397
237 402
235 407
234 412
231 417
231 422
230 427
229 432
227 437
225 442
224 447
223 452
226 456
226 461
224 466
221 469
220 474
220 479
221 484
221 489
221 494
221 499
216 501
213 503
255.474 146.105
254.25 225.5
254.935 180.5
256.883 251.5
250.541 127.603
250.774 40.1549
255.37 61.1956
264.33 215
265.598 236.49
267.377 37.999
242.672 232.055
265.392 26.6508
243.299 219.66
253.482 237.646
254.892 29.9492
243.875 31.4375
265.011 225.742
245.281 247.004
246.331 261.512
259.324 264.64
268.523 256.134
269.656 271.574
265.604 246.529
272.28 282.199
298.518 491.254
255.08 116.639
265.346 127.31
258.102 135.496
266.623 143.237
275.964 124.094
260.375 49.0803
271.813 48.5554
275.325 59.3052
265.771 64.7248
242.841 272.882
273.87 292.509
245.993 138.724
244.865 149.952
255.71 163.311
246.115 171.49
243.581 182.792
245.232 160.736
252.88 199.589
250.888 189.719
264.441 190.171
242.613 196.526
244.769 208.039
255.136 209.872
265.224 202.589
266.434 178.704
265.551 155.657
266.599 167.158
239.144 124.411
255.435 75.3921
246.945 68.3328
241.987 53.9404
233.287 58.6211
250.735 49.8231
239.98 42.9677
558
213.415 499.257
211.06 494.458
203.348 496.142
196.458 497.645
190.813 498.877
189.104 499.25
190.824 498.875
198.925 497.107
0 0
212.567 490.769
213.133 487.296
214.653 473.277
215.295 464.561
215.315 464.424
215.611 462.933
216.43 460.498
216.817 459.545
218.185 450.483
218.99 443.93
219.912 438.363
220.952 433.365
221.757 429.556
222.313 425.925
223.202 419.319
223.989 413.452
224.64 408.774
226.139 404.204
227.33 399.795
227.747 397.688
228.879 390.062
229.211 384.245
228.49 377.164
227.866 367.728
227.858 367.819
227.869 366.126
229.603 360.71
229.183 362.809
232.363 349.834
232.604 347.534
233.181 339.613
234.25 329.968
233.814 328.408
234.071 325.733
235.016 320.864
236.015 315.794
236.89 311.232
237.68 306.131
238.371 300.57
238.365 295.478
237.332 291.311
236.029 286.633
242.122 276.007
243.794 273.251
246.061 269.503
251.418 260.795
253.223 257.861
255.726 251.943
255.822 247.782
255.169 241.294
254.187 233.639
0 0
250.556 234.162
254.048 232.614
253.932 227.949
253.801 222.639
253.725 216.435
253.639 209.75
253.648 202.35
253.639 196.284
253.822 191.766
253.923 189.644
254.205 183.759
254.358 181.157
254.471 179.258
254.953 170.679
255.302 163.263
255.546 156.088
255.634 152.182
255.85 142.449
255.959 136.871
254.815 126.553
242.904 123.283
224.221 123.094
217.075 124.821
212.967 126.402
209.765 127.532
205.02 127.54
201.396 127.517
202.217 127.516
194.705 127.703
186.03 127.998
179.991 128.953
175.104 129.728
171.149 130.286
165.908 130.557
162.166 131.097
156.036 132.018
150.597 132.852
146.105 133.184
140.581 132.826
135.863 133.356
150.696 132.357
118.445 135.742
120.648 135.364
115.825 136.11
113.446 136.501
105.503 137.788
101.022 138.338
51.5556 145.778
75.0565 141.537
84.8258 140.372
80.3116 140.969
76.0067 141.518
70.4514 142.083
65.8378 142.558
61.2073 143.221
42.5498 146.236
50.6601 144.814
46.1708 145.43
40.488 146.212
33.3288 147.855
28.0428 149.126
0 0
19.2442 151.898
17.3653 152.499
11.6327 157.97
9.87654 159.653
9.86704 159.662
11.7604 157.847
17.7252 152.177
19.4648 151.556
20.2059 151.292
24.8914 149.933
32.2389 148.055
37.9686 146.657
41.2227 146.108
46.4483 145.392
51.1944 144.737
56.7172 143.902
61.8088 143.13
66.2431 142.511
68.3246 142.302
76.4345 141.471
81.1162 140.863
83.3564 140.567
91.3654 139.52
97.0105 138.829
101.471 138.283
105.966 137.723
112.118 136.719
116.583 135.987
121.294 135.274
126.906 134.513
132.041 133.833
136.435 133.286
140.761 132.831
146.013 133.189
148.571 132.994
157.163 131.837
161.593 131.138
166.276 130.528
171.309 130.278
167.828 130.524
183.612 128.379
186.653 127.909
191.003 127.397
197.165 127.466
201.612 127.519
205.274 127.538
212.053 126.731
214.13 125.949
219.225 124.034
221.508 124.986
243.297 123.302
248.249 123.387
252.72 123.025
254.923 122.424
256.414 112.757
256.53 107.485
256.516 96.3679
0 0
254.932 77.5133
254.004 67.247
253.713 59.0028
249.431 57.8668
244.391 57.8671
230.899 57.4248
239.276 57.6889
238.154 57.4957
219.39 53.6788
219.642 53.7304
0 0
252.452 53.3443
252.842 42.4379
252.397 38.8497
252.24 37.6085
251.952 37.1504
251.336 35.111
250.705 33.1243
246.723 12.1583
246.599 11.4624
0 0
254.514 40.6051
0 0
265.432 16.3269
264.594 9.77777
266.22 22.4938
266.179 28.1105
261.185 33.1472
260.74 33.6038
261.124 33.1548
259.672 34.8772
254.886 40.5945
255.012 48.1816
0 0
285.254 55.9194
294.491 56.2545
279.548 55.7123
268.566 55.394
273.088 55.9679
269.859 55.5583
256.248 53.9935
254.088 63.0849
254.544 73.2487
255.424 82.9548
256.15 91.2193
256.579 97.6727
256.62 103.664
256.376 113.536
255.639 121.685
259.04 121.711
266.565 121.797
274.649 121.954
279.149 122.043
292.329 122.389
294.537 125.153
301.246 126.386
304.632 127.665
308.283 128.162
310.691 128.292
319.327 128.698
317.028 128.587
330.909 129.25
335.037 129.612
340.098 130.393
344.242 130.973
346.869 131.135
356.427 131.515
360.865 131.649
365.318 131.963
370.316 132.568
375.697 133.235
380.904 133.879
385.233 134.41
390.425 135.019
395.994 135.654
399.321 136
398.324 135.891
410.42 137.182
414.963 137.929
419.326 138.746
421.846 139.175
429.484 140.373
435.88 141.019
440.871 141.512
444.36 141.872
468.204 145.19
456.948 143.336
460.598 143.812
465.229 144.507
470.109 145.336
474.932 146.161
480.554 147.157
485.944 148.571
489.05 149.402
491.84 152.014
494.89 154.788
499.504 157.562
503.098 159.723
501.128 158.539
497.065 155.805
493.444 153.475
0 0
483.203 147.854
477.601 146.756
469.54 145.239
464.415 144.372
459.401 143.648
453.134 142.855
448.269 142.286
443.787 141.812
458.667 144.889
434.47 140.88
428.694 140.28
423.539 139.467
418.655 138.624
414.835 137.907
417.043 138.337
402.636 136.341
398.288 135.893
394.962 135.538
389.544 134.917
355.513 131.599
379.825 133.746
377.265 133.429
361.959 131.842
364.264 131.863
359.567 131.61
357.193 131.539
348.173 131.248
343.319 130.866
339.571 130.312
329.485 129.558
329.708 129.18
323.485 128.883
318.271 128.651
312.241 128.382
307.825 128.119
304.753 127.706
301.519 126.495
297.326 124.735
291.982 122.361
285.196 122.194
260.624 121.71
256.741 130.575
255.894 139.488
255.735 147.009
255.585 153.848
255.428 159.581
255.285 165.284
255.056 170.142
254.915 172.502
254.503 179.458
254.233 184.031
253.953 188.736
253.815 193.882
253.688 199.052
253.638 204.827
253.662 208.109
253.724 216.375
253.871 223.031
254.245 232.553
254.767 238.668
255.009 240.6
255.125 241.735
255.828 247.249
258.048 254.142
260.91 259.126
264.027 262.648
266.225 265.149
268.334 268.387
270.066 271.654
275.394 281.473
275.501 286.451
275.487 291.558
275.406 295.777
275.393 294.283
275.32 306.448
275.707 311.896
276.103 316.154
279.653 347.423
277.047 326.207
277.483 330.893
278.71 336.213
279.065 339.072
279.841 345.872
280.301 350.035
280.9 355.625
281.514 361.525
281.888 365.713
281.961 369.618
281.678 374.516
280.592 379.818
279.425 386.618
279.279 390.568
280.368 394.836
0 0
283.261 406.491
283.859 410.65
285.121 416.649
286.276 422.141
287.054 425.834
287.968 430.655
288.857 435.455
289.562 440.753
289.982 445.85
290.968 456.655
291.913 461.338
295.567 461.812
297.334 461.769
292.188 461.894
297.15 484.688
294.586 480.168
296.313 488.747
300.215 493.881
0 0
318.964 495.355
320.376 493.402
317.616 497.283
313.606 496.915
309.361 496.526
303.917 495.103
298.184 493.211
294.19 494.672
289.551 497.494
287.182 498.935
290.342 497.013
297.026 492.949
296.066 487.522
294.593 480.222
293.386 471.059
0 0
291.743 460.432
291.481 459.398
291.312 458.669
291.174 457.971
290.388 450.192
289.575 440.899
288.857 435.454
288.38 432.881
287 425.569
0 0
283.802 409.702
283.858 410.645
283.187 406.105
281.677 400.013
280.139 393.929
279.386 391.037
279.291 388.391
279.579 384.736
279.989 383.314
281.722 374.238
281.986 368.745
281.791 370.287
280.569 352.572
280.163 348.795
279.92 346.582
279.453 342.363
278.744 336.392
277.473 330.844
277.126 327.051
276.682 322.317
0 0
275.751 312.383
275.333 307.088
275.216 302.69
275.364 297.449
275.486 292.733
275.504 287.487
273.104 277.36
264.15 262.416
0 0
241.227 277.479
235.935 287.376
237.909 293.709
238.409 295.782
238.345 300.836
241.778 276.444
236.899 311.185
236.461 313.473
235.497 318.41
234.121 325.439
233.745 329.262
233.41 335.24
233.115 340.836
232.766 346.368
232.248 350.537
231.349 355.251
229.678 360.473
227.87 366.122
227.887 371.132
228.487 377.134
229.209 384.157
228.985 387.977
232 345.778
228.113 395.879
227.311 399.884
226.572 402.077
224.685 408.569
223.872 414.329
223.268 418.824
222.235 426.493
221.691 429.893
221.266 431.893
216 483.556
218.509 447.811
215.134 470.398
217.258 458.109
217.109 459.276
216.328 460.825
215.599 463.318
213.913 480.014
214.131 480.228
213.354 486.347
212.372 491.508
211.293 495.049
213.232 496.928
211.441 495.298
213.761 499.959
255.913 139.065
256.889 210.667
0 0
256.379 250.723
254.318 124.063
253.514 44.3392
253.75 54.7662
253.698 204.027
254.904 239.852
254.844 40.6234
254.089 232.89
260.338 34.091
253.867 225.314
254.882 239.626
253.672 41.1338
252.292 38.2443
254.134 231.145
255.578 244.753
255.678 252.942
258.993 256.954
259.02 256.109
267.413 267.478
256.148 249.292
272.407 278.087
294.634 495.242
255.27 122.309
257.778 120
256.082 127.215
256.326 134.875
263.008 121.758
254.257 49.5853
254.858 48.9999
261.199 54.4612
257.778 48.8889
247.085 267.879
275.489 288.863
255.457 127.144
255.893 140.198
255.906 145.514
254.901 171.769
254.342 181.433
255.38 161.565
253.647 198.819
253.948 189.125
253.946 188.938
253.656 195.717
253.635 209.187
253.684 211.268
253.695 196.248
254.383 181.489
255.622 151.811
255.083 169.383
254.302 125.396
254.347 68.5008
253.692 58.4277
252.202 54.5608
246.961 57.8683
253.327 50.8574
254.277 44.3948
1172
0 0
0 0
0 0
0 0
0 0
0 0
0 0
0 0
0 0
0 0
0 0
0 0
0 0
0 0
0 0
0 0
0 0
0 0
0 0
0 0
0 0
0 0
0 0
0 0
0 0
0 0
0 0
0 0
0 0
0 0
0 0
0 0
0 0
0 0
0 0
0 0
0 0
0 0
0 0
0 0
0 0
0 0
0 0
0 0
0 0
0 0
0 0
0 0
0 0
0 0
0 0
0 0
0 0
0 0
0 0
0 0
0 0
0 0
0 0
0 0
0 0
0 0
0 0
0 0
0 0
0 0
0 0
0 0
0 0
0 0
0 0
0 0
0 0
0 0
0 0
0 0
0 0
484 474
0 0
0 0
0 0
0 0
0 0
0 0
0 0
0 0
0 0
0 0
0 0
0 0
0 0
0 0
0 0
0 0
0 0
0 0
0 0
0 0
0 0
0 0
0 0
0 0
0 0
0 0
0 0
0 0
0 0
0 0
0 0
0 0
0 0
0 0
0 0
0 0
0 0
0 0
0 0
0 0
0 0
0 0
0 0
0 0
0 0
0 0
0 0
0 0
474 457
0 0
0 0
0 0
0 0
0 0
0 0
0 0
0 0
0 0
0 0
0 0
0 0
0 0
0 0
457 500
0 0
0 0
0 0
0 0
0 0
0 0
0 0
0 0
0 0
0 0
0 0
0 0
0 0
0 0
0 0
0 0
0 0
0 0
0 0
0 0
0 0
0 0
0 0
0 0
0 0
0 0
0 0
0 0
0 0
0 0
0 0
0 0
0 0
0 0
500 525
0 0
0 0
0 0
0 0
0 0
0 0
0 0
0 0
0 0
0 0
0 0
0 0
0 0
0 0
0 0
0 0
0 0
0 0
0 0
0 0
0 0
0 0
0 0
0 0
0 0
0 0
0 0
0 0
0 0
0 0
0 0
0 0
0 0
0 0
0 0
0 0
0 0
0 0
525 172
0 0
0 0
0 0
0 0
0 0
0 0
0 0
0 0
0 0
0 0
0 0
0 0
0 0
0 0
0 0
0 0
0 0
0 0
0 0
0 0
0 0
0 0
0 0
0 0
0 0
0 0
0 0
0 0
0 0
0 0
0 0
0 0
172 101
0 0
0 0
0 0
0 0
0 0
0 0
0 0
0 0
0 0
0 0
0 0
0 0
0 0
0 0
0 0
0 0
0 0
0 0
0 0
0 0
0 0
0 0
0 0
0 0
0 0
0 0
0 0
0 0
0 0
101 108
0 0
0 0
0 0
0 0
0 0
0 0
0 0
0 0
0 0
0 0
0 0
0 0
0 0
0 0
0 0
0 0
0 0
0 0
0 0
0 0
0 0
0 0
0 0
0 0
0 0
0 0
0 0
0 0
0 0
0 0
0 0
0 0
0 0
0 0
0 0
0 0
0 0
0 0
0 0
0 0
0 0
0 0
0 0
0 0
0 0
0 0
0 0
0 0
0 0
0 0
0 0
0 0
0 0
0 0
0 0
0 0
0 0
0 0
0 0
0 0
0 0
0 0
0 0
0 0
0 0
0 0
0 0
0 0
0 0
0 0
0 0
0 0
0 0
0 0
0 0
0 0
0 0
0 0
0 0
0 0
0 0
0 0
0 0
0 0
0 0
0 0
0 0
0 0
0 0
0 0
0 0
0 0
0 0
0 0
0 0
0 0
0 0
0 0
0 0
0 0
0 0
0 0
0 0
0 0
0 0
0 0
0 0
0 0
0 0
0 0
0 0
0 0
0 0
0 0
0 0
0 0
0 0
0 0
0 0
0 0
0 0
0 0
0 0
0 0
0 0
0 0
0 0
0 0
0 0
0 0
525 532
0 0
0 0
0 0
0 0
0 0
0 0
0 0
0 0
0 0
0 0
0 0
0 0
0 0
0 0
0 0
0 0
0 0
0 0
0 0
0 0
0 0
0 0
0 0
0 0
0 0
0 0
0 0
0 0
0 0
0 0
0 0
0 0
0 0
0 0
0 0
0 0
0 0
0 0
0 0
0 0
0 0
0 0
0 0
0 0
0 0
0 0
0 0
0 0
0 0
0 0
0 0
0 0
0 0
0 0
0 0
0 0
0 0
0 0
0 0
0 0
0 0
0 0
0 0
0 0
0 0
0 0
0 0
0 0
0 0
0 0
0 0
0 0
0 0
0 0
0 0
0 0
0 0
0 0
0 0
0 0
0 0
0 0
0 0
0 0
0 0
0 0
0 0
0 0
0 0
0 0
0 0
0 0
0 0
0 0
0 0
0 0
0 0
0 0
0 0
0 0
0 0
0 0
0 0
0 0
0 0
0 0
0 0
0 0
0 0
0 0
0 0
0 0
0 0
0 0
0 0
0 0
0 0
0 0
0 0
0 0
0 0
0 0
0 0
0 0
0 0
0 0
525 235
0 0
0 0
0 0
0 0
0 0
0 0
0 0
0 0
0 0
0 0
0 0
0 0
0 0
0 0
0 0
0 0
235 302
0 0
0 0
0 0
0 0
0 0
0 0
0 0
0 0
0 0
0 0
0 0
0 0
0 0
0 0
0 0
0 0
0 0
0 0
0 0
0 0
0 0
0 0
0 0
0 0
0 0
0 0
0 0
0 0
0 0
0 0
0 0
0 0
0 0
0 0
0 0
0 0
0 0
0 0
0 0
0 0
0 0
0 0
0 0
0 0
0 0
0 0
0 0
0 0
0 0
0 0
0 0
0 0
0 0
0 0
0 0
0 0
0 0
0 0
0 0
302 291
0 0
0 0
0 0
0 0
0 0
0 0
0 0
0 0
0 0
0 0
0 0
0 0
0 0
0 0
0 0
0 0
0 0
0 0
0 0
0 0
0 0
0 0
0 0
0 0
0 0
0 0
0 0
0 0
0 0
0 0
0 0
0 0
0 0
0 0
0 0
0 0
0 0
0 0
0 0
0 0
0 0
0 0
0 0
0 0
0 0
0 0
0 0
0 0
0 0
0 0
0 0
0 0
0 0
0 0
0 0
0 0
0 0
0 0
0 0
0 0
0 0
0 0
0 0
0 0
0 0
0 0
0 0
0 0
0 0
0 0
0 0
0 0
0 0
0 0
0 0
0 0
0 0
0 0
0 0
0 0
0 0
0 0
0 0
0 0
0 0
0 0
0 0
0 0
0 0
0 0
0 0
0 0
0 0
0 0
0 0
0 0
0 0
0 0
0 0
0 0
0 0
0 0
0 0
0 0
0 0
0 0
0 0
0 0
0 0
0 0
0 0
0 0
0 0
0 0
0 0
0 0
0 0
0 0
0 0
0 0
0 0
0 0
0 0
0 0
0 0
0 0
0 0
0 0
0 0
0 0
0 0
0 0
0 0
0 0
0 0
0 0
0 0
0 0
0 0
0 0
0 0
0 0
0 0
0 0
0 0
0 0
0 0
0 0
0 0
0 0
0 0
0 0
0 0
0 0
0 0
0 0
0 0
0 0
0 0
0 0
0 0
0 0
0 0
0 0
0 0
0 0
500 522
0 0
0 0
0 0
0 0
0 0
0 0
0 0
0 0
0 0
0 0
0 0
0 0
0 0
0 0
0 0
0 0
0 0
0 0
0 0
0 0
0 0
0 0
0 0
0 0
0 0
0 0
0 0
0 0
0 0
0 0
522 360
0 0
0 0
0 0
0 0
0 0
0 0
0 0
0 0
0 0
0 0
0 0
0 0
0 0
0 0
0 0
0 0
0 0
0 0
0 0
0 0
0 0
0 0
0 0
0 0
0 0
0 0
0 0
0 0
0 0
0 0
0 0
0 0
0 0
0 0
0 0
0 0
0 0
0 0
0 0
0 0
0 0
0 0
0 0
0 0
0 0
0 0
0 0
0 0
0 0
0 0
360 391
0 0
0 0
0 0
0 0
0 0
0 0
0 0
0 0
0 0
0 0
0 0
0 0
0 0
0 0
0 0
0 0
0 0
0 0
0 0
0 0
0 0
0 0
0 0
0 0
0 0
0 0
0 0
0 0
0 0
0 0
0 0
0 0
0 0
0 0
0 0
0 0
0 0
0 0
0 0
0 0
0 0
0 0
0 0
0 0
0 0
0 0
0 0
0 0
0 0
0 0
0 0
0 0
0 0
0 0
0 0
0 0
0 0
0 0
0 0
0 0
0 0
0 0
0 0
0 0
0 0
0 0
0 0
0 0
0 0
0 0
0 0
0 0
0 0
0 0
0 0
0 0
0 0
0 0
0 0
0 0
0 0
0 0
0 0
0 0
0 0
0 0
0 0
0 0
0 0
0 0
0 0
0 0
0 0
0 0
0 0
0 0
0 0
0 0
0 0
0 0
0 0
0 0
0 0
0 0
0 0
0 0
0 0
0 0
0 0
0 0
0 0
0 0
0 0
0 0
0 0
0 0
0 0
0 0
0 0
0 0
0 0
0 0
0 0
0 0
0 0
0 0
0 0
0 0
0 0
0 0
0 0
0 0
0 0
0 0
0 0
0 0
0 0
0 0
0 0
0 0
0 0
0 0
0 0
0 0
0 0
0 0
0 0
0 0
0 0
0 0
0 0
0 0
0 0
0 0
0 0
0 0
0 0
0 0
0 0
0 0
0 0
0 0
0 0
0 0
0 0
0 0
0 0
0 0
0 0
0 0
0 0
0 0
0 0
0 0
0 0
0 0
0 0
0 0
0 0
0 0
0 0
0 0
0 0
0 0
0 0
0 0
0 0
0 0
0 0
0 0
0 0
0 0
0 0
0 0
0 0
0 0
0 0
0 0
0 0
0 0
0 0
0 0
0 0
0 0
0 0
0 0
0 0
0 0
0 0
0 0
0 0
0 0
0 0
0 0
0 0
0 0
0 0
0 0
0 0
0 0
0 0
0 0
0 0
0 0
0 0
0 0
0 0
0 0
0 0
0 0
0 0
0 0
0 0
0 0
0 0
0 0
0 0
0 0
0 0
0 0
0 0
0 0
0 0
0 0
0 0
0 0
0 0
0 0
0 0
0 0
0 0
0 0
0 0
0 0
0 0
0 0
0 0
0 0
0 0
0 0
0 0
0 0
0 0
0 0
0 0
0 0
0 0
0 0
0 0
0 0
0 0
0 0
0 0
0 0
0 0
0 0
0 0
0 0
0 0
0 0
0 0
0 0
0 0
0 0
0 0
0 0
0 0
0 0
0 0
0 0
0 0
0 0
0 0
0 0
0 0
0 0
0 0
0 0
0 0
0 0
0 0
0 0
0 0
0 0
0 0
0 0
0 0
0 0
0 0
1172
0 1
0 497
498 0
1 2
8 1
1 497
2 3
2 7
8 2
3 4
3 6
3 7
4 5
4 6
5 6
6 7
7 8
8 9
494 8
8 495
8 497
9 10
493 9
494 9
10 11
492 10
10 493
11 12
491 11
492 11
12 13
14 12
490 12
491 12
13 14
14 15
16 14
14 489
490 14
15 16
16 17
486 16
488 16
16 489
17 18
485 17
17 486
18 19
484 18
485 18
19 20
19 483
19 484
20 21
482 20
483 20
21 22
21 481
21 482
22 23
22 480
22 481
23 24
479 23
23 480
24 25
479 24
25 26
477 25
478 25
25 479
26 27
476 26
26 477
27 28
27 475
27 476
28 29
474 28
475 28
29 30
472 29
474 29
30 31
30 472
31 32
471 31
31 472
32 33
32 34
32 469
470 32
32 471
33 34
34 35
34 469
35 36
35 467
35 468
35 469
36 37
466 36
36 467
37 38
37 465
37 466
38 39
38 464
465 38
39 40
39 463
464 39
40 41
462 40
463 40
41 42
41 462
42 43
460 42
42 461
42 462
43 44
459 43
43 460
44 45
459 44
45 46
45 457
458 45
459 45
46 47
457 46
47 48
47 455
47 456
47 457
48 49
455 48
49 50
454 49
49 455
50 51
50 452
453 50
454 50
533 50
51 52
533 51
52 53
52 533
53 54
533 53
54 55
517 54
533 54
55 56
55 517
56 57
56 516
56 517
57 58
516 57
58 59
58 516
59 60
59 61
59 509
516 59
60 61
61 62
509 61
62 63
509 62
511 62
63 64
511 63
64 65
64 511
65 66
65 511
65 545
66 67
66 545
67 68
67 544
545 67
68 69
68 544
69 70
69 544
70 71
70 539
544 70
71 72
539 71
72 73
539 72
73 74
73 538
539 73
74 75
74 538
74 540
75 76
540 75
76 77
540 76
77 78
536 77
540 77
78 79
536 78
79 80
79 535
536 79
80 81
535 80
551 80
81 82
81 172
551 81
82 83
171 82
172 82
83 84
170 83
171 83
84 85
169 84
84 170
85 86
85 169
86 87
86 167
86 168
86 169
87 88
167 87
88 89
88 165
88 166
88 167
89 90
164 89
165 89
90 91
163 90
90 164
91 92
91 162
163 91
92 93
161 92
162 92
93 94
93 160
93 161
94 95
159 94
94 160
95 96
95 158
159 95
96 97
157 96
158 96
97 98
97 156
157 97
98 99
155 98
156 98
99 100
154 99
155 99
100 101
153 100
100 154
101 102
152 101
153 101
102 103
102 151
102 152
103 104
103 150
151 103
104 105
149 104
150 104
105 106
148 105
149 105
106 107
106 147
148 106
107 108
146 107
107 147
108 109
145 108
108 146
109 110
144 109
145 109
110 111
143 110
110 144
111 112
142 111
143 111
112 113
141 112
112 142
113 114
140 113
113 141
114 115
114 139
114 140
115 116
138 115
115 139
116 117
116 137
138 116
117 118
136 117
137 117
118 119
118 135
136 118
119 120
119 134
135 119
120 121
120 133
134 120
121 122
132 121
121 133
122 123
124 122
131 122
122 132
123 124
124 125
128 124
129 124
131 124
125 126
125 128
126 127
126 128
127 128
128 129
129 130
131 129
130 131
131 132
132 133
133 134
134 135
135 136
136 137
137 138
138 139
139 140
140 141
141 142
142 143
143 144
144 145
145 146
146 147
147 148
148 149
149 150
150 151
151 152
152 153
153 154
154 155
155 156
156 157
157 158
158 159
159 160
160 161
161 162
162 163
163 164
164 165
165 166
166 167
167 168
168 169
169 170
170 171
171 172
172 173
551 172
173 174
173 551
174 175
174 551
175 176
524 175
551 175
176 177
176 524
177 178
227 177
228 177
524 177
178 179
226 178
227 178
179 180
179 225
226 179
180 181
180 224
180 225
552 180
181 182
181 552
182 183
182 552
553 182
183 184
553 183
184 185
553 184
184 555
185 186
187 185
555 185
186 187
187 188
555 187
188 189
188 191
188 555
189 190
191 189
190 191
191 192
191 555
192 193
192 554
192 555
192 557
193 194
193 557
194 195
194 557
195 196
195 514
557 195
196 197
514 196
197 198
514 197
198 199
201 198
514 198
199 200
201 199
200 201
201 202
201 513
201 514
202 203
202 510
513 202
203 204
203 206
207 203
203 510
204 205
204 206
205 206
206 207
207 208
510 207
208 209
208 510
209 210
508 209
510 209
210 211
508 210
211 212
211 508
212 213
508 212
530 212
213 214
530 213
214 215
217 214
218 214
530 214
531 214
215 216
217 215
216 217
217 218
218 219
218 531
219 220
219 531
220 221
531 220
221 222
531 221
532 221
222 223
222 532
552 222
223 224
223 552
224 225
552 224
225 226
226 227
227 228
228 229
228 524
229 230
524 229
525 229
230 231
230 525
528 230
231 232
231 528
232 233
528 232
233 234
233 321
233 322
233 528
234 235
321 234
235 236
320 235
235 321
236 237
236 318
236 319
320 236
237 238
237 318
238 239
316 238
238 317
318 238
239 240
315 239
316 239
240 241
314 240
315 240
241 242
313 241
314 241
242 243
242 312
242 313
243 244
243 311
243 312
244 245
310 244
244 311
245 246
245 309
245 310
246 247
246 308
246 309
247 248
247 307
308 247
248 249
306 248
248 307
249 250
305 249
249 306
250 251
304 250
250 305
251 252
303 251
251 304
252 253
252 302
252 303
253 254
301 253
302 253
254 255
300 254
254 301
255 256
255 299
255 300
256 257
298 256
256 299
257 258
297 257
257 298
258 259
296 258
258 297
259 260
259 295
259 296
260 261
294 260
260 295
261 262
293 261
261 294
262 263
262 292
262 293
263 264
263 291
292 263
264 265
290 264
291 264
265 266
265 289
265 290
266 267
288 266
266 289
267 268
267 287
267 288
268 269
286 268
268 287
269 270
269 285
286 269
270 271
270 284
285 270
271 272
271 283
284 271
272 273
272 283
273 274
273 282
283 273
274 275
274 282
275 276
280 275
282 275
276 277
279 276
276 280
277 278
277 279
278 279
279 280
280 281
282 280
281 282
282 283
283 284
284 285
285 286
286 287
287 288
288 289
289 290
290 291
291 292
292 293
293 294
294 295
295 296
296 297
297 298
298 299
299 300
300 301
301 302
302 303
303 304
304 305
305 306
306 307
307 308
308 309
309 310
310 311
311 312
312 313
313 314
314 315
315 316
316 317
317 318
318 319
319 320
320 321
321 322
322 323
322 528
323 324
525 323
527 323
528 323
324 325
527 324
325 326
527 325
326 327
527 326
326 549
327 328
327 549
328 329
328 549
550 328
329 330
329 550
330 331
550 330
331 332
548 331
550 331
332 333
548 332
333 334
543 333
548 333
334 335
334 543
335 336
335 543
547 335
336 337
547 336
337 338
547 337
338 339
338 506
547 338
339 340
506 339
340 341
506 340
340 515
341 342
515 341
342 343
342 507
342 515
343 344
343 507
344 345
507 344
345 346
345 507
345 521
346 347
346 519
346 521
347 348
519 347
348 349
348 519
349 350
519 349
520 349
350 351
350 520
351 352
520 351
351 522
352 353
352 522
353 354
353 522
353 534
354 355
534 354
355 356
355 534
356 357
356 444
356 445
356 534
357 358
357 444
358 359
358 442
358 443
444 358
359 360
359 442
360 361
441 360
360 442
361 362
440 361
361 441
362 363
362 438
362 439
440 362
363 364
438 363
364 365
364 436
364 437
364 438
365 366
365 436
366 367
435 366
366 436
367 368
367 434
367 435
368 369
368 433
434 368
369 370
369 432
369 433
370 371
431 370
370 432
371 372
371 430
431 371
372 373
429 372
372 430
373 374
373 428
373 429
374 375
426 374
374 427
374 428
375 376
375 425
375 426
376 377
376 424
376 425
377 378
424 377
378 379
378 423
424 378
379 380
379 421
379 422
423 379
380 381
380 421
381 382
381 419
420 381
381 421
382 383
382 419
383 384
417 383
418 383
419 383
384 385
384 417
385 386
416 385
417 385
386 387
415 386
416 386
387 388
390 387
387 411
387 413
415 387
388 389
388 390
389 390
390 391
390 411
391 392
391 410
411 391
392 393
408 392
392 409
392 410
393 394
393 408
523 393
394 395
394 523
395 396
395 399
395 400
395 401
395 523
396 397
396 398
399 396
397 398
398 399
399 400
400 401
401 402
523 401
402 403
523 402
403 404
403 406
523 403
404 405
404 406
405 406
406 407
523 406
407 408
523 407
408 409
408 523
409 410
410 411
411 412
411 413
412 413
413 414
415 413
414 415
415 416
416 417
417 418
418 419
419 420
420 421
421 422
422 423
423 424
424 425
425 426
426 427
427 428
428 429
429 430
430 431
431 432
432 433
433 434
434 435
435 436
436 437
437 438
438 439
439 440
440 441
441 442
442 443
443 444
444 445
445 446
534 445
446 447
446 534
447 448
534 447
448 449
522 448
534 448
449 450
449 520
522 449
450 451
450 518
450 520
451 452
517 451
451 518
451 533
452 453
452 533
453 454
454 455
455 456
456 457
457 458
458 459
459 460
460 461
461 462
462 463
463 464
464 465
465 466
466 467
467 468
468 469
469 470
470 471
471 472
472 473
474 472
473 474
474 475
475 476
476 477
477 478
478 479
479 480
480 481
481 482
482 483
483 484
484 485
485 486
486 487
488 486
487 488
488 489
489 490
490 491
491 492
492 493
493 494
494 495
495 496
497 495
496 497
497 498
526 499
499 527
499 535
499 536
499 537
499 549
500 506
507 500
500 509
511 500
500 512
515 500
500 546
537 501
538 501
539 501
501 542
501 543
501 548
501 550
502 512
502 516
502 517
502 518
502 519
502 521
503 524
503 525
526 503
535 503
503 551
504 508
504 513
514 504
529 504
556 504
504 557
505 529
532 505
505 552
505 553
505 554
505 556
506 515
546 506
506 547
507 512
507 515
521 507
508 510
508 513
508 529
530 508
509 511
509 512
509 516
513 510
511 545
546 511
516 512
512 521
514 513
514 557
517 516
518 517
533 517
519 518
518 520
519 520
521 519
520 522
534 522
524 525
551 524
526 525
527 525
525 528
526 527
526 535
549 527
529 530
532 529
529 556
531 530
530 532
531 532
532 552
535 536
535 551
536 537
536 540
538 537
540 537
537 549
550 537
538 539
538 540
539 542
544 539
542 541
543 541
541 544
541 545
546 541
541 547
542 543
542 544
547 543
548 543
544 545
545 546
546 547
548 550
549 550
553 552
554 553
555 553
555 554
556 554
557 554
557 556
