651
297 451
292 450
287 448
282 447
281 443
281 438
282 433
285 428
286 423
285 418
285 413
283 408
282 403
282 398
281 393
279 388
278 383
277 378
275 373
273 368
272 363
271 358
271 353
271 348
272 343
274 338
275 333
273 328
273 323
271 318
268 313
267 308
266 303
265 298
265 293
266 288
265 283
262 282
260 287
259 292
258 297
256 302
254 307
251 312
249 317
248 322
246 327
248 332
251 337
251 342
250 347
249 352
249 357
248 362
246 367
245 372
243 377
242 382
242 387
240 392
238 397
238 402
238 407
238 412
239 417
239 422
239 427
239 432
239 437
243 440
245 445
241 448
236 450
231 450
226 450
221 450
216 450
211 448
206 448
203 445
206 441
211 437
215 433
219 428
220 423
219 418
217 413
217 408
216 403
214 398
213 393
213 388
211 383
211 378
211 373
211 368
211 363
211 358
210 353
210 348
211 343
211 338
211 333
211 328
211 323
210 318
209 313
208 308
207 303
207 298
205 293
203 288
200 283
200 278
200 273
200 268
200 263
200 258
200 253
200 248
201 243
203 238
206 233
208 228
212 224
216 219
220 214
224 211
228 207
233 203
236 198
237 193
237 188
236 183
235 178
234 173
230 168
230 163
230 158
226 154
221 153
216 153
211 155
206 155
201 153
196 154
191 153
186 153
181 153
176 153
171 153
166 154
161 154
156 154
151 155
146 156
141 156
136 155
131 155
126 153
121 153
116 153
111 153
106 153
101 155
96 155
91 155
86 155
81 155
76 154
71 154
66 155
61 157
56 157
51 157
50 154
55 151
50 151
45 152
40 154
35 153
31 150
34 147
39 145
44 144
49 142
54 140
59 140
64 140
69 142
74 143
79 144
84 144
89 143
94 143
99 143
104 143
109 142
114 142
119 141
124 140
129 140
134 138
139 138
144 138
149 138
154 138
159 138
164 139
169 140
174 140
179 140
184 141
189 141
194 141
199 141
204 141
209 140
214 140
219 140
224 140
229 139
234 138
239 138
244 138
249 136
253 133
250 129
245 131
240 130
235 128
230 127
225 125
220 123
215 119
210 116
206 112
201 110
197 107
194 102
189 98
188 93
188 88
189 83
193 82
198 78
203 75
208 71
209 66
213 62
215 57
220 53
225 50
230 48
235 45
240 44
245 42
250 39
255 38
260 37
265 36
270 37
275 38
280 41
285 44
289 48
294 50
299 53
304 54
308 58
311 62
315 66
320 69
319 74
323 78
328 80
333 82
337 86
337 91
339 96
338 101
333 105
328 108
323 110
318 111
315 115
312 120
308 124
303 127
298 127
293 128
288 128
283 129
278 130
282 135
286 138
291 138
296 140
301 140
306 140
311 140
316 140
321 140
326 140
331 140
336 140
341 140
346 140
351 140
356 140
361 140
366 140
371 140
376 140
381 140
386 139
391 140
396 140
401 140
406 141
411 141
416 141
421 142
426 142
431 142
436 142
441 142
446 142
451 143
456 143
461 142
466 142
471 142
476 141
481 142
486 142
491 142
496 144
501 147
497 151
492 151
487 152
482 152
477 153
472 154
467 154
462 155
457 157
452 156
447 155
442 154
437 153
432 153
427 155
422 155
417 157
412 157
407 157
402 157
397 158
392 159
387 159
382 158
377 157
372 158
367 158
362 157
357 158
352 159
347 159
342 159
337 158
332 157
327 157
322 157
317 155
312 155
307 155
302 157
300 161
301 166
298 171
293 176
292 181
291 186
292 191
293 196
295 201
298 205
302 208
307 212
311 216
315 221
318 225
322 229
324 234
326 239
328 244
328 249
328 254
329 259
329 264
329 269
329 274
327 279
325 284
322 289
321 294
318 299
315 304
311 309
309 314
308 319
307 324
309 329
310 334
311 339
313 344
313 349
313 354
311 359
309 364
309 369
308 374
307 379
307 384
307 389
305 394
304 399
304 404
303 409
304 414
305 419
307 424
309 429
313 433
314 438
317 443
317 448
312 450
307 452
302 452
298 451
276.916 242.252
259.23 84.8258
233.145 265.5
230.344 300.931
263.747 169.651
264.645 201.129
289.913 295.5
292.182 348.173
287.246 223.506
301.799 245.78
247.921 230.921
237.767 101.166
236.911 72.5279
262.191 60.9544
290.56 93.5453
221.295 248.218
299.838 77.1621
231.182 227.046
219.018 89.8974
226.487 380.103
289.962 324.808
301.553 439.026
293.293 386.459
218.852 277.794
247.788 161.685
305.104 288.042
243.572 115.22
222.385 73.1027
298.153 65.125
310.691 270.538
278.906 73.9559
289.852 72.4235
290.97 82.9588
282.596 60.4501
230.815 341.925
240.917 339.575
322.111 94
297.975 109.451
296.489 428.69
291.32 437.631
230.272 112.488
255.427 102.097
229.227 62.1779
244.439 58.9118
230.066 83.3774
244.605 84.9665
229.098 94.3577
214.007 80.1581
204.396 91.2611
291.573 58.799
272.498 64.9484
266.998 75.644
271.756 51.5668
275.038 89.5183
276.551 109.757
259.93 49.0838
253.719 56.4173
246.375 105.836
258.395 116.695
235.733 55.4225
251.816 71.8793
251.989 92.2856
212.684 101.052
203.481 100.438
281.627 82.8939
265.354 107.679
265.374 96.0271
274.875 99.7063
260.423 69.6642
226.672 437.672
229.021 427.93
229.02 417.909
227.5 407.508
225.913 395.422
221.82 387.599
231.56 387.963
280.893 161.217
242.6 215.817
236.446 242.398
286.854 336.891
281.959 346.102
298.065 333.333
301.428 343.252
293.045 397.512
293.206 407.429
291.68 369.645
284.72 358.74
282.622 367.753
297.347 377.585
218.451 262.872
227.093 256.946
224.728 270.17
237.732 283.689
210.659 270.548
211.386 253.898
211.968 243.43
221.881 235.597
221.876 226.258
250.227 176.766
243.209 170.164
254.429 168.349
263.41 185.412
259.213 177.438
276.873 177.815
251.652 194.243
273.712 168.264
276.181 192.316
252.959 207.477
267.687 220.658
254.575 220.088
242.901 205.588
262.677 211.437
246.567 185.861
281.957 185.325
279.547 208.679
273.917 201.31
240.763 150.818
232.316 147.463
263.707 149.761
270.651 157.962
260.313 159.676
276.054 146.347
252.272 151.083
257.041 142.219
265.673 132.94
259.303 126.04
268.138 141.754
301.7 300.308
290.81 310.152
300.387 309.8
298.17 319.385
282.216 317.007
279.41 303.497
278.191 291.001
284.056 266.456
288.912 280.589
276.642 278.68
297.166 269.853
295.479 287.637
293.584 256.681
303.538 277.898
314.187 281.091
281.201 254.143
256.731 256.244
289.288 244.511
268.687 251.935
284.751 234.35
273.439 230.969
298.772 231.866
267.324 266.896
258.188 241.543
275.565 261.937
260.708 230.087
267.664 238.926
306.678 258.004
314.868 247.65
317.711 261.381
298.499 220.116
253.156 270.392
247.55 247.912
238.566 255.246
243.955 264.655
243.806 275.14
248.89 285.185
241.809 295.64
240.231 307.289
226.789 317.327
306.366 91.6773
310.34 81.1643
313.063 100.809
299.24 99.1804
307.61 108.781
287.195 104.796
288.595 116.363
223.389 103.831
289.964 151.689
240.46 225.061
232.404 216.869
287.044 378.574
297.806 359.046
303.948 352.142
225.784 288.773
218.816 298.321
214.81 288.025
228.796 279.271
209.389 280.081
284.251 170.816
277.925 218.934
289.941 212.694
237.761 318
233.289 329.672
222.524 333.874
220.459 324.519
219.325 309.283
270.27 120.38
279.795 120.024
310.933 235.564
228.791 362.453
233.521 372.046
221.534 370.481
222.542 351.473
220.118 342.676
236.638 352.863
238.099 362.064
220.444 149.151
149.333 148.811
282.667 149.58
417.778 148.444
651
300.566 440.87
297.517 438.693
289.859 440.908
279.38 444.923
287.266 441.903
291.224 440.389
293.608 439.479
296.825 436.056
295.44 425.711
294.298 416.499
293.531 410.921
292.903 405.558
292.908 402.724
292.802 398.296
292.843 391.467
292.629 385.703
291.829 380.888
290.12 370.288
289.531 366.609
289.124 362.545
289.176 359.387
289.594 357.169
290.87 354.666
291.263 353.928
292.128 352.588
292.506 347.312
292.134 336.469
291.577 326.896
291.412 320.002
291.544 311.833
291.802 307.291
291.709 306.879
292.2 305.255
294.023 301.993
295.028 299.014
298.402 278.263
285.773 252.5
264 213.333
229.491 264.505
222.181 281.316
221.673 288.87
222.533 293.697
223.249 297.515
224.533 304.075
225.594 312.714
226.521 320.364
228.012 332.54
230.065 342.158
232.31 344.83
232.259 344.821
230.802 346.021
231.059 350.25
231.112 354.507
230.932 357.483
230.327 361.815
229.78 364.561
227.828 374.275
226.278 381.725
225.797 385.537
225.444 388.535
224.845 395.612
226.303 402.796
227.451 408.389
228.867 413.845
230.036 418.491
230.111 423.021
230.327 429.202
230.091 435.507
230.221 440.642
240.79 445.32
244.926 445.771
238.644 444.041
234.518 442.571
230.12 440.566
227.315 440.566
224.222 441.662
216.408 444.486
211.236 445.011
203.904 445.54
203.04 445.603
208.381 445.217
218.217 443.282
227.481 442.391
230.285 435.636
230.162 424.27
229.206 415.149
228.065 410.728
227.168 407.116
225.869 400.659
224.82 395.583
225.077 392.497
225.542 387.566
226.096 383.425
226.313 381.789
227.527 375.555
228.723 369.975
230.056 363.622
230.703 356.817
231.064 351.681
230.803 349.337
230.426 345.857
229.445 340.794
228.522 336.009
227.802 330.583
226.93 323.823
226.099 317.052
225.396 311.252
224.687 306.16
223.907 300.989
222.162 292.397
219.188 281.057
215.411 276.653
211.707 277.281
212.184 276.98
215.383 272.207
216.711 266.235
216.58 257.275
216.547 254.33
215.399 249.067
213.778 246.648
213.534 246.202
215.004 245.456
219.836 241.267
220.858 240.197
223.949 237.961
228.846 233.777
234.22 231.064
235.597 230.494
241.56 227.424
250.762 219.426
259.217 206.795
263.505 193.609
262.876 180.135
261.355 172.932
260.003 167.189
256.233 161.795
253.229 159.435
252.969 159.182
236.463 149.885
227.716 145.343
218.807 143.8
215.031 145.416
208.86 148.047
207.027 147.911
203.26 147.75
197.921 147.505
190.252 147.149
218.499 148.051
179.926 146.674
176.381 146.537
170.765 146.383
165.841 146.264
160.357 146.157
79.1111 149.333
149.046 146.573
144.726 147.054
140.057 147.096
141.093 147.069
132.358 146.876
127.001 146.718
119.99 146.594
115.531 146.925
109.098 147.68
101.947 148.46
99.601 148.857
95.9858 149.121
91.0457 149.401
85.9826 149.615
81.9377 149.409
71.5511 148.415
65.4128 147.824
62.6018 147.564
59.7474 147.566
56.272 150.148
50.8588 156.404
53.6063 153.229
50.5422 148.896
45.4976 147.527
42.9906 148.363
38.5211 149.594
33.1526 149.935
31.231 150.038
34.6226 149.863
36.054 149.709
39.9781 148.908
51.2324 146.12
55.7587 147.026
59.5103 147.585
62.0694 147.519
66.3256 147.901
72.8189 148.533
80.4367 149.271
85.3485 149.624
80.2871 148.939
95.0132 149.176
99.2856 148.903
104.408 148.047
109.468 147.495
114.871 146.982
119.525 146.616
125.589 146.683
134.754 146.916
135.033 146.96
138.842 147.07
144.209 147.097
148.918 146.587
154.265 146.156
158.57 146.124
162.958 146.206
165.979 146.284
175.421 146.51
178.674 146.619
183.43 146.83
188.978 147.089
193.856 147.319
199.024 147.56
206.014 147.872
209.182 147.922
213.401 146.11
217.823 144.173
223.022 143.691
228.186 145.65
231.061 146.613
238.902 150.951
252.31 158.096
265.778 152.889
265.945 109.525
263.965 94.8013
245.935 93.4926
241.628 94.2483
239.603 94.5026
233.436 95.6289
231.419 96.1168
231.04 95.623
227.067 93.104
219.67 93.3918
210.165 95.4765
201.22 98.4529
200.666 98.6305
199.932 96.3525
192.417 92.8436
194.239 93.5624
188.687 91.117
181.462 86.6646
185.67 89.1676
201.307 96.8443
214.247 93.2432
229.088 83.9128
234.395 76.9144
234.191 72.9212
233.558 69.0345
233.654 68.5188
235.427 68.123
238.296 66.8677
241.558 66.3739
246.683 66.4198
256.094 62.2565
260.555 55.8802
262.867 51.7015
263.785 47.9203
264.231 46.0043
264.2 47.7325
264.38 48.3456
264.483 54.1116
268.586 60.9868
274.62 68.5171
284.438 72.3643
292.086 73.5229
295.025 70.8429
294.484 71.5214
292.843 78.4502
296.693 85.675
299.563 85.1235
298.825 88.1494
311.356 92.8864
325.561 95.2548
334.113 95.3108
335.769 94.5993
333.885 95.56
333.501 95.541
338.832 95.755
328.559 95.3421
325.112 95.2046
317.72 94.8292
307.257 94.5772
301.353 101.334
303.147 108.389
303.719 110.414
304.558 113.01
301.308 107.703
299.183 105.265
291.443 97.3979
274.285 94.5555
265.727 115.723
264.155 154.385
275.738 156.928
286.481 154.416
295.314 150.576
302.747 147.167
308.245 144.88
311.905 145.526
316.192 146.367
320.878 147.383
325.458 148.313
330.443 148.786
335.746 149.246
342.007 149.761
346.316 150.032
350.648 149.75
355.805 149.134
361.041 148.586
366.798 148.546
369.005 148.56
376.28 148.641
382.162 148.873
387.309 149.163
390.826 149.345
395.463 149.074
400.432 148.806
406.781 148.972
426.465 147.965
416.139 149.254
420.834 148.86
426.442 147.999
431.326 147.127
436.237 147.058
440.772 147.472
444.915 148.185
450.384 149.302
456.284 150.542
461.742 149.118
466.372 147.899
471.96 147.558
476.401 147.019
480.819 146.848
490.991 146.987
495.011 147.369
498.423 147.718
500.596 147.941
497.086 147.581
492.462 147.108
487.264 146.602
486.154 146.907
476.3 147.029
477.491 147.437
463.575 148.636
460.755 149.377
456.023 150.607
453.561 149.925
448.725 148.971
464.548 148.507
434.073 147.103
431.186 147.137
426.144 148.05
423.517 148.452
416.276 149.248
412.835 149.163
407.76 149.002
402.471 148.956
395.248 149.086
391.215 149.333
388.263 149.224
388.041 149.194
421.786 148.696
371.49 148.575
367.544 148.549
349.076 149.322
353.023 149.464
350.495 149.765
346.725 150.023
343.041 149.843
340.942 149.628
331.52 148.88
366.222 149.333
323.793 148.011
315.342 146.205
312.558 145.625
307.761 144.989
303.281 146.981
281.912 156.367
282.118 156.358
278.194 157.496
268.203 160.703
265.803 171.69
263.971 181.227
263.234 192.557
263.871 204.476
269.91 217.395
279.754 226.194
287.73 230.519
294.37 234.033
297.875 236.42
300.41 238.162
308.092 242.273
311.036 242.967
311.088 243.488
312.41 246.797
312.847 247.386
311.894 249.118
311.653 254.467
312.184 259.576
312.911 262.799
312.854 266.899
313.462 266.825
312.332 267.615
310.504 269.779
307.266 273.989
305.345 277.09
303.147 279.883
300.473 285.845
296.102 296.548
292.184 309.607
291.719 318.343
291.84 329.171
292.135 338.724
292.838 343.291
293.961 347.911
296.171 348.683
297.202 348.455
296.637 348.579
293.846 350.212
290.017 358.663
290.17 369.66
290.617 372.215
291.644 379.768
292.618 385.657
292.937 388.48
292.838 392.139
292.804 398.494
292.924 403.361
293.286 408.97
294.138 415.755
295.304 424.711
296.384 432.726
298.259 438.41
302.564 441.309
304.135 441.957
313.472 445.768
318.264 447.688
306.781 443.04
303.986 441.918
302.361 441.272
300.736 440.93
282.985 235.263
262.507 83.5102
224.871 257.489
223.236 297.232
261.608 165.746
263.444 202.994
298.115 290.937
295.137 348.906
285.942 229.927
304.655 246.173
233.848 235.434
234.783 92.9281
240.315 74.348
261.934 61.6678
310.147 93.8089
216.698 248.695
295.253 84.9128
230.871 233.549
221.644 90.9568
228.109 427.565
291.709 325.431
299.019 439.374
292.765 386.784
217.336 273.226
256.984 161.906
303.847 278.605
242.68 93.3372
234.351 75.38
293.4 73.9493
311.509 266.162
277.356 74.9275
289.865 74.4392
298.564 87.8588
270.691 65.202
230.388 345.354
231.306 344.282
323.176 94.7154
299.973 100.447
294.657 440.833
298.065 438.932
231.971 95.2864
256.023 90.2718
234.601 68.9466
239.133 67.8095
231.562 81.673
0 0
228.609 92.3736
216.617 92.703
198.034 95.544
285.276 72.6832
269.322 66.7628
251.646 63.1733
263.638 51.2288
264.889 92.4444
269.368 93.2938
261.691 54.2227
259.373 61.9043
246.299 91.2008
263.267 96.3803
240.335 66.6132
252.565 71.3622
248.333 90.4314
215.54 94.241
201.021 98.5116
281.55 81.4265
266.173 93.6036
265.836 87.3361
275.178 89.7321
260.364 68.3104
234.316 442.106
230.249 434.294
230.129 428.183
225.758 400.003
224.831 395.564
225.363 389.616
225.468 388.26
270.936 158.933
249.225 221.942
238.666 239.078
292.477 342.575
291.597 353.372
292.012 332.991
293.857 347.969
292.844 394.068
292.943 404.781
289.771 368.472
292.893 352.296
289.658 366.967
291.422 378.387
217.854 266.833
222.39 251.944
219.819 265.209
221.601 274.783
216.713 271.486
216.349 253.502
214.607 246.067
226.369 236.771
228.177 234.35
263.336 171.261
256.906 162.386
260.203 164.995
263.143 185.787
262.583 172.295
264.981 173.895
263.328 181.664
265.816 163.83
263.182 191.294
261.105 211.527
265.659 220.218
256.687 220.133
258.406 211.218
262.345 212.317
262.833 179.518
264.91 176.205
265.131 219.071
263.659 203.654
248.946 156.508
229.824 146.242
263.696 157.091
265.788 160.277
258.869 161.74
266.931 160.433
259.506 161.095
263.477 155.698
265.154 125.962
263.891 110.321
263.975 152.609
299.202 288.619
293.333 340.444
292.336 308.316
291.654 319.834
291.433 313.714
292.208 305.955
295.111 264.889
295.382 254.953
307.011 266.62
288.148 242.142
304.106 263.12
304.974 275.265
308.566 249.141
307.464 271.227
308.518 272.181
285.995 245.779
254.048 240.12
293.924 241.932
271.938 238.686
285.939 234.382
276.9 232.684
291.279 235.043
279.329 243.324
257.301 233.104
283.753 246.692
263.129 223.132
268.61 231.899
310.215 256.786
311.823 247.815
312.033 257.889
290.59 232.124
243.709 245.689
243.831 238.978
231.937 246.805
233.157 248.501
223.306 251.303
228.444 262.222
221.215 288.006
223.912 300.948
224.106 305.997
301.091 90.8558
299.747 89.1319
307.766 94.2584
300.306 102.781
301.113 100.341
290.743 96.0483
292.033 97.4951
226.505 92.606
279.513 156.293
240.057 229.139
237.33 229.744
294.222 427.556
290.05 357.545
294.307 349.52
219.847 282.111
222.63 294.206
219.053 280.566
220.82 274.039
213.557 276.532
267.672 161.821
272.32 222.266
279.116 225.826
226.311 318.65
228.574 336.012
229.031 338.692
226.779 322.505
224.443 304.603
266.76 101.941
274.056 94.5243
310.745 245.474
230.434 359.903
229.333 339.556
228.26 372.172
231.075 351.659
230.304 344.948
230.946 350.227
230.695 358.253
220.444 149.151
152.889 148.444
313.778 148.444
430.222 148.444
1502
0 0
0 0
0 0
0 0
0 0
0 0
0 0
0 0
0 0
0 0
0 0
0 0
0 0
0 0
0 0
0 0
0 0
0 0
0 0
0 0
0 0
0 0
0 0
0 0
0 0
0 0
0 0
0 0
0 0
0 0
0 0
0 0
0 0
0 0
0 0
0 0
0 0
0 0
0 0
0 0
0 0
0 0
0 0
0 0
0 0
0 0
0 0
0 0
621 571
0 0
0 0
0 0
0 0
0 0
0 0
0 0
0 0
0 0
0 0
0 0
0 0
0 0
0 0
0 0
0 0
0 0
0 0
0 0
0 0
0 0
0 0
0 0
0 0
0 0
0 0
0 0
0 0
0 0
0 0
0 0
571 576
0 0
0 0
0 0
0 0
0 0
0 0
0 0
0 0
0 0
576 37
0 0
0 0
37 606
0 0
0 0
0 0
0 0
0 0
0 0
0 0
0 0
0 0
0 0
0 0
0 0
0 0
0 0
0 0
0 0
0 0
0 0
0 0
0 0
0 0
0 0
606 641
0 0
0 0
0 0
0 0
0 0
0 0
0 0
0 0
0 0
0 0
0 0
0 0
0 0
0 0
0 0
0 0
0 0
0 0
0 0
0 0
0 0
0 0
0 0
0 0
641 462
0 0
0 0
0 0
0 0
0 0
0 0
0 0
0 0
0 0
0 0
0 0
0 0
0 0
0 0
0 0
0 0
0 0
0 0
0 0
0 0
0 0
0 0
0 0
0 0
0 0
0 0
0 0
0 0
0 0
0 0
0 0
0 0
0 0
0 0
0 0
0 0
0 0
0 0
0 0
0 0
0 0
0 0
0 0
0 0
0 0
0 0
0 0
0 0
0 0
0 0
0 0
0 0
0 0
0 0
0 0
0 0
0 0
0 0
0 0
0 0
0 0
0 0
0 0
0 0
0 0
0 0
0 0
0 0
0 0
0 0
0 0
0 0
0 0
0 0
0 0
0 0
0 0
0 0
0 0
0 0
0 0
0 0
0 0
0 0
0 0
0 0
0 0
0 0
0 0
0 0
0 0
0 0
0 0
0 0
0 0
0 0
0 0
0 0
0 0
0 0
0 0
0 0
0 0
0 0
0 0
0 0
0 0
0 0
0 0
0 0
0 0
0 0
0 0
0 0
0 0
0 0
0 0
0 0
0 0
0 0
0 0
0 0
0 0
0 0
0 0
0 0
0 0
0 0
0 0
0 0
0 0
0 0
0 0
0 0
0 0
0 0
0 0
0 0
0 0
0 0
0 0
0 0
0 0
0 0
0 0
0 0
0 0
0 0
0 0
0 0
0 0
0 0
0 0
0 0
0 0
0 0
0 0
0 0
0 0
0 0
0 0
0 0
0 0
0 0
0 0
0 0
0 0
0 0
0 0
0 0
0 0
0 0
0 0
0 0
0 0
0 0
0 0
37 225
0 0
0 0
0 0
0 0
0 0
0 0
0 0
0 0
0 0
0 0
0 0
0 0
0 0
0 0
0 0
0 0
0 0
0 0
0 0
0 0
0 0
0 0
0 0
0 0
0 0
0 0
0 0
0 0
0 0
0 0
0 0
0 0
0 0
0 0
0 0
0 0
0 0
0 0
0 0
0 0
0 0
0 0
0 0
0 0
0 0
0 0
0 0
0 0
0 0
0 0
0 0
0 0
0 0
0 0
0 0
0 0
0 0
0 0
0 0
0 0
0 0
0 0
0 0
0 0
0 0
0 0
0 0
0 0
0 0
0 0
0 0
0 0
0 0
0 0
0 0
0 0
0 0
0 0
0 0
0 0
0 0
0 0
0 0
0 0
0 0
0 0
0 0
0 0
0 0
0 0
0 0
0 0
0 0
0 0
0 0
0 0
0 0
0 0
0 0
0 0
0 0
0 0
0 0
0 0
0 0
0 0
0 0
0 0
0 0
0 0
0 0
0 0
0 0
0 0
0 0
0 0
0 0
0 0
0 0
0 0
0 0
0 0
0 0
0 0
0 0
0 0
0 0
0 0
0 0
0 0
0 0
0 0
0 0
0 0
0 0
0 0
0 0
0 0
0 0
0 0
0 0
0 0
0 0
0 0
0 0
0 0
0 0
0 0
0 0
0 0
0 0
0 0
0 0
0 0
0 0
0 0
0 0
0 0
0 0
0 0
0 0
0 0
0 0
0 0
0 0
0 0
0 0
0 0
0 0
0 0
0 0
0 0
0 0
0 0
0 0
0 0
0 0
0 0
0 0
0 0
0 0
0 0
0 0
0 0
0 0
0 0
0 0
0 0
0 0
0 0
0 0
0 0
0 0
0 0
0 0
0 0
0 0
0 0
225 496
0 0
0 0
0 0
0 0
0 0
0 0
0 0
0 0
0 0
0 0
0 0
0 0
0 0
0 0
0 0
0 0
0 0
0 0
0 0
0 0
0 0
0 0
0 0
0 0
0 0
0 0
0 0
0 0
0 0
0 0
0 0
0 0
0 0
0 0
0 0
0 0
0 0
0 0
0 0
0 0
0 0
0 0
0 0
0 0
0 0
0 0
0 0
0 0
0 0
0 0
0 0
0 0
0 0
0 0
0 0
0 0
0 0
0 0
0 0
0 0
0 0
0 0
0 0
0 0
0 0
0 0
0 0
0 0
0 0
0 0
0 0
0 0
0 0
0 0
0 0
0 0
0 0
0 0
0 0
0 0
0 0
0 0
0 0
0 0
0 0
0 0
0 0
0 0
0 0
0 0
0 0
0 0
0 0
0 0
0 0
0 0
0 0
0 0
0 0
0 0
0 0
0 0
0 0
0 0
0 0
0 0
0 0
0 0
0 0
0 0
0 0
0 0
0 0
0 0
0 0
0 0
0 0
0 0
0 0
0 0
0 0
0 0
0 0
0 0
0 0
0 0
0 0
0 0
0 0
0 0
0 0
0 0
0 0
0 0
0 0
0 0
0 0
0 0
0 0
0 0
0 0
0 0
0 0
0 0
0 0
0 0
0 0
0 0
0 0
0 0
0 0
0 0
0 0
0 0
0 0
0 0
0 0
0 0
0 0
0 0
0 0
0 0
0 0
0 0
0 0
0 0
0 0
0 0
0 0
0 0
0 0
0 0
0 0
0 0
0 0
0 0
0 0
0 0
0 0
0 0
0 0
0 0
0 0
0 0
0 0
0 0
0 0
0 0
0 0
0 0
0 0
0 0
0 0
0 0
0 0
0 0
0 0
0 0
0 0
0 0
0 0
0 0
0 0
0 0
0 0
0 0
0 0
0 0
0 0
0 0
0 0
0 0
0 0
0 0
0 0
0 0
0 0
0 0
0 0
0 0
0 0
0 0
0 0
0 0
0 0
0 0
0 0
0 0
0 0
0 0
0 0
0 0
0 0
0 0
0 0
0 0
0 0
0 0
0 0
0 0
0 0
0 0
0 0
0 0
0 0
0 0
0 0
0 0
0 0
0 0
0 0
0 0
0 0
0 0
0 0
0 0
0 0
0 0
0 0
0 0
0 0
0 0
0 0
0 0
0 0
0 0
0 0
0 0
0 0
0 0
0 0
0 0
0 0
0 0
0 0
0 0
0 0
0 0
0 0
0 0
0 0
0 0
0 0
0 0
0 0
0 0
0 0
0 0
0 0
0 0
0 0
0 0
0 0
0 0
0 0
0 0
0 0
0 0
0 0
0 0
0 0
0 0
0 0
0 0
0 0
0 0
0 0
0 0
0 0
0 0
0 0
0 0
0 0
0 0
0 0
0 0
0 0
0 0
0 0
0 0
0 0
0 0
0 0
0 0
0 0
0 0
0 0
0 0
0 0
0 0
0 0
0 0
0 0
0 0
0 0
0 0
0 0
0 0
0 0
0 0
0 0
0 0
0 0
0 0
0 0
0 0
0 0
0 0
0 0
0 0
0 0
0 0
0 0
0 0
0 0
0 0
0 0
0 0
0 0
0 0
0 0
0 0
0 0
0 0
0 0
0 0
0 0
0 0
0 0
0 0
0 0
0 0
0 0
0 0
0 0
0 0
0 0
0 0
0 0
0 0
0 0
0 0
0 0
0 0
0 0
0 0
0 0
0 0
0 0
0 0
0 0
0 0
0 0
0 0
0 0
0 0
0 0
0 0
0 0
0 0
0 0
0 0
0 0
0 0
0 0
0 0
0 0
0 0
0 0
0 0
0 0
0 0
0 0
0 0
0 0
0 0
0 0
0 0
0 0
0 0
0 0
0 0
0 0
0 0
0 0
0 0
0 0
0 0
0 0
0 0
0 0
0 0
0 0
0 0
0 0
0 0
0 0
0 0
0 0
0 0
0 0
0 0
0 0
0 0
0 0
0 0
0 0
0 0
0 0
0 0
0 0
0 0
0 0
0 0
0 0
0 0
0 0
0 0
0 0
0 0
0 0
0 0
0 0
0 0
0 0
0 0
0 0
0 0
0 0
0 0
0 0
0 0
0 0
0 0
0 0
0 0
0 0
0 0
0 0
0 0
0 0
0 0
0 0
0 0
0 0
0 0
0 0
0 0
0 0
0 0
0 0
0 0
0 0
0 0
0 0
0 0
0 0
0 0
0 0
0 0
0 0
0 0
0 0
0 0
0 0
0 0
0 0
0 0
0 0
0 0
0 0
0 0
0 0
0 0
0 0
0 0
0 0
0 0
0 0
0 0
0 0
0 0
0 0
0 0
0 0
0 0
0 0
0 0
0 0
0 0
0 0
0 0
0 0
0 0
0 0
0 0
0 0
0 0
0 0
0 0
0 0
0 0
0 0
0 0
0 0
0 0
0 0
0 0
0 0
0 0
0 0
0 0
0 0
0 0
0 0
0 0
0 0
0 0
0 0
0 0
0 0
0 0
0 0
0 0
0 0
0 0
0 0
0 0
0 0
0 0
0 0
0 0
0 0
0 0
0 0
0 0
0 0
0 0
0 0
0 0
0 0
0 0
0 0
0 0
0 0
0 0
0 0
0 0
0 0
0 0
0 0
0 0
0 0
0 0
0 0
0 0
0 0
0 0
0 0
0 0
0 0
0 0
0 0
0 0
0 0
0 0
0 0
0 0
0 0
0 0
0 0
0 0
0 0
0 0
0 0
0 0
0 0
0 0
0 0
0 0
0 0
0 0
0 0
0 0
0 0
0 0
0 0
0 0
0 0
0 0
0 0
0 0
0 0
0 0
0 0
0 0
0 0
0 0
0 0
0 0
0 0
0 0
0 0
0 0
0 0
0 0
0 0
0 0
0 0
0 0
0 0
0 0
0 0
0 0
0 0
0 0
0 0
0 0
0 0
0 0
0 0
0 0
0 0
0 0
0 0
0 0
0 0
0 0
0 0
0 0
0 0
0 0
0 0
0 0
0 0
0 0
0 0
0 0
0 0
0 0
0 0
0 0
0 0
0 0
0 0
0 0
0 0
0 0
0 0
0 0
0 0
0 0
0 0
0 0
0 0
0 0
0 0
0 0
0 0
0 0
0 0
0 0
0 0
0 0
0 0
0 0
0 0
0 0
0 0
0 0
0 0
0 0
0 0
0 0
0 0
0 0
0 0
0 0
0 0
0 0
0 0
0 0
0 0
0 0
0 0
0 0
0 0
0 0
0 0
0 0
0 0
0 0
0 0
0 0
0 0
0 0
0 0
0 0
0 0
0 0
0 0
0 0
0 0
0 0
0 0
0 0
0 0
0 0
0 0
0 0
0 0
0 0
0 0
0 0
0 0
0 0
0 0
0 0
0 0
0 0
0 0
0 0
0 0
0 0
0 0
0 0
0 0
0 0
0 0
0 0
0 0
0 0
0 0
0 0
0 0
0 0
0 0
0 0
0 0
0 0
0 0
0 0
0 0
0 0
0 0
0 0
0 0
0 0
0 0
0 0
0 0
0 0
0 0
0 0
0 0
0 0
0 0
0 0
0 0
0 0
0 0
0 0
0 0
0 0
0 0
0 0
0 0
0 0
0 0
0 0
0 0
0 0
0 0
0 0
0 0
0 0
0 0
0 0
0 0
0 0
0 0
0 0
0 0
0 0
0 0
0 0
0 0
0 0
0 0
0 0
0 0
0 0
0 0
0 0
0 0
0 0
0 0
0 0
0 0
0 0
0 0
0 0
0 0
0 0
0 0
0 0
0 0
0 0
0 0
0 0
0 0
0 0
0 0
0 0
0 0
0 0
0 0
0 0
0 0
0 0
0 0
0 0
0 0
0 0
0 0
0 0
0 0
0 0
0 0
0 0
0 0
0 0
0 0
0 0
0 0
0 0
0 0
0 0
0 0
0 0
0 0
0 0
0 0
0 0
0 0
0 0
0 0
0 0
0 0
0 0
0 0
0 0
0 0
0 0
0 0
0 0
0 0
0 0
0 0
0 0
0 0
0 0
0 0
0 0
0 0
0 0
0 0
0 0
0 0
0 0
0 0
0 0
0 0
0 0
0 0
0 0
0 0
0 0
0 0
0 0
0 0
0 0
0 0
0 0
0 0
0 0
0 0
0 0
0 0
0 0
0 0
0 0
0 0
0 0
0 0
0 0
0 0
0 0
0 0
0 0
0 0
0 0
0 0
0 0
0 0
0 0
0 0
0 0
0 0
0 0
0 0
0 0
0 0
0 0
0 0
0 0
0 0
0 0
0 0
0 0
0 0
0 0
0 0
0 0
0 0
0 0
0 0
0 0
0 0
0 0
0 0
0 0
0 0
0 0
0 0
0 0
225 647
0 0
647 648
648 153
225 649
649 373
373 650
1495
0 1
442 0
464 0
1 2
464 1
1 482
2 3
4 2
2 482
3 4
4 5
482 4
5 6
5 482
6 7
482 6
7 8
7 481
482 7
8 9
8 432
481 8
9 10
9 431
432 9
9 527
10 11
10 527
11 12
11 527
12 13
12 526
527 12
13 14
526 13
14 15
465 14
526 14
15 16
15 465
621 15
16 17
621 16
17 18
17 530
17 621
18 19
530 18
19 20
530 19
20 21
20 529
20 530
21 22
529 21
22 23
22 523
529 22
23 24
523 23
24 25
523 24
25 26
522 25
523 25
26 27
26 463
26 522
27 28
27 463
27 574
28 29
574 28
29 30
29 574
30 31
30 574
30 575
31 32
31 575
32 33
575 32
33 34
575 33
576 33
34 35
576 34
35 36
576 35
579 35
36 37
36 579
36 592
37 38
592 37
37 601
37 606
38 39
606 38
39 40
39 606
40 41
606 40
40 607
41 42
607 41
42 43
42 607
42 608
43 44
608 43
44 45
44 608
632 44
45 46
45 632
46 47
46 478
632 46
46 633
47 48
47 478
48 49
48 478
49 50
49 478
50 51
478 50
50 645
51 52
51 645
52 53
52 645
52 646
53 54
646 53
54 55
54 646
55 56
641 55
55 646
56 57
641 56
57 58
462 57
518 57
641 57
58 59
58 518
59 60
518 59
60 61
516 60
518 60
61 62
515 61
516 61
62 63
515 62
63 64
63 514
63 515
64 65
514 64
65 66
513 65
514 65
66 67
513 66
67 68
67 512
67 513
68 69
68 71
68 72
68 73
512 68
69 70
71 69
70 71
71 72
72 73
73 74
73 512
74 75
74 512
75 76
81 75
75 512
76 77
76 81
77 78
77 80
77 81
78 79
78 80
79 80
80 81
81 82
512 81
82 83
82 512
83 84
512 83
83 513
84 85
84 513
514 84
85 86
85 514
515 85
86 87
86 515
87 88
87 515
88 89
88 515
88 516
89 90
89 516
90 91
90 516
517 90
91 92
517 91
92 93
517 92
93 94
93 462
93 517
93 642
94 95
94 642
95 96
642 95
96 97
640 96
642 96
97 98
97 640
643 97
98 99
643 98
99 100
643 99
644 99
100 101
644 100
101 102
634 101
644 101
102 103
102 634
103 104
103 634
103 635
104 105
104 635
105 106
105 635
105 636
106 107
636 106
107 108
107 636
108 109
108 625
636 108
109 110
109 625
626 109
110 111
626 110
111 112
111 626
628 111
112 113
112 628
113 114
628 113
114 115
114 536
628 114
115 116
115 536
116 117
116 536
537 116
117 118
537 117
118 119
118 537
119 120
119 537
119 538
120 121
538 120
121 122
121 538
122 123
122 538
539 122
123 124
123 539
124 125
124 539
124 540
125 126
540 125
126 127
126 540
126 620
127 128
127 620
128 129
128 620
129 130
129 553
129 620
130 131
547 130
553 130
131 132
131 547
555 131
132 133
555 132
133 134
555 133
134 135
134 541
134 542
134 555
135 136
542 135
136 137
542 136
137 138
467 137
137 542
138 139
467 138
138 559
138 560
139 140
220 139
560 139
140 141
219 140
140 220
141 142
141 217
218 141
141 219
142 143
142 217
143 144
143 216
217 143
144 145
215 144
144 216
145 146
145 214
145 215
146 147
213 146
146 214
147 148
147 212
213 147
148 149
148 211
148 212
149 150
149 210
211 149
150 151
209 150
210 150
151 152
208 151
209 151
152 153
207 152
152 208
153 154
206 153
207 153
154 155
154 205
206 154
155 156
155 204
155 205
156 157
156 203
204 156
157 158
157 201
157 202
157 203
158 159
158 201
159 160
200 159
159 201
160 161
160 199
200 160
161 162
161 198
199 161
162 163
162 197
198 162
163 164
195 163
196 163
197 163
164 165
195 164
165 166
194 165
165 195
166 167
193 166
166 194
167 168
167 192
167 193
168 169
191 168
168 192
169 170
169 190
169 191
170 171
170 189
190 170
171 172
176 171
171 188
189 171
172 173
172 176
173 174
173 175
173 176
174 175
175 176
176 177
185 176
176 186
187 176
176 188
177 178
184 177
177 185
178 179
183 178
178 184
179 180
179 183
180 181
180 182
180 183
181 182
182 183
183 184
184 185
185 186
186 187
187 188
188 189
189 190
190 191
191 192
192 193
193 194
194 195
195 196
196 197
197 198
198 199
199 200
200 201
201 202
202 203
203 204
204 205
205 206
206 207
207 208
208 209
209 210
210 211
211 212
212 213
213 214
214 215
215 216
216 217
217 218
218 219
219 220
220 221
220 560
221 222
560 221
222 223
222 560
223 224
223 559
560 223
224 225
559 224
224 565
225 226
225 565
225 566
226 227
226 566
226 567
568 226
227 228
469 227
227 501
227 568
228 229
469 228
229 230
469 229
230 231
469 230
230 483
231 232
483 231
232 233
232 483
233 234
483 233
234 235
483 234
617 234
235 236
235 505
617 235
236 237
236 505
506 236
237 238
237 506
238 239
238 506
239 240
239 241
491 239
506 239
240 241
241 242
241 491
242 243
244 242
242 491
243 244
244 245
244 491
245 246
245 491
246 247
246 490
246 491
247 248
247 470
247 490
248 249
248 470
249 250
470 249
249 485
250 251
485 250
251 252
485 251
252 253
485 252
252 502
253 254
502 253
254 255
254 502
255 256
486 255
502 255
256 257
486 256
256 498
256 499
257 258
498 257
258 259
498 258
259 260
259 498
260 261
498 260
261 262
261 495
498 261
262 263
262 495
263 264
263 495
264 265
264 476
495 264
265 266
265 476
265 492
266 267
266 492
267 268
471 267
492 267
268 269
268 471
269 270
269 471
270 271
459 270
270 471
271 272
271 273
271 459
611 271
272 273
273 274
611 273
274 275
479 274
611 274
275 276
479 275
276 277
276 278
276 479
277 278
278 279
479 278
279 280
281 279
479 279
280 281
281 282
479 281
282 283
282 479
283 284
283 479
612 283
284 285
284 612
614 284
285 286
285 614
286 287
286 614
287 288
480 287
614 287
288 289
288 480
289 290
480 289
616 289
290 291
616 290
291 292
616 291
291 638
292 293
638 292
293 294
567 293
293 569
637 293
638 293
294 295
294 564
569 294
295 296
295 564
295 618
296 297
618 296
297 298
297 378
618 297
298 299
377 298
378 298
299 300
299 377
300 301
300 376
377 300
301 302
301 375
376 301
302 303
374 302
302 375
303 304
373 303
374 303
304 305
372 304
373 304
305 306
305 371
372 305
306 307
306 370
306 371
307 308
307 369
370 307
308 309
367 308
308 368
369 308
309 310
309 366
367 309
310 311
366 310
311 312
311 365
366 311
312 313
312 363
364 312
312 365
313 314
313 363
314 315
314 362
314 363
315 316
315 361
362 315
316 317
359 316
316 360
316 361
317 318
317 358
359 317
318 319
358 318
319 320
319 357
358 319
320 321
356 320
320 357
321 322
321 354
321 355
356 321
322 323
322 354
323 324
323 352
353 323
354 323
324 325
324 352
325 326
351 325
325 352
326 327
350 326
326 351
327 328
327 349
327 350
328 329
348 328
349 328
329 330
329 346
329 347
329 348
330 331
330 345
330 346
331 332
331 345
332 333
332 343
344 332
332 345
333 334
333 343
334 335
342 334
334 343
335 336
335 341
335 342
336 337
340 336
336 341
337 338
339 337
340 337
338 339
339 340
340 341
341 342
342 343
343 344
344 345
345 346
346 347
347 348
348 349
349 350
350 351
351 352
352 353
353 354
354 355
355 356
356 357
357 358
358 359
359 360
360 361
361 362
362 363
363 364
364 365
365 366
366 367
367 368
368 369
369 370
370 371
371 372
372 373
373 374
374 375
375 376
376 377
377 378
378 379
378 618
379 380
379 381
519 379
379 618
629 379
380 381
381 382
381 629
382 383
629 382
383 384
383 556
383 629
384 385
384 556
385 386
549 385
385 556
386 387
549 386
386 557
386 558
387 388
387 557
631 387
388 389
631 388
389 390
389 600
631 389
390 391
600 390
391 392
391 600
392 393
591 392
392 600
639 392
393 394
393 639
394 395
639 394
395 396
395 639
396 397
396 598
396 639
397 398
397 598
398 399
598 398
399 400
598 399
599 399
400 401
599 400
401 402
599 401
402 403
472 402
402 599
403 404
403 472
404 405
404 472
404 584
405 406
584 405
406 407
406 468
406 584
407 408
407 468
408 409
468 408
408 570
409 410
570 409
410 411
410 570
410 572
411 412
572 411
412 413
572 412
573 412
413 414
524 413
573 413
414 415
414 524
415 416
415 524
525 415
416 417
416 525
417 418
417 525
417 623
418 419
418 623
419 420
623 419
420 421
420 622
420 623
421 422
421 622
422 423
422 528
531 422
622 422
423 424
423 531
424 425
424 531
425 426
465 425
425 531
426 427
465 426
427 428
465 427
427 526
428 429
428 526
429 430
526 429
527 429
430 431
527 430
431 432
527 431
432 433
432 481
433 434
481 433
434 435
464 434
481 434
435 436
464 435
436 437
436 439
436 464
437 438
437 439
438 439
439 440
439 464
440 441
440 464
441 442
464 441
442 464
443 585
443 587
588 443
589 443
443 590
596 443
488 444
444 494
444 496
503 444
444 504
444 509
444 511
445 533
534 445
603 445
445 604
445 605
627 445
607 446
446 608
446 609
624 446
446 625
636 446
447 543
545 447
447 546
548 447
562 447
447 563
544 448
448 547
448 549
550 448
554 448
558 448
449 570
571 449
575 449
449 576
449 578
581 449
522 450
450 523
450 525
450 529
622 450
450 623
451 589
451 590
591 451
600 451
630 451
451 631
452 582
587 452
452 591
452 597
598 452
639 452
453 521
552 453
593 453
453 595
602 453
619 453
469 454
483 454
454 488
489 454
500 454
454 504
617 454
455 470
455 485
486 455
455 487
455 488
455 503
493 456
495 456
456 498
456 499
456 511
475 457
457 496
457 507
457 510
610 457
613 457
457 615
458 521
458 532
533 458
458 537
458 538
458 539
471 459
459 474
475 459
610 459
611 459
521 460
460 539
540 460
460 619
620 460
461 487
461 489
490 461
491 461
461 505
461 617
462 517
462 518
462 641
462 642
522 463
463 524
571 463
573 463
463 574
481 464
464 482
465 526
465 531
621 465
466 534
466 536
466 624
466 626
627 466
466 628
467 542
467 543
559 467
563 467
467 565
468 570
468 581
468 583
584 468
469 483
500 469
501 469
470 485
487 470
470 490
474 471
492 471
580 472
583 472
584 472
472 597
599 472
474 473
473 476
473 493
473 494
507 473
475 474
476 474
492 474
474 507
475 507
475 610
492 476
476 493
476 495
478 477
633 477
634 477
477 643
477 644
645 477
478 633
478 645
610 479
611 479
612 479
613 480
480 614
615 480
480 616
481 482
617 483
484 500
501 484
504 484
484 508
484 509
485 486
502 485
499 486
486 502
486 503
487 488
487 489
487 490
489 488
488 503
504 488
489 617
491 490
491 505
506 491
493 494
493 495
493 511
494 496
494 507
511 494
495 498
507 496
509 496
510 496
508 497
497 510
615 497
616 497
497 637
497 638
498 499
499 503
511 499
501 500
504 500
508 501
501 568
637 501
503 511
509 504
506 505
505 617
508 509
508 510
637 508
510 509
510 615
513 512
514 513
515 514
515 516
516 517
516 518
518 517
548 519
519 562
564 519
618 519
519 629
550 520
520 552
553 520
520 619
520 620
533 521
521 539
602 521
603 521
619 521
522 523
524 522
525 522
529 523
525 524
524 573
623 525
526 527
528 529
530 528
531 528
621 528
622 528
530 529
529 622
530 621
621 531
533 532
534 532
532 536
537 532
534 533
533 603
536 534
534 627
535 605
606 535
607 535
624 535
535 627
536 537
536 628
537 538
539 538
540 539
540 620
541 542
543 541
541 545
541 555
542 543
543 545
543 563
545 544
544 546
544 547
549 544
555 544
545 546
555 545
548 546
549 546
556 546
629 546
550 547
547 553
555 547
562 548
548 629
549 556
549 558
552 550
550 553
554 550
552 551
551 554
557 551
551 590
595 551
630 551
554 552
552 595
552 619
620 553
557 554
554 558
629 556
558 557
557 630
557 631
559 560
559 565
562 561
563 561
564 561
565 561
566 561
561 569
562 563
562 564
563 565
564 569
564 618
565 566
566 567
569 566
568 567
569 567
567 637
568 637
571 570
572 570
570 581
571 572
571 573
571 574
571 575
573 572
575 574
576 575
578 576
579 576
577 578
579 577
580 577
577 582
585 577
577 594
579 578
580 578
581 578
578 583
592 579
594 579
580 582
583 580
597 580
583 581
585 582
587 582
597 582
583 584
587 585
588 585
585 594
588 586
592 586
593 586
586 601
586 602
604 586
589 587
587 591
592 588
593 588
588 594
596 588
589 590
589 591
595 590
590 596
590 630
591 600
591 639
594 592
601 592
593 595
596 593
593 602
595 596
598 597
597 599
599 598
639 598
600 631
604 601
601 605
601 606
602 603
604 602
603 604
604 605
606 605
627 605
606 607
608 607
624 607
609 608
632 608
609 632
633 609
635 609
609 636
611 610
610 612
613 610
613 612
612 614
614 613
615 613
616 615
616 638
620 619
622 623
624 625
626 624
627 624
625 626
625 636
628 626
630 631
632 633
634 633
633 635
634 635
634 644
635 636
637 638
640 641
640 642
643 640
640 645
640 646
642 641
646 641
644 643
645 643
645 646
