890
307 506
305 502
303 497
302 493
302 488
302 483
302 478
299 474
299 469
301 465
298 461
295 456
293 453
294 449
292 445
291 441
292 436
291 431
291 426
290 421
289 416
288 411
288 406
285 404
283 408
279 407
274 409
269 411
265 410
265 405
265 400
266 395
266 390
266 385
266 380
263 377
263 372
263 367
265 363
263 359
265 355
265 350
265 345
265 340
265 335
265 330
263 327
263 322
262 317
261 312
260 307
260 302
259 297
258 292
258 287
255 283
250 284
250 289
249 294
247 298
246 303
245 308
244 313
243 318
242 323
240 327
239 332
238 337
238 342
238 347
238 352
238 357
238 362
238 367
238 372
238 377
236 380
236 385
236 390
236 395
237 400
237 405
236 410
232 410
227 407
222 406
218 403
215 405
215 410
215 415
212 419
211 424
210 429
210 434
209 439
209 444
208 449
208 454
203 457
202 462
201 466
201 471
200 476
199 481
199 486
199 491
198 496
194 498
194 503
189 504
184 504
179 504
174 504
169 504
164 503
162 499
164 494
166 489
169 485
172 480
175 475
177 471
178 466
179 461
178 456
175 452
175 447
177 443
178 438
179 433
179 428
179 423
179 418
179 413
179 408
179 403
179 398
179 393
179 388
178 383
177 378
177 373
175 369
174 364
174 359
174 354
175 349
177 345
178 340
179 335
179 330
180 325
181 320
183 316
185 311
186 306
187 301
188 296
187 291
188 286
188 281
189 276
190 271
192 267
193 262
193 257
194 252
191 249
192 246
192 241
192 236
193 231
196 227
199 223
201 219
199 215
201 210
203 205
203 200
205 197
209 194
208 189
208 184
208 179
207 174
208 169
206 164
206 159
203 155
201 150
197 148
192 148
187 146
182 145
177 144
172 144
167 146
162 146
158 149
154 152
149 153
144 154
139 155
134 156
129 157
124 159
120 161
115 163
110 167
107 169
103 171
98 173
93 174
88 174
83 175
78 174
73 175
68 176
63 177
58 178
55 175
57 172
52 172
47 173
43 175
38 177
34 176
33 172
29 175
26 180
22 180
18 183
13 185
8 185
9 182
11 177
14 172
17 169
21 165
26 163
29 159
32 157
36 154
41 152
46 152
51 150
55 148
60 146
65 145
70 142
74 143
79 141
83 138
88 135
93 133
98 132
103 131
107 130
110 127
115 123
120 122
123 126
128 125
133 124
138 121
143 119
143 116
149 114
154 113
159 108
161 104
164 103
167 105
172 104
177 101
179 96
179 92
184 92
189 91
194 89
199 87
201 82
203 78
207 78
210 73
213 71
217 71
220 67
222 62
223 57
224 52
225 47
226 42
228 38
229 33
231 28
233 23
235 19
240 14
245 11
249 9
254 7
259 7
264 8
268 11
273 14
278 18
281 23
282 28
284 33
286 37
287 42
287 47
289 52
289 57
291 62
292 67
294 71
296 76
297 81
300 85
302 89
307 91
312 93
317 94
322 95
326 98
331 99
336 101
341 103
346 106
350 109
355 112
360 115
363 119
368 121
373 122
378 125
383 126
387 125
384 121
387 117
391 118
393 122
398 125
403 127
407 131
412 131
417 133
422 134
427 136
431 140
436 142
441 142
446 145
451 146
456 148
460 151
465 152
470 153
475 157
479 159
483 163
488 166
493 168
496 172
500 176
502 181
501 185
496 185
491 182
488 180
485 182
483 177
479 174
477 177
472 178
468 175
463 173
458 171
453 171
455 174
457 178
452 178
447 177
442 176
437 175
432 174
427 175
422 174
417 174
412 172
407 171
403 169
398 168
394 165
390 166
388 161
384 159
379 158
374 156
369 154
364 152
359 150
355 148
350 148
345 147
340 147
335 147
330 147
325 147
320 148
316 151
312 153
311 158
310 162
310 167
309 172
306 176
308 180
309 185
308 190
310 195
313 200
315 204
317 209
318 214
317 219
312 220
312 225
311 230
312 235
315 239
318 242
320 247
322 251
323 253
324 258
325 262
323 265
324 270
323 273
319 274
320 279
322 283
324 288
325 293
326 298
326 303
324 301
324 306
324 311
325 316
326 321
327 326
328 331
330 335
331 340
332 345
333 349
334 354
335 359
335 364
337 368
336 372
338 376
338 381
338 386
338 391
338 396
336 392
335 387
334 382
332 377
329 374
327 379
326 384
325 389
324 394
326 399
326 404
325 409
325 414
325 419
325 424
324 429
324 434
324 439
324 444
325 449
326 454
324 459
321 463
323 466
324 471
325 476
326 481
330 485
333 490
334 495
336 500
337 504
332 506
327 506
322 506
317 506
312 506
308 506
214.48 118.04
239.656 240.828
256 87.5
299.291 355.302
258.973 147.118
284.775 153.569
97.6635 151.909
256.5 35.3
189.221 121.895
207.921 343.384
222.467 270.493
213.902 314.18
284.917 263.687
308.893 121.534
332.5 124.354
292.943 313.411
248.125 261.624
216.208 239.031
268.758 208.597
235.456 81.7172
268.62 68.052
302.68 293.628
288.957 200.517
244.37 181.5
246.634 59.1267
280.439 290.112
400.898 148.152
309.5 450.357
282.112 359
72.8136 158.911
192.694 444.996
197 409
312.083 341.306
199.111 326.37
211.587 369.647
193.043 355.348
230.927 287.642
301.38 253.075
279.257 322.186
224.608 372.902
163.627 128.136
146.777 135.873
436.554 158.319
306.875 402.625
226.285 141.842
294.589 165.54
256.61 21.0493
315.886 108.632
348.727 127.241
204.285 236.071
274.56 54.6881
226.615 174
392.5 137.446
417.634 150.298
209.303 291
309.29 264.295
182.336 489.893
311.672 470.718
218.772 96.5197
230.925 213.095
215.657 214.5
65.3933 166.043
55.2599 160.656
184.213 448.984
214.312 386.416
221.701 356.864
443.962 165.717
453.414 159.92
207.325 249.319
310.239 460.574
210.244 88.9392
212.907 226.833
190.613 458.899
216.555 377.445
222.42 83.8281
203.841 104.73
228.763 229.087
227.598 74.4953
239.357 69.5867
221.638 222.307
234.766 58.6316
254.162 72.1251
241.276 45.0717
40.6059 164.018
292.826 185.025
298.37 152.432
268.281 28.265
245.306 28.0879
247.163 37.4987
254.682 48.5033
267.142 43.4923
259.022 60.1519
265.182 52.8457
321.073 119.79
327.419 110.055
322.217 133.513
297.417 106.968
279.809 65.0231
278.773 83.3755
276.242 74.0271
266.696 81.6278
401.788 138.807
389.271 148.626
311.893 254.061
304.64 278.659
297.091 264.497
314.045 482.535
222.12 201.07
63.5865 155.255
223.15 254.004
189.002 470.79
190.178 104.613
246.799 80.8027
233.574 49.7168
298.099 194.571
272.284 188.123
295.97 175.487
279.288 172.734
289.841 132.286
305.81 137.725
274.409 36.3796
338.082 114.318
346.846 117.945
333.399 135.716
306.293 111.779
311.727 287.199
312.937 298.481
303.055 306.1
313.363 309.252
292.692 284.708
281.869 276.763
295.104 274.649
270.094 282.253
269.703 293.505
279.445 305.651
291.358 300.21
269.801 303.406
212.949 204.927
239.064 197.9
216.296 248.086
188.464 481.317
197.066 98.0251
196.932 113.655
180.858 112.765
176.465 125.184
167.809 116.932
185.378 133.375
171.734 133.999
283.2 190.85
277.38 200.863
284.45 163.844
268.428 160.483
290.8 143.758
274.356 140.416
315.096 139.837
305.433 146.769
277.483 45.5093
261.872 268.996
273.772 267.982
268.994 238.977
274.392 252.984
283.643 313.967
272.34 313.898
231.352 203.547
262.313 277.901
251.177 272.436
236.878 270.636
260.511 255.031
287.931 239.723
229.752 262.536
234.868 251.757
227.763 242.131
229.603 277.634
219.302 284.088
205.821 275.273
268.372 260.247
249.353 249.002
253.936 233.726
259.22 244.08
286.401 251.702
278.302 243.433
215.017 275.925
242.033 227.7
234.703 221.748
248.71 211.987
252.051 222.682
259.446 214.502
271.848 223.764
261.759 226.708
279.484 232.152
283.58 214.479
274.681 215.288
298.749 212.304
290.556 209.149
303.374 203.256
292.953 225.861
283.807 223.843
302.117 221.761
299.729 236.156
295.983 245.062
306.156 244.069
118.662 142.647
117.026 133.332
316.807 360.423
325.353 365.012
84.542 152.938
90.5034 144.785
91.8717 162.224
81.6948 164.294
295.371 332.259
152.339 125.769
157.296 136.565
295.653 380.154
428.614 150.725
425.133 162.313
413.974 160.93
403.662 158.404
173.896 494.422
224.289 392.9
226.082 382.927
203.582 396.118
212.744 395.467
205.618 405.28
191.363 397.997
195.043 381.266
188.704 388.642
204.12 385.928
228.434 363.926
208.369 356.709
201.217 350.28
190.76 342.54
445.414 154.593
214.762 106.908
242.107 111.497
227.829 112.809
242.302 95.8208
230.443 93.0044
226.975 102.621
236.408 127.823
256.547 103.837
270.656 96.8609
236.576 103.589
224.727 124.539
235.539 118.362
247.234 103.721
261.206 95.5031
285.94 96.8745
272.638 118.627
278.302 92.2776
288.496 86.8651
295.978 97.0326
267.447 108.126
280.243 108.334
285.459 120.143
297.261 119.41
278.508 129.513
289.133 111.464
299.731 129.41
411.667 141.856
320.532 493.417
221.831 187.114
217.764 178.201
232.96 183.744
229.827 193.456
212.233 261.811
202.901 258.267
201.199 267.313
343.87 136.556
310.332 325.183
316.055 318.018
303.214 316.969
256.065 194.343
259.407 204.146
267.468 197.439
264.21 175.161
270.979 169.161
272.556 178.958
261.991 185.538
274.167 151.269
199.491 284.924
309.756 352.023
320.985 348.85
289.697 323.41
300.204 343.292
288.833 348.468
276.852 348.233
292.832 367.049
305.555 366.395
280.845 376.485
315.978 373.207
305.972 377.138
304.12 389.963
296.359 398.282
314.349 384.894
285.033 389.924
313.827 395.114
276.064 385.347
189.699 331.751
199.639 336.884
242.846 143.136
260.891 130.515
257.514 117.372
248.934 126.582
252.087 137.138
317.702 332.539
305.294 333.887
246.548 191.263
248.718 201.635
278.077 335.212
275.023 367.275
276.607 396.551
246.695 162.195
257.881 165.397
253.318 175.288
254.513 156.024
234.96 137.442
264.75 139.373
287.542 338.524
233.593 154.923
243.244 152.974
235.727 166.519
244.095 171.675
219.399 154.271
225.419 163.254
217.543 168.654
212.479 142.316
200.806 132.156
213.942 130.216
211.044 151.127
203.322 141.052
193.544 138.489
204.222 121.785
307.962 434.388
314.403 441.826
302.336 442.989
194.466 429.554
187.925 436.626
199.354 437.938
200.407 419.853
189.618 419.915
199.536 311.817
205.686 319.28
218.201 330.275
192.529 318.895
208.324 303.241
197.758 301.205
221.484 298.134
233.893 299.807
226.178 310.166
235.492 309.05
222.743 320.44
228.762 329.187
232.757 318.819
221.41 343.377
228.519 349.97
361.766 134.628
353.149 138.666
357.786 126.451
376.107 140.309
366.822 142.807
371.133 131.923
383.649 135.127
379.979 148.758
132.59 138.723
138.523 131.521
141.085 144.277
127.463 147.207
110.072 151.607
103.638 142.298
189.919 368.625
200.928 365.429
186.426 377.4
184.112 360.253
305.787 418.562
300.915 427.294
298.89 410.086
314.07 411.122
313.903 425.51
339.556 134.635
228.423 270.222
120 137.155
390.222 133.334
890
306.907 506.378
314.232 495.876
314.574 495.66
315.514 494.39
314.889 491.233
313.863 485.959
312.118 476.29
311.308 471.82
311.15 470.596
310.456 463.49
309.408 452.616
309.022 448.356
309.049 448.838
308.936 446.849
308.76 444.539
308.797 444.091
311.111 464
309.457 433.616
309.679 427.409
309.664 420.59
308.669 413.616
306.367 403.835
299.059 384.598
284.312 388.384
278.467 394.36
278.51 394.315
268.829 404.963
265.745 410.29
265.418 410.956
266.469 408.815
270.21 403.047
278.178 394.668
285.545 386.965
291.825 380.259
293.843 376.171
290.966 376.628
292.109 376.124
292.855 375.684
296.236 372.397
296.609 371.778
298.706 368.527
301.359 360.246
302.346 351.489
301.681 343.444
300.644 333.686
298.691 322.28
298.404 320.675
297.801 317.183
296.895 311.767
296.809 308.595
296.868 306.614
297.016 303.34
296.84 294.608
295.885 282.316
306.108 261.09
293.333 275.556
214.207 247.508
212.894 270.292
210.097 286.649
210.146 294.573
211.467 309.472
211.531 309.974
212.044 312.44
212.349 313.835
212.425 314.086
211.467 317.628
209.868 324.454
207.532 335.31
205.31 345.4
204.955 352.729
204.891 358.24
205.068 363.025
205.229 368.018
205.648 372.497
206.077 376.239
206.538 377.183
206.374 377.304
207.311 381.089
209.804 384.052
222.675 393.954
234.032 402.698
234.962 408.087
235.757 410.604
235.447 409.623
234.241 405.195
221.116 392.753
206.069 381.804
201.527 392.046
197.724 405.628
196.605 409.981
195.54 414.102
193.735 422.847
192.934 436.055
192.973 436.046
192.742 441.051
192.499 444.215
192.327 446.651
192.343 446.53
192.07 449.202
191.364 456.813
190.632 463.902
189.968 470.479
189.128 476.096
187.805 483.75
186.652 489.02
185.986 491.622
186.594 492.51
189.848 498.207
192.361 502.602
188.095 495.142
185.831 491.173
180.462 493.439
173.319 496.636
165.505 500.155
162.99 501.307
163.206 501.208
168.488 498.796
173.471 496.567
179.021 494.084
186.101 490.374
187.612 484.906
188.918 477.327
190.217 467.932
191.276 457.646
192.049 449.996
184.295 449.583
184.305 449.582
191.686 449.089
192.284 444.411
192.905 437.564
193.182 431.494
193.474 424.998
194.071 419.767
195.549 413.933
196.965 408.117
198.517 402.585
200.075 397.025
201.807 391.048
203.477 383.976
203.918 378.007
204.169 373.305
203.875 367.452
202.111 364.14
200.473 362.656
200.324 362.575
201.107 362.5
202.254 361.329
202.867 360.18
204.779 350.094
206.463 339.679
207.587 333.108
208.088 331.145
208.517 329.588
208.923 328.145
210.355 321.78
211.15 313.295
210.559 305.094
209.925 292.664
209.774 289.527
209.518 285.046
209.616 281.2
209.787 279.279
210.288 273.566
211.386 268.021
213.412 256.953
214.395 247.251
211.888 241.854
200.323 243.337
206.005 242.73
207.853 242.29
205.431 242.953
205.163 243.02
212.383 241.506
222.448 234.477
231.95 223.359
232.899 221.566
234.182 219.521
233.005 215.207
226.826 215.891
227.565 215.808
241.302 211.225
246.567 195.4
248.119 184.957
248.131 177.391
248.202 172.904
248.418 164.802
246.706 151.45
245.143 139.408
235.346 128.833
223.173 121.185
206.525 116.729
196.282 117.496
191.039 118.602
183.433 120.447
175.972 123.584
166.678 127.537
159.763 130.742
152.667 134.016
147.001 137.094
145.486 137.955
144.058 138.621
142.338 139.652
137.907 140.069
135.024 140.29
124.763 141.105
116.749 141.928
111.855 144.572
103.479 149.13
95.9864 153.283
93.3511 155.071
92.2704 155.789
91.512 156.295
90.428 156.987
87.4031 157.579
84.1899 158.274
78.2264 158.952
69.4943 159.813
62.7952 160.776
60.1128 163.167
57.5504 176.892
57.471 177.317
47.448 169.123
51.9713 161.362
41.3641 162.354
34.892 163.657
34.899 170.257
34.9182 170.516
27.4214 170.544
19.3062 174.117
19.3461 174.341
15.6267 178.003
14.8968 179.285
9.17934 183.784
7.77454 184.875
9.98306 183.16
11.9551 181.613
18.149 175.675
20.1353 173.455
22.9445 170.253
30.9524 165.947
35.5704 163.538
35.9726 163.359
37.1264 162.756
39.7949 162.501
43.0271 162.199
55.2098 161.058
58.7949 160.763
61.9894 160.519
67.949 159.961
72.3026 159.521
74.2629 159.322
87.2009 157.976
93.0091 154.88
96.6667 152.889
99.1393 151.516
102.273 149.769
107.501 146.958
112.945 144.084
118.103 138.807
117.581 127.44
117.153 124.377
119.51 141.267
130.497 140.612
143.396 138.58
146.827 137.149
151.381 134.656
149.819 132.475
151.572 134.553
161.105 130.057
170.076 125.628
161.93 102.696
161.684 102.004
169.454 123.877
178.847 122.531
194.591 116.95
182.45 99.1693
173.385 87.5963
188.885 108.585
194.37 113.142
209.13 115.274
222.92 112.154
229.696 105.913
0 0
234.223 109.041
234.902 108.447
234.549 108.489
241.056 107.186
252.184 88.9632
255.886 70.7192
259.018 55.4888
259.418 46.3133
259.618 40.8672
259.653 39.2425
259.758 36.2655
259.506 31.8239
258.834 27.5896
258.173 24.1487
258.151 24.0344
258.05 22.6993
257.849 21.4103
257 15.8145
256.564 12.9547
256.443 12.1618
256.64 13.4542
257.626 19.9489
258.724 25.2985
259.007 26.5783
259.102 26.9273
259.425 28.9526
260.023 31.9539
260.174 32.6408
260.181 33.105
260.018 38.2191
259.753 44.8794
258.863 53.5925
257.743 64.2258
256.698 73.1351
256.368 80.6671
256.263 88.8406
257.744 98.5085
263.893 106.599
271.784 113.366
287.095 119.081
303.236 117.658
317.444 117.043
321.449 117.251
323.215 117.356
331.63 117.865
334.822 118.92
337.818 119.796
340.01 120.927
342.737 122.925
346.754 125.773
348.459 126.963
354.303 131.059
362.438 135.606
367.15 138.343
375.548 140.231
387.296 140.989
389.333 137.875
387.941 117.986
387.657 117.249
387.799 117.61
389.213 136.161
390.02 141.695
392.484 143.846
400.198 147.472
407.166 150.772
411.157 152.665
414.23 154.128
416.443 155.029
422.132 155.964
436.023 157.975
438.745 158.342
444.213 159.082
448.996 159.586
451.65 159.797
456.674 160.207
480.924 170.172
467.67 160.956
471.615 163.571
474.746 166.534
477.53 169.038
487.07 172.997
490.55 174.396
491.739 175.616
496.275 179.508
499.902 182.622
501.542 184.031
495.532 178.871
492.706 176.445
490.303 174.291
492.006 175.388
492.275 176.376
475.553 167.184
477.819 169.2
477.752 169.131
473.361 165.208
468.413 161.129
458.469 160.352
463.222 167.135
454.12 174.967
455.723 179.741
452.369 169.892
449.859 162.556
447.144 160.067
440.748 158.612
429.776 157.085
427.129 156.756
423.926 156.284
420.88 155.774
417.061 155.204
412.967 153.527
411.136 152.657
404.976 149.729
400.795 147.737
403.138 148.79
401.599 148.09
391.577 143.465
385.611 141.565
380.882 140.804
378.128 140.499
369.591 139.718
364.779 137.046
362.283 135.628
354.454 131.087
350.293 128.214
345.983 125.218
342.518 122.705
336.848 120.323
325.08 117.607
307.934 117.217
291.7 120.805
275.801 126.638
263.993 139.761
261.448 149.134
259.494 157.007
259.665 162.23
260.184 173.621
262.115 185.925
263.435 191.73
267.325 200.188
275.598 210.491
287.65 213.343
293.628 213.052
291.918 213.135
314.387 212.061
318.878 211.848
304.566 212.528
275.38 218.166
276.519 228.303
279.95 235.376
295.078 253.367
299.383 255.985
306.66 258.42
317.49 260.012
317.747 260.05
316.175 259.796
316.146 259.725
315.886 259.363
313.982 259.19
318.784 259.497
299.817 257.074
296.026 271.505
296.897 288.82
298.659 294.793
299.957 299.398
306.195 299.709
340.372 301.181
323.829 300.47
297.278 300.797
297.654 311.244
298.444 321.313
299.777 328.866
300.449 332.645
302.648 344.765
303.408 348.64
303.793 350.641
305.155 357.505
306.936 358.672
307.887 359.103
310.83 360.458
314.826 360.641
323.633 367.074
325.676 368.546
336.867 376.98
336.306 381.378
336.527 386.159
336.799 393.721
336.871 396.059
336.738 391.716
336.67 390.113
336.498 385.867
336.389 381.121
318.459 364.387
301.514 363.745
299.22 373.16
299.363 382.646
302.836 394.301
305.781 402.287
306.372 403.902
308.686 409.914
309.615 415.347
309.65 417.783
309.847 424.223
309.7 429.425
309.316 436.074
308.955 441.604
308.998 447.359
309.133 449.383
309.435 453.157
309.494 453.697
310.514 464.085
310.861 467.639
311.685 473.914
312.999 481.176
314.637 489.97
317.075 495.44
322.607 497.569
326.64 499.145
335.779 503.622
337.655 504.555
333.492 502.485
323.844 498.171
320.697 496.831
314.967 495.241
314.039 495.879
307.457 505.567
220.395 115.646
240.281 225.618
254.085 88.3148
302.757 359.183
254.965 140.301
262.34 141.784
89.7498 156.519
258.637 25.8228
189.991 118.623
205.043 347.163
213.986 255.895
210.815 300.929
285.934 246.295
304.132 117.251
338.035 119.902
297.357 313.068
236.583 232.4
220.044 237.109
262.909 208.488
251.053 94.1627
257.373 68.2695
297.277 292.182
270.149 206.872
251.172 181.205
259.198 53.1598
311.026 304.679
401.819 148.23
309.067 448.627
299.175 367.536
74.1459 159.353
192.253 447.162
196.286 410.924
303.381 349.025
208.479 329.969
205.329 375.75
203.041 360.693
211.487 281.218
292.744 252.489
298.357 320.336
206.08 376.942
161.648 129.801
145.95 137.653
436.683 158.064
305.044 400.246
246.03 133.006
259.394 156.937
257.834 21.2802
320.306 117.2
349.183 127.451
206.648 242.486
259.897 42.2462
248.293 179.347
390.205 142.28
407.48 150.877
209.705 288.646
297.877 256.073
182.496 494.75
312.141 474.328
232.562 110.652
239.648 218.532
233.15 221.568
62.5118 160.557
51.0673 161.452
188.903 459.815
206.27 380.757
202.995 364.632
446.231 159.356
450.523 159.707
215.038 241.535
309.886 457.476
260.444 125.333
224.614 232.824
189.599 470.665
205.644 377.206
241.629 107.159
212.361 115.145
232.963 223.671
253.588 100.57
255.624 73.123
232.373 224.707
256.739 50.4361
256.69 70.238
259.779 36.8416
39.3131 162.547
262.609 188.498
263.024 139.662
259.479 29.2066
258.588 26.2178
259.473 31.4566
259.195 32.7794
260.105 34.3387
259.115 52.9637
259.919 42.7959
325.179 117.439
333.124 118.382
325.297 117.444
284.051 119.275
257.794 63.7615
256.335 89.915
256.457 77.5935
255.836 78.9837
395.842 145.423
391.101 142.946
301.973 257.045
295.953 269.401
294.424 255.299
313.765 485.297
233.822 217.266
63.2195 160.419
218.29 239.664
188.203 480.964
196.769 116.422
253.962 85.6174
259.523 43.3684
268.622 203.085
260.692 189.835
260.205 174.011
258.503 178.152
275.001 123.335
290.114 120.377
259.96 31.7176
338.426 120.041
346.58 125.627
338.61 120.538
301.506 117.742
297.719 291.511
298.582 299.699
297.21 309.532
297.523 309.539
296.129 275.951
294.617 259.488
295.395 261.925
292.041 254.514
296.329 286.833
297.022 304.505
297 301.798
296.947 305.543
230.713 215.453
247.213 196.36
217.131 239.683
187.155 486.812
226.786 119.937
200.153 115.853
182.28 121.259
178.871 122.438
169.789 124.782
177.554 108.975
169.558 125.626
261.921 190.96
263.84 201.056
259.29 156.496
259.903 152.295
271.812 125.881
262.409 131.808
282.356 121.505
274.559 125.731
260.153 34.333
269.252 237.169
284.038 245.211
265.938 223.828
274.222 235.588
297.053 311.492
296.837 310.018
243.119 209.334
271.74 238.562
245.656 232.461
220.047 239.256
259.593 230.686
276.533 235.325
218.864 238.493
227.906 234.224
226.606 233.829
214.709 260.429
210.343 278.682
210.433 272.758
271.576 237.643
246.36 229.145
259.556 208
257.999 228.529
283.673 243.587
273.844 233.986
211.715 266.171
242.866 222.31
239.283 220.811
252.382 206.942
251.606 217.621
260.042 204.829
262.844 220.034
259.288 220.328
271.849 226.773
271.853 214.944
269.618 214.583
276.283 212.612
273.987 212.363
277.425 212.113
273.33 221.898
272.351 221.14
284.802 212.317
280.902 240.342
284.496 244.006
293.915 253.875
63.1111 169.778
118.13 141.345
306.649 360.285
308.062 360.056
86.3201 157.976
95.6098 153.473
91.9055 156.022
85.3908 157.986
300.403 332.632
152.634 134.034
150.886 133.423
293.614 376.112
423.482 156.193
422.77 156.087
415.986 154.956
405.079 149.762
177.071 494.96
226.564 398.117
206.942 380.642
202.317 388.925
203.556 362.667
200.659 395.057
200.577 395.337
204.146 377.404
203.396 384.909
204.512 381.492
205.26 366.817
204.294 361
203.557 358.13
205.64 344.76
445.461 159.398
222.822 113.678
242.69 108.992
236.315 117.334
248.548 102.375
242.416 106.887
235.976 110.848
240.492 121.988
253.546 105.765
257.479 102.562
242.664 109.236
230.652 118.263
239.881 119.243
251.351 106.277
255.09 98.8107
266.988 110.714
262.397 112.784
258.11 101.733
256.444 99.5808
268.192 110.249
259.128 110.046
266.787 113.435
274.259 118.744
286.187 119.774
272.74 123.553
275.155 117.754
287.391 120.381
409.647 151.95
313.215 501.614
247.284 193.223
248.186 175.243
249.233 181.271
246.447 198.087
214.792 249.499
214.643 247.84
212.619 261.369
347.612 126.355
299.94 329.867
298.712 320.595
297.988 317.923
255.165 194.787
254.321 203.074
260.638 198.602
256.829 173.269
257.857 165.541
259.207 178.345
260.01 186.445
261.235 142.139
209.787 287.228
304.495 357.338
304.827 357.533
298.641 321.859
303.21 348.914
302.988 354.462
310.222 372.444
297.124 374.728
300.688 364.166
294.095 376.196
301.123 363.904
297.909 372.466
298.44 382.273
300.437 387.283
298.629 375.612
292.338 379.956
302.074 391.101
291.721 380.463
207.756 332.544
205.925 342.706
247.405 134.965
256.321 125.613
254.184 115.88
255.108 143.068
249.408 132.882
303.059 347.506
301.629 339.529
269.462 197.72
251.478 202.249
301.272 339.215
295.771 373.147
274.296 398.985
252.934 159.085
254.6 161.176
255.244 173.349
253.393 149.943
241.866 127.974
260.292 137.935
300.986 336.613
251.019 147.289
249.495 144.955
250.171 165.313
250.991 168.855
244.941 138.145
255.421 152.929
248.427 164.745
227.491 123.457
206.285 115.651
222.072 115.055
235.697 129.067
210.831 116.431
193.587 118.057
207.702 115.408
309.492 433.023
308.867 442.991
308.77 444.518
193.148 432.244
192.711 440.098
192.762 440.612
188.4 466.122
193.849 420.791
211.37 316.913
210.263 322.266
209.495 325.426
208.925 328.108
210.55 305.03
210.52 304.571
210.221 298.415
210.158 301.09
211.86 311.846
211.723 311.219
211.22 318.575
208.802 329.289
212.338 314.019
203.694 359.261
204.906 354.844
361.967 135.405
355.126 131.513
335.688 121.523
378.052 140.501
376.247 140.241
369.611 139.58
440.889 157.333
385.008 141.381
132.772 140.462
144.046 138.646
141.859 139.725
144.159 136.496
104.68 148.465
110.57 145.324
203.908 367.504
204.061 367.461
204.051 375.894
201.515 363.423
309.66 420.255
309.61 426.279
308.238 410.624
303.975 397.326
309.698 420.356
327.111 106.667
224.889 273.778
120 137.155
390.222 133.334
2155
0 0
0 0
0 0
0 0
0 0
0 0
0 0
0 0
0 0
0 0
0 0
0 0
0 0
0 0
0 0
0 0
0 0
0 0
0 0
0 0
0 0
0 0
0 0
0 0
0 0
0 0
0 0
0 0
0 0
0 0
0 0
0 0
0 0
0 0
0 0
0 0
0 0
0 0
0 0
0 0
0 0
0 0
0 0
0 0
0 0
0 0
0 0
0 0
0 0
0 0
0 0
0 0
0 0
0 0
0 0
16 793
0 0
0 0
0 0
0 0
0 0
0 0
0 0
0 0
0 0
0 0
0 0
0 0
0 0
0 0
0 0
0 0
0 0
0 0
0 0
0 0
0 0
0 0
0 0
0 0
0 0
0 0
0 0
0 0
0 0
0 0
0 0
0 0
0 0
0 0
0 0
0 0
0 0
0 0
0 0
0 0
0 0
0 0
0 0
0 0
0 0
0 0
0 0
793 55
0 0
0 0
0 0
0 0
0 0
0 0
0 0
0 0
0 0
0 0
0 0
0 0
0 0
0 0
0 0
0 0
0 0
0 0
0 0
0 0
0 0
0 0
0 0
0 0
0 0
0 0
0 0
0 0
0 0
0 0
0 0
0 0
55 685
0 0
0 0
0 0
0 0
0 0
0 0
0 0
0 0
0 0
0 0
0 0
0 0
0 0
0 0
0 0
0 0
0 0
0 0
0 0
0 0
0 0
0 0
0 0
0 0
0 0
0 0
0 0
0 0
0 0
0 0
0 0
0 0
0 0
0 0
0 0
0 0
0 0
0 0
0 0
0 0
0 0
0 0
0 0
0 0
0 0
0 0
0 0
0 0
0 0
0 0
0 0
0 0
0 0
0 0
0 0
0 0
0 0
0 0
0 0
0 0
0 0
0 0
0 0
0 0
0 0
0 0
0 0
0 0
0 0
0 0
0 0
0 0
0 0
0 0
0 0
729 846
0 0
0 0
0 0
0 0
0 0
0 0
0 0
0 0
0 0
0 0
0 0
0 0
0 0
0 0
0 0
0 0
0 0
0 0
0 0
0 0
0 0
0 0
0 0
0 0
0 0
0 0
0 0
0 0
0 0
0 0
0 0
0 0
0 0
0 0
0 0
0 0
0 0
0 0
0 0
0 0
0 0
0 0
0 0
0 0
0 0
0 0
0 0
0 0
0 0
0 0
0 0
0 0
0 0
0 0
0 0
0 0
0 0
0 0
0 0
0 0
0 0
0 0
0 0
0 0
0 0
0 0
0 0
0 0
0 0
0 0
0 0
0 0
0 0
0 0
0 0
0 0
0 0
0 0
0 0
0 0
0 0
0 0
0 0
0 0
0 0
0 0
0 0
0 0
0 0
0 0
0 0
0 0
0 0
0 0
0 0
0 0
0 0
0 0
0 0
0 0
0 0
0 0
0 0
0 0
0 0
0 0
0 0
0 0
0 0
0 0
0 0
0 0
0 0
0 0
0 0
0 0
0 0
0 0
0 0
0 0
0 0
0 0
0 0
0 0
0 0
0 0
0 0
0 0
0 0
0 0
0 0
0 0
0 0
0 0
0 0
0 0
0 0
0 0
0 0
0 0
0 0
0 0
0 0
0 0
0 0
0 0
0 0
0 0
0 0
0 0
0 0
0 0
0 0
0 0
0 0
0 0
0 0
0 0
0 0
0 0
0 0
0 0
0 0
0 0
0 0
0 0
0 0
0 0
0 0
0 0
0 0
0 0
0 0
0 0
0 0
0 0
0 0
0 0
0 0
0 0
0 0
0 0
0 0
0 0
0 0
0 0
0 0
0 0
0 0
0 0
0 0
0 0
0 0
0 0
0 0
0 0
0 0
0 0
0 0
0 0
0 0
0 0
0 0
0 0
0 0
0 0
0 0
0 0
0 0
0 0
0 0
0 0
0 0
0 0
0 0
0 0
0 0
0 0
0 0
0 0
0 0
0 0
0 0
0 0
0 0
0 0
0 0
0 0
0 0
0 0
0 0
0 0
0 0
0 0
0 0
0 0
0 0
0 0
685 578
0 0
0 0
0 0
0 0
0 0
0 0
578 654
0 0
0 0
0 0
0 0
0 0
0 0
0 0
0 0
0 0
0 0
0 0
0 0
0 0
0 0
0 0
0 0
0 0
0 0
0 0
0 0
0 0
0 0
0 0
0 0
0 0
0 0
0 0
0 0
0 0
0 0
0 0
0 0
0 0
0 0
0 0
0 0
0 0
0 0
0 0
0 0
0 0
0 0
0 0
0 0
0 0
0 0
0 0
0 0
0 0
0 0
0 0
0 0
0 0
0 0
0 0
0 0
0 0
0 0
0 0
0 0
0 0
0 0
0 0
0 0
0 0
0 0
0 0
0 0
0 0
0 0
0 0
0 0
0 0
0 0
0 0
0 0
0 0
0 0
0 0
0 0
0 0
0 0
0 0
0 0
0 0
0 0
0 0
0 0
0 0
0 0
0 0
0 0
0 0
0 0
0 0
0 0
0 0
0 0
0 0
0 0
0 0
0 0
0 0
0 0
0 0
0 0
0 0
0 0
0 0
0 0
0 0
0 0
0 0
0 0
0 0
0 0
0 0
0 0
0 0
0 0
0 0
0 0
0 0
0 0
0 0
0 0
0 0
0 0
0 0
0 0
0 0
0 0
0 0
0 0
0 0
0 0
0 0
0 0
0 0
0 0
0 0
0 0
0 0
0 0
0 0
0 0
0 0
0 0
0 0
0 0
0 0
0 0
0 0
0 0
0 0
0 0
0 0
0 0
0 0
0 0
0 0
0 0
0 0
0 0
0 0
0 0
0 0
0 0
0 0
0 0
0 0
0 0
0 0
0 0
0 0
0 0
0 0
0 0
0 0
0 0
0 0
0 0
0 0
0 0
0 0
0 0
0 0
0 0
0 0
0 0
0 0
0 0
0 0
0 0
0 0
0 0
0 0
0 0
0 0
0 0
0 0
0 0
0 0
0 0
0 0
0 0
0 0
0 0
0 0
0 0
0 0
0 0
0 0
0 0
0 0
0 0
0 0
0 0
0 0
0 0
0 0
0 0
0 0
0 0
0 0
0 0
0 0
0 0
0 0
0 0
0 0
0 0
0 0
0 0
0 0
0 0
578 588
0 0
0 0
0 0
0 0
0 0
0 0
0 0
0 0
0 0
0 0
0 0
0 0
0 0
0 0
0 0
0 0
0 0
0 0
0 0
0 0
0 0
0 0
0 0
0 0
0 0
0 0
0 0
0 0
0 0
0 0
0 0
0 0
0 0
0 0
0 0
0 0
0 0
0 0
0 0
0 0
0 0
0 0
0 0
0 0
0 0
0 0
0 0
0 0
0 0
0 0
0 0
0 0
0 0
0 0
0 0
0 0
0 0
0 0
0 0
0 0
0 0
0 0
0 0
0 0
0 0
0 0
0 0
0 0
0 0
0 0
0 0
0 0
0 0
0 0
0 0
0 0
0 0
0 0
0 0
0 0
0 0
0 0
0 0
0 0
0 0
0 0
0 0
0 0
0 0
0 0
0 0
0 0
0 0
0 0
0 0
0 0
0 0
0 0
0 0
0 0
0 0
0 0
0 0
0 0
0 0
0 0
0 0
0 0
0 0
0 0
0 0
0 0
0 0
0 0
0 0
0 0
0 0
0 0
0 0
0 0
0 0
0 0
0 0
0 0
0 0
0 0
0 0
0 0
0 0
0 0
0 0
0 0
0 0
0 0
0 0
0 0
0 0
0 0
0 0
0 0
0 0
0 0
0 0
0 0
0 0
0 0
0 0
0 0
0 0
0 0
0 0
0 0
0 0
0 0
0 0
0 0
0 0
0 0
0 0
0 0
0 0
0 0
0 0
0 0
0 0
0 0
0 0
0 0
0 0
0 0
0 0
0 0
0 0
0 0
0 0
0 0
0 0
0 0
0 0
0 0
0 0
0 0
0 0
0 0
0 0
0 0
0 0
0 0
0 0
0 0
0 0
0 0
0 0
0 0
0 0
0 0
0 0
0 0
0 0
0 0
0 0
0 0
0 0
0 0
0 0
0 0
0 0
0 0
0 0
0 0
0 0
0 0
0 0
0 0
0 0
0 0
0 0
0 0
0 0
0 0
0 0
0 0
0 0
0 0
0 0
0 0
0 0
0 0
0 0
0 0
0 0
0 0
0 0
0 0
0 0
0 0
0 0
0 0
0 0
0 0
0 0
0 0
0 0
0 0
0 0
0 0
0 0
0 0
0 0
0 0
0 0
0 0
0 0
0 0
0 0
0 0
0 0
0 0
0 0
0 0
0 0
0 0
0 0
0 0
0 0
0 0
0 0
0 0
0 0
0 0
0 0
0 0
0 0
0 0
0 0
0 0
0 0
0 0
0 0
0 0
0 0
0 0
0 0
0 0
0 0
0 0
0 0
0 0
0 0
0 0
0 0
0 0
0 0
0 0
0 0
0 0
0 0
0 0
0 0
0 0
0 0
0 0
0 0
0 0
0 0
0 0
0 0
0 0
0 0
0 0
0 0
0 0
0 0
0 0
0 0
0 0
0 0
0 0
0 0
0 0
0 0
0 0
0 0
0 0
0 0
0 0
0 0
0 0
0 0
0 0
0 0
0 0
0 0
0 0
0 0
0 0
0 0
0 0
0 0
0 0
0 0
0 0
0 0
0 0
0 0
0 0
0 0
0 0
0 0
0 0
0 0
0 0
0 0
0 0
0 0
0 0
0 0
0 0
0 0
0 0
0 0
0 0
0 0
0 0
0 0
0 0
0 0
0 0
0 0
0 0
0 0
0 0
0 0
0 0
0 0
0 0
0 0
0 0
0 0
0 0
0 0
0 0
0 0
0 0
0 0
0 0
0 0
0 0
0 0
0 0
0 0
0 0
0 0
0 0
0 0
0 0
0 0
0 0
0 0
0 0
0 0
0 0
0 0
0 0
0 0
0 0
0 0
0 0
0 0
0 0
0 0
0 0
0 0
0 0
0 0
0 0
0 0
0 0
0 0
0 0
0 0
0 0
0 0
0 0
0 0
0 0
0 0
0 0
0 0
0 0
0 0
0 0
0 0
0 0
0 0
0 0
0 0
0 0
0 0
0 0
0 0
0 0
0 0
0 0
0 0
0 0
0 0
0 0
0 0
0 0
0 0
0 0
0 0
0 0
0 0
0 0
0 0
0 0
0 0
0 0
0 0
0 0
0 0
0 0
0 0
0 0
0 0
0 0
0 0
0 0
0 0
0 0
0 0
0 0
0 0
0 0
0 0
0 0
0 0
0 0
0 0
0 0
0 0
0 0
0 0
0 0
0 0
0 0
0 0
0 0
0 0
0 0
0 0
0 0
0 0
0 0
0 0
0 0
0 0
0 0
0 0
0 0
0 0
0 0
0 0
0 0
0 0
0 0
0 0
0 0
0 0
0 0
0 0
0 0
0 0
0 0
0 0
0 0
0 0
0 0
0 0
0 0
0 0
0 0
0 0
0 0
0 0
0 0
0 0
0 0
0 0
0 0
0 0
0 0
0 0
0 0
0 0
0 0
0 0
0 0
0 0
0 0
0 0
0 0
0 0
0 0
0 0
0 0
0 0
0 0
0 0
0 0
0 0
0 0
0 0
0 0
0 0
0 0
0 0
0 0
0 0
0 0
0 0
0 0
0 0
0 0
0 0
0 0
0 0
0 0
0 0
0 0
0 0
0 0
0 0
0 0
0 0
0 0
0 0
0 0
0 0
0 0
0 0
0 0
0 0
0 0
0 0
0 0
0 0
0 0
0 0
0 0
0 0
0 0
0 0
0 0
0 0
0 0
0 0
0 0
0 0
0 0
0 0
0 0
0 0
0 0
0 0
0 0
0 0
0 0
0 0
0 0
0 0
0 0
0 0
0 0
0 0
0 0
0 0
0 0
0 0
0 0
0 0
0 0
0 0
0 0
0 0
0 0
0 0
0 0
0 0
0 0
0 0
0 0
0 0
0 0
0 0
0 0
0 0
0 0
0 0
0 0
0 0
0 0
0 0
0 0
0 0
0 0
0 0
0 0
0 0
0 0
0 0
0 0
0 0
0 0
0 0
0 0
0 0
0 0
0 0
0 0
0 0
0 0
0 0
0 0
0 0
0 0
0 0
0 0
0 0
0 0
0 0
0 0
0 0
0 0
0 0
0 0
0 0
0 0
0 0
0 0
0 0
0 0
0 0
0 0
0 0
0 0
0 0
0 0
0 0
0 0
0 0
0 0
0 0
0 0
0 0
0 0
0 0
0 0
0 0
0 0
0 0
0 0
0 0
0 0
0 0
0 0
0 0
0 0
0 0
0 0
0 0
0 0
0 0
0 0
0 0
0 0
0 0
0 0
0 0
0 0
0 0
0 0
0 0
0 0
0 0
0 0
0 0
0 0
0 0
0 0
0 0
0 0
0 0
0 0
0 0
0 0
0 0
0 0
0 0
0 0
0 0
0 0
0 0
0 0
0 0
0 0
0 0
0 0
0 0
0 0
0 0
0 0
0 0
0 0
0 0
0 0
0 0
0 0
0 0
0 0
0 0
0 0
0 0
0 0
0 0
0 0
0 0
0 0
0 0
0 0
0 0
0 0
0 0
0 0
0 0
0 0
0 0
0 0
0 0
0 0
0 0
0 0
0 0
0 0
0 0
0 0
0 0
0 0
0 0
0 0
0 0
0 0
0 0
0 0
0 0
0 0
0 0
0 0
0 0
0 0
0 0
0 0
0 0
0 0
0 0
0 0
0 0
0 0
0 0
0 0
0 0
0 0
0 0
0 0
0 0
0 0
0 0
0 0
0 0
0 0
0 0
0 0
0 0
0 0
0 0
0 0
0 0
0 0
0 0
0 0
0 0
0 0
0 0
0 0
0 0
0 0
0 0
0 0
0 0
0 0
0 0
0 0
0 0
0 0
0 0
0 0
0 0
0 0
0 0
0 0
0 0
0 0
0 0
0 0
0 0
0 0
0 0
0 0
0 0
0 0
0 0
0 0
0 0
0 0
0 0
0 0
0 0
0 0
0 0
0 0
0 0
0 0
0 0
0 0
0 0
0 0
0 0
0 0
0 0
0 0
0 0
0 0
0 0
0 0
0 0
0 0
0 0
0 0
0 0
0 0
0 0
0 0
0 0
0 0
0 0
0 0
0 0
0 0
0 0
0 0
0 0
0 0
0 0
0 0
0 0
0 0
0 0
0 0
0 0
0 0
0 0
0 0
0 0
0 0
0 0
0 0
0 0
0 0
0 0
0 0
0 0
0 0
0 0
0 0
0 0
0 0
0 0
0 0
0 0
0 0
0 0
0 0
0 0
0 0
0 0
0 0
0 0
0 0
0 0
0 0
0 0
0 0
0 0
0 0
0 0
0 0
0 0
0 0
0 0
0 0
0 0
0 0
0 0
0 0
0 0
0 0
0 0
0 0
0 0
0 0
0 0
0 0
0 0
0 0
0 0
0 0
0 0
0 0
0 0
0 0
0 0
0 0
0 0
0 0
0 0
0 0
0 0
0 0
0 0
0 0
0 0
0 0
0 0
0 0
0 0
0 0
0 0
0 0
0 0
0 0
0 0
0 0
0 0
0 0
0 0
0 0
0 0
0 0
0 0
0 0
0 0
0 0
0 0
0 0
0 0
0 0
0 0
0 0
0 0
0 0
0 0
0 0
0 0
0 0
0 0
0 0
0 0
0 0
0 0
0 0
0 0
0 0
0 0
0 0
0 0
0 0
0 0
0 0
0 0
0 0
0 0
0 0
0 0
0 0
0 0
0 0
0 0
0 0
0 0
0 0
0 0
0 0
0 0
0 0
0 0
0 0
0 0
0 0
0 0
0 0
0 0
0 0
0 0
0 0
0 0
0 0
0 0
0 0
0 0
0 0
0 0
0 0
0 0
0 0
0 0
0 0
0 0
0 0
0 0
0 0
0 0
0 0
0 0
0 0
0 0
0 0
0 0
0 0
0 0
0 0
0 0
0 0
0 0
0 0
0 0
0 0
0 0
0 0
0 0
0 0
0 0
0 0
0 0
0 0
0 0
0 0
0 0
0 0
0 0
0 0
0 0
0 0
0 0
0 0
0 0
0 0
0 0
0 0
0 0
0 0
0 0
0 0
0 0
0 0
0 0
0 0
0 0
0 0
0 0
0 0
0 0
0 0
0 0
0 0
0 0
0 0
0 0
0 0
0 0
0 0
0 0
0 0
0 0
0 0
0 0
0 0
0 0
0 0
0 0
0 0
0 0
0 0
0 0
0 0
0 0
0 0
0 0
0 0
0 0
0 0
0 0
0 0
0 0
0 0
0 0
0 0
0 0
0 0
0 0
0 0
0 0
0 0
0 0
0 0
0 0
0 0
0 0
0 0
0 0
0 0
0 0
0 0
0 0
0 0
0 0
0 0
0 0
0 0
0 0
0 0
0 0
0 0
0 0
0 0
0 0
0 0
0 0
0 0
0 0
0 0
0 0
0 0
0 0
0 0
0 0
0 0
0 0
0 0
0 0
0 0
0 0
0 0
0 0
0 0
0 0
0 0
0 0
0 0
0 0
0 0
0 0
0 0
0 0
0 0
0 0
0 0
0 0
0 0
0 0
0 0
0 0
0 0
0 0
0 0
0 0
0 0
0 0
0 0
0 0
0 0
0 0
0 0
0 0
0 0
0 0
0 0
0 0
0 0
0 0
0 0
0 0
0 0
0 0
0 0
0 0
0 0
0 0
0 0
0 0
0 0
0 0
0 0
0 0
0 0
0 0
0 0
0 0
0 0
0 0
0 0
0 0
0 0
0 0
0 0
0 0
0 0
0 0
0 0
0 0
0 0
0 0
0 0
0 0
0 0
0 0
0 0
0 0
0 0
0 0
0 0
0 0
0 0
0 0
0 0
0 0
0 0
0 0
0 0
0 0
0 0
0 0
0 0
0 0
0 0
0 0
0 0
0 0
0 0
0 0
0 0
0 0
0 0
0 0
0 0
0 0
0 0
0 0
0 0
0 0
0 0
0 0
0 0
0 0
0 0
0 0
0 0
0 0
0 0
0 0
0 0
0 0
0 0
0 0
0 0
0 0
0 0
0 0
0 0
0 0
0 0
0 0
0 0
0 0
0 0
0 0
0 0
0 0
0 0
0 0
0 0
0 0
0 0
0 0
0 0
0 0
0 0
0 0
0 0
0 0
0 0
0 0
0 0
0 0
0 0
0 0
0 0
0 0
0 0
0 0
0 0
0 0
0 0
0 0
0 0
0 0
0 0
0 0
0 0
0 0
0 0
0 0
0 0
0 0
0 0
0 0
0 0
0 0
0 0
0 0
0 0
0 0
0 0
0 0
0 0
0 0
0 0
0 0
0 0
0 0
0 0
0 0
0 0
0 0
0 0
0 0
0 0
0 0
0 0
0 0
0 0
0 0
0 0
0 0
0 0
0 0
0 0
0 0
0 0
0 0
0 0
0 0
0 0
0 0
0 0
0 0
0 0
0 0
0 0
0 0
0 0
0 0
0 0
0 0
0 0
0 0
0 0
0 0
0 0
0 0
0 0
0 0
0 0
0 0
0 0
0 0
0 0
0 0
0 0
0 0
0 0
0 0
0 0
0 0
0 0
0 0
0 0
0 0
0 0
0 0
578 886
0 0
685 887
887 729
654 888
888 709
886 889
889 869
2147
0 1
507 0
1 2
506 1
507 1
1 767
2 3
767 2
3 4
614 3
767 3
4 5
614 4
5 6
614 5
6 7
6 565
614 6
7 8
7 565
8 9
565 8
9 10
565 9
577 9
10 11
535 10
10 577
11 12
11 13
535 11
12 13
13 14
535 13
842 13
14 15
14 842
15 16
842 15
16 17
16 840
842 16
16 882
17 18
17 882
18 19
882 18
19 20
19 881
882 19
19 883
20 21
883 20
21 22
883 21
22 23
800 22
22 883
23 24
25 23
23 800
802 23
23 818
24 25
25 26
818 25
26 27
29 26
30 26
26 818
27 28
27 29
28 29
29 30
30 31
30 818
31 32
818 31
32 33
32 804
32 818
33 34
33 804
34 35
36 34
34 796
804 34
817 34
35 36
36 37
817 36
37 38
37 817
38 39
38 40
38 817
39 40
40 41
40 536
40 793
40 817
41 42
41 793
42 43
42 793
43 44
43 793
816 43
44 45
44 816
45 46
45 47
546 45
45 816
46 47
47 48
47 546
47 670
48 49
670 48
49 50
49 644
49 670
50 51
644 50
51 52
641 51
51 644
52 53
52 641
53 54
641 53
54 55
640 54
54 641
54 672
55 56
672 55
55 673
56 57
56 544
673 56
674 56
56 680
57 58
544 57
58 59
58 544
59 60
59 544
59 855
60 61
855 60
60 857
61 62
857 61
62 63
857 62
63 64
857 63
63 860
64 65
860 64
65 66
65 859
860 65
66 67
66 859
67 68
67 859
861 67
68 69
68 861
862 68
69 70
862 69
70 71
862 70
71 72
735 71
862 71
72 73
72 735
73 74
735 73
74 75
547 74
74 735
75 76
75 547
76 77
76 547
727 76
77 78
77 727
78 79
78 726
78 727
79 80
79 726
80 81
80 84
80 726
81 82
81 83
84 81
82 83
83 84
84 85
726 84
85 86
85 726
86 87
726 86
729 86
87 88
729 87
730 87
88 89
730 88
89 90
89 730
90 91
730 90
90 846
91 92
846 91
92 93
843 92
845 92
846 92
93 94
93 845
94 95
94 845
95 96
95 845
96 97
98 96
96 538
845 96
97 98
98 99
538 98
98 580
99 100
580 99
100 101
580 100
618 100
101 102
101 618
102 103
618 102
648 102
103 104
648 103
104 105
648 104
105 106
107 105
564 105
648 105
106 107
107 108
107 109
110 107
107 564
108 109
109 110
110 111
110 564
111 112
111 564
111 725
112 113
112 725
113 114
115 113
116 113
725 113
114 115
115 116
116 117
116 725
117 118
725 117
118 119
118 564
725 118
119 120
119 564
119 648
120 121
120 648
121 122
618 121
648 121
122 123
618 122
123 124
123 580
618 123
124 125
124 571
124 580
125 126
125 571
126 127
571 126
127 128
127 571
844 127
128 129
844 128
129 130
844 129
130 131
843 130
130 844
130 847
131 132
131 847
132 133
847 132
133 134
133 539
133 847
134 135
134 539
134 731
135 136
135 731
136 137
136 731
137 138
731 137
733 137
138 139
138 733
139 140
733 139
139 879
140 141
879 140
141 142
877 141
879 141
142 143
142 877
880 142
143 144
143 880
144 145
144 880
145 146
880 145
146 147
146 880
147 148
543 147
738 147
880 147
148 149
738 148
149 150
738 149
805 149
150 151
150 805
151 152
151 805
151 851
152 153
851 152
153 154
851 153
154 155
154 848
851 154
155 156
848 155
155 853
156 157
156 853
157 158
787 157
853 157
158 159
158 787
159 160
787 159
160 161
787 160
161 162
682 161
161 787
162 163
682 162
162 774
163 164
774 163
164 165
164 773
774 164
165 166
773 165
166 167
168 166
166 576
166 773
167 168
168 169
557 168
168 576
169 170
557 169
170 171
557 170
171 172
557 171
172 173
557 172
173 174
173 557
173 579
174 175
176 174
174 568
174 579
175 176
176 177
568 176
645 176
177 178
645 177
178 179
178 645
179 180
645 179
180 181
615 180
180 645
180 768
181 182
768 181
182 183
768 182
182 769
183 184
183 769
184 185
184 769
184 832
185 186
832 185
186 187
186 832
187 188
187 830
832 187
187 836
188 189
188 836
189 190
836 189
837 189
190 191
837 190
838 190
191 192
191 838
192 193
654 192
192 838
193 194
193 654
194 195
654 194
655 194
195 196
195 655
196 197
196 655
196 719
197 198
719 197
198 199
549 198
719 198
199 200
549 199
873 199
200 201
873 200
201 202
201 873
202 203
202 873
203 204
873 203
874 203
204 205
874 204
205 206
205 709
874 205
875 205
206 207
206 875
207 208
207 875
208 209
208 514
875 208
209 210
209 514
715 209
210 211
715 210
211 212
211 715
212 213
715 212
213 214
213 715
716 213
214 215
214 716
215 216
537 215
215 716
216 217
537 216
569 216
217 218
217 569
218 219
221 218
569 218
219 220
221 219
220 221
221 222
569 221
221 570
222 223
222 570
222 591
223 224
591 223
224 225
224 227
591 224
225 226
227 225
226 227
227 228
227 239
240 227
591 227
228 229
230 228
228 237
228 238
228 239
229 230
230 231
235 230
230 236
230 237
231 232
235 231
232 233
234 232
235 232
233 234
234 235
235 236
236 237
237 238
238 239
239 240
240 241
591 240
241 242
591 241
242 243
242 591
243 244
243 591
244 245
570 244
244 591
245 246
245 570
246 247
246 570
616 246
247 248
616 247
248 249
248 250
537 248
616 248
249 250
250 251
537 250
713 250
251 252
713 251
714 251
252 253
252 714
253 254
714 253
254 255
254 714
254 876
255 256
876 255
256 257
256 876
257 258
257 710
257 876
258 259
258 710
259 260
259 261
259 710
260 261
261 262
261 710
871 261
262 263
871 262
872 262
263 264
872 263
264 265
264 872
265 266
265 267
265 718
872 265
266 267
267 268
718 267
268 269
268 548
653 268
268 718
269 270
269 272
653 269
270 271
270 272
271 272
272 273
653 272
273 274
651 273
273 653
274 275
274 619
274 651
275 276
275 277
275 619
276 277
277 278
619 277
278 279
278 619
649 278
279 280
649 279
280 281
578 280
649 280
281 282
283 281
281 578
282 283
283 284
283 578
283 582
284 285
284 286
582 284
285 286
286 287
286 582
585 286
287 288
585 287
288 289
585 288
288 588
289 290
289 588
290 291
290 588
290 621
291 292
621 291
292 293
292 621
293 294
590 293
293 621
294 295
590 294
595 294
596 294
295 296
295 595
296 297
595 296
297 298
595 297
298 299
595 298
299 300
554 299
595 299
300 301
554 300
301 302
301 554
302 303
302 554
303 304
554 303
304 305
304 554
594 304
305 306
594 305
306 307
594 306
307 308
307 594
308 309
594 308
628 308
309 310
628 309
310 311
628 310
664 310
311 312
664 311
312 313
312 558
664 312
313 314
558 313
314 315
558 314
314 605
315 316
315 605
316 317
316 605
316 607
317 318
606 317
607 317
318 319
318 606
318 757
319 320
319 757
320 321
320 757
758 320
321 322
758 321
322 323
604 322
758 322
323 324
323 555
323 604
632 323
324 325
555 324
325 326
325 555
326 327
326 555
602 326
327 328
327 602
328 329
328 602
629 328
329 330
329 629
330 331
330 629
330 630
331 332
630 331
332 333
332 630
333 334
333 630
333 865
334 335
334 865
335 336
865 335
868 335
336 337
336 868
337 338
868 337
869 337
338 339
869 338
339 340
339 342
339 343
339 344
339 560
869 339
340 341
340 342
341 342
342 343
343 344
344 345
344 560
345 346
345 560
345 609
346 347
346 609
766 346
347 348
766 347
348 349
766 348
349 350
561 349
766 349
350 351
350 561
351 352
351 561
721 351
352 353
550 352
721 352
739 352
353 354
739 353
354 355
354 739
355 356
355 739
356 357
575 356
739 356
357 358
357 575
358 359
378 358
379 358
358 575
359 360
378 359
360 361
377 360
360 378
361 362
361 374
377 361
362 363
374 362
363 364
373 363
363 374
364 365
371 364
364 373
365 366
365 370
365 371
366 367
366 369
366 370
367 368
367 369
368 369
369 370
370 371
371 372
373 371
372 373
373 374
374 375
376 374
374 377
375 376
376 377
377 378
378 379
379 380
575 379
380 381
383 380
380 384
380 574
575 380
381 382
383 381
382 383
383 384
384 385
574 384
385 386
385 574
386 387
386 574
387 388
387 550
387 574
722 387
388 389
388 722
389 390
389 722
390 391
722 390
390 723
391 392
723 391
392 393
723 392
393 394
723 393
393 724
394 395
724 394
395 396
395 397
724 395
396 397
397 398
610 397
397 724
398 399
398 610
398 870
399 400
399 870
400 401
400 870
401 402
401 867
401 870
402 403
402 867
403 404
403 867
404 405
404 864
404 867
405 406
864 405
406 407
775 406
864 406
407 408
407 631
407 775
408 409
631 408
409 410
409 631
410 411
603 410
631 410
662 410
411 412
411 662
412 413
412 662
412 663
413 414
593 413
663 413
414 415
593 414
415 416
553 415
593 415
416 417
416 553
417 418
553 417
418 419
418 553
418 624
419 420
592 419
624 419
420 421
420 592
421 422
421 592
622 421
422 423
622 422
422 702
423 424
702 423
424 425
424 702
425 426
428 425
700 425
425 702
426 427
428 426
427 428
428 429
700 428
428 705
429 430
705 429
430 431
705 430
706 430
431 432
431 706
431 708
432 433
708 432
433 434
433 611
433 708
434 435
434 611
435 436
611 435
436 437
436 611
437 438
439 437
437 611
438 439
439 440
442 439
563 439
611 439
440 441
440 442
441 442
442 443
442 563
442 612
443 444
443 612
443 633
444 445
633 444
445 446
445 633
446 447
446 449
633 446
634 446
447 448
449 447
448 449
449 450
449 634
450 451
634 450
450 636
451 452
451 636
451 777
452 453
452 777
453 454
453 777
454 455
777 454
454 812
455 456
455 812
456 457
456 812
457 458
789 457
812 457
458 459
458 789
459 460
459 789
460 461
712 460
460 789
461 462
461 712
462 463
474 462
712 462
463 464
463 474
464 465
464 473
474 464
465 466
465 473
466 467
472 466
466 473
467 468
471 467
467 472
468 469
468 470
468 471
469 470
470 471
471 472
472 473
473 474
474 475
474 712
797 474
475 476
475 797
801 475
476 477
801 476
477 478
477 801
477 803
478 479
478 803
479 480
803 479
480 481
803 480
884 480
481 482
884 481
482 483
482 884
483 484
884 483
483 885
484 485
484 885
485 486
885 485
486 487
840 486
841 486
486 885
487 488
487 841
488 489
488 841
489 490
489 535
489 841
490 491
535 490
491 492
491 535
577 491
492 493
565 492
577 492
493 494
493 565
494 495
565 494
495 496
495 565
495 614
496 497
614 496
767 496
497 498
497 767
498 499
498 767
499 500
499 503
767 499
500 501
502 500
500 503
501 502
502 503
503 504
767 503
504 505
504 767
505 506
505 767
506 507
767 506
508 583
508 740
508 742
750 508
835 508
839 508
584 509
509 678
679 509
684 509
509 685
509 690
510 589
510 608
620 510
743 510
752 510
753 510
536 511
788 511
511 791
792 511
511 794
511 795
659 512
786 512
807 512
811 512
512 822
512 824
827 512
513 553
513 593
513 658
513 660
661 513
513 786
514 713
514 714
514 715
514 875
514 876
515 554
515 594
595 515
515 596
515 597
515 598
650 516
516 651
516 652
654 516
834 516
516 839
517 736
517 737
517 806
850 517
517 861
617 518
674 518
518 677
518 680
681 518
689 518
772 518
848 519
849 519
519 850
852 519
519 854
856 519
858 519
520 613
520 638
639 520
520 666
520 668
687 520
521 555
601 521
603 521
627 521
521 632
521 662
521 762
521 765
556 522
601 522
602 522
522 603
522 629
522 630
522 631
775 522
523 635
643 523
669 523
778 523
790 523
524 665
673 524
674 524
524 675
677 524
524 678
684 524
525 557
576 525
579 525
525 584
525 647
679 525
657 526
694 526
526 699
780 526
781 526
527 582
585 527
527 586
620 527
743 527
744 527
528 558
528 589
528 599
600 528
605 528
528 607
528 608
612 529
633 529
634 529
529 635
529 637
643 529
622 530
530 656
657 530
530 701
530 702
531 770
531 785
531 814
821 531
829 531
586 532
532 588
589 532
532 590
532 597
599 532
621 532
533 637
638 533
533 640
641 533
642 533
533 643
560 534
561 534
609 534
534 610
534 724
534 766
535 577
535 841
535 842
536 792
536 793
794 536
536 817
569 537
537 616
713 537
716 537
538 571
580 538
844 538
538 845
539 728
539 730
731 539
539 846
847 539
788 540
789 540
791 540
540 812
540 813
805 541
806 541
849 541
541 850
851 541
547 542
573 542
581 542
732 542
542 734
542 736
542 878
737 543
738 543
877 543
878 543
880 543
544 680
681 544
854 544
544 855
563 545
545 611
545 613
687 545
545 707
545 708
669 546
670 546
790 546
546 816
547 573
547 581
547 727
735 547
652 548
548 653
548 655
548 718
548 719
549 718
719 549
872 549
549 873
574 550
550 721
550 722
739 550
551 799
551 800
803 551
551 883
884 551
552 750
823 552
552 826
830 552
833 552
552 835
593 553
624 553
658 553
594 554
595 554
555 601
555 602
555 632
556 630
775 556
864 556
865 556
557 576
557 579
598 558
558 600
605 558
558 664
768 559
559 769
559 770
828 559
559 831
832 559
560 609
610 560
869 560
721 561
722 561
561 723
724 561
766 561
681 562
562 682
689 562
787 562
562 852
853 562
854 562
611 563
612 563
563 613
564 648
725 564
577 565
565 614
578 566
566 582
566 583
740 566
744 566
566 745
568 567
587 567
567 615
671 567
567 691
692 567
579 568
587 568
615 568
568 645
570 569
569 616
591 570
570 616
571 580
844 571
572 581
572 726
727 572
729 572
572 734
573 735
573 736
573 861
862 573
574 575
739 574
575 739
647 576
576 772
576 773
578 582
578 583
649 578
584 579
587 579
580 618
581 727
734 581
582 585
744 582
583 619
649 583
583 650
583 740
839 583
584 587
679 584
690 584
584 691
586 585
588 585
586 588
586 589
586 620
691 587
588 621
589 599
589 608
620 589
590 596
590 597
621 590
592 622
624 592
625 592
592 656
593 660
593 663
598 594
594 628
595 596
596 597
598 597
597 599
597 600
598 600
598 628
664 598
599 600
602 601
601 603
629 602
631 603
662 603
632 604
754 604
758 604
604 762
764 604
607 605
606 607
606 608
606 756
606 757
607 608
748 608
608 753
756 608
609 766
724 610
869 610
870 610
611 708
613 612
612 633
612 637
639 612
613 639
613 687
767 614
645 615
615 671
615 768
771 615
647 617
617 677
617 678
617 679
617 772
618 648
619 649
619 650
619 651
743 620
622 656
622 702
656 623
657 623
623 781
784 623
785 623
625 624
624 658
656 625
625 658
783 625
625 784
626 660
626 661
626 761
762 626
626 763
765 626
627 660
627 662
627 663
627 765
664 628
629 630
865 630
775 631
762 632
634 633
635 634
636 634
635 636
635 643
778 635
777 636
778 636
637 638
637 639
637 643
639 638
640 638
666 638
640 641
666 640
640 672
641 642
641 644
643 642
642 644
669 642
642 670
669 643
644 670
646 671
692 646
646 770
646 771
646 814
646 815
647 679
647 772
650 651
650 839
652 651
653 651
652 653
652 654
655 652
655 654
654 834
654 838
719 655
656 657
784 656
698 657
699 657
657 701
657 781
658 659
658 783
658 786
783 659
786 659
820 659
822 659
661 660
660 663
660 765
763 661
661 786
824 661
662 663
666 665
672 665
665 673
665 675
683 665
668 666
666 672
666 683
668 667
667 685
686 667
667 688
667 695
696 667
697 667
668 675
683 668
686 668
668 687
688 668
669 670
669 790
671 692
771 671
672 673
673 674
677 674
680 674
683 675
684 675
675 686
676 687
688 676
697 676
703 676
676 706
676 707
677 678
679 678
678 684
681 680
681 689
681 854
682 689
772 682
682 774
787 682
684 685
686 684
686 685
685 690
693 685
696 685
687 688
687 707
697 688
689 772
690 691
692 690
693 690
692 691
692 693
694 692
692 780
815 692
693 694
693 696
694 695
694 696
694 699
694 780
696 695
697 695
695 699
695 704
697 703
704 697
699 698
701 698
698 703
704 698
704 699
701 700
702 700
703 700
700 705
702 701
703 701
704 703
705 703
706 703
706 705
707 706
708 706
708 707
709 710
709 871
874 709
709 875
876 709
710 871
710 876
711 712
711 788
789 711
711 795
711 797
789 712
797 712
713 714
715 713
713 716
876 714
715 716
717 776
717 778
790 717
791 717
813 717
825 717
719 718
718 872
720 794
720 796
720 798
799 720
800 720
720 802
721 722
722 723
724 723
726 727
726 729
729 728
730 728
731 728
733 728
728 734
729 730
734 729
730 846
731 733
733 732
734 732
877 732
732 878
732 879
734 733
733 879
862 735
736 737
861 736
736 878
738 737
806 737
737 878
805 738
806 738
740 742
740 745
742 741
749 741
751 741
752 741
741 809
741 810
742 745
742 749
742 750
742 751
743 744
749 743
752 743
745 744
744 749
749 745
746 750
751 746
746 810
746 823
752 747
753 747
759 747
747 809
748 753
748 756
759 748
748 760
752 749
751 750
750 823
835 750
751 810
753 752
752 809
753 759
756 754
757 754
758 754
760 754
764 754
755 759
755 760
755 761
763 755
755 808
755 809
757 756
756 760
758 757
759 760
809 759
761 760
764 760
762 761
761 763
761 764
764 762
765 762
808 763
824 763
768 769
770 768
771 768
769 832
771 770
770 814
770 828
829 770
773 772
774 772
774 773
864 775
776 777
776 778
776 812
776 813
778 777
777 812
790 778
780 779
779 781
779 785
814 779
779 815
781 780
780 815
785 781
782 783
784 782
782 785
820 782
782 821
784 783
820 783
785 784
814 785
821 785
824 786
853 787
788 789
791 788
795 788
812 789
816 790
825 790
792 791
813 791
791 825
792 793
825 792
816 793
793 825
795 794
794 796
798 794
817 794
797 795
795 798
796 802
796 804
817 796
798 797
801 797
798 799
801 798
800 799
799 801
799 803
800 802
800 883
803 801
804 802
818 802
884 803
818 804
806 805
851 805
806 850
811 807
823 807
807 826
827 807
808 809
810 808
811 808
808 824
809 810
811 810
823 810
823 811
811 824
812 813
815 814
816 825
819 820
821 819
822 819
819 826
827 819
828 819
819 829
820 821
820 822
829 821
827 822
823 826
826 827
826 828
830 826
826 831
829 828
831 828
830 831
832 830
833 830
830 836
831 832
833 835
836 833
833 837
834 835
834 837
838 834
834 839
837 835
839 835
836 837
837 838
841 840
840 842
882 840
885 840
842 841
844 843
843 845
846 843
843 847
844 845
847 846
848 849
848 851
848 852
853 848
850 849
851 849
850 858
859 850
861 850
853 852
854 852
854 855
856 854
856 855
857 855
857 856
856 858
856 860
860 857
859 858
858 860
860 859
861 859
862 861
863 864
863 865
863 867
868 863
865 864
864 867
868 865
866 867
868 866
869 866
866 870
867 868
870 867
869 868
869 870
872 871
873 871
871 874
873 872
874 873
875 876
877 878
879 877
877 880
882 881
883 881
884 881
881 885
885 882
883 884
884 885
