875
318 503
313 501
308 502
303 502
299 499
299 494
299 489
302 485
304 480
305 475
305 470
305 465
305 460
305 455
304 450
302 445
301 440
300 435
298 430
296 425
294 420
291 415
288 410
287 405
288 400
288 395
288 390
288 385
287 380
286 375
286 370
282 367
282 362
280 357
275 353
270 350
271 345
272 340
271 335
269 330
267 325
267 320
266 315
264 311
263 306
267 301
266 296
262 292
261 287
258 282
253 282
250 285
250 290
245 291
244 296
243 301
245 306
244 311
244 316
242 321
241 326
241 331
239 335
236 340
236 345
235 350
230 354
226 358
228 363
226 368
223 372
222 377
221 382
219 387
220 392
220 397
220 402
218 407
217 412
215 417
214 422
212 427
210 432
209 437
208 442
207 447
206 452
205 457
205 462
204 467
204 472
204 477
204 482
206 487
208 492
208 497
208 502
203 502
198 502
193 501
188 502
183 502
178 502
173 502
168 502
163 499
162 494
163 489
168 485
172 480
174 475
174 470
174 465
174 460
174 455
174 450
174 445
175 440
175 435
176 430
176 425
175 420
173 415
171 410
171 405
171 400
172 395
175 390
178 385
178 380
176 375
177 370
181 365
181 360
180 355
179 350
175 345
175 340
175 335
176 330
177 325
178 320
173 317
168 317
167 313
167 308
167 303
167 298
167 293
167 288
169 283
171 278
173 273
173 268
172 263
174 260
179 260
184 261
189 260
190 255
193 250
194 245
192 240
193 235
193 230
195 225
198 222
203 220
203 215
203 210
203 205
205 200
204 195
202 191
201 186
202 181
203 176
200 173
199 168
197 163
196 158
199 155
200 150
197 145
192 148
187 150
182 152
177 155
176 160
173 164
168 167
163 167
158 170
153 173
149 177
144 179
139 182
134 183
129 186
124 188
119 189
114 193
109 196
105 198
100 201
95 204
91 207
87 210
85 215
80 219
75 220
70 223
65 228
61 232
56 235
51 235
47 232
49 227
54 223
53 220
48 223
43 225
38 228
33 230
28 232
23 234
18 235
13 234
10 229
14 227
19 223
24 220
29 217
34 214
39 212
44 208
49 206
54 204
59 201
64 197
68 193
73 189
78 185
83 184
86 180
91 178
95 175
99 171
103 169
104 164
108 163
112 161
114 156
119 155
124 153
129 151
134 149
139 146
144 141
149 137
154 136
159 133
164 129
168 126
172 122
174 118
178 113
183 109
188 107
193 105
198 103
203 102
206 100
211 98
216 96
220 94
225 94
230 93
231 89
230 84
226 80
222 76
218 71
216 67
220 64
222 60
219 59
216 60
217 55
220 50
217 49
212 53
207 55
208 50
212 45
207 45
202 46
203 42
206 38
211 35
212 33
207 32
202 31
197 29
199 28
204 26
209 24
214 22
219 22
224 22
221 19
216 18
211 18
211 16
216 14
221 13
226 13
231 13
236 13
234 9
233 7
238 7
243 7
248 9
253 11
258 13
262 15
261 10
262 7
267 10
272 14
276 19
279 24
283 29
287 25
291 21
292 25
292 30
292 35
290 40
286 44
286 49
286 54
286 59
287 64
290 67
289 72
285 77
281 81
278 86
279 90
281 94
286 94
291 95
296 97
301 98
306 100
309 103
314 106
319 106
324 109
329 112
333 115
337 118
339 123
343 128
348 131
353 134
358 137
363 138
367 141
372 145
377 148
382 151
387 153
392 155
397 156
401 161
405 164
409 168
414 172
417 176
422 178
426 183
431 185
436 190
441 194
445 198
450 201
455 204
460 205
465 208
470 212
475 215
480 218
485 220
490 223
495 226
499 229
497 233
492 234
487 232
482 232
477 230
472 229
467 226
462 223
457 219
457 223
457 228
453 232
448 233
444 230
441 225
437 222
432 219
427 215
423 211
419 207
415 204
410 201
405 198
400 195
395 193
390 191
385 188
380 186
375 184
370 182
365 179
360 175
355 172
350 169
345 167
340 166
336 163
334 158
329 156
324 153
319 150
314 146
310 149
311 154
311 159
311 164
311 169
308 174
306 179
305 184
305 189
305 194
305 199
305 204
304 209
303 214
305 219
310 221
314 224
315 229
316 234
317 239
314 244
315 249
317 254
320 259
325 262
330 262
334 265
336 270
337 275
338 280
339 285
340 290
341 295
342 300
342 305
342 310
341 315
337 316
332 318
332 323
333 328
333 333
333 338
333 343
331 347
327 352
327 357
327 362
326 367
330 370
331 375
332 380
334 385
335 390
337 395
337 400
339 405
336 409
333 414
334 419
333 424
333 429
333 434
333 439
333 444
333 449
332 454
332 459
332 464
333 469
334 474
336 479
338 484
343 488
346 493
346 498
343 502
338 503
333 503
328 503
323 503
319 503
247.094 39.8125
255.287 104.356
226.826 258.826
203.558 124.144
254.236 187.553
194.316 409.374
207.516 328.503
203 362.5
207.76 291.352
302.461 291.308
279.547 253.491
301.917 331.417
306.5 373.5
313.225 415.21
279.669 186.5
237.309 217.5
229.305 192.539
188.33 300.5
254.683 68.6098
326.928 134.965
372.558 164.428
266.225 38.3197
313.099 276.168
316.361 339.389
152.633 154.633
233.459 276.299
125.423 169.577
225.382 116.97
224.239 326.998
222.839 105.524
83.1667 196.833
93.8571 190.143
356.05 153.512
321.109 486.455
236.199 51.9602
207.987 261.795
205.262 399.252
192.821 338.672
282.589 280.895
285.858 321.428
319.198 398.36
281.429 156.907
215.978 186
220.868 208.374
178.559 306.794
314.277 123.244
387.786 171.071
225.087 307.841
272.514 286.492
295.194 164.708
414.321 188.73
239.169 107.901
212.274 113.878
178.137 295.407
285.906 298.733
276.145 295.966
277.716 309.024
237.832 27.9431
193.308 375.262
215.032 362.971
209.668 346.087
222.714 342.643
209.3 355.499
197.157 350.908
192.057 360.747
188.242 347.181
302.208 404.958
266.356 26.2534
273.895 32.369
256.122 32.1763
324.765 273.885
322.174 291.594
320.352 282.283
105.091 183.376
345.024 155.749
336.981 144.482
205.609 410.608
190.508 394.275
282.511 125.445
296.14 114.676
236.121 161.797
217.379 163.811
218.797 197.105
282.085 171.795
294.746 149.454
231.653 102.255
201.337 113.425
276.586 318.64
234.866 39.8055
214.145 336.616
228.155 335.276
218.422 351.591
303.001 415.151
312.132 405.339
322.809 409.083
322.978 419.907
312.555 429.076
114.072 174.73
122.688 178.632
327.595 144.329
336.469 134.955
196.528 400.786
183.229 404.14
184.857 415.05
196.872 424.351
186.458 425.392
188.263 384.231
201.858 385.975
208.554 374.535
210.613 383.42
228.984 176.341
293.491 177.227
266.528 176.79
301.306 156.895
290.346 157.217
281.357 141.155
301.933 134.427
204.98 419.857
224.97 184.523
275.586 178.278
271.263 164.813
253.568 164.743
262.402 168.235
285.754 149.011
256.116 131.403
302.211 143.792
292.012 138.914
270.22 132.439
266.422 148.765
272.356 155.73
264.219 117.619
272.119 141.486
263.566 126.508
249.555 118.273
270.095 104.023
236.644 132.928
237.334 120.125
247.965 109.479
256.669 113.064
262.369 89.8887
276.264 114.756
286.207 116.114
282.621 105.289
246.071 128.218
262.573 98.9557
292.237 105.868
63.0484 212.726
73.6578 205.476
288.888 342.435
271.074 67.938
315.849 323.245
164.815 154.95
158.96 145.731
248.661 260.533
367.018 154.865
362.024 164.144
330.568 492.202
311.194 490.46
250.92 54.2029
241.855 64.2655
230.876 68.3539
244.294 48.2607
257.111 44.853
269.806 52.9395
244.017 78.9926
262.585 61.1029
275.344 43.8345
276.42 59.9333
235.204 76.4439
255.661 80.2839
267.444 79.1998
248.445 92.211
240.276 87.5963
219.204 271.715
217.692 262.123
215.128 240.718
218.884 251.124
203.776 238.972
236.465 238.898
229.698 247.92
241.95 250.061
211.094 229.171
262.456 233.057
283.314 224.775
237.705 260.167
214.449 218.052
225.027 230.781
257.248 247.644
225.901 218.679
228.162 268.315
222.265 286.652
204.932 276.551
190.179 284.053
207.241 250.133
224.481 240.136
235.497 228.144
249.973 225.132
270.116 244.015
274.441 232.835
289.184 240.15
302.458 236.492
279.966 243.642
265.315 262.323
265.595 252.613
271.898 273.519
261.497 272.102
275.962 263.596
296.159 265.073
286.263 261.562
295.267 251.885
288.153 271.937
300.012 277.669
250.571 271.319
305.66 257.806
306.152 268.295
233.809 287.905
227.003 296.804
215.561 300.503
212.215 314.697
201.945 304.21
214.231 280.517
197.879 267.396
200.026 285.159
179.525 284.817
251.061 237.212
252.629 206.402
293.449 229.713
292.655 218.471
277.458 206.021
283.193 214.521
268.109 218.514
291.082 203.013
304.079 246.625
292.553 286.047
243.195 277.863
221.861 317.295
232.57 315.672
191.748 314.797
187.103 272.523
197.122 295.074
247.325 215.203
257.919 215.589
265.031 205.378
258.127 197.378
269.996 194.114
282.546 196.712
293.206 191.204
201.98 314.448
233.522 204.951
242.741 194.897
237.68 184.271
243.162 204.537
325.64 123.667
315.475 134.638
382.573 162.245
377.558 173.742
424.662 195.816
300.953 310.113
289.321 309.855
203.192 337.956
305.961 389.448
317.945 381.87
298.07 395.748
298.47 381.212
316.691 371.574
308.389 355.565
295.547 360.227
314.945 390.391
316.804 361.359
289.038 352.521
304.255 364.197
248.739 22.4464
327.895 304.496
321.695 313.757
311.011 313.719
302.832 320.702
331.225 295.3
315.677 302.194
312.298 292.831
307.205 114.733
301.626 123.792
214.301 174.755
222.88 38.2626
228.548 30.4832
191.492 441.138
184.502 434.695
227.137 166.412
247.496 147.564
225.068 147.157
290.765 331.442
281.289 335.481
322.727 331.107
311.31 331.469
172.69 140.742
195.332 326.597
186.138 330.984
264.001 186.305
243.27 172.592
254.116 176.142
433.889 204.426
296.55 300.297
316.915 349.715
301.73 344.408
296.37 371.007
292.408 128.549
199.126 434.329
245.761 157.84
257.323 142.426
256.588 154.013
263.991 159.286
236.334 144.499
212.88 151.632
214.027 135.918
207.388 143.332
200.674 134.696
187.854 125.522
214.704 124.774
224.881 130.985
191.74 116.291
443.861 211.723
184.827 137.67
178.614 129.671
187.733 485.267
196.394 491.116
139.788 163.489
130.203 160.864
143.119 154.576
149.534 163.882
135.162 172.564
319.1 472.309
313.66 480.297
325.937 478.554
318.474 458.796
317.797 443.603
323.312 450.968
313.281 451.415
310.184 438.141
322.234 433.792
399.802 179.269
409.035 180.971
397.365 169.936
390.369 180.19
348.556 144.689
189.465 456.547
183.971 447.987
196.455 449.629
177.792 490.681
189.615 470.968
194.74 478.916
182.938 477.362
183.398 463.822
195.349 463.697
875
320.383 489.796
318.451 490.493
307.695 495.171
299.802 498.633
299.06 498.958
306.224 495.817
307.254 495.365
314.148 492.342
318.997 488.88
319.078 481.307
318.936 473.015
318.85 466.293
318.765 459.731
318.686 453.546
318.259 444.533
318.11 442.213
317.932 438.868
316.618 431.902
314.926 423.6
314.199 420.211
311.761 408.953
309.897 403.945
307.495 403.639
307.407 403.625
309.094 403.738
309.625 400.471
309.03 394.567
308.306 388.258
307.411 380.122
306.628 372.864
305.43 359.291
305.247 357.032
304.9 352.742
302.231 341.169
296.061 339.592
267.175 351.073
281.282 345.331
297.371 337.99
304.023 330.67
304.179 321.703
304.198 319.517
303.128 316.605
297.823 315.685
294.734 316.36
291.434 317.123
306.511 310.635
305.646 291.576
302.431 280.407
292.449 265.911
258.667 209.778
240.184 233.248
216.102 262.134
214.727 264.116
213.687 265.62
198.14 295.032
198.855 310.654
202.325 318.697
203.132 320.575
204.904 323.3
204.692 324.881
205.576 328.423
206.078 330.015
206.105 330.499
206.2 334.397
208.572 336.644
208.741 336.705
205.722 337.037
204.782 351.203
204.359 358.927
204.291 359.463
203.685 363.923
202.549 372.767
201.364 379.849
199.663 389.673
198.057 398.43
197.709 400.323
197.425 401.887
196.927 404.133
196.23 407.29
195.499 411.689
194.951 415.64
194.317 419.911
193.84 423.114
192.068 434.459
190.748 442.311
190.319 444.873
189.502 450.216
189.411 456.095
189.33 460.985
189.344 467.096
189.417 471.106
189.574 482.961
190.593 487.4
194.909 491.451
198.257 493.794
205.938 499.17
209.191 502.23
200.892 495.736
199.543 494.694
190.897 488.656
188.159 486.333
184.373 488.176
178.98 490.605
175.372 492.177
166.476 496.056
163.341 497.423
163.51 497.349
172.558 493.404
174.651 492.492
185.192 487.593
189.662 483.498
189.446 472.62
189.291 464.743
189.351 459.89
189.381 457.96
189.494 450.929
189.797 447.786
190.182 445.581
191.313 438.998
192.374 432.485
193.946 422.511
195.22 413.489
195.601 407.677
188.644 406.559
186.937 406.385
187.741 406.467
188.68 406.565
196.499 404.934
198.839 394.17
201.074 381.825
201.357 380.575
201.378 380.409
202.382 373.267
204.261 358.071
204.509 348.762
203.885 341.188
202.515 340.135
202.59 339.648
202.709 339.203
203.495 337.037
201.842 325.442
197.619 307.878
189.411 294.728
169.056 311.28
175.086 305.919
187.671 294.473
188.027 295.074
186.93 295.008
185.252 294.992
185.852 294.957
186.523 294.912
189.318 293.649
190.994 290.934
183.397 278.354
173.068 261.088
172.442 260.037
180.596 273.741
188.931 287.562
197.501 288.026
210.471 270.19
222.56 251.803
224.074 240.036
209.654 235.528
206.888 235.124
198.62 233.915
213.764 236.726
203.705 234.622
231.485 238.157
243.648 224.214
247.656 215.527
250.142 208.975
251.187 196.733
250.806 182.173
248.003 179.032
247.908 179.012
250.448 176.35
250.158 164.764
247.236 159.943
246.081 158.014
242.497 156.916
213.695 160.519
0 0
253.181 140.29
204.244 115.561
184.422 121.629
175.146 129.148
169.337 138.367
163.769 148.337
164.07 155.447
164.531 155.945
164.28 155.673
160.151 153.191
152.363 157.206
144.074 161.492
139.168 164.04
135.843 165.775
132.108 167.732
125.284 170.979
122.612 172.249
119.511 173.776
113.975 176.688
106.08 181.706
101.495 184.633
99.9211 185.64
93.126 189.985
87.4736 194.218
82.3959 198.134
77.2184 203.254
74.2076 206.23
73.2224 206.975
71.8316 208.014
62.5021 215.07
58.0433 219.075
55.3179 226.322
50.5046 233.113
51.9967 233.595
48.1981 233.123
52.412 233.645
56.5664 222.831
60.2565 216.671
47.2418 216.526
37.7777 219.515
33.0007 222.372
29.9147 224.241
25.1583 227.123
18.5742 230.862
16.6854 231.868
14.8539 232.364
10.12 229.591
15.0721 232.488
14.0844 230.291
27.4197 224.683
32.1458 222.886
36.6278 220.19
41.8432 217.33
51.0714 216.374
54.3257 216.572
60.6162 216.431
65.3808 212.844
72.5383 207.49
77.2609 203.212
81.4958 199.04
84.7898 196.217
86.6487 194.829
92.1625 190.68
99.1178 186.153
102.093 184.251
108.276 180.313
113.56 176.958
115.04 175.831
115.052 175.84
120.772 173.125
122.972 172.078
123.304 171.921
128.167 169.614
133.537 166.967
140.089 163.562
149.177 158.828
158.498 153.853
159.679 153.156
161.519 152.207
165.184 145.769
169.584 137.981
174.378 130.242
179.79 122.192
184.345 121.261
187.698 120.092
188.961 119.521
190.234 119.057
195.154 117.115
200.427 114.61
207.815 117.168
212.825 119.008
226.042 124.288
230.344 126.077
231.291 126.466
240.038 128.048
249.345 117.642
251.398 101.956
252.164 73.3869
252.06 52.8023
242.146 54.8544
236.802 57.7826
211.794 71.4854
0 0
251.855 46.2338
241.25 49.6909
228.268 54.9211
257.778 48
248.343 34.7293
225.014 32.254
208.42 52.6945
206.164 55.5911
210.395 50.1557
0 0
207.283 41.7768
199.721 45.9056
204.4 43.3357
211.656 39.3993
226.263 31.619
212.463 30.2073
204.458 29.3964
201.204 29.0852
197.014 28.7201
197.856 28.7935
200.177 28.9973
210.902 30.0188
218.46 30.8082
229.884 32.0137
242.285 32.6334
0 0
215.086 15.1693
210.808 17.1488
210.992 17.0636
213.13 16.1259
219.452 17.5634
230.42 24.8676
243.516 32.8627
245.602 31.8228
237.909 17.0875
232.775 6.74787
241.534 24.3863
242.942 27.2244
246.26 32.396
250.126 35.6069
255.875 33.1991
273.991 25.2235
261.125 16.2159
261.919 6.62122
260.575 22.8665
259.927 31.2634
258.955 32.3737
259.76 33.27
288.361 25.6104
292.231 23.6721
292.766 22.1156
291.935 24.5572
288.265 26.6815
284.533 27.5416
278.969 28.8097
262.252 32.7485
256.657 39.4958
253.33 44.9227
257.178 52.6804
272.958 60.6494
285.931 66.9831
278.808 63.5878
260.987 55.0902
252.579 55.5649
252.096 83.4025
252.069 118.026
265.001 126.371
281.691 125.748
289.511 123.566
295.628 121.54
298.272 120.448
298.982 120.189
299.274 120.413
309.822 118.738
316.875 117.441
319.129 119.593
322.688 121.961
324.574 123.369
324.617 123.429
325.984 125.87
334.212 135.094
341.071 143.823
346.423 150.709
351.902 153.194
354.318 153.923
355.714 154.668
361.547 157.851
369.528 162.206
377.036 166.303
383.526 169.625
388.076 171.574
390.206 172.485
391.373 172.987
394.481 174.493
399.866 177.595
406.04 181.594
411.009 184.958
415.008 187.696
419.528 191.67
423.363 195.064
427.934 199.11
433.044 203.643
438.949 208.301
445.979 213.676
450.889 214.978
455.405 215.695
457.143 215.863
461.772 216.311
472.457 220.598
478.24 224.438
483.126 226.287
487.907 228.09
496.808 230.545
498.278 230.701
496.663 230.534
493.931 230.218
491.228 228.89
483.631 226.477
478.968 224.726
475.698 222.884
480.082 224.285
465.859 216.704
464.833 222.786
450.889 216.447
450.555 226.102
450.352 231.976
450.306 233.301
450.498 227.773
450.935 215.122
446.514 213.933
440.683 209.631
435.4 205.598
431.59 202.347
429.341 200.356
422.594 194.384
417.853 190.183
412.578 186.051
408.923 183.524
395.412 175.15
397.101 176.031
391.97 173.253
386.759 171.003
382.405 169.129
379.821 167.809
378.137 166.898
369.73 162.318
361.777 157.977
354.505 154.011
348.479 153.271
347.861 153.945
347.889 153.914
346 150.104
340.772 143.44
336.388 137.778
328.522 130.148
314.678 118.219
284.36 127.484
272.021 141.619
270.414 147.822
270.961 150.52
271.083 150.59
268.678 151.212
265.268 160.949
262.474 174.428
260.786 184.925
260.117 190.975
259.891 193.087
259.15 198.347
259.768 205.272
260.952 211.787
273.793 237.127
0 0
333.67 230.806
307.201 233.706
304.233 234.026
302.51 234.212
276.134 237.547
282.818 250.166
293.752 266.827
307.509 289.006
316.905 289.238
333.959 268.414
331.902 270.923
329.201 274.217
318.94 286.735
312.831 293.946
313.068 296.25
315.098 298.076
318.736 299.615
320.473 300.062
324.12 300.756
332.777 302.294
368.786 310.752
342.854 302.46
311.37 302.006
305.111 319.507
305.629 334.582
307.567 336.848
308.062 337.206
308.628 337.572
307.883 337.305
305.285 341.214
305.034 353.011
305.59 362.376
307.026 376.496
307.652 382.408
307.803 383.832
308.594 390.935
309.357 397.102
310.156 401.237
310.952 403.467
311.291 404.159
330.417 402.596
311.157 404.207
311.805 409.058
313.724 417.933
314.947 423.676
316.35 430.279
317.579 436.248
317.946 440.875
318.321 445.089
318.522 448.314
318.671 452.334
318.747 458.357
318.852 466.489
318.95 474.792
319.087 483.061
321.734 489.137
325.66 492.989
337.727 496.427
343.328 498.008
345.091 498.506
344.23 498.263
336.704 496.139
332.836 495.047
325.193 492.816
322.28 490.317
320.461 489.767
251.303 37.2355
252.248 119.789
225.127 248.692
204.926 115.237
256.536 183.24
195.839 407.755
204.785 329.552
204.103 361.57
195.848 294.76
309.595 296.092
276.272 242.749
304.785 331.533
308.31 388.181
312.094 410.382
260.832 180.766
248.872 216.741
251.977 187.837
192.116 296.826
252.382 57.4896
328.399 128.735
376.646 166.09
257.673 37.3129
311.33 294.16
305.797 337.086
156.794 154.818
210.255 270.609
122.61 172.255
238.805 129.517
205.477 328.913
236.388 128.544
75.2397 204.225
99.8255 185.789
368 163.556
321.389 489.784
251.124 41.1799
211.511 268.67
192.556 405.96
204.656 338.269
300.945 277.525
304.295 320.821
310.411 402.076
268.452 145.7
250.512 178.498
248.857 212.637
188.717 294.803
316.306 117.525
388.436 171.73
199.472 312.837
302.222 266.667
270.165 149.135
413.883 186.947
250.032 126.175
218.756 121.404
187.605 295.045
312.371 298.068
306.54 294.767
307.083 311.012
246.223 33.4266
201.817 377.079
204.324 359.163
205.051 343.685
205.82 335.698
204.763 352.883
204.728 350.798
204.607 351.715
203.439 340.577
309.596 403.864
258.633 32.7534
260.274 33.2261
254.318 35.1974
324.674 279.742
313.236 296.755
312.462 294.199
104.664 182.619
348.182 153.588
343.277 146.633
195.917 408.706
197.574 400.817
278.794 127.43
295.37 121.788
252.809 157.085
251.267 155.95
251.381 194.404
264.493 160.647
276.742 135.576
248.124 127.869
200.807 114.678
303.949 319.208
247.357 33.9542
205.902 334.166
206.138 332.119
204.828 349.363
313.073 414.969
309.333 370.667
311.558 407.916
315.37 425.666
316.132 429.32
126.939 170.058
122.661 172.24
334.197 135.038
339.162 141.784
196.861 404.552
195.618 407.475
195.333 412.684
194.936 415.539
193.809 423.469
199.638 389.915
199.332 391.505
202.64 367.659
200.006 387.789
251.968 169.589
256.855 168.286
260.62 170.156
0 0
269.822 144.138
274.294 133.478
302.286 120.249
195.205 413.802
250.722 179.75
261.385 170.357
261.284 156.776
259.47 159.717
260.763 161.125
274.71 135.113
260.461 132.016
292.883 123.317
280.459 127.186
269.915 131.243
264.745 142.569
265.329 144.732
260.997 127.983
268.848 136.536
262.497 130.836
254.196 126.358
265.707 130.287
250.007 132.405
247.161 129.233
250.574 126.614
255.501 125.349
251.912 98.8546
271.459 127.91
283.992 125.453
281.603 126.415
252.23 131.549
252.049 117.286
292.175 122.748
41.1799 225.379
76.0831 204.281
304.238 336.341
253.268 47.1608
300.209 315.876
161.428 152.591
144.889 157.333
244.026 230.214
435.906 203.539
364.348 159.379
331.075 494.527
311.195 493.641
251.979 42.2535
252.278 49.6414
252.101 51.1746
251.377 40.6398
252.417 36.7343
253.406 44.2354
252.18 75.5372
252.844 49.1247
259.238 35.3168
254.161 50.9805
252.237 61.4634
252.165 76.9607
262.626 63.5281
251.865 103.809
257.778 122.667
210.965 269.451
217.821 259.236
228.191 240.154
224.209 249.451
223.553 238.764
240.966 230.206
232.69 237.679
239.529 231.337
220.705 240.498
257.952 224.436
263.77 226.835
232.406 238.946
243.102 225.218
238.178 231.905
255.636 225.861
244.111 224.367
218.292 258.563
213.333 264.889
198.615 287.266
191.241 294.94
226.048 246.213
232.843 236.867
244.616 225.23
250.512 218.117
265.624 231.302
263.753 227.803
273.097 238.535
276.275 237.288
272.142 237.66
269.094 235.141
264.496 228.281
283.59 252.597
269.167 235.263
286.13 255.643
293.966 266.821
285.546 254.761
281.62 248.554
290.015 261.203
305.914 286.721
0 0
293.195 265.754
302.863 281.591
204.292 279.291
197.003 298.52
196.227 303.3
201.042 317.7
196.199 303.661
200.829 284.286
198.248 287.338
195.188 293.947
188.978 294.191
251.251 225.781
254.808 203.986
270.11 235.614
263.395 224.911
258.913 204.643
259.868 215.524
258.637 215.768
255.584 200.489
278.158 243.194
306.435 289.035
223.178 252.019
203.442 322.806
203.584 322.024
201.888 321.405
191.762 294.658
193.181 296.786
252.343 212.584
252.243 215.323
258.15 203.864
256.555 194.311
259.054 192.193
259.399 193.705
255.383 189.562
199.822 314.002
251.752 211.727
252.101 192.029
249.967 179.22
253.154 202.548
321.333 121.107
312 123.556
382.075 168.984
386.424 170.862
421.892 194.04
307.574 310.072
306.652 312.127
204.797 338.025
309.398 398.061
308.477 389.987
309.645 400.292
307.99 385.334
307.091 377.137
304.929 351.999
306.78 372.521
309.318 396.858
305.313 357.687
303.194 341.42
305.656 362.995
250.717 36.4522
313.985 297.95
310.012 304.692
307.731 310.198
304.849 319.583
315.592 298.497
311.778 300.553
312.403 296.958
307.38 119.207
299.965 120.928
251.238 167.512
222.431 31.2431
240.584 32.5348
190.781 442.116
193.41 425.498
252.225 159.133
257.993 141.133
250.016 139.681
304.636 331.415
304.309 331.885
305.722 336.032
304.998 331.894
169.929 137.751
203.707 325.408
0 0
259.23 181.591
251.837 173.591
257.472 170.36
430.943 201.641
309.304 302.901
306.383 339.589
0 0
306.47 371.332
286.268 124.885
192.137 434.035
257.908 145.498
260.106 139.372
259.837 148.016
262.385 151.83
251.256 139.509
248.715 140.534
230.871 126.56
232.436 129.184
203.556 123.556
189.399 119.376
222.919 123.391
238.97 130.561
192.684 118.09
446.236 213.8
183.94 122.534
178.461 123.659
188.606 486.13
190.946 488.165
137.493 164.914
139.106 163.974
150.616 158.087
147.279 159.827
131.993 167.788
319.052 480.579
319.206 487.357
318.222 480.889
318.929 471.9
318.117 442.793
318.645 450.532
318.635 451.483
317.012 448.631
317.519 435.876
399.933 177.637
406.982 182.206
393.397 173.89
392.015 173.293
347.509 152.401
189.397 456.92
189.524 450.148
200.889 375.111
178.422 490.762
189.486 474.79
189.606 485.492
193.778 480
189.422 468.629
189.284 463.773
2099
0 0
0 0
0 0
0 0
0 0
0 0
0 0
0 0
0 0
0 0
0 0
0 0
0 0
0 0
0 0
0 0
0 0
854 616
0 0
0 0
0 0
0 0
0 0
0 0
0 0
0 0
0 0
0 0
0 0
0 0
0 0
0 0
0 0
0 0
0 0
0 0
0 0
0 0
0 0
0 0
0 0
0 0
0 0
0 0
0 0
0 0
0 0
0 0
0 0
0 0
0 0
0 0
0 0
0 0
0 0
0 0
0 0
0 0
0 0
0 0
0 0
0 0
0 0
0 0
0 0
0 0
0 0
0 0
0 0
0 0
0 0
0 0
0 0
0 0
0 0
0 0
0 0
0 0
0 0
0 0
0 0
0 0
0 0
0 0
0 0
0 0
0 0
0 0
0 0
0 0
0 0
0 0
0 0
0 0
0 0
0 0
0 0
0 0
0 0
0 0
0 0
0 0
0 0
0 0
0 0
0 0
0 0
0 0
616 571
0 0
0 0
0 0
0 0
0 0
0 0
0 0
571 49
0 0
49 713
0 0
0 0
0 0
0 0
0 0
0 0
0 0
0 0
0 0
0 0
0 0
0 0
0 0
0 0
713 868
0 0
0 0
0 0
0 0
0 0
0 0
0 0
0 0
0 0
0 0
0 0
0 0
0 0
0 0
0 0
0 0
0 0
0 0
0 0
0 0
0 0
0 0
0 0
0 0
0 0
0 0
0 0
0 0
0 0
0 0
0 0
0 0
0 0
0 0
0 0
0 0
0 0
0 0
0 0
0 0
0 0
0 0
0 0
0 0
0 0
0 0
0 0
0 0
0 0
0 0
0 0
0 0
0 0
0 0
0 0
0 0
0 0
0 0
0 0
0 0
0 0
0 0
0 0
0 0
0 0
0 0
0 0
0 0
0 0
0 0
0 0
0 0
0 0
0 0
0 0
0 0
0 0
0 0
0 0
0 0
0 0
0 0
0 0
0 0
0 0
0 0
0 0
0 0
868 872
0 0
0 0
0 0
0 0
0 0
0 0
0 0
0 0
0 0
0 0
0 0
0 0
0 0
0 0
0 0
0 0
0 0
0 0
0 0
0 0
0 0
0 0
0 0
0 0
0 0
0 0
0 0
0 0
0 0
0 0
0 0
0 0
0 0
0 0
0 0
0 0
0 0
0 0
0 0
0 0
0 0
0 0
0 0
0 0
0 0
0 0
0 0
0 0
0 0
0 0
0 0
0 0
0 0
0 0
0 0
0 0
0 0
0 0
0 0
0 0
0 0
0 0
0 0
0 0
0 0
0 0
0 0
0 0
0 0
0 0
0 0
0 0
0 0
0 0
0 0
0 0
0 0
0 0
0 0
0 0
0 0
0 0
0 0
0 0
0 0
0 0
0 0
0 0
0 0
0 0
0 0
0 0
0 0
0 0
0 0
0 0
0 0
0 0
0 0
0 0
0 0
0 0
0 0
0 0
0 0
0 0
0 0
0 0
0 0
0 0
0 0
0 0
0 0
0 0
0 0
0 0
0 0
0 0
0 0
0 0
0 0
0 0
0 0
0 0
0 0
0 0
0 0
0 0
0 0
0 0
0 0
0 0
0 0
0 0
0 0
0 0
0 0
0 0
0 0
0 0
0 0
0 0
0 0
0 0
0 0
0 0
0 0
0 0
0 0
0 0
0 0
0 0
0 0
0 0
0 0
0 0
0 0
0 0
0 0
0 0
0 0
0 0
0 0
0 0
0 0
0 0
0 0
0 0
0 0
0 0
0 0
0 0
0 0
0 0
0 0
0 0
0 0
0 0
0 0
0 0
0 0
0 0
0 0
0 0
0 0
0 0
0 0
0 0
0 0
0 0
0 0
0 0
49 695
0 0
0 0
0 0
0 0
0 0
0 0
0 0
0 0
0 0
0 0
0 0
0 0
0 0
0 0
0 0
0 0
0 0
0 0
0 0
0 0
0 0
0 0
0 0
0 0
0 0
0 0
695 837
0 0
0 0
837 675
0 0
0 0
0 0
0 0
0 0
0 0
0 0
0 0
0 0
0 0
0 0
0 0
0 0
0 0
0 0
0 0
0 0
0 0
0 0
675 553
0 0
0 0
0 0
0 0
0 0
0 0
0 0
0 0
0 0
0 0
0 0
0 0
0 0
0 0
0 0
0 0
0 0
0 0
0 0
0 0
0 0
0 0
0 0
0 0
0 0
0 0
0 0
0 0
0 0
0 0
0 0
0 0
0 0
0 0
0 0
0 0
0 0
0 0
0 0
0 0
0 0
0 0
0 0
0 0
0 0
0 0
0 0
0 0
0 0
0 0
0 0
0 0
0 0
0 0
0 0
0 0
0 0
0 0
0 0
0 0
0 0
0 0
0 0
0 0
0 0
0 0
0 0
0 0
0 0
0 0
0 0
0 0
0 0
0 0
0 0
0 0
0 0
0 0
0 0
0 0
0 0
0 0
0 0
0 0
0 0
0 0
0 0
0 0
0 0
0 0
0 0
0 0
0 0
0 0
0 0
0 0
0 0
0 0
0 0
0 0
0 0
0 0
0 0
0 0
0 0
0 0
0 0
0 0
0 0
0 0
0 0
0 0
0 0
0 0
0 0
0 0
0 0
0 0
0 0
0 0
0 0
0 0
0 0
0 0
0 0
0 0
0 0
0 0
0 0
0 0
0 0
0 0
0 0
0 0
0 0
0 0
0 0
0 0
0 0
0 0
0 0
0 0
0 0
0 0
0 0
0 0
0 0
0 0
0 0
0 0
0 0
0 0
0 0
0 0
0 0
0 0
0 0
0 0
0 0
0 0
0 0
0 0
0 0
0 0
0 0
0 0
0 0
0 0
0 0
0 0
0 0
0 0
0 0
0 0
0 0
0 0
0 0
0 0
0 0
0 0
0 0
0 0
0 0
0 0
0 0
0 0
0 0
0 0
0 0
0 0
0 0
0 0
0 0
0 0
0 0
0 0
0 0
0 0
0 0
0 0
0 0
0 0
0 0
695 288
0 0
0 0
0 0
0 0
0 0
0 0
0 0
0 0
0 0
0 0
0 0
0 0
0 0
0 0
0 0
0 0
0 0
0 0
0 0
0 0
0 0
0 0
0 0
0 0
0 0
0 0
0 0
0 0
0 0
0 0
0 0
0 0
0 0
0 0
0 0
0 0
0 0
0 0
0 0
0 0
0 0
0 0
0 0
0 0
0 0
0 0
0 0
0 0
0 0
0 0
0 0
0 0
0 0
0 0
0 0
0 0
0 0
0 0
0 0
0 0
0 0
0 0
0 0
0 0
0 0
0 0
0 0
0 0
0 0
0 0
0 0
0 0
0 0
0 0
0 0
0 0
0 0
0 0
0 0
0 0
0 0
0 0
0 0
0 0
0 0
0 0
0 0
0 0
0 0
0 0
0 0
0 0
0 0
0 0
0 0
0 0
0 0
0 0
0 0
0 0
0 0
0 0
0 0
0 0
0 0
0 0
0 0
0 0
0 0
0 0
0 0
0 0
0 0
0 0
0 0
0 0
0 0
0 0
0 0
0 0
0 0
0 0
0 0
0 0
0 0
0 0
0 0
0 0
0 0
0 0
0 0
0 0
0 0
0 0
0 0
0 0
0 0
0 0
0 0
0 0
0 0
0 0
0 0
0 0
0 0
0 0
0 0
0 0
0 0
0 0
0 0
0 0
0 0
0 0
0 0
0 0
0 0
0 0
0 0
0 0
0 0
0 0
0 0
695 776
0 0
0 0
0 0
0 0
0 0
0 0
0 0
0 0
0 0
0 0
0 0
0 0
0 0
0 0
0 0
0 0
0 0
0 0
0 0
0 0
0 0
0 0
0 0
0 0
0 0
0 0
0 0
0 0
0 0
776 555
0 0
0 0
0 0
0 0
0 0
0 0
0 0
0 0
0 0
0 0
0 0
0 0
0 0
0 0
555 677
0 0
0 0
0 0
0 0
0 0
0 0
0 0
0 0
0 0
0 0
0 0
0 0
0 0
0 0
0 0
0 0
0 0
0 0
0 0
0 0
0 0
0 0
0 0
0 0
0 0
0 0
0 0
0 0
0 0
0 0
0 0
0 0
0 0
0 0
0 0
0 0
0 0
0 0
0 0
0 0
0 0
0 0
0 0
0 0
0 0
0 0
0 0
0 0
0 0
0 0
0 0
0 0
0 0
0 0
0 0
0 0
0 0
0 0
0 0
0 0
0 0
0 0
0 0
0 0
0 0
0 0
0 0
0 0
0 0
0 0
0 0
0 0
0 0
0 0
0 0
0 0
0 0
0 0
0 0
0 0
0 0
0 0
0 0
0 0
0 0
0 0
0 0
0 0
0 0
0 0
0 0
0 0
0 0
0 0
0 0
0 0
0 0
0 0
0 0
0 0
0 0
0 0
0 0
0 0
0 0
0 0
0 0
0 0
0 0
0 0
0 0
0 0
0 0
0 0
0 0
0 0
0 0
0 0
0 0
0 0
0 0
0 0
0 0
0 0
0 0
0 0
0 0
0 0
0 0
0 0
0 0
0 0
0 0
0 0
0 0
0 0
0 0
0 0
0 0
0 0
0 0
0 0
0 0
0 0
0 0
0 0
0 0
0 0
0 0
0 0
0 0
0 0
0 0
0 0
0 0
0 0
0 0
0 0
0 0
0 0
0 0
0 0
0 0
0 0
0 0
0 0
0 0
0 0
0 0
0 0
0 0
0 0
0 0
0 0
0 0
0 0
0 0
0 0
0 0
0 0
0 0
0 0
0 0
0 0
0 0
0 0
0 0
0 0
0 0
0 0
0 0
0 0
0 0
0 0
0 0
0 0
0 0
0 0
0 0
0 0
0 0
0 0
0 0
0 0
0 0
0 0
0 0
0 0
0 0
0 0
0 0
0 0
0 0
0 0
0 0
0 0
0 0
0 0
0 0
0 0
0 0
0 0
0 0
0 0
0 0
0 0
0 0
0 0
0 0
0 0
0 0
0 0
0 0
0 0
0 0
0 0
0 0
0 0
0 0
0 0
0 0
0 0
0 0
0 0
0 0
0 0
0 0
0 0
0 0
0 0
0 0
0 0
0 0
0 0
0 0
0 0
0 0
0 0
0 0
0 0
0 0
0 0
0 0
0 0
0 0
0 0
0 0
0 0
0 0
0 0
0 0
0 0
0 0
0 0
0 0
0 0
0 0
0 0
0 0
0 0
0 0
0 0
0 0
0 0
0 0
0 0
0 0
0 0
0 0
0 0
0 0
0 0
0 0
0 0
0 0
0 0
0 0
0 0
0 0
0 0
0 0
0 0
0 0
0 0
0 0
0 0
0 0
0 0
0 0
0 0
0 0
0 0
0 0
0 0
0 0
0 0
0 0
0 0
0 0
0 0
0 0
0 0
0 0
0 0
0 0
0 0
0 0
0 0
0 0
0 0
0 0
0 0
0 0
0 0
0 0
0 0
0 0
0 0
0 0
0 0
0 0
0 0
0 0
0 0
0 0
0 0
0 0
0 0
0 0
0 0
0 0
0 0
0 0
0 0
0 0
0 0
0 0
0 0
0 0
0 0
0 0
0 0
0 0
0 0
0 0
0 0
0 0
0 0
0 0
0 0
0 0
0 0
0 0
0 0
0 0
0 0
0 0
0 0
0 0
0 0
0 0
0 0
0 0
0 0
0 0
0 0
0 0
0 0
0 0
0 0
0 0
0 0
0 0
0 0
0 0
0 0
0 0
0 0
0 0
0 0
0 0
0 0
0 0
0 0
0 0
0 0
0 0
0 0
0 0
0 0
0 0
0 0
0 0
0 0
0 0
0 0
0 0
0 0
0 0
0 0
0 0
0 0
0 0
0 0
0 0
0 0
0 0
0 0
0 0
0 0
0 0
0 0
0 0
0 0
0 0
0 0
0 0
0 0
0 0
0 0
0 0
0 0
0 0
0 0
0 0
0 0
0 0
0 0
0 0
0 0
0 0
0 0
0 0
0 0
0 0
0 0
0 0
0 0
0 0
0 0
0 0
0 0
0 0
0 0
0 0
0 0
0 0
0 0
0 0
0 0
0 0
0 0
0 0
0 0
0 0
0 0
0 0
0 0
0 0
0 0
0 0
0 0
0 0
0 0
0 0
0 0
0 0
0 0
0 0
0 0
0 0
0 0
0 0
0 0
0 0
0 0
0 0
0 0
0 0
0 0
0 0
0 0
0 0
0 0
0 0
0 0
0 0
0 0
0 0
0 0
0 0
0 0
0 0
0 0
0 0
0 0
0 0
0 0
0 0
0 0
0 0
0 0
0 0
0 0
0 0
0 0
0 0
0 0
0 0
0 0
0 0
0 0
0 0
0 0
0 0
0 0
0 0
0 0
0 0
0 0
0 0
0 0
0 0
0 0
0 0
0 0
0 0
0 0
0 0
0 0
0 0
0 0
0 0
0 0
0 0
0 0
0 0
0 0
0 0
0 0
0 0
0 0
0 0
0 0
0 0
0 0
0 0
0 0
0 0
0 0
0 0
0 0
0 0
0 0
0 0
0 0
0 0
0 0
0 0
0 0
0 0
0 0
0 0
0 0
0 0
0 0
0 0
0 0
0 0
0 0
0 0
0 0
0 0
0 0
0 0
0 0
0 0
0 0
0 0
0 0
0 0
0 0
0 0
0 0
0 0
0 0
0 0
0 0
0 0
0 0
0 0
0 0
0 0
0 0
0 0
0 0
0 0
0 0
0 0
0 0
0 0
0 0
0 0
0 0
0 0
0 0
0 0
0 0
0 0
0 0
0 0
0 0
0 0
0 0
0 0
0 0
0 0
0 0
0 0
0 0
0 0
0 0
0 0
0 0
0 0
0 0
0 0
0 0
0 0
0 0
0 0
0 0
0 0
0 0
0 0
0 0
0 0
0 0
0 0
0 0
0 0
0 0
0 0
0 0
0 0
0 0
0 0
0 0
0 0
0 0
0 0
0 0
0 0
0 0
0 0
0 0
0 0
0 0
0 0
0 0
0 0
0 0
0 0
0 0
0 0
0 0
0 0
0 0
0 0
0 0
0 0
0 0
0 0
0 0
0 0
0 0
0 0
0 0
0 0
0 0
0 0
0 0
0 0
0 0
0 0
0 0
0 0
0 0
0 0
0 0
0 0
0 0
0 0
0 0
0 0
0 0
0 0
0 0
0 0
0 0
0 0
0 0
0 0
0 0
0 0
0 0
0 0
0 0
0 0
0 0
0 0
0 0
0 0
0 0
0 0
0 0
0 0
0 0
0 0
0 0
0 0
0 0
0 0
0 0
0 0
0 0
0 0
0 0
0 0
0 0
0 0
0 0
0 0
0 0
0 0
0 0
0 0
0 0
0 0
0 0
0 0
0 0
0 0
0 0
0 0
0 0
0 0
0 0
0 0
0 0
0 0
0 0
0 0
0 0
0 0
0 0
0 0
0 0
0 0
0 0
0 0
0 0
0 0
0 0
0 0
0 0
0 0
0 0
0 0
0 0
0 0
0 0
0 0
0 0
0 0
0 0
0 0
0 0
0 0
0 0
0 0
0 0
0 0
0 0
0 0
0 0
0 0
0 0
0 0
0 0
0 0
0 0
0 0
0 0
0 0
0 0
0 0
0 0
0 0
0 0
0 0
0 0
0 0
0 0
0 0
0 0
0 0
0 0
0 0
0 0
0 0
0 0
0 0
0 0
0 0
0 0
0 0
0 0
0 0
0 0
0 0
0 0
0 0
0 0
0 0
0 0
0 0
0 0
0 0
0 0
0 0
0 0
0 0
0 0
0 0
0 0
0 0
0 0
0 0
0 0
0 0
0 0
0 0
0 0
0 0
0 0
0 0
0 0
0 0
0 0
0 0
0 0
0 0
0 0
0 0
0 0
0 0
0 0
0 0
0 0
0 0
0 0
0 0
0 0
0 0
0 0
0 0
0 0
0 0
0 0
0 0
0 0
0 0
0 0
0 0
0 0
0 0
0 0
0 0
0 0
0 0
0 0
0 0
0 0
0 0
0 0
0 0
0 0
0 0
0 0
0 0
0 0
0 0
0 0
0 0
0 0
0 0
0 0
0 0
0 0
0 0
0 0
0 0
0 0
0 0
0 0
0 0
0 0
0 0
0 0
0 0
0 0
0 0
0 0
0 0
0 0
0 0
0 0
0 0
0 0
0 0
0 0
0 0
0 0
0 0
0 0
0 0
0 0
0 0
0 0
0 0
0 0
0 0
0 0
0 0
0 0
0 0
0 0
0 0
0 0
0 0
0 0
0 0
0 0
0 0
0 0
0 0
0 0
0 0
0 0
0 0
0 0
0 0
0 0
0 0
0 0
0 0
0 0
0 0
0 0
0 0
0 0
0 0
0 0
0 0
0 0
0 0
0 0
0 0
0 0
0 0
0 0
0 0
0 0
0 0
0 0
0 0
0 0
0 0
0 0
0 0
0 0
0 0
0 0
0 0
0 0
0 0
0 0
0 0
0 0
0 0
0 0
0 0
0 0
0 0
0 0
0 0
0 0
0 0
0 0
0 0
0 0
0 0
0 0
0 0
0 0
0 0
0 0
0 0
0 0
0 0
0 0
0 0
0 0
0 0
0 0
0 0
0 0
0 0
0 0
0 0
0 0
0 0
0 0
0 0
0 0
0 0
0 0
0 0
0 0
0 0
0 0
0 0
0 0
0 0
0 0
0 0
0 0
0 0
0 0
0 0
0 0
0 0
0 0
0 0
0 0
0 0
0 0
0 0
0 0
0 0
0 0
0 0
0 0
0 0
0 0
0 0
0 0
0 0
0 0
0 0
0 0
0 0
0 0
0 0
0 0
0 0
0 0
0 0
0 0
0 0
0 0
0 0
0 0
0 0
0 0
0 0
0 0
0 0
0 0
0 0
0 0
0 0
0 0
0 0
0 0
0 0
0 0
0 0
0 0
0 0
0 0
0 0
0 0
0 0
0 0
0 0
0 0
0 0
0 0
0 0
0 0
0 0
0 0
0 0
0 0
0 0
0 0
0 0
0 0
0 0
0 0
0 0
0 0
0 0
0 0
0 0
0 0
0 0
0 0
0 0
0 0
0 0
0 0
0 0
0 0
0 0
0 0
0 0
0 0
0 0
0 0
0 0
0 0
0 0
0 0
0 0
0 0
0 0
0 0
0 0
0 0
0 0
0 0
0 0
0 0
0 0
0 0
0 0
0 0
0 0
0 0
0 0
0 0
0 0
0 0
0 0
0 0
0 0
0 0
0 0
0 0
0 0
0 0
0 0
0 0
0 0
0 0
0 0
0 0
0 0
0 0
0 0
0 0
0 0
0 0
0 0
0 0
0 0
0 0
0 0
0 0
0 0
0 0
0 0
0 0
0 0
0 0
0 0
0 0
0 0
0 0
0 0
0 0
0 0
0 0
0 0
0 0
0 0
0 0
2099
0 1
522 0
680 0
1 2
1 680
2 3
2 5
680 2
3 4
3 5
4 5
5 6
680 5
6 7
680 6
7 8
7 680
8 9
680 8
853 8
9 10
852 9
853 9
10 11
852 10
11 12
852 11
855 11
12 13
855 12
858 12
13 14
858 13
14 15
858 14
14 859
15 16
859 15
16 17
859 16
17 18
17 619
17 859
18 19
619 18
19 20
19 615
19 619
20 21
20 615
21 22
589 21
615 21
22 23
22 589
23 24
23 589
24 25
589 24
785 24
25 26
785 25
26 27
785 26
26 786
27 28
27 786
28 29
786 28
28 826
29 30
826 29
30 31
32 30
30 789
826 30
31 32
32 33
32 789
32 792
33 34
792 33
34 35
34 36
34 671
792 34
35 36
36 37
36 671
813 36
37 38
813 37
38 39
813 38
39 40
610 39
39 813
40 41
40 610
41 42
610 41
42 43
42 579
42 610
43 44
43 45
579 43
44 45
45 46
45 578
579 45
46 47
46 571
46 578
47 48
47 571
48 49
48 571
49 50
49 571
727 49
728 49
735 49
50 51
50 735
757 50
51 52
53 51
51 757
52 53
53 54
53 738
757 53
54 55
738 54
54 739
55 56
55 57
55 570
739 55
55 759
56 57
57 58
759 57
58 59
58 759
59 60
759 59
60 61
551 60
613 60
60 759
61 62
61 613
62 63
613 62
63 64
584 63
613 63
64 65
584 64
65 66
65 584
66 67
584 66
614 66
67 68
67 582
67 614
68 69
68 582
69 70
69 582
70 71
70 582
631 70
71 72
631 71
632 71
72 73
72 632
73 74
632 73
74 75
559 74
632 74
75 76
559 75
76 77
559 76
77 78
77 559
599 77
78 79
599 78
79 80
599 79
79 640
80 81
640 80
81 82
81 640
82 83
627 82
82 640
82 828
83 84
83 828
84 85
828 84
868 84
85 86
868 85
86 87
868 86
87 88
87 868
87 874
88 89
88 874
89 90
89 874
90 91
870 90
90 871
874 90
91 92
91 871
92 93
92 846
92 871
93 94
93 846
94 95
94 846
95 96
95 97
846 95
96 97
97 98
846 97
98 99
98 846
99 100
99 846
100 101
100 845
100 846
100 869
101 102
101 869
102 103
869 102
103 104
869 103
104 105
104 106
104 869
105 106
106 107
106 869
107 108
107 869
108 109
869 108
109 110
109 869
109 872
110 111
872 110
111 112
872 111
111 873
112 113
873 112
113 114
113 873
114 115
866 114
114 867
114 873
115 116
867 115
116 117
116 867
117 118
808 117
867 117
118 119
808 118
119 120
628 119
119 808
120 121
628 120
121 122
121 626
121 628
122 123
625 122
122 626
123 124
123 625
124 125
124 625
125 126
625 125
126 127
625 126
127 128
127 600
625 127
128 129
600 128
128 629
129 130
581 129
629 129
130 131
581 130
131 132
131 581
132 133
132 581
587 132
133 134
587 133
134 135
587 134
134 588
135 136
135 588
136 137
136 588
137 138
588 137
818 137
138 139
818 138
139 140
818 139
140 141
140 818
141 142
141 567
760 141
818 141
142 143
144 142
145 142
142 567
143 144
144 145
145 146
567 145
146 147
146 567
576 146
147 148
147 576
148 149
576 148
149 150
149 576
149 746
150 151
746 150
151 152
746 151
152 153
746 152
761 152
153 154
156 153
157 153
153 761
154 155
156 154
155 156
156 157
157 158
761 157
158 159
158 744
761 158
159 160
159 558
159 744
160 161
160 558
160 716
161 162
161 700
716 161
162 163
162 700
163 164
700 163
164 165
700 164
165 166
700 165
165 704
166 167
704 166
167 168
704 167
167 708
168 169
168 708
169 170
169 566
708 169
170 171
170 566
171 172
566 171
605 171
172 173
172 565
172 605
173 174
565 173
174 175
565 174
175 176
175 565
804 175
176 177
178 176
176 804
177 178
178 179
604 178
804 178
179 180
179 181
179 604
180 181
181 182
181 604
181 834
182 183
182 834
182 836
183 184
836 183
837 183
183 843
184 185
184 843
185 186
843 185
186 187
816 186
843 186
187 188
674 187
816 187
188 189
188 674
189 190
189 674
190 191
674 190
191 192
547 191
674 191
191 850
192 193
850 192
193 194
193 850
194 195
847 194
194 850
195 196
195 847
195 851
196 197
196 851
197 198
621 197
197 851
198 199
621 198
199 200
199 621
200 201
596 200
620 200
200 621
201 202
596 201
202 203
596 202
203 204
554 203
203 596
204 205
554 204
205 206
205 553
554 205
206 207
206 553
207 208
207 553
207 670
208 209
670 208
209 210
670 209
210 211
669 210
670 210
211 212
211 669
212 213
218 212
212 669
213 214
213 218
214 215
217 214
214 218
215 216
217 215
216 217
217 218
218 219
218 669
219 220
219 235
236 219
219 237
669 219
220 221
234 220
235 220
221 222
221 233
221 234
222 223
222 232
222 233
223 224
223 231
232 223
224 225
224 230
231 224
225 226
225 229
225 230
226 227
229 226
227 228
229 227
228 229
229 230
230 231
231 232
232 233
233 234
234 235
235 236
236 237
237 238
669 237
238 239
669 238
670 238
239 240
670 239
240 241
240 553
240 670
241 242
241 553
242 243
553 242
243 244
553 243
554 243
244 245
244 554
245 246
554 245
245 596
246 247
596 246
247 248
247 596
248 249
248 250
596 248
248 620
249 250
250 251
620 250
251 252
253 251
251 549
620 251
252 253
253 254
549 253
848 253
254 255
254 848
255 256
255 848
256 257
848 256
256 849
257 258
849 257
258 259
258 547
675 258
849 258
259 260
675 259
260 261
675 260
261 262
261 675
261 816
262 263
262 816
263 264
263 816
263 844
264 265
264 844
265 266
265 838
265 844
266 267
266 838
266 841
267 268
267 841
268 269
268 841
269 270
609 269
841 269
270 271
609 270
271 272
271 575
271 609
272 273
272 575
273 274
273 552
273 575
274 275
552 274
275 276
552 275
276 277
552 276
276 608
277 278
277 608
277 695
278 279
695 278
279 280
279 691
279 695
280 281
280 683
280 691
281 282
281 683
282 283
282 284
282 683
283 284
284 285
683 284
285 286
288 285
289 285
557 285
683 285
286 287
286 288
287 288
288 289
289 290
557 289
611 289
289 805
290 291
294 290
290 805
291 292
291 293
291 294
292 293
293 294
294 295
294 298
299 294
294 805
295 296
297 295
295 298
296 297
297 298
298 299
299 300
299 805
300 301
306 300
300 307
300 308
805 300
301 302
305 301
301 306
302 303
304 302
302 305
303 304
304 305
305 306
306 307
307 308
308 309
308 805
308 806
309 310
316 309
317 309
309 580
309 806
310 311
310 314
315 310
310 316
311 312
311 313
311 314
312 313
313 314
314 315
315 316
316 317
317 318
580 317
318 319
321 318
318 322
318 323
318 580
794 318
319 320
321 319
320 321
321 322
322 323
323 324
794 323
324 325
794 324
325 326
325 794
326 327
326 329
330 326
590 326
794 326
327 328
329 327
328 329
329 330
330 331
330 590
331 332
331 590
332 333
590 332
332 591
333 334
337 333
333 338
339 333
333 340
591 333
334 335
336 334
337 334
335 336
336 337
337 338
338 339
339 340
340 341
340 591
340 689
341 342
689 341
342 343
342 686
689 342
690 342
343 344
690 343
344 345
344 346
344 347
672 344
690 344
345 346
346 347
347 348
672 347
348 349
672 348
693 348
349 350
662 349
693 349
350 351
657 350
662 350
667 350
351 352
351 657
665 351
352 353
665 352
353 354
665 353
668 353
354 355
354 668
355 356
668 355
356 357
602 356
356 668
357 358
602 357
357 802
358 359
358 568
358 802
359 360
359 568
360 361
360 568
360 775
361 362
775 361
362 363
775 362
363 364
363 775
364 365
623 364
775 364
365 366
365 623
366 367
623 366
366 865
367 368
865 367
368 369
368 555
865 368
369 370
369 555
370 371
555 370
677 370
371 372
371 677
372 373
372 677
373 374
543 373
677 373
777 373
374 375
777 374
375 376
375 569
375 777
863 375
376 377
376 863
377 378
377 863
378 379
863 378
379 380
379 861
379 862
863 379
380 381
862 380
381 382
381 573
381 862
382 383
382 573
383 384
573 383
383 779
384 385
384 779
385 386
779 385
385 822
386 387
822 386
387 388
387 822
842 387
388 389
842 388
389 390
389 407
842 389
390 391
390 407
391 392
391 407
392 393
405 392
406 392
392 407
393 394
404 393
393 405
394 395
403 394
394 404
395 396
401 395
395 402
395 403
396 397
401 396
397 398
397 399
397 400
397 401
398 399
399 400
400 401
401 402
402 403
403 404
404 405
405 406
406 407
407 408
407 413
842 407
408 409
410 408
408 412
408 413
409 410
410 411
412 410
411 412
412 413
413 414
413 842
414 415
842 414
415 416
415 822
415 842
416 417
822 416
417 418
417 822
418 419
418 779
418 822
419 420
573 419
779 419
420 421
420 573
421 422
421 573
422 423
422 573
861 422
422 862
423 424
861 423
423 864
424 425
424 864
425 426
864 425
426 427
778 426
864 426
427 428
778 427
428 429
778 428
429 430
543 429
429 778
430 431
543 430
430 678
431 432
431 678
432 433
555 432
432 597
678 432
433 434
433 597
434 435
434 597
435 436
435 597
436 437
436 597
598 436
437 438
437 598
622 437
438 439
438 622
439 440
622 439
440 441
440 622
440 648
776 440
441 442
636 441
441 648
442 443
636 442
443 444
443 636
444 445
444 572
636 444
445 446
445 572
446 447
446 572
446 634
447 448
634 447
448 449
448 634
448 769
449 450
769 449
450 451
450 769
451 452
754 451
451 769
452 453
452 754
453 454
453 754
454 455
454 750
454 754
455 456
723 455
455 749
750 455
456 457
458 456
456 723
457 458
458 459
458 723
459 460
459 723
460 461
460 723
461 462
461 723
755 461
462 463
736 462
462 755
463 464
736 463
464 465
464 545
464 593
464 736
737 464
465 466
593 465
466 467
593 466
467 468
467 593
468 469
468 593
469 470
469 593
470 471
470 593
595 470
471 472
471 594
595 471
799 471
472 473
799 472
473 474
473 799
474 475
474 795
474 799
475 476
475 795
476 477
476 478
795 476
477 478
478 479
478 795
479 480
795 479
796 479
480 481
480 673
796 480
480 814
481 482
481 814
482 483
814 482
483 484
546 483
483 814
484 485
546 484
485 486
485 546
485 824
486 487
824 486
487 488
487 791
824 487
488 489
488 791
489 490
489 491
787 489
489 791
490 491
491 492
491 784
787 491
492 493
492 784
493 494
493 784
790 493
494 495
494 563
790 494
495 496
563 495
496 497
498 496
496 563
617 496
497 498
498 499
617 498
499 500
617 499
499 618
500 501
618 500
501 502
618 501
502 503
502 618
502 860
503 504
860 503
504 505
504 856
504 860
505 506
856 505
505 857
506 507
506 857
507 508
857 507
508 509
855 508
857 508
509 510
852 509
509 855
510 511
852 510
854 510
511 512
511 854
512 513
512 854
513 514
679 513
854 513
514 515
514 679
515 516
515 518
679 515
516 517
518 516
517 518
518 519
518 679
519 520
519 679
520 521
520 679
521 522
556 521
521 679
522 556
680 522
580 523
523 592
523 611
523 684
523 685
794 523
657 524
660 524
661 524
667 524
694 524
697 525
525 699
702 525
707 525
525 712
575 526
526 609
835 526
837 526
526 838
839 526
526 841
527 766
527 772
773 527
527 819
821 527
528 599
528 624
528 625
626 528
627 528
640 528
529 551
612 529
741 529
758 529
529 770
529 782
817 529
581 530
530 582
585 530
586 530
530 587
530 631
713 531
740 531
742 531
531 743
531 745
531 762
545 532
734 532
532 756
532 801
823 532
720 533
533 724
533 726
729 533
533 731
533 732
798 534
812 534
815 534
534 825
535 783
784 535
786 535
535 787
535 793
826 535
536 615
536 616
617 536
536 618
536 619
537 606
537 634
537 642
537 767
768 537
769 537
819 537
538 711
718 538
538 719
763 538
771 538
774 538
539 605
539 641
771 539
539 772
773 539
540 567
540 576
715 540
540 742
540 760
540 762
672 541
681 541
541 682
541 687
541 688
541 692
541 693
542 622
542 623
542 775
776 542
677 543
678 543
543 777
778 543
544 590
544 591
544 592
544 685
686 544
544 689
593 545
545 595
734 545
545 737
801 545
546 814
815 546
824 546
546 825
674 547
675 547
849 547
850 547
548 696
548 707
712 548
713 548
738 548
757 548
620 549
549 621
549 848
851 549
552 550
574 550
575 550
550 608
659 550
839 550
840 550
612 551
613 551
758 551
551 759
552 575
552 608
553 554
670 553
554 596
555 597
555 677
555 678
865 555
556 679
556 680
556 853
854 556
557 611
557 682
683 557
557 684
558 696
558 697
699 558
714 558
716 558
744 558
559 599
559 624
559 630
559 632
560 586
560 588
782 560
817 560
818 560
571 561
577 561
561 578
727 561
733 561
756 561
579 562
562 610
781 562
798 562
562 812
813 562
616 563
563 617
790 563
606 564
637 564
564 643
646 564
652 564
565 605
641 565
565 804
566 605
566 708
711 566
566 771
567 576
760 567
639 568
775 568
568 776
568 802
803 568
569 777
569 778
863 569
864 569
739 570
570 740
741 570
758 570
759 570
578 571
571 727
606 572
634 572
636 572
637 572
573 779
573 862
608 574
574 659
574 660
694 574
575 609
575 839
715 576
576 746
577 578
577 579
756 577
577 781
577 823
579 578
610 579
579 781
611 580
794 580
580 806
581 587
629 581
630 581
631 581
582 585
582 614
582 631
584 583
583 585
586 583
583 612
583 614
583 782
584 612
613 584
584 614
585 586
585 614
586 587
586 588
586 782
587 588
818 588
615 589
589 616
589 783
589 785
591 590
590 592
590 794
591 689
685 592
592 794
593 595
594 595
795 594
594 799
800 594
801 594
801 595
596 620
598 597
865 597
622 598
598 623
598 865
624 599
640 599
600 624
625 600
629 600
600 630
638 601
649 601
601 650
663 601
601 664
827 601
602 664
602 668
602 802
803 602
602 827
633 603
603 809
603 811
820 603
829 603
603 833
804 604
604 809
604 811
834 604
605 641
605 771
634 606
637 606
642 606
606 643
607 636
637 607
646 607
607 648
649 607
694 608
608 695
609 841
813 610
611 684
805 611
611 806
612 613
782 612
615 616
615 619
617 616
616 783
616 790
618 617
619 618
860 618
619 859
619 860
620 621
851 621
622 623
776 622
775 623
865 623
624 625
624 630
626 625
627 626
626 628
627 628
640 627
828 627
808 628
828 628
630 629
630 631
630 632
632 631
641 633
773 633
804 633
809 633
633 820
634 769
642 635
635 643
645 635
635 819
635 821
636 637
648 636
637 646
646 638
649 638
650 638
652 638
638 654
648 639
639 649
639 776
803 639
639 827
773 641
804 641
643 642
642 819
645 643
643 652
832 643
644 645
644 820
821 644
829 644
831 644
644 832
821 645
645 832
646 649
646 652
647 650
647 655
656 647
647 666
647 810
830 647
649 648
776 648
827 649
650 654
650 655
650 663
650 830
651 652
651 654
830 651
651 831
832 651
652 654
832 652
653 655
653 656
657 653
653 661
653 663
830 654
656 655
655 663
659 656
656 660
661 656
666 656
657 661
663 657
665 657
667 657
658 659
666 658
810 658
658 833
658 840
660 659
659 666
659 840
660 661
660 694
662 667
662 692
662 693
662 694
664 663
663 665
664 665
668 664
827 664
665 668
810 666
667 694
670 669
792 671
812 671
813 671
671 825
688 672
690 672
693 672
673 796
673 797
673 798
673 814
815 673
675 674
674 816
816 675
703 676
707 676
676 710
676 725
676 726
728 676
676 735
678 677
679 854
853 680
681 682
684 681
681 685
681 688
683 682
682 684
682 687
682 691
683 691
685 684
685 686
685 688
686 688
689 686
686 690
687 691
687 692
694 687
695 687
688 690
695 691
692 693
692 694
694 695
696 697
712 696
696 713
714 696
696 743
697 699
697 712
699 698
698 700
704 698
709 698
716 698
698 717
699 702
699 716
717 699
700 704
716 700
701 702
701 703
709 701
701 717
701 718
701 747
702 703
702 707
717 702
707 703
703 710
703 747
708 704
709 704
710 705
705 719
720 705
721 705
705 747
753 705
764 705
721 706
722 706
749 706
750 706
706 752
753 706
707 712
707 735
757 707
709 708
711 708
711 709
717 709
718 709
710 720
726 710
747 710
711 718
771 711
738 713
739 713
740 713
713 743
715 714
714 743
744 714
714 745
715 744
715 745
715 746
715 761
715 762
719 718
718 747
719 747
763 719
764 719
720 721
720 724
726 720
722 721
724 721
753 721
723 722
724 722
732 722
722 749
755 722
723 749
723 755
732 724
725 726
725 727
725 728
729 725
726 729
728 727
729 727
727 733
728 735
731 729
729 733
731 730
730 732
730 733
734 730
736 730
730 737
731 732
731 733
736 732
755 732
733 734
756 733
737 734
756 734
757 735
737 736
755 736
738 739
757 738
739 740
741 740
740 742
742 741
741 758
741 770
742 760
742 762
742 770
745 743
744 761
762 745
761 746
748 763
764 748
765 748
766 748
748 772
748 774
749 750
750 752
754 750
751 752
751 753
754 751
765 751
751 767
751 768
753 752
754 752
753 764
753 765
754 768
769 754
756 823
759 758
760 770
817 760
760 818
763 764
774 763
765 764
766 765
765 767
767 766
766 772
819 766
767 768
767 819
769 768
817 770
772 771
774 771
772 773
772 774
773 820
821 773
775 776
777 778
864 778
779 822
781 780
797 780
798 780
780 800
780 823
781 798
823 781
782 817
783 784
785 783
786 783
783 790
787 784
784 790
786 785
826 786
791 787
787 793
788 789
788 791
788 793
824 788
788 825
789 792
789 793
825 789
826 789
793 791
791 824
792 825
826 793
795 796
795 799
800 795
796 797
800 796
798 797
797 800
798 812
815 798
800 801
800 823
801 823
802 803
827 803
809 804
806 805
808 807
828 807
807 867
807 868
828 808
808 867
809 811
829 810
830 810
831 810
810 833
833 811
811 834
811 835
840 811
813 812
825 812
815 814
825 815
843 816
816 844
818 817
819 821
821 820
820 829
842 822
825 824
828 868
831 829
833 829
831 830
831 832
840 833
835 834
834 836
835 836
835 837
839 835
840 835
836 837
838 837
837 843
838 841
843 838
844 838
839 840
843 844
846 845
869 845
871 845
845 872
846 871
848 847
849 847
850 847
847 851
849 848
851 848
850 849
853 852
852 854
855 852
854 853
857 855
855 858
857 856
858 856
856 859
860 856
857 858
858 859
860 859
862 861
863 861
861 864
864 863
867 866
866 868
873 866
866 874
867 868
868 874
869 872
871 870
870 872
870 873
870 874
872 871
873 872
873 874
