719
224 506
219 504
215 500
212 495
214 490
216 485
217 480
218 475
221 470
222 465
221 460
221 455
222 450
222 445
222 440
223 435
222 430
221 425
220 420
219 415
218 410
217 405
213 401
212 397
213 392
214 387
215 382
217 378
218 373
219 368
218 363
218 358
218 353
218 348
218 343
218 338
217 333
216 328
215 323
215 318
213 313
211 308
210 303
208 298
207 293
206 288
205 283
202 278
200 274
201 269
201 264
202 259
202 254
201 250
198 247
200 242
201 237
204 232
205 227
207 222
209 217
211 212
215 207
219 202
219 197
222 193
220 189
222 184
222 179
222 174
220 169
218 164
218 159
216 154
213 149
211 144
210 139
210 134
210 129
209 124
204 122
199 119
194 117
189 118
184 118
179 118
174 117
169 116
164 115
159 113
154 113
149 113
144 111
139 109
134 109
129 110
124 109
119 110
114 110
109 109
104 108
99 108
94 111
89 113
85 118
80 122
75 125
70 126
66 126
66 121
66 116
67 111
66 106
62 104
57 106
52 106
47 105
42 104
37 106
32 106
32 102
27 102
22 103
17 100
12 99
8 97
10 93
15 93
20 93
25 94
30 93
35 93
40 92
45 92
50 93
55 94
60 93
65 92
70 91
75 91
80 91
85 89
90 88
95 88
100 88
105 88
110 87
115 87
120 87
125 87
130 87
135 88
140 89
145 90
150 89
155 89
160 90
165 90
170 90
175 90
180 90
185 89
190 88
195 87
200 86
205 85
210 85
215 84
219 82
221 77
222 72
224 67
226 62
227 57
228 52
229 47
229 42
229 37
229 32
230 27
232 22
233 17
237 12
240 8
244 5
249 3
254 3
259 3
264 3
269 6
274 9
278 12
281 17
283 22
283 27
284 32
285 37
285 42
286 47
286 52
287 57
288 62
290 67
291 72
293 77
294 82
299 84
304 85
309 85
314 86
319 87
324 88
329 89
334 90
339 90
344 90
349 90
354 90
359 89
364 89
369 90
374 89
379 88
384 87
389 87
394 87
399 87
404 87
409 88
414 88
419 88
424 88
429 89
434 91
439 91
444 91
449 92
454 93
459 94
464 93
469 92
474 92
479 93
484 93
489 94
494 93
499 93
504 93
506 97
501 100
496 101
491 103
486 102
482 104
479 106
474 105
469 105
464 106
459 106
454 104
449 104
447 109
447 114
448 119
449 124
446 127
441 125
436 123
432 120
428 117
424 112
419 110
414 108
409 108
404 109
399 110
394 110
389 109
384 110
379 109
374 110
369 111
364 113
359 113
354 114
349 115
344 116
339 118
334 118
329 118
324 118
319 118
314 120
309 122
304 125
305 130
304 135
305 140
303 145
301 150
297 155
296 160
295 165
294 170
292 175
292 180
293 185
294 190
292 193
294 197
295 202
298 206
302 210
304 215
306 220
308 225
310 230
312 235
313 240
315 245
314 250
312 254
312 259
312 264
313 269
314 274
311 279
309 283
308 288
307 293
306 298
304 303
302 308
301 313
300 318
298 323
297 328
297 333
296 338
296 343
296 348
297 353
296 358
295 363
294 368
296 373
297 378
299 382
300 387
301 392
301 397
300 402
297 406
296 411
294 416
294 421
293 426
291 431
290 436
292 441
291 446
292 451
293 456
293 461
292 466
294 471
296 476
297 481
299 486
301 491
301 496
298 501
294 504
290 506
285 507
280 507
275 507
270 506
265 502
263 497
262 492
263 487
264 482
266 477
266 472
268 467
269 462
266 457
267 452
268 447
267 442
269 437
269 432
269 427
269 422
267 417
266 412
266 407
265 402
263 398
263 393
264 388
265 383
267 378
268 373
268 368
266 363
266 358
265 353
265 348
265 343
265 338
265 333
265 328
265 323
264 318
263 313
262 308
262 303
261 298
260 293
259 288
256 285
254 290
254 295
253 300
252 305
251 310
250 315
250 320
249 325
249 330
249 335
249 340
250 345
250 350
249 355
248 360
246 365
246 370
246 375
249 379
250 384
250 389
250 394
251 399
248 404
248 409
247 414
246 419
245 424
244 429
244 434
244 439
246 443
246 448
247 453
247 458
246 463
246 468
247 473
249 478
250 483
251 488
251 493
250 498
248 503
243 506
238 507
233 507
228 506
225 506
280.045 263.955
257 65.6
256.578 117.084
256.973 157.111
236.463 256.5
230.134 285.773
256.536 34.8929
283 296.2
265.085 227.561
288.716 241.414
237.249 136.401
274.894 165.258
238.899 164.34
228.476 233.49
211.283 104.195
295.536 105.227
232 388
234.071 445.929
246.77 206.257
271.533 204.822
216.121 244.047
233.25 201.75
336.4 104
280.536 360.293
280.134 474.627
279.765 442.073
295.865 270.773
278.794 130
246.999 23.2494
266.402 22.7111
284.624 221.417
291.893 130
285.343 144.36
285.343 116.382
282.095 393.743
218.997 271.429
301.177 246.191
290.621 255.084
298.596 234.285
288.712 230.998
275.89 236.211
295.429 222.469
223.724 395.816
235.745 400.255
233.542 435.392
246.473 184.615
234.131 188.5
237.15 176.546
243.111 195.484
259.18 194.499
275.275 186.847
235.251 218.28
281.662 373.94
280.689 462.916
279.98 431.055
242.804 36.4131
270.554 36.1598
256.756 24.9851
253.64 14.2104
294.349 139.794
267.958 143.616
296.627 116.458
270.988 117.862
301.308 257.058
289.299 264.247
275.293 225.883
268.465 216.236
254.414 218.21
278.474 212.808
283.073 201.801
289.055 211.751
282.694 192.488
277.48 250.156
238.164 209.541
226.285 210.979
287.279 383.724
276.162 384.323
281.58 452.435
281.319 418.247
239.132 27.9927
251.294 50.3292
273.954 27.7447
263.219 13.6587
276.84 139.565
265.104 130.225
265.19 91.411
241.787 88.2149
259.07 206.812
247.759 236.568
258.141 260.89
250.304 41.385
262.637 45.5724
274.256 47.3095
260.214 55.6977
272.664 65.2119
252.633 139.882
264.433 105.438
254.666 228.687
243.623 225.976
244.934 216.416
261.904 242.61
269.606 258.758
268.196 274.675
262.466 252.253
248.889 250.856
269.887 55.943
265.125 77.2268
258.903 147.464
242.229 150.125
247.408 127.238
248.361 103.071
279.943 99.2411
270.924 243.84
256.197 272.867
242.868 278.719
246.012 265.067
282.921 279.043
254.232 84.3688
255.18 94.939
243.985 73.269
278.608 77.3145
230.204 154.806
228.958 164.675
247.156 158.776
254.432 171.897
245.045 171.449
228.934 116.966
256.655 126.371
255.829 108.108
244.068 115.004
270.752 98.7451
286.005 106.753
241.476 291.226
228.492 303.709
232.657 295.047
240.264 304.037
220.065 294.325
219.028 282.901
231.499 273.217
226.628 262.675
236.824 265.703
214.471 259.782
225.998 250.753
236.784 243.515
238.136 233.939
276.889 272.374
295.258 284.088
286.62 287.605
294.585 296.019
272.424 287.428
253.586 74.685
233.171 79.3135
245.613 61.1533
235.999 66.0286
239.771 51.1837
263.792 165.894
268.753 155.293
269.949 176.143
280.437 154.968
280.922 174.562
264.728 185.417
284.933 164.027
236.415 125.262
223.924 131.798
210.763 251.439
272.15 298.52
255.752 181.573
227.443 143.198
219.519 122.048
212.657 114.387
216.317 231.769
223.819 222.582
348.811 102.5
360.862 101
371.136 100.091
232.952 423.34
269.273 194.975
278.598 405.896
287.821 401.971
290.952 93.866
281.346 88.1518
232.382 101.259
235.755 110.232
227.878 90.1101
221.346 99.2331
230.651 411.35
240.901 97.4892
221.767 109.543
79.1117 104.204
76.2348 113.268
90.1035 99.8298
434.679 104.204
437.847 112.866
424.059 99.5817
414.184 98
403.151 98
391.864 98.0828
381.481 98.8851
196.317 102.061
202.862 109.706
204.863 95.6705
232.003 373.964
225.846 380.981
232.53 359.378
233.823 458.805
233.709 471.616
321.227 102.954
329.174 98.2394
328.45 108.753
308.701 107.699
303.923 96.852
313.935 96.0449
283.304 490.703
287.138 481.596
274.689 484.051
182.299 103.957
190.084 108.743
188.544 97.3625
169.324 102.993
157.793 101.426
147.014 100.62
233.712 343.695
227.494 351.112
239.388 352.009
233.068 489.176
227.549 480.183
238.937 480.599
280.5 344.7
274.71 352.51
286.923 352.482
232.196 320.664
239.925 314.143
224.507 313.461
236.939 331.917
227.714 335.721
225.206 326.778
281 328.693
280.785 312.372
290.679 306.722
271.821 308.342
274.841 336.512
286.314 336.87
287.69 320.442
274.862 320.612
280.733 267.556
393.778 103.538
115.556 102.816
719
224.804 497.39
225.113 497.153
225.086 497.189
220.365 500.816
228.197 494.631
231.153 492.256
233.096 487.297
233.883 483.702
233.999 476.618
234.202 465.093
234.338 457.415
234.364 454.343
234.378 452.375
234.361 445.56
234.019 441.383
233.595 435.715
233.282 428.802
233.038 423.449
232.734 417.7
232.429 411.451
231.427 404.402
230.03 397.317
224.963 394.929
223.456 395.127
226.244 394.761
229.657 391.781
229.927 388.602
230.203 385.332
230.851 378.586
232.222 364.908
232.62 360.946
233.089 356.369
233.512 352.802
233.647 348.879
233.553 344.463
232.806 337.964
232.046 331.596
231.478 326.961
230.909 323.092
230.087 317.451
228.494 309.511
227.173 303.995
225.905 297.051
224.685 290.594
224.214 285.561
223.7 278.258
222.452 269.335
218.907 267.468
210.62 273.379
219.964 264.962
220.655 262.894
222.231 256.581
219.297 248.993
211.874 247.604
190.288 245.292
202.619 246.308
217.36 246.977
223.082 242.915
225.732 238.405
228.424 234.532
229.348 233.348
231.819 231.92
237.018 226.469
246.008 214.257
250.328 205.46
251.668 195.974
251.918 193.75
252.815 188.774
253.088 178.094
250.703 166.383
247.589 156.867
246.664 154.591
246.291 150.054
243.293 140.822
238.956 136.1
237.532 135.387
238.334 135.585
239.345 132.18
240.531 124.164
231.907 112.435
216.479 105.09
201.419 100.699
191.388 102.094
184.1 103.225
181.162 103.826
178.723 103.851
177.113 103.81
171.346 103.684
166.929 103.265
163.463 102.76
152.341 101.115
150.976 100.909
148.151 100.484
140.498 99.2356
132.464 97.9395
128.087 97.7075
124.912 97.7527
119.35 97.8283
115.656 97.8649
111.664 97.2743
105.936 96.2789
96.2855 97.0251
87.0252 98.5542
79.6826 102.365
76.8078 109.912
73.9543 116.125
72.7344 118.765
69.247 125.187
66.8514 127.896
71.6977 120.468
72.8636 118.452
76.3533 109.334
75.2778 101.835
64.4962 98.4405
54.5943 99.7951
52.2806 99.5163
49.1218 98.9469
40.5025 97.4402
34.1862 98.5015
33.4215 103.864
32.1406 100.786
23.9589 97.5141
22.6272 97.5223
15.3494 96.2258
12.0331 95.6511
8.7314 95.068
10.2086 95.335
14.1973 96.0306
19.236 96.8944
19.4504 96.9292
30.5764 98.2693
35.9146 98.2251
40.2792 97.4435
43.6242 97.9565
48.4727 98.829
45.1394 99.851
61.2418 97.8388
67.1211 99.1415
74.3899 101.555
75.6026 101.984
81.3684 101.55
87.4938 98.3102
90.815 97.6178
92.6667 97.4207
91.405 97.7307
106.183 96.3008
111.37 97.2252
109.782 96.9222
119.96 97.8216
124.444 97.7619
128.187 97.7067
132.196 97.9082
181.333 100.444
144.881 99.9509
150.279 100.805
153.295 101.259
157.568 101.903
163.636 102.782
169.142 103.584
174.295 103.724
180.168 103.896
185.668 102.91
190.128 102.23
193.231 101.824
198.603 101.157
201.824 100.749
212.112 103.653
228.397 108.444
243.734 104.391
250.182 89.6116
252.249 80.3238
252.65 77.1782
254.065 65.8341
254.897 53.3346
255.167 49.4206
255.251 40.1393
254.84 32.5622
254.052 26.2177
252.791 23.4831
252.602 22.9685
253.197 21.3986
253.865 19.8019
254.297 16.5135
253.954 13.6275
253.681 13.0924
253.791 13.1427
255.156 14.6123
257.624 15.0533
257.952 14.9484
258.942 16.3903
261.634 18.1603
263.238 18.1052
263.497 18.2887
263.796 18.5954
262.081 19.9851
259.687 24.6047
258.412 28.9815
257.73 34.0221
257.049 39.1324
256.432 45.8662
255.806 55.3496
255.46 65.3317
255.944 73.6202
256.228 81.3197
260.817 90.696
268.081 101.588
286.638 104.338
301.819 101.667
309.783 100.727
314.416 100.144
318.531 100.111
324.04 100.124
328.859 101.845
334.207 103.834
339.647 104.493
344.946 103.703
350.26 102.921
356.037 101.967
360.776 101.179
363.766 100.755
366.378 100.386
376.325 99.0287
381.852 98.2781
387.506 98.0343
389.437 97.9667
394.067 97.7807
398.635 97.5577
402.68 97.3386
408.056 96.8101
414.416 96.1707
421.379 97.426
423.292 97.7748
426.672 98.6765
432.35 101.906
439.26 99.9125
442.729 97.8494
446.333 98.146
449.413 98.3881
460.537 99.2508
464.41 99.1359
466.785 99.0516
473.836 98.8954
478.464 98.8477
483.645 98.575
489.484 98.0434
494.959 97.3125
499.902 96.3433
504.174 95.4888
504.647 95.3941
502.445 95.8347
498.783 96.5618
494.523 97.2632
489.564 97.8763
479.913 98.8225
479.154 98.8318
476.097 98.3581
468.476 98.9842
463.463 99.1697
461.257 99.3007
453.688 98.7208
475.556 103.111
434.916 104.567
439.751 115.299
443.066 122.625
447.252 125.724
447.361 125.803
445.223 124.234
439.814 115.435
438.901 113.417
436.74 108.988
432.602 101.903
424.494 98.0079
415.921 96.401
407.164 96.8959
400.906 97.4834
397.555 97.6194
394.673 97.7598
389.682 97.9579
384.729 98.117
379.301 98.6312
372.023 99.6006
366.053 100.434
362.017 101
358.211 101.609
352.545 102.544
346.775 103.447
343.886 103.854
337.355 104.847
335.858 104.394
333.326 103.412
328.183 102.05
320.557 100.183
308.323 100.591
292.511 104.484
275.599 114.864
272.206 127.663
277.404 134.082
290.713 137.616
289.127 137.232
275.831 135.346
269.367 140.325
265.645 150.798
265.434 157.088
264.647 161.078
263.84 165.357
262.98 182.955
265.263 192.477
265.777 193.763
265.66 196.281
267.35 204.322
273.016 214.692
280.598 224.035
285.425 227.507
286.364 228.27
287.921 230.976
290.247 235.43
293.212 239.97
296.618 242.692
300.429 244.617
303.47 245.344
302.855 245.359
295.458 247.077
292.283 254.534
292.467 262.411
295.909 269.954
297.629 271.026
293.832 269.085
291.997 272.327
290.965 279.51
290.386 287.094
290.041 292.083
288.797 296.505
286.567 303.605
284.464 310.087
283.731 312.325
281.108 320.284
279.842 335.305
279.956 333.149
279.682 338.643
279.797 345.178
280.071 350.267
280.229 353.056
280.277 354.533
280.445 358.646
281.335 369.406
282.48 383.324
282.746 386.56
283.061 389.652
283.3 391.645
283.52 393.655
283.441 395.086
283.375 395.482
282.86 397.423
282.059 405.176
281.692 408.891
280.719 419.424
280.479 423.158
280.095 428.901
279.582 437.449
279.279 442.613
279.724 446.544
280.421 452.253
280.461 455.573
280.512 458.847
280.596 467.249
280.702 478.271
280.547 484.391
282.773 489.448
285.012 491.433
285.941 492.287
292.286 496.707
291.876 496.438
290.319 495.417
288.145 493.991
284.118 491.323
276.804 492.917
275.352 494.023
273.689 495.233
272.807 495.878
275.038 494.169
273.856 495.041
275.864 493.353
278.91 490.844
280.579 484.106
280.686 477.945
280.626 470.878
280.461 456.248
280.409 453.579
280.372 451.664
279.784 447.028
279.297 443.41
279.459 439.577
279.813 433.38
280.203 427.311
280.683 420.082
281.463 411.124
281.683 408.898
282.305 402.624
282.861 396.735
282.899 395.082
282.948 393.509
282.955 392.372
282.947 390.347
282.575 384.635
281.888 376.13
280.983 365.14
280.387 357.913
280.275 354.892
280.163 351.9
279.992 348.838
279.768 344.784
279.672 339.914
279.807 334.999
280.011 329.675
280.549 323.358
282.6 315.744
283.234 313.762
283.98 311.443
285.842 306.377
288.328 297.7
289.434 283.076
282.883 258.011
246.469 246.244
227.066 271.702
224.923 290.195
226.335 298.875
227.568 306.6
228.74 311.184
230.099 316.473
230.663 320.94
230.972 323.343
232.062 331.75
232.781 337.792
233.484 343.934
233.76 348.827
233.776 349.665
233.749 350.915
233.378 353.927
232.059 366.527
231.552 371.574
230.525 381.975
230.037 387.359
229.952 388.372
229.869 390.962
230.169 395.198
230.24 396.053
230.49 399.523
231.738 405.745
232.412 410.617
232.659 416.257
232.979 422.286
233.276 428.666
233.575 435.305
234.07 442.052
234.371 445.67
234.411 448.682
234.397 450.501
234.365 455.158
234.197 465.412
234.117 469.948
233.945 479.479
233.97 486.086
235.27 489.387
237.002 492.543
238.011 494.09
239.045 495.245
242.081 497.502
238.173 494.213
237.102 493.235
232.808 491.435
227.357 495.338
225.149 497.137
285.715 256.099
254.902 62.8673
255.442 116.881
246.986 141.285
215.769 257.172
223.858 277.577
256.596 26.2815
289.105 294.442
261.614 199.336
288.679 241.323
241.179 135.727
264.145 159.629
248.623 157.697
229.451 235.716
214.216 104.299
285.684 105.464
229.997 387.925
234.379 445.843
249.855 211.968
265.725 207.646
220.916 246.844
250.237 206.497
334.551 103.698
280.575 351.886
280.614 471.654
279.505 444.811
293.984 269.095
267.975 126.971
254.322 18.1018
257.255 17.4834
280.82 226.774
269.811 126.908
270.005 138.754
273.154 113.683
283.155 393.562
222.695 261.599
298.008 245.379
291.173 252.372
291.414 237.566
285.19 241.868
275.696 237.018
286.422 229.059
230.463 416.35
230.29 397.152
233.925 440.122
256.083 183.086
252.276 192.999
251.921 171.276
254.421 189.232
258.05 179.917
261.728 185.786
242.622 219.515
282.039 377.845
280.283 453.295
280.282 459.145
257.27 26.3311
259.077 26.2936
254.358 20.8777
254.68 14.3707
276.453 134.748
259.732 138.608
286.586 106.389
266.323 124.753
292.273 253.6
290.032 258.909
274.954 227.147
269.844 214.225
253.66 213.716
272.742 217.669
269.883 210.794
283.326 227.053
265.38 194.343
281.12 245.019
247.528 214.258
241.042 222.194
282.983 389.071
283.125 390.653
280.088 449.467
281.778 360.889
252.986 22.7032
255.764 42.4701
262.624 19.2904
256.435 15.0454
281.652 136.745
260.993 128.254
258.297 95.3503
250.68 90.8919
259.295 208.029
247.456 233.969
231.75 256.654
255.481 32.1269
256.388 33.9906
257.033 38.8648
255.985 51.5085
255.448 67.2576
253.69 137.565
254.183 116.757
255.391 227.239
246.449 230.48
248.224 216.414
263.388 236.926
276.944 241.728
255.111 199.111
264.276 242.31
246.997 242.82
256.025 49.8508
255.393 79.6221
257.432 144.96
247.741 147.66
244.343 130.528
250.56 105.57
269.322 104.55
273.755 239.206
253.25 247.014
227.611 267.535
240.639 251.291
289.676 271.556
254.115 86.6561
253.911 91.4015
254.232 80.8822
257.913 87.3217
246.279 149.038
247.197 155.709
252.204 155.64
256.412 170.364
253.418 170.509
238.961 115.121
255.669 125.07
254.892 109.289
239.911 113.833
262.993 102.811
274.729 108.109
226.484 297.238
227.861 306.973
225.122 291.995
227.022 302.835
225.228 292.675
223.606 276.481
226.371 264.396
224.123 257.128
230.94 256.733
222.464 256.679
213.121 247.113
235.811 231.311
238.527 234.6
287.981 258.738
290.635 280.845
290.297 283.101
290.144 289.88
291.891 274.713
254.356 75.1074
250.826 88.1239
254.752 57.9038
253.336 71.931
256 41.7778
261.899 161.724
263.737 150.811
257.749 168.674
265.567 149.72
263.212 168.848
260.471 185.794
265.213 157.466
243.896 123.307
242.224 125.253
219.447 248.941
288.231 298.785
257.362 181.316
242.754 138.733
235.076 114.101
217.267 105.287
225.81 238.878
230.285 233.291
346.838 103.408
355.751 102.023
321.778 103.111
232.64 419.696
264.169 195.551
282.019 405.442
283.144 394.952
279.626 105.056
265.809 101.354
241.037 107.613
242.189 111.817
242.408 106.049
223.972 107.349
231.743 406.267
242.803 109.469
231.681 110.098
43.5556 101.333
74.0861 115.164
87.4638 98.3359
433.926 103.363
442.163 119.071
423.384 97.8341
419.3 97.061
406.225 96.9852
398.585 97.4423
383.444 98.181
193.569 101.755
215.452 104.771
201.966 100.775
232.889 364.444
230.069 386.924
233.447 352.885
234.38 449.119
233.452 439.201
328.477 101.94
332.086 103.037
330.686 102.735
295.543 103.744
305.648 101.223
316.662 100.125
281.193 489.645
280.528 485.908
279.681 490.16
184.815 103.014
190.777 102.187
186.309 102.801
172.291 103.682
175.606 103.008
149.136 100.632
233.593 346.655
233.688 350.379
233.743 350.894
235.24 491.557
231.623 491.051
233.902 485.836
279.79 345.211
279.931 347.795
280.244 353.67
230.902 322.83
230.084 316.418
229.355 313.669
233.063 341.17
232.388 334.458
228.614 310.835
279.907 332.434
283.094 314.266
287.482 300.681
284.523 310.141
279.697 338.307
279.679 339.188
286.257 303.99
280.672 322.579
283.556 256.889
393.778 103.538
116.444 101.333
1679
0 0
0 0
0 0
0 0
0 0
0 0
0 0
0 0
0 0
0 0
0 0
0 0
0 0
0 0
0 0
0 0
697 673
0 0
0 0
0 0
0 0
0 0
0 0
0 0
0 0
0 0
0 0
0 0
0 0
0 0
0 0
0 0
0 0
0 0
0 0
0 0
0 0
0 0
0 0
0 0
0 0
0 0
0 0
0 0
0 0
0 0
0 0
0 0
0 0
0 0
0 0
0 0
0 0
0 0
0 0
0 0
0 0
0 0
0 0
0 0
0 0
0 0
0 0
0 0
0 0
0 0
0 0
0 0
0 0
0 0
0 0
0 0
0 0
0 0
0 0
0 0
0 0
0 0
0 0
0 0
0 0
0 0
0 0
0 0
0 0
0 0
0 0
0 0
0 0
0 0
0 0
0 0
0 0
0 0
0 0
0 0
0 0
0 0
0 0
0 0
0 0
0 0
0 0
0 0
0 0
0 0
0 0
0 0
0 0
0 0
673 561
0 0
0 0
0 0
0 0
0 0
0 0
0 0
0 0
0 0
0 0
0 0
0 0
0 0
0 0
0 0
0 0
0 0
0 0
0 0
0 0
0 0
0 0
0 0
0 0
0 0
0 0
0 0
0 0
0 0
0 0
0 0
0 0
0 0
0 0
0 0
0 0
0 0
0 0
0 0
0 0
0 0
0 0
561 574
0 0
0 0
0 0
0 0
0 0
0 0
0 0
0 0
0 0
0 0
0 0
0 0
0 0
0 0
574 568
0 0
0 0
0 0
0 0
0 0
0 0
0 0
0 0
0 0
0 0
0 0
0 0
0 0
0 0
0 0
0 0
0 0
0 0
0 0
0 0
0 0
0 0
0 0
0 0
568 152
0 0
0 0
0 0
0 0
0 0
0 0
0 0
0 0
0 0
0 0
0 0
0 0
0 0
0 0
0 0
0 0
0 0
0 0
0 0
0 0
0 0
0 0
0 0
0 0
0 0
0 0
0 0
0 0
0 0
0 0
0 0
0 0
0 0
0 0
0 0
0 0
0 0
0 0
0 0
0 0
0 0
0 0
0 0
0 0
0 0
0 0
0 0
0 0
0 0
0 0
0 0
0 0
0 0
0 0
0 0
0 0
0 0
0 0
0 0
0 0
0 0
0 0
0 0
0 0
0 0
0 0
0 0
0 0
0 0
0 0
0 0
0 0
0 0
0 0
0 0
0 0
0 0
0 0
0 0
0 0
0 0
0 0
0 0
0 0
0 0
0 0
0 0
0 0
0 0
0 0
0 0
0 0
0 0
0 0
0 0
0 0
0 0
0 0
0 0
0 0
0 0
0 0
0 0
0 0
0 0
0 0
0 0
0 0
0 0
0 0
0 0
0 0
0 0
0 0
0 0
0 0
0 0
0 0
0 0
0 0
0 0
0 0
0 0
0 0
0 0
0 0
0 0
0 0
0 0
0 0
0 0
0 0
0 0
0 0
0 0
0 0
0 0
0 0
0 0
0 0
0 0
0 0
0 0
0 0
0 0
0 0
0 0
0 0
0 0
0 0
0 0
0 0
0 0
0 0
0 0
0 0
0 0
0 0
0 0
0 0
0 0
0 0
0 0
0 0
0 0
0 0
0 0
0 0
0 0
0 0
0 0
0 0
0 0
0 0
0 0
0 0
0 0
0 0
0 0
0 0
0 0
0 0
0 0
0 0
0 0
0 0
0 0
0 0
0 0
0 0
0 0
0 0
0 0
0 0
0 0
0 0
0 0
0 0
0 0
0 0
0 0
0 0
0 0
0 0
0 0
0 0
0 0
0 0
0 0
568 626
0 0
0 0
0 0
0 0
0 0
0 0
0 0
0 0
0 0
0 0
0 0
0 0
0 0
0 0
0 0
0 0
0 0
0 0
0 0
0 0
0 0
0 0
0 0
0 0
0 0
0 0
0 0
0 0
0 0
0 0
0 0
0 0
0 0
0 0
0 0
0 0
0 0
0 0
0 0
0 0
0 0
0 0
0 0
0 0
0 0
0 0
0 0
0 0
0 0
0 0
0 0
0 0
0 0
0 0
0 0
0 0
0 0
0 0
0 0
0 0
0 0
0 0
0 0
0 0
0 0
0 0
0 0
0 0
0 0
0 0
0 0
0 0
0 0
0 0
0 0
0 0
0 0
0 0
568 646
0 0
0 0
0 0
0 0
0 0
0 0
0 0
0 0
0 0
0 0
0 0
0 0
0 0
0 0
0 0
0 0
0 0
0 0
0 0
0 0
0 0
0 0
0 0
0 0
0 0
0 0
0 0
0 0
0 0
0 0
0 0
0 0
0 0
0 0
0 0
0 0
0 0
0 0
0 0
0 0
0 0
0 0
0 0
0 0
0 0
0 0
0 0
0 0
0 0
0 0
0 0
0 0
0 0
0 0
0 0
0 0
0 0
0 0
0 0
0 0
0 0
0 0
0 0
0 0
0 0
0 0
0 0
0 0
0 0
0 0
0 0
0 0
0 0
0 0
0 0
0 0
0 0
0 0
0 0
0 0
0 0
0 0
0 0
0 0
0 0
0 0
0 0
0 0
0 0
0 0
0 0
0 0
0 0
0 0
0 0
0 0
0 0
0 0
0 0
0 0
0 0
0 0
0 0
0 0
0 0
0 0
0 0
0 0
0 0
0 0
0 0
0 0
0 0
0 0
0 0
0 0
0 0
0 0
0 0
0 0
0 0
0 0
0 0
0 0
0 0
0 0
0 0
0 0
0 0
0 0
0 0
0 0
0 0
0 0
0 0
0 0
0 0
0 0
0 0
0 0
0 0
0 0
0 0
0 0
0 0
0 0
0 0
0 0
0 0
0 0
0 0
0 0
0 0
0 0
0 0
0 0
0 0
0 0
0 0
0 0
0 0
0 0
0 0
0 0
0 0
0 0
0 0
0 0
0 0
0 0
0 0
0 0
0 0
0 0
0 0
0 0
0 0
0 0
0 0
0 0
0 0
0 0
0 0
0 0
0 0
0 0
0 0
0 0
0 0
0 0
0 0
0 0
0 0
0 0
0 0
0 0
0 0
0 0
0 0
0 0
0 0
0 0
0 0
0 0
0 0
0 0
0 0
0 0
0 0
0 0
0 0
0 0
0 0
0 0
0 0
0 0
0 0
0 0
0 0
0 0
0 0
0 0
0 0
0 0
0 0
0 0
0 0
0 0
0 0
0 0
0 0
0 0
0 0
0 0
0 0
0 0
0 0
0 0
0 0
0 0
0 0
0 0
0 0
0 0
0 0
0 0
0 0
0 0
0 0
0 0
0 0
0 0
0 0
0 0
0 0
0 0
0 0
0 0
0 0
0 0
0 0
0 0
0 0
0 0
0 0
0 0
0 0
0 0
0 0
0 0
0 0
0 0
0 0
0 0
0 0
0 0
0 0
0 0
0 0
0 0
0 0
0 0
0 0
0 0
0 0
0 0
0 0
0 0
0 0
0 0
0 0
0 0
0 0
0 0
0 0
0 0
0 0
0 0
0 0
0 0
0 0
0 0
0 0
0 0
0 0
0 0
0 0
0 0
0 0
0 0
0 0
0 0
0 0
0 0
0 0
0 0
0 0
0 0
0 0
0 0
0 0
0 0
0 0
0 0
0 0
0 0
0 0
0 0
0 0
0 0
0 0
0 0
0 0
0 0
0 0
0 0
0 0
0 0
0 0
0 0
0 0
0 0
0 0
0 0
0 0
0 0
0 0
0 0
0 0
0 0
0 0
0 0
0 0
0 0
0 0
0 0
0 0
0 0
0 0
0 0
0 0
0 0
0 0
0 0
0 0
0 0
0 0
0 0
0 0
0 0
0 0
0 0
0 0
0 0
0 0
0 0
0 0
0 0
0 0
0 0
0 0
0 0
0 0
0 0
550 684
0 0
0 0
0 0
0 0
0 0
0 0
0 0
0 0
0 0
0 0
0 0
0 0
0 0
0 0
0 0
0 0
0 0
0 0
0 0
0 0
0 0
0 0
0 0
0 0
0 0
0 0
0 0
0 0
0 0
0 0
0 0
0 0
0 0
0 0
0 0
0 0
0 0
0 0
0 0
0 0
0 0
0 0
0 0
0 0
0 0
0 0
0 0
0 0
0 0
0 0
0 0
0 0
0 0
0 0
0 0
0 0
0 0
0 0
0 0
0 0
0 0
0 0
0 0
0 0
0 0
0 0
0 0
0 0
0 0
0 0
0 0
0 0
0 0
0 0
0 0
0 0
0 0
0 0
0 0
0 0
0 0
0 0
0 0
0 0
0 0
0 0
0 0
0 0
0 0
0 0
0 0
0 0
0 0
0 0
0 0
0 0
0 0
0 0
0 0
0 0
0 0
0 0
0 0
0 0
0 0
0 0
0 0
0 0
0 0
0 0
0 0
0 0
0 0
0 0
0 0
0 0
0 0
0 0
0 0
0 0
0 0
0 0
0 0
0 0
0 0
0 0
0 0
0 0
0 0
0 0
0 0
0 0
0 0
0 0
0 0
0 0
0 0
0 0
0 0
0 0
0 0
0 0
0 0
0 0
0 0
0 0
0 0
0 0
0 0
0 0
0 0
0 0
0 0
0 0
0 0
0 0
0 0
0 0
0 0
0 0
0 0
0 0
0 0
0 0
0 0
0 0
0 0
0 0
0 0
0 0
0 0
0 0
0 0
0 0
0 0
0 0
0 0
0 0
0 0
0 0
0 0
0 0
0 0
0 0
0 0
0 0
0 0
0 0
0 0
0 0
0 0
0 0
0 0
0 0
0 0
0 0
0 0
0 0
0 0
0 0
0 0
0 0
0 0
0 0
0 0
0 0
0 0
0 0
0 0
0 0
0 0
0 0
0 0
0 0
0 0
0 0
0 0
0 0
0 0
0 0
0 0
0 0
0 0
0 0
0 0
0 0
0 0
0 0
0 0
0 0
0 0
0 0
0 0
0 0
0 0
0 0
0 0
0 0
0 0
0 0
0 0
0 0
0 0
0 0
0 0
0 0
0 0
0 0
0 0
0 0
0 0
0 0
0 0
0 0
0 0
0 0
0 0
0 0
0 0
0 0
0 0
0 0
0 0
0 0
0 0
0 0
0 0
0 0
0 0
0 0
0 0
0 0
0 0
0 0
0 0
0 0
0 0
0 0
0 0
0 0
0 0
0 0
0 0
0 0
0 0
0 0
0 0
0 0
0 0
0 0
0 0
0 0
0 0
0 0
0 0
0 0
0 0
0 0
0 0
0 0
0 0
0 0
0 0
0 0
0 0
0 0
0 0
0 0
0 0
0 0
0 0
0 0
0 0
0 0
0 0
0 0
0 0
0 0
0 0
0 0
0 0
0 0
0 0
0 0
0 0
0 0
0 0
0 0
0 0
0 0
0 0
0 0
0 0
0 0
0 0
0 0
0 0
0 0
0 0
0 0
0 0
0 0
0 0
0 0
0 0
0 0
0 0
0 0
0 0
0 0
0 0
0 0
0 0
0 0
0 0
0 0
0 0
0 0
0 0
0 0
0 0
0 0
0 0
0 0
0 0
0 0
0 0
0 0
0 0
0 0
0 0
0 0
0 0
0 0
0 0
0 0
0 0
0 0
0 0
0 0
0 0
0 0
0 0
0 0
0 0
0 0
0 0
0 0
0 0
0 0
0 0
0 0
0 0
0 0
0 0
0 0
0 0
0 0
0 0
0 0
0 0
0 0
0 0
0 0
0 0
0 0
0 0
0 0
0 0
0 0
0 0
0 0
0 0
0 0
0 0
0 0
0 0
0 0
0 0
0 0
0 0
0 0
0 0
0 0
0 0
0 0
0 0
0 0
0 0
0 0
0 0
0 0
0 0
0 0
0 0
0 0
0 0
0 0
0 0
0 0
0 0
0 0
0 0
0 0
0 0
0 0
0 0
0 0
0 0
0 0
0 0
0 0
0 0
0 0
0 0
0 0
0 0
0 0
0 0
0 0
0 0
0 0
0 0
0 0
0 0
0 0
0 0
0 0
0 0
0 0
0 0
0 0
0 0
0 0
0 0
0 0
0 0
0 0
0 0
0 0
0 0
0 0
0 0
0 0
0 0
0 0
0 0
0 0
0 0
0 0
0 0
0 0
0 0
0 0
0 0
0 0
0 0
0 0
0 0
0 0
0 0
0 0
0 0
0 0
0 0
0 0
0 0
0 0
0 0
0 0
0 0
0 0
0 0
0 0
0 0
0 0
0 0
0 0
0 0
0 0
0 0
0 0
0 0
0 0
0 0
0 0
0 0
0 0
0 0
0 0
0 0
0 0
0 0
0 0
0 0
0 0
0 0
0 0
0 0
0 0
0 0
0 0
0 0
0 0
0 0
0 0
0 0
0 0
0 0
0 0
0 0
0 0
0 0
0 0
0 0
0 0
0 0
0 0
0 0
0 0
0 0
0 0
0 0
0 0
0 0
0 0
0 0
0 0
0 0
0 0
0 0
0 0
0 0
0 0
0 0
0 0
0 0
0 0
0 0
0 0
0 0
0 0
0 0
0 0
0 0
0 0
0 0
0 0
0 0
0 0
0 0
0 0
0 0
0 0
0 0
0 0
0 0
0 0
0 0
0 0
0 0
0 0
0 0
0 0
0 0
0 0
0 0
0 0
0 0
0 0
0 0
0 0
0 0
0 0
0 0
0 0
0 0
0 0
0 0
0 0
0 0
0 0
0 0
0 0
0 0
0 0
0 0
0 0
0 0
0 0
0 0
0 0
0 0
0 0
0 0
0 0
0 0
0 0
0 0
0 0
0 0
0 0
0 0
0 0
0 0
0 0
0 0
0 0
0 0
0 0
0 0
0 0
0 0
0 0
0 0
0 0
0 0
0 0
0 0
0 0
0 0
0 0
0 0
0 0
0 0
0 0
0 0
0 0
0 0
0 0
0 0
0 0
0 0
0 0
0 0
0 0
0 0
0 0
0 0
0 0
0 0
0 0
0 0
0 0
0 0
0 0
0 0
0 0
0 0
0 0
0 0
0 0
0 0
0 0
0 0
0 0
0 0
0 0
0 0
0 0
0 0
0 0
0 0
0 0
0 0
0 0
0 0
0 0
0 0
0 0
0 0
0 0
0 0
0 0
0 0
0 0
0 0
0 0
0 0
0 0
0 0
0 0
0 0
0 0
0 0
0 0
0 0
0 0
0 0
0 0
0 0
0 0
0 0
0 0
0 0
0 0
0 0
0 0
0 0
0 0
0 0
0 0
0 0
0 0
0 0
0 0
0 0
0 0
0 0
0 0
0 0
0 0
0 0
0 0
0 0
0 0
0 0
0 0
0 0
0 0
0 0
0 0
0 0
0 0
0 0
0 0
0 0
0 0
0 0
0 0
0 0
0 0
0 0
0 0
0 0
0 0
0 0
0 0
0 0
0 0
0 0
0 0
0 0
0 0
0 0
0 0
0 0
0 0
0 0
0 0
0 0
0 0
0 0
0 0
0 0
0 0
0 0
0 0
0 0
0 0
0 0
0 0
0 0
0 0
0 0
574 716
716 550
646 717
717 260
152 718
718 660
1673
0 1
471 0
1 2
471 1
696 1
2 3
2 4
2 696
3 4
4 5
4 696
5 6
5 696
5 697
6 7
697 6
7 8
697 7
8 9
677 8
697 8
9 10
676 9
9 677
10 11
10 676
11 12
11 676
12 13
489 12
676 12
13 14
13 489
14 15
489 14
14 516
15 16
15 516
16 17
16 516
647 16
17 18
647 17
18 19
18 647
18 657
19 20
19 657
20 21
657 20
21 22
514 21
21 657
22 23
22 514
23 24
514 23
24 25
514 24
25 26
514 25
25 674
26 27
674 26
27 28
674 27
28 29
673 28
28 674
29 30
29 673
29 675
30 31
30 675
31 32
31 675
694 31
32 33
694 32
33 34
694 33
34 35
34 693
694 34
34 706
35 36
35 706
36 37
706 36
36 707
37 38
707 37
38 39
707 38
39 40
39 704
707 39
40 41
40 704
41 42
605 41
41 704
42 43
605 42
608 42
43 44
608 43
44 45
608 44
44 609
45 46
45 609
46 47
507 46
46 609
47 48
49 47
47 507
48 49
49 50
49 507
613 49
50 51
613 50
51 52
51 613
636 51
52 53
636 52
53 54
53 55
636 53
54 55
55 56
55 492
55 636
56 57
56 492
57 58
492 57
642 57
58 59
58 642
59 60
59 642
59 643
60 61
60 643
61 62
546 61
61 643
62 63
546 62
63 64
63 493
546 63
64 65
64 493
65 66
67 65
493 65
518 65
66 67
67 68
518 67
68 69
518 68
68 519
69 70
69 519
69 594
70 71
594 70
71 72
71 594
72 73
593 72
594 72
73 74
73 593
73 639
74 75
74 639
75 76
75 639
76 77
635 76
76 639
77 78
77 635
78 79
635 78
640 78
79 80
640 79
641 79
80 81
80 641
671 80
81 82
671 81
82 83
82 671
688 82
83 84
688 83
84 85
687 84
84 688
85 86
687 85
86 87
687 86
86 690
87 88
87 690
88 89
690 88
89 90
690 89
691 89
90 91
90 691
90 692
91 92
692 91
92 93
92 692
93 94
93 152
692 93
94 95
150 94
94 151
152 94
95 96
95 150
96 97
96 148
149 96
150 96
97 98
97 147
97 148
98 99
98 147
99 100
99 145
146 99
147 99
100 101
144 100
100 145
101 102
144 101
101 662
102 103
662 102
103 104
103 660
103 661
662 103
104 105
104 661
105 106
105 661
106 107
106 109
661 106
107 108
109 107
108 109
109 110
661 109
110 111
110 661
111 112
661 111
112 113
137 112
138 112
660 112
661 112
113 114
135 113
113 136
113 137
114 115
135 114
115 116
115 134
115 135
116 117
116 133
116 134
117 118
120 117
131 117
132 117
133 117
118 119
118 120
119 120
120 121
130 120
131 120
121 122
121 129
130 121
122 123
122 129
123 124
127 123
128 123
123 129
124 125
126 124
124 127
125 126
126 127
127 128
128 129
129 130
130 131
131 132
132 133
133 134
134 135
135 136
136 137
137 138
138 139
660 138
139 140
139 660
140 141
140 660
662 140
141 142
141 662
142 143
662 142
143 144
662 143
144 145
662 144
145 146
146 147
147 148
148 149
149 150
150 151
151 152
152 153
692 152
153 154
153 692
154 155
154 692
155 156
155 691
692 155
156 157
156 691
157 158
690 157
157 691
158 159
690 158
159 160
159 687
159 690
160 161
687 160
160 689
161 162
161 689
162 163
689 162
163 164
163 670
672 163
689 163
164 165
672 164
165 166
672 165
166 167
656 166
672 166
167 168
655 167
167 656
168 169
168 623
168 655
169 170
169 623
170 171
170 623
171 172
171 623
625 171
172 173
625 172
173 174
173 625
173 626
174 175
626 174
175 176
626 175
176 177
527 176
626 176
177 178
177 527
178 179
178 527
178 551
179 180
551 179
180 181
180 551
181 182
500 181
181 551
182 183
500 182
183 184
500 183
183 530
184 185
184 530
185 186
185 530
186 187
186 530
187 188
530 187
554 187
188 189
554 188
189 190
554 189
190 191
501 190
190 554
191 192
501 191
192 193
501 192
553 192
193 194
553 193
194 195
194 553
195 196
528 195
195 553
196 197
528 196
197 198
528 197
564 197
198 199
564 198
199 200
564 199
199 577
200 201
200 566
200 577
201 202
201 566
202 203
566 202
592 202
203 204
203 592
204 205
204 592
205 206
205 592
651 205
652 205
206 207
651 206
206 682
207 208
682 207
208 209
682 208
208 683
209 210
209 683
210 211
683 210
211 212
678 211
679 211
211 683
212 213
679 212
213 214
494 213
213 679
214 215
214 494
215 216
215 494
644 215
216 217
644 216
217 218
217 644
217 645
218 219
645 218
219 220
645 219
220 221
220 645
220 646
221 222
221 646
669 221
222 223
222 669
223 224
223 668
223 669
224 225
224 668
225 226
668 225
226 227
667 226
226 668
227 228
667 227
228 229
228 666
228 667
229 230
666 229
230 231
665 230
666 230
231 232
665 231
232 233
232 665
233 234
233 663
665 233
234 235
663 234
235 236
260 235
235 663
236 237
260 236
237 238
259 237
237 260
238 239
257 238
238 258
238 259
239 240
256 239
239 257
240 241
240 255
256 240
241 242
255 241
242 243
253 242
255 242
243 244
243 252
243 253
244 245
244 250
244 251
244 252
245 246
250 245
246 247
249 246
250 246
247 248
247 249
248 249
249 250
250 251
251 252
252 253
253 254
253 255
254 255
255 256
256 257
257 258
258 259
259 260
260 261
663 260
261 262
663 261
261 664
262 263
664 262
263 264
263 266
263 664
264 265
266 264
265 266
266 267
266 664
267 268
267 664
268 269
268 664
269 270
269 664
270 271
663 270
270 664
665 270
271 272
665 271
272 273
665 272
272 666
273 274
273 666
273 667
274 275
274 667
275 276
275 667
668 275
276 277
276 668
277 278
668 277
669 277
278 279
278 669
279 280
646 279
669 279
280 281
280 646
281 282
645 281
281 646
282 283
282 645
283 284
644 283
645 283
284 285
644 284
285 286
644 285
286 287
286 494
644 286
287 288
287 494
288 289
494 288
288 680
289 290
680 289
290 291
680 290
291 292
678 291
680 291
681 291
292 293
292 681
293 294
293 533
681 293
294 295
294 503
294 533
295 296
503 295
296 297
503 296
531 296
297 298
531 297
298 299
298 531
299 300
299 531
300 301
504 300
300 531
300 630
301 302
301 630
633 301
302 303
302 633
303 304
303 633
304 305
304 631
633 304
305 306
305 522
543 305
631 305
306 307
308 306
306 543
307 308
308 309
541 308
308 543
309 310
309 541
310 311
310 541
542 310
311 312
311 542
312 313
312 513
542 312
313 314
513 313
314 315
513 314
315 316
315 510
513 315
316 317
316 510
317 318
317 510
318 319
508 318
510 318
319 320
508 319
320 321
320 508
321 322
321 508
321 535
322 323
322 535
323 324
498 323
535 323
324 325
326 324
498 324
325 326
326 327
498 326
327 328
498 327
618 327
328 329
328 618
329 330
618 329
329 620
330 331
620 330
331 332
620 331
710 331
332 333
332 710
333 334
333 710
334 335
334 710
334 714
335 336
335 714
336 337
336 708
336 713
714 336
337 338
337 713
338 339
338 713
339 340
699 339
701 339
713 339
340 341
701 340
341 342
341 701
342 343
701 342
343 344
495 343
343 701
344 345
495 344
344 524
345 346
524 345
345 547
346 347
547 346
347 348
547 347
348 349
348 547
349 350
349 506
547 349
349 650
350 351
650 350
351 352
650 351
352 353
650 352
353 354
353 650
354 355
550 354
354 650
355 356
550 355
356 357
526 356
356 550
357 358
357 526
358 359
497 358
526 358
359 360
359 497
360 361
360 497
549 360
361 362
549 361
362 363
362 525
549 362
363 364
525 363
364 365
364 496
364 525
365 366
365 496
685 365
366 367
685 366
367 368
367 685
368 369
684 368
685 368
369 370
684 369
370 371
370 684
371 372
371 684
372 373
372 684
373 374
373 684
374 375
374 684
375 376
684 375
376 377
684 376
377 378
684 377
378 379
684 378
379 380
379 684
379 686
380 381
380 686
381 382
686 381
382 383
686 382
383 384
383 496
383 686
384 385
496 384
385 386
385 496
385 525
386 387
386 388
386 525
386 549
387 388
388 389
549 388
389 390
497 389
389 549
390 391
390 497
391 392
497 391
526 391
392 393
526 392
393 394
526 393
394 395
526 394
394 550
395 396
550 395
395 649
396 397
396 649
397 398
649 397
398 399
398 506
398 649
399 400
399 506
400 401
506 400
400 548
401 402
548 401
402 403
548 402
403 404
548 403
404 405
524 404
548 404
405 406
495 405
405 524
406 407
495 406
407 408
407 495
700 407
408 409
700 408
409 410
700 409
410 411
699 410
700 410
712 410
411 412
712 411
412 413
712 412
413 414
413 708
413 712
413 715
414 415
715 414
415 416
415 711
415 715
416 417
416 711
417 418
417 711
418 419
418 637
711 418
419 420
419 637
420 421
420 621
420 637
421 422
421 574
621 421
422 423
574 422
585 422
422 586
423 424
423 586
604 423
424 425
604 424
425 426
604 425
425 607
426 427
607 426
427 428
427 607
427 703
428 429
703 428
429 430
429 703
430 431
702 430
430 703
430 705
431 432
705 431
432 433
432 705
433 434
433 693
433 705
434 435
434 693
434 695
435 436
695 435
436 437
436 695
437 438
437 675
695 437
438 439
438 673
675 438
439 440
439 673
440 441
488 440
673 440
441 442
441 488
442 443
488 442
443 444
443 488
444 445
446 444
488 444
515 444
445 446
446 447
446 515
447 448
447 515
447 657
448 449
657 448
449 450
449 647
657 449
450 451
647 450
451 452
451 516
647 451
452 453
452 516
453 454
453 489
453 516
454 455
454 489
455 456
489 455
456 457
456 489
456 676
457 458
676 457
458 459
458 676
458 677
459 460
677 459
460 461
460 677
460 698
461 462
461 698
462 463
462 698
463 464
696 463
698 463
464 465
464 696
465 466
467 465
465 696
466 467
467 468
467 696
468 469
696 468
469 470
469 696
470 471
696 470
471 696
509 472
536 472
472 544
573 472
472 617
473 565
566 473
578 473
473 591
473 622
624 473
474 534
474 568
474 581
474 599
600 474
601 474
579 475
475 580
475 595
475 596
475 627
475 628
576 476
587 476
611 476
612 476
614 476
615 476
477 586
604 477
477 606
477 608
609 477
477 610
478 500
478 501
478 527
478 528
529 478
562 478
478 563
619 479
620 479
479 621
479 637
479 709
710 479
479 711
512 480
480 537
480 538
480 539
480 569
572 480
508 481
481 509
481 510
511 481
512 481
544 481
567 482
482 580
482 581
482 634
482 635
482 639
627 483
483 628
483 629
483 630
483 631
483 633
484 519
484 580
484 593
484 594
484 595
597 484
492 485
485 523
485 614
615 485
485 616
642 485
643 485
486 641
656 486
486 659
486 671
672 486
487 533
603 487
487 651
487 681
487 682
488 514
488 515
673 488
674 488
489 516
489 676
493 490
490 520
521 490
539 490
490 545
490 559
490 571
491 538
491 540
541 491
559 491
648 491
614 492
636 492
642 492
518 493
493 520
545 493
546 493
644 494
679 494
494 680
524 495
495 700
495 701
496 525
685 496
686 496
526 497
549 497
535 498
536 498
588 498
618 498
499 503
504 499
499 505
534 499
555 499
499 556
500 527
500 529
530 500
500 551
528 501
529 501
553 501
554 501
511 502
502 513
502 537
502 540
502 542
504 503
505 503
531 503
533 503
504 531
555 504
630 504
533 505
534 505
603 505
506 547
548 506
506 649
506 650
507 609
610 507
507 611
613 507
509 508
510 508
535 508
535 509
536 509
544 509
510 511
510 513
512 511
511 513
537 511
537 512
512 544
512 572
512 584
542 513
514 515
514 657
514 674
657 515
516 647
518 517
519 517
520 517
517 521
517 597
517 638
518 519
518 520
519 594
519 597
521 520
559 521
632 521
638 521
648 521
522 543
629 522
631 522
632 522
648 522
545 523
523 546
570 523
523 571
616 523
643 523
547 524
548 524
525 549
550 526
551 527
527 562
527 626
528 553
528 563
528 564
529 530
554 529
530 554
532 555
532 556
567 532
532 579
532 628
532 630
603 533
681 533
556 534
534 568
534 583
534 599
602 534
534 603
535 536
536 588
536 617
537 538
537 540
539 538
538 540
538 559
559 539
539 569
570 539
539 571
541 540
542 540
541 542
541 543
648 541
543 648
544 573
584 544
546 545
571 545
546 643
547 548
550 649
550 650
562 552
552 563
552 565
624 552
552 626
556 555
555 630
556 567
556 599
557 568
578 557
557 589
557 590
592 557
602 557
557 652
558 589
590 558
558 591
623 558
655 558
558 658
648 559
569 560
570 560
560 572
560 576
560 615
560 616
561 573
561 574
561 575
576 561
585 561
561 587
563 562
626 562
564 563
563 565
577 563
564 577
565 566
565 577
565 624
566 577
566 578
566 592
579 567
567 580
581 567
599 567
590 568
568 600
568 602
570 569
572 569
570 571
570 616
575 572
576 572
572 584
573 574
573 575
573 584
573 617
574 585
574 617
621 574
576 575
575 584
587 576
615 576
578 589
592 578
578 622
579 580
579 628
593 580
595 580
580 639
599 581
581 601
581 634
590 582
582 600
582 601
654 582
658 582
602 583
603 583
651 583
583 652
586 585
587 585
586 587
586 604
586 610
612 586
612 587
617 588
618 588
619 588
588 621
590 589
589 591
589 622
590 600
658 590
622 591
623 591
591 624
625 591
652 592
594 593
593 639
595 596
595 597
597 596
627 596
629 596
638 596
597 638
634 598
635 598
598 640
654 598
659 598
601 600
601 634
601 654
652 602
603 651
606 604
604 607
605 606
607 605
605 608
605 703
704 605
606 607
608 606
607 703
609 608
609 610
610 611
612 610
611 612
613 611
614 611
613 614
636 613
615 614
614 636
615 616
621 617
618 619
620 618
620 619
621 619
620 710
637 621
623 625
623 655
624 625
624 626
626 625
628 627
629 627
628 630
629 631
632 629
629 638
633 630
631 633
632 638
648 632
635 634
634 654
639 635
640 635
711 637
640 641
659 640
641 659
641 671
642 643
645 644
646 645
669 646
647 657
650 649
651 652
682 651
653 654
655 653
653 656
653 658
653 659
654 658
659 654
656 655
658 655
656 659
672 656
660 661
662 660
663 664
665 663
665 666
666 667
668 667
669 668
671 670
670 672
670 688
670 689
672 671
671 688
674 673
675 673
694 675
675 695
677 676
677 697
677 698
678 679
678 680
678 681
683 678
680 679
682 681
683 681
682 683
685 684
686 684
685 686
687 688
687 689
690 687
688 689
691 690
692 691
694 693
695 693
705 693
706 693
694 695
696 697
696 698
697 698
700 699
701 699
699 712
713 699
701 700
702 703
702 704
705 702
702 707
703 704
707 704
705 706
707 705
706 707
708 712
708 713
708 714
708 715
709 710
711 709
714 709
715 709
714 710
711 715
712 713
714 715
