710
221 497
216 495
215 490
216 485
217 480
219 475
219 470
218 465
218 460
218 455
218 450
218 445
218 440
218 435
217 430
217 425
217 420
218 415
218 410
218 405
217 400
216 395
216 390
217 385
217 380
216 375
215 370
216 365
216 360
217 355
218 350
218 345
216 340
216 335
216 330
216 325
216 320
216 315
215 310
215 305
215 300
215 295
215 290
215 285
214 280
214 275
214 270
214 265
214 260
214 255
214 250
214 245
213 240
211 235
210 230
211 225
212 220
208 217
210 212
212 207
214 202
215 197
217 192
219 187
221 182
221 177
222 172
222 167
221 162
222 157
221 152
222 147
219 142
219 137
216 133
211 129
206 128
201 128
196 128
191 128
186 127
181 127
176 127
171 128
166 127
161 129
156 129
151 129
146 129
141 128
136 129
131 129
126 129
121 129
116 129
111 129
106 130
101 130
96 130
91 131
86 131
81 132
76 132
71 132
67 129
64 126
59 127
54 127
49 127
44 127
39 126
35 124
40 123
45 123
50 123
49 120
44 120
39 120
34 118
29 118
25 116
29 115
34 115
39 115
44 114
49 113
54 114
59 114
64 115
67 113
70 110
75 110
80 110
85 110
90 110
95 110
100 110
105 110
110 110
115 110
120 110
125 109
130 109
135 110
140 108
145 108
150 108
155 108
160 108
165 107
170 106
175 105
180 104
185 104
190 103
195 103
200 102
201 97
206 96
211 96
216 96
221 95
226 93
231 92
235 90
240 85
242 80
238 79
236 78
234 73
231 68
229 71
227 72
226 67
223 63
220 58
215 62
213 62
214 57
216 52
213 50
217 45
217 40
218 35
220 30
222 25
225 21
229 17
234 13
238 11
243 9
248 10
253 8
258 8
263 8
268 8
273 9
278 11
283 14
286 18
290 23
291 28
292 33
294 38
295 43
298 48
300 52
295 48
293 51
293 56
292 61
292 66
291 71
290 76
289 74
285 72
282 75
280 74
278 79
275 77
273 82
277 87
281 91
286 93
291 94
296 96
301 96
306 96
311 96
313 100
318 103
323 103
328 104
333 104
338 105
343 106
348 107
353 108
358 108
363 108
368 108
373 108
377 110
382 110
387 109
392 110
397 110
402 110
407 110
412 110
417 110
422 110
427 110
432 110
437 110
442 109
446 111
448 115
453 115
458 114
463 114
468 113
473 113
478 114
483 114
488 115
489 118
484 118
479 119
474 120
469 120
464 122
469 123
474 123
479 123
477 126
472 127
467 127
462 128
457 128
452 127
447 127
446 131
441 132
436 132
431 131
426 131
421 131
416 130
411 130
406 129
401 129
396 129
391 129
386 129
381 129
376 129
371 128
366 129
361 128
356 129
351 127
346 128
341 127
336 127
331 127
326 127
321 128
316 128
311 128
306 129
301 130
297 135
295 140
294 145
293 150
293 155
293 160
292 165
292 170
292 175
294 180
295 185
297 190
298 195
300 200
302 205
304 210
305 215
304 220
304 225
304 230
304 235
302 240
301 244
301 249
301 254
301 259
300 264
300 269
301 274
299 279
299 284
299 289
299 294
299 299
299 304
299 309
299 314
298 319
298 324
298 329
298 334
298 339
297 344
297 349
298 354
298 359
298 364
299 369
298 374
298 379
298 384
298 389
298 394
298 399
297 404
297 409
297 414
298 419
298 424
298 429
298 434
297 439
297 444
297 449
297 454
297 459
297 464
296 469
295 474
297 479
298 484
299 489
299 494
295 497
290 497
285 497
280 497
275 497
270 493
270 488
271 483
272 478
273 473
271 469
270 464
269 459
269 454
268 449
268 444
269 439
269 434
270 429
269 424
268 419
268 414
268 409
267 404
266 399
267 394
267 389
266 384
266 379
266 374
266 369
266 364
266 359
265 354
266 349
266 344
266 339
266 334
266 329
265 324
265 319
265 314
264 309
264 304
264 299
264 294
263 289
263 284
263 279
263 274
262 269
262 264
262 259
261 254
260 249
260 244
258 239
256 243
255 248
253 253
252 258
252 263
252 268
252 273
252 278
252 283
252 288
251 293
251 298
251 303
251 308
250 313
250 318
250 323
250 328
249 333
248 338
248 343
249 348
250 353
249 358
249 363
248 368
249 373
248 378
249 383
248 388
247 393
248 398
247 403
246 408
246 413
246 418
246 423
245 428
245 433
246 438
246 443
246 448
246 453
246 458
246 463
244 468
242 472
242 477
244 482
245 487
245 492
241 496
236 497
231 497
226 497
222 497
234.726 238.255
251.804 203.022
257.698 135.14
244.3 113.6
280.147 233.041
260.392 172.5
274.306 196.178
274.074 115.564
258.521 97.6831
225.309 116.238
231.952 337.01
231.672 370
233.758 353
232.35 398
232.101 460.42
281.5 354
282 399
281.596 272.21
259.513 41.5629
238.193 42.5
267.662 59.104
248.664 60.8017
233.585 54.9646
223.772 230
243.481 152
285.775 215
256.18 24.8976
273.428 30.5362
243.802 69.8697
234.486 162
257.721 77.5705
302.096 112.713
437.66 121.053
211.824 110.595
279.762 60.9395
227.833 45.7538
243.568 51.5713
232.378 151.058
239.404 134.137
230.568 140.388
228.56 128.178
248.224 165.312
272.571 67.5436
275.856 45.8918
235.494 119.878
230.424 471.875
224.132 240.918
233.701 256.58
240.445 219.271
226.065 213.5
263.145 87.4269
251.356 88.282
245.389 100.261
233.567 106.01
222.727 105.706
427.142 120.531
215.814 119.995
261.758 152.988
245.012 184.642
266.264 49.09
255.483 51.9686
268.904 39.1212
282.013 37.0484
283.378 51.97
228.882 484.479
224.457 251.473
234.086 227.709
247.175 230.957
237.717 205.268
221.098 221.219
417.122 120.031
258.073 162.534
275.048 163.603
250.355 175.598
237.749 174.251
232.77 185.465
239.513 194.3
227.76 198.007
256.034 218.074
245.12 241.718
245.846 210.952
407.562 119.556
222.406 205.26
257.4 228.501
270.631 221.465
268.3 233.145
265.404 207.321
242.785 251.742
397.94 119.576
280.322 223.198
292.084 225.109
276.989 207.448
286.336 199.269
291.07 236.531
280.052 252.18
274.306 242.582
292.258 207.356
295.345 216.263
290.06 247.523
238.608 362.223
226.552 360.744
227.606 345.598
238.341 344.385
231.937 412.086
234.387 383.942
238.945 375.819
226.168 389.928
226.541 378.235
232.017 446.339
248.548 35.0899
236.275 28.8794
267.297 20.0911
276.873 21.4919
314.599 115.308
288.737 120.544
298.058 121.135
276.042 133.847
285.163 106.991
279.302 124.249
286.649 132.097
272.294 101.804
294.986 105.838
270.251 93.0046
199.664 115.101
248.173 141.533
249.047 125.584
259.184 114.637
253.408 106.373
263.543 105.977
265.985 125.435
274.91 179.896
231.408 432.759
228.559 35.5685
245.106 21.2834
326.171 115.428
337.203 116.018
347.445 117.308
357.678 118.273
367.916 118.238
276.034 148.742
270.373 155.83
266.42 142.542
284.031 142.135
282.754 156.651
187.907 115.395
261.861 187.564
265.937 179.563
270.834 187.897
264.312 197.32
281.636 171.806
283.586 187.835
227.796 422.324
176.829 115.94
166.784 116.936
156.348 118.46
145.831 118.484
252.349 192.376
284.4 483.6
284.043 472.554
283 458.587
282 337.975
287.421 346.164
275.813 345.802
282.198 370.23
288.023 361.849
280.763 384.606
275.909 392.273
275.282 376.799
288.173 378.086
288.257 391.212
275.924 362.37
282.5 413.5
287.983 406.052
276.743 406.44
258.721 66.1998
287.918 261.648
274.055 262.716
282.531 444.125
277.562 451.524
288.21 451.179
284 427.5
288.959 419.888
287.873 436.219
277.583 421.107
233.058 319.987
226.352 328.099
239.046 328.923
281.279 289.953
288.115 281.201
274.251 280.953
272.099 271.857
281.5 321.32
276.058 329.818
287.745 329.468
279.689 305.649
274.038 297.148
288.051 298.567
288.139 312.613
274.806 314.153
232.965 301.92
226.431 310.988
239.231 310.922
233.467 283.39
239.693 292.831
226.3 292.468
238.024 270.024
242.451 261.416
242.215 278.913
226.207 273.455
224.651 262.662
389.333 116.371
132.444 116.239
710
219.265 494.432
218.595 494.924
223.046 491.652
224.372 490.677
229.241 487.131
230.736 479.47
231.472 470.535
232.027 464.4
232.433 459.818
232.369 455.287
232.31 450.63
232.093 445.517
231.788 442.681
230.803 433.501
230.27 426.916
230.132 425.197
230.025 422.266
230.607 417.218
231.143 410.515
231.164 403.497
231.207 397.035
231.327 393.677
231.399 391.68
231.61 386.607
231.926 378.998
232.246 373.136
232.443 369.729
232.635 366.751
232.876 363.06
232.938 358.539
232.968 355.139
233.005 342.684
232.905 336.995
232.78 332.136
232.737 330.231
232.696 325.708
232.679 320.494
232.825 314.332
232.989 309.295
233.221 305.557
233.93 294.927
233.92 295.693
234.161 289.977
234.163 283.868
233.549 279.25
233.107 275.701
232.079 271.205
230.901 266.301
229.889 261.035
229.422 258.073
228.035 248.418
227.33 238.973
226.968 230.06
226.17 226.431
225.984 226.22
227.323 223.597
224.647 220.148
208.439 217.398
225.543 220.367
227.785 217.766
232.767 213.38
236.152 209.951
239.938 206.373
244.972 199.507
251.16 190.162
253.3 181.158
254.785 172.422
254.515 164.047
254.058 159.03
254.12 154.602
254.142 149.129
253.702 139.831
252.541 130.674
248.575 124.752
236.087 116.552
216.787 111.021
205.609 111.445
197.622 111.785
191.422 113.885
189.623 114.484
185.641 115.528
180.168 115.816
174.556 116.284
170.112 116.885
161.465 118.059
158.458 118.468
155.317 118.853
151.195 118.742
147.028 118.64
140.873 118.788
135.183 118.951
130.586 119.086
125.803 119.213
121.225 119.32
116.039 119.444
110.192 119.589
105.329 119.792
107.903 119.696
94.9502 120.122
78.2317 120.78
80.98 121.031
78.3809 121.212
74.8579 121.124
73.2425 121.035
72.5763 120.997
69.9159 120.894
56.2838 121.389
53.3573 122.343
49.2906 123.676
44.1267 125.195
39.1749 124.605
34.9948 124.081
37.2562 124.364
42.0729 124.393
52.6239 122.271
49.9654 120.262
43.7779 116.792
39.1523 117.181
34.1126 116.655
27.01 116.21
25.0256 116.012
28.9157 116.402
30.4881 116.426
34.768 116.799
39.4167 116.838
48.7328 119.534
52.6963 121.935
43.2849 119.778
66.3738 120.765
73.2068 121.034
71.8472 120.959
74.3727 121.101
78.3268 121.213
83.7391 120.842
89.3897 120.477
94.9152 120.124
100.193 119.956
105.24 119.796
110.081 119.593
112.929 119.521
73.5786 119.684
125.606 119.218
130.004 119.102
151.262 118.612
141.74 118.763
145.186 118.643
149.496 118.709
154.417 118.841
160.6 118.177
166.841 117.328
171.922 116.649
176.433 116.045
180.045 115.828
184.439 115.596
189.704 114.432
195.999 112.329
205.736 109.976
202.721 104.487
203.428 105.79
207.212 108.409
214.017 110.725
223.607 112.647
232.855 115.052
243.363 117.313
251.748 114.577
259.205 88.0656
261.448 57.2358
259.611 52.2487
259.834 52.7578
258.279 49.8209
247.42 41.5292
231.979 65.1381
0 0
246.938 42.2029
238.677 39.7879
217.16 53.3543
216.457 57.364
213.323 62.3611
218.938 53.408
221.401 47.3936
210.093 53.6424
228.845 43.2818
236.38 37.0769
236.451 36.1281
236.706 34.5701
237.231 33.6423
237.848 33.3888
241.448 31.9662
242.999 29.9184
242.064 28.6069
242.715 29.3604
249.292 31.7268
257.507 32.3511
262.895 30.9203
267.813 28.8307
271.622 26.334
272.377 25.611
275.223 22.839
275.754 22.1851
274.795 24.2541
274.611 27.5519
274.509 28.9734
274.031 35.7152
277.651 40.3315
277.506 43.5307
294.051 48.3225
303.871 52.1052
0 0
279.116 43.2183
276.36 46.5766
276.112 51.6167
281.541 59.5622
285.261 66.8675
289.915 76.214
287.022 70.4026
0 0
279.417 57.0137
274.776 52.1951
273.797 52.1309
267.91 51.2321
261.235 63.7764
257.935 105.168
266.301 115.084
276.496 115.89
286.651 113.838
296.958 110.586
304.71 110.309
307.898 108.93
311.631 101.039
307.363 110.03
315.312 112.302
322.875 114.356
328.729 115.751
333.116 115.935
336.735 116.117
341.129 116.626
346.17 117.248
352.395 117.908
358.555 118.511
363.715 118.285
368.237 118.111
371.041 118.385
375.068 118.734
382.286 119.381
387.053 119.506
391.382 119.498
396.817 119.496
401.928 119.501
406.883 119.487
411.727 119.787
416.685 120.126
422.055 120.415
427.691 120.732
434.535 120.37
440.741 119.657
441.871 118.963
441.834 118.984
441.485 120.363
453.403 121.156
460.08 121.863
464.129 119.752
468.491 115.911
477.881 116.399
478.012 116.394
483.182 116.489
487.645 116.566
488.402 116.578
486.039 116.538
482.206 116.469
474.236 116.339
472.045 117.157
468.046 119.997
471.419 124.168
474.668 124.317
479.097 123.98
476.485 124.222
472.1 124.483
467.164 123.728
461.82 122.078
459.607 121.814
452.693 121.08
441.329 119.894
441.629 122.516
441.431 120.824
440.12 120.129
433.911 120.405
426.732 120.72
422.004 120.414
416.866 120.138
411.92 119.799
406.711 119.496
400.862 119.499
395.761 119.497
390.926 119.498
386.562 119.503
388.526 119.423
368.862 118.356
371.233 118.402
366.013 118.173
361.259 118.381
357.397 118.451
352.274 117.896
346.732 117.319
342.426 116.784
336.945 116.139
332.033 115.873
326.771 115.487
322.49 114.241
318.651 113.182
308.736 111.73
304.852 111.534
290.743 112.651
273.857 119.217
265.845 129.877
263.891 138.511
263.911 145.607
264.021 152.302
264.167 155.933
264.128 158.808
264.17 169.135
266.531 183.672
267.385 187.993
269.372 195.178
273.105 200.725
276.829 206.277
283.424 212.128
289.51 216.236
293.798 217.94
294.429 217.927
291.182 218.518
289.093 221.39
289.011 226.484
289.017 227.654
288.538 230.331
288.836 236.726
288.908 244.681
286.337 254.696
285.63 257.611
283.879 264.325
281.488 272.06
281.18 273.657
280.444 277.546
279.867 284.026
279.996 287.095
280.403 295.128
280.703 300.273
281.148 307.134
281.292 309.35
281.51 312.852
281.676 321.096
281.727 323.872
281.833 329.267
281.772 333.632
281.708 337.853
281.658 343.143
281.63 350.489
281.634 354.154
281.64 359.951
281.67 365.056
281.711 368.942
281.748 373.003
281.784 378.934
281.766 384.365
281.743 389.524
281.813 394.05
281.984 399.481
282.091 402.932
282.651 409.547
283.477 415.864
284.175 421.244
284.546 424.592
284.925 428.58
284.902 432.853
284.49 438.121
283.032 448.753
282.905 449.763
282.778 454.229
282.86 458.327
283.066 462.629
283.189 465.303
283.702 477.507
284.306 486.501
289.316 489.533
291.255 490.724
298.126 494.944
295.682 493.443
290.222 490.089
284.892 486.798
279.428 489.488
275.985 491.868
272.534 494.008
276.978 491.127
278.583 490.032
283.892 483.549
283.575 473.655
283.121 463.865
283 461.216
282.812 456.898
282.701 452.925
282.821 449.613
282.929 448.315
283.791 442.16
284.779 436.108
284.906 429.008
284.18 421.408
283.672 417.372
283.139 413.43
282.347 407.497
282.022 402.222
281.977 400.641
281.829 395.415
281.763 388.449
281.769 382.72
281.784 378.625
281.761 374.153
281.737 371.665
281.663 363.96
281.638 358.373
281.634 356.353
281.625 350.267
281.636 344.823
280.953 307.523
281.769 333.922
281.805 327.715
281.674 320.675
281.635 318.541
281.506 313.03
281.215 308.215
280.951 304.127
280.615 299.166
280.289 293.14
279.929 286.171
279.816 284.168
279.871 279.857
280.524 275.257
281.434 271.881
282.024 270.152
284.861 260.76
287.355 251.76
287.814 242.292
284.434 225.717
268.47 204.508
240.728 219.45
228.33 234.139
228.285 247.042
229.693 258.411
231.089 266.696
232.346 272.052
233.209 276.201
233.929 279.959
234.038 283.459
234.071 285.202
234.213 291.424
233.762 297.816
233.236 305.008
233.111 307.244
232.872 312.268
232.722 318.489
232.685 323.347
232.698 326.696
232.752 330.347
232.819 333.655
233.047 344.762
233.008 351.027
232.987 354
232.953 357.251
232.916 361.9
232.391 370.72
232.231 373.323
231.977 377.971
231.786 382.242
231.638 385.92
231.516 389.107
231.202 397.259
231.181 400.859
231.163 403.821
231.085 413.113
230.526 417.988
230.06 422.24
230.327 427.416
230.898 434.379
231.745 442.267
231.987 444.495
232.317 449.12
232.38 455.728
232.405 457.765
232.419 460.137
232.089 463.717
231.439 470.904
230.516 482.029
235.944 489.626
237.821 490.653
242.436 493.107
239.514 491.575
235.278 489.287
231.065 486.846
223.849 491.061
219.879 493.981
232.889 239.111
251.19 198.409
258.683 131.483
250.743 117.648
287.651 226.469
260.401 171.568
269.087 198.109
267.551 118.075
257.32 104.913
229.111 114.016
232.897 336.916
232.389 370.759
232.975 354.848
231.269 432.903
231.995 448.896
281.633 354.383
281.979 399.186
0 0
262.085 37.8579
242.911 36.6187
271.723 50.4123
257.574 45.7726
0 0
226.815 225.387
254.324 143.983
285.714 216.063
260.652 31.8068
272.445 28.2211
261.808 39.1013
254.382 160.472
261.571 58.8417
305.821 106.111
441.515 121.028
205.63 107.743
275.028 51.3312
236.43 38.0779
249.361 40.0737
254.228 148.031
252.191 127.998
250.545 127.178
262.222 118.222
256.902 163.425
269.629 48.8455
273.221 40.5684
245.417 118.622
229.333 477.333
226.99 232.126
228.406 249.152
240.272 209.085
231.912 214.549
259.599 84.4181
259.099 89.8204
259.08 115.211
242.892 117.445
228.3 113.869
432.571 120.468
223.326 112.544
260.302 149.522
254.217 185.971
267.618 41.6173
254.303 34.9851
268.478 38.8358
271.548 32.2427
276.378 45.3515
227.993 489.951
227.732 244.17
228.644 221.262
241.405 216.772
244.475 203.12
227.661 220.847
426.181 120.374
256.279 161.159
263.157 161.83
257.176 175.252
0 0
262.222 189.333
248.44 197.404
239.995 206.566
256.366 204.298
228.449 231.426
246.795 206.706
448.725 120.103
234.449 211.724
257.603 205.582
275.07 212.362
282.667 239.111
264.696 199.215
228.286 247.711
395.21 119.5
286.306 219.973
288.751 221.463
275.991 206.894
276.592 206.195
288.703 228.214
287.497 250.92
287.824 232.056
288.819 216.016
292.5 218.075
288.213 245.586
232.9 362.392
232.93 358.872
233.049 345.591
232.9 344.233
230.694 416.212
231.634 386.075
232.026 376.956
231.111 352
232.289 372.487
232.023 445.836
247.795 34.0146
239.488 33.37
269.039 28.4804
274.06 26.8063
319.782 113.501
282.223 115.726
293.257 111.752
264.928 127.654
280.159 115.376
269.809 119.561
274.859 117.16
263.88 114.602
296.573 110.661
258.364 91.7134
213.391 111.141
253.766 127.887
254.267 123.839
254.81 117.569
256.547 113.627
260.052 113.491
263.661 125.555
262.052 175.959
231.603 441.234
237.466 34.1709
245.324 30.5019
325.403 115.003
324.629 114.49
318.222 112.889
359.572 118.43
365.383 118.214
263.054 144.201
262.278 152.635
0 0
264.666 136.33
258.002 147.558
189.033 114.57
263.383 188.281
262.557 179.543
265.386 189.269
263.649 195.868
262.854 169.606
266.086 189.692
230.152 424.678
199.111 112.889
165.161 117.558
158.222 118.45
149.553 118.708
256.058 191.825
286.222 477.333
283.115 457.18
282.977 460.676
281.706 338.021
281.634 351.846
281.627 346.482
281.732 371.299
281.646 362.437
281.764 386.077
281.935 398.288
284.444 352
281.784 378.481
281.844 393.296
281.648 359.139
283.158 413.529
282.222 403.804
282.19 405.837
263.36 50.7619
286.361 253.675
283.803 264.365
283.242 445.531
282.722 451.793
282.825 451.525
284.883 427.58
283.485 439.039
284.845 431.792
284.136 420.964
232.702 320.2
232.709 328.354
232.74 329.375
280.152 290.524
280.028 282.626
279.729 281.482
280.754 274.126
281.681 321.272
281.747 324.83
281.833 329.577
281.115 306.653
280.278 292.401
280.541 297.527
281.506 312.732
281.503 315.402
233.386 302.432
233.361 305.616
232.909 311.044
234.081 283.302
234.175 290.991
234.146 292.7
0 0
230.235 261.839
234.006 282.679
233.038 275.355
230.037 261.632
380.444 115.556
137.778 118.222
1627
0 0
0 0
0 0
0 0
0 0
0 0
0 0
0 0
0 0
0 0
0 0
0 0
0 0
0 0
0 0
0 0
543 604
0 0
0 0
0 0
0 0
0 0
0 0
0 0
0 0
0 0
0 0
0 0
0 0
0 0
0 0
0 0
0 0
0 0
0 0
0 0
0 0
0 0
0 0
0 0
0 0
0 0
0 0
0 0
0 0
0 0
0 0
0 0
0 0
0 0
0 0
0 0
0 0
0 0
0 0
0 0
0 0
0 0
0 0
0 0
0 0
0 0
0 0
0 0
0 0
0 0
0 0
0 0
0 0
0 0
0 0
0 0
0 0
0 0
0 0
0 0
0 0
0 0
0 0
0 0
0 0
0 0
0 0
0 0
0 0
0 0
0 0
0 0
0 0
0 0
0 0
0 0
0 0
0 0
0 0
0 0
0 0
0 0
0 0
0 0
0 0
0 0
0 0
604 498
0 0
0 0
0 0
0 0
0 0
0 0
0 0
0 0
0 0
0 0
0 0
0 0
0 0
0 0
0 0
0 0
0 0
0 0
0 0
0 0
0 0
0 0
0 0
0 0
0 0
0 0
0 0
0 0
0 0
0 0
0 0
0 0
0 0
0 0
0 0
0 0
0 0
0 0
0 0
0 0
0 0
0 0
0 0
0 0
0 0
0 0
0 0
0 0
0 0
0 0
0 0
498 573
0 0
0 0
0 0
0 0
573 538
0 0
0 0
0 0
0 0
0 0
0 0
0 0
0 0
0 0
0 0
0 0
0 0
0 0
0 0
0 0
0 0
0 0
0 0
0 0
0 0
0 0
0 0
538 650
0 0
0 0
0 0
0 0
0 0
0 0
0 0
0 0
0 0
0 0
0 0
0 0
0 0
0 0
0 0
0 0
0 0
0 0
0 0
0 0
0 0
0 0
0 0
0 0
0 0
0 0
0 0
0 0
0 0
0 0
0 0
0 0
0 0
0 0
0 0
0 0
0 0
0 0
0 0
0 0
0 0
0 0
0 0
0 0
0 0
0 0
0 0
0 0
0 0
0 0
0 0
0 0
0 0
0 0
0 0
0 0
0 0
0 0
0 0
0 0
0 0
0 0
0 0
0 0
0 0
0 0
0 0
0 0
0 0
0 0
0 0
0 0
0 0
0 0
0 0
0 0
0 0
0 0
0 0
0 0
0 0
0 0
0 0
0 0
0 0
0 0
0 0
0 0
0 0
0 0
0 0
0 0
0 0
0 0
0 0
0 0
0 0
0 0
0 0
0 0
0 0
0 0
0 0
0 0
0 0
0 0
0 0
0 0
0 0
0 0
0 0
0 0
0 0
0 0
0 0
0 0
0 0
0 0
0 0
0 0
0 0
0 0
0 0
0 0
0 0
0 0
0 0
0 0
0 0
0 0
0 0
0 0
0 0
0 0
0 0
0 0
0 0
0 0
0 0
0 0
0 0
0 0
0 0
0 0
0 0
0 0
0 0
0 0
0 0
0 0
0 0
0 0
0 0
0 0
0 0
0 0
0 0
0 0
0 0
0 0
0 0
0 0
0 0
0 0
0 0
0 0
0 0
0 0
0 0
0 0
0 0
0 0
0 0
0 0
0 0
0 0
0 0
0 0
0 0
0 0
0 0
0 0
0 0
0 0
0 0
0 0
0 0
0 0
0 0
0 0
0 0
0 0
0 0
0 0
0 0
0 0
0 0
538 526
0 0
0 0
0 0
0 0
0 0
0 0
0 0
0 0
0 0
0 0
0 0
0 0
0 0
0 0
0 0
0 0
0 0
0 0
0 0
0 0
0 0
0 0
0 0
0 0
0 0
0 0
0 0
0 0
0 0
0 0
0 0
0 0
0 0
0 0
0 0
0 0
0 0
0 0
0 0
0 0
0 0
0 0
0 0
0 0
0 0
0 0
0 0
0 0
0 0
0 0
0 0
0 0
0 0
0 0
0 0
0 0
0 0
0 0
0 0
0 0
0 0
0 0
0 0
0 0
0 0
0 0
0 0
0 0
0 0
0 0
0 0
0 0
0 0
0 0
0 0
0 0
0 0
0 0
0 0
0 0
0 0
0 0
0 0
0 0
0 0
0 0
0 0
0 0
0 0
0 0
0 0
0 0
0 0
0 0
0 0
0 0
0 0
0 0
0 0
0 0
0 0
0 0
0 0
0 0
0 0
0 0
0 0
0 0
0 0
0 0
0 0
0 0
0 0
0 0
0 0
0 0
0 0
0 0
0 0
0 0
0 0
0 0
0 0
0 0
0 0
0 0
0 0
0 0
0 0
0 0
0 0
0 0
0 0
0 0
0 0
0 0
0 0
538 634
0 0
0 0
0 0
0 0
0 0
0 0
0 0
0 0
0 0
0 0
0 0
0 0
0 0
0 0
0 0
0 0
0 0
0 0
0 0
0 0
0 0
0 0
0 0
0 0
0 0
0 0
0 0
0 0
0 0
0 0
0 0
0 0
0 0
0 0
0 0
0 0
0 0
0 0
0 0
0 0
0 0
0 0
0 0
0 0
0 0
0 0
0 0
0 0
0 0
0 0
0 0
0 0
0 0
0 0
0 0
0 0
0 0
0 0
0 0
0 0
0 0
0 0
0 0
0 0
0 0
0 0
0 0
0 0
0 0
0 0
0 0
0 0
0 0
0 0
0 0
0 0
0 0
0 0
0 0
0 0
0 0
0 0
0 0
0 0
0 0
0 0
0 0
0 0
0 0
0 0
0 0
0 0
0 0
0 0
0 0
0 0
0 0
0 0
0 0
0 0
0 0
0 0
0 0
0 0
0 0
0 0
0 0
0 0
0 0
0 0
0 0
0 0
0 0
0 0
0 0
0 0
0 0
0 0
0 0
0 0
0 0
0 0
0 0
0 0
0 0
0 0
0 0
0 0
0 0
0 0
0 0
0 0
0 0
0 0
0 0
0 0
0 0
0 0
0 0
0 0
0 0
0 0
0 0
0 0
0 0
0 0
0 0
0 0
0 0
0 0
0 0
0 0
0 0
0 0
0 0
0 0
0 0
0 0
0 0
0 0
0 0
0 0
0 0
0 0
0 0
0 0
0 0
0 0
0 0
0 0
0 0
0 0
0 0
0 0
0 0
0 0
0 0
0 0
0 0
0 0
0 0
0 0
0 0
0 0
0 0
0 0
0 0
0 0
0 0
0 0
0 0
0 0
0 0
0 0
0 0
0 0
0 0
0 0
0 0
0 0
0 0
0 0
0 0
0 0
0 0
0 0
0 0
0 0
0 0
0 0
0 0
0 0
0 0
0 0
0 0
0 0
0 0
0 0
0 0
0 0
0 0
0 0
0 0
0 0
0 0
0 0
0 0
0 0
0 0
0 0
0 0
573 583
0 0
0 0
0 0
0 0
0 0
0 0
0 0
0 0
0 0
0 0
0 0
0 0
0 0
0 0
0 0
0 0
0 0
0 0
0 0
0 0
0 0
0 0
0 0
0 0
0 0
0 0
0 0
0 0
0 0
0 0
0 0
0 0
0 0
0 0
0 0
0 0
0 0
0 0
0 0
0 0
0 0
583 665
0 0
0 0
0 0
0 0
0 0
0 0
0 0
0 0
0 0
0 0
0 0
0 0
0 0
0 0
0 0
0 0
0 0
0 0
0 0
0 0
0 0
0 0
0 0
0 0
0 0
0 0
0 0
0 0
0 0
0 0
0 0
0 0
0 0
0 0
0 0
0 0
0 0
0 0
0 0
0 0
0 0
0 0
0 0
0 0
0 0
0 0
0 0
0 0
0 0
0 0
0 0
0 0
0 0
0 0
0 0
0 0
0 0
0 0
0 0
0 0
0 0
0 0
0 0
0 0
0 0
0 0
0 0
0 0
0 0
0 0
0 0
0 0
0 0
0 0
0 0
0 0
0 0
0 0
0 0
0 0
0 0
0 0
0 0
0 0
0 0
0 0
0 0
0 0
0 0
0 0
0 0
0 0
0 0
0 0
0 0
0 0
665 655
0 0
0 0
0 0
0 0
0 0
0 0
0 0
0 0
0 0
0 0
0 0
0 0
0 0
0 0
0 0
0 0
0 0
0 0
0 0
0 0
0 0
0 0
0 0
0 0
0 0
0 0
0 0
0 0
0 0
0 0
0 0
0 0
0 0
0 0
0 0
0 0
0 0
0 0
0 0
0 0
0 0
0 0
0 0
0 0
0 0
0 0
0 0
0 0
0 0
0 0
0 0
0 0
0 0
0 0
0 0
0 0
0 0
0 0
0 0
0 0
0 0
0 0
0 0
0 0
0 0
0 0
0 0
0 0
0 0
0 0
0 0
0 0
0 0
0 0
0 0
0 0
0 0
0 0
0 0
0 0
0 0
0 0
0 0
0 0
0 0
0 0
0 0
0 0
0 0
0 0
0 0
0 0
0 0
0 0
0 0
0 0
0 0
0 0
0 0
0 0
0 0
0 0
0 0
0 0
0 0
0 0
0 0
0 0
0 0
0 0
0 0
0 0
0 0
0 0
0 0
0 0
0 0
0 0
0 0
0 0
0 0
0 0
0 0
0 0
0 0
0 0
0 0
0 0
0 0
0 0
0 0
0 0
0 0
0 0
0 0
0 0
0 0
0 0
0 0
0 0
0 0
0 0
0 0
0 0
0 0
0 0
0 0
0 0
0 0
0 0
0 0
0 0
0 0
0 0
0 0
0 0
0 0
0 0
0 0
0 0
0 0
0 0
0 0
0 0
0 0
0 0
0 0
0 0
0 0
0 0
0 0
0 0
0 0
0 0
0 0
0 0
0 0
0 0
0 0
0 0
0 0
0 0
0 0
0 0
0 0
0 0
0 0
0 0
0 0
0 0
0 0
0 0
0 0
0 0
0 0
0 0
0 0
0 0
0 0
0 0
0 0
0 0
0 0
0 0
0 0
0 0
0 0
0 0
0 0
0 0
0 0
0 0
0 0
0 0
0 0
0 0
0 0
0 0
0 0
0 0
0 0
0 0
0 0
0 0
0 0
0 0
0 0
0 0
0 0
0 0
0 0
0 0
0 0
0 0
0 0
0 0
0 0
0 0
0 0
0 0
0 0
0 0
0 0
0 0
0 0
0 0
0 0
0 0
0 0
0 0
0 0
0 0
0 0
0 0
0 0
0 0
0 0
0 0
0 0
0 0
0 0
0 0
0 0
0 0
0 0
0 0
0 0
0 0
0 0
0 0
0 0
0 0
0 0
0 0
0 0
0 0
0 0
0 0
0 0
0 0
0 0
0 0
0 0
0 0
0 0
0 0
0 0
0 0
0 0
0 0
0 0
0 0
0 0
0 0
0 0
0 0
0 0
0 0
0 0
0 0
0 0
0 0
0 0
0 0
0 0
0 0
0 0
0 0
0 0
0 0
0 0
0 0
0 0
0 0
0 0
0 0
0 0
0 0
0 0
0 0
0 0
0 0
0 0
0 0
0 0
0 0
0 0
0 0
0 0
0 0
0 0
0 0
0 0
0 0
0 0
0 0
0 0
0 0
0 0
0 0
0 0
0 0
0 0
0 0
0 0
0 0
0 0
0 0
0 0
0 0
0 0
0 0
0 0
0 0
0 0
0 0
0 0
0 0
0 0
0 0
0 0
0 0
0 0
0 0
0 0
0 0
0 0
0 0
0 0
0 0
0 0
0 0
0 0
0 0
0 0
0 0
0 0
0 0
0 0
0 0
0 0
0 0
0 0
0 0
0 0
0 0
0 0
0 0
0 0
0 0
0 0
0 0
0 0
0 0
0 0
0 0
0 0
0 0
0 0
0 0
0 0
0 0
0 0
0 0
0 0
0 0
0 0
0 0
0 0
0 0
0 0
0 0
0 0
0 0
0 0
0 0
0 0
0 0
0 0
0 0
0 0
0 0
0 0
0 0
0 0
0 0
0 0
0 0
0 0
0 0
0 0
0 0
0 0
0 0
0 0
0 0
0 0
0 0
0 0
0 0
0 0
0 0
0 0
0 0
0 0
0 0
0 0
0 0
0 0
0 0
0 0
0 0
0 0
0 0
0 0
0 0
0 0
0 0
0 0
0 0
0 0
0 0
0 0
0 0
0 0
0 0
0 0
0 0
0 0
0 0
0 0
0 0
0 0
0 0
0 0
0 0
0 0
0 0
0 0
0 0
0 0
0 0
0 0
0 0
0 0
0 0
0 0
0 0
0 0
0 0
0 0
0 0
0 0
0 0
0 0
0 0
0 0
0 0
0 0
0 0
0 0
0 0
0 0
0 0
0 0
0 0
0 0
0 0
0 0
0 0
0 0
0 0
0 0
0 0
0 0
0 0
0 0
0 0
0 0
0 0
0 0
0 0
0 0
0 0
0 0
0 0
0 0
0 0
0 0
0 0
0 0
0 0
0 0
0 0
0 0
0 0
0 0
0 0
0 0
0 0
0 0
0 0
0 0
0 0
0 0
0 0
0 0
0 0
0 0
0 0
0 0
0 0
0 0
0 0
0 0
0 0
0 0
0 0
0 0
0 0
0 0
0 0
0 0
0 0
0 0
0 0
0 0
0 0
0 0
0 0
0 0
0 0
0 0
0 0
0 0
0 0
0 0
0 0
0 0
0 0
0 0
0 0
0 0
0 0
0 0
0 0
0 0
0 0
0 0
0 0
0 0
0 0
0 0
0 0
0 0
0 0
0 0
0 0
0 0
0 0
0 0
0 0
0 0
0 0
0 0
0 0
0 0
0 0
0 0
0 0
0 0
0 0
0 0
0 0
0 0
0 0
0 0
0 0
0 0
0 0
0 0
0 0
0 0
0 0
0 0
0 0
0 0
0 0
0 0
0 0
0 0
0 0
0 0
0 0
0 0
0 0
0 0
0 0
0 0
0 0
0 0
0 0
0 0
0 0
0 0
0 0
0 0
0 0
0 0
0 0
0 0
0 0
0 0
0 0
0 0
0 0
0 0
0 0
0 0
0 0
0 0
0 0
0 0
0 0
0 0
0 0
0 0
0 0
0 0
0 0
0 0
0 0
0 0
0 0
0 0
0 0
0 0
0 0
0 0
0 0
0 0
0 0
0 0
0 0
0 0
0 0
0 0
0 0
0 0
0 0
0 0
0 0
0 0
0 0
0 0
0 0
0 0
0 0
0 0
0 0
0 0
0 0
0 0
0 0
0 0
0 0
0 0
0 0
0 0
0 0
0 0
0 0
0 0
0 0
0 0
0 0
0 0
0 0
0 0
0 0
0 0
0 0
0 0
0 0
0 0
0 0
0 0
0 0
0 0
0 0
0 0
0 0
634 708
708 579
650 709
709 140
1623
0 1
0 2
497 0
1 2
2 3
2 497
562 2
3 4
3 562
4 5
4 562
5 6
5 543
562 5
6 7
6 543
7 8
512 7
7 543
8 9
8 512
9 10
9 512
606 9
10 11
606 10
11 12
606 11
12 13
606 12
629 12
13 14
629 13
14 15
14 629
14 649
15 16
15 649
16 17
16 649
17 18
17 601
649 17
18 19
18 601
19 20
511 19
601 19
20 21
511 20
20 604
21 22
604 21
22 23
604 22
23 24
23 604
605 23
24 25
24 605
25 26
25 605
26 27
26 509
26 605
27 28
509 27
598 27
28 29
598 28
29 30
598 29
30 31
598 30
30 599
31 32
599 31
32 33
508 32
32 599
33 34
33 508
683 33
34 35
34 683
35 36
683 35
36 37
682 36
683 36
36 698
37 38
698 37
38 39
38 698
39 40
39 698
40 41
40 697
698 40
40 702
41 42
702 41
42 43
702 42
43 44
700 43
702 43
43 706
44 45
706 44
45 46
45 706
46 47
46 706
707 46
47 48
47 707
48 49
707 48
49 50
49 563
49 707
50 51
563 50
51 52
51 544
51 563
52 53
521 52
544 52
53 54
53 521
54 55
521 54
55 56
55 521
55 567
56 57
56 58
567 56
57 58
58 59
547 58
58 567
59 60
59 547
59 580
60 61
60 580
61 62
575 61
580 61
62 63
62 575
63 64
63 573
575 63
64 65
64 573
65 66
65 572
573 65
66 67
527 66
66 572
67 68
67 527
68 69
527 68
69 70
69 527
535 69
70 71
535 70
71 72
535 71
71 537
72 73
537 72
73 74
537 73
73 538
74 75
538 74
554 74
75 76
554 75
76 77
76 554
621 76
77 78
621 77
78 79
621 78
642 78
79 80
79 642
80 81
642 80
81 82
642 81
81 650
82 83
650 82
651 82
83 84
651 83
84 85
84 651
652 84
85 86
652 85
86 87
86 652
87 88
87 652
653 87
88 89
653 88
89 90
653 89
90 91
143 90
653 90
91 92
142 91
143 91
92 93
140 92
141 92
92 142
93 94
93 140
94 95
139 94
140 94
95 96
95 137
138 95
139 95
96 97
96 137
97 98
97 136
137 97
98 99
98 134
98 135
136 98
99 100
99 134
100 101
100 132
133 100
134 100
101 102
101 132
102 103
102 104
131 102
102 132
103 104
104 105
129 104
104 131
105 106
105 127
128 105
105 129
106 107
106 114
106 126
106 127
107 108
114 107
108 109
113 108
108 114
109 110
112 109
113 109
110 111
110 112
111 112
112 113
113 114
114 115
126 114
115 116
124 115
115 125
126 115
116 117
123 116
116 124
117 118
123 117
118 119
122 118
118 123
119 120
121 119
119 122
120 121
121 122
122 123
123 124
124 125
125 126
126 127
127 128
128 129
129 130
129 131
130 131
131 132
132 133
133 134
134 135
135 136
136 137
137 138
138 139
139 140
140 141
141 142
142 143
143 144
143 653
144 145
144 653
145 146
145 653
146 147
652 146
653 146
147 148
147 652
148 149
651 148
148 652
149 150
149 651
150 151
650 150
651 150
151 152
650 151
152 153
642 152
152 650
153 154
642 153
154 155
642 154
155 156
621 155
155 642
156 157
158 156
156 531
156 621
157 158
158 159
158 531
159 160
159 531
160 161
160 531
160 552
161 162
161 552
162 163
551 162
552 162
163 164
163 551
164 165
164 550
551 164
165 166
549 165
165 550
166 167
526 166
166 528
549 166
167 168
167 169
167 526
168 169
169 170
526 169
170 171
170 173
170 174
170 520
526 170
171 172
171 173
172 173
173 174
174 175
174 520
175 176
175 178
179 175
520 175
533 175
176 177
176 178
177 178
178 179
179 180
181 179
533 179
180 181
181 182
533 181
182 183
533 182
630 182
183 184
183 630
184 185
184 630
185 186
185 608
630 185
186 187
186 608
187 188
608 187
188 189
608 188
188 631
189 190
189 631
190 191
631 190
191 192
191 524
631 191
192 193
524 192
193 194
524 193
609 193
194 195
609 194
195 196
609 195
196 197
609 196
610 196
197 198
610 197
198 199
610 198
199 200
610 199
200 201
200 610
201 202
201 560
201 610
202 203
560 202
203 204
203 560
204 205
204 207
208 204
560 204
204 561
205 206
207 205
206 207
207 208
208 209
561 208
209 210
209 561
210 211
210 532
210 561
211 212
215 211
532 211
212 213
212 214
215 212
213 214
214 215
215 216
217 215
215 532
216 217
217 218
219 217
217 532
540 217
218 219
219 220
528 219
540 219
220 221
528 220
548 220
620 220
221 222
221 620
222 223
618 222
620 222
223 224
223 615
618 223
224 225
615 224
224 619
225 226
619 225
226 227
529 226
226 619
227 228
229 227
529 227
228 229
229 230
529 229
229 611
230 231
230 611
230 632
231 232
632 231
232 233
232 632
233 234
632 233
633 233
234 235
234 633
235 236
633 235
634 235
236 237
634 236
237 238
237 634
635 237
238 239
238 635
239 240
239 635
239 636
240 241
636 240
241 242
636 241
242 243
295 242
242 296
636 242
243 244
294 243
243 295
244 245
294 244
245 246
294 245
245 586
246 247
246 586
247 248
247 579
247 586
248 249
248 579
249 250
249 568
579 249
250 251
568 250
251 252
251 553
568 251
252 253
252 553
253 254
530 253
253 553
254 255
254 530
255 256
255 530
256 257
256 530
257 258
257 280
281 257
530 257
258 259
258 279
258 280
259 260
271 259
259 279
260 261
260 270
271 260
261 262
261 270
262 263
269 262
262 270
263 264
268 263
269 263
264 265
264 267
264 268
265 266
267 265
266 267
267 268
268 269
269 270
270 271
271 272
277 271
278 271
271 279
272 273
276 272
272 277
273 274
275 273
273 276
274 275
275 276
276 277
277 278
278 279
279 280
280 281
281 282
281 283
281 530
282 283
283 284
283 530
284 285
284 530
285 286
285 530
553 285
286 287
553 286
287 288
553 287
568 287
288 289
288 568
289 290
568 289
289 579
290 291
579 290
291 292
579 291
586 291
292 293
292 586
293 294
586 293
294 295
294 586
295 296
296 297
636 296
297 298
297 636
298 299
298 636
299 300
635 299
636 299
300 301
635 300
301 302
634 301
301 635
302 303
634 302
303 304
303 633
634 303
304 305
633 304
305 306
305 632
305 633
306 307
632 306
307 308
611 307
307 632
308 309
308 611
309 310
529 309
611 309
309 613
310 311
613 310
311 312
311 613
311 617
312 313
312 617
313 314
313 617
313 640
314 315
640 314
315 316
640 315
641 315
316 317
316 641
317 318
317 641
318 319
318 641
318 647
319 320
647 319
320 321
320 647
320 648
321 322
321 648
322 323
648 322
323 324
590 323
648 323
324 325
324 590
325 326
325 590
325 594
326 327
594 326
327 328
327 594
327 595
328 329
595 328
329 330
329 588
329 595
330 331
330 588
331 332
588 331
591 331
332 333
332 591
333 334
591 333
334 335
591 334
596 334
335 336
596 335
336 337
336 596
673 336
337 338
337 673
338 339
673 338
339 340
515 339
339 673
339 686
340 341
340 686
341 342
341 686
342 343
342 686
343 344
343 685
343 686
694 343
344 345
694 344
345 346
694 345
346 347
346 694
695 346
347 348
695 347
348 349
695 348
349 350
349 689
691 349
349 695
350 351
350 691
351 352
351 691
352 353
352 691
353 354
353 658
353 659
691 353
354 355
354 659
355 356
659 355
356 357
356 659
662 356
357 358
662 357
358 359
662 358
359 360
359 661
359 662
360 361
360 661
360 666
361 362
361 666
362 363
666 362
667 362
363 364
667 363
364 365
667 364
365 366
667 365
670 365
366 367
366 670
367 368
670 367
368 369
368 670
679 368
369 370
679 369
370 371
679 370
371 372
371 678
371 679
680 371
372 373
680 372
373 374
373 680
374 375
374 675
677 374
374 680
375 376
375 677
376 377
677 376
377 378
657 377
377 677
378 379
378 657
379 380
656 379
657 379
380 381
380 655
656 380
381 382
655 381
382 383
382 655
383 384
383 385
383 386
655 383
384 385
385 386
386 387
655 386
387 388
387 655
388 389
388 391
388 655
389 390
391 389
390 391
391 392
655 391
392 393
655 392
393 394
393 655
393 656
394 395
394 656
395 396
395 656
657 395
396 397
657 396
397 398
657 397
676 397
398 399
398 676
399 400
399 676
400 401
400 675
676 400
401 402
401 675
402 403
675 402
678 402
402 680
403 404
678 403
403 681
404 405
681 404
405 406
405 681
406 407
406 669
406 671
406 681
407 408
671 407
408 409
408 671
409 410
664 409
671 409
410 411
410 664
411 412
411 663
664 411
412 413
412 663
665 412
413 414
665 413
414 415
414 665
415 416
415 665
415 668
416 417
668 416
417 418
668 417
418 419
418 513
660 418
418 668
419 420
660 419
420 421
660 420
421 422
421 658
660 421
690 421
422 423
690 422
423 424
690 423
424 425
424 690
424 696
425 426
425 696
426 427
426 696
427 428
427 692
427 696
428 429
428 692
428 693
429 430
693 429
430 431
430 693
431 432
687 431
431 693
432 433
432 687
433 434
687 433
688 433
434 435
434 688
435 436
688 435
436 437
674 436
688 436
437 438
437 674
438 439
592 438
593 438
674 438
439 440
439 593
440 441
583 440
593 440
441 442
441 565
577 441
441 581
441 583
442 443
577 442
443 444
443 577
585 443
444 445
444 585
445 446
445 585
704 445
446 447
446 704
447 448
703 447
447 704
448 449
703 448
705 448
449 450
449 705
450 451
705 450
451 452
451 701
451 705
452 453
452 701
453 454
453 701
454 455
697 454
699 454
454 701
455 456
455 699
456 457
456 699
457 458
682 457
457 699
458 459
682 458
458 684
459 460
459 684
460 461
684 460
461 462
461 600
684 461
462 463
462 600
463 464
510 463
600 463
464 465
464 510
465 466
465 510
597 465
466 467
597 466
467 468
597 467
603 467
468 469
603 468
469 470
603 469
470 471
470 602
470 603
471 472
602 471
472 473
472 511
602 472
473 474
511 473
474 475
474 511
475 476
511 475
475 601
476 477
476 601
477 478
477 601
649 477
478 479
478 649
479 480
629 479
649 479
480 481
480 629
481 482
481 606
481 629
482 483
606 482
483 484
606 483
484 485
484 512
484 606
485 486
485 512
486 487
486 512
487 488
512 487
488 489
488 512
488 543
489 490
489 543
489 562
490 491
562 490
491 492
493 491
491 494
562 491
492 493
493 494
494 495
562 494
495 496
495 562
496 497
562 496
497 562
498 521
498 544
545 498
498 563
498 564
565 498
577 498
498 585
566 499
574 499
576 499
578 499
499 584
646 499
499 654
500 622
623 500
627 500
500 639
501 542
550 501
551 501
501 623
624 501
625 501
502 582
502 583
502 587
502 588
502 591
502 593
596 502
539 503
503 569
503 570
503 571
503 643
644 503
584 504
589 504
590 504
645 504
504 646
648 504
505 612
615 505
505 616
505 618
624 505
505 626
627 505
506 548
549 506
550 506
506 618
506 620
506 625
626 506
531 507
538 507
507 542
507 551
507 552
554 507
599 508
600 508
683 508
684 508
509 597
598 509
509 603
605 509
597 510
510 598
599 510
510 600
511 601
602 511
604 511
543 512
512 606
659 513
660 513
662 513
513 668
664 514
667 514
514 670
671 514
673 515
515 674
515 686
515 687
688 515
524 516
557 516
558 516
516 559
516 607
520 517
533 517
517 534
607 517
517 608
630 517
518 532
540 518
541 518
518 557
558 518
672 518
519 520
519 526
534 519
519 558
672 519
520 526
533 520
520 534
521 544
564 521
567 521
527 522
522 535
537 522
539 522
522 555
569 522
522 622
523 587
523 588
523 589
523 594
595 523
525 524
559 524
524 607
609 524
631 524
559 525
560 525
525 609
610 525
526 528
526 672
535 527
527 539
527 572
540 528
528 548
528 549
672 528
529 611
613 529
529 619
530 553
531 552
554 531
531 621
540 532
541 532
561 532
533 630
534 558
534 607
537 535
536 537
538 536
542 536
622 536
536 623
538 537
537 622
538 542
554 538
539 569
571 539
572 539
672 540
557 541
559 541
560 541
541 561
551 542
542 623
562 543
544 563
545 563
585 545
703 545
704 545
545 707
546 547
546 564
565 546
566 546
546 576
578 546
547 564
547 566
567 547
580 547
548 549
548 620
549 550
550 551
550 625
552 551
568 553
554 621
555 569
622 555
555 638
555 639
556 571
572 556
556 573
574 556
556 654
558 557
559 557
558 607
672 558
559 560
561 560
560 610
707 563
564 565
567 564
576 565
577 565
581 565
574 566
566 575
566 578
580 566
579 568
570 569
569 638
570 628
638 570
570 641
570 644
570 647
571 572
643 571
654 571
572 573
574 573
575 573
574 575
654 574
575 580
576 578
576 581
576 582
584 576
577 585
579 586
581 582
581 583
582 583
584 582
587 582
582 589
593 583
589 584
584 646
585 704
587 588
589 587
591 588
588 595
590 589
589 594
590 594
590 648
591 596
593 592
596 592
592 673
674 592
593 596
594 595
596 673
597 598
597 603
599 598
600 599
684 600
601 649
603 602
604 602
605 602
605 603
604 605
629 606
608 607
631 607
608 630
608 631
610 609
611 632
612 613
615 612
616 612
612 617
612 619
613 617
619 613
616 614
614 617
627 614
637 614
639 614
640 614
615 618
615 619
617 616
627 616
640 617
620 618
626 618
621 642
623 622
639 622
623 624
627 623
625 624
624 626
627 624
625 626
627 639
644 628
645 628
628 647
648 628
649 629
632 633
633 634
635 634
635 636
637 638
639 637
640 637
637 641
638 639
638 641
641 640
647 641
650 642
643 644
643 645
646 643
654 643
644 645
646 645
645 648
646 654
648 647
651 650
651 652
652 653
656 655
656 657
676 657
677 657
659 658
660 658
658 690
691 658
660 659
662 659
662 661
661 665
666 661
668 661
662 668
663 664
665 663
663 666
663 667
664 667
664 671
666 665
665 668
666 667
667 670
670 669
671 669
669 679
669 681
670 671
679 670
674 673
674 688
675 676
677 675
675 680
676 677
678 679
678 680
678 681
679 681
682 683
682 684
682 698
682 699
684 683
685 686
687 685
693 685
685 694
686 687
687 688
693 687
690 689
689 691
695 689
696 689
690 691
696 690
692 693
692 694
692 695
692 696
693 694
694 695
696 695
698 697
697 699
701 697
697 702
699 698
700 701
700 702
700 703
705 700
706 700
702 701
701 705
703 704
703 705
703 706
703 707
706 707
