723
223 497
218 496
213 494
212 490
211 485
213 480
215 475
216 470
218 465
213 464
212 459
212 454
213 449
213 444
213 439
213 434
213 429
213 424
213 419
213 414
212 409
212 404
212 399
212 394
212 389
212 384
212 379
211 374
211 369
210 364
210 359
211 354
211 349
211 344
212 339
212 334
212 329
211 324
211 319
211 314
210 309
210 304
210 299
209 294
209 289
209 284
208 279
208 274
207 269
207 264
208 259
207 254
202 254
197 254
193 252
195 247
196 242
198 237
200 232
201 227
202 222
203 217
205 212
206 207
206 202
207 197
209 192
209 187
209 182
209 177
209 172
208 167
208 162
208 157
207 152
206 147
206 142
205 137
203 133
198 134
193 134
188 136
183 138
178 140
173 143
168 146
163 148
158 151
153 154
148 157
143 160
138 163
133 165
128 166
123 168
118 171
113 173
108 175
103 178
98 181
93 184
88 187
83 189
78 193
73 196
68 198
64 197
60 193
55 195
50 198
45 200
40 203
35 205
30 204
25 205
20 207
15 208
10 207
8 204
13 202
18 200
23 197
28 194
33 192
38 189
43 186
48 184
52 182
54 178
59 176
64 174
69 172
74 169
79 166
84 164
89 161
94 158
99 156
104 153
109 151
114 149
119 146
124 143
129 141
134 138
139 136
144 133
149 131
154 128
159 125
164 123
169 120
174 117
179 115
184 112
189 109
194 106
199 103
204 103
209 103
214 103
219 102
224 102
229 102
234 101
238 98
241 93
240 90
239 85
237 80
233 76
230 73
229 71
226 66
223 62
222 57
223 52
219 51
217 48
214 45
219 46
224 45
227 41
231 38
236 35
239 32
241 29
246 31
251 30
256 30
261 30
266 31
269 32
274 35
279 34
282 33
278 37
283 40
287 44
292 46
297 46
296 48
291 49
291 54
290 59
295 62
293 62
288 63
286 67
282 72
279 74
276 78
273 82
272 87
271 90
271 95
275 99
280 101
285 102
290 102
295 102
300 103
305 103
310 103
315 104
320 106
325 109
330 112
335 115
340 118
345 121
350 123
355 126
360 129
365 132
370 135
375 137
380 139
385 141
390 144
395 147
400 149
405 152
410 155
415 157
420 159
425 161
430 164
435 166
440 169
445 171
450 172
455 175
460 178
461 181
466 184
471 186
476 187
481 189
486 192
491 195
496 198
500 201
505 203
507 206
502 207
497 207
492 205
487 203
482 205
477 203
472 201
467 199
462 197
457 193
452 192
449 197
444 197
439 194
434 191
429 188
424 185
419 183
414 180
409 178
404 175
399 173
394 171
389 168
384 165
379 163
374 160
369 159
364 157
359 154
354 151
349 150
344 147
339 145
334 142
329 140
324 137
319 135
314 134
309 133
306 136
306 141
305 146
305 151
304 156
304 161
303 166
303 171
302 176
302 181
302 186
303 191
304 196
305 201
306 206
307 211
308 216
310 221
311 226
312 231
315 236
316 241
318 246
319 251
317 254
312 254
307 254
303 256
304 261
304 266
304 271
304 276
303 281
303 286
302 291
302 296
302 301
302 306
301 311
301 316
301 321
300 326
300 331
300 336
300 341
301 346
301 351
301 356
301 361
301 366
300 371
300 376
300 381
300 386
300 391
299 396
299 401
299 406
299 411
299 416
299 421
299 426
299 431
298 436
299 441
299 446
299 451
300 456
300 461
297 464
295 467
296 472
297 477
301 482
301 487
300 492
297 495
292 497
287 497
282 497
277 497
272 496
269 491
268 486
268 481
269 476
270 471
271 466
269 462
269 457
269 452
269 447
269 442
269 437
269 432
269 427
269 422
269 417
268 412
268 407
268 402
268 397
267 392
267 387
267 382
267 377
267 372
266 367
266 362
265 357
265 352
265 347
264 342
266 337
266 332
265 327
265 322
264 317
264 312
264 307
263 302
263 297
262 292
262 287
261 282
261 277
261 272
260 267
260 262
257 258
253 260
252 265
251 270
251 275
250 280
250 285
250 290
249 295
249 300
248 305
248 310
247 315
247 320
247 325
246 330
246 335
247 340
247 345
247 350
246 355
246 360
246 365
245 370
245 375
245 380
244 385
244 390
244 395
244 400
244 405
243 410
243 415
243 420
243 425
242 430
242 435
242 440
242 445
242 450
243 455
243 460
241 464
238 467
240 472
241 477
242 482
241 487
240 492
238 497
233 497
228 497
224 497
238.667 226.333
254.833 58.1667
255.479 174.5
230.67 251.866
229.071 276.5
281.971 265.206
281.978 290.604
230.426 203.47
270.615 210.477
232.172 174.5
263.029 136.178
278.926 168.5
270.299 118.003
284.524 138.5
233.975 133.805
283.332 458.537
203.045 117.985
227.538 482
282.448 343.695
246.184 45.9596
271.337 59.3368
280.058 52.5768
68.7124 184.913
228.98 456.2
443.963 183.012
282.888 471.425
218.692 125.54
260.827 44.752
239.763 59.6771
78.0777 179.19
434.062 178.246
286.064 484.032
209.059 125.511
253.007 39.3121
271.621 45.7671
263.425 53.959
248.531 71.2184
235.127 49.1457
87.9 174.27
424.234 173.346
239.37 69.0767
262.3 69.8202
97.3294 168.527
414.41 168.448
271.48 68.5962
256.8 84.1565
404.767 164.163
264.334 78.8235
247.723 80.8463
395.127 158.863
385.271 153.947
375.372 149.035
365.177 144.892
354.939 139.438
191.376 121.823
227.516 470.836
220.653 140.175
224.997 132.144
235.574 154.263
230.83 144.342
221.705 154.801
228.989 163.561
220.732 171.896
223.502 186.156
215.399 147.904
217.335 163.127
240.197 189.521
219.728 197.706
232.643 183.903
214.279 114.7
227.814 115.508
107.216 163.578
255.567 100.49
245.104 114.307
236.153 110.49
344.017 133.759
180.705 126.555
170.905 131.578
243.825 177.929
241.526 165.459
253.655 151.831
244.058 142.552
245.066 156.398
254.189 163.196
247.384 128.534
254.286 141.576
268.491 156.83
263.702 147.048
273.382 140.993
272.47 129.413
288.619 120.428
279.057 122.248
237.404 122.837
257.186 119.667
254.126 110.269
256.801 129.093
266.574 169.045
273.654 189.267
273.161 178.089
287.515 180.192
283.573 153.845
291.086 168.568
276.915 159.798
275.009 150.169
293.119 146.735
250.493 207.131
116.943 159.237
127.609 154.22
250.767 91.9145
261.498 92.7244
332.901 128.201
321.222 121.932
160.948 136.898
294.567 131.276
287.979 196.023
282.889 188.25
292.807 187.959
277.074 200.58
289.137 214.12
280.37 209.787
293.453 158.081
241.3 200.691
239.225 213.434
138.322 149.073
148.335 143.571
306.589 118.055
298.012 122.332
315.396 114.366
312.646 124.745
294.686 204.68
274.933 237.426
276.429 223.366
257.834 228.498
249.051 220.322
259.558 214.796
268.142 229.594
284.064 443.424
278.242 450.716
289.478 451.261
282.506 326.2
289.085 334.969
276.43 334.927
227.45 441.638
222.372 449.533
227.59 426.899
232.9 434.319
222.129 434.217
265.826 106.813
256.94 191.27
249.035 185.924
265.181 199.874
263.104 182.284
272.56 252.808
270.957 263.795
261.059 243.16
288.515 247.395
263.586 251.826
246.991 238.568
279.128 245.947
289.466 231.862
251.523 248.527
240.658 247.46
230.417 237.768
240.285 260.139
228.514 264.095
219.071 270.734
219.581 256.216
215.684 241.521
285.919 223.054
298.066 223.28
301.075 240.369
220.724 222.083
220.059 209.901
230.804 219.531
239.567 271.67
224.396 244.927
205.896 243.97
302.748 231.265
297.514 248.741
291.71 258.831
282.441 255.297
221.255 232.593
211.676 227.807
284.06 428.307
278.385 435.867
288.982 435.864
283.795 412.977
289.521 420.545
278.379 420.738
227.969 411.769
233.517 419.478
222.326 419.197
283.53 397.442
277.667 405.312
289.389 405.112
283.483 380.925
289.788 389.165
277.172 389.202
275.312 277.907
289.408 277.201
272.199 287.64
294.314 268.486
292.055 287.43
283.491 361.174
289.883 352.022
278.173 371.047
289.086 370.555
276.102 352.844
281.75 308.409
274.379 299.411
290.011 299.611
289.487 316.992
275.314 317.594
227.962 395.715
221.999 403.745
234.023 403.739
228.509 379.214
234.129 387.66
222.125 387.262
227.954 361.141
221.934 370.371
234.178 369.995
229.264 343.379
221.922 351.767
235.164 352.743
229.102 326.019
235.355 334.642
222.767 334.759
228.991 306.915
235.539 316.429
222.379 316.506
224.656 291.696
220.235 301.182
219.695 282.015
236.982 287.038
233.821 297.312
723
223.309 488.564
222.198 489.042
215.377 491.975
217.99 490.851
219.762 490.09
220.714 489.68
228.687 483.333
228.111 473.489
227.366 460.529
227.177 456.718
227.148 455.986
227.107 455.031
226.95 451.454
226.793 445.559
226.831 439.92
227 434.405
227.421 429.402
227.839 424.336
228.246 419.105
228.104 409.956
228.073 407.762
228.018 404.141
228.032 399.82
228.076 404.926
228.074 389.935
228.105 384.225
228.165 374.772
228.185 372.002
228.287 367.284
228.446 363.276
228.56 360.379
228.73 356.043
228.921 350.641
229.047 346.402
229.124 343.868
229.348 334.843
229.099 325.081
229.005 322.458
228.857 318.139
228.574 312.775
228.431 310.498
228.059 304.412
227.631 299.514
227.162 295.261
226.504 290.643
225.567 284.259
224.46 274.71
224.114 271.661
223.619 265.849
223.318 258.889
222.67 244.888
220.534 237.44
209.393 243.721
195.769 251.351
192.602 253.138
200.922 248.479
206.618 245.3
214.263 241.055
218.832 238.349
222.774 236.035
226.543 233.231
228.835 231.24
238.225 221.93
245.265 213.618
247.184 208.979
248.722 205.635
250.966 196.84
252.421 185.881
250.844 172.711
250.229 168.88
247.708 158.558
246.857 156.484
246.245 154.386
246.411 149.59
244.226 144.809
242.964 141.96
240.44 136.402
225.338 125.605
205.601 111.912
197.268 115.327
189.066 119.251
181.968 123.778
176.792 127.07
171.977 130.123
166.7 133.334
162.591 135.78
158.317 138.211
155.474 139.791
147.137 144.415
141.705 147.372
136.47 150.206
132.394 152.354
129.535 153.905
125.322 155.746
118.633 158.55
112.86 160.974
108.644 162.732
103.387 165.27
97.3928 168.293
92.1731 171.32
87.2799 174.161
82.5459 176.91
76.5397 180.399
68.3947 185.129
67.3141 189.868
67.5375 191.746
67.4006 190.595
50.5197 192.554
55.1584 187.677
35.0926 196.483
41.1896 194.901
36.3626 198.254
33.9741 199.003
30.0768 199.42
23.5421 201.826
18.2982 203.752
14.4694 204.986
10.286 205.046
9.1637 205.013
11.6107 205.039
20.9904 202.463
24.2807 201.553
30.1517 199.404
34.9581 198.773
41.0208 195.024
45.367 191.685
50.6001 188.903
58.877 186.813
59.958 186.59
64.3162 185.691
66.3388 186.117
72.3304 182.844
79.2428 178.829
84.245 175.923
88.9632 173.183
94.5477 169.941
99.0652 167.436
103.622 165.149
108.509 162.777
112.7 161.042
118.324 158.68
124.848 155.945
129.82 153.73
134.15 151.426
139.163 148.76
144.009 146.117
149.215 143.274
154.003 140.608
159.735 137.424
164.112 134.871
168.3 132.385
173.631 129.07
177.986 126.313
182.885 123.196
189.594 118.903
195.317 115.903
199.743 113.458
199.528 113.218
199.938 113.074
203.587 113.136
209.083 114.478
218.722 120.788
222.138 123.167
233.42 130.557
246.803 134.477
255.881 130.208
256.218 102.962
256.46 85.9929
256.708 70.91
256.061 53.8432
244.107 53.7014
240.581 53.6408
241.107 53.7162
241.276 53.5558
237.272 53.1253
236.428 53.0777
235.014 53.0209
219.328 48.1886
216.573 46.7999
213.948 45.0599
217.38 47.1158
229.692 52.8559
236.981 53.0774
244.041 52.4122
248.267 49.6016
249.878 50.401
0 0
247.594 48.3048
252.826 52.1731
257.388 53.4141
261.123 53.3374
263.763 52.8003
264.165 52.7213
269.49 51.4919
275.441 42.4892
281.897 32.7109
271.565 48.3621
274.24 50.8559
284.296 49.0434
291.425 47.7072
297.144 46.6272
296.518 46.7455
288.838 48.1908
282.642 49.3765
284.172 49.1113
293.067 60.2668
291.181 58.2617
282.688 49.3987
273.543 50.9658
270.386 51.493
266.569 52.0908
261.257 56.62
257.356 63.5704
256.69 78.9125
256.5 87.4024
256.129 110.454
258.16 132.835
263.206 136.383
277.337 130.036
289.228 124.134
297.073 120.438
303.119 117.934
310.217 114.946
314.591 113.21
315.457 112.866
316.124 112.582
319.049 114.964
323.765 118.704
326.641 120.933
335.252 127.596
340.541 131.523
344.592 134.504
348.78 136.715
353.618 139.283
359.288 142.122
365.75 145.333
371.421 147.602
375.992 149.456
379.763 151.173
384.4 153.226
390.263 156.386
394.911 158.917
399.476 161.282
405.461 164.336
411.211 166.993
415.815 169.122
419.747 170.927
424.81 173.266
430.168 175.839
436.614 178.936
443.338 182.183
446.682 183.761
448.586 184.612
453.52 186.252
451.326 185.523
462.527 189.71
480.067 196.387
474.348 194.474
478.276 196.037
483.021 197.924
488.685 199.616
494.576 201.379
501.971 204.644
504.6 205.054
507.085 205.403
505.264 205.147
498.436 204.024
494.466 201.345
495.949 202.316
483.026 197.925
479.319 196.452
477.079 195.561
470.618 192.987
466.438 191.294
455.646 187.098
446.346 183.867
446.545 191.417
446.531 190.858
446.297 188.872
442.42 181.736
435.633 178.462
428.88 175.221
423.638 172.712
418.577 170.389
413.811 168.197
408.274 165.632
403.039 163.158
399.272 161.178
394.832 158.874
388.9 155.644
383.643 152.92
377.588 150.189
372.781 148.146
371.098 147.472
364.797 144.87
357.919 141.441
353.548 139.246
349.437 137.063
345.105 134.796
340.675 131.624
336.627 128.624
331.126 124.41
324.476 119.236
318.448 115.024
304.889 119.111
283.641 126.995
272.569 135.169
266.747 140.35
265.504 145.037
265.196 146.972
264.519 152.298
264.069 156.595
263.589 161.421
263.42 169.287
263.552 179.435
265.454 189.637
267.546 197.563
268.432 200.817
271.381 209.762
273.997 214.794
275.61 217.633
281.997 226.846
286.768 232.517
289.613 234.958
293.136 238.015
299.173 240.52
301.194 241.343
316.736 247.684
318.741 252.157
318.891 252.478
317.788 250.07
308.758 245.407
291.163 240.293
290.128 250.737
289.533 261.471
288.692 268.767
288.237 271.822
286.659 281.082
285.471 286.206
284.265 291.457
283.047 296.808
282.236 301.391
282.273 305.254
282.271 307.653
282.262 315.511
282.264 319.572
282.275 325.333
282.394 331.392
282.519 337.642
282.741 345.96
282.807 348.425
282.897 352.117
283.153 356.175
283.44 360.386
283.654 364.616
283.926 369.635
283.817 376.269
283.708 381.938
283.583 386.523
283.506 389.957
283.625 425.029
283.561 401.023
283.611 406.553
283.802 414.357
283.85 416.395
283.953 421.091
283.799 425.515
283.657 429.791
283.431 436.165
283.473 442.971
283.572 448.002
283.716 453.655
283.908 456.412
284.027 456.424
283.801 457.04
283.358 464.173
282.649 477.511
282.536 486.076
293.087 489.961
295.333 490.789
297.182 491.472
294.511 490.486
289.227 488.537
285.386 487.12
279.349 487.787
285.333 485.333
273.58 492.45
276.484 490.085
278.758 488.27
279.812 487.434
282.066 483.127
282.598 476.514
283.468 462.384
283.66 459.261
283.782 455.938
283.689 452.603
283.573 447.941
283.464 443.308
283.399 437.479
283.565 432.419
283.534 439.809
283.915 421.996
283.851 417.212
283.719 410.891
283.614 407.084
283.566 402.132
283.53 396.748
283.51 391.137
283.552 387.753
283.613 385.493
283.798 377.577
283.939 370.733
283.659 364.971
283.403 359.746
283.087 355.157
282.885 351.66
282.722 345.297
282.697 344.355
282.586 340.183
282.4 331.925
282.28 325.891
282.267 320.382
282.263 315.882
282.269 311.821
282.271 309.674
282.294 301.047
282.974 296.991
283.854 293.221
284.632 289.912
285.611 286.06
286.652 282.06
288.384 269.926
290.378 256.471
284.225 239.274
264.745 221.932
237.83 228.821
222.758 249.159
223.652 265.944
224.516 275.417
225.77 285.002
226.21 288.389
226.705 292.004
227.244 295.766
227.761 299.893
228.05 304.47
228.499 311.633
228.654 314.07
228.909 319.58
229.068 323.932
229.226 329.552
229.36 337.344
229.18 342.102
229.121 344.023
228.963 349.266
228.818 353.788
228.517 361.48
228.433 363.637
228.235 368.538
228.169 374.369
228.133 378.934
228.104 384.329
228.07 390.697
228.043 396.269
228.029 400.541
228.019 404.046
228.117 410.885
228.175 415.024
228.231 420.104
227.893 423.748
227.487 428.596
226.982 434.877
226.811 440.922
226.846 446.716
226.92 449.44
227.138 456.599
227.22 457.913
227.268 458.688
227.455 461.972
228.328 477.229
228.71 483.805
229.646 487.025
230.793 488.106
231.327 488.634
238.825 496.007
229.374 487.103
227.753 486.645
223.503 488.481
243.959 218.372
256.963 53.6734
254.236 167.438
221.732 237.458
225.023 280.346
289.883 259.486
0 0
250.423 200.633
265.519 198.064
248.749 161.136
259.204 138.877
262.686 161.859
260.964 135.695
267.324 138.191
242.791 136.577
283.251 465.683
201.297 113.217
228.301 486.414
282.706 344.668
252.648 53.1736
284.419 53.3794
276.164 50.5269
67.4963 185.6
227.32 459.182
446.239 183.69
282.858 472.016
222.088 123.207
263.036 52.9303
243.155 53.651
81.5636 177.481
463.812 191.851
282.179 485.941
204.95 118.624
254.411 52.8061
269.376 51.6025
262.766 52.946
256 51.5556
228.262 50.1234
88.927 173.27
412.18 167.438
247.937 53.6797
257.48 53.8717
100.798 166.573
412.241 167.466
265.009 52.3737
256.685 72.6387
404.048 163.652
259.096 62.4576
256.725 69.2078
374.222 149.333
384.219 153.173
366.564 145.404
360.094 142.524
338.735 129.747
194.919 116.331
231.111 483.556
242.038 139.899
235.472 132.182
247.374 148.748
245.624 140.829
246.39 148.879
247.196 155.196
249.655 166.597
252.534 184.823
243.649 143.48
246.335 154.557
253.649 186.485
249.508 203.722
253.225 184.492
209.768 114.756
254.222 119.111
101.516 166.897
256.145 108.7
251.205 133.185
247.582 135.283
344.803 134.625
187.312 120.767
167.929 132.602
253.909 172.812
251.085 157.646
253.258 149.762
247.575 140.146
251.614 151.301
255.67 157.922
250.922 134.8
0 0
261.922 152.301
259.418 144.435
264.866 138.055
263.915 136.883
281.111 127.99
268.372 134.903
244.073 135.584
255.454 133.608
255.843 130.899
255.494 135.032
262.392 155.959
264.417 188.874
263.022 172.822
263.396 178.519
263.094 149.972
263.251 160.299
262.888 153.151
263.308 145.25
266.402 140.683
256.032 202.913
122.286 157.02
129.41 153.948
256.321 95.1074
0 0
329.886 123.404
324.521 119.274
162.801 135.645
270.884 134.85
267.829 199.903
265.256 189.592
265.586 190.295
267.924 200.772
278.896 222.538
271.256 211.04
264.86 149.186
251.732 199.752
249.244 210.526
131.98 152.581
128.889 155.556
307.67 116.044
300.285 119.224
316.132 112.589
317.058 113.87
271.64 210.467
279.129 227.341
288.889 254.222
261.525 214.622
251.435 211.003
256.68 199.482
270.816 218.927
283.478 443.729
283.534 446.271
283.688 452.582
282.286 326.284
282.454 326.983
282.489 336.398
226.799 443.258
227.041 453.52
227.387 444.908
226.894 438.962
226.993 434.528
256.255 133.402
262.497 190.843
255.839 182.161
262.553 197.6
260.432 176.607
285.368 233.211
287.277 247.794
265.425 216.723
289.738 237.45
267.649 220.206
247.106 217.279
285.426 234.276
285.823 231.988
242.054 222.155
235.161 229.746
217.375 239.386
230.222 254.222
223.008 252.128
223.697 264.91
222.611 243.671
220.8 237.128
279.41 223.777
285.902 231.711
290.577 237.131
234.796 225.473
246.101 211.536
242.53 216.808
224.541 274.281
222.91 237.035
216.458 239.754
290.477 235.719
291.506 237.742
290.263 248.397
290.612 239.959
225.09 234.672
223.657 235.504
283.741 427.288
283.415 436.848
283.431 436.152
283.773 413.14
283.934 421.446
283.951 420.717
228.129 411.659
228.24 419.553
228.245 419.243
283.535 397.448
283.607 406.565
283.589 405.544
288 351.111
283.509 390.347
283.508 389.496
287.63 274.896
287.582 275.87
284.198 291.757
289.444 262.781
284.026 292.517
283.543 362.78
282.819 349.006
283.738 366.542
283.93 369.906
282.92 352.72
282.27 308.688
282.313 300.421
282.285 300.606
282.271 312.314
282.263 316.605
228.042 396.509
228.018 403.995
228.018 403.94
228.133 379.001
228.083 388.12
231.111 352
228.612 359.04
228.207 369.581
228.364 366.471
229.111 344.311
228.837 352.488
228.856 352.762
229.164 327.292
229.364 335.889
229.098 344.418
228.146 305.974
228.784 316.241
228.86 320.02
227.097 294.767
226.474 292.938
225.489 283.697
226.262 288.684
227.716 299.363
1679
0 0
0 0
0 0
0 0
0 0
0 0
0 0
0 0
0 0
0 0
0 0
0 0
0 0
0 0
0 0
0 0
542 705
0 0
0 0
0 0
0 0
0 0
0 0
0 0
0 0
0 0
0 0
0 0
0 0
0 0
0 0
0 0
0 0
0 0
0 0
0 0
0 0
0 0
0 0
0 0
0 0
0 0
0 0
0 0
0 0
0 0
0 0
0 0
0 0
0 0
0 0
0 0
0 0
0 0
0 0
0 0
0 0
0 0
0 0
0 0
0 0
0 0
0 0
0 0
0 0
0 0
0 0
0 0
0 0
0 0
0 0
0 0
0 0
0 0
0 0
0 0
0 0
0 0
0 0
0 0
0 0
0 0
0 0
0 0
0 0
0 0
0 0
0 0
0 0
0 0
0 0
0 0
0 0
0 0
0 0
0 0
0 0
0 0
0 0
0 0
0 0
0 0
0 0
0 0
0 0
0 0
0 0
0 0
0 0
0 0
0 0
0 0
705 650
0 0
0 0
0 0
0 0
0 0
0 0
0 0
0 0
0 0
0 0
0 0
0 0
0 0
0 0
0 0
0 0
0 0
0 0
0 0
0 0
0 0
0 0
0 0
0 0
0 0
0 0
0 0
0 0
0 0
0 0
0 0
0 0
650 621
0 0
0 0
0 0
0 0
0 0
0 0
0 0
0 0
0 0
0 0
0 0
0 0
0 0
0 0
0 0
0 0
621 557
0 0
0 0
0 0
0 0
0 0
0 0
0 0
0 0
0 0
0 0
0 0
0 0
0 0
0 0
0 0
0 0
0 0
0 0
0 0
0 0
0 0
0 0
0 0
0 0
0 0
0 0
0 0
557 519
0 0
0 0
519 611
0 0
0 0
0 0
0 0
0 0
0 0
0 0
0 0
0 0
0 0
0 0
0 0
0 0
0 0
0 0
0 0
0 0
0 0
0 0
0 0
0 0
0 0
0 0
0 0
0 0
0 0
0 0
0 0
0 0
0 0
0 0
0 0
0 0
0 0
0 0
0 0
0 0
0 0
0 0
0 0
0 0
0 0
0 0
0 0
0 0
0 0
0 0
0 0
0 0
0 0
0 0
0 0
0 0
0 0
0 0
0 0
0 0
0 0
0 0
0 0
611 107
0 0
0 0
0 0
0 0
0 0
0 0
0 0
0 0
0 0
0 0
0 0
0 0
0 0
0 0
0 0
0 0
0 0
0 0
0 0
0 0
0 0
0 0
0 0
0 0
0 0
0 0
0 0
0 0
0 0
0 0
0 0
0 0
0 0
0 0
0 0
0 0
0 0
0 0
0 0
0 0
0 0
0 0
0 0
0 0
0 0
0 0
0 0
0 0
0 0
0 0
0 0
0 0
0 0
0 0
0 0
0 0
0 0
0 0
0 0
0 0
0 0
0 0
0 0
0 0
0 0
0 0
0 0
0 0
0 0
0 0
0 0
0 0
0 0
0 0
0 0
0 0
0 0
0 0
0 0
0 0
0 0
0 0
0 0
0 0
0 0
0 0
0 0
0 0
0 0
0 0
0 0
0 0
0 0
0 0
0 0
0 0
0 0
0 0
0 0
0 0
0 0
0 0
0 0
0 0
0 0
0 0
0 0
0 0
0 0
0 0
0 0
0 0
0 0
0 0
0 0
0 0
0 0
0 0
0 0
0 0
0 0
0 0
0 0
0 0
0 0
0 0
0 0
0 0
0 0
0 0
0 0
0 0
0 0
0 0
0 0
0 0
0 0
0 0
0 0
0 0
0 0
0 0
557 523
0 0
0 0
0 0
0 0
0 0
0 0
0 0
0 0
0 0
0 0
0 0
0 0
0 0
0 0
0 0
0 0
0 0
0 0
0 0
0 0
0 0
0 0
0 0
0 0
0 0
0 0
0 0
0 0
0 0
0 0
0 0
0 0
0 0
0 0
0 0
0 0
0 0
0 0
0 0
0 0
0 0
0 0
0 0
0 0
0 0
0 0
0 0
0 0
0 0
0 0
0 0
0 0
0 0
0 0
0 0
0 0
0 0
0 0
0 0
0 0
0 0
0 0
0 0
0 0
0 0
0 0
0 0
0 0
0 0
0 0
0 0
0 0
0 0
0 0
0 0
0 0
0 0
0 0
0 0
0 0
0 0
0 0
0 0
0 0
0 0
0 0
0 0
0 0
0 0
0 0
0 0
0 0
0 0
0 0
0 0
0 0
0 0
0 0
0 0
0 0
0 0
0 0
0 0
0 0
0 0
0 0
0 0
0 0
0 0
0 0
0 0
0 0
0 0
0 0
0 0
0 0
0 0
0 0
0 0
0 0
0 0
0 0
0 0
0 0
0 0
0 0
557 304
0 0
0 0
0 0
0 0
0 0
0 0
0 0
0 0
0 0
0 0
0 0
0 0
0 0
0 0
0 0
0 0
0 0
304 536
0 0
0 0
0 0
0 0
0 0
0 0
0 0
0 0
0 0
0 0
0 0
0 0
0 0
0 0
0 0
0 0
0 0
0 0
0 0
0 0
0 0
0 0
0 0
0 0
0 0
0 0
0 0
0 0
0 0
0 0
0 0
0 0
0 0
0 0
0 0
0 0
0 0
0 0
0 0
0 0
0 0
0 0
0 0
0 0
0 0
0 0
0 0
0 0
0 0
0 0
0 0
0 0
0 0
0 0
0 0
0 0
536 517
0 0
0 0
0 0
0 0
0 0
0 0
0 0
0 0
0 0
0 0
0 0
0 0
0 0
0 0
0 0
0 0
0 0
0 0
0 0
0 0
0 0
0 0
0 0
0 0
0 0
0 0
0 0
0 0
0 0
0 0
0 0
0 0
0 0
0 0
0 0
0 0
0 0
0 0
0 0
0 0
0 0
0 0
0 0
0 0
0 0
0 0
0 0
0 0
0 0
0 0
0 0
0 0
0 0
0 0
0 0
0 0
0 0
0 0
0 0
0 0
0 0
0 0
0 0
0 0
0 0
0 0
0 0
0 0
0 0
0 0
0 0
0 0
0 0
0 0
0 0
0 0
0 0
0 0
0 0
0 0
0 0
0 0
0 0
0 0
0 0
0 0
0 0
0 0
0 0
0 0
0 0
0 0
0 0
0 0
0 0
0 0
0 0
0 0
0 0
0 0
0 0
0 0
0 0
0 0
0 0
0 0
0 0
0 0
0 0
0 0
0 0
0 0
0 0
0 0
0 0
0 0
0 0
0 0
0 0
0 0
0 0
0 0
0 0
0 0
0 0
0 0
0 0
0 0
0 0
0 0
0 0
0 0
0 0
0 0
0 0
0 0
0 0
0 0
0 0
0 0
0 0
0 0
0 0
0 0
0 0
0 0
0 0
0 0
0 0
0 0
0 0
0 0
0 0
0 0
0 0
0 0
0 0
0 0
0 0
0 0
0 0
0 0
0 0
621 618
0 0
0 0
0 0
0 0
0 0
0 0
0 0
0 0
0 0
0 0
0 0
0 0
0 0
0 0
0 0
0 0
0 0
0 0
0 0
0 0
0 0
0 0
0 0
0 0
0 0
0 0
0 0
0 0
0 0
0 0
0 0
0 0
0 0
0 0
0 0
0 0
0 0
0 0
0 0
0 0
0 0
0 0
0 0
0 0
0 0
0 0
0 0
0 0
0 0
0 0
0 0
0 0
0 0
0 0
0 0
618 682
0 0
0 0
0 0
0 0
0 0
0 0
0 0
0 0
0 0
0 0
0 0
0 0
0 0
0 0
0 0
0 0
0 0
0 0
0 0
0 0
0 0
0 0
0 0
0 0
0 0
0 0
0 0
0 0
0 0
0 0
0 0
0 0
0 0
0 0
0 0
0 0
0 0
0 0
0 0
0 0
0 0
0 0
0 0
0 0
0 0
0 0
0 0
0 0
0 0
0 0
0 0
0 0
0 0
0 0
0 0
0 0
0 0
0 0
0 0
0 0
0 0
0 0
0 0
0 0
0 0
0 0
0 0
0 0
0 0
0 0
0 0
0 0
0 0
0 0
0 0
0 0
0 0
0 0
0 0
0 0
0 0
0 0
0 0
0 0
0 0
0 0
0 0
682 385
0 0
0 0
0 0
0 0
0 0
0 0
0 0
0 0
0 0
0 0
0 0
0 0
0 0
0 0
0 0
0 0
0 0
0 0
0 0
0 0
0 0
0 0
0 0
0 0
0 0
0 0
0 0
0 0
0 0
0 0
0 0
0 0
0 0
0 0
0 0
0 0
0 0
0 0
0 0
0 0
0 0
0 0
0 0
0 0
0 0
0 0
0 0
0 0
0 0
0 0
0 0
0 0
0 0
0 0
0 0
0 0
0 0
0 0
0 0
0 0
0 0
0 0
0 0
0 0
0 0
0 0
0 0
0 0
0 0
0 0
0 0
0 0
0 0
0 0
0 0
0 0
0 0
0 0
0 0
0 0
0 0
0 0
0 0
0 0
0 0
0 0
0 0
0 0
0 0
0 0
0 0
0 0
0 0
0 0
0 0
0 0
0 0
0 0
0 0
0 0
0 0
0 0
0 0
0 0
0 0
0 0
0 0
0 0
0 0
0 0
0 0
0 0
0 0
0 0
0 0
0 0
0 0
0 0
0 0
0 0
0 0
0 0
0 0
0 0
0 0
0 0
0 0
0 0
0 0
0 0
0 0
0 0
0 0
0 0
0 0
0 0
0 0
0 0
0 0
0 0
0 0
0 0
0 0
0 0
0 0
0 0
0 0
0 0
0 0
0 0
0 0
0 0
0 0
0 0
0 0
0 0
0 0
0 0
0 0
0 0
0 0
0 0
0 0
0 0
0 0
0 0
0 0
0 0
0 0
0 0
0 0
0 0
0 0
0 0
0 0
0 0
0 0
0 0
0 0
0 0
0 0
0 0
0 0
0 0
0 0
0 0
0 0
0 0
0 0
0 0
0 0
0 0
0 0
0 0
0 0
0 0
0 0
0 0
0 0
0 0
0 0
0 0
0 0
0 0
0 0
0 0
0 0
0 0
0 0
0 0
0 0
0 0
0 0
0 0
0 0
0 0
0 0
0 0
0 0
0 0
0 0
0 0
0 0
0 0
0 0
0 0
0 0
0 0
0 0
0 0
0 0
0 0
0 0
0 0
0 0
0 0
0 0
0 0
0 0
0 0
0 0
0 0
0 0
0 0
0 0
0 0
0 0
0 0
0 0
0 0
0 0
0 0
0 0
0 0
0 0
0 0
0 0
0 0
0 0
0 0
0 0
0 0
0 0
0 0
0 0
0 0
0 0
0 0
0 0
0 0
0 0
0 0
0 0
0 0
0 0
0 0
0 0
0 0
0 0
0 0
0 0
0 0
0 0
0 0
0 0
0 0
0 0
0 0
0 0
0 0
0 0
0 0
0 0
0 0
0 0
0 0
0 0
0 0
0 0
0 0
0 0
0 0
0 0
0 0
0 0
0 0
0 0
0 0
0 0
0 0
0 0
0 0
0 0
0 0
0 0
0 0
0 0
0 0
0 0
0 0
0 0
0 0
0 0
0 0
0 0
0 0
0 0
0 0
0 0
0 0
0 0
0 0
0 0
0 0
0 0
0 0
0 0
0 0
0 0
0 0
0 0
0 0
0 0
0 0
0 0
0 0
0 0
0 0
0 0
0 0
0 0
0 0
0 0
0 0
0 0
0 0
0 0
0 0
0 0
0 0
0 0
0 0
0 0
0 0
0 0
0 0
0 0
0 0
0 0
0 0
0 0
0 0
0 0
0 0
0 0
0 0
0 0
0 0
0 0
0 0
0 0
0 0
0 0
0 0
0 0
0 0
0 0
0 0
0 0
0 0
0 0
0 0
0 0
0 0
0 0
0 0
0 0
0 0
0 0
0 0
0 0
0 0
0 0
0 0
0 0
0 0
0 0
0 0
0 0
0 0
0 0
0 0
0 0
0 0
0 0
0 0
0 0
0 0
0 0
0 0
0 0
0 0
0 0
0 0
0 0
0 0
0 0
0 0
0 0
0 0
0 0
0 0
0 0
0 0
0 0
0 0
0 0
0 0
0 0
0 0
0 0
0 0
0 0
0 0
0 0
0 0
0 0
0 0
0 0
0 0
0 0
0 0
0 0
0 0
0 0
0 0
0 0
0 0
0 0
0 0
0 0
0 0
0 0
0 0
0 0
0 0
0 0
0 0
0 0
0 0
0 0
0 0
0 0
0 0
0 0
0 0
0 0
0 0
0 0
0 0
0 0
0 0
0 0
0 0
0 0
0 0
0 0
0 0
0 0
0 0
0 0
0 0
0 0
0 0
0 0
0 0
0 0
0 0
0 0
0 0
0 0
0 0
0 0
0 0
0 0
0 0
0 0
0 0
0 0
0 0
0 0
0 0
0 0
0 0
0 0
0 0
0 0
0 0
0 0
0 0
0 0
0 0
0 0
0 0
0 0
0 0
0 0
0 0
0 0
0 0
0 0
0 0
0 0
0 0
0 0
0 0
0 0
0 0
0 0
0 0
0 0
0 0
0 0
0 0
0 0
0 0
0 0
0 0
0 0
0 0
0 0
0 0
0 0
0 0
0 0
0 0
0 0
0 0
0 0
0 0
0 0
0 0
0 0
0 0
0 0
0 0
0 0
0 0
0 0
0 0
0 0
0 0
0 0
0 0
0 0
0 0
0 0
0 0
0 0
0 0
0 0
0 0
0 0
0 0
0 0
0 0
0 0
0 0
0 0
0 0
0 0
0 0
0 0
0 0
0 0
0 0
0 0
0 0
0 0
0 0
0 0
0 0
0 0
0 0
0 0
0 0
0 0
0 0
0 0
0 0
0 0
0 0
0 0
0 0
0 0
0 0
0 0
0 0
0 0
0 0
0 0
0 0
0 0
0 0
0 0
0 0
0 0
0 0
0 0
0 0
0 0
0 0
0 0
0 0
0 0
0 0
0 0
0 0
0 0
0 0
0 0
0 0
0 0
0 0
0 0
0 0
0 0
0 0
0 0
0 0
0 0
0 0
0 0
0 0
0 0
0 0
0 0
0 0
0 0
0 0
0 0
0 0
0 0
0 0
0 0
0 0
0 0
0 0
0 0
0 0
0 0
0 0
0 0
0 0
0 0
0 0
0 0
0 0
0 0
0 0
0 0
0 0
0 0
0 0
0 0
0 0
0 0
0 0
0 0
0 0
0 0
0 0
0 0
0 0
0 0
0 0
0 0
0 0
0 0
0 0
0 0
0 0
0 0
0 0
0 0
0 0
0 0
0 0
0 0
0 0
0 0
0 0
0 0
0 0
0 0
0 0
0 0
0 0
0 0
0 0
0 0
0 0
0 0
0 0
0 0
0 0
0 0
0 0
0 0
0 0
0 0
0 0
0 0
0 0
0 0
0 0
0 0
0 0
0 0
0 0
0 0
0 0
0 0
0 0
0 0
0 0
0 0
0 0
0 0
0 0
0 0
0 0
0 0
0 0
0 0
0 0
0 0
0 0
0 0
0 0
0 0
0 0
0 0
0 0
0 0
0 0
0 0
0 0
0 0
0 0
0 0
1679
0 1
486 0
504 0
1 2
3 1
1 504
2 3
3 4
3 504
4 5
4 504
5 6
504 5
6 7
504 6
6 542
7 8
7 542
8 9
10 8
8 510
542 8
630 8
9 10
10 11
630 10
11 12
630 11
12 13
12 630
13 14
629 13
13 630
14 15
14 629
14 633
15 16
633 15
16 17
16 631
16 633
17 18
17 631
17 678
18 19
678 18
19 20
19 676
678 19
701 19
20 21
20 701
21 22
21 701
22 23
22 701
23 24
23 700
701 23
23 705
24 25
705 24
25 26
25 705
26 27
703 26
705 26
26 707
27 28
707 27
28 29
28 707
29 30
29 706
29 707
30 31
706 30
30 710
31 32
710 31
32 33
710 32
33 34
33 710
34 35
710 34
714 34
35 36
35 714
36 37
712 36
714 36
717 36
37 38
717 37
38 39
717 38
39 40
39 717
40 41
40 717
719 40
41 42
41 719
42 43
719 42
43 44
43 718
43 719
44 45
44 718
44 720
45 46
45 720
46 47
46 652
720 46
47 48
47 652
48 49
48 652
49 50
652 49
49 653
50 51
653 50
51 52
653 51
654 51
663 51
52 53
55 52
663 52
53 54
55 53
54 55
55 56
55 663
56 57
663 56
57 58
57 663
58 59
663 58
58 669
59 60
669 59
60 61
669 60
61 62
61 658
61 669
62 63
62 658
659 62
63 64
659 63
64 65
554 64
64 659
65 66
554 65
66 67
66 550
66 554
67 68
67 550
68 69
549 68
68 550
69 70
69 549
70 71
549 70
70 552
71 72
71 552
72 73
72 552
73 74
73 547
73 551
73 552
74 75
74 551
75 76
551 75
76 77
76 543
551 76
77 78
77 519
543 77
78 79
78 503
519 78
541 78
79 80
541 79
80 81
541 80
80 563
81 82
81 563
82 83
82 563
83 84
563 83
564 83
84 85
84 564
599 84
85 86
85 599
86 87
86 599
87 88
87 599
87 611
88 89
611 88
89 90
610 89
89 611
90 91
90 610
91 92
594 91
610 91
92 93
92 594
93 94
93 593
594 93
94 95
593 94
95 96
95 558
593 95
96 97
558 96
97 98
529 97
558 97
98 99
529 98
99 100
99 525
529 99
100 101
525 100
101 102
516 101
525 101
102 103
516 102
103 104
103 509
103 516
104 105
509 104
105 106
509 105
106 107
509 106
107 108
107 127
129 107
107 509
108 109
108 126
127 108
109 110
125 109
109 126
110 111
124 110
110 125
111 112
111 123
111 124
112 113
123 112
113 114
113 121
113 122
113 123
114 115
114 120
114 121
115 116
115 120
116 117
116 119
116 120
117 118
119 117
118 119
119 120
120 121
121 122
122 123
123 124
124 125
125 126
126 127
127 128
127 129
128 129
129 130
509 129
130 131
509 130
131 132
509 131
131 516
132 133
132 516
133 134
516 133
133 525
134 135
134 525
135 136
135 525
529 135
136 137
136 529
137 138
137 529
137 558
138 139
558 138
139 140
139 558
139 593
140 141
140 593
141 142
593 141
594 141
142 143
594 142
143 144
594 143
143 610
144 145
144 610
145 146
610 145
145 611
146 147
146 611
147 148
147 599
611 147
148 149
599 148
149 150
149 564
149 599
150 151
150 564
151 152
563 151
151 564
152 153
152 563
153 154
541 153
153 563
154 155
154 541
155 156
155 503
155 541
156 157
503 156
157 158
503 157
158 159
158 503
159 160
503 159
159 556
160 161
556 160
161 162
556 161
161 557
162 163
557 162
163 164
163 557
561 163
164 165
164 561
165 166
559 165
560 165
165 561
165 581
166 167
166 559
595 166
167 168
167 535
595 167
168 169
168 535
169 170
523 169
527 169
169 535
170 171
170 527
171 172
171 527
172 173
527 172
173 174
515 173
527 173
174 175
515 174
175 176
175 515
524 175
176 177
180 176
176 181
524 176
177 178
180 177
178 179
180 178
179 180
180 181
181 182
181 524
182 183
182 524
183 184
183 524
184 185
184 506
184 524
185 186
187 185
185 506
186 187
187 188
506 187
520 187
188 189
520 188
189 190
520 189
190 191
190 514
520 190
191 192
191 514
192 193
192 514
521 192
193 194
193 196
193 521
194 195
194 196
195 196
196 197
196 521
197 198
508 197
197 521
198 199
198 202
198 508
199 200
199 201
202 199
200 201
201 202
202 203
202 508
203 204
203 508
204 205
204 206
204 207
508 204
205 206
206 207
207 208
207 507
207 508
208 209
208 507
531 208
209 210
209 531
210 211
531 210
211 212
211 531
534 211
212 213
212 534
213 214
534 213
213 596
214 215
596 214
215 216
215 596
634 215
216 217
634 216
217 218
217 499
217 578
634 217
218 219
577 218
218 578
219 220
219 577
220 221
220 577
613 220
221 222
612 221
613 221
222 223
612 222
223 224
223 612
223 614
224 225
614 224
225 226
614 225
226 227
598 226
226 614
227 228
598 227
228 229
597 228
228 598
229 230
597 229
230 231
562 230
597 230
231 232
231 562
232 233
540 232
232 562
233 234
540 233
234 235
234 539
540 234
235 236
235 539
236 237
538 236
539 236
237 238
237 538
238 239
537 238
538 238
239 240
239 537
240 241
240 536
537 240
241 242
241 536
242 243
533 242
242 536
243 244
533 243
244 245
530 244
533 244
245 246
530 245
246 247
526 246
246 530
247 248
247 526
248 249
517 248
248 526
249 250
517 249
250 251
250 511
250 517
251 252
251 511
252 253
252 254
275 252
511 252
253 254
254 255
254 274
275 254
255 256
255 273
255 274
256 257
272 256
256 273
257 258
257 271
272 257
258 259
258 270
258 271
259 260
259 268
259 269
270 259
260 261
267 260
260 268
261 262
267 261
262 263
262 265
266 262
262 267
263 264
265 263
264 265
265 266
266 267
267 268
268 269
269 270
270 271
271 272
272 273
273 274
274 275
275 276
275 277
275 511
276 277
277 278
511 277
278 279
511 278
279 280
511 279
279 517
280 281
280 517
281 282
281 517
281 526
282 283
526 282
283 284
283 526
530 283
284 285
284 530
285 286
285 530
285 533
286 287
533 286
287 288
533 287
536 287
288 289
536 288
289 290
536 289
537 289
290 291
290 537
291 292
291 537
291 538
292 293
538 292
293 294
538 293
539 293
294 295
294 539
295 296
539 295
540 295
296 297
296 540
297 298
297 540
562 297
298 299
298 562
299 300
299 562
597 299
300 301
597 300
301 302
301 597
301 598
302 303
598 302
615 302
303 304
615 303
304 305
304 600
304 613
304 615
305 306
305 600
306 307
306 591
600 306
307 308
307 591
308 309
591 308
309 310
309 591
607 309
310 311
607 310
311 312
588 311
311 607
312 313
588 312
313 314
586 313
313 588
314 315
314 586
603 314
315 316
603 315
316 317
316 603
317 318
317 601
603 317
317 616
318 319
318 616
319 320
616 319
320 321
320 605
616 320
320 656
321 322
321 656
322 323
322 656
323 324
323 656
323 664
324 325
324 657
324 664
325 326
657 325
326 327
326 330
331 326
657 326
327 328
330 327
328 329
330 328
329 330
330 331
331 332
331 657
665 331
332 333
665 332
332 666
333 334
666 333
333 688
334 335
334 688
335 336
335 688
336 337
686 336
336 688
337 338
686 337
689 337
338 339
689 338
339 340
689 339
340 341
689 340
697 340
341 342
341 697
342 343
342 697
343 344
343 697
698 343
344 345
344 698
345 346
698 345
346 347
626 346
627 346
698 346
347 348
347 627
348 349
627 348
349 350
349 627
349 691
350 351
350 691
351 352
351 691
352 353
691 352
353 354
353 690
691 353
353 693
354 355
693 354
355 356
693 355
356 357
356 693
357 358
357 682
357 683
357 693
358 359
683 358
359 360
683 359
360 361
679 360
681 360
683 360
361 362
361 681
362 363
681 362
363 364
673 363
363 674
681 363
364 365
364 674
365 366
365 674
366 367
670 366
674 366
367 368
670 367
672 367
368 369
672 368
369 370
369 623
369 672
370 371
370 623
625 370
371 372
371 625
372 373
374 372
372 625
373 374
374 375
374 502
625 374
375 376
375 502
512 375
376 377
512 376
377 378
512 377
377 518
378 379
378 518
379 380
379 518
380 381
380 518
381 382
518 381
382 383
518 382
383 384
518 383
384 385
384 518
385 386
385 387
518 385
386 387
387 388
387 518
388 389
388 518
389 390
389 518
390 391
512 390
390 518
391 392
512 391
392 393
502 392
512 392
393 394
502 393
394 395
394 502
394 624
395 396
624 395
396 397
396 624
397 398
623 397
624 397
397 671
398 399
671 398
399 400
671 399
400 401
400 670
400 671
400 675
401 402
675 401
402 403
402 673
675 402
402 680
403 404
680 403
404 405
404 680
405 406
405 680
406 407
679 406
680 406
684 406
407 408
407 684
408 409
408 684
409 410
682 409
409 684
410 411
410 682
692 410
411 412
411 692
412 413
412 692
413 414
413 690
692 413
413 694
414 415
414 694
415 416
694 415
416 417
505 416
628 416
694 416
417 418
417 628
418 419
628 418
419 420
419 628
420 421
420 626
420 628
420 699
421 422
421 699
422 423
422 699
423 424
423 699
424 425
424 695
424 696
424 699
425 426
425 696
426 427
687 426
426 696
427 428
427 687
428 429
428 687
429 430
685 429
429 687
430 431
430 685
431 432
431 640
431 685
432 433
432 640
433 434
433 640
643 433
434 435
434 643
434 647
435 436
435 647
650 435
436 437
650 436
437 438
650 437
661 437
438 439
661 438
439 440
439 661
721 439
440 441
440 721
441 442
441 721
442 443
721 442
722 442
443 444
443 722
444 445
444 715
444 716
444 722
445 446
445 716
446 447
446 716
447 448
447 716
448 449
448 712
716 448
449 450
712 449
713 449
450 451
450 713
451 452
451 713
452 453
709 452
711 452
713 452
453 454
453 711
454 455
454 711
455 456
708 455
711 455
456 457
456 708
457 458
708 457
458 459
458 708
459 460
459 703
704 459
459 708
460 461
460 704
461 462
461 704
462 463
462 700
702 462
704 462
463 464
702 463
464 465
464 702
465 466
465 676
677 465
465 702
466 467
466 677
467 468
677 467
468 469
468 677
469 470
631 469
469 632
469 677
470 471
632 470
471 472
471 629
632 471
472 473
472 629
473 474
473 510
629 473
474 475
474 510
475 476
475 510
476 477
476 510
477 478
510 477
477 542
478 479
542 478
479 480
504 479
479 542
480 481
504 480
481 482
481 504
482 483
484 482
482 504
483 484
484 485
484 504
485 486
504 485
486 504
609 487
487 620
644 487
649 487
660 487
488 506
514 488
515 488
488 522
523 488
528 488
565 489
566 489
570 489
583 489
489 636
489 638
490 648
649 490
650 490
651 490
653 490
490 662
651 491
491 652
661 491
491 718
491 720
491 721
640 492
666 492
492 667
492 685
492 686
492 688
685 493
686 493
687 493
689 493
696 493
493 697
550 494
553 494
554 494
555 494
608 494
609 494
494 659
660 494
495 604
495 606
495 618
621 495
637 495
496 548
496 549
550 496
555 496
565 496
496 566
572 497
574 497
497 575
497 576
582 497
583 498
585 498
586 498
498 588
498 589
499 576
499 578
580 499
582 499
499 634
500 575
500 576
500 577
500 578
500 587
590 500
500 591
600 500
544 501
501 546
501 568
501 571
579 501
512 502
624 502
625 502
519 503
503 541
503 556
542 504
505 627
505 628
691 505
505 694
506 514
506 515
520 506
506 524
508 507
507 521
507 522
507 528
507 531
508 521
516 509
510 542
629 510
510 630
511 517
512 518
513 519
543 513
513 544
556 513
513 557
520 514
521 514
514 522
523 515
524 515
527 515
516 525
517 526
543 519
556 519
522 521
522 528
527 523
528 523
523 532
535 523
529 525
526 530
528 531
532 528
534 528
529 558
533 530
531 534
532 534
535 532
595 532
596 532
533 536
534 596
535 595
537 536
537 538
539 538
540 539
540 562
563 541
544 543
543 546
547 543
543 551
544 546
557 544
579 544
545 546
547 545
548 545
566 545
568 545
569 545
547 546
546 568
548 547
551 547
552 547
548 549
552 548
548 566
550 549
549 552
554 550
550 555
555 553
553 565
553 608
553 636
659 554
555 565
556 557
557 561
579 557
593 558
559 581
595 559
596 559
634 559
560 561
571 560
579 560
580 560
581 560
579 561
562 597
564 563
599 564
565 566
636 565
569 566
570 566
568 567
567 569
570 567
572 567
573 567
574 567
568 569
571 568
568 572
569 570
573 570
583 570
571 572
579 571
571 580
571 582
574 572
582 572
573 574
573 583
589 573
590 573
574 575
590 574
576 575
575 590
578 576
582 576
578 577
600 577
577 613
581 580
582 580
580 634
634 581
583 585
583 589
638 583
584 585
584 602
584 604
635 584
584 637
584 638
586 585
585 602
638 585
588 586
602 586
603 586
587 588
587 589
587 590
587 591
607 587
589 588
607 588
589 590
591 600
591 607
592 608
592 609
620 592
621 592
635 592
637 592
594 593
610 594
596 595
596 634
597 598
598 614
598 615
611 599
600 613
602 601
601 603
601 604
606 601
616 601
603 602
604 602
604 606
637 604
606 605
616 605
655 605
656 605
606 616
606 618
606 655
608 609
608 635
608 636
620 609
609 660
611 610
612 613
612 614
615 612
615 613
614 615
617 618
617 622
617 639
641 617
617 645
617 646
621 618
622 618
646 618
655 618
619 620
621 619
622 619
641 619
619 644
621 620
644 620
622 621
637 621
641 622
623 624
625 623
671 623
672 623
625 624
626 627
626 628
698 626
626 699
628 627
691 627
629 630
632 629
633 629
632 631
631 633
631 677
631 678
632 633
636 635
637 635
635 638
638 636
639 640
639 641
643 639
639 645
667 639
640 643
640 667
685 640
641 643
641 644
641 647
645 642
642 646
642 657
642 665
666 642
667 642
647 643
647 644
648 644
644 649
645 646
667 645
655 646
656 646
646 657
664 646
648 647
650 647
648 649
650 648
660 649
649 662
668 649
650 651
650 661
652 651
653 651
651 661
652 653
652 720
653 654
662 653
654 662
663 654
654 668
654 669
655 656
656 664
664 657
657 665
659 658
658 660
668 658
669 658
659 660
668 660
721 661
668 662
663 669
665 666
666 667
688 666
669 668
670 671
672 670
670 674
675 670
672 671
673 674
673 675
680 673
681 673
675 674
676 677
676 678
701 676
676 702
678 677
680 679
679 681
679 683
684 679
680 681
682 683
684 682
692 682
682 693
684 683
686 685
685 687
686 688
689 686
687 696
697 689
691 690
692 690
693 690
694 690
691 694
693 692
696 695
695 697
695 698
699 695
696 697
698 697
699 698
701 700
700 702
704 700
705 700
702 701
703 704
703 705
703 707
708 703
704 705
707 706
708 706
706 710
706 711
707 708
711 708
709 710
711 709
709 713
709 714
710 711
710 714
713 712
712 714
712 716
717 712
713 714
715 716
717 715
719 715
715 722
716 717
717 719
718 719
718 720
721 718
718 722
719 722
722 721
