676
208 504
207 499
208 494
209 489
211 485
211 480
212 475
213 470
214 465
215 460
216 455
217 450
217 445
213 443
209 439
208 434
208 429
207 424
211 420
211 415
210 412
212 407
212 402
211 397
209 393
209 388
209 383
209 378
208 373
209 368
209 363
209 358
209 353
208 348
208 343
206 338
207 333
207 328
207 323
207 318
207 313
207 308
207 303
208 298
208 293
207 288
207 283
207 278
208 273
208 268
208 263
208 258
208 253
203 253
198 252
193 252
190 249
192 245
193 240
196 236
198 231
199 226
201 221
203 217
205 212
206 207
208 202
209 197
211 193
211 188
212 184
214 179
214 174
214 169
214 164
214 159
214 154
213 149
213 144
212 139
212 134
209 130
206 125
201 123
196 120
191 118
186 117
181 116
176 115
171 113
166 113
162 111
157 111
152 111
147 111
142 111
137 110
132 111
128 113
124 111
119 111
114 111
110 113
105 113
100 113
95 113
90 114
85 114
80 115
75 115
70 115
65 116
62 112
58 109
53 110
48 110
43 110
38 111
34 113
30 112
29 108
34 107
29 106
24 105
19 104
14 101
14 98
19 98
24 98
29 98
34 98
38 96
43 96
48 95
53 95
58 95
61 92
64 90
69 90
74 90
79 91
84 91
89 91
94 92
99 92
104 93
109 92
113 94
118 93
123 93
128 93
133 94
138 94
143 93
148 93
153 93
158 93
163 93
168 93
173 92
178 92
183 93
188 91
192 91
197 89
201 85
206 83
211 85
216 87
221 86
226 85
230 80
234 76
237 71
234 66
232 62
227 58
224 54
223 49
225 45
221 41
220 36
222 31
224 26
227 22
227 17
230 14
235 14
240 10
244 6
249 5
253 8
257 8
261 11
266 15
268 20
272 22
274 27
276 31
277 36
277 41
273 45
274 49
274 54
270 58
266 61
264 66
261 70
263 75
267 79
271 84
276 86
281 87
286 85
291 83
295 84
300 88
304 92
309 91
314 93
319 92
324 92
329 93
334 93
339 93
344 93
349 93
354 93
359 94
364 94
369 93
374 93
379 93
384 93
389 92
394 93
399 92
404 92
409 91
414 91
419 91
424 90
429 90
434 90
437 93
440 96
445 96
450 96
455 96
460 96
464 98
469 98
474 98
478 96
483 96
485 100
481 103
476 104
471 105
466 106
467 108
469 112
465 113
460 113
456 111
451 110
446 110
441 110
436 110
435 115
430 115
425 115
420 115
415 114
410 114
405 113
400 113
395 113
390 113
386 111
381 111
376 111
371 111
367 111
362 110
357 111
352 111
347 111
342 111
337 111
332 112
328 113
323 114
318 115
313 117
308 118
303 120
298 122
293 124
289 128
286 132
285 137
285 142
284 147
284 152
284 157
284 162
283 167
283 172
283 177
284 182
288 186
288 191
289 196
290 201
291 206
293 211
295 215
297 220
298 225
300 230
302 235
304 239
306 244
307 249
305 252
300 252
295 253
290 253
290 258
290 263
290 268
289 273
290 278
291 283
290 288
290 293
290 298
290 303
290 308
290 313
290 318
290 323
290 328
290 333
291 338
289 343
289 348
289 353
289 358
288 363
288 368
290 373
288 378
288 381
288 386
288 391
287 395
286 400
285 405
286 410
288 414
286 418
289 422
290 427
289 432
289 437
287 441
282 443
281 448
282 453
282 458
283 463
285 468
285 473
286 478
288 482
289 487
289 492
290 497
290 502
287 504
282 504
277 505
272 505
267 504
263 502
262 497
262 492
261 487
261 482
261 477
262 472
263 467
265 463
266 458
266 453
267 448
266 443
261 441
259 437
258 432
257 427
256 423
260 419
261 414
263 409
264 405
263 401
263 396
262 391
263 386
263 381
264 377
262 373
263 368
263 363
263 358
263 353
261 348
260 343
262 339
262 334
261 329
261 324
260 319
260 314
259 309
259 304
259 299
259 294
258 289
258 284
257 280
256 276
258 272
254 268
250 265
245 266
242 271
241 276
241 281
240 285
239 290
239 295
239 300
238 305
238 310
238 315
237 320
237 325
236 330
236 335
236 340
238 345
235 350
235 355
234 360
234 365
236 370
234 375
234 380
235 385
235 390
235 395
234 400
234 405
235 410
237 415
238 420
241 423
241 428
239 432
239 437
236 441
231 444
231 449
231 454
233 458
231 462
234 466
235 471
236 476
236 481
236 486
236 491
236 496
236 501
232 504
227 504
222 505
217 505
212 504
209 503
260.893 229.554
234.569 113.948
248.457 171.5
210.729 105.929
288.328 105.069
231.467 225.487
258.158 129.032
243.216 244.079
264.861 106.596
247.373 93.3734
227.208 258.725
190.23 104.284
221.935 389.848
223.625 429.208
275.5 371.167
274.909 344.99
273.323 277.978
234.802 191.089
261.414 198.917
248.192 35.1923
252.348 21.9059
221.319 336.618
221.08 373
307.777 104.727
238.876 146.462
273.803 191.921
239.131 26.1308
67.6787 101.693
425.929 102.443
273.354 427.708
178.666 103.735
297.979 100.711
296.942 111.279
289.484 94.7656
235.892 38.4311
280.034 434.022
246.1 52.2226
235.037 50.1097
243.748 43.29
222.685 491.397
206.402 95.4064
200.572 103.954
222.986 400.844
223.569 438.47
275.957 358.216
262.446 35.417
224.967 381.248
274.831 208.208
260.387 182.632
243.911 18.2996
79.619 102.995
414.418 102.504
273.823 415.229
223.129 413.117
259.916 48.8069
260.803 26.116
270.372 200.314
264.845 190.526
403.888 102.529
274.5 404.748
274.868 392.331
273.672 381.704
275.5 491.577
275.902 330.747
271.652 259.633
221.389 360.387
220.076 348.506
319.049 103.355
328.802 102.768
223.743 479.028
260.736 214.228
272.292 221.774
246.938 222.033
282.821 216.724
276.422 240.066
282.295 229.128
289.43 240.005
255.992 221.94
249.59 233.818
259.906 247.337
238.51 234.045
229.009 244.622
235.806 208.547
270.737 231.737
219.192 250.535
210.676 238.511
237.944 218.12
249.485 206.06
202.298 243.338
241.223 199.478
247.882 187.729
238.74 179.28
226.341 181.707
233.557 162.85
222.996 193.229
231.012 172.685
230.339 200.104
220.665 212.359
251.92 179.747
251.93 196.61
265.237 165.475
271.844 180.418
273.354 170.818
90.77 102.678
101.016 102.803
110.163 102.696
228.507 421.005
273.435 479.131
275.049 315.634
280.763 322.892
270.21 323.488
278.814 268.229
267.911 269.223
223.442 468.839
278.918 251.04
260.376 258.647
250.045 253.425
238.334 254.815
246.363 157.949
254.556 144.427
255.07 163.541
245.247 134.129
269.506 139.806
228.626 133.356
247.202 120.18
260.679 137.741
272.654 125.129
265.17 152.275
274.251 148.445
273.611 159.007
236.759 137.557
237.301 125.904
245.964 106.768
258.817 117.009
276.384 133.605
232.917 98.6948
255.361 100.985
259.21 88.9494
248.793 79.1238
268.922 95.5675
279.347 98.8446
223.492 107.432
222.961 121.007
218.156 97.7988
237.346 88.4288
248.831 66.4469
220.161 129.766
241.589 60.463
254.839 57.9191
226.858 151.618
223.102 142.038
218.274 202.361
217.365 226.082
224.778 234.353
208.169 229.147
212.706 217.704
219.218 241.489
274 468.565
212.975 116.607
203.576 113.414
224.448 275.071
218.733 265.7
232.044 267.948
274.498 293.442
280.319 285.223
267.702 286.181
278.41 304.448
268.933 307.699
222.006 321.559
216.247 328.842
226.864 329.326
277.021 112.388
268.388 116.548
287.015 115.435
223.416 290.634
230.162 283.266
217.257 282.41
222.559 306.089
229.172 298.705
228.264 314.038
216.59 313.62
217.495 298.057
676
207.562 504.487
212.619 500.387
215.493 498.047
219.485 494.8
223.004 489.575
223.563 482.839
223.845 477.05
223.967 471.358
223.991 466.212
224.613 482.69
223.805 457.296
223.092 449.554
221.804 436.114
221.275 434.647
220.903 435.172
221.142 434.83
222.227 433.253
222.294 433.151
225.18 428.729
224.363 417.868
224.204 415.681
224.017 413.103
223.062 399.933
222.545 392.702
222.355 390.055
222.198 387.82
222.043 385.608
221.486 377.655
221.193 373.459
221.125 366.786
221.096 364.046
221.038 358.389
220.972 351.945
220.909 346.102
220.843 340.885
220.793 337.251
220.877 334.411
221.05 329.143
221.789 320.625
221.969 318.528
222.376 313.587
222.817 303.022
222.735 304.875
222.947 299.685
222.503 292.488
222.09 288.041
221.828 285.239
221.568 281.637
220.908 272.333
220.486 266.396
220.405 256.804
221.528 244.213
217.664 233.047
204.247 240.3
195.77 246.192
190.66 250.062
190.157 250.455
196.259 245.869
198.482 244.251
204.789 239.822
213.744 234.846
216.493 232.792
218.916 231.026
222.288 228.629
229.323 223.908
236.1 219.639
239.492 214.698
242.07 210.721
244.468 206.867
246.287 203.119
247.1 200.656
249.666 192.843
251.949 180.045
252.988 169.928
253.457 161.328
253.16 152.828
252.76 144.03
252.204 137.076
251.749 131.173
248.826 126.051
244.176 120.002
234.655 113.799
222.54 107.561
209.101 104.46
200.077 103.615
196.304 103.575
185.721 103.574
180.814 103.7
176.802 103.78
171.622 103.281
167.201 102.862
159.934 102.046
157.042 101.717
151.944 101.597
147.423 101.626
145.386 101.683
170.281 102.719
143.111 102.222
128.325 102.207
125.268 102.203
119.335 102.125
112.287 102.453
108.464 102.601
105.705 102.65
101.08 102.734
94.6808 102.777
88.8318 102.799
83.0843 102.763
77.5045 102.713
73.0968 101.982
68.6139 101.424
67.9308 107.928
68.5914 101.334
63.3603 100.453
0 0
42.1152 102.758
39.5896 103.051
36.0149 103.536
32.0279 109.116
31.3116 110.216
30.5375 111.404
33.5455 106.902
25.0014 101.478
20.1536 100.478
16.5724 99.7339
14.1758 99.2291
13.6783 99.1243
18.3722 100.113
23.4281 101.16
29.0665 102.317
35.4991 103.634
38.6453 103.186
42.2497 102.726
47.48 102.155
53.4199 101.516
63.6978 100.419
64.7044 100.591
64.6075 100.574
66.3592 100.892
70.736 101.613
76.2293 102.499
83.0193 102.763
88.0658 102.793
96.1477 102.767
98.9464 102.748
104.9 102.667
108.796 102.59
112.481 102.443
119.019 102.137
123.674 102.177
127.394 102.236
131.708 102.122
138.665 101.894
143.965 101.72
147.906 101.618
152.38 101.602
157.265 101.736
162.475 102.335
173.396 103.463
171.925 103.31
175.132 103.665
181.932 103.673
188.73 103.506
194.707 103.244
204.331 102.643
202.733 91.5816
202.435 90.214
202.921 92.4481
211.662 104.616
227.706 109.719
242.325 114.446
247.829 107.657
247.793 95.76
247.79 67.1702
247.789 42.8493
246.093 39.5219
236.287 44.6223
234.591 45.711
233.919 46.1425
244.709 39.0458
241.064 39.0189
239.602 39.2366
242.135 38.8577
247.358 37.5012
247.225 33.7093
228.721 16.8035
0 0
246.697 32.356
249.579 23.8417
249.704 14.4415
249.865 6.24549
249.583 20.6709
249.634 17.787
249.518 24.3324
249.857 32.4869
252.852 34.9651
256.626 35.115
258.981 35.13
260.451 35.1074
260.572 35.1132
260.223 35.1525
253.348 35.6448
0 0
269.435 42.6721
254.433 36.766
249.351 36.2232
247.796 43.9314
247.789 61.7429
247.801 91.5309
247.953 104.98
252.886 111.165
265.365 109.8
281.902 105.131
295.956 94.2117
294.523 86.0487
294.207 86.8442
288.535 101.155
299.477 102.932
309.629 104.649
315.699 103.968
322.022 103.337
325.03 103.01
328.975 102.584
334.614 102.145
339.934 101.803
344.543 101.591
349.054 101.762
352.558 101.946
362.667 103.111
393.597 102.503
368.968 102.356
373.765 102.225
378.629 102.236
384.263 102.426
388.613 102.63
393.305 102.898
399.182 102.823
404.587 102.708
409.923 102.59
414.781 102.482
421.71 102.328
427.846 102.195
430.417 102.198
432.049 102.083
431.064 102.17
434.946 102.234
443.495 102.419
451.791 102.564
456.913 102.814
460.177 103.019
461.557 104.291
473.976 100.956
478.575 99.6869
481.638 98.8415
483.152 98.4234
483.603 98.2991
480.484 99.16
475.904 100.424
470.068 102.035
0 0
464.946 108.552
468.617 113.689
465.55 109.395
463.059 105.914
460.375 103.034
455.375 102.72
446.617 102.43
437.535 102.277
430.353 103.127
431.042 108.744
430.466 104.05
427.928 102.423
423.016 102.299
417.123 102.43
411.257 102.56
405.385 102.691
399.144 102.824
394.325 102.926
391.141 102.796
386.182 102.512
377.169 102.241
374.508 102.212
370.666 102.337
367.732 102.358
362.258 102.256
356.308 102.11
352.059 101.92
348.298 101.725
343.531 101.596
336.484 101.999
330.568 102.459
327.177 102.779
325.024 103.011
317.169 103.825
311.941 104.352
306.707 104.201
299.733 103.04
291.626 103.089
279.008 105.948
264.72 111.073
252.364 117.042
252.418 129.291
252.568 135.87
252.707 142.071
253.205 148.652
253.716 153.514
253.765 156.395
253.471 162.417
253.068 170.785
252.036 182.898
251.091 196.514
251.154 200.169
251.106 200.431
250.704 204.997
252.455 210.974
256.727 218.922
262.732 226.074
265.28 228.507
266.973 230.309
269.278 232.679
272.724 235.653
286.546 239.914
291.8 241.532
306.572 246.135
307.083 250.454
307.188 250.732
0 0
290.367 241.091
270.224 235.417
272.869 251.341
274.705 256.906
277.543 265.233
276.781 274.693
275.887 283.925
275.707 285.794
275.362 288.751
274.665 293.258
274.577 298.416
274.63 303.536
274.787 308.665
275.06 315.003
275.232 318.807
275.468 323.721
275.55 328.856
275.629 333.879
275.676 337.07
275.706 339.083
275.816 347.624
275.865 352.917
275.922 357.196
275.791 362.987
275.54 372.648
275.49 374.506
275.412 377.393
275.357 380.31
275.089 385.148
274.863 388.993
274.714 391.526
274.398 396.947
273.926 405.577
273.805 417.507
273.796 418.638
273.756 423.644
273.734 429.485
274.975 430.768
277.713 432.486
279.904 433.648
281.975 434.746
0 0
274.87 445.437
274.275 453.862
273.878 459.218
273.414 465.109
273.075 469.449
273.346 474.688
273.761 482.744
273.996 487.351
274.193 491.737
278.204 494.944
287.026 501.084
290.257 503.332
287.811 501.631
279.478 495.832
274.902 492.776
271.39 496.39
269.718 498.854
266.301 503.752
269.804 498.693
273.216 493.724
274.008 487.592
273.757 482.663
273.528 478.207
273.298 473.761
273.076 469.61
273.367 465.704
273.575 475.632
274.27 453.932
274.667 483.556
275.077 430.448
272.084 429.367
271.507 429.226
271.129 429.158
270.67 429.096
268.263 429.212
273.711 429.069
273.747 422.651
273.841 413.884
273.937 404.961
274.232 399.79
274.384 397.194
274.762 390.714
275.004 386.586
275.299 381.461
275.431 376.665
275.518 373.525
275.603 370.267
275.681 367.252
275.914 357.9
275.842 350.427
275.791 344.859
275.779 344.01
275.759 342.665
275.586 331.314
275.534 328.181
275.426 322.697
275.166 317.727
275.041 315.293
274.687 308.449
274.647 304.991
274.621 302.533
274.555 294.1
275.262 289.461
275.78 285.092
276.093 281.832
276.551 278.291
277.911 267.311
269.295 243.249
252.052 224.511
225.127 228.082
220.327 258.904
221.407 279.307
221.691 283.313
221.897 286.216
222.572 293.601
222.735 295.862
222.983 299.606
222.617 307.825
222.523 310.014
222.356 313.963
221.847 361.838
221.528 323.667
221.05 329.17
220.832 335.934
220.87 343.042
220.885 344.176
220.919 346.854
220.985 353.266
221.053 359.873
221.158 369.07
221.185 370.797
221.236 374.103
221.758 381.552
222.105 386.502
222.338 389.82
222.578 393.167
222.916 397.897
223.538 406.495
224.222 416.006
224.928 424.452
227.129 428.322
228.404 428.83
227.846 428.622
225.974 427.897
225.25 428.932
224.854 429.494
221.635 434.339
222.4 442.332
223.775 456.831
223.819 458.487
223.892 460.584
224.01 468.636
223.893 474.773
223.845 476.997
223.656 481.737
223.166 487.553
224.023 493.221
224.895 493.985
233.007 500.971
231.579 499.745
224.848 493.955
220.717 493.796
216.88 496.921
213.135 499.963
209.241 503.126
257.013 222.703
242.907 115.675
252.778 172.929
211.609 104.562
284.994 103.953
234.544 221.872
250.332 121.899
251.556 214.222
254.218 112.3
248 109.667
221.909 245.298
187.249 103.565
222.441 391.245
223.195 431.869
274.802 389.75
275.844 350.608
276.313 279.734
245.38 206.603
250.217 203.569
249.311 36.1095
249.627 31.8231
220.845 335.487
221.186 371.429
308.691 104.346
252.172 136.415
250.972 200.374
249.135 35.7741
66.6012 100.981
432.268 103.983
273.735 429.527
176.041 103.726
295.817 102.302
298.544 102.8
288.175 102.061
247.184 37.7705
275.268 431.056
247.36 38.6037
245.426 39.3104
247.459 37.8802
226.286 498.154
204.729 102.6
197.727 103.111
224.034 413.047
0 0
275.768 363.78
253.057 35.4789
222.764 394.054
252.097 215.663
251.642 186.853
249.521 30.1387
73.4747 102.047
419.56 102.375
273.811 416.971
224.6 420.565
249.804 35.9168
252.531 35.1937
250.513 204.666
250.988 197.393
408.246 102.611
273.932 405.224
274.025 408.405
275.327 380.934
0 0
276.444 362.667
271.704 247.869
221.137 367.267
220.95 349.413
306.257 103.388
329.8 102.519
223.504 481.515
251.963 215.25
259.561 223.238
246.322 217.396
260.342 223.085
267.503 232.552
267.886 232.141
0 0
251.527 218.195
247.11 219.208
261.213 225.028
238.861 218.816
223.721 227.412
243.403 210.565
263.709 227.452
219.483 232.607
216.263 233.083
241.566 216.938
247.384 205.428
200.291 243.013
247.291 204.683
250.383 192.217
251.568 184.067
249.822 192.317
253.314 156.715
246.567 202.32
252.64 173.909
243.583 208.991
236.149 219.662
250.463 190.225
250.47 200.065
253.455 164.675
251.871 184.674
253.29 166.327
71.2865 104.872
100.196 102.723
115.435 102.303
225.554 428.879
273.854 484.593
275.255 319.31
275.464 323.613
275.451 323.304
275.303 258.85
277.581 265.546
223.918 472.609
267.718 233.679
269.945 244.06
250.807 223.722
217.71 251.5
253.341 155.199
252.424 137.584
0 0
250.378 126.542
252.197 132.797
246.995 120.937
249.708 116.649
252.215 131.572
251.824 122.023
253.032 146.669
252.97 145.84
253.754 155.287
250.509 127.229
246.606 119.745
248.406 112.633
251.33 115.566
252.467 131.442
242.813 114.863
249.653 111.541
248.136 110.634
247.874 99.1683
254.612 111.68
275.409 107.051
227.122 109.833
236.754 113.787
223.351 108.311
247.797 109.593
251.556 48
223.259 111.806
247.789 41.514
243.734 38.8622
252.466 140.249
251.608 130.007
242.473 210.04
223.461 227.735
224.146 227.211
217.749 231.884
224.174 227.305
220.065 231.723
273.075 469.521
228.581 110.672
202.286 100.006
221.071 274.591
220.095 260.678
221.393 249.758
274.605 293.729
275.622 286.368
275.465 288.088
274.608 301.364
278.222 254.222
221.686 321.826
221.034 329.434
221.282 326.527
267.579 109.458
254.019 112.9
296.889 99.5556
222.475 292.16
0 0
221.953 286.57
222.665 306.702
222.983 299.416
222.354 313.993
222.356 313.94
222.97 299.374
1531
0 0
0 0
0 0
0 0
0 0
0 0
0 0
0 0
0 0
0 0
0 0
0 0
0 0
0 0
0 0
0 0
0 0
0 0
0 0
0 0
0 0
0 0
0 0
0 0
0 0
0 0
0 0
0 0
0 0
0 0
0 0
0 0
0 0
0 0
0 0
0 0
0 0
0 0
0 0
0 0
0 0
0 0
0 0
0 0
0 0
0 0
9 449
0 0
0 0
0 0
0 0
0 0
0 0
0 0
0 0
0 0
0 0
0 0
0 0
0 0
0 0
0 0
0 0
0 0
0 0
0 0
0 0
0 0
0 0
0 0
0 0
0 0
0 0
0 0
0 0
0 0
0 0
0 0
0 0
0 0
0 0
0 0
0 0
0 0
0 0
0 0
0 0
0 0
0 0
0 0
0 0
0 0
0 0
0 0
0 0
0 0
0 0
0 0
0 0
0 0
0 0
0 0
449 611
0 0
0 0
0 0
0 0
0 0
0 0
0 0
0 0
0 0
0 0
0 0
0 0
0 0
0 0
0 0
0 0
0 0
0 0
0 0
0 0
0 0
0 0
0 0
0 0
0 0
0 0
0 0
0 0
0 0
0 0
0 0
0 0
0 0
0 0
0 0
0 0
0 0
0 0
0 0
0 0
0 0
0 0
0 0
0 0
0 0
0 0
0 0
0 0
0 0
0 0
0 0
0 0
0 0
0 0
0 0
0 0
0 0
0 0
0 0
611 501
0 0
0 0
0 0
0 0
0 0
0 0
0 0
0 0
0 0
0 0
0 0
0 0
0 0
0 0
0 0
0 0
0 0
0 0
0 0
0 0
0 0
0 0
0 0
0 0
0 0
0 0
0 0
501 620
0 0
0 0
0 0
0 0
0 0
0 0
0 0
0 0
0 0
0 0
0 0
0 0
0 0
0 0
0 0
0 0
0 0
620 653
0 0
0 0
653 97
0 0
0 0
0 0
0 0
0 0
0 0
0 0
0 0
0 0
0 0
0 0
0 0
0 0
0 0
0 0
0 0
0 0
0 0
0 0
0 0
0 0
0 0
0 0
0 0
0 0
0 0
0 0
0 0
0 0
0 0
0 0
0 0
0 0
0 0
0 0
0 0
0 0
0 0
0 0
0 0
0 0
0 0
0 0
0 0
0 0
0 0
0 0
0 0
0 0
0 0
0 0
0 0
0 0
0 0
0 0
0 0
97 597
0 0
0 0
0 0
0 0
0 0
0 0
0 0
0 0
0 0
0 0
0 0
0 0
0 0
0 0
0 0
0 0
0 0
0 0
0 0
0 0
0 0
0 0
0 0
0 0
0 0
0 0
0 0
0 0
0 0
0 0
0 0
0 0
0 0
0 0
0 0
0 0
0 0
0 0
0 0
0 0
0 0
0 0
0 0
0 0
0 0
0 0
0 0
0 0
0 0
0 0
0 0
0 0
0 0
0 0
0 0
0 0
0 0
0 0
0 0
0 0
0 0
0 0
0 0
0 0
0 0
0 0
0 0
0 0
0 0
0 0
0 0
0 0
0 0
0 0
0 0
0 0
0 0
0 0
0 0
0 0
0 0
0 0
0 0
0 0
0 0
0 0
0 0
0 0
0 0
0 0
0 0
0 0
0 0
0 0
0 0
0 0
0 0
0 0
0 0
0 0
0 0
0 0
0 0
0 0
0 0
0 0
0 0
0 0
0 0
0 0
0 0
0 0
0 0
0 0
0 0
0 0
0 0
0 0
0 0
0 0
0 0
0 0
0 0
0 0
0 0
0 0
0 0
0 0
0 0
0 0
0 0
0 0
0 0
0 0
0 0
0 0
0 0
0 0
0 0
620 639
0 0
0 0
0 0
0 0
0 0
0 0
0 0
0 0
0 0
0 0
0 0
0 0
0 0
0 0
0 0
0 0
0 0
0 0
0 0
0 0
0 0
0 0
0 0
0 0
0 0
0 0
0 0
0 0
0 0
0 0
0 0
0 0
0 0
0 0
0 0
0 0
0 0
0 0
0 0
0 0
0 0
0 0
0 0
0 0
0 0
0 0
0 0
0 0
0 0
0 0
0 0
0 0
0 0
0 0
0 0
0 0
0 0
0 0
0 0
0 0
0 0
0 0
0 0
0 0
0 0
0 0
0 0
0 0
0 0
0 0
0 0
0 0
0 0
0 0
0 0
0 0
0 0
0 0
0 0
0 0
0 0
0 0
0 0
0 0
0 0
0 0
0 0
0 0
0 0
0 0
620 667
0 0
0 0
0 0
0 0
0 0
0 0
0 0
0 0
0 0
0 0
0 0
0 0
0 0
0 0
0 0
0 0
0 0
0 0
0 0
0 0
0 0
0 0
0 0
0 0
0 0
0 0
0 0
0 0
0 0
0 0
667 228
0 0
0 0
0 0
0 0
0 0
0 0
0 0
0 0
0 0
0 0
0 0
0 0
0 0
0 0
0 0
0 0
0 0
0 0
0 0
0 0
0 0
0 0
0 0
0 0
0 0
0 0
0 0
0 0
0 0
0 0
0 0
0 0
0 0
0 0
0 0
0 0
0 0
0 0
0 0
0 0
0 0
0 0
0 0
0 0
0 0
0 0
0 0
0 0
0 0
0 0
228 522
0 0
0 0
0 0
0 0
0 0
0 0
0 0
0 0
0 0
0 0
0 0
0 0
0 0
0 0
0 0
0 0
0 0
0 0
0 0
0 0
0 0
0 0
0 0
0 0
0 0
0 0
0 0
0 0
0 0
0 0
0 0
0 0
0 0
0 0
0 0
0 0
0 0
0 0
0 0
0 0
0 0
0 0
0 0
0 0
0 0
0 0
0 0
0 0
0 0
0 0
0 0
0 0
0 0
0 0
0 0
0 0
0 0
0 0
0 0
0 0
0 0
0 0
0 0
0 0
0 0
0 0
0 0
0 0
0 0
0 0
0 0
0 0
0 0
0 0
0 0
0 0
0 0
0 0
0 0
0 0
0 0
0 0
0 0
0 0
0 0
0 0
0 0
0 0
0 0
0 0
0 0
0 0
0 0
0 0
0 0
0 0
0 0
0 0
0 0
0 0
0 0
0 0
0 0
0 0
0 0
0 0
0 0
0 0
0 0
0 0
0 0
0 0
0 0
0 0
0 0
0 0
0 0
0 0
0 0
0 0
0 0
0 0
0 0
0 0
0 0
0 0
0 0
0 0
0 0
0 0
0 0
0 0
0 0
0 0
0 0
0 0
0 0
0 0
0 0
0 0
0 0
0 0
0 0
0 0
0 0
0 0
0 0
0 0
0 0
0 0
0 0
0 0
501 661
0 0
0 0
0 0
0 0
0 0
0 0
0 0
0 0
0 0
0 0
0 0
0 0
0 0
0 0
0 0
0 0
0 0
0 0
0 0
0 0
0 0
0 0
0 0
0 0
0 0
0 0
0 0
0 0
0 0
0 0
0 0
0 0
0 0
0 0
0 0
0 0
0 0
0 0
0 0
0 0
0 0
0 0
0 0
0 0
0 0
0 0
0 0
0 0
0 0
0 0
0 0
0 0
0 0
0 0
0 0
0 0
661 557
0 0
0 0
0 0
0 0
0 0
0 0
0 0
0 0
0 0
0 0
0 0
0 0
0 0
0 0
0 0
0 0
0 0
0 0
0 0
0 0
0 0
0 0
0 0
0 0
0 0
0 0
0 0
0 0
0 0
0 0
0 0
0 0
0 0
0 0
0 0
0 0
0 0
0 0
0 0
0 0
0 0
0 0
0 0
0 0
0 0
0 0
0 0
0 0
0 0
0 0
0 0
0 0
0 0
0 0
0 0
0 0
0 0
557 397
0 0
0 0
0 0
0 0
0 0
0 0
0 0
0 0
0 0
0 0
0 0
0 0
0 0
0 0
0 0
0 0
0 0
0 0
0 0
0 0
0 0
0 0
0 0
0 0
0 0
0 0
0 0
0 0
0 0
0 0
0 0
0 0
0 0
0 0
0 0
0 0
0 0
0 0
0 0
0 0
0 0
0 0
0 0
0 0
0 0
0 0
0 0
0 0
0 0
0 0
0 0
0 0
0 0
0 0
0 0
0 0
0 0
0 0
0 0
0 0
0 0
0 0
0 0
0 0
0 0
0 0
0 0
0 0
0 0
0 0
0 0
0 0
0 0
0 0
0 0
0 0
0 0
0 0
0 0
0 0
0 0
0 0
0 0
0 0
0 0
0 0
0 0
0 0
0 0
0 0
0 0
0 0
0 0
0 0
0 0
0 0
0 0
0 0
0 0
0 0
0 0
0 0
0 0
0 0
0 0
0 0
0 0
0 0
0 0
0 0
0 0
0 0
0 0
0 0
0 0
0 0
0 0
0 0
0 0
0 0
0 0
0 0
0 0
0 0
0 0
0 0
0 0
0 0
0 0
0 0
0 0
0 0
0 0
0 0
0 0
0 0
0 0
0 0
0 0
0 0
0 0
0 0
0 0
0 0
0 0
0 0
0 0
0 0
0 0
0 0
0 0
0 0
0 0
0 0
0 0
0 0
0 0
0 0
0 0
0 0
0 0
0 0
0 0
0 0
0 0
0 0
0 0
0 0
0 0
0 0
0 0
0 0
0 0
0 0
0 0
0 0
0 0
0 0
0 0
0 0
0 0
0 0
0 0
0 0
0 0
0 0
0 0
0 0
0 0
0 0
0 0
0 0
0 0
0 0
0 0
0 0
0 0
0 0
0 0
0 0
0 0
0 0
0 0
0 0
0 0
0 0
0 0
0 0
0 0
0 0
0 0
0 0
0 0
0 0
0 0
0 0
0 0
0 0
0 0
0 0
0 0
0 0
0 0
0 0
0 0
0 0
0 0
0 0
0 0
0 0
0 0
0 0
0 0
0 0
0 0
0 0
0 0
0 0
0 0
0 0
0 0
0 0
0 0
0 0
0 0
0 0
0 0
0 0
0 0
0 0
0 0
0 0
0 0
0 0
0 0
0 0
0 0
0 0
0 0
0 0
0 0
0 0
0 0
0 0
0 0
0 0
0 0
0 0
0 0
0 0
0 0
0 0
0 0
0 0
0 0
0 0
0 0
0 0
0 0
0 0
0 0
0 0
0 0
0 0
0 0
0 0
0 0
0 0
0 0
0 0
0 0
0 0
0 0
0 0
0 0
0 0
0 0
0 0
0 0
0 0
0 0
0 0
0 0
0 0
0 0
0 0
0 0
0 0
0 0
0 0
0 0
0 0
0 0
0 0
0 0
0 0
0 0
0 0
0 0
0 0
0 0
0 0
0 0
0 0
0 0
0 0
0 0
0 0
0 0
0 0
0 0
0 0
0 0
0 0
0 0
0 0
0 0
0 0
0 0
0 0
0 0
0 0
0 0
0 0
0 0
0 0
0 0
0 0
0 0
0 0
0 0
0 0
0 0
0 0
0 0
0 0
0 0
0 0
0 0
0 0
0 0
0 0
0 0
0 0
0 0
0 0
0 0
0 0
0 0
0 0
0 0
0 0
0 0
0 0
0 0
0 0
0 0
0 0
0 0
0 0
0 0
0 0
0 0
0 0
0 0
0 0
0 0
0 0
0 0
0 0
0 0
0 0
0 0
0 0
0 0
0 0
0 0
0 0
0 0
0 0
0 0
0 0
0 0
0 0
0 0
0 0
0 0
0 0
0 0
0 0
0 0
0 0
0 0
0 0
0 0
0 0
0 0
0 0
0 0
0 0
0 0
0 0
0 0
0 0
0 0
0 0
0 0
0 0
0 0
0 0
0 0
0 0
0 0
0 0
0 0
0 0
0 0
0 0
0 0
0 0
0 0
0 0
0 0
0 0
0 0
0 0
0 0
0 0
0 0
0 0
0 0
0 0
0 0
0 0
0 0
0 0
0 0
0 0
0 0
0 0
0 0
0 0
0 0
0 0
0 0
0 0
0 0
0 0
0 0
0 0
0 0
0 0
0 0
0 0
0 0
0 0
0 0
0 0
0 0
0 0
0 0
0 0
0 0
0 0
0 0
0 0
0 0
0 0
0 0
0 0
0 0
0 0
0 0
0 0
0 0
0 0
0 0
0 0
0 0
0 0
0 0
0 0
0 0
0 0
0 0
0 0
0 0
0 0
0 0
0 0
0 0
0 0
0 0
0 0
0 0
0 0
0 0
0 0
0 0
0 0
0 0
0 0
0 0
0 0
0 0
0 0
0 0
0 0
0 0
0 0
0 0
0 0
0 0
0 0
0 0
0 0
0 0
0 0
0 0
0 0
0 0
0 0
0 0
0 0
0 0
0 0
0 0
0 0
0 0
0 0
0 0
0 0
0 0
0 0
0 0
0 0
0 0
0 0
0 0
0 0
0 0
0 0
0 0
0 0
0 0
0 0
0 0
0 0
0 0
0 0
0 0
0 0
0 0
0 0
0 0
0 0
0 0
0 0
0 0
0 0
0 0
0 0
0 0
0 0
0 0
0 0
0 0
0 0
0 0
0 0
0 0
0 0
0 0
0 0
0 0
0 0
0 0
0 0
0 0
0 0
0 0
0 0
0 0
0 0
0 0
0 0
0 0
0 0
0 0
0 0
0 0
0 0
0 0
0 0
0 0
0 0
0 0
0 0
0 0
0 0
0 0
0 0
0 0
0 0
0 0
0 0
0 0
0 0
0 0
0 0
0 0
0 0
0 0
0 0
0 0
0 0
0 0
0 0
0 0
0 0
0 0
0 0
0 0
0 0
0 0
0 0
0 0
0 0
0 0
0 0
0 0
0 0
0 0
0 0
0 0
0 0
0 0
0 0
0 0
0 0
0 0
0 0
0 0
0 0
0 0
0 0
0 0
0 0
0 0
0 0
0 0
0 0
0 0
0 0
0 0
0 0
0 0
0 0
0 0
0 0
0 0
1531
0 1
493 0
1 2
1 492
1 493
2 3
492 2
533 2
3 4
533 3
4 5
533 4
4 563
5 6
5 563
6 7
563 6
6 607
7 8
7 607
8 9
8 607
9 10
479 9
607 9
10 11
477 10
10 479
11 12
476 11
11 477
12 13
12 475
476 12
537 12
13 14
537 13
14 15
14 537
15 16
507 15
15 537
16 17
16 18
16 507
17 18
18 19
18 507
18 547
18 600
19 20
19 21
19 547
20 21
21 22
536 21
547 21
22 23
22 536
23 24
506 23
23 536
24 25
24 506
25 26
506 25
26 27
26 506
540 26
27 28
27 516
27 540
28 29
28 516
29 30
29 516
29 559
30 31
559 30
31 32
31 559
32 33
32 559
32 560
33 34
560 33
34 35
34 515
560 34
35 36
35 515
36 37
515 36
36 663
37 38
663 37
38 39
38 662
38 663
674 38
39 40
39 674
40 41
674 40
41 42
41 671
674 41
41 675
42 43
42 675
43 44
43 675
44 45
668 44
44 670
44 675
45 46
45 670
46 47
46 670
47 48
670 47
48 49
654 48
655 48
670 48
49 50
49 655
50 51
50 655
51 52
51 578
51 655
52 53
52 578
52 579
582 52
53 54
53 582
54 55
54 57
54 582
55 56
57 55
56 57
57 58
57 582
58 59
58 582
59 60
582 59
60 61
579 60
60 582
648 60
61 62
648 61
62 63
648 62
649 62
63 64
649 63
64 65
649 64
65 66
65 591
645 65
649 65
66 67
645 66
67 68
645 67
68 69
68 588
645 68
69 70
69 588
70 71
586 70
70 588
71 72
586 71
72 73
72 586
72 589
73 74
73 589
74 75
74 587
74 589
75 76
587 75
75 643
76 77
643 76
77 78
77 643
77 644
78 79
644 78
79 80
79 640
79 644
80 81
640 80
81 82
640 81
81 652
82 83
652 82
653 82
83 84
653 83
84 85
653 84
85 86
505 85
85 653
86 87
505 86
87 88
505 87
87 524
88 89
524 88
89 90
158 89
524 89
90 91
158 90
91 92
156 91
157 91
91 158
92 93
92 155
92 156
93 94
93 154
155 93
94 95
153 94
94 154
95 96
152 95
153 95
96 97
96 151
152 96
97 98
99 97
97 150
97 151
98 99
99 100
149 99
99 150
100 101
100 148
149 100
100 599
101 102
101 599
102 103
599 102
103 104
103 598
599 103
104 105
598 104
105 106
597 105
105 598
106 107
597 106
107 108
544 107
597 107
108 109
544 108
109 110
521 109
544 109
110 111
110 112
110 521
111 112
112 113
521 112
113 114
134 113
113 135
521 113
114 115
114 133
114 134
115 116
132 115
133 115
116 117
116 121
116 131
132 116
117 118
117 121
118 119
118 121
119 120
119 121
120 121
121 122
130 121
121 131
122 123
122 129
122 130
123 124
128 123
123 129
124 125
127 124
128 124
125 126
127 125
126 127
127 128
128 129
129 130
130 131
131 132
132 133
133 134
134 135
135 136
521 135
136 137
521 136
137 138
521 137
138 139
138 521
139 140
521 139
544 139
140 141
140 544
141 142
544 141
141 597
142 143
142 597
143 144
597 143
143 598
144 145
144 598
145 146
598 145
599 145
146 147
599 146
147 148
599 147
148 149
599 148
149 150
150 151
151 152
152 153
153 154
154 155
155 156
156 157
157 158
158 159
524 158
159 160
524 159
160 161
524 160
161 162
161 505
524 161
162 163
162 505
163 164
505 163
535 163
164 165
164 534
535 164
165 166
165 534
166 167
534 166
167 168
534 167
168 169
168 534
637 168
169 170
637 169
170 171
629 170
170 637
170 638
171 172
638 171
172 173
172 632
172 638
173 174
632 173
639 173
641 173
174 175
641 174
175 176
175 531
175 641
176 177
176 531
177 178
177 531
178 179
178 531
179 180
179 528
531 179
180 181
180 528
181 182
528 181
182 183
528 182
183 184
183 520
528 183
184 185
184 186
187 184
184 520
185 186
186 187
187 188
520 187
187 543
188 189
543 188
189 190
191 189
189 543
190 191
191 192
193 191
191 514
543 191
192 193
193 194
514 193
194 195
194 514
194 549
195 196
195 549
196 197
196 549
197 198
539 197
549 197
198 199
198 539
199 200
201 199
199 539
200 201
201 202
201 539
548 201
202 203
204 202
202 548
203 204
204 205
548 204
205 206
205 548
205 642
206 207
206 642
207 208
207 632
639 207
642 207
208 209
631 208
208 632
209 210
631 209
210 211
210 631
633 210
211 212
211 633
634 211
212 213
527 212
634 212
213 214
527 213
214 215
527 214
215 216
215 527
216 217
216 525
527 216
217 218
517 217
525 217
218 219
218 517
219 220
219 517
219 561
220 221
220 561
221 222
221 561
221 562
222 223
562 222
223 224
223 562
224 225
288 224
289 224
562 224
225 226
287 225
288 225
226 227
226 286
226 287
227 228
285 227
227 286
228 229
284 228
285 228
229 230
283 229
229 284
230 231
282 230
230 283
231 232
281 231
231 282
232 233
232 280
232 281
233 234
233 279
233 280
234 235
234 279
235 236
235 277
278 235
235 279
235 552
236 237
552 236
237 238
237 552
238 239
545 238
552 238
239 240
239 545
240 241
240 522
545 240
241 242
241 522
242 243
244 242
522 242
243 244
244 245
244 522
245 246
267 245
268 245
522 245
246 247
266 246
246 267
247 248
265 247
266 247
248 249
264 248
265 248
249 250
249 259
264 249
250 251
250 259
251 252
251 258
259 251
252 253
252 257
252 258
253 254
256 253
257 253
254 255
256 254
255 256
256 257
257 258
258 259
259 260
263 259
264 259
260 261
260 262
263 260
261 262
262 263
263 264
264 265
265 266
266 267
267 268
268 269
268 270
268 522
269 270
270 271
270 522
271 272
271 522
272 273
522 272
545 272
273 274
273 545
274 275
274 545
552 274
275 276
275 552
276 277
552 276
277 278
277 552
278 279
279 280
280 281
281 282
282 283
283 284
284 285
285 286
286 287
287 288
288 289
289 290
562 289
290 291
562 290
291 292
562 291
292 293
561 292
562 292
293 294
517 293
561 293
294 295
294 517
295 296
295 517
526 295
296 297
296 526
297 298
297 526
297 667
298 299
667 298
299 300
299 620
299 667
300 301
300 620
628 300
301 302
628 301
302 303
622 302
628 302
303 304
622 303
304 305
304 622
623 304
305 306
305 623
306 307
306 623
307 308
596 307
307 623
308 309
308 596
309 310
309 595
309 596
310 311
312 310
310 519
310 595
311 312
312 313
519 312
313 314
313 519
313 541
550 313
314 315
314 541
315 316
541 315
315 567
316 317
567 316
317 318
317 567
318 319
567 318
569 318
319 320
319 569
320 321
320 569
320 570
321 322
570 321
322 323
326 322
322 570
323 324
323 326
324 325
326 324
325 326
326 327
570 326
327 328
570 327
328 329
328 570
608 328
329 330
605 329
608 329
330 331
605 330
331 332
605 331
332 333
510 332
605 332
332 658
333 334
658 333
334 335
658 334
335 336
335 658
336 337
336 657
658 336
337 338
657 337
660 337
338 339
660 338
339 340
339 660
340 341
340 602
340 603
340 660
341 342
341 603
342 343
342 603
343 344
343 557
603 343
344 345
344 557
345 346
345 557
346 347
509 346
346 557
347 348
347 509
348 349
348 509
348 538
349 350
349 538
350 351
350 508
350 538
351 352
353 351
351 508
352 353
353 354
353 508
555 353
354 355
354 555
355 356
554 355
555 355
356 357
554 356
357 358
357 554
358 359
553 358
554 358
359 360
553 359
360 361
360 362
360 546
553 360
361 362
362 363
362 523
546 362
363 364
523 363
529 363
364 365
364 529
365 366
529 365
366 367
529 366
367 368
529 367
368 369
397 368
398 368
368 529
369 370
396 369
397 369
370 371
370 395
396 370
371 372
371 395
371 651
372 373
372 651
373 374
651 373
374 375
601 374
651 374
375 376
601 375
376 377
556 376
376 601
377 378
556 377
378 379
378 556
379 380
379 381
379 382
556 379
380 381
381 382
382 383
382 556
383 384
383 556
384 385
384 556
385 386
387 385
556 385
386 387
387 388
387 556
388 389
388 556
389 390
389 556
601 389
390 391
601 390
391 392
601 391
392 393
601 392
651 392
393 394
393 651
394 395
394 651
395 396
651 395
396 397
397 398
398 399
400 398
398 523
398 529
399 400
400 401
523 400
401 402
401 523
402 403
404 402
523 402
403 404
404 405
404 523
404 546
405 406
546 405
406 407
546 406
553 406
407 408
407 553
408 409
553 408
409 410
409 553
554 409
410 411
410 554
411 412
411 554
555 411
412 413
412 555
413 414
413 508
413 555
414 415
414 508
415 416
508 415
416 417
508 416
538 416
417 418
417 538
418 419
418 509
538 418
419 420
421 419
419 509
420 421
421 422
509 421
421 557
422 423
557 422
422 604
423 424
604 423
424 425
604 424
425 426
425 604
426 427
426 602
604 426
426 661
427 428
427 661
428 429
661 428
429 430
657 429
661 429
430 431
430 657
430 659
431 432
431 659
432 433
659 432
433 434
433 435
510 433
606 433
659 433
434 435
435 436
435 606
435 609
436 437
436 609
437 438
609 437
610 437
438 439
610 438
438 611
656 438
439 440
439 656
440 441
656 440
669 440
441 442
441 669
442 443
442 669
443 444
668 443
669 443
443 672
444 445
672 444
445 446
445 672
446 447
446 671
446 672
446 673
447 448
447 673
448 449
673 448
449 450
662 449
664 449
449 673
450 451
450 664
451 452
664 451
452 453
515 452
664 452
453 454
455 453
515 453
560 453
454 455
455 456
455 560
456 457
559 456
456 560
457 458
457 559
458 459
460 458
458 516
458 559
459 460
460 461
516 460
540 460
461 462
461 540
462 463
462 506
462 540
463 464
506 463
464 465
506 464
536 464
465 466
465 536
466 467
466 536
466 547
467 468
467 547
600 467
468 469
600 468
469 470
471 469
600 469
470 471
471 472
600 471
472 473
472 474
507 472
537 472
472 600
473 474
474 475
537 474
475 476
537 475
476 477
477 478
477 479
478 479
479 480
479 607
480 481
607 480
481 482
481 563
607 481
482 483
563 482
483 484
563 483
484 485
484 533
484 563
485 486
533 485
486 487
486 488
489 486
533 486
487 488
488 489
489 490
533 489
490 491
490 533
491 492
533 491
492 493
492 533
565 494
494 571
494 572
494 573
577 494
495 618
495 625
495 626
495 629
635 495
636 495
585 496
587 496
496 589
496 592
496 612
614 496
534 497
497 535
635 497
637 497
652 497
653 497
498 525
526 498
527 498
634 498
665 498
498 667
574 499
580 499
499 591
499 646
499 647
500 615
618 500
619 500
620 500
500 627
666 500
501 572
501 573
501 574
501 575
610 501
501 611
502 627
502 630
502 633
634 502
665 502
666 502
503 626
629 503
503 630
503 631
632 503
638 503
504 575
578 504
504 611
504 655
504 656
505 524
535 505
505 653
506 536
506 540
507 537
507 600
508 538
555 508
509 538
509 557
510 605
606 510
510 658
510 659
583 511
511 584
511 585
511 586
511 588
511 590
512 550
512 551
564 512
512 581
593 512
514 513
520 513
513 528
513 532
539 513
513 548
549 513
514 520
543 514
549 514
515 560
515 663
515 664
540 516
559 516
517 525
526 517
561 517
518 587
518 612
518 613
518 615
624 518
643 518
518 644
519 550
551 519
519 595
520 528
520 543
544 521
522 545
523 529
523 546
525 526
527 525
667 526
634 527
528 531
528 532
530 531
530 532
530 548
530 641
530 642
532 531
531 641
548 532
533 563
535 534
534 637
535 653
536 547
539 548
549 539
541 550
564 541
541 565
567 541
551 542
584 542
592 542
542 593
542 594
595 542
544 597
552 545
553 546
600 547
548 642
550 551
550 564
551 593
595 551
553 554
555 554
556 601
557 603
557 604
573 558
605 558
606 558
608 558
609 558
559 560
562 561
607 563
564 565
564 571
564 581
567 565
565 569
565 571
577 565
566 571
566 572
566 574
566 580
581 566
567 569
569 568
570 568
568 573
568 577
568 608
570 569
569 577
570 608
572 571
571 581
573 572
574 572
577 573
608 573
573 609
610 573
574 575
574 580
574 647
575 578
611 575
575 647
575 650
580 576
576 581
583 576
576 590
576 591
579 578
578 650
655 578
582 579
646 579
579 647
648 579
579 650
580 581
591 580
581 583
581 593
584 583
590 583
593 583
584 585
584 592
584 593
586 585
589 585
585 592
586 588
589 586
587 589
612 587
587 643
590 588
588 645
590 591
645 590
645 591
646 591
591 649
592 594
614 592
594 595
596 594
614 594
621 594
594 623
595 596
623 596
598 597
598 599
651 601
602 603
602 604
660 602
602 661
604 603
605 606
605 608
606 609
609 610
610 611
656 611
613 612
614 612
613 614
613 615
613 619
613 621
621 614
618 615
619 615
624 615
625 615
616 619
616 620
616 621
616 622
628 616
617 624
625 617
617 636
617 640
617 644
625 618
626 618
618 627
620 619
619 621
620 628
665 620
666 620
620 667
621 622
623 621
623 622
622 628
625 624
624 644
625 636
627 626
626 629
630 626
630 627
666 627
635 629
629 637
638 629
631 630
630 633
632 631
633 631
632 638
639 632
633 634
634 665
636 635
637 635
652 635
636 640
652 636
639 641
642 639
644 640
652 640
641 642
644 643
646 647
648 646
646 649
647 650
648 649
653 652
654 655
654 656
654 669
670 654
656 655
656 669
658 657
657 659
657 660
661 657
659 658
661 660
663 662
662 664
673 662
662 674
664 663
665 666
665 667
668 669
668 670
668 672
675 668
670 669
671 672
671 673
671 674
671 675
675 672
674 673
