757
297 506
293 504
288 504
283 504
278 504
273 504
272 500
272 495
276 490
279 486
278 481
278 476
277 471
277 466
277 461
277 456
276 451
276 446
276 441
276 436
276 431
276 426
276 421
276 416
275 411
274 406
274 401
273 396
272 391
272 386
271 381
271 376
271 371
270 366
269 361
269 356
269 351
268 346
267 341
265 336
261 332
260 327
260 322
259 317
255 315
253 319
251 324
251 329
251 334
246 336
245 341
245 346
244 351
244 356
243 361
243 366
243 371
242 376
241 381
241 386
240 391
240 396
239 401
238 406
238 411
238 416
238 421
238 426
237 431
237 436
237 441
236 446
236 451
236 456
236 461
236 466
235 471
235 476
235 481
234 486
238 490
241 495
241 500
241 505
236 504
231 504
226 504
221 504
216 504
215 499
216 494
218 489
222 485
223 480
222 475
221 470
221 465
220 460
219 455
219 450
218 445
217 440
216 435
216 430
215 425
214 420
214 415
213 410
213 405
211 400
210 395
209 390
208 385
206 380
206 375
204 370
203 365
202 360
201 355
199 350
198 345
197 340
196 335
194 330
193 325
192 320
192 315
192 310
192 305
192 300
193 295
193 290
193 285
194 280
194 275
196 270
196 265
196 260
194 255
192 250
191 245
191 240
190 235
190 230
190 225
190 220
190 215
191 210
192 205
193 200
194 195
195 190
197 185
199 180
201 175
203 170
203 166
201 161
199 156
197 151
194 146
190 141
185 138
180 135
175 132
170 131
165 129
160 127
155 125
150 124
145 123
140 122
135 120
130 119
125 118
120 117
115 116
110 115
105 113
100 112
95 112
90 111
85 110
80 109
75 109
70 108
65 107
60 107
55 107
50 107
45 107
40 106
35 104
30 105
25 105
21 103
17 102
19 98
14 98
12 95
17 93
22 93
27 92
32 92
37 92
42 92
47 92
52 91
57 91
62 91
67 91
72 90
77 90
82 89
87 89
92 89
97 89
102 89
107 89
112 89
117 89
122 89
127 89
132 89
137 89
142 89
147 89
152 89
157 89
162 89
167 90
172 90
177 91
182 91
187 91
192 91
197 92
202 92
207 92
212 92
217 93
219 90
218 85
216 80
215 75
215 70
214 65
214 60
214 55
214 50
214 45
215 40
216 35
218 30
220 25
223 20
226 15
231 12
236 9
241 7
246 6
251 5
256 5
261 5
266 6
271 7
276 9
281 12
286 16
290 21
293 26
295 31
296 36
298 41
298 46
298 51
299 56
299 61
299 66
298 71
298 76
296 81
295 86
293 91
296 94
301 93
306 93
311 93
316 92
321 92
326 92
331 92
336 92
341 91
346 91
351 91
356 91
361 90
366 90
371 90
376 90
381 90
386 90
391 90
396 90
401 90
406 90
411 90
416 90
421 91
426 91
431 91
436 91
441 91
446 92
451 92
456 92
461 93
466 93
471 93
476 93
481 93
486 93
491 94
496 95
499 98
495 100
495 104
490 104
486 106
481 106
476 106
471 107
466 108
461 108
457 109
452 108
447 109
442 109
437 110
432 110
427 111
422 112
417 113
412 113
407 115
402 115
397 116
392 118
387 119
382 120
377 122
372 123
367 124
362 125
357 127
352 128
347 130
342 132
337 134
332 137
327 140
322 143
318 148
315 153
313 158
311 163
310 168
311 173
313 178
314 183
316 188
318 193
319 198
320 203
321 208
322 213
323 218
323 223
323 228
323 233
323 238
322 243
321 248
320 253
318 258
316 263
317 268
318 273
318 278
319 283
319 288
319 293
320 298
320 303
321 308
321 313
321 318
320 323
320 328
317 332
316 337
315 342
314 347
313 352
312 357
311 362
309 367
308 372
307 377
306 382
304 387
303 392
302 397
301 402
300 407
299 412
299 417
298 422
298 427
297 432
296 437
295 442
294 447
294 452
293 457
293 462
292 467
291 472
291 477
290 482
291 486
295 490
297 495
299 500
298 505
298 506
256.481 168
255.647 116.598
229.703 168
224.833 302.417
275.832 278.336
255.976 52.5
184.5 112.524
221.056 337.789
222.549 358.49
308.5 119.76
342.217 110.792
290.59 328.664
290.57 353.5
282.188 148.575
278.863 199.955
295.543 269.691
237.448 262.5
234.914 52.5
247.35 30.1246
272.849 36.9603
276.155 63.5
247.987 81.6025
292.325 183.37
299.203 204.559
236.243 216.449
216.95 267.5
213.802 211.96
216.197 124.142
304.732 322.911
223.731 376.654
235.436 24.4355
291.8 234.93
207.52 277.504
227.308 493.804
232.557 323.357
245.764 18.126
236.043 38.4839
261.895 22.0978
285.147 494.176
275.508 324.354
302.059 336.599
206.387 266.989
224.568 284.128
247.939 42.7481
259.472 35.8845
245.445 52.9916
251.37 66.8835
265.406 45.8083
278.979 49.6725
266.458 57.2803
225.916 44.7216
228.176 31.7867
280.008 337.151
217.387 277.359
228.884 271.91
251.196 283.613
237.845 281.947
265.494 77.8783
266.674 67.6119
233.645 70.5576
284.536 39.1589
280.573 28.0648
270.565 27.176
287.172 58.5486
245.859 272.056
264.042 247.569
261.553 271.819
252.338 257.872
242.465 299.254
255.874 75.6671
241.314 62.9632
243.351 72.7885
264.309 284.683
281.017 301.383
256.708 296.947
275.084 290.611
290.682 285.402
268.478 301.269
274.651 312.002
259.931 306.359
289.543 313.711
275.135 260.961
238.443 239.433
214.991 243.704
212.216 255.911
203.688 247.553
226.52 252.743
225.545 262.592
253.632 267.035
232.773 292.571
243.661 289.664
284.457 321.58
296.465 299.812
295.631 320.798
271.09 269.824
263.783 259.074
242.083 251.145
251.816 241.698
226.577 240.799
217.143 227.729
231.176 228.531
289.174 304.854
288.15 294.783
304.709 288.138
247.432 226.975
299.132 279.409
306.456 271.183
309.025 280.015
308.271 299.401
302.794 310.598
311.387 315.555
256.677 205.938
248.324 214.817
215.642 368.06
231.006 367.06
233.455 335.871
228.926 347.626
233.437 356.971
212.573 319.229
255.12 14.8684
301.506 348.579
211.127 293.469
280.207 348.609
280.88 78.1441
260.457 97.2093
272.977 90.1501
263.306 87.6299
283.089 88.2022
276.795 111.553
280.103 99.9211
269.636 103.23
266.089 113.521
274.79 130.749
272.971 120.857
233.449 85.6468
244.489 97.1823
226.283 78.0077
242.062 88.4547
252.484 90.7946
252.459 105.516
235.18 116.487
245.43 113.538
229.998 100.001
238.631 105.724
216.992 108.581
227.217 109.933
201.356 115.584
221.187 100.793
210.962 116.074
226.145 60.9574
235.369 310.425
223.925 314.709
245.975 309.322
241.945 318.901
286.315 275.443
279.942 245.689
204.106 233.359
206.798 221.683
202.389 211.122
224.267 217.981
221.519 326.359
220.994 293.326
212.517 306.312
203.171 312.812
202.968 300.849
203.165 286.878
287.278 69.3905
202.228 131.219
218.459 145.934
191.124 123.996
180.363 122.561
213.159 135.471
206.956 145.187
194.639 104.63
184.179 101.654
206.072 105.155
272.6 251.77
269.566 226.118
258.31 221.661
260.195 233.343
271.124 237.828
280.652 230.603
280.416 215.24
267.704 212.739
267.272 201.1
254.422 186.98
258.586 196.098
288.017 206.746
289.662 194.964
296.408 219.966
286.87 222.824
308.588 214.219
307.247 231.496
309.606 203.841
305.116 222.64
302.94 248.584
302.393 260.242
288.683 257.511
300.8 238.958
283.623 265.965
291.376 246.377
213.066 348.769
211.949 358.736
208.884 337.329
204.699 327.05
303.003 191.615
302.728 180.935
224.839 391.795
231.066 383.728
217.915 384.691
225.546 404.339
225.964 416.374
226.651 427.332
226.908 437.538
291.15 341.539
290.819 122.72
290.218 109.085
289.2 100.044
298.705 115.542
308.507 106.264
324.758 113.02
315.23 113.015
319.999 103.025
302.387 137.534
287.423 135.955
295.514 130.978
298.75 103.704
332.463 103.871
334.685 121.289
321.634 126.863
311.125 130.601
260.807 147.001
231.052 133.613
246.269 129.325
237.123 126.016
260.53 130.016
242.991 146.838
267.248 138.401
252.966 138.634
240.295 137.27
251.815 156.094
243.092 166.38
248.63 176.75
231.519 193.193
244.813 196.878
228.801 205.853
241.106 206.917
235.123 156.65
222.683 157.679
231.222 145.462
216.39 169.508
211.868 159.513
224.438 181.041
240.759 185.683
214.565 194.934
223.455 198.083
211.894 181.22
234.285 177.433
204.362 199.933
206.062 189.472
272.821 179.374
268.039 189.724
281.427 186.97
270.601 159.964
260.928 159.39
271.395 149.182
287.754 165.828
283.912 176.195
277.464 167.91
266.983 170.338
262.231 179.812
298.568 170.084
297.648 153.112
301.851 161.395
291.608 145.086
288.375 156.104
306.286 147.23
359.247 107.956
351.943 116.648
343.934 121.274
349.536 102.196
340.709 100.074
289.36 371.839
297.642 363.176
281.729 362.126
287.769 387.61
295.538 380.428
281.472 379.009
287.514 401.122
287.3 412.851
287.005 424.028
286.112 434.251
285.158 443.656
374.947 105.811
366.2 100.323
367.997 113.466
389.062 104.087
381.3 99.1788
382.718 110.795
401.471 102.501
413.034 101.433
423.485 101.155
165.86 108.946
174.501 114.274
173.381 101.184
148.822 106.166
156.264 114.155
158.532 100.26
133.681 104.179
140.41 111.583
142.074 98.9095
119.742 102.822
126.167 109.096
127.252 97.9489
107.697 101.141
96.1692 100.515
85.6684 99.4684
132.444 109.322
410.667 107.011
289.139 402.667
757
298.139 506.026
294.876 501.777
288.146 495.894
285.01 495.862
277.866 498.495
271.571 502.906
274.354 500.724
276.898 498.705
282.118 495.689
288.193 498.811
284.119 474.622
284.124 475.372
284.003 470.357
284.401 466.168
284.6 463.927
285.14 454.148
285.309 450.843
285.528 446.59
285.787 441.903
286.085 436.862
286.371 431.972
286.646 427.209
286.831 421.999
286.885 419.047
287.034 410.202
287.099 405.744
287.178 400.834
287.381 392.872
287.437 390.638
287.561 386.201
287.686 382.06
288.085 378.267
289.059 371.194
289.646 366.927
290.298 363.613
291.338 359.988
292.956 354.3
295.399 345.842
298.279 335.901
301.298 324.986
302.04 323.334
301.754 323.836
297.761 307.425
277.843 276.969
249.36 266.471
225.108 286.442
212.393 314.654
209.039 325.64
211.68 330.166
210.357 327.946
212.664 338.79
216.106 347.796
218.835 354.939
220.867 360.215
222.177 364.362
223.485 368.8
223.825 372.141
223.949 374.052
224.414 381.25
224.716 386.156
224.961 390.871
225.172 395.494
225.268 397.713
225.626 406.003
225.897 412.336
226.125 417.683
226.317 422.202
226.482 426.063
226.688 430.909
226.93 436.606
227.122 440.916
227.234 443.411
227.616 451.727
227.895 456.912
228.163 461.675
228.398 465.816
228.764 472.259
228.898 474.633
229.172 480.758
231.141 499.676
231.5 496.336
235.36 498.211
237.497 499.82
242.332 505.153
237.544 501.067
231.827 496.494
225.506 495.591
220.602 498.852
214.257 503.259
219.161 499.759
224.026 496.529
225.429 495.642
227.716 492.23
229.196 480.564
228.835 473.513
228.599 469.332
228.798 473.19
228.095 460.478
227.838 455.887
227.567 450.714
227.265 444.1
227.032 438.918
226.852 434.773
226.64 429.784
226.4 424.144
226.224 419.995
226.029 415.435
225.915 412.765
225.529 403.743
225.26 397.535
225.067 392.987
224.825 388.272
224.509 382.77
224.362 380.555
223.902 373.647
223.263 367.64
222.031 363.928
220.637 359.638
218.047 352.877
215.631 346.514
213.662 341.303
211.316 335.121
209.851 328.349
208.698 322.828
209.458 320.849
209.795 319.651
210.781 316.098
211.994 312.102
212.721 309.818
214.538 303.764
218.745 295.907
220.198 293.201
221.934 289.974
224.613 285.646
227.249 281.379
233.065 272.22
240.614 258.764
246.344 243.735
240.245 232.399
236.14 226.394
236.248 226.728
235.785 225.83
234.887 224.314
234.138 222.677
233.589 221.607
230.609 217.774
229.974 217.183
229.247 216.431
229.875 216.019
230.461 215.539
230.426 215.508
231.126 215.606
232.851 215.506
238.417 209.828
245.402 200.409
252.127 184.25
256.08 163.694
255.376 146.237
250.485 139.848
245.153 132.651
233.67 126.304
215.9 119.516
198.475 114.522
186.403 111.081
175.978 108.169
171.524 107.067
168.004 106.642
163.49 106.113
157.571 105.703
151.431 105.304
149.061 105.153
142.839 104.76
137.633 104.39
134.625 104.164
126.327 103.547
121.812 102.956
117.349 102.352
115.203 102.061
107.413 101.006
100.222 100.37
95.0089 99.9103
90.9925 99.6446
86.0689 99.304
80.2054 99.1583
50.6667 96.8889
71.7434 99.0327
66.2835 99.054
67.5147 99.0531
32.0559 97.9689
50.8017 99.1554
45.6563 99.1526
41.87 99.0972
33.2418 98.5662
28.2499 98.2645
24.6782 98.0556
20.8526 97.8318
21.2784 98.4694
18.1756 97.1032
14.9475 96.2216
12.154 95.546
16.8829 96.6897
21.8559 97.8922
25.6694 98.1136
27.7238 98.2337
36.3668 98.7455
41.813 99.0938
46.4663 99.1643
52.2189 99.1463
56.403 99.1193
61.3696 99.0853
67.2815 99.0481
72.4448 99.0332
79.7306 99.1488
82.1029 99.1956
86.0439 99.3083
90.7721 99.6298
95.7627 99.9659
100.915 100.431
106.051 100.882
111.062 101.5
116.089 102.181
121.061 102.854
125.67 103.484
130.579 103.86
133.104 104.049
140.778 104.626
145.762 104.943
148.209 105.099
155.345 105.553
158.63 105.774
160.588 105.911
166.594 106.325
170.932 107.005
175.546 108.076
179.584 109.138
181.764 109.757
190.018 112.097
199.375 114.78
208.583 117.42
222.394 121.429
244.44 127.859
252.996 106.215
254.718 77.2469
254.821 60.3645
254.788 56.3983
254.72 47.6808
254.696 44.4143
254.369 40.0542
252.706 34.9755
252.152 33.2785
251.183 30.5849
249.95 30.0669
249.375 29.7935
247.448 28.8789
246.389 28.3864
245.855 28.1444
243.344 27.1394
246.27 28.267
248.687 29.008
249.944 29.3524
251.291 29.577
251.716 29.6338
252.208 29.6784
253.086 30.369
254.283 31.2432
255.889 31.8566
256.66 32.0952
260.014 32.6221
265.72 31.351
267.586 30.91
268.233 30.74
267.223 30.9588
264.836 31.5968
262.321 32.767
260.018 34.6504
256.862 39.2137
256.134 43.8394
255.996 45.5223
255.897 46.3535
255.576 48.8433
255.372 51.9263
255.267 54.7411
254.55 79.908
256.521 107.088
266.076 123.151
284.537 122.608
298.59 118.999
316.138 114.588
320.81 113.417
325.356 112.295
329.979 111.208
335.916 109.777
341.301 109.095
345.079 108.752
347.976 108.505
352.468 108.118
361.496 107.323
364.151 107.089
368.2 106.732
372.795 106.101
375.191 105.772
382.33 104.791
386.958 104.138
391.921 103.436
394.539 103.066
402.333 101.966
407.297 101.698
412.003 101.439
415.882 101.227
418.324 101.093
426.774 100.63
431.976 100.344
436.746 99.9597
440.782 99.9154
450.38 100.423
451.375 100.487
456.831 100.859
463.882 100.365
465.746 100.608
468.218 100.359
476.631 99.5341
481.821 99.2292
486.171 99.187
493.841 98.3531
495.733 97.9034
499.151 97.0197
496.903 97.6068
493.964 98.4083
490.423 99.1068
485.929 99.1913
488.923 98.7803
472.249 99.9591
469.878 100.192
465.182 100.664
460.669 101.12
457.877 100.931
454.497 100.699
446.911 100.189
438.982 99.9395
436.803 99.9586
431.847 100.352
425.805 100.683
418.776 101.068
416.648 101.185
411.117 101.488
405.993 101.769
401.414 102.091
394.439 103.08
388.606 103.905
384.605 104.47
379.331 105.202
376.828 105.547
370.409 106.438
365.447 106.972
362.414 107.241
353.587 108.022
348.913 108.427
343.975 108.85
339.788 109.245
332.377 110.598
327.06 111.903
308.584 116.492
286.706 122.102
272.421 127.337
263.265 133.784
260.984 142.788
258.611 151.836
259.237 172.482
263.975 191.281
267.961 202.888
272.016 208.165
277.533 213.824
282.694 216.576
284.103 217.291
285.996 218.278
286.947 218.754
287.963 219.322
287.885 219.443
287.231 219.819
285.459 221.414
285.062 221.874
283.951 222.367
279.486 225.141
277.848 226.803
274.638 230.048
270.859 238.452
269.573 255.584
277.511 272.169
282.021 279.112
285.226 283.739
286.225 285.066
287.178 286.388
290.814 292.797
294.449 299.175
297.193 306.073
300.675 314.68
301.645 317.08
302.438 319.031
302.887 320.1
302.56 321.373
302.282 322.454
299.734 331.026
297.468 338.679
295.589 345.19
293.927 350.95
292.046 357.425
291.442 359.508
289.965 364.819
288.794 373.199
288.456 375.588
287.908 379.326
287.624 384.382
287.537 387.203
287.311 395.64
287.177 400.934
287.091 406.289
287.005 412.182
286.916 417.337
286.871 419.81
286.679 426.694
286.445 430.685
286.17 435.44
285.852 440.811
285.511 446.927
285.251 451.962
285.005 456.857
284.798 461.71
284.424 465.907
283.993 470.652
284.149 476.061
284.412 483.064
284.744 491.91
287.529 495.565
290.832 497.326
293.735 499.614
297.697 505.391
298.476 506.51
257.744 167.809
254.632 123.464
258.163 162.043
219.219 295.721
270.737 264.226
254.051 38.3712
175.901 108.183
212.213 337.656
221.834 363.28
296.413 119.575
342.836 108.955
300.519 328.096
292.394 356.239
258.349 140.65
269.923 208.789
276.275 270.439
245.228 252.417
253.579 34.6111
249.107 29.3319
260.061 32.9082
255.639 46.989
254.615 79.9336
266.739 206.374
282.893 217.116
236.806 220.743
239.787 261.631
232.876 218.765
230.866 124.573
302.851 320.114
224.211 378.204
246.863 28.5892
278.465 225.401
229.664 277.598
226.475 494.979
211.252 314.94
251.694 29.784
250.212 29.8439
255.547 31.7482
285.595 495.353
299.226 311.819
300.612 327.917
239.057 262.835
230.164 276.477
253.378 33.4608
255.459 32.397
254.713 37.832
255.18 54.1192
256.847 35.8114
256 52.4444
255.775 43.0136
251.244 30.6163
248.326 29.2901
299.421 331.999
231.602 274.272
240.287 262.281
250.372 256.521
239.85 264.105
254.819 70.7281
255.203 54.6305
254.969 55.6411
262.128 32.405
265.61 31.3917
259.495 32.7252
256.007 45.1375
249.197 255.274
266.218 240.901
260.375 254.83
249.591 250.275
235.109 269.161
254.875 69.0742
255.061 46.9947
255.344 52.1835
262.103 257.263
286.58 286.089
257.742 258.818
275.007 270.984
283.143 280.781
274.316 268.845
278.14 274.968
0 0
299.069 310.713
265.867 251.553
238.305 225.398
239.967 230.443
246.724 247.589
238.765 230.054
246.828 242.539
243.473 253.592
254.605 252.016
230.327 276.4
240.513 264.023
302.883 318.936
292.618 295.903
302.832 319.81
267.843 257.555
261.024 248.183
249.913 242.277
253.333 230.222
240.055 230.564
234.24 221.079
242.076 224.833
292.937 296.61
286.698 286.286
287.155 286.366
251.485 224.702
282.31 279.757
277.835 272.842
283.886 281.778
289.88 291.137
299.158 310.915
299.327 311.347
257.351 208.791
251.95 216.079
223.419 368.313
223.567 369.103
209.839 327.456
218.082 352.967
221.325 361.45
210.28 318.093
252.655 30.0579
296.516 341.979
221.348 291.282
297.309 339.272
254.839 69.6217
254.109 106.334
254.061 99.321
254.243 92.0326
254.889 92.0326
259.47 122.705
256.395 115.987
255.826 115.257
260.703 125.918
259.958 127.866
259.538 125.815
0 0
253.356 106.494
254.891 57.6389
254.26 92.8921
253.788 99.9631
253.605 115.593
251.093 130.322
253.539 123.36
253.16 120.386
252.095 119.66
232.363 124.329
246.24 128.106
205.191 116.45
254.876 131.233
221.526 121.154
253.773 40.2622
217.358 299.059
212.015 312.18
245.757 259.532
219.744 320.374
275.031 269.011
270.383 236.808
234.993 224.209
233.125 220.534
230.137 216.995
237.309 218.987
208.863 323.762
222.756 288.902
214.271 304.873
211.54 313.775
214.69 303.475
220.307 293.002
255.509 49.3324
226.19 123.317
248.15 132.718
191.58 112.555
177.05 108.448
237.936 126.897
250.833 136.901
185.883 110.925
173.644 107.635
205.547 120.488
264.87 243.507
265.978 224.043
262.469 226.705
262.681 230.932
265.726 232.374
281.78 220.057
277.198 215.796
267.197 211.763
262.842 205.78
254.652 191.727
258.914 205.895
276.284 215.083
271.505 209.276
280.479 220.652
277.645 221.309
287.559 219.135
284.772 221.782
284.198 217.384
285.971 220.641
272.061 232.996
268.713 253.759
267.707 254.825
278.317 225.569
269.854 258.502
270.704 234.689
218.548 354.407
220.774 360.006
210.575 331.705
208.737 323.089
279.665 215.165
269.806 205.232
225.005 391.752
224.641 384.754
221.137 363.157
225.346 399.527
225.341 399.493
225.778 403.556
227.375 446.495
296.272 342.831
267.008 126.896
264.566 125.49
264.296 123.318
276.749 124.709
299.914 118.661
326.568 112.014
311.81 115.663
321.949 113.16
270.713 126.966
263.235 130.046
274.74 125.34
280.238 123.728
336.647 109.618
338.205 109.418
329.304 111.482
281.379 123.739
257.929 143.319
247.595 131.155
252.428 130.977
249.823 130.512
260.62 130.631
254.715 142.135
258.18 135.585
254.889 139.17
251.626 134.682
257.54 152.115
258.277 166.625
256.211 179.979
249.19 203.256
251.781 202.424
240.704 213.672
254.466 209.754
257.828 153.879
257.418 149.392
253.309 137.809
254.807 172.284
257.096 150.794
0 0
252.694 192.338
236.37 214.153
238.258 213.471
241.616 205.819
254.813 187.125
230.893 215.551
231.116 216.216
259.773 184.067
260.743 195.257
264.082 197.358
258.094 156.258
257.927 156.137
258.516 143.638
258.553 164.989
259.125 183.227
258.464 169.253
258.361 170.674
258.226 182.957
260.394 183.097
260.859 142.473
258.074 147.186
262.361 131.927
259.782 145.382
263.039 131.998
360.561 107.405
357.875 107.639
344.029 108.845
351.867 108.171
344.255 108.824
288.707 373.784
288 314.667
290.105 364.305
287.992 382.588
288.526 375.136
287.735 380.817
287.242 398.357
287.021 410.979
286.779 423.159
284.444 497.778
284.531 466.123
376.105 105.646
365.422 106.951
368.361 106.714
306.667 120.889
382.443 104.775
364.482 106.946
401.851 102.031
405.42 101.818
470.281 99.9136
165.748 106.377
171.394 107.046
169.036 106.717
147.802 105.073
156.108 105.602
134.076 104.098
132.663 104.016
134.514 104.154
140.828 104.629
110.353 101.419
125.876 103.506
126.052 103.522
106.738 100.945
104.346 100.82
85.8515 99.2934
134.222 109.333
380.444 111.111
287.111 401.778
1828
0 0
0 0
0 0
0 0
0 0
0 0
0 0
0 0
0 0
0 0
0 0
0 0
0 0
0 0
0 0
0 0
0 0
0 0
0 0
0 0
0 0
0 0
0 0
0 0
0 0
0 0
0 0
0 0
0 0
0 0
0 0
0 0
0 0
0 0
0 0
0 0
0 0
0 0
0 0
0 0
0 0
0 0
0 0
0 0
0 0
0 0
0 0
0 0
0 0
0 0
0 0
0 0
0 0
0 0
0 0
0 0
0 0
0 0
0 0
0 0
0 0
0 0
0 0
0 0
0 0
0 0
0 0
0 0
0 0
0 0
0 0
0 0
0 0
0 0
0 0
0 0
0 0
0 0
0 0
0 0
0 0
0 0
0 0
0 0
0 0
0 0
0 0
0 0
0 0
0 0
0 0
0 0
0 0
0 0
0 0
0 0
0 0
0 0
0 0
0 0
0 0
0 0
0 0
0 0
0 0
0 0
0 0
720 534
0 0
0 0
0 0
0 0
0 0
0 0
0 0
0 0
534 590
0 0
0 0
0 0
0 0
0 0
0 0
0 0
0 0
0 0
0 0
0 0
0 0
590 649
0 0
0 0
0 0
0 0
0 0
0 0
0 0
0 0
0 0
0 0
0 0
0 0
0 0
0 0
0 0
0 0
0 0
0 0
0 0
0 0
0 0
0 0
0 0
0 0
0 0
0 0
0 0
0 0
0 0
0 0
0 0
0 0
0 0
0 0
0 0
0 0
0 0
0 0
0 0
0 0
0 0
0 0
0 0
0 0
0 0
0 0
0 0
0 0
0 0
0 0
0 0
0 0
0 0
0 0
0 0
0 0
0 0
0 0
0 0
0 0
0 0
0 0
0 0
0 0
0 0
0 0
0 0
0 0
0 0
0 0
0 0
649 79
0 0
0 0
0 0
0 0
0 0
0 0
0 0
0 0
0 0
0 0
0 0
0 0
0 0
0 0
0 0
0 0
0 0
0 0
0 0
0 0
0 0
0 0
0 0
0 0
0 0
0 0
0 0
0 0
0 0
0 0
0 0
0 0
0 0
0 0
0 0
0 0
0 0
0 0
0 0
0 0
0 0
0 0
0 0
0 0
0 0
0 0
0 0
0 0
0 0
0 0
0 0
0 0
0 0
0 0
0 0
0 0
0 0
0 0
0 0
0 0
0 0
0 0
0 0
0 0
0 0
0 0
0 0
0 0
0 0
0 0
0 0
0 0
0 0
0 0
0 0
0 0
0 0
0 0
0 0
0 0
0 0
0 0
0 0
0 0
0 0
0 0
0 0
0 0
0 0
0 0
0 0
0 0
0 0
0 0
0 0
0 0
0 0
0 0
0 0
0 0
0 0
0 0
0 0
0 0
0 0
0 0
0 0
0 0
0 0
0 0
0 0
0 0
0 0
0 0
0 0
0 0
0 0
0 0
0 0
0 0
0 0
0 0
0 0
0 0
0 0
0 0
0 0
0 0
0 0
0 0
0 0
0 0
0 0
0 0
0 0
0 0
0 0
0 0
0 0
0 0
0 0
0 0
0 0
0 0
0 0
0 0
0 0
0 0
0 0
0 0
0 0
0 0
0 0
0 0
0 0
0 0
0 0
0 0
0 0
0 0
0 0
0 0
0 0
0 0
0 0
534 584
0 0
0 0
0 0
0 0
0 0
0 0
0 0
0 0
0 0
0 0
0 0
0 0
0 0
0 0
0 0
0 0
0 0
584 612
0 0
0 0
0 0
0 0
0 0
0 0
0 0
0 0
0 0
0 0
0 0
0 0
0 0
0 0
0 0
0 0
0 0
0 0
0 0
0 0
0 0
0 0
0 0
0 0
0 0
0 0
0 0
0 0
0 0
0 0
0 0
0 0
0 0
0 0
0 0
0 0
0 0
0 0
0 0
0 0
0 0
0 0
0 0
0 0
0 0
0 0
0 0
0 0
0 0
0 0
0 0
0 0
0 0
0 0
0 0
0 0
0 0
0 0
0 0
0 0
0 0
0 0
0 0
0 0
0 0
0 0
0 0
0 0
0 0
0 0
0 0
0 0
0 0
0 0
0 0
0 0
0 0
0 0
0 0
0 0
0 0
0 0
0 0
0 0
0 0
0 0
0 0
0 0
0 0
0 0
0 0
0 0
0 0
0 0
0 0
0 0
0 0
0 0
0 0
0 0
0 0
0 0
0 0
0 0
0 0
0 0
0 0
0 0
0 0
0 0
0 0
0 0
0 0
0 0
0 0
0 0
0 0
0 0
0 0
0 0
0 0
0 0
0 0
0 0
0 0
0 0
0 0
0 0
0 0
0 0
0 0
0 0
0 0
0 0
0 0
0 0
0 0
0 0
0 0
0 0
0 0
0 0
0 0
0 0
0 0
0 0
0 0
0 0
0 0
0 0
0 0
0 0
0 0
0 0
0 0
0 0
0 0
0 0
0 0
0 0
0 0
0 0
0 0
0 0
0 0
0 0
0 0
0 0
0 0
0 0
0 0
0 0
0 0
0 0
0 0
0 0
0 0
0 0
0 0
0 0
0 0
0 0
0 0
0 0
584 485
0 0
0 0
0 0
0 0
0 0
0 0
0 0
0 0
0 0
0 0
0 0
0 0
0 0
0 0
0 0
0 0
0 0
0 0
0 0
0 0
0 0
0 0
0 0
0 0
0 0
0 0
0 0
0 0
0 0
0 0
0 0
0 0
0 0
0 0
0 0
0 0
0 0
0 0
0 0
0 0
0 0
0 0
0 0
0 0
0 0
0 0
0 0
0 0
0 0
0 0
0 0
0 0
0 0
0 0
0 0
0 0
0 0
0 0
0 0
0 0
0 0
0 0
0 0
0 0
0 0
0 0
0 0
0 0
0 0
0 0
0 0
0 0
0 0
0 0
0 0
0 0
0 0
0 0
0 0
0 0
0 0
0 0
0 0
0 0
0 0
0 0
0 0
0 0
0 0
0 0
0 0
0 0
0 0
0 0
0 0
0 0
0 0
0 0
0 0
0 0
0 0
0 0
0 0
0 0
0 0
0 0
584 733
0 0
0 0
0 0
0 0
0 0
0 0
0 0
0 0
0 0
0 0
0 0
0 0
0 0
0 0
0 0
0 0
0 0
0 0
0 0
0 0
0 0
0 0
0 0
0 0
0 0
0 0
0 0
0 0
0 0
0 0
0 0
0 0
0 0
0 0
0 0
0 0
0 0
0 0
0 0
0 0
0 0
0 0
0 0
0 0
0 0
0 0
0 0
0 0
0 0
0 0
0 0
0 0
0 0
0 0
0 0
0 0
0 0
0 0
0 0
0 0
0 0
0 0
0 0
0 0
0 0
0 0
0 0
0 0
0 0
0 0
0 0
0 0
0 0
0 0
0 0
0 0
0 0
0 0
0 0
0 0
0 0
0 0
0 0
0 0
0 0
0 0
0 0
0 0
0 0
0 0
0 0
0 0
0 0
0 0
0 0
0 0
0 0
0 0
0 0
0 0
0 0
0 0
0 0
0 0
0 0
0 0
0 0
0 0
0 0
0 0
0 0
0 0
0 0
0 0
0 0
0 0
0 0
0 0
0 0
0 0
0 0
0 0
0 0
0 0
0 0
0 0
0 0
0 0
0 0
0 0
0 0
0 0
0 0
0 0
0 0
0 0
0 0
0 0
0 0
0 0
0 0
0 0
0 0
0 0
0 0
0 0
0 0
0 0
0 0
0 0
0 0
0 0
0 0
0 0
0 0
0 0
0 0
0 0
0 0
0 0
0 0
0 0
0 0
0 0
0 0
0 0
0 0
0 0
0 0
0 0
0 0
0 0
0 0
0 0
0 0
0 0
0 0
0 0
0 0
0 0
0 0
0 0
0 0
0 0
0 0
0 0
0 0
0 0
0 0
0 0
0 0
0 0
0 0
0 0
0 0
0 0
0 0
0 0
0 0
0 0
0 0
0 0
0 0
0 0
0 0
0 0
0 0
0 0
0 0
0 0
0 0
0 0
0 0
0 0
0 0
0 0
0 0
0 0
0 0
0 0
0 0
0 0
0 0
0 0
0 0
0 0
0 0
0 0
0 0
0 0
0 0
0 0
0 0
0 0
0 0
0 0
0 0
0 0
0 0
0 0
0 0
0 0
0 0
0 0
0 0
0 0
0 0
0 0
0 0
0 0
0 0
0 0
0 0
0 0
0 0
0 0
0 0
0 0
0 0
0 0
0 0
0 0
0 0
0 0
0 0
0 0
0 0
0 0
0 0
0 0
0 0
0 0
0 0
0 0
0 0
0 0
0 0
0 0
0 0
0 0
0 0
0 0
0 0
0 0
0 0
0 0
0 0
0 0
0 0
0 0
0 0
0 0
0 0
0 0
0 0
0 0
0 0
0 0
0 0
0 0
0 0
0 0
0 0
0 0
0 0
0 0
0 0
0 0
0 0
0 0
0 0
0 0
0 0
0 0
0 0
0 0
0 0
0 0
0 0
0 0
0 0
0 0
0 0
0 0
0 0
0 0
0 0
0 0
0 0
0 0
0 0
0 0
0 0
0 0
0 0
0 0
0 0
0 0
0 0
0 0
0 0
0 0
0 0
0 0
0 0
0 0
0 0
0 0
0 0
0 0
0 0
0 0
0 0
0 0
0 0
0 0
0 0
0 0
0 0
0 0
0 0
0 0
0 0
0 0
0 0
0 0
0 0
0 0
0 0
0 0
0 0
0 0
0 0
0 0
0 0
0 0
0 0
0 0
0 0
0 0
0 0
0 0
0 0
0 0
0 0
0 0
0 0
0 0
0 0
0 0
0 0
0 0
0 0
0 0
0 0
0 0
0 0
0 0
0 0
0 0
0 0
0 0
0 0
0 0
0 0
0 0
0 0
0 0
0 0
0 0
0 0
0 0
0 0
0 0
0 0
0 0
0 0
0 0
0 0
0 0
0 0
0 0
0 0
0 0
0 0
0 0
0 0
0 0
0 0
0 0
0 0
0 0
0 0
0 0
0 0
0 0
0 0
0 0
0 0
0 0
0 0
0 0
0 0
0 0
0 0
0 0
0 0
0 0
0 0
0 0
0 0
0 0
0 0
0 0
0 0
0 0
0 0
0 0
0 0
0 0
0 0
0 0
0 0
0 0
0 0
0 0
0 0
0 0
0 0
0 0
0 0
0 0
0 0
0 0
0 0
0 0
0 0
0 0
0 0
0 0
0 0
0 0
0 0
0 0
0 0
0 0
0 0
0 0
0 0
0 0
0 0
0 0
0 0
0 0
0 0
0 0
0 0
0 0
0 0
0 0
0 0
0 0
0 0
0 0
0 0
0 0
0 0
0 0
0 0
0 0
0 0
0 0
0 0
0 0
0 0
0 0
0 0
0 0
0 0
0 0
0 0
0 0
0 0
0 0
0 0
0 0
0 0
0 0
0 0
0 0
0 0
0 0
0 0
0 0
0 0
0 0
0 0
0 0
0 0
0 0
0 0
0 0
0 0
0 0
0 0
0 0
0 0
0 0
0 0
0 0
0 0
0 0
0 0
0 0
0 0
0 0
0 0
0 0
0 0
0 0
0 0
0 0
0 0
0 0
0 0
0 0
0 0
0 0
0 0
0 0
0 0
0 0
0 0
0 0
0 0
0 0
0 0
0 0
0 0
0 0
0 0
0 0
0 0
0 0
0 0
0 0
0 0
0 0
0 0
0 0
0 0
0 0
0 0
0 0
0 0
0 0
0 0
0 0
0 0
0 0
0 0
0 0
0 0
0 0
0 0
0 0
0 0
0 0
0 0
0 0
0 0
0 0
0 0
0 0
0 0
0 0
0 0
0 0
0 0
0 0
0 0
0 0
0 0
0 0
0 0
0 0
0 0
0 0
0 0
0 0
0 0
0 0
0 0
0 0
0 0
0 0
0 0
0 0
0 0
0 0
0 0
0 0
0 0
0 0
0 0
0 0
0 0
0 0
0 0
0 0
0 0
0 0
0 0
0 0
0 0
0 0
0 0
0 0
0 0
0 0
0 0
0 0
0 0
0 0
0 0
0 0
0 0
0 0
0 0
0 0
0 0
0 0
0 0
0 0
0 0
0 0
0 0
0 0
0 0
0 0
0 0
0 0
0 0
0 0
0 0
0 0
0 0
0 0
0 0
0 0
0 0
0 0
0 0
0 0
0 0
0 0
0 0
0 0
0 0
0 0
0 0
0 0
0 0
0 0
0 0
0 0
0 0
0 0
0 0
0 0
0 0
0 0
0 0
0 0
0 0
0 0
0 0
0 0
0 0
0 0
0 0
0 0
0 0
0 0
0 0
0 0
0 0
0 0
0 0
0 0
0 0
0 0
0 0
0 0
0 0
0 0
0 0
0 0
0 0
0 0
0 0
0 0
0 0
0 0
0 0
0 0
0 0
0 0
0 0
0 0
0 0
0 0
0 0
0 0
0 0
0 0
0 0
0 0
0 0
0 0
0 0
0 0
0 0
0 0
0 0
0 0
0 0
0 0
0 0
0 0
0 0
0 0
0 0
0 0
0 0
0 0
0 0
0 0
0 0
0 0
0 0
0 0
0 0
0 0
0 0
0 0
0 0
0 0
0 0
0 0
0 0
0 0
0 0
0 0
0 0
0 0
0 0
0 0
0 0
0 0
0 0
0 0
0 0
0 0
0 0
0 0
0 0
0 0
0 0
0 0
0 0
0 0
0 0
0 0
0 0
0 0
0 0
0 0
0 0
0 0
0 0
0 0
0 0
0 0
0 0
0 0
0 0
0 0
0 0
0 0
0 0
0 0
0 0
0 0
0 0
0 0
0 0
0 0
0 0
0 0
0 0
0 0
0 0
0 0
0 0
0 0
0 0
0 0
0 0
0 0
0 0
0 0
0 0
0 0
0 0
0 0
0 0
0 0
0 0
0 0
0 0
0 0
0 0
0 0
0 0
0 0
0 0
0 0
0 0
0 0
0 0
0 0
0 0
0 0
0 0
0 0
0 0
0 0
0 0
0 0
0 0
0 0
0 0
0 0
0 0
0 0
0 0
0 0
0 0
0 0
0 0
0 0
0 0
0 0
0 0
0 0
0 0
0 0
0 0
0 0
0 0
0 0
0 0
0 0
0 0
0 0
0 0
0 0
0 0
0 0
0 0
0 0
0 0
0 0
0 0
0 0
0 0
0 0
0 0
0 0
0 0
0 0
0 0
0 0
0 0
0 0
0 0
0 0
0 0
0 0
0 0
0 0
0 0
0 0
0 0
0 0
0 0
0 0
0 0
0 0
0 0
0 0
0 0
0 0
0 0
0 0
0 0
0 0
0 0
0 0
0 0
0 0
0 0
0 0
0 0
0 0
0 0
0 0
0 0
0 0
0 0
0 0
0 0
0 0
0 0
0 0
0 0
0 0
0 0
0 0
0 0
0 0
0 0
0 0
0 0
0 0
0 0
0 0
0 0
0 0
0 0
0 0
0 0
0 0
0 0
0 0
0 0
0 0
0 0
0 0
0 0
0 0
0 0
0 0
0 0
0 0
0 0
0 0
0 0
0 0
0 0
0 0
0 0
0 0
0 0
0 0
0 0
0 0
0 0
0 0
0 0
0 0
0 0
0 0
0 0
0 0
0 0
0 0
0 0
0 0
0 0
0 0
0 0
0 0
0 0
0 0
0 0
0 0
0 0
0 0
0 0
0 0
0 0
0 0
0 0
0 0
0 0
0 0
0 0
0 0
0 0
0 0
0 0
0 0
0 0
0 0
0 0
0 0
0 0
0 0
0 0
0 0
0 0
0 0
0 0
0 0
0 0
0 0
0 0
0 0
0 0
0 0
0 0
0 0
0 0
0 0
0 0
0 0
0 0
0 0
0 0
0 0
0 0
0 0
0 0
0 0
0 0
0 0
0 0
0 0
0 0
0 0
0 0
0 0
0 0
0 0
0 0
0 0
0 0
0 0
0 0
0 0
0 0
0 0
0 0
0 0
0 0
0 0
0 0
0 0
0 0
0 0
0 0
0 0
0 0
0 0
0 0
0 0
0 0
0 0
0 0
0 0
0 0
0 0
0 0
0 0
0 0
0 0
0 0
0 0
0 0
0 0
0 0
0 0
0 0
0 0
0 0
0 0
0 0
0 0
0 0
0 0
0 0
0 0
0 0
0 0
0 0
0 0
0 0
0 0
0 0
0 0
0 0
0 0
612 754
754 184
733 755
755 738
720 756
756 728
1822
0 1
435 0
436 0
1 2
1 433
1 434
435 1
475 1
2 3
2 475
3 4
3 475
4 5
6 4
4 7
4 475
5 6
6 7
7 8
7 475
8 9
8 475
9 10
430 9
431 9
9 475
10 11
10 430
11 12
428 11
11 429
11 430
12 13
428 12
13 14
13 427
13 428
14 15
14 425
14 426
14 427
15 16
15 424
425 15
729 15
16 17
729 16
17 18
17 729
18 19
728 18
18 729
19 20
19 728
20 21
20 727
20 728
21 22
727 21
22 23
22 727
23 24
23 726
23 727
24 25
24 726
25 26
25 725
726 25
26 27
26 725
27 28
27 722
27 725
28 29
722 28
29 30
29 722
724 29
30 31
724 30
31 32
724 31
32 33
32 721
724 32
33 34
721 33
34 35
721 34
35 36
35 559
721 35
36 37
559 36
37 38
37 489
37 559
38 39
489 38
39 40
476 39
39 489
40 41
476 40
41 42
41 476
42 43
42 476
515 42
43 44
43 515
516 43
44 45
44 516
589 44
45 46
45 589
590 45
46 47
590 46
47 48
49 47
47 590
48 49
49 50
471 49
552 49
49 590
50 51
552 50
51 52
51 552
553 51
52 53
52 553
52 554
53 54
554 53
54 55
551 54
554 54
55 56
551 55
56 57
551 56
57 58
57 551
57 645
58 59
645 58
59 60
645 59
60 61
60 644
60 645
61 62
644 61
62 63
644 62
647 62
63 64
647 63
64 65
647 64
648 64
65 66
65 648
66 67
648 66
66 649
67 68
649 67
68 69
649 68
650 68
69 70
650 69
70 71
650 70
71 72
71 99
71 650
72 73
98 72
99 72
73 74
73 97
98 73
74 75
74 96
97 74
75 76
96 75
76 77
76 94
95 76
96 76
77 78
77 93
94 77
78 79
78 93
79 80
79 92
79 93
470 79
80 81
80 470
81 82
84 81
470 81
82 83
82 84
83 84
84 85
470 84
85 86
85 470
86 87
470 86
87 88
87 89
87 90
470 87
88 89
89 90
90 91
90 470
91 92
470 91
92 93
92 470
93 94
94 95
95 96
96 97
97 98
98 99
99 100
99 650
100 101
100 650
101 102
101 650
102 103
102 649
650 102
103 104
103 649
104 105
104 648
104 649
105 106
105 648
106 107
648 106
107 108
107 647
107 648
108 109
108 647
109 110
109 644
647 109
110 111
110 644
110 646
111 112
111 646
112 113
112 646
113 114
646 113
114 115
550 114
646 114
115 116
115 550
116 117
116 550
116 639
117 118
639 117
118 119
118 638
639 118
119 120
119 638
120 121
120 638
120 640
121 122
121 640
122 123
640 122
641 122
123 124
641 123
124 125
124 641
125 126
600 125
125 641
126 127
126 600
127 128
600 127
128 129
600 128
128 601
129 130
129 601
130 131
130 601
602 130
131 132
602 131
132 133
602 132
133 134
469 133
602 133
134 135
469 134
135 136
135 469
135 478
136 137
478 136
137 138
137 478
137 521
522 137
138 139
522 138
139 140
139 522
140 141
522 140
141 142
141 522
141 593
142 143
142 593
143 144
143 593
144 145
144 593
144 594
145 146
594 145
595 145
146 147
595 146
147 148
595 147
148 149
595 148
695 148
149 150
695 149
150 151
150 695
696 150
151 152
696 151
152 153
152 696
153 154
693 153
696 153
154 155
154 693
155 156
687 155
693 155
156 157
687 156
156 688
157 158
157 688
158 159
609 158
688 158
159 160
609 159
160 161
160 604
160 609
161 162
161 604
606 161
162 163
162 606
163 164
163 606
607 163
164 165
164 607
165 166
165 607
165 740
166 167
740 166
167 168
739 167
740 167
167 743
168 169
168 743
169 170
743 169
170 171
743 170
170 746
171 172
171 746
172 173
746 172
173 174
746 173
749 173
174 175
749 174
175 176
175 748
749 175
176 177
748 176
177 178
748 177
177 751
178 179
178 751
179 180
751 179
752 179
180 181
180 752
181 182
181 752
753 181
182 183
753 182
183 184
753 183
184 185
184 211
184 212
753 184
185 186
210 185
185 211
186 187
186 209
210 186
187 188
208 187
187 209
188 189
188 207
208 188
189 190
189 206
207 189
190 191
205 190
206 190
191 192
205 191
192 193
192 203
192 204
192 205
193 194
193 202
193 203
194 195
194 202
195 196
197 195
195 201
202 195
196 197
197 198
197 200
197 201
198 199
200 198
199 200
200 201
201 202
202 203
203 204
204 205
205 206
206 207
207 208
208 209
209 210
210 211
211 212
212 213
753 212
213 214
213 753
214 215
214 753
215 216
215 752
215 753
216 217
752 216
217 218
751 217
217 752
218 219
751 218
219 220
748 219
219 751
220 221
748 220
221 222
221 748
221 750
222 223
222 750
223 224
750 223
224 225
224 747
750 224
225 226
747 225
226 227
226 747
227 228
744 227
747 227
228 229
744 228
229 230
229 744
230 231
230 741
230 744
231 232
231 741
232 233
232 611
232 741
233 234
233 611
234 235
611 234
235 236
610 235
235 611
236 237
236 610
237 238
237 610
237 612
238 239
238 612
239 240
239 584
239 612
240 241
584 240
241 242
571 241
579 241
241 584
242 243
242 571
242 573
243 244
243 573
244 245
244 573
245 246
245 573
245 586
246 247
586 246
247 248
586 247
248 249
248 487
248 586
249 250
487 249
250 251
250 487
251 252
487 251
252 253
252 487
252 488
253 254
488 253
254 255
488 254
255 256
467 255
255 488
256 257
467 256
257 258
467 257
258 259
467 258
258 472
259 260
259 472
260 261
260 472
260 556
261 262
261 556
262 263
556 262
263 264
263 556
264 265
264 474
556 264
265 266
265 474
266 267
474 266
266 499
267 268
498 267
267 499
268 269
268 498
269 270
269 498
270 271
498 270
271 272
271 497
498 271
272 273
272 497
273 274
273 497
274 275
485 274
497 274
275 276
485 275
500 275
276 277
500 276
277 278
277 500
278 279
500 278
603 278
279 280
603 279
280 281
280 603
281 282
560 281
281 564
281 603
282 283
282 564
283 284
564 283
283 654
284 285
654 284
663 284
285 286
285 663
286 287
286 656
286 663
287 288
656 287
659 287
288 289
659 288
289 290
289 659
290 291
290 659
290 664
291 292
291 664
292 293
664 292
292 718
293 294
718 293
294 295
294 717
718 294
295 296
295 717
296 297
717 296
731 296
297 298
731 297
298 299
298 731
299 300
299 731
300 301
731 300
300 734
301 302
301 734
302 303
302 733
734 302
303 304
303 733
304 305
304 733
304 736
305 306
736 305
306 307
306 736
737 306
307 308
737 307
308 309
737 308
309 310
309 737
738 309
310 311
310 738
311 312
311 340
311 738
312 313
312 338
339 312
340 312
313 314
338 313
314 315
314 336
314 337
314 338
315 316
336 315
316 317
335 316
316 336
317 318
333 317
317 334
335 317
318 319
332 318
333 318
319 320
331 319
332 319
320 321
320 330
331 320
321 322
329 321
321 330
322 323
328 322
322 329
323 324
326 323
328 323
324 325
326 324
325 326
326 327
326 328
327 328
328 329
329 330
330 331
331 332
332 333
333 334
334 335
335 336
336 337
337 338
338 339
339 340
340 341
340 738
341 342
738 341
342 343
342 737
738 342
343 344
737 343
344 345
344 736
344 737
345 346
345 736
346 347
736 346
347 348
347 733
736 347
348 349
733 348
348 735
349 350
349 735
350 351
350 735
351 352
732 351
735 351
352 353
352 732
353 354
353 732
354 355
715 354
354 732
355 356
715 355
356 357
356 715
716 356
357 358
716 357
358 359
358 665
716 358
359 360
665 359
360 361
665 360
666 360
361 362
361 666
362 363
362 666
362 667
363 364
667 363
363 713
364 365
364 713
365 366
710 365
713 365
366 367
366 710
367 368
367 708
710 367
368 369
643 368
368 708
369 370
369 643
370 371
370 642
643 370
371 372
642 371
372 373
372 630
642 372
373 374
373 630
374 375
374 630
375 376
375 628
630 375
376 377
628 376
377 378
377 628
378 379
378 628
378 629
378 631
379 380
629 379
380 381
380 629
381 382
381 629
382 383
629 382
382 632
382 635
383 384
383 632
384 385
384 632
385 386
385 632
385 633
386 387
386 543
386 633
387 388
387 543
388 389
543 388
544 388
389 390
544 389
390 391
390 544
391 392
391 540
544 391
392 393
540 392
392 545
393 394
393 545
394 395
545 394
394 547
395 396
395 547
396 397
547 396
397 398
397 547
398 399
398 400
465 398
547 398
399 400
400 401
400 465
477 400
401 402
477 401
402 403
402 477
402 557
403 404
403 557
404 405
557 404
405 406
557 405
720 405
406 407
720 406
407 408
407 720
408 409
720 408
723 408
409 410
723 409
410 411
723 410
411 412
411 723
412 413
722 412
723 412
413 414
413 722
725 413
414 415
725 414
415 416
725 415
415 726
416 417
726 416
417 418
417 726
418 419
418 726
727 418
419 420
727 419
420 421
420 727
728 420
421 422
421 728
422 423
728 422
422 729
423 424
423 729
424 425
424 729
425 426
426 427
427 428
428 429
429 430
430 431
431 432
475 431
432 433
432 475
433 434
433 475
434 435
435 436
677 437
678 437
437 679
701 437
437 706
707 437
438 568
438 576
438 578
438 670
672 438
439 678
684 439
685 439
439 687
439 689
694 439
505 440
440 526
440 587
440 588
598 440
440 599
441 509
512 441
441 513
531 441
591 441
441 636
480 442
442 481
442 482
483 442
442 484
442 486
583 443
606 443
443 607
610 443
611 443
443 740
741 443
552 444
444 553
444 597
444 638
444 640
550 445
551 445
445 553
445 554
638 445
445 639
446 655
656 446
658 446
662 446
446 666
446 667
664 447
665 447
715 447
447 716
447 717
718 447
465 448
448 477
448 489
528 448
448 530
651 448
449 557
559 449
449 651
720 449
721 449
569 450
450 661
674 450
450 700
702 450
450 711
712 450
619 451
620 451
621 451
451 624
625 451
698 451
699 451
542 452
543 452
591 452
452 633
634 452
452 636
453 491
501 453
504 453
523 453
524 453
453 525
453 533
473 454
480 454
482 454
454 487
507 454
454 586
455 467
472 455
455 473
455 474
455 480
481 455
455 556
481 456
484 456
485 456
456 497
498 456
456 499
457 485
457 486
495 457
500 457
457 560
603 457
506 458
508 458
458 571
574 458
458 575
625 459
642 459
643 459
459 699
459 704
708 459
460 624
625 460
626 460
628 460
630 460
460 642
537 461
461 541
461 549
596 461
682 461
461 683
469 462
462 478
490 462
462 491
462 521
524 462
463 536
594 463
463 595
463 596
682 463
691 463
463 692
463 695
464 577
581 464
582 464
464 585
604 464
464 608
669 464
671 464
477 465
530 465
546 465
547 465
550 466
551 466
645 466
466 646
472 467
473 467
488 467
592 468
468 618
626 468
627 468
468 629
468 631
468 635
468 637
469 478
490 469
469 558
469 602
471 552
471 587
471 588
590 471
471 597
472 556
480 473
487 473
488 473
474 481
499 474
556 474
489 476
515 476
476 528
477 557
477 651
521 478
490 479
479 491
479 493
526 479
479 558
479 598
480 481
482 480
481 484
481 499
482 483
482 507
486 483
495 483
483 506
483 507
483 508
485 484
486 484
486 485
485 497
500 485
486 495
488 487
487 586
489 528
489 559
489 651
490 491
490 558
491 493
501 491
524 491
492 493
492 501
492 503
492 509
511 492
492 525
527 492
493 501
526 493
527 493
494 495
506 494
560 494
562 494
563 494
495 506
495 560
496 507
496 508
496 571
496 573
586 496
497 498
498 499
500 603
501 525
502 504
532 502
534 502
613 502
502 616
502 617
503 509
503 525
531 503
532 503
504 525
504 532
533 504
504 534
511 505
505 526
505 527
505 587
589 505
508 506
563 506
506 575
508 507
586 507
508 571
511 509
512 509
514 509
509 531
512 510
514 510
510 515
510 538
539 510
511 514
516 511
511 527
589 511
513 512
512 514
512 539
513 529
539 513
513 540
513 542
591 513
514 515
514 516
515 516
517 515
515 528
515 538
516 589
517 528
517 530
517 538
517 546
531 518
532 518
613 518
634 518
636 518
519 523
533 519
534 519
535 519
537 519
519 541
520 521
522 520
520 523
535 520
536 520
520 593
522 521
521 523
524 521
593 522
523 524
533 523
535 523
525 532
526 527
598 526
530 528
529 538
539 529
540 529
545 529
529 546
530 546
532 531
636 531
613 532
533 534
541 534
616 534
535 536
535 537
536 537
536 593
594 536
596 536
537 541
537 596
538 539
538 546
542 540
540 544
540 545
549 541
541 615
616 541
542 543
544 542
542 591
544 543
543 633
545 546
547 545
546 547
548 549
548 615
620 548
548 621
623 548
548 681
548 683
615 549
549 683
550 551
639 550
550 646
554 551
645 551
553 552
597 552
553 554
553 638
555 588
597 555
599 555
600 555
555 641
557 651
720 557
598 558
558 599
558 601
558 602
559 651
721 559
560 562
560 564
560 603
562 561
563 561
561 567
561 575
576 561
562 563
562 564
566 562
567 562
575 563
566 564
654 564
565 566
567 565
565 568
570 565
652 565
653 565
567 566
566 653
654 566
567 568
567 576
568 570
568 576
568 672
570 569
569 652
569 661
569 672
674 569
652 570
672 570
571 573
571 574
579 571
574 572
575 572
576 572
572 579
580 572
586 573
574 575
574 579
576 575
576 578
576 580
577 578
580 577
577 582
671 577
580 578
670 578
671 578
579 580
579 582
579 584
580 582
582 581
581 584
581 585
612 581
584 582
585 583
604 583
606 583
610 583
583 612
612 584
604 585
612 585
587 588
587 589
587 590
588 597
599 588
589 590
636 591
592 613
617 592
592 618
592 634
592 637
594 593
595 594
695 595
596 682
640 597
597 641
599 598
599 600
601 599
600 601
641 600
601 602
604 606
608 604
609 604
605 608
609 605
669 605
685 605
686 605
688 605
606 607
607 740
609 608
608 669
609 688
610 611
612 610
741 611
613 617
634 613
614 615
616 614
614 617
614 618
614 619
614 620
615 616
620 615
617 616
618 617
618 619
627 618
619 620
619 624
627 619
621 620
623 621
698 621
622 623
622 679
622 681
622 690
698 622
622 707
681 623
623 698
625 624
624 626
624 627
625 642
699 625
627 626
626 628
626 631
628 630
628 631
631 629
629 635
630 642
633 632
634 632
635 632
632 637
634 633
636 634
637 634
635 637
639 638
638 640
641 640
642 643
708 643
644 645
644 646
644 647
645 646
647 648
648 649
650 649
652 653
652 655
661 652
652 662
654 653
655 653
663 653
654 663
655 656
662 655
663 655
656 658
659 656
656 663
658 657
657 659
664 657
665 657
657 666
658 659
666 658
659 664
662 660
667 660
711 660
660 713
662 661
661 711
667 662
711 662
665 664
664 718
666 665
665 716
667 666
667 713
668 674
675 668
677 668
668 701
668 702
669 671
669 676
686 669
671 670
672 670
670 675
670 676
671 676
674 672
672 675
675 673
673 676
677 673
673 684
686 673
675 674
702 674
675 676
677 675
686 676
677 678
677 684
701 677
679 678
678 684
678 694
690 679
694 679
707 679
680 681
680 682
683 680
689 680
690 680
680 692
680 694
681 683
690 681
682 683
682 692
685 684
686 684
685 686
687 685
688 685
687 688
689 687
693 687
691 689
692 689
693 689
694 689
694 690
692 691
691 693
691 695
691 696
696 693
696 695
698 697
699 697
697 704
697 705
706 697
707 697
698 699
707 698
699 704
700 701
702 700
700 705
706 700
700 712
702 701
701 706
703 704
703 705
703 708
703 710
703 712
705 704
708 704
705 706
705 712
706 707
710 708
710 709
709 711
709 712
713 709
710 712
713 710
711 712
711 713
714 715
714 717
714 731
732 714
715 716
715 717
715 732
718 717
731 717
720 719
721 719
723 719
719 724
720 721
720 723
721 724
723 722
724 722
722 725
723 724
725 726
726 727
727 728
729 728
731 730
732 730
734 730
735 730
732 731
731 734
732 735
733 734
735 733
736 733
735 734
736 737
737 738
740 739
741 739
739 743
739 744
741 740
741 744
742 743
742 744
746 742
747 742
744 743
746 743
744 747
746 745
747 745
749 745
745 750
747 746
749 746
750 747
749 748
748 750
751 748
749 750
752 751
753 752
