647
207 487
204 483
203 478
204 473
204 468
206 464
210 461
214 458
218 454
217 449
215 444
214 440
211 435
208 430
208 425
213 421
218 416
219 411
218 406
218 401
217 396
215 391
214 386
213 381
212 376
212 371
212 366
211 361
212 356
215 351
218 346
218 341
218 336
218 331
218 326
218 321
218 316
218 311
217 306
216 301
215 296
215 291
215 286
215 281
214 276
214 271
214 266
212 261
212 256
212 251
211 246
207 242
204 237
204 232
204 227
204 222
200 221
196 218
195 213
196 208
196 203
196 198
197 194
200 190
203 186
205 181
205 176
204 171
205 166
200 163
195 163
190 162
185 162
180 160
175 157
170 156
165 156
160 154
155 151
150 148
145 146
140 143
136 141
131 142
126 142
121 142
116 142
111 142
106 141
101 140
96 139
91 138
86 136
81 135
76 135
71 135
66 135
61 137
56 140
51 143
47 147
43 149
39 152
37 156
32 156
31 151
34 147
38 143
35 142
30 143
25 145
20 146
16 146
12 142
7 138
9 135
7 131
12 131
17 131
22 130
27 128
32 126
37 126
42 126
47 126
52 126
57 126
62 127
67 127
72 127
77 127
82 126
87 126
92 126
97 127
102 127
107 127
112 126
117 126
122 126
127 126
131 126
136 126
140 124
145 124
150 124
155 124
160 125
165 125
170 125
175 125
180 125
185 124
190 122
195 118
200 115
204 111
207 107
211 103
213 98
215 93
217 89
216 84
213 79
210 74
208 69
210 65
213 61
216 56
218 51
220 46
221 41
226 39
231 37
236 34
241 33
246 31
251 29
255 33
259 37
264 41
269 41
274 43
276 48
278 53
279 58
280 63
280 68
281 73
283 78
281 83
277 85
273 88
272 93
272 98
277 100
282 102
287 103
292 105
294 108
294 113
298 116
303 118
307 120
312 123
317 124
322 124
327 124
332 124
337 124
342 123
347 123
352 123
357 123
362 123
367 124
372 124
377 124
382 124
387 124
392 124
397 124
402 124
407 124
412 124
417 124
422 124
427 124
432 124
435 126
440 126
445 126
450 126
455 126
460 125
465 125
470 127
475 127
479 130
484 130
489 130
493 131
488 134
485 137
490 139
492 140
487 142
482 145
477 147
472 145
468 146
467 151
463 149
458 146
453 144
448 142
443 139
438 136
434 133
430 131
426 132
421 133
416 134
411 135
406 136
401 137
396 139
391 140
386 141
381 143
376 144
372 141
368 139
364 141
359 141
354 144
350 146
345 148
340 150
335 151
330 153
325 155
320 156
315 159
310 159
305 160
300 161
296 164
296 169
295 174
294 179
296 184
299 189
302 194
302 199
302 204
303 209
298 209
294 212
295 217
299 222
302 227
303 232
301 236
299 241
296 246
293 250
293 255
292 260
292 265
291 270
291 275
291 280
291 285
291 290
290 295
290 300
289 305
289 310
288 315
287 320
287 325
287 330
287 335
288 340
291 345
294 350
297 355
297 360
296 365
296 370
296 375
295 380
295 385
295 390
294 395
294 400
294 405
293 410
293 415
297 418
302 422
305 427
303 432
301 437
300 442
297 447
297 452
300 457
304 460
308 464
310 467
312 472
312 477
312 482
308 484
303 486
298 486
293 486
288 486
283 486
278 486
273 486
270 483
269 478
268 473
267 468
271 463
274 458
276 454
278 449
276 444
275 439
274 434
272 429
269 424
272 419
276 414
276 409
276 404
275 399
274 394
273 389
272 384
271 379
270 374
269 369
269 364
269 359
271 354
271 349
271 344
269 339
269 334
267 329
266 324
265 319
263 314
262 309
260 304
260 299
258 294
257 289
254 286
251 289
251 294
249 299
248 304
246 309
244 314
243 319
241 324
239 329
237 334
236 339
235 344
234 349
236 354
239 359
241 364
241 369
241 374
240 379
240 384
239 389
239 394
237 399
236 404
236 409
234 413
235 418
240 421
244 423
242 428
241 433
240 438
238 443
237 448
236 453
237 458
240 463
243 468
244 473
244 478
244 483
242 486
237 487
232 487
227 487
222 487
217 487
212 487
208 487
242.723 104.361
227.089 138.089
245.071 64.7286
247.91 201.064
197.5 141.89
245.5 253.5
291.771 138.821
214.465 125.465
225.884 192.254
261.298 169.86
267.797 219.841
232.138 224.5
269.305 252.5
229.357 72.5859
281.172 233.703
167.9 140.5
224.5 361
233.034 290.607
310.034 140.946
463 136
274.651 301.27
282.61 361.522
241.618 49.0462
228.978 257.804
225.658 171
219.298 232.861
44.5 135.559
218.375 472.688
283.932 424.149
212.097 200.837
225.196 351.79
218.563 217.692
233.91 241.262
223.362 225.061
213.328 225.548
208.883 211.738
232.022 207.793
228.748 233.333
222.553 244.106
227.818 216.176
225.414 429.873
226.076 420.601
261.329 58.2832
272.719 124.17
232.462 120.092
212.325 140.229
203.837 131.462
193.215 132.147
182.633 142.614
218.908 133.646
221.909 154.351
206.091 151.576
195.461 152.352
176.217 134.934
174.418 147.473
220.548 144.961
212.881 159.343
245.197 84.622
155.859 136.874
299.91 148.418
301.886 131.434
283.09 374.436
283.759 385.677
284.184 395.497
281.738 350.688
232.521 59.2706
223.109 64.0677
230.85 48.624
241.476 271.914
225.987 463.187
230.605 474.687
287.896 436.644
293.501 427.99
287.324 446.327
214.42 189.205
222.564 181.661
215.402 173.802
251.117 230.968
235.999 250.891
221.105 207.049
236.79 196.927
248.378 182.791
235.417 183.449
245.009 191.847
244.891 216.058
241.28 207.53
257.525 210.801
242.247 225.917
276.137 200.007
288.989 197.453
279.847 185.064
257.012 221.739
268.641 208.525
261.815 194.961
281.093 211.926
288.183 188.48
271.305 190.875
262.032 182.4
272.168 175.516
276.366 154.175
283.548 174.224
287.906 150.348
271.134 164.229
285.004 222.8
291.508 231.211
226.414 441.512
226.855 450.887
264.883 74.0376
250.725 55.2625
251.365 44.5465
259.472 49.1481
281.349 114.755
285.518 127.24
268.025 111.204
276.943 139.349
294.811 125.009
252.381 124.201
257.271 100.766
262.544 120.521
262.273 135.648
253.81 112.271
259.964 152.028
243.466 117.082
248.132 95.0145
258.831 86.382
270.771 132.889
244.942 140.627
240.83 129.066
267.772 144.776
252.457 134.133
220.552 113.026
211.736 116.421
231.453 108.223
222.486 102.644
231.748 90.995
235.327 81.1703
185.647 151.963
145.776 134.362
238.811 261.685
257.943 265.866
241.421 283.142
227.737 271.494
225.884 282.298
245.8 241.609
259.894 242.002
264.212 231.052
271.712 240.875
282.451 245.216
257.431 253.678
280.399 257.017
243.298 164.794
241.486 175.021
284.426 162.599
269.643 64.6856
255.707 67.8295
247.946 74.6576
256.534 77.6001
234.584 149.433
246.426 152.868
231.736 160.884
252.011 275.157
253.954 161.443
226.25 375.167
231.63 367.311
226.789 387.463
227.223 397.366
231.728 305.294
239.051 298.543
225.451 297.334
230.32 317.643
228.346 327.992
275.879 313.43
276.527 323.937
273.635 283.9
263.151 278.718
274.117 269.729
268.444 292.918
282.62 266.023
281.093 277.06
279.92 292.247
267.334 262.337
287.434 468.783
287.242 457.556
279.274 475.505
299.155 473.44
324.908 138.872
316.611 133.745
318.357 146.262
337.856 137.048
348.694 134.102
295.111 131.87
205.333 133.274
261.396 252.444
243.646 249.778
647
205.603 487.58
208.671 478.116
209.929 475.567
213.267 474.685
211.803 475.006
214.547 474.338
216.45 473.859
224.692 471.845
226.495 460.883
227.185 444.993
227.49 436
226.793 431.859
225.077 429.669
211.209 427.904
209.68 427.709
227.273 429.028
227.509 425.835
227.445 413.327
227.465 406.398
227.509 400.064
227.553 393.424
227.59 388.11
227.557 383.414
227.531 380.645
227.406 372.985
226.27 368.623
224.944 363.441
224.38 359.75
224.395 359.424
224.482 358.755
225.271 348.868
225.922 340.808
226.661 335.859
227.578 331.701
228.489 327.558
229.475 323.014
230.407 317.815
229.862 311.525
229.298 305.17
228.668 300.852
228.938 298.004
229.496 296.045
231.469 288.789
233.332 282.543
235.759 277.64
238.131 272.8
241.859 263.155
242.69 260.647
242.917 256.081
241.267 247.566
235.155 234.479
225.445 226.699
223.991 226.708
224.44 226.486
225.324 221.734
219.092 213.478
195.395 210.843
187.958 211.082
201.353 210.614
210.389 210.472
210.026 209.434
208.844 209.043
208.928 209.043
214.936 209.037
223.522 203.803
233.742 189.093
238.677 175.046
237.264 163.685
230.73 148.416
209.02 139.763
191.373 142.166
184.848 143.004
182.106 143.79
182.056 143.287
175.804 143.235
169.057 142.94
166.256 142.604
164.905 141.751
162.966 140.639
154.878 136.062
149.048 134.22
142.861 132.724
149.865 135.274
119.128 134.06
125.642 133.588
120.151 134.119
115.388 134.408
111.286 134.519
107.049 134.485
101.807 133.979
96.6793 133.006
92.3329 131.929
86.8231 130.557
111.111 133.333
76.4893 130.753
29.3333 138.667
64.482 130.772
58.4024 130.975
49.5979 133.687
43.6115 136.11
43.6249 137.984
41.6349 141.289
38.2584 146.861
33.3648 154.436
33.1155 154.742
33.6392 154.089
36.3501 150.389
40.9596 135.479
38.8989 134.019
19.2146 136.369
19.6978 138.304
17.4356 139.412
17.6676 139.559
16.9501 139.174
8.85405 134.692
8.11833 132.94
6.71047 130.814
10.264 135.481
12.6594 136.12
21.0917 137.882
32.8355 134.919
35.1956 134.576
38.767 134.006
41.5592 135.625
46.9198 134.772
52.5825 132.48
57.5031 131.173
62.2369 130.764
67.5082 130.785
72.0308 130.81
77.2256 130.74
82.2009 130.649
86.5346 130.531
91.4603 131.704
93.8141 132.3
99.1221 133.26
107.234 134.488
111.825 134.513
113.92 134.444
120.865 134.06
126.466 133.488
130.591 132.905
137.19 131.953
140.496 132.382
143.412 132.706
149.471 134.345
151.535 135.011
156.705 136.988
161.749 139.952
166.289 142.526
170.559 143.072
178.005 142.848
182.208 142.589
198.856 141.046
212.429 138.458
219.154 133.246
225.39 128.501
228.717 124.699
233.569 118.937
237.804 108.865
239.668 97.7697
241.761 85.4356
242.637 65.4025
234.475 60.1673
218.103 64.4608
201.602 68.744
216.417 64.8922
226.212 62.3592
239.943 57.5795
241.603 54.1204
227.522 43.7604
220.22 38.8486
234.622 48.5333
241.843 52.9734
245.081 51.9396
246.599 48.6833
247.51 38.6199
250.589 25.5109
247.821 40.4175
245.737 52.4355
257.618 53.9733
264.799 52.7483
276.059 44.73
269.304 49.1404
260.527 54.2272
259.465 54.7505
257.023 56.045
256.641 57.5996
256.869 58.2202
280.568 76.9198
281.759 77.839
257.615 58.9948
251.556 64
0 0
244.836 111.619
257.868 127.76
272.833 127.678
285.724 113.753
292.165 106.87
288.584 110.696
273.635 127.046
279.835 132.554
288.561 135.396
294.273 135.965
306.116 138.236
319.185 140.758
325.618 140.836
330.445 139.821
332.825 139.088
340.725 136.589
345.481 134.862
349.094 133.557
353.237 132.072
357.459 130.559
362.362 130.813
366.829 131.528
372.979 132.686
378.134 133.799
382.025 133.578
387.317 132.63
392.726 131.644
397.752 130.803
402.713 130.152
407.671 129.618
412.552 129.139
417.433 128.65
422.351 128.113
427.52 127.535
430.948 127.185
434.507 128.856
437.012 129.831
443.829 132.034
449.238 133.327
454.152 134.446
460.16 135.808
462.764 136.403
470.53 136.869
472.829 136.987
483.594 135.448
487.84 133.355
489.616 132.156
492.902 129.921
490.716 131.407
484.343 138.028
487.92 138.789
492.158 139.808
485.04 138.096
479.792 137.233
477.651 137.16
474.853 137.065
472 136.889
465.419 146.99
464.931 141.369
462.777 136.385
456.578 134.997
450.163 133.541
447.512 132.746
440.105 131.02
435.47 129.234
430.645 127.202
426.452 127.655
423.92 127.938
424.804 127.834
411.559 129.236
369.778 132.444
398.74 130.659
396.148 131.079
385.454 132.966
382.562 133.489
379.025 133.868
378.907 133.874
372.443 132.657
366.499 131.522
363.37 130.977
357.046 130.681
349.433 133.432
346.204 134.601
342.041 136.106
338.067 137.484
333.322 138.932
327.633 140.74
323.843 140.966
320.08 141.06
316.043 140.118
313.816 139.67
302.236 137.471
285.015 136.854
267.716 145.073
261.102 159.482
259.35 170.03
263.463 183.255
269.37 197.59
282.714 200.278
292.948 199.958
293.112 199.946
293.678 199.923
327.001 202.555
309.632 201.199
268.364 207.197
266.196 224.772
275.969 234.066
298.668 232.46
298.022 232.504
294.396 232.751
275.11 234.138
270.026 238.002
265.918 244.137
266.557 253.691
268.375 261.478
270.762 266.451
272.341 270.791
274.238 276.101
276.064 281.268
276.9 283.588
279.467 289.813
279.757 294.322
278.684 300.132
277.17 307.779
276.701 310.068
275.907 314.142
275.828 319.89
275.941 325.663
276.615 330.417
276.991 316.31
279.583 343.467
282.127 352.483
283.481 357.911
283.496 357.642
283.614 358.535
283.662 361.887
283.054 368.103
282.574 373.275
283.15 379.128
283.784 385.576
284.174 389.935
284.609 394.594
284.722 399.517
284.793 403.627
280.889 342.222
283.556 456.889
286.426 428.488
297.477 427.812
297.8 427.765
295.876 428.044
287.019 429.631
287.284 432.652
287.192 442.222
287.029 459.283
287.527 470.177
299.083 474.004
302.184 475.211
303.579 475.817
304.858 476.404
307.485 477.555
313.018 481.066
306.115 477.148
304.559 476.372
299.706 474.176
292.703 471.778
285.392 469.564
280.856 473.076
275.195 478.826
270.69 483.509
274.418 479.632
275.979 478.007
277.547 476.055
277.112 476.438
281.181 472.791
285.868 468.771
286.988 464.098
287.117 450.066
287.227 438.493
287.3 432.256
285.808 427.997
283.932 424.396
271.188 423.004
283.592 424.349
284.221 422.818
284.489 409.902
284.758 401.346
284.692 397.323
284.408 392.493
283.962 387.527
283.142 379.103
282.853 376.212
282.711 371.008
283.312 365.3
283.482 363.601
283.745 360.876
283.022 356.733
281.365 349.8
282.487 356.547
277.535 336.641
276.507 329.671
276.158 327.117
275.76 323.111
275.857 317.547
276.137 312.54
277.06 308.298
277.842 304.656
278.7 298.841
278.329 288.349
272.298 274.708
253.998 261.283
235.738 276.668
232.121 288.698
229.253 298.236
228.984 303.413
229.51 306.968
229.947 312.548
230.379 317.327
229.876 321.194
228.813 326.076
227.583 331.698
228.345 328.197
229.923 307.71
225.115 350.748
224.574 360.402
225.7 366.202
226.384 367.729
226.354 368.157
227.134 371.016
227.498 376.511
227.552 382.674
227.586 388.513
227.557 392.622
227.532 396.779
227.489 402.943
227.457 407.629
227.45 414.332
227.529 428.345
238.619 424.953
246.224 422.339
230.696 427.681
228.649 428.502
226.759 431.295
227.498 436.155
227.201 444.624
226.738 455.471
226.211 467.166
228.019 471.94
232.548 475.235
233.761 476.134
237.93 479.222
243.182 484.596
243.577 485.012
235.498 477.642
233.74 476.177
227.602 472.222
223.65 472.383
215.984 474.079
210.637 478.561
207.225 482.577
239.864 104.469
228.125 137.633
244.099 54.2722
251.556 191.111
176.486 142.571
245.01 256.605
278.927 133.916
223.507 131.436
233.549 196.941
254.786 166.629
261.609 224.906
229.54 225.316
263.795 252.738
241.122 61.5774
267.655 235.897
164.602 141.587
225.243 364.499
230.889 291.698
311.301 139.195
462.875 136.416
277.665 305.644
283.452 362.477
244.986 52.6473
243.091 261.021
240.376 167.339
227.34 226.876
42.4293 135.931
223.76 472.142
285.394 426.961
217.582 208.79
226.667 343.111
224.688 219.019
241.498 240.536
228.674 222.888
225.346 221.348
204.651 210.392
237.563 209.927
235.28 231.495
237.388 236.966
230.118 217.027
226.389 429.4
224 456.889
256.332 55.3041
263.178 131.615
238.323 119.319
215.18 138.301
212.155 138.655
196.84 141.428
179.312 143.037
224.326 134.345
231.573 144.728
218.295 135.177
188.572 142.525
168.801 142.361
172.088 143.177
226.117 139.526
229.335 142.111
243.202 73.6826
157.223 137.707
294.597 136.151
297.704 137.663
282.994 374.604
283.794 386.189
284.66 396.125
282.645 354.862
242.183 56.1698
227.747 62.2581
241.251 52.8796
243.844 266.332
226.045 470.861
230.44 474.737
287.003 430.652
286.716 428.985
292.766 469.328
230.243 195.451
237.049 183.318
240.487 176.794
250.698 232.876
244.451 251.223
227.834 220.842
239.455 199.491
252.098 182.052
239.2 183.605
245.662 192.837
279.532 231.477
241.458 209.722
254.153 212.783
246.988 230.1
266.264 202.214
279.154 200.337
264.65 188.806
254.186 224.063
261.049 209.951
288.85 199.246
272.397 204.595
267.775 199.912
263.538 190.869
255.938 181.861
258.349 173.977
263.986 145.762
255.262 173.131
279.444 135.613
256.905 162.373
265.983 226.596
271.383 235.005
226.953 432.665
219.554 473.11
251.245 58.1869
248.805 54.7207
246.452 52.4238
254.576 54.4481
267.193 132.418
275.655 133.139
244.658 123.782
268.67 136.648
280.993 133.566
246.206 125.886
239.12 104.455
251.861 127.199
258.34 138.083
244.007 115.585
276.136 125.243
242.316 117.077
241.691 90.4513
236.971 56.3923
262.14 136.458
251.106 128.508
239.756 128.618
260.665 141.003
247.214 129.481
232.924 120.372
223.195 129.877
237.737 110.646
237.754 109.203
240.699 92.9347
242.837 67.1213
180.786 143.273
146.32 133.505
245.106 260.505
256.616 259.718
242.536 263.874
237.061 275.03
231.583 288.846
0 0
267.196 237.069
259.483 233.121
263.571 241.505
267.361 240.187
260.006 257.595
267.062 256.722
0 0
244.967 173.091
265.533 146.58
256.473 56.1912
250.345 58.2311
246.834 63.8964
247.66 64.2513
237.652 144.38
241.711 146.563
238.985 155.498
253.308 261.098
251.006 157.493
226.55 369.164
226.323 367.974
227.524 379.755
227.496 393.919
230.067 314.049
231.259 290.98
228.639 300.274
230.398 317.77
229.36 323.555
275.94 315.417
275.841 322.283
275.614 280.528
271.16 271.346
270.82 267.786
274.188 279.393
270.891 266.946
275.151 278.707
279.586 291.549
266.111 258.459
281.695 473.38
287.004 462.052
276.809 477.098
301.144 475.068
326.544 140.798
324.256 140.878
320.586 141.068
334.669 138.512
343.791 135.345
304 128
192.889 129.778
280 247.111
225.778 246.222
1481
0 0
0 0
0 0
0 0
0 0
0 0
0 0
0 0
0 0
0 0
0 0
0 0
0 0
0 0
0 0
0 0
0 0
0 0
0 0
0 0
0 0
0 0
0 0
0 0
0 0
0 0
0 0
0 0
0 0
0 0
0 0
0 0
0 0
0 0
0 0
0 0
0 0
0 0
0 0
494 483
0 0
0 0
0 0
0 0
0 0
0 0
0 0
0 0
0 0
0 0
0 0
0 0
0 0
0 0
0 0
0 0
0 0
0 0
0 0
0 0
0 0
0 0
0 0
0 0
0 0
0 0
0 0
0 0
0 0
0 0
0 0
0 0
0 0
0 0
0 0
0 0
0 0
0 0
0 0
0 0
0 0
0 0
0 0
0 0
0 0
0 0
0 0
0 0
0 0
0 0
0 0
0 0
0 0
0 0
0 0
0 0
0 0
0 0
0 0
0 0
0 0
0 0
0 0
0 0
0 0
0 0
0 0
0 0
0 0
0 0
0 0
0 0
0 0
0 0
0 0
0 0
0 0
0 0
0 0
0 0
0 0
0 0
0 0
0 0
0 0
0 0
0 0
0 0
0 0
0 0
0 0
0 0
0 0
0 0
0 0
0 0
0 0
0 0
0 0
0 0
0 0
0 0
0 0
0 0
0 0
0 0
0 0
0 0
0 0
0 0
0 0
0 0
0 0
0 0
0 0
0 0
0 0
0 0
0 0
456 579
0 0
0 0
0 0
0 0
0 0
0 0
0 0
0 0
0 0
0 0
0 0
0 0
0 0
0 0
0 0
0 0
0 0
0 0
0 0
0 0
0 0
0 0
0 0
0 0
0 0
0 0
0 0
0 0
0 0
0 0
0 0
0 0
0 0
0 0
0 0
0 0
0 0
0 0
0 0
0 0
0 0
0 0
0 0
0 0
0 0
0 0
0 0
0 0
0 0
0 0
0 0
0 0
0 0
0 0
0 0
0 0
0 0
0 0
0 0
0 0
0 0
0 0
0 0
0 0
0 0
0 0
0 0
0 0
0 0
0 0
0 0
0 0
0 0
0 0
0 0
0 0
0 0
0 0
0 0
93 95
0 0
0 0
0 0
0 0
0 0
0 0
0 0
0 0
0 0
0 0
0 0
0 0
0 0
0 0
0 0
0 0
0 0
0 0
0 0
0 0
0 0
0 0
0 0
0 0
0 0
0 0
0 0
0 0
0 0
0 0
0 0
0 0
0 0
0 0
0 0
0 0
0 0
0 0
0 0
0 0
0 0
0 0
0 0
0 0
0 0
0 0
0 0
0 0
0 0
0 0
0 0
0 0
0 0
0 0
0 0
0 0
0 0
0 0
0 0
0 0
0 0
0 0
0 0
0 0
0 0
0 0
0 0
0 0
0 0
0 0
0 0
0 0
0 0
0 0
0 0
0 0
0 0
0 0
0 0
0 0
0 0
0 0
0 0
0 0
0 0
0 0
0 0
0 0
0 0
0 0
0 0
0 0
0 0
0 0
0 0
0 0
0 0
0 0
0 0
0 0
0 0
0 0
0 0
0 0
0 0
0 0
0 0
0 0
0 0
0 0
0 0
0 0
0 0
0 0
0 0
0 0
0 0
0 0
0 0
0 0
0 0
579 192
0 0
0 0
0 0
0 0
0 0
0 0
0 0
0 0
0 0
0 0
0 0
0 0
0 0
0 0
0 0
0 0
0 0
0 0
0 0
0 0
0 0
0 0
0 0
0 0
0 0
0 0
0 0
0 0
0 0
0 0
0 0
0 0
0 0
0 0
0 0
0 0
0 0
0 0
0 0
0 0
0 0
0 0
0 0
0 0
0 0
0 0
0 0
0 0
0 0
0 0
0 0
0 0
0 0
0 0
0 0
0 0
0 0
0 0
0 0
0 0
0 0
0 0
0 0
0 0
0 0
0 0
0 0
0 0
0 0
0 0
0 0
0 0
0 0
0 0
0 0
0 0
0 0
0 0
0 0
0 0
0 0
0 0
0 0
0 0
0 0
0 0
0 0
0 0
0 0
0 0
0 0
0 0
0 0
0 0
0 0
0 0
0 0
0 0
0 0
0 0
0 0
0 0
0 0
0 0
0 0
0 0
0 0
0 0
0 0
0 0
0 0
0 0
0 0
0 0
0 0
0 0
0 0
0 0
0 0
0 0
0 0
0 0
0 0
0 0
0 0
0 0
0 0
0 0
0 0
0 0
0 0
0 0
0 0
0 0
0 0
0 0
0 0
0 0
0 0
0 0
0 0
0 0
0 0
0 0
0 0
0 0
0 0
0 0
0 0
0 0
0 0
0 0
0 0
0 0
0 0
0 0
0 0
0 0
0 0
0 0
0 0
0 0
0 0
0 0
0 0
0 0
0 0
0 0
0 0
0 0
0 0
0 0
0 0
0 0
0 0
0 0
0 0
0 0
0 0
0 0
0 0
264 250
0 0
0 0
0 0
0 0
0 0
0 0
0 0
0 0
0 0
0 0
0 0
0 0
0 0
0 0
0 0
0 0
0 0
0 0
0 0
0 0
0 0
0 0
0 0
0 0
0 0
0 0
0 0
0 0
0 0
0 0
0 0
0 0
0 0
0 0
0 0
0 0
0 0
0 0
0 0
0 0
0 0
0 0
0 0
0 0
0 0
0 0
0 0
0 0
0 0
0 0
0 0
0 0
0 0
0 0
0 0
0 0
0 0
0 0
0 0
0 0
0 0
0 0
0 0
0 0
0 0
0 0
0 0
0 0
0 0
0 0
0 0
0 0
0 0
0 0
0 0
0 0
0 0
0 0
0 0
0 0
0 0
0 0
0 0
0 0
0 0
0 0
0 0
0 0
0 0
0 0
0 0
0 0
0 0
0 0
0 0
0 0
0 0
0 0
0 0
0 0
0 0
0 0
0 0
0 0
0 0
0 0
0 0
0 0
0 0
0 0
0 0
0 0
0 0
0 0
0 0
0 0
0 0
0 0
0 0
0 0
0 0
0 0
0 0
0 0
0 0
0 0
0 0
0 0
0 0
0 0
0 0
0 0
0 0
0 0
0 0
0 0
0 0
0 0
0 0
0 0
0 0
0 0
0 0
0 0
0 0
0 0
0 0
0 0
0 0
0 0
0 0
0 0
0 0
0 0
0 0
0 0
0 0
0 0
0 0
0 0
0 0
0 0
0 0
0 0
0 0
0 0
0 0
0 0
0 0
0 0
0 0
0 0
0 0
0 0
0 0
0 0
0 0
0 0
0 0
0 0
0 0
0 0
0 0
0 0
0 0
0 0
0 0
0 0
0 0
0 0
0 0
0 0
0 0
0 0
0 0
0 0
0 0
0 0
0 0
0 0
0 0
0 0
0 0
0 0
0 0
0 0
0 0
0 0
0 0
0 0
0 0
0 0
0 0
0 0
0 0
0 0
0 0
0 0
0 0
0 0
0 0
0 0
0 0
0 0
0 0
0 0
0 0
0 0
0 0
0 0
0 0
0 0
0 0
0 0
0 0
0 0
0 0
338 339
0 0
0 0
0 0
0 0
0 0
0 0
0 0
0 0
0 0
0 0
0 0
0 0
0 0
0 0
0 0
0 0
0 0
0 0
0 0
0 0
0 0
0 0
0 0
0 0
0 0
0 0
0 0
0 0
0 0
0 0
0 0
0 0
0 0
0 0
0 0
0 0
0 0
0 0
0 0
0 0
0 0
0 0
0 0
0 0
0 0
0 0
0 0
0 0
0 0
0 0
0 0
0 0
0 0
0 0
0 0
0 0
0 0
0 0
0 0
0 0
0 0
0 0
0 0
0 0
0 0
0 0
0 0
0 0
0 0
0 0
0 0
0 0
0 0
0 0
0 0
0 0
0 0
0 0
0 0
0 0
0 0
0 0
0 0
0 0
0 0
0 0
0 0
0 0
0 0
0 0
0 0
0 0
0 0
0 0
0 0
0 0
0 0
0 0
0 0
0 0
0 0
0 0
0 0
0 0
0 0
0 0
0 0
0 0
0 0
0 0
0 0
0 0
0 0
0 0
0 0
0 0
0 0
0 0
0 0
0 0
0 0
0 0
0 0
0 0
0 0
0 0
0 0
0 0
0 0
0 0
0 0
0 0
0 0
0 0
0 0
0 0
0 0
0 0
0 0
0 0
0 0
0 0
0 0
0 0
0 0
0 0
0 0
0 0
0 0
0 0
0 0
0 0
0 0
0 0
0 0
0 0
0 0
0 0
0 0
0 0
0 0
0 0
0 0
0 0
0 0
0 0
0 0
0 0
0 0
0 0
0 0
0 0
0 0
0 0
0 0
0 0
0 0
0 0
0 0
0 0
0 0
0 0
0 0
0 0
0 0
0 0
0 0
0 0
0 0
0 0
0 0
0 0
0 0
0 0
0 0
0 0
0 0
0 0
0 0
0 0
0 0
0 0
0 0
0 0
0 0
0 0
0 0
0 0
0 0
0 0
0 0
0 0
0 0
0 0
0 0
0 0
0 0
0 0
0 0
0 0
0 0
0 0
0 0
0 0
0 0
0 0
0 0
0 0
0 0
0 0
0 0
0 0
0 0
0 0
0 0
0 0
0 0
0 0
0 0
0 0
0 0
0 0
0 0
0 0
0 0
0 0
0 0
0 0
0 0
0 0
0 0
0 0
0 0
0 0
0 0
0 0
0 0
0 0
0 0
0 0
0 0
0 0
0 0
0 0
0 0
0 0
0 0
0 0
0 0
0 0
0 0
0 0
0 0
0 0
0 0
0 0
0 0
0 0
0 0
0 0
0 0
0 0
0 0
0 0
0 0
0 0
0 0
0 0
0 0
0 0
0 0
0 0
0 0
0 0
0 0
0 0
0 0
0 0
0 0
0 0
0 0
0 0
0 0
0 0
0 0
0 0
0 0
0 0
0 0
0 0
0 0
0 0
0 0
0 0
0 0
0 0
0 0
0 0
0 0
0 0
0 0
0 0
0 0
0 0
0 0
0 0
0 0
0 0
0 0
0 0
0 0
0 0
0 0
0 0
0 0
0 0
0 0
0 0
0 0
0 0
0 0
0 0
0 0
0 0
0 0
0 0
0 0
0 0
0 0
0 0
0 0
0 0
0 0
0 0
0 0
0 0
0 0
0 0
0 0
0 0
0 0
0 0
0 0
0 0
0 0
0 0
0 0
0 0
0 0
0 0
0 0
0 0
0 0
0 0
0 0
0 0
0 0
0 0
0 0
0 0
0 0
0 0
0 0
0 0
0 0
0 0
0 0
0 0
0 0
0 0
0 0
0 0
0 0
0 0
0 0
0 0
0 0
0 0
0 0
0 0
0 0
0 0
0 0
0 0
0 0
0 0
0 0
0 0
0 0
0 0
0 0
0 0
0 0
0 0
0 0
0 0
0 0
0 0
0 0
0 0
0 0
0 0
0 0
0 0
0 0
0 0
0 0
0 0
0 0
0 0
0 0
0 0
0 0
0 0
0 0
0 0
0 0
0 0
0 0
0 0
0 0
0 0
0 0
0 0
0 0
0 0
0 0
0 0
0 0
0 0
0 0
0 0
0 0
0 0
0 0
0 0
0 0
0 0
0 0
0 0
0 0
0 0
0 0
0 0
0 0
0 0
0 0
0 0
0 0
0 0
0 0
0 0
0 0
0 0
0 0
0 0
0 0
0 0
0 0
0 0
0 0
0 0
0 0
0 0
0 0
0 0
0 0
0 0
0 0
0 0
0 0
0 0
0 0
0 0
0 0
0 0
0 0
0 0
0 0
0 0
0 0
0 0
0 0
0 0
0 0
0 0
0 0
0 0
0 0
0 0
0 0
0 0
0 0
0 0
0 0
0 0
0 0
0 0
0 0
0 0
0 0
0 0
0 0
0 0
0 0
0 0
0 0
0 0
0 0
0 0
0 0
0 0
0 0
0 0
0 0
0 0
0 0
0 0
0 0
0 0
0 0
0 0
0 0
0 0
0 0
0 0
0 0
0 0
0 0
0 0
0 0
0 0
0 0
0 0
0 0
0 0
0 0
0 0
0 0
0 0
0 0
0 0
0 0
0 0
0 0
0 0
0 0
0 0
0 0
0 0
0 0
0 0
0 0
0 0
0 0
0 0
0 0
0 0
0 0
0 0
0 0
0 0
0 0
0 0
0 0
0 0
0 0
0 0
0 0
0 0
0 0
0 0
0 0
0 0
0 0
0 0
0 0
0 0
0 0
0 0
0 0
0 0
0 0
0 0
0 0
0 0
0 0
0 0
0 0
0 0
0 0
0 0
0 0
0 0
0 0
0 0
0 0
0 0
0 0
0 0
0 0
0 0
0 0
0 0
0 0
0 0
0 0
0 0
0 0
0 0
0 0
0 0
0 0
0 0
0 0
0 0
0 0
0 0
0 0
0 0
0 0
0 0
0 0
0 0
0 0
0 0
0 0
0 0
0 0
0 0
0 0
0 0
0 0
0 0
0 0
0 0
0 0
0 0
0 0
0 0
0 0
0 0
0 0
0 0
0 0
0 0
0 0
0 0
0 0
0 0
0 0
0 0
0 0
0 0
0 0
0 0
0 0
0 0
0 0
0 0
0 0
0 0
0 0
0 0
0 0
0 0
0 0
0 0
0 0
0 0
0 0
579 643
643 264
579 644
644 93
456 645
645 338
456 646
646 483
1473
0 1
452 0
1 2
451 1
1 452
2 3
451 2
2 480
3 4
3 480
4 5
4 480
5 6
5 480
6 7
6 480
7 8
7 480
7 522
8 9
8 522
559 8
9 10
9 558
559 9
10 11
558 10
11 12
11 493
11 558
12 13
15 12
493 12
13 14
15 13
14 15
15 16
15 493
15 494
16 17
494 16
17 18
428 17
429 17
17 494
18 19
18 428
618 18
19 20
19 618
20 21
20 617
20 618
21 22
21 617
22 23
22 617
23 24
615 23
617 23
24 25
615 24
25 26
469 25
615 25
26 27
469 26
27 28
27 469
28 29
28 469
29 30
469 29
29 483
30 31
30 483
31 32
31 414
415 31
483 31
32 33
32 414
623 32
33 34
33 623
34 35
623 34
35 36
35 622
623 35
36 37
622 36
37 38
37 619
622 37
38 39
38 619
621 38
39 40
621 39
40 41
621 40
41 42
595 41
41 621
42 43
42 595
43 44
43 595
44 45
44 594
595 44
45 46
594 45
46 47
476 46
46 594
47 48
476 47
48 49
476 48
49 50
49 476
49 491
50 51
478 50
50 491
51 52
478 51
52 53
52 478
53 54
53 478
53 487
54 55
54 487
55 56
487 55
488 55
56 57
58 56
488 56
57 58
58 59
58 488
59 60
488 59
60 61
60 482
488 60
61 62
482 61
62 63
482 62
63 64
482 63
63 527
64 65
527 64
65 66
65 527
65 529
66 67
66 529
67 68
529 67
68 69
509 68
529 68
69 70
504 69
69 505
509 69
70 71
70 505
71 72
71 505
71 589
72 73
72 589
73 74
73 589
74 75
74 507
589 74
75 76
75 507
76 77
76 468
76 507
77 78
77 468
78 79
468 78
78 511
79 80
511 79
80 81
511 80
590 80
81 82
590 81
82 83
82 141
142 82
590 82
83 84
140 83
83 141
84 85
84 139
84 140
85 86
85 138
139 85
86 87
137 86
138 86
87 88
87 136
137 87
88 89
88 136
89 90
89 135
89 136
90 91
134 90
90 135
91 92
133 91
134 91
92 93
92 131
132 92
92 133
93 94
130 93
93 131
94 95
129 94
130 94
95 96
95 128
129 95
96 97
96 127
96 128
97 98
97 126
127 97
98 99
125 98
126 98
98 479
99 100
99 479
100 101
107 100
479 100
101 102
101 107
102 103
105 102
102 106
107 102
103 104
105 103
104 105
105 106
106 107
107 108
479 107
108 109
120 108
121 108
122 108
108 479
109 110
109 119
120 109
110 111
110 118
110 119
111 112
113 111
118 111
112 113
113 114
115 113
113 118
114 115
115 116
115 117
115 118
116 117
117 118
118 119
119 120
120 121
121 122
122 123
122 479
123 124
123 479
124 125
124 479
125 126
479 125
126 127
127 128
128 129
129 130
130 131
131 132
132 133
133 134
134 135
135 136
136 137
137 138
138 139
139 140
140 141
141 142
142 143
590 142
143 144
590 143
144 145
144 590
145 146
145 511
590 145
146 147
511 146
147 148
511 147
148 149
148 468
511 148
149 150
149 468
149 506
150 151
150 506
151 152
151 506
152 153
500 152
506 152
153 154
153 500
154 155
154 499
154 500
155 156
155 499
584 155
156 157
156 584
157 158
157 584
158 159
158 583
584 158
158 586
159 160
159 586
160 161
586 160
161 162
586 161
587 161
162 163
466 162
162 587
162 588
163 164
163 466
519 163
164 165
166 164
519 164
165 166
166 167
166 519
167 168
167 519
168 169
519 168
169 170
169 518
169 519
520 169
170 171
172 170
520 170
171 172
172 173
520 172
173 174
475 173
173 520
174 175
174 475
175 176
475 175
562 175
176 177
176 178
176 562
177 178
178 179
562 178
179 180
179 562
563 179
180 181
180 563
181 182
183 181
181 563
182 183
183 184
183 495
183 563
184 185
495 184
606 184
185 186
606 185
186 187
186 606
187 188
187 606
188 189
188 191
560 188
606 188
189 190
189 191
190 191
191 192
191 560
192 193
560 192
577 192
193 194
570 193
577 193
194 195
194 566
194 570
195 196
195 564
195 566
196 197
196 564
197 198
564 197
198 199
564 198
199 200
564 199
200 201
200 564
200 565
568 200
201 202
201 568
202 203
202 513
202 568
203 204
513 203
204 205
513 204
204 639
205 206
205 639
206 207
206 638
206 639
207 208
638 207
208 209
638 208
641 208
209 210
641 209
210 211
210 641
210 642
211 212
642 211
212 213
212 642
213 214
274 213
642 213
214 215
214 272
273 214
214 274
215 216
272 215
216 217
271 216
216 272
217 218
269 217
271 217
218 219
218 268
269 218
219 220
219 267
219 268
220 221
220 266
220 267
221 222
265 221
266 221
222 223
264 222
222 265
223 224
263 223
223 264
224 225
224 262
224 263
225 226
261 225
262 225
226 227
226 260
261 226
227 228
227 259
227 260
228 229
228 259
229 230
229 258
259 229
230 231
230 257
230 258
231 232
231 256
231 257
232 233
232 255
256 232
233 234
233 254
233 255
233 472
234 235
234 472
235 236
235 472
236 237
238 236
472 236
237 238
238 239
243 238
238 249
238 472
239 240
242 239
243 239
240 241
240 242
241 242
242 243
243 244
246 243
243 247
243 249
244 245
244 246
245 246
246 247
247 248
247 249
248 249
249 250
472 249
250 251
250 252
253 250
472 250
251 252
252 253
253 254
253 472
254 255
254 472
255 256
256 257
257 258
258 259
259 260
260 261
261 262
262 263
263 264
264 265
265 266
266 267
267 268
268 269
269 270
271 269
270 271
271 272
272 273
273 274
274 275
274 642
275 276
642 275
276 277
276 642
277 278
641 277
642 277
278 279
278 641
279 280
279 638
641 279
280 281
638 280
280 640
281 282
281 640
282 283
640 282
283 284
640 283
284 285
284 471
512 284
640 284
285 286
512 285
286 287
512 286
554 286
287 288
554 287
605 287
288 289
288 553
605 288
289 290
289 553
290 291
290 548
290 553
291 292
291 548
292 293
542 292
292 548
293 294
293 542
294 295
542 294
295 296
297 295
542 295
296 297
297 298
297 542
298 299
542 298
547 298
298 556
299 300
556 299
300 301
300 556
557 300
301 302
301 557
302 303
557 302
303 304
303 557
304 305
557 304
305 306
305 557
600 305
306 307
600 306
306 602
307 308
307 602
308 309
308 602
630 308
309 310
309 630
310 311
310 630
631 310
311 312
631 311
312 313
631 312
313 314
313 631
313 632
314 315
314 632
315 316
315 632
316 317
316 473
316 632
317 318
473 317
624 317
318 319
318 624
319 320
624 319
320 321
624 320
320 625
321 322
625 321
322 323
625 322
323 324
391 323
323 392
323 393
323 625
324 325
391 324
517 324
325 326
517 325
326 327
326 474
326 517
327 328
474 327
328 329
328 474
329 330
329 474
330 331
474 330
330 514
331 332
331 514
332 333
514 332
515 332
333 334
333 515
334 335
515 334
334 516
335 336
335 516
336 337
516 336
337 338
337 379
516 337
338 339
377 338
378 338
338 379
339 340
339 377
339 481
339 525
340 341
340 525
341 342
341 525
342 343
525 342
343 344
343 525
344 345
524 344
344 525
345 346
345 524
346 347
346 524
346 526
347 348
526 347
347 635
348 349
348 634
348 635
637 348
349 350
637 349
350 351
637 350
351 352
637 351
352 353
352 637
353 354
353 355
637 353
354 355
355 356
637 355
356 357
356 637
357 358
357 637
358 359
634 358
637 358
359 360
634 359
359 636
360 361
360 636
361 362
361 363
361 636
362 363
363 364
636 363
364 365
636 364
365 366
367 365
636 365
366 367
367 368
634 367
636 367
368 369
368 634
368 635
369 370
369 635
370 371
370 526
635 370
371 372
524 371
371 526
372 373
524 372
373 374
373 481
524 373
374 375
376 374
374 481
375 376
376 377
481 376
377 378
377 481
378 379
379 380
379 516
380 381
380 516
381 382
381 515
516 381
382 383
515 382
383 384
514 383
515 383
384 385
514 384
385 386
514 385
386 387
474 386
386 514
387 388
387 474
388 389
388 474
389 390
474 389
517 389
390 391
390 517
391 392
391 517
392 393
393 394
625 393
394 395
625 394
395 396
395 625
396 397
396 624
396 625
397 398
397 624
398 399
398 473
624 398
399 400
399 473
400 401
400 473
400 629
401 402
401 629
402 403
402 627
402 629
403 404
593 403
613 403
627 403
404 405
593 404
620 404
405 406
405 620
406 407
620 406
407 408
407 620
408 409
408 619
408 620
409 410
619 409
622 409
410 411
410 622
411 412
411 622
411 623
412 413
412 623
413 414
413 623
414 415
414 623
415 416
415 483
416 417
483 416
417 418
469 417
483 417
418 419
418 469
418 616
419 420
616 419
420 421
420 616
421 422
615 421
421 616
422 423
422 615
617 422
423 424
617 423
424 425
617 424
425 426
617 425
618 425
426 427
426 618
427 428
618 427
428 429
618 428
429 430
429 494
430 431
493 430
430 494
431 432
433 431
431 493
432 433
433 434
433 493
434 435
493 434
435 436
435 493
435 558
436 437
436 558
437 438
558 437
437 559
438 439
559 438
439 440
439 522
559 439
440 441
440 522
440 523
441 442
523 441
442 443
523 442
443 444
443 446
443 523
444 445
446 444
445 446
446 447
523 446
447 448
447 523
448 449
523 448
449 450
449 480
449 523
450 451
450 480
451 452
480 451
570 453
573 453
575 453
453 576
585 453
587 453
497 454
454 502
454 508
579 454
454 580
454 610
455 466
475 455
518 455
561 455
607 455
608 455
533 456
456 536
456 537
456 538
456 539
456 546
457 498
499 457
500 457
501 457
457 504
505 457
589 457
458 531
458 591
592 458
458 596
601 458
459 512
459 513
554 459
459 565
567 459
568 459
497 460
460 499
460 502
460 583
460 584
482 461
489 461
527 461
528 461
461 532
461 533
535 461
462 534
462 550
551 462
555 462
462 603
462 604
462 614
463 467
539 463
463 544
545 463
547 463
556 463
463 598
464 486
490 464
492 464
464 537
540 464
597 465
465 599
465 600
465 601
465 602
465 633
466 518
519 466
588 466
466 608
467 556
467 557
467 598
467 599
467 600
468 506
507 468
468 511
483 469
469 615
616 469
593 470
595 470
470 620
621 470
512 471
513 471
639 471
471 640
624 473
473 629
473 632
514 474
474 517
475 518
520 475
475 561
475 562
491 476
476 531
591 476
594 476
477 503
509 477
528 477
477 529
535 477
477 604
612 477
478 486
487 478
478 490
478 491
522 480
523 480
524 481
481 525
488 482
482 527
532 482
484 486
484 487
484 488
492 484
532 484
490 485
485 491
485 531
485 540
485 596
487 486
490 486
486 492
488 487
488 532
489 492
532 489
533 489
489 537
538 489
491 490
540 490
531 491
492 532
537 492
493 494
558 493
561 495
495 563
606 495
607 495
564 496
496 565
496 566
571 496
578 496
502 497
497 575
580 497
583 497
497 585
499 498
498 502
504 498
508 498
500 499
502 499
584 499
500 501
500 506
506 501
501 507
501 589
508 502
503 504
508 503
509 503
610 503
503 612
504 505
504 508
504 509
505 589
507 506
589 507
508 610
509 529
510 576
577 510
587 510
588 510
608 510
609 510
590 511
513 512
554 512
568 513
513 639
515 514
515 516
518 519
518 520
521 591
592 521
593 521
594 521
521 613
522 523
522 559
524 525
526 524
526 635
527 528
529 527
528 529
535 528
540 530
544 530
530 596
530 597
598 530
531 591
596 531
535 533
536 533
538 533
534 535
536 534
534 546
550 534
604 534
535 536
535 604
546 536
538 537
539 537
540 537
537 544
544 539
545 539
546 539
540 544
540 596
542 541
543 541
545 541
546 541
547 541
548 541
541 549
542 547
542 548
548 543
543 549
543 551
553 543
598 544
545 546
547 545
549 546
550 546
556 547
548 553
549 550
549 551
551 550
553 551
555 551
554 552
555 552
552 567
574 552
552 581
552 605
553 555
553 605
567 554
605 554
555 574
555 605
555 614
556 557
600 557
559 558
560 577
560 606
607 560
609 560
561 562
563 561
607 561
563 562
564 565
564 566
567 565
565 568
578 565
566 570
566 571
573 566
567 578
567 581
571 569
569 572
569 573
569 575
580 569
569 582
573 570
570 576
577 570
572 571
571 573
571 578
574 572
578 572
572 581
582 572
573 575
579 574
581 574
582 574
611 574
614 574
580 575
585 575
577 576
576 587
577 609
581 578
580 579
579 582
610 579
579 611
580 582
583 584
585 583
583 586
586 585
587 585
587 586
587 588
608 588
591 592
591 594
601 592
592 613
592 627
633 592
593 594
593 595
593 613
593 620
595 594
621 595
597 596
601 596
597 598
597 599
601 597
599 598
600 599
602 600
633 601
602 628
602 630
602 633
603 604
603 611
612 603
603 614
612 604
606 607
607 608
607 609
609 608
611 610
612 610
612 611
611 614
613 627
615 616
617 615
617 618
619 620
621 619
619 622
621 620
623 622
625 624
627 626
626 628
626 629
631 626
632 626
627 628
629 627
627 633
630 628
631 628
628 633
632 629
630 631
632 631
635 634
636 634
637 634
639 638
640 638
641 638
639 640
641 642
