789
215 507
210 507
205 507
204 502
203 497
204 492
205 487
207 482
209 477
211 472
212 467
214 462
216 457
216 452
216 447
214 442
212 437
212 432
210 427
209 422
208 417
208 412
209 407
210 402
211 397
212 392
212 387
212 382
210 377
208 372
206 367
204 362
203 357
203 352
202 347
201 342
201 337
201 332
202 327
202 322
203 317
204 312
204 307
203 302
204 297
204 292
204 287
205 282
205 277
205 272
205 267
205 262
205 257
205 252
205 247
205 242
206 237
204 232
202 227
200 222
196 218
193 213
191 208
189 203
188 198
187 193
186 188
185 183
184 178
179 177
175 179
170 179
166 178
161 177
156 176
151 174
146 173
141 170
137 166
132 165
127 165
122 165
118 168
113 169
108 170
103 170
98 169
93 167
89 164
84 162
79 159
74 157
70 154
65 154
61 157
56 159
51 160
46 162
41 164
36 164
31 164
26 163
28 158
31 155
36 154
41 151
36 148
31 146
26 145
21 145
16 146
11 146
7 143
4 139
7 136
12 135
16 133
21 132
26 132
31 132
36 130
41 130
46 129
51 129
56 128
61 128
66 127
71 126
76 126
81 125
86 124
91 123
95 122
100 121
105 121
110 121
115 121
120 122
124 124
129 124
133 122
138 122
143 120
148 117
153 115
158 114
163 113
168 112
172 109
177 107
182 105
187 104
192 103
197 104
202 104
207 103
211 99
216 96
221 93
226 91
230 89
232 84
232 79
232 74
230 69
227 65
224 60
224 55
226 50
231 47
232 42
232 37
232 32
233 27
235 22
238 17
242 14
246 10
251 8
256 8
261 8
266 10
270 14
274 17
277 22
279 27
280 32
280 37
280 42
281 47
286 50
287 55
287 60
285 65
282 69
279 73
280 78
280 83
281 88
285 91
290 93
295 95
300 99
304 102
309 105
314 104
319 103
324 104
329 105
334 106
339 108
344 111
348 113
353 114
358 115
363 117
368 119
373 122
378 122
382 124
387 124
391 122
396 121
401 121
406 121
411 121
416 121
421 122
425 124
430 125
435 126
440 126
445 126
450 128
455 128
460 129
465 129
470 130
475 130
480 132
485 132
490 132
495 133
499 135
504 135
507 138
506 142
502 145
497 146
492 145
487 145
482 146
477 148
472 150
474 153
479 154
483 157
486 162
482 164
477 164
472 164
467 162
462 160
457 160
452 158
448 155
443 154
439 156
434 158
429 161
424 163
420 167
415 169
410 170
405 170
400 170
395 168
391 165
386 165
381 165
376 165
372 169
367 172
362 174
357 176
352 177
347 178
343 179
338 179
334 177
329 177
327 182
327 187
325 192
324 197
323 202
321 207
319 212
316 217
312 221
310 226
307 231
306 236
307 241
307 246
307 251
307 256
307 261
307 266
307 271
307 276
306 281
307 286
308 291
308 296
309 301
308 306
308 311
309 316
310 321
310 326
310 331
311 336
311 341
310 346
310 351
309 356
307 361
306 366
304 371
302 376
300 381
300 386
300 391
300 396
302 401
303 406
303 411
303 416
303 421
302 426
301 431
299 436
298 441
297 446
295 451
296 456
298 461
299 466
300 471
303 476
304 481
307 486
308 491
309 496
309 501
307 506
303 507
298 507
293 507
288 507
283 507
278 507
273 506
272 501
272 496
272 491
273 486
275 481
276 476
277 471
278 466
278 461
278 456
279 451
277 446
276 441
274 436
272 431
271 426
270 421
270 416
269 411
270 406
271 401
272 396
272 391
272 386
272 381
270 376
268 371
268 366
266 361
265 356
264 351
264 346
263 341
263 336
263 331
259 327
254 327
250 329
249 334
249 339
248 344
247 349
247 354
246 359
245 364
243 369
242 374
241 379
240 384
240 389
240 394
241 399
242 404
242 409
242 414
242 419
242 424
240 429
239 434
237 439
235 444
233 449
233 454
233 459
235 464
234 469
235 474
236 479
238 484
239 489
240 494
240 499
239 504
236 507
231 507
226 507
221 507
216 507
237.182 298.364
330.663 142.673
102.088 144.441
256 34.5
255.251 61.7996
255.654 96.3617
126.5 144.427
166.83 145.151
212.972 145.858
255.502 202.699
224.938 334.5
224.722 356.611
384.5 144.451
413.5 143.238
280.423 309.577
287 348.5
257.721 253.5
355.119 149.547
315.828 126.139
151.713 155.287
199.5 127.022
235.603 122.257
283.536 212.514
233.111 223.256
222.577 188.485
282.424 253.5
233.729 269.5
212.166 205.834
225.537 420.907
442.42 139.901
286 367.6
286.121 411
220.413 302
112.043 154.722
402.881 154.596
293.331 301
192 116.19
293.504 180.501
310.137 183.827
276.048 127.587
280.577 109.307
171.285 161.699
341.76 161.12
180.853 131.92
189.286 126.081
178.58 119.628
99.7908 156.626
88.2918 148.149
114.293 142.583
106.606 133.101
121.735 134.644
94.4226 134.818
122.688 154.372
414.883 155.174
425.73 147.869
423.233 136
412.747 132.063
398.781 138.617
432.353 140.279
391.468 153.549
293.922 315.891
270.845 281.161
82.2941 137.315
77.8036 146.878
70.6492 137.683
404.666 145.622
388.808 134.599
403.375 130.247
299.053 308.23
280.352 327.316
279.435 294.088
284.493 318.463
284.391 301.548
259.011 303.167
288.412 278.805
270.903 302.408
267.994 316.177
264.256 291.803
250 292.116
290.098 290.074
280.202 284.261
270.878 325.402
255.862 314.948
246.892 306.239
237.934 283.635
226.686 290.444
215.382 291.789
252.473 271.617
259.126 281.266
248.427 281.525
138.139 152.104
139.721 137.044
131.078 133.22
146.869 145.408
154.684 131.493
167.83 127.972
145.356 129.291
156.805 141.836
172.249 136.848
185.381 149.802
193.254 138.916
204.86 137.424
199.76 151.912
217.51 124.323
215.639 135.175
159.549 123.354
215.028 167.79
190.613 164.191
210.168 157.183
202.666 167.037
207.953 182.095
181.407 159.393
218.312 178.316
254.478 161.258
235.208 167.27
225.192 170.395
234.65 145.597
226.4 156.653
223.777 142.881
231.822 133.792
226.84 125.772
224.55 109.746
211.594 193.692
201.09 200.272
196.378 177.702
198.715 188.991
224.928 433.971
225.017 443.605
456.649 143.223
462.575 150.575
298.34 199.565
306.945 156.539
295.789 122.777
262.094 114.428
253.779 134.773
242.66 137.437
251.092 148.095
269.321 144.84
242.664 157.28
261.282 152.491
279.721 163.818
272.004 155.708
289.726 145.569
282.481 153.464
294.441 157.167
301.309 169.128
289.755 169.563
316.489 168.369
302.58 178.365
321.637 154.451
312.317 141.611
333.012 153.822
342.948 145.907
330.793 165.374
340.896 128.75
338.531 137.734
352.523 136.06
313.58 150.496
301.468 146.138
296.119 135.067
284.617 135.262
305.101 128.677
306.168 116.693
321.867 135.644
328.652 124.662
321.1 115.507
337.352 118.984
351.365 125
368.589 139.961
377.866 134.141
279.362 143.872
359.665 141.679
162.589 155.166
161.22 166.041
354.909 162.801
366.241 156.352
347.486 168.596
377.428 153.558
57.17 142.153
50.9551 149.994
44.9676 140.5
294.96 330.896
300.523 322.973
285.651 337.288
275.836 344.157
277.493 356.418
272.67 334.961
278.009 267.906
265.21 269.552
257.66 263.301
243.6 258.313
292.338 264.418
243.382 268.069
224.861 251.727
244.845 238.843
294.717 252.298
297.094 273.445
232.896 258.817
236.051 247.143
225.102 236.366
248.251 248.835
235.464 233.694
216.376 243.911
217.247 222.566
224.989 227.295
215.42 232.741
225.703 210.861
217.022 213.497
222.048 199.965
239.292 195.008
232.15 202.637
207.087 116.209
214.552 109.555
241.377 106.017
467.07 140.393
284.661 120.02
272.779 117.076
265.653 133.472
258.707 124.916
246.968 125.207
243.33 115.858
318.04 178.041
362.588 129.641
270.073 257.51
234.941 181.479
248.073 174.618
265.844 174.922
279.366 179.236
245.436 185.568
249.314 194.812
258.412 185.56
257.028 170.695
274.414 171.409
285.284 192.732
294.874 190.299
288.246 202.962
271.415 190.767
275.621 202.674
265.558 199.533
252.819 107.553
233.996 112.539
231.405 100.847
242.807 92.7492
253.576 79.1025
251.028 88.164
244.459 69.4874
242.783 80.2071
242.535 55.3675
237.431 63.2538
254.19 48.1104
243.434 43.8236
266.569 42.8306
244.187 31.7091
252.799 21.6559
264.754 25.497
270.068 57.779
261.211 54.4522
272.511 49.3234
265.601 70.6314
266.296 84.3881
270.637 98.4519
262.401 104.32
280.326 99.5582
263.779 92.8669
270.273 33.681
216.041 345.47
213.849 356.131
212.908 333.836
219.778 318.653
233.506 312.819
224.413 310.491
244.258 318.356
233.794 325.467
236.86 337.331
228.601 345.592
235.743 354.298
211.599 324.098
214.094 310.098
286 381.613
279.474 374.607
292.526 374.607
294.67 358.478
298.535 347.57
301.461 338.222
286 396.967
279.859 404.037
281 389.29
291 389.29
292.754 403.926
220.245 276.622
221.239 263.931
215.235 255.509
213.907 282.953
229.789 278.365
311.02 196.779
306.95 208.505
295.587 212.519
304.067 190.747
289.555 229.009
287.474 241.687
269.225 239.098
257.021 240.269
296.043 236.584
277.763 244.522
266.183 248.464
253.035 221.615
244.601 228.166
266.379 214.59
262.138 229.423
275.81 226.841
256.747 212.48
242.643 212.07
275.421 217.385
283.645 221.82
233.969 214.332
299.061 223.138
293.445 110.1
222.013 490.013
229.907 496.707
213.611 496.485
222.646 477.253
223.603 466.633
289.554 490.033
282.098 496.902
298.277 496.277
288.776 477.223
288.5 466.703
225.753 372.865
233.001 364.794
217.172 366.368
226.076 386.937
231.834 379.765
225.709 402.655
220.912 394.68
230.785 394.911
231.411 411.836
219.172 411.721
286.5 426.253
293.092 418.458
279.79 418.788
287 437.72
287 446.77
327.111 150.069
220.75 429.333
288.244 402.667
129.778 146.167
453.333 141.333
789
212.598 498.684
206.299 503.871
202.575 507.378
208.117 501.61
211.768 499.238
216.342 496.259
219.49 494.345
221.73 490.763
222.271 484.603
223.273 473.176
223.568 469.813
224.012 464.714
224.481 459.465
224.316 455.639
225.039 445.51
225.254 438.805
225.369 435.057
225.474 426.169
225.494 422.811
225.29 417.139
225.18 415.83
225.002 414.469
225.164 412.215
225.713 407.254
226.278 402.236
227.032 395.447
227.815 388.005
227.279 379.232
226.619 370.25
225.954 364.075
224.332 360.292
223.111 357.92
222.525 356.797
220.452 352.423
217.581 346.213
215.648 340.296
215.082 338.632
214.362 335.591
215.521 330.139
216.551 324.983
219.138 315.115
220.192 311.035
222.717 303.215
224.463 299.411
226.311 297.075
228.213 294.117
229.573 292.078
231.611 289.262
235.654 283.754
239.396 274.88
240.41 272.052
241.473 266.762
241.541 263.093
242.277 259.862
242.841 257.938
244.78 251.921
245.976 239.78
245.108 222.98
243.085 210.001
239.084 197.245
229.773 188.733
225.184 188.628
218.971 191.01
218.465 191.213
225.211 188.186
228.615 182.693
230.932 173.072
226.343 160.483
208.669 139.785
197.563 133.193
160.626 140.78
157.764 142.778
157.693 142.95
157.423 143.399
157.906 142.96
157.599 141.249
157.272 140.962
156.29 139.929
147.175 139.942
131.466 141.153
119.865 142.19
107.553 143.454
103.113 147.028
102.804 149.603
102.889 148.635
102.46 152.76
102.481 152.469
102.676 149.683
101.01 144.643
96.7859 142.941
89.5637 141.08
81.9614 139.861
70.6459 138.184
58.0597 141.332
51.5062 143.214
49.9947 144.296
49.2176 145.854
46.6695 149.645
38.8026 161.359
36.1506 161.723
29.6893 160.139
26.2008 162.493
29.6017 160.193
28.248 161.374
32.7867 161.569
50.2982 143.998
42.8287 141.063
40.6744 140.208
15.4907 138.598
18.1801 138.61
13.2875 140.536
11.2985 140.624
6.22604 139.289
4.33051 138.793
7.07493 139.51
9.39389 139.968
16.8227 139.147
20.3969 137.728
24.8723 135.861
32.1528 136.822
39.6026 139.784
41.9763 140.728
46.9321 142.703
50.3794 142.839
53.8998 142.55
62.5402 140.032
65.6643 139.124
69.9739 138.275
76.3493 139.121
84.2971 140.104
90.3428 141.225
95.5249 142.174
97.4977 142.609
99.431 143.128
101.548 143.704
104.54 143.701
105.874 143.561
109.873 143.149
114.717 142.662
127.778 141.472
134.392 140.887
137.621 140.603
151.228 139.386
157.143 138.817
158.81 138.267
159.873 138.021
165.948 136.606
175.498 133.528
182.871 130.887
183.506 129.834
183.868 129.484
183.101 128.187
183.572 128.89
190.058 130.933
202.658 132.089
220.375 132.185
232.147 130.455
238.182 128.825
242.645 125.016
247.985 120.04
251.446 108.993
253.587 89.7514
253.727 72.2783
253.932 58.7661
251.3 53.5028
234.685 56.0211
225.297 57.443
231.534 56.4974
231.791 56.456
244.894 47.3154
255.044 42.8771
256.049 29.1758
256.249 26.376
256.33 25.1266
256.37 24.1817
256.445 22.5792
256.318 20.8837
255.822 17.5688
255.761 17.1539
255.738 16.9788
255.791 17.3197
255.946 18.243
256.353 22.7475
256.429 23.7153
256.484 24.9985
256.361 26.37
256.27 27.2574
255.889 32.4446
255.182 41.9014
264.895 51.0146
278.017 55.7421
266.127 51.5207
278.131 55.7871
273.379 54.1083
261.901 50.0509
254.563 55.6642
253.735 71.3522
253.542 86.2424
254.246 105.609
262.718 120.462
271.52 127.664
273.34 129.173
277.633 132.984
289.072 135.421
310.266 137.133
325.251 133.289
332.294 130.38
332.656 129.881
332.048 130.746
332.385 131.488
333.378 132.169
336.161 133.788
338.861 134.822
347.039 137.956
350.2 138.98
351.752 139.464
357.6 141.279
368.449 141.407
376.271 141.448
383.909 141.483
397.279 141.532
402.242 141.458
406.484 141.4
407.771 141.384
410.552 141.247
412.947 141.027
414.663 140.559
415.151 140.409
417.469 139.729
424.116 139.231
437.203 138.467
441.292 138.234
445.295 138.208
453.266 140.91
456.238 141.897
461.187 143.18
464.446 143.356
469.144 141.359
471.42 140.333
471.566 140.287
485.869 136.969
490.403 137.696
494.253 138.653
501.155 140.213
504.661 139.456
506.221 138.968
503.265 139.755
501.157 140.282
498.874 140.602
494.221 138.64
496.008 139.061
479.982 136.752
470.959 140.541
462.243 144.454
473.5 158.537
478.044 160.32
483.845 161.668
485.577 162.071
482.841 161.435
477.238 159.905
473.551 158.82
469.476 156.696
463.688 146.899
462.63 145.109
461.314 143.567
456.25 141.901
444.936 138.107
427.974 139.012
422.991 139.303
414.958 140.55
409.837 141.904
409.61 151.56
409.756 154.36
409.765 154.562
409.756 154.445
409.669 152.756
409.542 150.642
405.67 141.84
394.261 141.521
384.103 141.483
368.4 141.443
357.307 141.399
354.101 141.359
352.963 141.928
353.643 142.492
353.942 145.73
354.617 151.66
354.3 148.884
353.198 142.796
341.338 139.104
315.799 140.854
293.726 159.549
290.725 171.167
289.49 175.584
287.708 188.875
291.081 191.289
291.211 191.586
291.154 191.929
287.804 190.912
281.473 198.098
275.701 205.792
270.417 220.158
266.245 237.7
266.376 247.48
266.465 250.341
266.728 258.713
267.519 262.832
268.006 264.872
269.778 270.955
270.948 273.855
271.32 275.688
272.108 280.724
276.115 288.129
280.798 294.37
284.528 299.15
287.121 302.447
289.317 306.153
292.668 312.979
295.77 319.429
295.733 324.765
295.89 328.476
296.202 334.62
296.306 339.998
295.795 341.734
294.948 343.582
292.5 348.878
291.087 351.428
288.724 355.702
287.421 360.441
286.988 362.757
285.495 370.55
285.057 379.522
285.301 386.542
285.554 393.134
285.64 394.467
286.245 407.365
286.269 409.604
286.32 413.798
286.353 416.483
286.38 419.531
286.385 422.631
286.423 426.618
286.525 432.598
286.641 439.137
286.735 443.951
286.947 450.866
287.15 457.332
287.633 463.153
287.991 467.406
288.767 476.143
289.47 484.015
290.014 490.025
292.631 492.414
295.24 494.627
297.82 496.653
304.624 502
309.329 505.705
300.634 498.865
298.74 497.376
292.276 493.344
289.576 493.091
283.728 495.951
281.04 498.255
272.306 506.279
275.936 502.21
282.575 496.878
287.321 493.021
289.477 492.827
289.814 487.772
289.176 480.759
288.523 473.39
287.852 465.806
287.426 460.656
287.085 456.541
286.911 450.695
286.736 443.995
286.622 438.231
286.503 431.317
286.418 426.314
286.386 422.652
286.38 419.349
286.343 415.734
286.317 413.543
286.275 410.051
286.182 406.06
285.848 399.544
285.53 392.632
285.294 386.409
285.035 378.839
285.157 371.774
285.908 368.496
286.329 366.148
287.602 359.001
288.459 356.355
289.944 353.808
291.819 350.495
293.785 345.996
295.997 339.496
294.96 318.46
271.286 288.467
245.46 279.316
224.402 303.512
217.197 328.263
215.568 342.622
218.169 347.701
219.574 350.638
223.4 358.624
224.328 360.348
225.298 362.175
226.361 365.528
226.755 371.494
227.127 376.66
227.467 383.072
227.781 389.739
226.88 396.912
226.143 403.401
225.492 409.205
225.297 410.952
225.156 415.073
225.426 418.746
225.506 421.473
225.469 427.858
225.457 430.343
225.368 435.111
225.197 440.683
224.957 447.849
224.731 454.397
224.434 460.196
224.129 463.54
223.711 468.183
222.93 477.09
222.198 485.428
221.653 491.624
223.081 492.318
227.354 495.695
230.027 497.846
237.666 503.992
232.463 499.806
231.902 499.354
223.232 493.009
219.814 494.563
213.064 498.38
233.227 289.335
335.449 136.557
100.879 144.079
256.102 25.4363
253.939 51.5602
253.85 100.546
120.826 142.097
165.638 137.559
217.468 137.704
259.313 205.416
215 338.095
223.413 358.646
395.001 141.502
412.642 141.163
285.445 301.364
291.788 350.558
260.444 240
354.601 140.899
321.919 134.569
194.667 144.889
201.163 132.491
243.277 126.87
273.286 206.198
245.681 220.577
229.679 184.888
265.459 259.058
241.308 272.11
231.595 188.934
232.889 304.889
444.95 138.116
286.137 367.25
286.304 412.547
227.065 295.829
102.286 146.559
409.031 142.329
287.823 304.831
186.064 129.911
285.254 169.677
289.565 173.012
271.016 131.899
267.151 125.399
165.65 137.37
345.601 139.114
181.546 131.699
186.968 131.186
182.818 130.986
102.946 145.45
96.5573 142.537
107.445 143.374
101.432 143.944
108.23 143.307
97.8327 142.726
110.541 143.124
409.428 142.026
415.279 140.422
418.722 139.561
414.027 140.747
407.071 141.459
438.634 138.435
442.096 147.479
295.106 317.498
266.338 274.449
62.2222 141.333
85.3148 140.401
62.173 140.227
408.897 141.783
399.66 141.496
408.197 141.351
291.329 310.248
295.608 327.468
275.418 287.789
294.373 315.332
282.928 297.153
257.765 279.535
270.646 275.868
274.693 287.552
282.564 300.066
262.731 278.725
244.001 282.068
275.884 288.176
271.304 281.647
291.251 310.849
255.597 280.307
240.249 286.023
238.762 281.669
231.932 289.546
228.992 292.988
252.123 270.572
257.106 275.151
247.871 276.397
123.059 141.962
139.62 140.426
132.904 141.019
147.513 139.843
155.971 139.063
169.343 135.385
149.689 139.559
156.604 138.971
169.79 135.498
182.188 132.575
192.753 132.664
206.297 134.044
206.082 134.815
224.35 132.505
221.434 134.447
159.508 138.11
226.489 152.654
212.689 134.713
218.641 142.554
222.625 148.43
231.723 165.961
180.426 133.828
232.579 165.252
256.607 153.783
237.333 158.06
234.003 158.515
235.296 136.307
232.054 146.783
227.748 137.862
236.946 133.648
238.032 129.808
240.63 126.841
232.478 182.146
225.255 186.247
231.531 145.236
232.031 178.535
225.427 431.213
225.041 445.375
473.761 149.081
462.797 145.477
285.264 189.347
303.871 142.465
291.77 136.449
257.41 118.243
254.669 131.714
251.08 124.634
257.785 143.923
269.148 140.434
254.545 147.732
262.48 145.933
279.177 155.46
277.387 147.872
289.417 141.999
282.324 146.884
290.994 144.704
293.62 154.146
289.841 156.435
309.417 141.309
290.275 159.43
322.642 138.05
321.619 136.478
336.317 137.045
345.62 138.418
391.111 144
340.848 135.788
344.23 137.854
351.828 139.774
314.815 139.106
301.759 140.481
293.789 137.603
282.154 137.6
307.409 137.854
287.868 139.743
324.336 134.705
332.107 133.09
325.23 134.558
333.077 132.9
344.795 137.056
371.463 141.429
374.703 141.439
280.357 139.28
358.629 141.426
159.971 139.531
157.946 142.229
353.356 141.491
358.864 141.413
354.632 145.229
375.682 141.45
33.6287 150.884
50.1909 143.91
45.0638 141.955
295.987 330.279
295.81 326.765
296.286 339.875
293.665 346.259
288.181 356.899
295.93 333.129
263.451 269.619
260.687 269.261
255.968 264.628
245.214 260.808
269.862 271.054
244.133 275.864
243.929 255.773
250.994 242.194
266.052 259.128
271.084 274.63
244.236 264.001
246.635 254.096
246.673 239.994
251.63 252.671
248.405 236.322
244.806 251.969
244.412 217.444
246.541 225.5
247.445 237.216
240.773 199.349
240.14 199.077
234.244 188.914
249.852 188.832
241.916 197.172
206.595 132.444
225.081 131.632
251.289 114.9
467.785 141.941
275.673 132.959
266.515 124.572
277.553 137.424
257.281 121.615
246.883 126.156
249.887 120.282
294.329 157.835
356.563 141.145
264.177 259.979
259.053 179.241
262.222 155.556
266.785 167.483
282.301 161.885
250.024 178.532
253.266 189.491
279.268 174.96
259.123 163.144
276.709 159.441
285.712 186.902
287.927 177.292
279.077 194.84
270.194 184.742
268.26 196.322
265.106 195.185
253.173 112.568
246.031 123.468
248.4 122.033
252.622 103.966
253.79 69.3067
253.58 88.8852
253.939 58.2361
253.701 73.9644
253.672 51.6893
251.973 53.4018
254.898 45.2785
255.569 45.5879
255.09 41.3116
256.18 27.1914
256.413 21.9592
256.18 20.5619
256.054 48.2347
255.412 48.3354
256.626 48.0284
254.302 56.9602
253.637 79.1233
261.333 57.7778
254.078 111.275
267.113 124.058
253.916 97.0711
256.249 27.4772
219.344 350.095
223.567 358.809
214.337 336.268
218.882 316.145
224.764 301.03
222.397 304.226
228.592 294.884
217.366 322.188
216.109 333.985
218.676 348.798
220.583 352.66
215.996 327.746
220.677 309.864
285.119 381.569
285.107 372.653
288.889 308.444
290.686 352.9
291.921 349.902
296.264 340.299
285.851 399.603
286.238 407.196
285.438 390.596
285.205 383.731
286.264 410.1
237.253 281.962
240.464 271.402
242.26 260.335
231.763 289.078
238.225 281.056
287.824 190.121
289.295 191.206
275.872 203.347
287.59 181.511
268.202 226.107
264.536 247.043
262.039 241.98
247.919 250.398
263.73 243.812
263.884 248.661
260.54 252.035
255.663 221.771
251.18 230.807
260.869 211.689
259.744 230.723
267.653 220.827
258.144 210.77
244.387 206.079
267.704 214.289
268.358 215.588
246.038 209.836
271.002 215.903
279.675 132
217.816 497.194
223.362 492.814
211.148 500.227
223.466 470.995
223.765 467.6
287.001 496.188
288.496 493.029
296.704 496.019
289.17 480.639
288.559 473.674
227.073 376.341
219.725 346.216
225.896 363.653
227.44 382.557
227.045 375.977
226.021 404.477
226.16 403.269
226.867 397.014
225.272 411.665
225.006 414.057
286.36 419.009
286.376 418.371
286.327 414.524
288 499.556
286.889 449.264
324.444 144.889
227.556 394.667
288.889 394.667
125.333 143.111
455.111 142.222
1916
0 0
0 0
0 0
0 0
0 0
0 0
0 0
0 0
0 0
0 0
0 0
0 0
0 0
0 0
0 0
0 0
0 0
0 0
0 0
0 0
0 0
0 0
0 0
0 0
0 0
0 0
0 0
0 0
0 0
0 0
0 0
0 0
0 0
0 0
0 0
0 0
0 0
0 0
0 0
0 0
0 0
0 0
0 0
0 0
0 0
0 0
0 0
0 0
0 0
0 0
0 0
0 0
0 0
0 0
0 0
0 0
0 0
0 0
0 0
0 0
0 0
0 0
0 0
0 0
0 0
0 0
0 0
0 0
0 0
0 0
0 0
0 0
0 0
0 0
0 0
0 0
0 0
0 0
0 0
0 0
0 0
0 0
0 0
0 0
0 0
0 0
0 0
0 0
0 0
0 0
0 0
0 0
0 0
0 0
0 0
0 0
0 0
0 0
0 0
0 0
0 0
0 0
0 0
0 0
0 0
0 0
0 0
0 0
0 0
0 0
0 0
0 0
0 0
0 0
0 0
0 0
0 0
470 458
0 0
0 0
0 0
0 0
0 0
0 0
0 0
0 0
0 0
0 0
0 0
0 0
0 0
0 0
0 0
0 0
0 0
0 0
0 0
0 0
0 0
0 0
0 0
0 0
0 0
0 0
0 0
0 0
0 0
458 667
0 0
0 0
0 0
0 0
0 0
0 0
0 0
0 0
0 0
0 0
0 0
0 0
0 0
0 0
0 0
0 0
0 0
667 461
0 0
0 0
0 0
0 0
0 0
0 0
0 0
0 0
0 0
0 0
0 0
0 0
0 0
0 0
0 0
0 0
0 0
0 0
0 0
0 0
0 0
0 0
0 0
0 0
0 0
0 0
0 0
0 0
0 0
0 0
0 0
0 0
0 0
0 0
0 0
0 0
0 0
0 0
0 0
0 0
0 0
0 0
0 0
0 0
0 0
0 0
0 0
0 0
0 0
0 0
0 0
0 0
0 0
0 0
0 0
0 0
0 0
0 0
0 0
0 0
0 0
0 0
0 0
0 0
0 0
0 0
0 0
0 0
0 0
0 0
0 0
0 0
0 0
0 0
0 0
0 0
0 0
0 0
0 0
0 0
0 0
0 0
0 0
0 0
0 0
0 0
0 0
0 0
0 0
0 0
0 0
0 0
0 0
0 0
0 0
0 0
0 0
0 0
0 0
0 0
0 0
0 0
0 0
0 0
0 0
0 0
0 0
0 0
0 0
0 0
0 0
0 0
0 0
0 0
0 0
0 0
0 0
0 0
0 0
0 0
0 0
0 0
0 0
0 0
0 0
0 0
0 0
0 0
0 0
0 0
0 0
0 0
0 0
0 0
0 0
0 0
0 0
0 0
0 0
0 0
0 0
0 0
0 0
0 0
0 0
0 0
0 0
0 0
0 0
0 0
0 0
0 0
0 0
0 0
0 0
0 0
0 0
0 0
0 0
0 0
0 0
0 0
0 0
0 0
0 0
0 0
0 0
0 0
0 0
0 0
0 0
0 0
0 0
0 0
0 0
0 0
0 0
0 0
0 0
0 0
0 0
0 0
0 0
0 0
0 0
0 0
0 0
0 0
0 0
0 0
0 0
0 0
0 0
0 0
0 0
0 0
0 0
0 0
0 0
0 0
0 0
0 0
0 0
0 0
0 0
0 0
0 0
0 0
0 0
0 0
0 0
0 0
0 0
0 0
0 0
0 0
0 0
0 0
667 702
0 0
0 0
0 0
0 0
0 0
0 0
0 0
0 0
0 0
0 0
0 0
0 0
0 0
0 0
0 0
0 0
0 0
0 0
0 0
0 0
0 0
0 0
0 0
0 0
0 0
0 0
0 0
0 0
0 0
0 0
0 0
0 0
0 0
0 0
0 0
0 0
0 0
0 0
0 0
0 0
0 0
0 0
0 0
0 0
0 0
0 0
0 0
0 0
0 0
0 0
0 0
0 0
0 0
0 0
0 0
0 0
0 0
0 0
0 0
0 0
0 0
0 0
0 0
0 0
0 0
0 0
0 0
0 0
0 0
0 0
0 0
0 0
0 0
0 0
0 0
0 0
0 0
0 0
0 0
0 0
0 0
0 0
0 0
0 0
0 0
0 0
0 0
0 0
0 0
0 0
0 0
0 0
0 0
0 0
0 0
0 0
0 0
0 0
0 0
0 0
0 0
0 0
0 0
0 0
0 0
0 0
0 0
0 0
0 0
0 0
0 0
0 0
0 0
0 0
0 0
0 0
0 0
0 0
0 0
0 0
0 0
0 0
0 0
0 0
0 0
0 0
0 0
0 0
0 0
0 0
0 0
0 0
0 0
0 0
0 0
0 0
0 0
0 0
0 0
0 0
0 0
0 0
0 0
0 0
0 0
0 0
0 0
0 0
0 0
0 0
0 0
0 0
0 0
0 0
0 0
0 0
0 0
0 0
0 0
0 0
0 0
0 0
0 0
0 0
0 0
0 0
0 0
0 0
0 0
0 0
0 0
0 0
0 0
0 0
0 0
0 0
0 0
0 0
0 0
0 0
0 0
0 0
0 0
0 0
0 0
0 0
0 0
0 0
0 0
0 0
0 0
0 0
0 0
0 0
0 0
0 0
0 0
0 0
0 0
0 0
0 0
0 0
0 0
0 0
0 0
0 0
0 0
0 0
0 0
0 0
0 0
0 0
0 0
0 0
0 0
0 0
0 0
0 0
0 0
0 0
0 0
0 0
0 0
0 0
0 0
0 0
0 0
0 0
0 0
0 0
0 0
0 0
0 0
0 0
0 0
0 0
0 0
0 0
0 0
0 0
0 0
0 0
0 0
0 0
0 0
0 0
0 0
0 0
0 0
0 0
0 0
0 0
0 0
0 0
0 0
0 0
0 0
0 0
0 0
0 0
0 0
0 0
0 0
0 0
0 0
0 0
0 0
0 0
0 0
0 0
0 0
0 0
0 0
0 0
0 0
0 0
0 0
0 0
0 0
0 0
0 0
0 0
0 0
0 0
0 0
0 0
0 0
0 0
0 0
0 0
0 0
0 0
0 0
0 0
0 0
0 0
0 0
0 0
0 0
0 0
0 0
0 0
0 0
0 0
0 0
0 0
0 0
0 0
0 0
0 0
0 0
0 0
0 0
0 0
0 0
0 0
0 0
0 0
0 0
0 0
0 0
0 0
0 0
0 0
0 0
0 0
0 0
0 0
0 0
0 0
0 0
0 0
0 0
0 0
0 0
0 0
0 0
0 0
0 0
0 0
0 0
0 0
0 0
0 0
0 0
0 0
0 0
0 0
0 0
0 0
0 0
0 0
0 0
0 0
0 0
0 0
0 0
0 0
458 722
0 0
0 0
0 0
0 0
0 0
0 0
0 0
0 0
0 0
0 0
0 0
0 0
0 0
0 0
0 0
0 0
0 0
0 0
0 0
0 0
0 0
0 0
0 0
0 0
0 0
0 0
0 0
0 0
0 0
0 0
0 0
0 0
0 0
0 0
0 0
0 0
0 0
0 0
0 0
0 0
0 0
0 0
0 0
0 0
0 0
0 0
0 0
0 0
0 0
0 0
0 0
0 0
0 0
0 0
0 0
0 0
0 0
0 0
0 0
0 0
0 0
0 0
0 0
0 0
0 0
0 0
0 0
0 0
0 0
0 0
0 0
0 0
0 0
0 0
0 0
0 0
0 0
0 0
0 0
0 0
0 0
0 0
0 0
0 0
0 0
0 0
0 0
0 0
0 0
0 0
0 0
0 0
0 0
0 0
0 0
0 0
0 0
0 0
0 0
0 0
0 0
0 0
0 0
0 0
0 0
0 0
0 0
0 0
0 0
0 0
0 0
0 0
0 0
0 0
0 0
0 0
0 0
0 0
0 0
0 0
0 0
0 0
0 0
0 0
0 0
0 0
0 0
0 0
0 0
0 0
0 0
0 0
0 0
0 0
0 0
0 0
0 0
0 0
0 0
0 0
0 0
0 0
0 0
0 0
0 0
0 0
0 0
0 0
0 0
0 0
0 0
0 0
0 0
0 0
0 0
0 0
0 0
0 0
0 0
0 0
0 0
0 0
0 0
0 0
0 0
0 0
0 0
0 0
0 0
0 0
0 0
0 0
0 0
0 0
0 0
0 0
0 0
0 0
0 0
0 0
0 0
0 0
0 0
0 0
0 0
0 0
0 0
0 0
0 0
0 0
0 0
0 0
0 0
0 0
0 0
0 0
0 0
0 0
0 0
0 0
0 0
0 0
0 0
0 0
0 0
0 0
0 0
0 0
0 0
0 0
0 0
0 0
0 0
0 0
0 0
0 0
0 0
0 0
0 0
0 0
0 0
0 0
0 0
0 0
0 0
0 0
0 0
0 0
0 0
0 0
0 0
0 0
0 0
0 0
0 0
0 0
0 0
0 0
0 0
0 0
0 0
0 0
0 0
0 0
0 0
0 0
0 0
0 0
0 0
0 0
0 0
0 0
0 0
0 0
0 0
0 0
0 0
0 0
0 0
0 0
0 0
0 0
0 0
0 0
0 0
0 0
0 0
0 0
0 0
0 0
0 0
0 0
0 0
0 0
0 0
0 0
0 0
0 0
0 0
0 0
0 0
0 0
0 0
0 0
0 0
0 0
0 0
0 0
0 0
0 0
0 0
0 0
0 0
0 0
0 0
0 0
0 0
0 0
0 0
0 0
0 0
0 0
0 0
0 0
0 0
0 0
0 0
0 0
0 0
0 0
0 0
0 0
0 0
0 0
0 0
0 0
0 0
0 0
0 0
0 0
0 0
0 0
0 0
0 0
0 0
0 0
0 0
0 0
0 0
0 0
0 0
0 0
0 0
0 0
0 0
0 0
0 0
0 0
0 0
0 0
0 0
0 0
0 0
0 0
0 0
0 0
0 0
0 0
0 0
0 0
0 0
0 0
0 0
0 0
0 0
0 0
0 0
0 0
0 0
0 0
0 0
0 0
0 0
0 0
0 0
0 0
0 0
0 0
0 0
0 0
0 0
0 0
0 0
0 0
0 0
0 0
0 0
0 0
0 0
0 0
0 0
0 0
0 0
0 0
0 0
0 0
0 0
0 0
0 0
0 0
0 0
0 0
0 0
0 0
0 0
0 0
0 0
0 0
0 0
0 0
0 0
0 0
0 0
0 0
0 0
0 0
0 0
0 0
0 0
0 0
0 0
0 0
0 0
0 0
0 0
0 0
0 0
0 0
0 0
0 0
0 0
0 0
0 0
0 0
0 0
0 0
0 0
0 0
0 0
0 0
0 0
0 0
0 0
0 0
0 0
0 0
0 0
0 0
0 0
0 0
0 0
0 0
0 0
0 0
0 0
0 0
0 0
0 0
0 0
0 0
0 0
0 0
0 0
0 0
0 0
0 0
0 0
0 0
0 0
0 0
0 0
0 0
0 0
0 0
0 0
0 0
0 0
0 0
0 0
0 0
0 0
0 0
0 0
0 0
0 0
0 0
0 0
0 0
0 0
0 0
0 0
0 0
0 0
0 0
0 0
0 0
0 0
0 0
0 0
0 0
0 0
0 0
0 0
0 0
0 0
0 0
0 0
0 0
0 0
0 0
0 0
0 0
0 0
0 0
0 0
0 0
0 0
0 0
0 0
0 0
0 0
0 0
0 0
0 0
0 0
0 0
0 0
0 0
0 0
0 0
0 0
0 0
0 0
0 0
0 0
0 0
0 0
0 0
0 0
0 0
0 0
0 0
0 0
0 0
0 0
0 0
0 0
0 0
0 0
0 0
0 0
0 0
0 0
0 0
0 0
0 0
0 0
0 0
0 0
0 0
0 0
0 0
0 0
0 0
0 0
0 0
0 0
0 0
0 0
0 0
0 0
0 0
0 0
0 0
0 0
0 0
0 0
0 0
0 0
0 0
0 0
0 0
0 0
0 0
0 0
0 0
0 0
0 0
0 0
0 0
0 0
0 0
0 0
0 0
0 0
0 0
0 0
0 0
0 0
0 0
0 0
0 0
0 0
0 0
0 0
0 0
0 0
0 0
0 0
0 0
0 0
0 0
0 0
0 0
0 0
0 0
0 0
0 0
0 0
0 0
0 0
0 0
0 0
0 0
0 0
0 0
0 0
0 0
0 0
0 0
0 0
0 0
0 0
0 0
0 0
0 0
0 0
0 0
0 0
0 0
0 0
0 0
0 0
0 0
0 0
0 0
0 0
0 0
0 0
0 0
0 0
0 0
0 0
0 0
0 0
0 0
0 0
0 0
0 0
0 0
0 0
0 0
0 0
0 0
0 0
0 0
0 0
0 0
0 0
0 0
0 0
0 0
0 0
0 0
0 0
0 0
0 0
0 0
0 0
0 0
0 0
0 0
0 0
0 0
0 0
0 0
0 0
0 0
0 0
0 0
0 0
0 0
0 0
0 0
0 0
0 0
0 0
0 0
0 0
0 0
0 0
0 0
0 0
0 0
0 0
0 0
0 0
0 0
0 0
0 0
0 0
0 0
0 0
0 0
0 0
0 0
0 0
0 0
0 0
0 0
0 0
0 0
0 0
0 0
0 0
0 0
0 0
0 0
0 0
0 0
0 0
0 0
0 0
0 0
0 0
0 0
0 0
0 0
0 0
0 0
0 0
0 0
0 0
0 0
0 0
0 0
0 0
0 0
0 0
0 0
0 0
0 0
0 0
0 0
0 0
0 0
0 0
0 0
0 0
0 0
0 0
0 0
0 0
0 0
0 0
0 0
0 0
0 0
0 0
0 0
0 0
0 0
0 0
0 0
0 0
0 0
0 0
0 0
0 0
0 0
0 0
0 0
0 0
0 0
0 0
0 0
0 0
0 0
0 0
0 0
0 0
0 0
0 0
0 0
0 0
0 0
0 0
0 0
0 0
0 0
0 0
0 0
0 0
0 0
0 0
0 0
0 0
0 0
0 0
0 0
0 0
0 0
0 0
0 0
0 0
0 0
0 0
0 0
0 0
0 0
0 0
0 0
0 0
0 0
0 0
0 0
0 0
0 0
0 0
0 0
0 0
0 0
0 0
0 0
0 0
0 0
0 0
0 0
0 0
0 0
0 0
0 0
0 0
0 0
0 0
0 0
0 0
0 0
0 0
0 0
0 0
0 0
0 0
0 0
0 0
0 0
0 0
0 0
0 0
0 0
0 0
0 0
0 0
0 0
0 0
0 0
0 0
0 0
0 0
0 0
0 0
0 0
0 0
0 0
0 0
0 0
0 0
0 0
0 0
0 0
0 0
0 0
0 0
0 0
0 0
0 0
0 0
0 0
0 0
0 0
0 0
0 0
0 0
0 0
0 0
0 0
0 0
0 0
0 0
0 0
0 0
0 0
0 0
0 0
0 0
0 0
0 0
0 0
0 0
0 0
0 0
0 0
0 0
0 0
0 0
0 0
0 0
0 0
0 0
0 0
0 0
0 0
0 0
0 0
0 0
0 0
0 0
0 0
0 0
0 0
0 0
0 0
0 0
0 0
0 0
0 0
0 0
0 0
0 0
0 0
0 0
0 0
0 0
0 0
0 0
0 0
0 0
0 0
0 0
0 0
0 0
0 0
0 0
0 0
0 0
0 0
0 0
0 0
0 0
0 0
0 0
0 0
0 0
0 0
0 0
0 0
0 0
0 0
0 0
0 0
0 0
0 0
0 0
0 0
0 0
0 0
0 0
0 0
0 0
0 0
0 0
0 0
0 0
0 0
0 0
0 0
0 0
0 0
0 0
0 0
0 0
0 0
0 0
0 0
0 0
0 0
0 0
0 0
0 0
0 0
0 0
0 0
0 0
0 0
0 0
0 0
0 0
0 0
0 0
0 0
0 0
0 0
0 0
0 0
0 0
0 0
0 0
0 0
0 0
0 0
0 0
0 0
0 0
0 0
0 0
0 0
0 0
0 0
0 0
0 0
0 0
0 0
0 0
0 0
0 0
0 0
0 0
0 0
0 0
0 0
0 0
0 0
0 0
0 0
0 0
0 0
0 0
0 0
0 0
0 0
0 0
0 0
0 0
0 0
0 0
0 0
0 0
0 0
0 0
0 0
0 0
0 0
0 0
0 0
0 0
0 0
0 0
0 0
0 0
0 0
0 0
0 0
0 0
0 0
0 0
0 0
0 0
0 0
0 0
0 0
0 0
0 0
0 0
0 0
0 0
0 0
0 0
0 0
0 0
0 0
0 0
0 0
0 0
0 0
0 0
0 0
0 0
0 0
0 0
0 0
0 0
0 0
0 0
0 0
0 0
0 0
0 0
0 0
0 0
0 0
0 0
0 0
0 0
0 0
0 0
0 0
0 0
0 0
0 0
0 0
0 0
0 0
0 0
0 0
0 0
0 0
0 0
0 0
0 0
0 0
0 0
0 0
0 0
0 0
0 0
0 0
0 0
0 0
0 0
0 0
0 0
0 0
0 0
0 0
0 0
0 0
0 0
0 0
0 0
0 0
0 0
0 0
0 0
0 0
0 0
0 0
0 0
0 0
0 0
0 0
0 0
0 0
0 0
0 0
0 0
0 0
0 0
0 0
0 0
0 0
0 0
0 0
0 0
667 784
784 595
470 785
785 759
722 786
786 782
504 787
787 461
595 788
1907
0 1
441 0
0 761
1 2
3 1
761 1
2 3
3 4
3 761
4 5
761 4
5 6
5 761
6 7
759 6
761 6
7 8
7 759
762 7
8 9
8 762
9 10
762 9
9 763
10 11
10 763
11 12
11 763
12 13
12 426
427 12
12 763
13 14
426 13
569 13
14 15
569 14
15 16
15 568
15 569
16 17
16 568
17 18
17 470
568 17
18 19
18 470
19 20
19 470
19 778
20 21
20 778
21 22
778 21
22 23
778 22
23 24
774 23
775 23
778 23
24 25
24 775
25 26
25 775
26 27
26 772
775 26
27 28
27 769
772 27
28 29
28 769
771 28
29 30
771 29
30 31
708 30
771 30
31 32
31 708
32 33
32 708
33 34
707 33
708 33
34 35
707 34
35 36
707 35
35 709
36 37
709 36
37 38
709 37
38 39
38 709
718 38
39 40
718 39
40 41
718 40
719 40
41 42
41 719
42 43
719 42
43 44
43 474
719 43
44 45
474 44
528 44
45 46
528 45
46 47
46 528
46 734
47 48
734 47
48 49
48 731
48 734
49 50
731 49
49 732
50 51
50 732
51 52
51 732
733 51
52 53
733 52
53 54
733 53
54 55
54 644
54 733
55 56
644 55
56 57
644 56
647 56
57 58
647 57
58 59
58 645
647 58
59 60
469 59
645 59
649 59
60 61
60 469
61 62
469 61
61 565
62 63
62 565
63 64
565 63
64 65
64 565
567 64
65 66
567 65
66 67
566 66
567 66
67 68
566 67
68 69
68 549
68 566
69 70
483 69
549 69
69 553
70 71
483 70
71 72
71 483
72 73
483 72
72 615
73 74
73 615
74 75
615 74
75 76
75 461
615 75
76 77
461 76
77 78
77 461
78 79
78 461
532 78
79 80
494 79
532 79
80 81
80 494
81 82
81 475
81 494
82 83
475 82
83 84
83 475
84 85
84 475
488 84
85 86
85 488
86 87
488 86
87 88
87 488
88 89
88 488
88 489
89 90
89 489
90 91
90 489
90 505
91 92
505 91
92 93
92 505
506 92
93 94
506 93
620 93
94 95
620 94
94 621
95 96
95 621
96 97
105 96
621 96
97 98
104 97
97 105
98 99
98 104
99 100
99 103
99 104
100 101
100 102
100 103
101 102
102 103
103 104
104 105
105 106
105 621
105 622
106 107
106 622
107 108
119 107
107 622
108 109
117 108
118 108
108 119
109 110
109 116
109 117
110 111
110 115
110 116
111 112
111 115
112 113
114 112
112 115
113 114
114 115
115 116
116 117
117 118
118 119
119 120
622 119
120 121
120 622
121 122
121 622
122 123
622 122
123 124
123 620
123 622
124 125
620 124
125 126
125 506
125 620
126 127
506 126
127 128
506 127
128 129
128 504
506 128
129 130
504 129
130 131
493 130
130 504
131 132
493 131
132 133
132 493
133 134
133 491
493 133
134 135
134 491
135 136
135 491
136 137
491 136
136 492
137 138
137 492
138 139
138 492
138 534
139 140
534 139
140 141
140 534
141 142
534 141
141 538
142 143
538 142
143 144
536 143
143 538
547 143
144 145
547 144
145 146
547 145
146 147
537 146
547 146
147 148
487 147
537 147
148 149
148 487
149 150
487 149
150 151
478 150
487 150
151 152
478 151
152 153
152 478
153 154
478 153
154 155
478 154
154 653
155 156
155 653
155 654
156 157
654 156
157 158
563 157
654 157
158 159
563 158
158 683
159 160
159 683
160 161
683 160
160 684
161 162
161 684
161 688
162 163
162 688
163 164
687 163
163 688
163 690
164 165
690 164
165 166
165 690
166 167
166 690
167 168
169 167
167 690
168 169
169 170
169 689
690 169
692 169
170 171
170 692
171 172
692 171
171 694
172 173
172 694
173 174
173 694
174 175
174 694
175 176
175 694
175 695
176 177
695 176
177 178
695 177
178 179
178 695
179 180
179 695
180 181
180 695
181 182
181 695
696 181
182 183
182 696
183 184
696 183
184 185
696 184
706 184
185 186
706 185
186 187
186 706
187 188
187 706
188 189
693 188
188 699
706 188
189 190
189 191
699 189
190 191
191 192
697 191
191 699
192 193
192 697
193 194
193 697
194 195
194 697
195 196
697 195
195 700
196 197
700 196
701 196
197 198
701 197
198 199
701 198
702 198
198 704
199 200
704 199
200 201
200 704
758 200
201 202
758 201
202 203
758 202
203 204
604 203
203 758
204 205
604 204
205 206
604 205
607 205
206 207
607 206
207 208
607 207
208 209
607 208
209 210
209 607
209 608
210 211
210 608
211 212
211 608
212 213
212 608
212 609
213 214
609 213
214 215
609 214
215 216
215 609
215 664
216 217
216 664
217 218
217 611
217 664
218 219
611 218
219 220
219 508
219 611
220 221
220 508
221 222
508 221
222 223
508 222
509 222
223 224
223 509
224 225
509 224
225 226
498 225
509 225
226 227
226 498
227 228
227 497
498 227
228 229
497 228
229 230
229 497
229 500
230 231
230 471
500 230
231 232
471 231
232 233
471 232
233 234
233 471
233 570
234 235
234 570
235 236
235 570
235 656
236 237
656 236
237 238
656 237
238 239
238 656
239 240
251 239
239 252
656 239
240 241
250 240
240 251
241 242
249 241
241 250
242 243
249 242
243 244
246 243
247 243
243 248
243 249
244 245
244 246
245 246
246 247
247 248
248 249
249 250
250 251
251 252
252 253
656 252
253 254
253 571
656 253
254 255
259 254
260 254
254 261
571 254
255 256
259 255
256 257
256 258
259 256
257 258
258 259
259 260
260 261
261 262
261 571
262 263
262 571
263 264
571 263
264 265
570 264
571 264
265 266
471 265
570 265
266 267
266 471
266 500
267 268
496 267
267 500
268 269
496 268
269 270
269 496
270 271
495 270
496 270
271 272
271 495
272 273
495 272
273 274
476 273
495 273
274 275
274 476
275 276
476 275
276 277
476 276
277 278
277 476
277 501
278 279
278 501
619 278
279 280
279 619
280 281
617 280
280 619
281 282
281 617
282 283
282 616
282 617
283 284
283 616
284 285
616 284
618 284
285 286
618 285
286 287
618 286
287 288
287 618
288 289
618 288
289 290
595 289
618 289
290 291
290 589
595 290
663 290
291 292
291 663
292 293
292 663
293 294
293 480
663 293
736 293
294 295
736 294
295 296
295 736
296 297
736 296
737 296
297 298
297 737
298 299
298 737
299 300
737 299
299 757
300 301
757 300
301 302
744 301
757 301
302 303
302 744
303 304
744 303
304 305
304 637
304 744
305 306
637 305
306 307
306 637
307 308
633 307
307 637
308 309
308 633
308 638
309 310
638 309
310 311
310 638
311 312
311 516
521 311
311 638
312 313
312 521
313 314
477 313
521 313
314 315
314 477
315 316
477 315
315 510
316 317
510 316
317 318
317 510
318 319
502 318
318 510
318 624
319 320
319 624
320 321
320 624
321 322
623 321
624 321
321 725
322 323
322 725
323 324
725 323
324 325
324 724
324 725
325 326
325 724
326 327
723 326
724 326
327 328
723 327
328 329
328 723
329 330
329 722
329 723
330 331
330 722
331 332
720 331
722 331
331 729
332 333
332 729
333 334
333 729
334 335
334 726
729 334
334 730
335 336
335 730
336 337
730 336
337 338
730 337
780 337
338 339
338 780
339 340
339 780
340 341
779 340
340 780
341 342
779 341
342 343
779 342
782 342
343 344
343 782
343 783
344 345
344 783
345 346
345 783
346 347
373 346
346 768
346 783
347 348
347 768
348 349
768 348
349 350
349 767
768 349
350 351
767 350
351 352
351 764
351 766
351 767
352 353
352 766
353 354
766 353
354 355
766 354
355 356
357 355
766 355
356 357
357 358
766 357
358 359
766 358
359 360
766 359
360 361
765 360
360 766
361 362
765 361
362 363
364 362
362 765
363 364
364 365
364 765
365 366
765 365
366 367
366 765
367 368
367 764
765 367
368 369
368 764
767 368
369 370
369 767
370 371
370 767
370 768
371 372
768 371
372 373
768 372
373 374
768 373
783 373
374 375
783 374
375 376
375 783
376 377
376 782
376 783
377 378
779 377
782 377
378 379
779 378
379 380
779 379
379 781
380 381
781 380
381 382
781 381
382 383
727 382
781 382
383 384
727 383
384 385
384 727
385 386
726 385
727 385
385 728
386 387
728 386
387 388
728 387
388 389
388 720
721 388
388 728
389 390
389 721
390 391
390 721
391 392
472 391
627 391
721 391
392 393
392 627
393 394
393 627
394 395
394 626
394 627
395 396
626 395
396 397
626 396
628 396
397 398
628 397
398 399
523 398
628 398
399 400
518 399
523 399
399 524
400 401
524 400
713 400
401 402
401 713
714 401
401 715
402 403
715 402
403 404
715 403
404 405
404 715
405 406
715 405
405 717
406 407
717 406
407 408
717 407
408 409
717 408
770 408
409 410
770 409
410 411
410 770
773 410
411 412
773 411
412 413
773 412
413 414
413 772
773 413
413 776
414 415
414 776
415 416
774 415
776 415
416 417
416 774
777 416
417 418
777 417
418 419
777 418
419 420
419 470
419 777
420 421
420 470
421 422
421 470
568 421
422 423
568 422
423 424
568 423
423 569
424 425
424 569
425 426
569 425
426 427
426 569
427 428
763 427
428 429
763 428
429 430
762 429
429 763
430 431
762 430
431 432
431 759
762 431
432 433
759 432
432 760
433 434
433 760
434 435
760 434
435 436
435 760
436 437
760 436
437 438
760 437
438 439
438 760
439 440
760 439
440 441
440 760
440 761
441 761
442 474
520 442
525 442
526 442
442 527
711 442
712 442
591 443
443 593
594 443
597 443
443 605
475 444
488 444
489 444
490 444
444 491
493 444
691 445
692 445
445 693
694 445
445 695
696 445
445 706
446 685
446 687
689 446
446 691
697 446
698 446
446 700
447 655
447 681
684 447
447 686
703 447
447 705
448 490
492 448
448 494
448 532
533 448
534 448
449 483
449 539
540 449
449 541
553 449
614 449
543 450
450 544
450 546
550 450
450 559
560 450
451 671
451 672
451 680
451 752
753 451
452 707
452 709
452 710
714 452
452 715
452 716
452 718
453 707
453 708
453 716
717 453
453 770
453 771
454 499
454 501
454 508
454 610
454 611
619 454
495 455
496 455
497 455
455 498
507 455
456 502
513 456
514 456
456 517
518 456
625 457
457 626
627 457
457 723
724 457
458 631
632 458
642 458
458 665
458 743
746 458
459 484
459 594
459 598
613 459
616 459
617 459
592 460
603 460
460 604
460 605
606 460
607 460
532 461
461 535
539 461
614 461
615 461
478 462
462 486
542 462
462 543
462 545
546 462
653 462
561 463
463 562
463 577
463 661
662 463
463 682
677 464
464 679
464 738
754 464
464 755
465 643
465 646
465 648
748 465
753 465
756 465
552 466
466 554
564 466
466 650
466 651
652 466
666 466
629 467
467 633
637 467
665 467
741 467
745 467
468 526
634 468
468 639
468 731
732 468
735 468
564 469
565 469
469 649
469 650
470 568
777 470
470 778
500 471
570 471
472 627
721 472
472 722
723 472
473 727
730 473
780 473
781 473
527 474
474 528
474 712
719 474
475 488
475 490
494 475
476 495
501 476
476 507
477 502
477 510
477 514
477 521
486 478
478 487
653 478
479 587
479 588
479 590
479 669
479 675
479 676
590 480
480 663
480 736
739 480
602 481
612 481
657 481
658 481
481 659
660 481
657 482
482 658
702 482
704 482
482 758
553 483
614 483
483 615
593 484
484 594
595 484
484 616
618 484
485 486
487 485
485 537
540 485
485 541
485 542
486 487
486 542
487 537
489 488
493 489
489 504
505 489
491 490
490 492
494 490
492 491
493 491
492 534
504 493
532 494
496 495
507 495
497 496
496 500
498 497
497 500
499 498
507 498
509 498
499 501
499 507
499 508
509 499
501 507
619 501
502 510
513 502
502 514
502 623
502 624
503 512
519 503
522 503
503 530
503 629
503 630
504 505
506 504
506 505
506 620
509 508
508 611
513 511
511 523
623 511
625 511
511 628
514 512
517 512
519 512
512 521
512 522
518 513
513 523
513 623
514 517
521 514
515 517
518 515
515 519
515 520
515 524
515 525
516 521
516 522
516 629
516 633
638 516
517 518
519 517
518 523
524 518
520 519
530 519
520 525
526 520
530 520
531 520
521 522
629 522
523 628
525 524
524 713
711 525
713 525
527 526
531 526
634 526
735 526
527 528
527 731
734 527
735 527
528 734
530 529
529 531
630 529
631 529
634 529
531 530
530 630
634 531
533 532
535 532
534 533
533 535
538 533
534 538
535 536
535 538
535 539
536 537
538 536
539 536
547 536
539 537
537 540
547 537
539 540
539 614
541 540
542 541
544 541
549 541
553 541
542 543
542 544
543 544
543 546
544 549
550 544
544 551
546 545
545 562
563 545
653 545
545 654
546 560
546 561
546 562
548 550
551 548
552 548
548 554
557 548
548 559
551 549
553 549
566 549
551 550
559 550
551 552
566 551
552 554
552 564
552 566
552 567
554 557
666 554
555 578
580 555
555 581
583 555
667 555
555 673
557 556
556 559
580 556
556 666
556 667
557 559
557 666
559 558
558 560
558 561
558 577
558 578
580 558
560 559
559 580
560 561
561 562
577 561
563 562
562 682
563 654
682 563
563 683
565 564
564 567
564 650
567 565
567 566
569 568
570 571
656 570
656 571
572 676
572 677
572 736
737 572
738 572
572 739
573 586
587 573
589 573
591 573
573 599
573 600
601 574
574 602
603 574
604 574
574 657
758 574
575 658
575 660
662 575
575 681
703 575
576 577
576 578
579 576
576 581
659 576
660 576
661 576
578 577
661 577
580 578
578 581
581 579
583 579
612 579
579 659
580 667
583 581
583 582
582 585
586 582
588 582
582 674
583 585
612 583
668 583
583 673
583 674
584 585
586 584
584 600
601 584
584 602
612 584
585 586
585 612
587 586
586 588
600 586
588 587
589 587
587 590
588 669
588 674
590 589
591 589
589 595
589 663
590 663
676 590
590 739
593 591
595 591
599 591
605 591
592 599
592 600
601 592
592 603
605 592
593 594
593 595
597 594
598 594
595 618
597 596
596 598
606 596
608 596
596 609
597 598
597 605
597 606
609 598
613 598
664 598
600 599
599 605
600 601
601 602
601 603
612 602
602 657
603 604
604 607
604 758
605 606
606 607
608 606
607 608
608 609
609 664
610 611
613 610
610 617
619 610
664 610
611 664
612 659
613 617
664 613
615 614
616 617
616 618
619 617
621 620
620 622
622 621
624 623
623 625
623 725
625 626
628 625
625 724
725 625
627 626
628 626
627 723
630 629
633 629
665 629
631 630
665 630
632 631
634 631
665 631
632 634
639 632
632 640
642 632
633 637
638 633
634 639
639 635
640 635
635 641
635 644
732 635
635 733
640 636
636 642
636 643
743 636
748 636
637 741
744 637
639 640
639 732
641 640
640 642
640 643
641 643
644 641
646 641
641 647
642 743
646 643
643 748
647 644
644 733
645 646
647 645
648 645
645 649
646 647
646 648
648 649
650 648
648 652
756 648
649 650
652 650
651 652
651 666
670 651
651 671
753 651
652 753
756 652
654 653
662 655
681 655
682 655
655 683
655 684
658 657
657 758
658 660
702 658
658 703
659 660
660 661
660 662
662 661
681 662
682 662
745 665
665 746
667 666
666 670
670 667
672 667
673 667
668 669
672 668
668 673
674 668
668 678
674 669
675 669
678 669
671 670
670 672
672 671
753 671
673 672
672 678
672 680
675 676
677 675
678 675
679 675
677 676
739 676
677 679
677 738
678 679
678 680
680 679
679 749
679 754
680 749
680 752
681 703
682 683
684 683
684 686
684 688
686 685
687 685
688 685
700 685
685 701
688 686
701 686
705 686
687 688
687 689
690 687
689 690
689 691
689 692
691 692
693 691
698 691
692 694
698 693
699 693
706 693
695 694
696 695
706 696
698 697
699 697
700 697
699 698
700 701
701 702
705 701
702 703
702 704
705 702
705 703
758 704
708 707
707 709
716 707
708 771
718 709
711 710
710 712
710 714
710 718
710 719
711 712
711 713
714 711
719 712
714 713
714 715
716 715
717 715
716 717
770 717
719 718
720 721
720 722
728 720
720 729
722 721
722 723
723 724
724 725
726 727
728 726
729 726
730 726
727 730
781 727
728 729
730 780
732 731
734 731
731 735
733 732
736 737
739 736
737 738
757 737
738 755
757 738
740 741
744 740
751 740
755 740
740 757
744 741
741 745
741 751
742 743
745 742
742 746
742 750
751 742
743 746
748 743
743 750
757 744
745 746
745 751
748 747
749 747
747 750
752 747
753 747
750 748
753 748
749 750
749 751
752 749
749 754
751 750
754 751
755 751
752 753
756 753
754 755
757 755
759 760
759 761
759 762
760 761
762 763
764 765
766 764
764 767
766 765
767 768
769 770
769 771
772 769
773 769
770 771
773 770
773 772
772 775
772 776
775 774
774 776
774 777
778 774
775 776
778 777
780 779
779 781
779 782
781 780
782 783
