806
147 501
142 500
141 496
140 491
143 487
144 482
145 477
147 473
147 468
143 466
139 470
136 473
135 469
139 465
143 461
144 456
142 451
141 447
141 442
141 437
146 436
147 431
147 426
147 421
147 416
148 411
148 406
149 401
150 397
152 392
153 387
156 383
160 379
162 375
164 370
167 366
168 361
169 356
171 352
171 347
172 342
172 337
173 332
173 327
175 323
175 318
176 313
177 308
178 304
179 299
178 294
177 290
179 286
180 282
181 277
183 273
184 268
184 263
186 259
188 254
190 250
194 248
196 243
198 239
200 234
200 229
202 225
203 220
205 216
208 211
211 207
214 203
216 198
218 194
219 189
219 184
217 179
216 175
218 171
213 170
208 170
204 167
199 167
199 162
199 157
199 152
200 147
200 142
195 141
190 142
185 142
180 143
176 146
171 147
166 149
161 150
156 150
151 149
147 150
145 154
140 155
135 157
130 156
125 154
121 151
116 151
112 153
107 154
102 155
97 155
92 156
87 157
82 158
77 159
73 161
68 164
63 167
59 170
54 173
49 174
44 175
40 177
36 175
32 177
27 178
22 181
17 183
13 185
10 183
15 180
18 176
22 172
26 169
30 166
35 164
40 162
44 159
49 157
54 154
58 152
63 150
68 148
73 147
78 145
82 143
87 142
92 140
97 138
101 136
106 135
111 134
116 131
119 127
124 125
129 123
134 123
139 123
143 120
148 119
153 118
158 118
163 117
168 116
173 113
177 110
182 108
187 108
192 107
197 106
201 103
206 102
210 98
208 94
207 89
207 84
208 79
211 75
213 72
214 67
215 62
215 57
216 52
217 48
219 43
220 38
222 34
224 29
227 25
231 21
236 18
240 16
245 14
250 11
255 10
260 11
265 12
270 13
274 15
276 19
281 20
286 23
289 27
292 31
293 36
294 41
293 46
293 51
291 55
292 59
290 63
289 68
285 72
281 76
277 78
273 82
277 84
282 85
287 87
290 91
295 93
300 94
304 97
308 100
313 103
317 105
322 107
327 107
332 108
337 109
342 112
346 116
351 117
356 118
361 118
366 119
371 119
375 121
379 124
384 124
389 124
393 127
398 127
400 132
405 134
410 135
415 136
419 139
424 140
429 142
434 143
438 145
443 147
448 149
453 150
458 152
462 154
467 157
472 160
476 162
481 164
486 166
490 170
494 174
498 178
503 182
505 185
501 183
496 182
491 179
486 177
482 175
478 177
474 176
469 175
464 174
459 172
454 169
450 165
445 162
440 161
436 159
431 157
426 156
421 156
416 155
411 154
406 153
402 151
397 151
392 152
388 155
383 157
378 156
373 154
368 153
368 148
363 149
358 150
353 150
348 148
343 147
338 145
334 143
329 142
324 141
319 141
314 142
316 146
316 151
317 156
317 161
317 166
313 167
309 169
304 170
299 170
296 174
297 179
297 184
297 189
296 194
298 199
300 203
301 208
302 213
305 217
306 222
308 226
310 231
310 236
315 239
317 243
319 248
323 251
325 256
327 260
328 265
329 270
330 275
335 276
336 281
335 286
334 290
329 293
330 298
331 302
331 307
332 312
333 317
333 322
335 326
335 331
336 336
337 341
337 346
337 351
339 355
340 360
342 365
344 369
346 374
348 378
352 382
355 386
356 391
359 395
359 400
360 405
360 410
361 415
361 420
361 425
363 429
362 433
365 436
368 439
367 444
367 449
367 454
365 458
368 462
372 466
375 470
373 473
370 470
366 466
363 469
363 474
364 479
365 484
367 488
369 492
368 497
365 500
360 501
355 501
350 501
345 501
340 500
335 500
330 500
328 496
326 492
329 488
330 483
332 479
333 474
334 469
334 464
331 467
329 471
329 476
326 476
325 471
327 467
329 462
333 458
332 453
332 448
329 444
329 439
332 436
337 434
336 429
336 424
334 420
333 415
331 410
329 406
327 401
325 397
322 393
319 389
317 384
313 380
310 376
307 372
305 367
302 363
301 358
299 354
297 349
295 345
293 340
291 336
289 331
287 327
285 322
283 318
281 313
279 309
277 304
272 303
269 299
267 295
267 290
266 285
265 280
262 276
259 272
254 270
249 272
245 276
242 280
241 285
239 289
238 294
237 299
235 303
232 306
229 310
227 314
225 319
223 323
221 328
219 332
218 337
215 341
214 346
211 350
209 355
207 359
206 364
203 368
201 373
198 377
195 381
192 385
188 389
186 394
183 398
181 402
178 407
177 411
175 416
174 421
174 426
172 430
173 435
178 436
180 440
179 445
178 450
176 454
177 459
180 463
183 467
183 472
183 477
178 478
179 483
180 488
182 492
182 497
179 500
174 500
169 500
164 501
159 501
154 501
149 501
148 501
249.151 58.1628
256.788 215.894
223.901 254.45
207.375 290.969
198.857 319.429
303.448 299.276
288.628 259.154
191.671 345.168
278.225 127.688
310.735 325.206
243.775 37.7747
235.606 208.742
276.301 204.78
285.397 109.757
275.325 155.369
134.228 139.52
160.5 422.722
367.508 133.465
383.947 139.158
322 361
343.438 400.188
349.381 430.515
349.462 449.825
269.234 45.4408
206.333 268.241
220.787 233.897
192.613 291.764
222.478 293.913
307.613 266.796
322.648 329.023
281.062 48.0692
195.192 265.765
149.287 134.021
185.19 124.952
209.964 123.045
169.5 131.5
167.679 393.58
330.983 125.043
205.412 331.35
286.278 235.544
265.521 248.446
302.491 250.509
271.355 62.1405
314.134 257.899
292.046 222.813
160.208 458.323
249.907 175.084
345.422 440.187
261.646 29.413
320.082 316.533
311.989 341.791
277.802 34.8109
198.057 279.177
233.531 176.344
307.338 312.172
162.554 408.154
374.273 140.512
347.636 417.1
200.7 304.476
217.524 279.115
140.115 132.271
175.216 123.124
179.356 133.045
211.035 320.495
191.486 331.244
298.134 233.243
293.969 243.477
274.279 222.436
154.47 446.292
165.928 448.212
168.122 469.05
157.559 468.56
162.112 484.515
168.809 478.217
268.419 36.0164
256.447 41.798
260.101 53.2356
247.609 47.6665
232.546 55.2414
189.39 282.899
298.515 321.432
301.831 332.365
316.898 302.254
156.279 414.698
159.539 398.905
169.902 402.549
341.227 409.714
213.031 302.166
222.37 303.322
208.29 310.923
189.512 310.686
215.808 287.918
207.797 281.058
219.047 266.352
234.113 265.556
228.43 283.692
182.983 338.32
283.082 226.424
283.457 214.422
287.665 203.822
158.616 434.796
188.707 300.839
243.961 246.252
226.967 273.275
235.453 254.075
229.315 243.118
247.575 258.72
237.628 226.876
254.475 249.962
254.6 232.858
261.481 260.007
230.495 233.473
275.013 258.25
281.875 247.508
280.799 274.094
269.367 267.756
281.41 264.892
122.951 139.887
394.32 140.84
336.2 387.136
345.827 390.33
335.008 396.33
314.314 283.156
318.85 292.266
143.424 141.335
197.901 128.205
189.951 132.812
193.758 117.934
203.825 114.262
158.909 128.874
344.998 131.327
335.608 133.498
340.174 123.316
299.108 260.522
295.325 274.554
305.577 277.182
304.439 288.222
288.569 292.371
287.822 281.898
278.151 287.851
273.971 279.913
280.874 58.3227
324.495 341.397
318.526 350.598
311.667 358.67
307.614 350.15
236.217 143.297
242.972 192.005
272.335 236.261
262.646 238.841
264.557 227.869
267.927 212.765
258.105 199.193
273.411 181.118
282.667 191.133
285.159 179.545
277.7 168.491
263.552 170.727
289.029 159.665
300.698 149.678
306.666 158.469
251.227 155.674
287.435 169.303
298.114 129.84
254.41 165.64
240.662 164.538
263.299 157.311
259.903 137.028
267.667 146.153
257.262 147.14
246.597 145.999
239.026 153.795
227.418 161.059
270.749 135.665
285.875 142.349
303.53 139.222
226.997 170.092
291.151 150.333
170.298 490.148
153.152 490.345
236.761 79.9352
222.354 85.4352
225.866 73.0159
237.238 67.1471
240.602 111.615
225.334 62.6736
234.737 96.2532
231.417 87.557
186.111 321.387
181.758 329.338
224.526 219.157
233.971 218.104
245.209 215.244
246.212 203.42
213.949 224.319
224.289 207.804
247.761 225.194
230.767 196.518
234.072 186.694
244.139 235.471
317.737 272.202
324.574 283.726
356.516 129.63
291.654 305.206
297.984 312.093
254.663 186.915
265.998 190.359
262.712 180.8
267.831 199.939
213.765 155.138
224.69 148.647
213.274 141.872
207.189 133.237
287.818 132.008
287.082 120.831
300.273 113.159
294.568 103.882
296.062 121.094
254.343 90.4003
223.238 109.443
213.989 113.694
313.96 123.411
243.256 89.0253
247.404 100.963
266.296 105.813
263.599 121.473
257.68 100.153
266.19 91.7938
274.304 115.254
248.049 125.994
243.727 135.735
227.642 127.27
217.957 132.11
226.819 138.142
277.719 98.7166
257.107 128.147
222.025 97.4676
232.498 105.908
310.756 113.425
323.096 117.712
321.865 130.559
253.074 114.273
231.116 116.954
237.739 124.928
348.82 464.645
355.342 457.504
342.743 456.958
208.567 253.002
199.198 256.574
217.061 244.974
207.198 243.046
175.526 381.023
176.844 390.577
167.174 384.534
202.646 342.341
257.906 73.2521
248.018 78.7576
257.97 63.1306
262.813 82.1813
247.529 68.4021
268.316 72.1565
249.221 26.1365
238.766 28.3371
257.348 20.5172
231.931 42.5035
231.605 33.614
328.418 374.439
327.153 383.947
318.831 370.765
331.241 364.839
337.297 377.731
348 480.716
343.051 472.407
353.523 472.941
355.098 489.616
340.195 488.779
184.475 366.234
185.258 376.81
175.672 371.009
183.129 354.012
194.572 358.865
200.313 351.436
199.111 137.381
313.778 137.235
806
143.801 499.5
143.425 499.748
149.124 495.934
146.794 497.496
152.953 493.369
160.826 487.833
165.011 484.566
163.81 476.458
160.802 461.833
150.868 464.273
134.239 469.627
132.259 470.343
132.992 470.055
144.845 466.209
160.077 461.695
158.886 453.03
155.221 444.79
152.544 443.709
151.691 443.353
147.216 442.077
156.254 444.474
157.32 437.432
157.597 427.008
157.915 419.884
158.35 415.593
158.812 410.872
159.286 405.944
160.51 403.06
161.163 401.052
163.447 397.833
164.283 396.715
166.369 394.065
170.125 389.199
166.976 394.192
178.273 379.161
182.618 373.723
187.205 367.594
188.905 362.822
190.837 357.537
192.128 347.661
192.479 344.747
193.084 339.237
193.365 335.348
193.437 333.509
194.417 330.668
196.127 325.026
197.73 319.353
199.361 313.562
200.386 307.84
201.343 297.922
200.577 291.247
196.855 290.984
200.204 290.948
200.726 289.108
201.533 285.421
201.78 281.151
202.236 271.022
201.294 266.432
201.296 266.076
200.998 264.338
200.886 264.304
202.513 263.303
210.657 251.372
215.648 242.929
218.794 236.544
220.502 231.249
220.76 230.105
220.189 228.758
220.729 228.585
225.824 226.787
230.616 224.462
237.395 219.595
243.76 212.143
248.631 205.53
252.257 192.061
251.332 175.905
243.771 160.704
243.653 160.968
236.987 151.67
221.719 150.192
210.092 158.09
206.856 160.3
194.109 169.054
201.509 163.943
208.92 158.874
212.134 156.708
225.62 142.31
220.117 127.692
197.614 122.451
184.896 123.49
179.454 125.416
171.848 128.47
167.878 130.442
165.05 131.315
163.222 131.857
158.758 133.17
155.09 133.638
147.341 134.766
132.771 140.084
133.249 140.619
132.666 140.938
132.563 141.138
132.58 141.063
131.665 139.943
125.893 138.821
119.596 140.585
107.52 144.037
102.932 145.344
99.9647 146.174
95.793 147.208
138.667 136.889
84.4293 149.838
80.4292 150.761
74.8458 152.564
69.7092 154.102
61.3333 160.889
58.1628 160.431
54.0645 163.592
50.6818 165.73
47.6743 167.355
41.5227 169.023
38.6719 169.649
38.2584 169.723
28.6884 172.095
24.3886 174.306
17.9892 179.6
16.1681 181.927
12.3708 183.529
11.4924 183.897
13.8202 182.919
19.9464 178.237
23.9869 174.637
27.7759 172.479
31.5433 171.227
36.8124 170.053
44.9233 168.113
48.0579 167.155
52.0353 164.914
58.0931 160.479
61.3622 158.48
65.4313 156.197
69.7743 154.074
74.7656 152.588
77.6403 151.662
83.7454 149.996
88.3426 148.935
97.5154 146.779
99.8008 146.219
102.404 145.492
110.4 143.184
114.296 142.071
124.93 139.089
126.609 138.591
128.926 139.208
129.942 139.454
133.099 140.252
140.584 137.279
146.812 134.843
151.915 133.922
153.864 133.709
158.552 133.208
164.759 131.427
172.279 128.298
179.427 124.836
182.252 123.484
182.93 123.237
185.388 123.086
191.947 122.411
202.547 122.924
211.129 123.12
224.253 122.032
232.404 104.255
230.579 87.3941
224.766 82.0732
222.499 81.7109
222.522 81.652
225.952 82.0582
230.951 79.1124
234.779 69.2465
237.411 58.338
238.219 52.8173
238.979 49.0089
240.028 43.7701
240.405 41.1186
240.004 35.6118
239.052 33.2604
237.779 31.1315
238.14 31.2736
240.646 31.5784
243.607 31.5485
247.002 31.088
253.169 29.1276
256.873 23.4796
256.778 24.5291
256.925 23.6508
257.867 26.6421
258.503 27.3609
259.423 28.4523
261.508 32.6595
269.843 35.6126
276.998 35.4802
279.22 35.1499
278.295 35.3019
277.675 35.7613
276.388 36.7544
273.988 38.4258
272.861 41.2831
273.957 43.8678
279.954 48.1158
280.272 48.3039
279.298 47.7398
270.859 43.2443
261.562 42.8545
253.419 50.195
229.732 81.9882
254.17 107.75
265.783 117.844
270.65 117.882
273.308 118.179
288.247 119.087
293.922 118.008
293.753 118.354
296.373 120.105
303.875 119.931
311.334 119.574
321.11 118.833
328.186 119.467
330.797 120.652
331.764 121.616
334.722 123.058
340.971 126.257
349.323 130.904
355.595 133.079
360.893 134.403
363.171 134.893
367.551 135.714
368.993 136.19
373.111 137.426
383.985 140.61
387.596 140.32
388.96 140.212
392.138 139.685
392.016 139.924
402.259 142.355
410.052 144.106
412.829 145.142
452.444 158.222
424.702 148.456
427.346 148.789
432.296 149.623
435.285 150.713
439.322 152.317
446.324 155.049
451.213 156.705
455.088 157.903
457.675 160.391
460.691 163.268
467.355 167.563
473.77 169.337
479.815 170.411
483.639 171.31
492.049 176.282
496.361 179.24
500.319 181.798
502.421 182.925
505.301 184.485
503.608 183.567
497.2 180.148
492.65 176.86
488.071 173.544
483.106 171.099
478.856 170.245
480.875 170.654
483.69 172.874
466.48 167.152
462.997 165.4
458.741 161.42
470.814 166.752
449.06 155.976
442.173 153.631
438.97 152.376
434.046 150.219
427.052 148.749
422.155 148.144
418.173 146.924
413.483 145.373
410.517 144.249
403.369 142.595
395.137 140.868
385.816 140.456
382.843 141.732
382.699 141.904
382.801 141.672
381.73 141.025
382.258 141.348
380.299 139.612
362.123 134.613
358.508 133.872
356.068 133.269
351.554 131.667
349.804 131.055
346.686 129.733
342.541 127.17
335.412 123.784
327.606 120.545
311.441 121.525
295.041 125.494
287.992 136.872
292.091 144.141
302.643 153.125
308.328 158.225
321.095 169.712
314.013 163.303
306.79 156.842
295.511 146.838
282.971 145.589
268.099 160.143
263.244 176.278
263.857 183.148
264.066 189.179
266.39 199.34
270.441 210.598
272.354 213.557
273.7 216.889
277.656 223.228
281.359 227.865
284.112 232.171
285.081 233.768
286.631 237.208
292.129 247.853
298.605 257.208
300.397 259.499
302.187 261.908
307.661 268.189
307.997 267.782
307.539 268.801
307.123 272.087
308.722 278.171
315.084 283.594
339.156 281.247
332.922 281.854
329.437 282.185
334.846 281.663
309.467 285.643
306.252 296.34
306.16 302.637
308.066 314.011
308.754 318.245
309.92 324.338
311.14 330.005
311.923 333.465
312.945 338.823
313.421 341.26
314.16 344.948
315.438 349.606
329.778 375.111
319.677 361.805
322.027 367.11
327.639 375.339
329.126 377.322
332.9 382.35
339.541 391.059
341.516 393.684
342.289 394.845
342.884 397.042
343.517 399.132
343.807 400.093
345.386 405.016
346.757 409.9
348.253 415.295
348.974 421.221
350.163 432.114
350.419 434.556
351.087 440.653
351.217 441.6
351.336 439.865
351.12 444.294
351.165 448.533
351.666 453.271
356.81 458.885
364.028 462.252
370.527 467.805
374.036 470.866
374.297 471.104
371.858 468.959
362.38 462.249
352.566 458.312
348.549 474.635
350.72 492.789
351.589 490.268
360.701 494.454
365.727 496.774
360.171 494.21
366.075 496.935
356.86 492.681
353.108 490.949
347.88 488.925
346.541 488.98
342.307 490.462
337.913 492.456
327.009 497.403
334.785 493.875
327.725 497.078
335.463 493.567
342.931 490.191
346.37 487.579
347.905 478.419
349.309 466.912
350.418 460.186
331.181 467.962
326.468 473.31
327.383 475.876
327.304 475.643
325.499 470.879
329.825 468.605
330.671 469.749
351.562 457.575
351.41 450.316
352 476.444
337.387 441.67
327.347 439.967
333.583 441.025
351.061 442.777
350.086 431.245
349.024 421.683
348.156 414.948
346.646 409.472
344.795 403.292
343.584 399.49
342.047 394.611
336.968 387.651
335.281 385.449
332.919 382.373
328.449 376.425
323.777 370.074
321.603 366.905
320.62 364.46
319.797 362.58
317.781 358.045
316.833 355.015
315.427 350.583
314.163 344.875
313.662 342.561
312.09 335.076
311.209 330.855
310.089 325.488
309.165 321.116
308.071 315.037
307.111 309.426
305.985 301.65
303.96 293.971
301.462 285.097
279.591 293.793
281.43 292.878
275.271 295.491
285.568 291.054
300.859 283.108
298.937 270.431
294.261 257.329
268.47 234.936
255.612 229.654
229.672 235.636
211.942 252.72
205.424 268.886
204.875 283.651
206.986 288.414
209.412 293.58
212.367 295.193
211.736 295.392
210.944 295.482
206.596 296.212
203.811 302.115
201.01 308.302
199.332 314.449
197.371 321.429
196.602 324.132
194.642 331.259
193.927 335.568
193.18 339.996
192.627 344.02
191.799 350.592
191.114 355.531
190.599 358.854
189.408 361.859
188.599 363.996
186.233 369.04
183.839 372.203
181.313 375.414
176.244 381.678
171.697 387.247
169.093 390.557
167.691 392.382
162.084 399.799
160.09 404.06
158.819 410.809
158.094 418.345
157.655 424.635
157.532 429.098
165.077 441.808
176.284 440.266
176.602 440.192
162.93 444.052
161.258 445.114
158.506 451.977
161.887 466.308
169.14 472.978
172.905 473.282
175.122 473.035
179.079 472.93
165.082 473.906
164.944 484.428
174.954 494.056
178.576 496.474
181.557 498.444
181.284 498.265
174.364 493.674
166.306 488.271
163.822 486.456
160.463 488.338
153.748 492.835
145.183 498.575
143.819 499.489
245.445 49.2133
266.724 215.603
215.407 245.284
203.772 291.24
198.626 315.91
305.659 297.666
295.76 257.15
192.889 342.281
280.698 124.8
301.333 283.556
241.781 32.6004
245.45 212.281
267.036 207.037
282.396 121.75
268.641 148.288
132.933 140.601
157.333 472.889
365.548 135.376
384.576 140.798
319.767 362.453
343.301 398.439
344.096 403.161
351.155 444.866
264.814 32.843
203.132 273.212
226.524 230.876
198.994 291.493
207.655 290.739
305.331 271.044
311.536 331.826
273.044 39.4661
201.797 267.088
143.389 136.222
177.126 127.332
219.079 126.482
164.744 131.402
165.253 395.485
331.426 121.297
194.703 330.89
281.353 229.901
271.619 230.838
300.943 261.14
257.568 42.9304
306.771 267.641
278.5 225.193
156.492 467.283
252.57 172.213
351.123 443.756
257.454 26.8246
308.82 318.357
314.527 345.957
274.769 36.7597
203.023 282.294
250.611 172.667
308.095 314.629
160.438 403.281
380.331 140.098
348.236 415.254
200.323 309.611
202.789 281.459
138.509 138.092
176.043 126.463
162.188 131.574
197.747 320.067
196.929 323.442
285.269 234.593
291.254 246.709
272.158 218.938
156.02 444.957
157.714 447.436
162.823 469.69
163.245 472.929
164.458 485.641
162.137 491.243
262.237 33.8172
253.798 36.6498
254.27 42.8101
243.817 34.9201
240.102 57.3853
201.276 286.912
309.332 321.657
311.697 333.187
306.149 299.049
158.629 412.76
161.521 400.544
161.185 401.562
345.992 407.335
208.688 296.355
206.708 295.881
202.394 305.1
199.886 310.68
210.701 285.358
203.508 282.356
206.174 265.305
218.246 240.093
204.838 283.815
192.666 342.624
277.908 226.716
273.259 217.254
269.161 209.515
157.404 433.962
201.418 299.407
239.869 227.644
205.721 267.285
225.669 237.392
223.792 231.564
230.986 231.593
238.919 223.049
255.173 228.268
255.336 225.502
255.111 204.444
229.998 229.179
287.719 245.567
289.115 245.199
299.171 269.27
306.577 273.13
295.482 257.734
136.782 137.873
376 139.556
337.542 388.401
342.22 394.688
340.811 392.779
308.692 282.992
308.279 286.857
139.544 137.693
199.951 122.821
185.863 123.3
188.857 122.748
206.336 123.061
155.191 133.596
330.526 124.146
334.087 122.793
339.319 125.345
300.846 263.265
305.605 273.769
305.908 278.124
314.11 285.301
302.286 286.096
301.996 279.152
300.251 284.721
304.709 270.172
276.28 45.8042
313.526 341.798
315.708 351.608
318.546 359.525
315.355 350.308
237.29 140.635
253.259 190.392
273.675 228.646
265.085 226.457
264.993 223.91
264.849 211.67
264.983 204.497
261.345 179.415
265.224 195.118
263.225 175.875
0 0
257.352 164.519
256 131.556
286.88 138.552
301.056 151.839
252.119 149.53
268.634 158.515
292.459 124.663
254.984 162.075
242.67 151.014
260.178 153.125
250.298 130.233
266.335 145.353
255.349 144.43
244.108 146.296
242.095 149.125
236.999 151.127
267.274 133.698
280.446 138.302
293.231 122.843
242.34 158.448
281.25 140.788
165.907 487.998
154.173 492.518
234.772 77.2463
230.982 86.1371
232.642 75.1377
241.443 62.4605
236.008 110.117
237.868 55.5126
234.596 96.0613
232.507 85.7885
196.455 323.767
193.496 333.579
231.129 224.436
239.493 219.665
242.229 218.082
252.996 203.882
221.577 229.698
236.257 220.055
249.027 219.21
258.643 200.813
252.581 188.674
240.897 223.704
307.066 274.981
311.368 283.333
356.074 133.247
304.811 296.762
307.112 309.377
261.747 185.419
261.038 189.712
259.464 178.663
262.964 200.222
223.409 149.016
228.61 145.604
224.839 143.887
218.788 125.921
283.411 128.141
284.102 123.31
296.487 120.429
291.632 118.623
293.182 120.022
234.518 87.4616
230.327 114.004
221.539 124.553
315.611 119.335
236.338 87.3144
240.047 101.925
255.87 113.582
255.927 126.026
245.654 103.841
250.785 109.845
268.247 121.67
244.892 126.203
241.565 130.14
226.986 128.329
224.053 129.352
230.185 135.624
284.299 122.374
253.372 128.356
236.582 101.42
234.037 107.442
308.435 119.746
326.386 119.096
316.149 120.531
251.483 114.908
0 0
240.835 125.713
350.928 461.427
352.166 456.703
349.998 464.638
209.113 254.311
203.635 263.178
217.411 241.211
214.163 245.344
176.028 381.944
167.222 392.961
170.167 389.146
193.507 338.049
243.083 63.8358
236.251 75.5641
246.964 50.2419
237.893 78.9816
241.207 60.7052
255.111 55.1111
252.444 29.8583
244.445 31.396
256.595 26.0879
240.313 40.1937
238.597 32.0166
325.891 372.951
332.554 381.89
321.874 367.375
327.646 375.236
331.266 380.142
346.897 484.996
348.812 471.449
348.914 472.38
349.968 489.607
344.439 489.611
182.454 372.871
182.808 373.511
182.275 374.178
189.845 360.377
190.648 358.639
192.045 348.516
206.222 126.222
311.111 124.444
1891
0 0
0 0
0 0
0 0
0 0
0 0
0 0
0 0
0 0
0 0
0 0
0 0
0 0
0 0
0 0
0 0
0 0
0 0
0 0
0 0
0 0
0 0
0 0
0 0
0 0
0 0
0 0
0 0
0 0
0 0
0 0
0 0
0 0
0 0
0 0
0 0
0 0
0 0
0 0
0 0
0 0
0 0
0 0
0 0
0 0
0 0
0 0
0 0
0 0
0 0
0 0
0 0
0 0
0 0
0 0
0 0
0 0
0 0
538 798
0 0
0 0
0 0
0 0
0 0
0 0
0 0
0 0
0 0
0 0
0 0
0 0
0 0
0 0
0 0
0 0
0 0
0 0
0 0
0 0
0 0
0 0
0 0
0 0
0 0
0 0
0 0
0 0
0 0
0 0
0 0
0 0
0 0
0 0
0 0
0 0
0 0
0 0
0 0
0 0
0 0
0 0
0 0
0 0
0 0
0 0
0 0
0 0
0 0
0 0
0 0
0 0
0 0
0 0
0 0
0 0
0 0
0 0
0 0
0 0
798 613
0 0
0 0
0 0
0 0
0 0
0 0
0 0
0 0
0 0
0 0
0 0
0 0
0 0
0 0
0 0
0 0
0 0
0 0
0 0
0 0
0 0
0 0
0 0
0 0
0 0
0 0
0 0
0 0
613 632
0 0
0 0
0 0
0 0
0 0
0 0
0 0
0 0
0 0
0 0
0 0
0 0
0 0
0 0
0 0
0 0
0 0
0 0
0 0
0 0
0 0
0 0
0 0
0 0
0 0
0 0
632 680
0 0
0 0
0 0
0 0
0 0
0 0
0 0
0 0
0 0
0 0
0 0
0 0
0 0
0 0
0 0
0 0
0 0
0 0
0 0
0 0
0 0
0 0
0 0
0 0
0 0
0 0
0 0
0 0
0 0
0 0
0 0
0 0
0 0
0 0
0 0
0 0
0 0
0 0
0 0
0 0
0 0
0 0
0 0
0 0
0 0
0 0
0 0
0 0
0 0
0 0
0 0
0 0
0 0
0 0
0 0
0 0
0 0
0 0
0 0
0 0
0 0
0 0
0 0
0 0
0 0
0 0
0 0
0 0
0 0
0 0
0 0
0 0
0 0
0 0
0 0
0 0
0 0
0 0
0 0
0 0
0 0
0 0
0 0
0 0
0 0
0 0
0 0
0 0
0 0
0 0
0 0
0 0
0 0
0 0
0 0
0 0
0 0
0 0
0 0
0 0
0 0
0 0
0 0
0 0
0 0
0 0
0 0
0 0
0 0
110 115
0 0
0 0
0 0
0 0
0 0
0 0
0 0
0 0
0 0
0 0
0 0
0 0
0 0
0 0
0 0
0 0
0 0
0 0
0 0
0 0
0 0
0 0
0 0
0 0
0 0
0 0
0 0
0 0
0 0
0 0
0 0
0 0
0 0
0 0
0 0
0 0
0 0
0 0
0 0
0 0
0 0
0 0
0 0
0 0
0 0
0 0
0 0
0 0
0 0
0 0
0 0
0 0
0 0
0 0
0 0
0 0
0 0
0 0
0 0
0 0
0 0
0 0
0 0
0 0
0 0
0 0
0 0
0 0
0 0
0 0
0 0
0 0
0 0
0 0
0 0
0 0
0 0
0 0
0 0
0 0
0 0
0 0
0 0
0 0
0 0
0 0
0 0
0 0
0 0
0 0
0 0
0 0
0 0
0 0
0 0
0 0
0 0
0 0
0 0
0 0
0 0
0 0
0 0
0 0
0 0
0 0
0 0
0 0
0 0
0 0
0 0
680 782
0 0
0 0
0 0
0 0
0 0
0 0
0 0
0 0
0 0
0 0
0 0
0 0
0 0
0 0
0 0
0 0
0 0
0 0
0 0
0 0
0 0
0 0
0 0
0 0
0 0
0 0
0 0
0 0
0 0
0 0
0 0
0 0
0 0
0 0
0 0
0 0
0 0
0 0
0 0
0 0
0 0
0 0
0 0
0 0
0 0
0 0
0 0
0 0
0 0
0 0
0 0
0 0
0 0
0 0
0 0
0 0
0 0
0 0
0 0
0 0
0 0
0 0
0 0
0 0
0 0
0 0
0 0
0 0
0 0
0 0
0 0
0 0
0 0
0 0
0 0
0 0
0 0
0 0
0 0
0 0
0 0
0 0
0 0
0 0
0 0
0 0
0 0
0 0
0 0
0 0
0 0
0 0
0 0
0 0
0 0
0 0
0 0
0 0
0 0
0 0
0 0
0 0
0 0
0 0
0 0
0 0
0 0
0 0
0 0
0 0
0 0
0 0
0 0
0 0
0 0
0 0
0 0
0 0
0 0
0 0
0 0
0 0
0 0
0 0
0 0
0 0
0 0
0 0
0 0
0 0
0 0
0 0
0 0
0 0
0 0
0 0
0 0
0 0
0 0
0 0
0 0
0 0
0 0
0 0
0 0
0 0
0 0
0 0
0 0
0 0
0 0
0 0
0 0
0 0
0 0
0 0
0 0
0 0
0 0
0 0
0 0
0 0
0 0
0 0
0 0
0 0
0 0
0 0
0 0
0 0
0 0
0 0
0 0
0 0
0 0
0 0
0 0
640 246
0 0
0 0
0 0
0 0
0 0
0 0
0 0
0 0
0 0
0 0
0 0
0 0
0 0
0 0
0 0
0 0
0 0
0 0
0 0
0 0
0 0
0 0
0 0
0 0
0 0
0 0
0 0
0 0
0 0
0 0
0 0
0 0
0 0
0 0
0 0
0 0
0 0
0 0
0 0
0 0
0 0
0 0
0 0
0 0
0 0
0 0
0 0
0 0
0 0
0 0
0 0
0 0
0 0
0 0
0 0
0 0
0 0
0 0
0 0
0 0
0 0
0 0
0 0
0 0
0 0
0 0
0 0
0 0
0 0
0 0
0 0
0 0
0 0
0 0
0 0
0 0
0 0
0 0
0 0
0 0
0 0
0 0
0 0
0 0
0 0
0 0
0 0
0 0
0 0
0 0
0 0
0 0
0 0
0 0
0 0
0 0
0 0
0 0
0 0
0 0
0 0
0 0
0 0
0 0
0 0
0 0
0 0
0 0
0 0
0 0
0 0
0 0
0 0
0 0
0 0
0 0
0 0
0 0
0 0
0 0
0 0
0 0
0 0
0 0
0 0
0 0
0 0
0 0
0 0
0 0
0 0
0 0
0 0
0 0
0 0
0 0
0 0
0 0
0 0
0 0
0 0
0 0
0 0
0 0
0 0
0 0
0 0
0 0
0 0
0 0
0 0
0 0
0 0
0 0
0 0
0 0
0 0
0 0
0 0
0 0
0 0
0 0
0 0
0 0
0 0
0 0
0 0
0 0
0 0
0 0
0 0
0 0
0 0
0 0
0 0
0 0
0 0
0 0
0 0
0 0
0 0
0 0
0 0
0 0
0 0
0 0
0 0
0 0
0 0
0 0
632 531
0 0
0 0
0 0
0 0
0 0
0 0
0 0
0 0
0 0
0 0
0 0
0 0
0 0
0 0
0 0
0 0
0 0
0 0
0 0
0 0
0 0
0 0
0 0
0 0
0 0
0 0
0 0
0 0
0 0
0 0
0 0
0 0
0 0
0 0
0 0
0 0
0 0
0 0
0 0
0 0
0 0
0 0
0 0
0 0
0 0
0 0
0 0
0 0
0 0
0 0
0 0
0 0
0 0
0 0
0 0
0 0
0 0
0 0
0 0
0 0
0 0
531 355
0 0
0 0
0 0
0 0
0 0
0 0
0 0
0 0
0 0
0 0
0 0
0 0
0 0
0 0
0 0
0 0
0 0
0 0
0 0
0 0
0 0
0 0
0 0
0 0
0 0
0 0
0 0
0 0
0 0
0 0
0 0
0 0
0 0
0 0
0 0
0 0
0 0
0 0
0 0
0 0
0 0
0 0
0 0
355 418
0 0
0 0
0 0
0 0
0 0
0 0
0 0
0 0
0 0
0 0
0 0
0 0
0 0
0 0
0 0
0 0
0 0
0 0
0 0
0 0
0 0
0 0
0 0
0 0
0 0
0 0
0 0
0 0
0 0
0 0
0 0
0 0
0 0
0 0
0 0
0 0
0 0
0 0
0 0
0 0
0 0
0 0
0 0
0 0
0 0
0 0
0 0
0 0
0 0
0 0
0 0
0 0
0 0
0 0
0 0
0 0
0 0
0 0
0 0
0 0
0 0
0 0
0 0
0 0
0 0
0 0
0 0
0 0
0 0
0 0
0 0
0 0
0 0
0 0
0 0
0 0
0 0
0 0
0 0
0 0
0 0
0 0
0 0
0 0
0 0
0 0
0 0
0 0
0 0
0 0
0 0
0 0
0 0
0 0
0 0
0 0
0 0
0 0
0 0
0 0
0 0
0 0
0 0
0 0
0 0
0 0
0 0
0 0
0 0
0 0
0 0
0 0
0 0
0 0
0 0
0 0
0 0
0 0
0 0
0 0
0 0
0 0
0 0
0 0
0 0
0 0
0 0
0 0
0 0
0 0
0 0
0 0
0 0
0 0
0 0
0 0
0 0
0 0
0 0
0 0
0 0
0 0
0 0
0 0
0 0
0 0
0 0
0 0
0 0
0 0
0 0
0 0
0 0
0 0
0 0
0 0
0 0
0 0
0 0
0 0
0 0
0 0
0 0
0 0
0 0
0 0
0 0
0 0
0 0
0 0
0 0
0 0
0 0
0 0
0 0
0 0
0 0
0 0
0 0
0 0
0 0
0 0
0 0
0 0
0 0
0 0
0 0
0 0
0 0
0 0
0 0
0 0
0 0
0 0
0 0
0 0
0 0
0 0
0 0
0 0
0 0
0 0
0 0
0 0
0 0
0 0
0 0
0 0
0 0
0 0
0 0
0 0
0 0
0 0
0 0
0 0
0 0
0 0
0 0
0 0
0 0
0 0
0 0
0 0
0 0
0 0
0 0
0 0
0 0
0 0
0 0
0 0
0 0
0 0
0 0
0 0
0 0
0 0
0 0
0 0
0 0
0 0
0 0
0 0
0 0
0 0
0 0
0 0
0 0
0 0
0 0
0 0
0 0
0 0
0 0
0 0
0 0
0 0
0 0
0 0
0 0
0 0
0 0
0 0
0 0
0 0
0 0
0 0
0 0
0 0
0 0
0 0
0 0
0 0
0 0
0 0
0 0
0 0
0 0
0 0
0 0
0 0
0 0
0 0
0 0
0 0
0 0
0 0
0 0
0 0
0 0
0 0
0 0
0 0
0 0
0 0
0 0
0 0
0 0
0 0
0 0
0 0
0 0
0 0
0 0
0 0
0 0
0 0
0 0
0 0
0 0
0 0
0 0
0 0
0 0
0 0
0 0
0 0
0 0
0 0
0 0
0 0
0 0
0 0
0 0
0 0
0 0
0 0
0 0
0 0
0 0
0 0
0 0
0 0
0 0
0 0
0 0
0 0
0 0
0 0
0 0
0 0
0 0
0 0
0 0
0 0
0 0
0 0
0 0
0 0
0 0
0 0
0 0
0 0
0 0
0 0
0 0
0 0
0 0
0 0
0 0
0 0
0 0
0 0
0 0
0 0
0 0
0 0
0 0
0 0
0 0
0 0
0 0
0 0
0 0
0 0
0 0
0 0
0 0
0 0
0 0
0 0
0 0
0 0
0 0
0 0
0 0
0 0
0 0
0 0
0 0
0 0
0 0
0 0
0 0
0 0
0 0
0 0
0 0
0 0
0 0
0 0
0 0
0 0
0 0
0 0
0 0
0 0
0 0
0 0
0 0
0 0
0 0
0 0
0 0
0 0
0 0
0 0
0 0
0 0
0 0
0 0
0 0
0 0
0 0
0 0
0 0
0 0
0 0
0 0
0 0
0 0
0 0
0 0
0 0
0 0
0 0
0 0
0 0
0 0
0 0
0 0
0 0
0 0
0 0
0 0
0 0
0 0
0 0
0 0
0 0
0 0
0 0
0 0
0 0
0 0
0 0
0 0
0 0
0 0
0 0
0 0
0 0
0 0
0 0
0 0
0 0
0 0
0 0
0 0
0 0
0 0
0 0
0 0
0 0
0 0
0 0
0 0
0 0
0 0
0 0
0 0
0 0
0 0
0 0
0 0
0 0
0 0
0 0
0 0
0 0
0 0
0 0
0 0
0 0
0 0
0 0
0 0
0 0
0 0
0 0
0 0
0 0
0 0
0 0
0 0
0 0
0 0
0 0
0 0
0 0
0 0
0 0
0 0
0 0
0 0
0 0
0 0
0 0
0 0
0 0
0 0
0 0
0 0
0 0
0 0
0 0
0 0
0 0
0 0
0 0
0 0
0 0
0 0
0 0
0 0
0 0
0 0
0 0
0 0
0 0
0 0
0 0
0 0
0 0
0 0
0 0
0 0
0 0
0 0
0 0
0 0
0 0
0 0
0 0
0 0
0 0
0 0
0 0
0 0
0 0
0 0
0 0
0 0
0 0
0 0
0 0
0 0
0 0
0 0
0 0
0 0
0 0
0 0
0 0
0 0
0 0
0 0
0 0
0 0
0 0
0 0
0 0
0 0
0 0
0 0
0 0
0 0
0 0
0 0
0 0
0 0
0 0
0 0
0 0
0 0
0 0
0 0
0 0
0 0
0 0
0 0
0 0
0 0
0 0
0 0
0 0
0 0
0 0
0 0
0 0
0 0
0 0
0 0
0 0
0 0
0 0
0 0
0 0
0 0
0 0
0 0
0 0
0 0
0 0
0 0
0 0
0 0
0 0
0 0
0 0
0 0
0 0
0 0
0 0
0 0
0 0
0 0
0 0
0 0
0 0
0 0
0 0
0 0
0 0
0 0
0 0
0 0
0 0
0 0
0 0
0 0
0 0
0 0
0 0
0 0
0 0
0 0
0 0
0 0
0 0
0 0
0 0
0 0
0 0
0 0
0 0
0 0
0 0
0 0
0 0
0 0
0 0
0 0
0 0
0 0
0 0
0 0
0 0
0 0
0 0
0 0
0 0
0 0
0 0
0 0
0 0
0 0
0 0
0 0
0 0
0 0
0 0
0 0
0 0
0 0
0 0
0 0
0 0
0 0
0 0
0 0
0 0
0 0
0 0
0 0
0 0
0 0
0 0
0 0
0 0
0 0
0 0
0 0
0 0
0 0
0 0
0 0
0 0
0 0
0 0
0 0
0 0
0 0
0 0
0 0
0 0
0 0
0 0
0 0
0 0
0 0
0 0
0 0
0 0
0 0
0 0
0 0
0 0
0 0
0 0
0 0
0 0
0 0
0 0
0 0
0 0
0 0
0 0
0 0
0 0
0 0
0 0
0 0
0 0
0 0
0 0
0 0
0 0
0 0
0 0
0 0
0 0
0 0
0 0
0 0
0 0
0 0
0 0
0 0
0 0
0 0
0 0
0 0
0 0
0 0
0 0
0 0
0 0
0 0
0 0
0 0
0 0
0 0
0 0
0 0
0 0
0 0
0 0
0 0
0 0
0 0
0 0
0 0
0 0
0 0
0 0
0 0
0 0
0 0
0 0
0 0
0 0
0 0
0 0
0 0
0 0
0 0
0 0
0 0
0 0
0 0
0 0
0 0
0 0
0 0
0 0
0 0
0 0
0 0
0 0
0 0
0 0
0 0
0 0
0 0
0 0
0 0
0 0
0 0
0 0
0 0
0 0
0 0
0 0
0 0
0 0
0 0
0 0
0 0
0 0
0 0
0 0
0 0
0 0
0 0
0 0
0 0
0 0
0 0
0 0
0 0
0 0
0 0
0 0
0 0
0 0
0 0
0 0
0 0
0 0
0 0
0 0
0 0
0 0
0 0
0 0
0 0
0 0
0 0
0 0
0 0
0 0
0 0
0 0
0 0
0 0
0 0
0 0
0 0
0 0
0 0
0 0
0 0
0 0
0 0
0 0
0 0
0 0
0 0
0 0
0 0
0 0
0 0
0 0
0 0
0 0
0 0
0 0
0 0
0 0
0 0
0 0
0 0
0 0
0 0
0 0
0 0
0 0
0 0
0 0
0 0
0 0
0 0
0 0
0 0
0 0
0 0
0 0
0 0
0 0
0 0
0 0
0 0
0 0
0 0
0 0
0 0
0 0
0 0
0 0
0 0
0 0
0 0
0 0
0 0
0 0
0 0
0 0
0 0
0 0
0 0
0 0
0 0
0 0
0 0
0 0
0 0
0 0
0 0
0 0
0 0
0 0
0 0
0 0
0 0
0 0
0 0
0 0
0 0
0 0
0 0
0 0
0 0
0 0
0 0
0 0
0 0
0 0
0 0
0 0
0 0
0 0
0 0
0 0
0 0
0 0
0 0
0 0
0 0
0 0
0 0
0 0
0 0
0 0
0 0
0 0
0 0
0 0
0 0
0 0
0 0
0 0
0 0
0 0
0 0
0 0
0 0
0 0
0 0
0 0
0 0
0 0
0 0
0 0
0 0
0 0
0 0
0 0
0 0
0 0
0 0
0 0
0 0
110 804
804 680
640 805
805 680
1887
0 1
0 2
521 0
1 2
2 3
2 4
2 521
701 2
3 4
4 5
4 701
5 6
701 5
6 7
6 594
701 6
7 8
593 7
594 7
8 9
14 8
567 8
593 8
9 10
13 9
9 14
10 11
10 12
10 13
11 12
12 13
13 14
14 15
14 567
15 16
15 567
15 590
16 17
590 16
17 18
590 17
18 19
18 20
590 18
19 20
20 21
590 20
622 20
21 22
622 21
22 23
538 22
622 22
23 24
538 23
605 23
24 25
24 605
25 26
25 605
26 27
577 26
605 26
606 26
27 28
27 606
28 29
606 28
29 30
606 29
30 31
30 558
606 30
31 32
558 31
31 775
32 33
32 775
33 34
773 33
775 33
33 800
34 35
800 34
35 36
800 35
36 37
798 36
800 36
36 801
37 38
37 801
38 39
801 38
39 40
618 39
801 39
40 41
618 40
41 42
41 618
42 43
618 42
42 711
43 44
711 43
44 45
44 710
711 44
45 46
710 45
46 47
612 46
710 46
47 48
612 47
48 49
612 48
623 48
49 50
49 623
50 51
50 52
50 548
623 50
51 52
52 53
548 52
601 52
53 54
53 601
54 55
601 54
55 56
55 553
55 574
601 55
56 57
553 56
57 58
553 57
58 59
553 58
58 770
59 60
59 770
60 61
770 60
61 62
61 769
770 61
772 61
62 63
62 772
63 64
772 63
64 65
716 64
64 772
65 66
716 65
66 67
716 66
67 68
67 716
68 69
68 716
69 70
712 69
69 716
70 71
712 70
717 70
71 72
717 71
72 73
72 717
72 719
73 74
73 719
74 75
74 719
720 74
75 76
75 575
75 720
76 77
78 76
76 575
76 698
77 78
78 79
78 694
78 698
731 78
79 80
79 81
731 79
80 81
81 82
81 83
84 81
731 81
82 83
83 84
84 85
731 84
85 86
85 731
86 87
86 731
733 86
87 88
647 87
87 733
87 734
88 89
647 88
648 88
89 90
648 89
90 91
584 90
90 648
91 92
557 91
584 91
92 93
92 557
93 94
93 557
94 95
557 94
651 94
95 96
95 651
96 97
96 554
96 651
97 98
554 97
97 646
98 99
100 98
646 98
99 100
100 101
537 100
100 646
101 102
537 101
102 103
102 537
103 104
103 537
103 639
104 105
104 639
105 106
105 149
105 150
639 105
106 107
149 106
107 108
147 107
148 107
149 107
108 109
147 108
109 110
109 146
109 147
110 111
145 110
110 146
111 112
143 111
111 144
111 145
112 113
112 143
113 114
113 142
143 113
114 115
114 140
114 141
142 114
115 116
139 115
115 140
116 117
138 116
139 116
117 118
137 117
138 117
118 119
137 118
119 120
135 119
119 136
119 137
120 121
122 120
120 135
121 122
122 123
122 133
134 122
122 135
123 124
132 123
133 123
124 125
124 131
132 124
125 126
129 125
125 130
131 125
126 127
126 129
127 128
127 129
128 129
129 130
130 131
131 132
132 133
133 134
134 135
135 136
136 137
137 138
138 139
139 140
140 141
141 142
142 143
143 144
144 145
145 146
146 147
147 148
148 149
149 150
150 151
639 150
151 152
639 151
152 153
152 639
153 154
153 537
639 153
154 155
154 537
155 156
537 155
582 155
156 157
156 582
157 158
554 157
157 582
158 159
554 158
651 158
159 160
651 159
160 161
160 651
161 162
161 557
161 651
162 163
557 162
162 583
163 164
163 583
164 165
164 555
164 583
165 166
165 555
166 167
555 166
166 649
167 168
167 649
168 169
168 649
168 650
169 170
169 650
170 171
650 170
742 170
171 172
171 741
742 171
758 171
172 173
172 703
758 172
173 174
703 173
174 175
703 174
175 176
703 175
176 177
703 176
177 178
177 703
704 177
178 179
178 704
707 178
179 180
707 179
180 181
707 180
181 182
181 600
707 181
182 183
182 600
182 786
183 184
183 786
184 185
786 184
185 186
786 185
787 185
186 187
186 787
187 188
784 187
187 787
188 189
188 784
189 190
189 784
190 191
190 783
190 784
191 192
783 191
191 785
192 193
785 192
193 194
785 193
194 195
785 194
195 196
195 785
196 197
196 198
570 196
196 785
197 198
198 199
570 198
198 573
596 198
199 200
199 573
200 201
200 573
201 202
573 201
202 203
573 202
203 204
552 203
203 573
204 205
552 204
205 206
205 552
206 207
206 552
207 208
207 552
207 663
208 209
208 663
209 210
663 209
210 211
663 210
211 212
211 564
211 663
212 213
212 564
212 782
213 214
782 213
214 215
749 214
780 214
214 782
215 216
749 215
215 756
216 217
216 756
217 218
217 756
218 219
738 218
218 756
219 220
738 219
220 221
220 738
221 222
221 738
222 223
737 222
222 738
760 222
223 224
760 223
224 225
760 224
225 226
760 225
761 225
226 227
761 226
227 228
227 559
761 227
228 229
228 559
654 228
229 230
654 229
230 231
654 230
231 232
652 231
654 231
231 724
232 233
724 232
233 234
724 233
234 235
234 539
724 234
235 236
235 539
236 237
236 539
237 238
237 539
237 540
578 237
238 239
238 240
540 238
239 240
240 241
240 242
540 240
240 640
241 242
242 243
242 640
243 244
243 287
640 243
244 245
244 285
286 244
287 244
245 246
245 285
246 247
284 246
285 246
247 248
282 247
283 247
284 247
248 249
248 281
248 282
249 250
249 281
250 251
250 280
250 281
251 252
279 251
251 280
252 253
252 278
279 252
253 254
277 253
278 253
254 255
254 277
255 256
255 276
255 277
256 257
256 274
275 256
256 276
257 258
273 257
257 274
258 259
258 272
273 258
259 260
259 270
259 272
260 261
260 270
261 262
261 269
261 270
262 263
262 268
262 269
263 264
266 263
263 267
263 268
264 265
266 264
265 266
266 267
267 268
268 269
269 270
270 271
270 272
271 272
272 273
273 274
274 275
275 276
276 277
277 278
278 279
279 280
280 281
281 282
282 283
283 284
284 285
285 286
286 287
287 288
640 287
288 289
288 640
289 290
289 540
289 640
290 291
290 540
291 292
540 291
292 293
292 540
292 578
293 294
295 293
578 293
294 295
295 296
295 539
578 295
296 297
539 296
724 296
297 298
297 724
298 299
724 298
299 300
299 652
299 724
300 301
300 652
301 302
652 301
653 301
302 303
302 653
303 304
653 303
303 762
304 305
304 762
305 306
305 762
306 307
681 306
697 306
306 743
306 762
307 308
681 307
308 309
308 681
308 682
309 310
682 309
310 311
310 312
310 682
311 312
312 313
682 312
313 314
682 313
314 315
314 682
315 316
680 315
682 315
684 315
316 317
316 677
684 316
317 318
677 317
318 319
318 676
677 318
319 320
676 319
320 321
621 320
676 320
321 322
321 621
322 323
621 322
323 324
620 323
621 323
324 325
566 324
620 324
325 326
325 566
326 327
326 566
326 587
327 328
587 327
328 329
587 328
329 330
329 563
329 587
588 329
330 331
563 330
331 332
331 563
332 333
332 563
565 332
333 334
333 565
334 335
565 334
335 336
565 335
336 337
565 336
722 336
337 338
337 722
338 339
340 338
338 722
338 723
339 340
340 341
723 340
341 342
341 723
342 343
342 723
343 344
343 645
723 343
344 345
344 604
645 344
345 346
604 345
346 347
571 346
346 604
347 348
347 571
348 349
571 348
349 350
551 349
349 571
350 351
551 350
351 352
351 551
351 664
352 353
352 664
353 354
664 353
354 355
664 354
355 356
355 541
664 355
665 355
355 791
356 357
356 791
357 358
357 791
358 359
358 791
358 792
359 360
792 359
360 361
792 360
361 362
641 361
642 361
361 792
362 363
362 642
363 364
642 363
364 365
366 364
364 542
364 642
365 366
366 367
542 366
367 368
542 367
608 367
368 369
579 368
368 608
369 370
579 369
370 371
370 579
371 372
371 373
543 371
579 371
372 373
373 374
373 543
373 544
373 569
374 375
376 374
544 374
375 376
376 377
376 544
377 378
377 544
767 377
378 379
767 378
379 380
379 385
767 379
380 381
380 385
381 382
381 384
381 385
382 383
382 384
383 384
384 385
385 386
385 767
386 387
766 386
767 386
795 386
387 388
387 795
388 389
388 793
795 388
796 388
389 390
796 389
390 391
392 390
390 796
391 392
392 393
796 392
393 394
796 393
394 395
394 796
395 396
796 395
396 397
396 796
397 398
796 397
797 397
398 399
797 398
399 400
399 401
399 797
400 401
401 402
403 401
797 401
402 403
403 404
403 797
404 405
404 797
405 406
405 793
794 405
797 405
406 407
794 406
407 408
794 407
408 409
415 408
416 408
408 766
768 408
408 794
409 410
409 414
409 415
410 411
410 412
410 413
410 414
411 412
412 413
413 414
414 415
415 416
416 417
416 768
417 418
768 417
418 419
421 418
422 418
418 544
418 569
768 418
419 420
419 421
420 421
421 422
422 423
543 422
422 569
423 424
543 423
424 425
543 424
424 579
425 426
425 579
425 608
426 427
426 608
427 428
427 608
428 429
608 428
428 643
429 430
643 429
430 431
643 430
430 789
431 432
789 431
432 433
789 432
433 434
788 433
789 433
790 433
434 435
790 434
435 436
790 435
436 437
436 790
437 438
666 437
790 437
438 439
666 438
439 440
666 439
667 439
440 441
440 667
441 442
667 441
442 443
572 442
442 603
442 667
443 444
443 603
444 445
444 603
445 446
602 445
603 445
446 447
446 602
447 448
602 447
447 726
448 449
725 448
726 448
449 450
449 725
450 451
725 450
451 452
453 451
659 451
661 451
451 725
452 453
453 454
661 453
454 455
454 661
455 456
661 455
456 457
661 456
662 456
457 458
637 457
662 457
458 459
458 637
459 460
632 459
637 459
460 461
628 460
632 460
461 462
461 616
628 461
462 463
616 462
463 464
616 463
617 463
625 463
464 465
617 464
465 466
617 465
466 467
466 549
466 617
467 468
549 467
468 469
468 549
468 610
469 470
469 610
470 471
470 610
471 472
471 610
471 611
472 473
472 585
472 611
473 474
585 473
474 475
585 474
475 476
475 560
585 475
476 477
560 476
477 478
477 560
776 477
478 479
478 776
479 480
776 479
803 479
480 481
803 480
481 482
802 481
803 481
482 483
802 482
483 484
802 483
484 485
484 798
484 802
485 486
485 798
485 799
486 487
486 799
487 488
487 799
488 489
488 773
488 774
488 799
489 490
774 489
490 491
490 774
491 492
607 491
491 774
492 493
607 492
493 494
493 577
607 493
494 495
538 494
494 577
495 496
538 495
496 497
496 538
497 498
497 538
497 622
498 499
498 500
498 501
591 498
498 622
499 500
500 501
501 502
591 501
502 503
591 502
503 504
567 503
591 503
504 505
567 504
592 504
505 506
505 592
506 507
592 506
507 508
509 507
592 507
508 509
509 510
509 592
595 509
510 511
510 595
510 700
511 512
511 700
512 513
514 512
515 512
700 512
513 514
514 515
515 516
700 515
516 517
700 516
517 518
594 517
700 517
518 519
594 518
518 701
519 520
701 519
520 521
520 701
521 701
598 522
599 522
522 600
522 705
779 522
781 522
523 631
672 523
523 673
674 523
714 523
715 523
523 718
615 524
524 616
626 524
627 524
524 769
524 771
548 525
525 574
525 580
609 525
613 525
525 614
560 526
526 580
526 585
586 526
526 611
526 612
526 710
527 576
527 604
527 645
658 527
659 527
725 527
726 527
563 528
588 528
634 528
528 635
528 638
528 655
528 656
586 529
618 529
776 529
801 529
529 802
529 803
530 695
530 696
735 530
530 736
747 530
750 530
531 551
531 571
531 572
576 531
531 602
603 531
597 532
532 599
783 532
784 532
786 532
532 787
713 533
714 533
715 533
717 533
719 533
534 620
534 621
534 673
534 676
730 534
736 535
535 737
535 738
739 535
535 750
756 535
678 536
536 680
536 688
690 536
696 536
699 536
537 582
537 639
646 537
538 577
538 605
538 622
578 539
539 724
578 540
640 540
541 665
541 666
541 790
541 791
542 608
542 642
643 542
543 569
579 543
569 544
767 544
544 768
552 545
545 564
573 545
545 596
545 597
598 545
663 545
553 546
546 574
546 581
546 614
615 546
546 769
770 546
627 547
547 633
712 547
547 716
547 771
547 772
574 548
548 580
601 548
548 623
549 609
549 610
549 613
549 617
550 565
550 655
550 656
657 550
722 550
571 551
551 572
551 664
552 573
552 663
574 553
553 770
582 554
554 646
651 554
555 583
584 555
555 647
555 648
555 649
647 556
556 650
556 734
556 742
556 753
556 754
583 557
584 557
557 651
558 606
558 607
774 558
775 558
559 653
559 654
559 761
762 559
585 560
586 560
776 560
561 566
587 561
561 588
619 561
635 561
670 561
562 630
632 562
562 634
562 635
562 670
562 671
563 565
588 563
655 563
564 598
663 564
779 564
564 782
655 565
565 722
566 587
619 566
566 620
567 590
567 591
567 592
593 567
575 568
669 568
568 679
568 686
568 687
720 568
568 727
568 729
570 596
597 570
783 570
785 570
576 571
604 571
572 603
572 664
572 665
572 667
596 573
601 574
614 574
575 687
698 575
720 575
602 576
576 604
726 576
605 577
577 606
607 577
579 608
609 580
580 611
580 612
623 580
581 613
581 614
615 581
617 581
625 581
646 582
584 583
584 648
585 611
586 618
710 586
711 586
586 776
587 588
635 588
619 589
589 620
589 670
672 589
673 589
591 590
622 590
622 591
592 593
592 595
593 594
595 593
594 595
700 594
701 594
595 700
597 596
597 598
597 599
597 783
599 598
779 598
600 599
786 599
600 705
707 600
600 786
602 603
726 602
645 604
606 607
774 607
608 643
610 609
609 611
609 613
610 611
623 612
612 710
614 613
613 617
616 615
615 625
615 769
616 625
616 626
628 616
617 625
711 618
801 618
620 619
619 670
620 621
620 673
621 676
626 624
624 627
624 628
624 630
631 624
721 624
626 627
626 628
627 633
721 627
771 627
628 630
628 632
629 633
629 712
629 713
629 714
629 718
721 629
631 630
630 632
671 630
671 631
631 672
718 631
721 631
634 632
637 632
712 633
721 633
635 634
634 637
634 638
635 670
637 636
636 638
636 656
660 636
662 636
638 637
662 637
638 656
642 641
643 641
641 789
641 792
642 643
643 789
644 645
657 644
644 658
722 644
644 723
645 658
723 645
648 647
647 649
650 647
647 734
649 650
742 650
653 652
654 652
724 652
654 653
653 762
656 655
656 657
656 658
660 656
658 657
722 657
658 659
658 660
660 659
659 661
659 725
660 661
662 660
661 662
664 665
666 665
665 667
667 666
790 666
692 668
668 693
668 732
752 668
668 755
669 674
669 715
719 669
669 720
669 727
671 670
672 670
671 672
673 672
674 673
673 730
715 674
727 674
674 728
730 674
675 676
675 677
678 675
675 679
675 728
729 675
677 676
728 676
676 730
678 677
684 677
679 678
678 680
678 684
678 688
679 686
688 679
729 679
681 680
680 682
684 680
699 680
681 682
697 681
681 699
686 683
687 683
688 683
691 683
692 683
693 683
685 697
735 685
739 685
743 685
687 686
686 688
693 687
687 694
687 698
688 690
691 688
690 689
691 689
689 692
689 695
752 689
757 689
691 690
690 695
690 696
692 691
692 693
692 752
694 693
732 693
698 694
731 694
732 694
695 696
747 695
757 695
697 696
699 696
735 696
697 699
697 735
743 697
704 702
705 702
709 702
744 702
778 702
781 702
704 703
703 709
703 758
704 705
707 704
709 704
705 707
705 781
706 745
751 706
759 706
763 706
764 706
765 706
709 708
708 744
708 745
708 758
759 708
744 709
758 709
711 710
713 712
712 716
717 712
714 713
717 713
715 714
714 718
715 719
716 772
717 719
718 721
720 719
723 722
726 725
727 728
729 727
728 729
728 730
731 732
731 733
732 733
732 755
733 734
754 733
733 755
734 754
736 735
735 739
739 736
736 750
738 737
739 737
743 737
737 760
738 756
739 743
744 740
740 745
740 748
740 749
778 740
740 780
742 741
758 741
741 759
741 764
742 753
764 742
760 743
761 743
743 762
745 744
778 744
745 748
745 759
745 763
747 746
748 746
746 749
750 746
756 746
746 763
747 750
757 747
763 747
748 749
763 748
749 756
780 749
756 750
752 751
751 757
751 763
751 765
755 752
752 757
765 752
754 753
753 755
753 764
753 765
755 754
755 765
763 757
759 758
759 764
760 761
761 762
765 764
767 766
768 766
794 766
766 795
767 768
769 770
771 769
772 769
771 772
773 774
773 775
773 799
800 773
774 775
776 803
778 777
779 777
780 777
777 781
782 777
778 780
781 778
781 779
782 779
782 780
783 784
783 785
784 787
786 787
788 789
788 790
791 788
788 792
789 792
790 791
791 792
793 794
793 795
793 796
797 793
794 795
797 796
798 799
800 798
801 798
802 798
800 799
801 802
802 803
