783
334 506
330 504
326 502
322 497
323 492
320 490
319 485
318 481
317 476
319 471
319 466
322 461
321 456
320 451
323 447
322 442
321 439
322 434
320 429
318 424
316 419
315 414
312 409
312 405
309 400
307 399
307 393
307 389
306 385
302 383
303 379
300 377
301 371
299 366
299 361
299 356
298 352
297 347
295 343
294 338
293 333
292 328
289 323
287 318
285 313
283 308
282 303
280 299
279 294
277 289
275 284
273 279
271 274
268 269
263 269
258 269
253 271
249 275
248 280
246 285
244 290
242 295
240 300
238 305
236 310
234 315
233 319
231 324
229 328
228 333
228 338
227 343
223 348
222 353
222 358
222 363
220 368
219 373
218 378
217 383
214 388
213 393
213 398
211 401
213 404
208 409
206 414
205 418
203 423
201 427
201 429
200 434
198 439
198 444
198 449
200 453
199 458
200 462
203 467
206 470
206 473
206 477
207 481
207 485
204 487
204 492
205 497
203 501
199 504
194 506
191 507
186 505
183 505
180 505
176 504
171 502
169 500
170 495
170 490
170 486
170 482
173 481
175 476
177 472
178 467
180 462
179 457
180 452
182 448
182 443
182 438
181 433
181 428
181 423
180 418
181 413
182 408
182 403
182 398
182 394
181 389
182 384
182 379
184 374
184 369
186 364
187 360
189 358
191 353
193 349
190 349
196 344
194 341
197 337
197 332
198 327
198 322
196 319
198 314
198 309
197 304
197 299
196 294
197 289
197 284
195 279
198 276
195 271
197 267
194 264
191 261
186 260
185 256
185 251
187 246
189 241
191 237
193 233
195 229
197 225
199 221
200 218
203 213
206 208
210 203
214 199
212 194
210 189
207 187
207 182
208 177
210 172
211 167
211 162
211 157
209 152
208 147
208 142
208 137
208 132
207 127
202 127
197 127
192 127
187 124
182 124
177 125
172 124
167 123
162 123
157 123
152 124
147 125
142 126
137 127
133 128
128 127
125 128
120 127
117 127
113 125
108 126
104 127
99 124
94 124
89 124
84 125
79 124
74 124
69 124
64 123
59 123
54 125
49 127
44 127
39 128
34 128
30 127
31 125
35 124
36 122
40 123
45 121
50 118
49 114
44 113
39 114
34 116
31 118
28 117
25 116
23 116
19 114
16 112
18 108
23 105
28 103
32 103
37 103
42 102
47 102
52 103
57 104
62 105
67 104
72 103
77 104
82 103
87 104
92 105
97 105
102 105
107 105
112 104
117 104
122 104
127 104
132 103
137 104
142 104
147 105
152 104
157 104
162 104
167 104
172 104
177 104
182 104
187 103
192 103
197 103
202 103
207 102
212 101
217 100
222 98
221 93
217 89
214 84
212 79
210 74
209 71
209 65
208 60
207 55
209 51
208 46
210 41
210 36
214 31
217 27
219 23
223 20
227 17
232 15
237 12
242 11
247 9
252 8
257 8
262 8
267 9
272 10
277 12
282 15
287 17
292 22
297 26
300 31
304 36
306 41
308 46
308 51
308 56
308 61
307 66
308 69
307 72
305 77
303 82
301 86
298 91
295 95
295 100
300 101
305 102
310 102
315 103
320 103
325 104
330 105
335 105
340 105
345 105
350 104
355 103
360 105
365 105
370 105
375 104
380 104
385 104
390 104
395 105
400 105
405 105
410 105
415 106
420 104
425 105
430 104
435 104
440 104
445 104
450 104
455 103
458 102
462 101
465 102
470 103
475 101
478 102
483 104
488 106
492 108
496 110
494 113
491 114
487 115
483 118
478 116
473 115
468 114
463 114
464 118
466 121
471 122
476 124
481 125
480 128
476 128
472 129
468 127
463 127
458 126
453 125
448 122
445 125
440 125
435 125
430 125
425 125
420 124
415 124
410 125
405 125
400 126
395 126
390 126
385 127
380 128
375 128
370 126
365 126
360 124
355 125
350 124
345 124
340 125
335 126
330 124
325 125
320 126
315 126
310 126
309 131
309 136
308 141
308 146
309 151
305 156
305 161
306 166
308 169
309 173
310 178
312 181
311 186
311 191
314 196
310 196
305 198
308 203
311 207
313 211
315 216
318 221
320 226
323 231
324 236
327 241
328 246
329 251
332 256
328 259
325 262
323 267
323 272
324 277
323 282
324 287
323 292
323 297
323 302
323 307
323 312
323 317
323 322
323 327
323 332
324 337
326 342
327 344
326 347
328 351
332 354
334 358
334 363
338 365
336 368
339 367
339 372
339 377
339 382
339 387
339 392
339 397
339 402
339 407
340 412
340 417
340 422
340 427
339 432
339 437
339 442
339 447
341 452
341 454
344 457
344 462
348 463
348 467
347 472
350 476
352 478
353 482
355 484
357 487
359 489
361 494
362 499
361 502
357 506
355 505
350 506
345 506
340 506
335 506
228.785 243.392
258.158 88.1685
257.979 159.5
220.233 286.5
297.523 272.091
302.703 303.019
275.957 228.717
237.858 259.858
229.497 218.497
237.434 71.7263
278.402 69.2609
234.423 159.5
281.545 158.5
293.122 217.283
265.5 247.579
236.808 44.9812
259.523 33.3838
202.5 368.5
319.786 374.357
337.643 485.929
214.803 318
322.991 392.217
132.5 115.5
197.496 393.374
223.311 67.9654
230.26 32.2941
195.15 115
212.532 336.516
190.7 479.14
332.63 469.639
311.5 344.7
209.289 294
310.279 277
304.631 249.548
286.956 50.0087
292.147 146.694
222.76 47.326
58.3696 113.645
277.365 32.2649
321.398 361.801
184.893 113.902
208.986 281.822
222.723 301.868
316.668 252.743
311.425 366.902
312.039 355.803
174.585 114.021
221.306 268.059
307.541 262.857
313.269 241.277
217.549 277.092
209.12 268.289
297.823 233.791
214.921 252.656
332.594 494.445
120.957 115.496
110.522 114.843
227.487 80.6824
242.191 87.0117
233.41 58.4406
244.894 32.7742
332.177 459.337
338.859 476.638
298.81 287.773
293.404 158.487
287.499 180.323
287.486 168.603
298.288 187.144
297.497 174.451
269.514 174.483
288.145 200.918
277.278 167.807
269.75 158.724
288.553 190.597
268.51 194.974
277.175 186.573
295.986 196.07
261.541 123.843
234.197 124.161
278.677 196.792
277.352 212.757
262.735 141.969
263.366 151.551
230.336 292.749
211.163 306.203
314.205 268.903
200.71 250.377
203.893 259.813
231.83 90.8368
243.591 106.747
240.023 97.0829
251.836 98.2123
273.189 104.64
256.597 111.062
263.4 98.4788
275.116 86.034
223.117 57.6436
257.441 57.3497
237.846 24.3229
252.687 21.6032
311.013 289.272
292.356 297.541
293.638 307.63
287.858 287.552
297.634 207.092
277.467 144.174
210.243 236.379
247.843 121.794
267.367 114.243
278.063 127.303
245.261 54.2743
254.085 44.9847
248.703 66.2992
269.207 44.9985
263.164 71.6777
265.684 21.9346
284.014 150.053
208.762 245.616
253.094 133.502
239.801 115.943
225.571 112.259
271.233 135.507
286.419 136.044
293.786 120.638
297.581 136.906
300.08 127.747
245.447 41.9221
268.621 35.6431
279.468 42.5921
288.887 35.2956
269.27 60.9319
276.583 52.9932
271.766 76.6693
252.759 77.5241
275.568 22.5277
231.302 103.247
220.537 124.985
295.606 43.6605
243.767 78.1382
228.411 141.868
212.058 114.5
227.808 131.872
240.258 135.685
218.681 137.439
248.913 147.745
203.702 118.073
246.201 159.21
240.999 187.295
240.64 172.704
254.704 179.658
251.856 168.85
225.135 180.386
264.711 184.517
253.848 194.382
245.845 179.876
229.571 169.85
222.663 160.3
227.995 151.851
237.957 147.265
234.674 180.151
260.56 210.016
239.839 204.588
260.94 200.595
244.459 196.213
453.075 113.453
247.322 243.91
316.374 384.187
327.82 382.133
143.19 115
153.062 113.879
195.083 406.339
202.754 381.491
192.538 384.076
194.097 374.099
208.565 349.755
204.912 341.447
208.618 326.639
190.659 492.49
180.427 494.548
182.336 484.692
307.913 329.895
303.966 316.717
314.741 336.078
303.777 338.734
312.056 309.064
312.972 321.2
300.432 324.956
313.173 299.082
221.672 37.3965
223.759 312.387
234.542 273.968
229.559 282.714
230.367 265.542
242.21 268.326
304.433 222.986
307.955 232.564
304.13 213.714
285.061 248.654
287.704 227.75
288.19 238.43
294.983 246.1
293.117 259.402
284.018 269.671
283.249 279.189
286.583 210.333
288.05 79.8596
292.526 66.0948
285.125 90.3675
295.914 74.8066
283.837 60.4178
283.917 101.484
290.712 110.102
279.552 115.064
304.788 114.565
316.369 114.5
228.255 194.89
220.426 188.986
228.195 206.729
217.47 213.872
219.365 226.894
231.319 231.007
220.546 237.158
208.665 225.734
247.225 222.303
238.187 238.864
237.653 223.697
218.465 147.794
267.56 219.942
262.239 233.441
257.238 219.79
271.721 238.698
257.155 242.059
250.376 233.093
254.399 255.716
264.871 258.362
274.982 253.542
245.01 253.32
283.029 259.629
192.045 417.995
210.869 360.854
200.533 357.943
226.314 254.7
296.73 55.6319
326.495 114.5
336.806 115.174
249.211 211.078
346.909 493.916
325.545 405.511
330.056 397.752
327.978 417.288
329.918 427.183
190 467.667
204.444 108.808
309.333 110.464
783
332.978 500.311
334.331 496.545
335.208 494.107
335.682 492.807
335.888 489.724
335.426 487.004
335.194 485.636
334.817 483.267
334.149 478.636
333.928 476.919
333.219 471.278
332.272 462.918
330.872 450.227
330.921 450.676
330.593 447.676
314.667 344.889
330.068 439.036
330.234 436.434
330.732 426.157
329.801 420.991
328.975 416.464
327.75 410.397
326.55 404.444
325.595 399.665
324.399 393.691
325.068 397.049
323.805 390.718
322.43 383.83
321.036 375.114
320.852 373.663
320.925 374.263
320.912 374.227
320.307 372.626
317.607 365.437
316.841 363.39
313.78 354.989
311.712 349.025
309.568 342.582
308.523 339.095
308.059 336.295
307.716 333.782
306.413 324.241
305.105 316.361
304.254 311.825
303.422 307.468
303.102 304.225
303.006 302.435
302.832 298.028
302.925 293.721
303.274 287.26
304.038 280.876
304.376 271.98
304.345 257.02
296.669 233.879
271.494 216.572
249.163 218.121
230.956 236.863
216.134 257.261
215.629 271.874
216.734 279.907
217.378 286.283
217.838 291.748
218.102 296.477
218.349 301.671
218.03 307.35
217.495 312.919
217.134 315.604
216.632 319.358
215.207 324.318
212.757 333.009
212.198 334.992
211.737 336.626
209.827 343.369
206.217 355.447
205.428 357.728
204.912 359.365
203.257 362.667
200.72 367.716
199.758 372.68
199.072 376.631
197.755 384.407
196.255 393.508
195.635 397.743
195.535 398.442
195.484 398.811
194.948 402.445
193.361 413.247
192.966 415.926
192.117 421.642
191.447 426.07
191.244 427.548
190.84 429.805
190.775 430.134
188.858 443.667
188.232 449.8
188.67 453.177
188.444 456.889
190.815 468.197
193.019 474.869
193.767 473.704
192.598 475.494
192.053 477.89
191.715 479.351
192.032 478.053
191.604 479.814
191.804 495.335
194.285 498.397
193.546 497.475
192.823 496.572
192.426 496.076
192.396 496.04
188.847 491.692
185.118 492.251
182.692 493.774
180.821 494.936
177.899 496.751
169.404 502.027
179.062 496.029
185.282 492.109
183.909 492.602
163.918 497.783
185.066 492.28
189.869 486.174
191.104 480.019
191.388 472.982
190.057 462.7
189.064 455.631
188.609 452.775
188.261 449.467
188.906 443.198
189.55 436.95
190.38 432.353
191.169 427.975
191.791 423.794
192.285 420.536
192.809 416.996
193.334 413.43
194.91 402.69
195.589 398.002
196.161 394.068
196.805 390.126
197.363 386.68
197.955 383.17
198.423 380.421
199.789 372.448
200.526 368.185
201.474 366.26
201.858 365.48
205.467 357.612
206.613 354.288
206.247 355.416
207.157 352.622
208.757 347.192
209.937 342.985
212.149 335.153
214.229 327.785
215.843 322.104
215.783 322.34
216.795 318.352
217.71 310.985
218.074 304.992
218.112 302.736
218.227 297.213
217.793 291.738
217.012 281.976
216.689 278.977
215.7 269.951
214.997 263.559
214.163 256.003
207.793 251.857
202.88 252.625
179.641 256.512
187.572 255.125
200.631 252.858
202.927 252.497
208.459 251.644
211.488 250.659
213.966 248.762
216.631 246.58
218.31 244.903
217.352 245.121
217.962 244.956
225.009 239.233
232.314 232.61
243.657 219.745
260.444 190.222
259.832 182.139
229.829 181.883
179.467 183.107
0 0
238.037 181.677
257.011 178.713
257.457 167.987
252.686 154.874
246.834 145.395
239.998 138.163
238.945 137.955
241.685 138.124
242.747 135.579
240.722 129.538
225.919 123.168
202.748 116.313
194.825 113.963
192.285 113.307
187.908 113.461
178.501 113.773
176.538 113.839
173.954 113.821
168.407 113.31
162.236 112.618
156.507 113.133
150.26 113.856
144.648 114.665
139.217 115.457
134.37 116.169
131.991 116.491
126.597 116.408
125.359 116.391
121.896 116.358
120.152 116.21
117.326 115.944
106.438 114.919
105.776 114.857
102.082 114.507
93.7454 114.15
87.4074 113.897
83.3211 113.757
80.2659 113.677
77.6616 113.665
69.2656 113.681
63.8358 113.715
57.264 114.353
52.5354 118.956
47.6495 123.719
43.7195 125.162
38.4822 125.685
34.0108 126.109
29.9575 126.481
30.5547 126.427
32.7377 126.226
35.8307 125.942
39.8153 125.544
43.4304 124.924
53.7258 117.796
53.5226 110.943
35.8152 107.476
27.2521 110.05
29.7231 110.088
27.2759 111.134
27.4452 111.064
25.8205 111.728
24.4241 111.544
17.6994 111.364
15.8427 111.528
19.4992 111.196
21.4332 111.491
29.0002 110.427
31.2661 109.412
36.8301 106.964
42.5929 104.72
45.5064 105.335
51.2919 109.391
56.1504 112.75
61.18 113.731
52.4444 112
72.2329 113.663
76.9184 113.647
81.1781 113.7
84.0316 113.776
86.4255 113.864
84.2416 113.851
102.469 114.541
107.871 115.052
112.62 115.5
116.904 115.904
122.253 116.359
128.04 116.427
132.297 116.479
136.124 115.911
140.988 115.196
147.294 114.285
153.554 113.385
157.467 113.044
162.14 112.624
201.19 117.017
171.906 113.629
176.981 113.825
179.639 113.736
186.497 113.508
189.795 113.397
194.256 113.783
202.244 116.157
213.108 119.397
223.866 122.559
237.377 125.308
259.666 129.644
256.057 69.7302
250.02 49.9456
242.441 48.3041
237.501 46.9572
232.7 48.8926
232.818 48.851
238.925 45.8206
236.471 42.4386
234.96 41.5701
234.824 41.2491
233.118 39.2468
230.922 37.9744
229.595 37.4351
230.778 37.5195
230.639 36.5803
230.053 36.2709
230.206 36.2367
234.924 37.8254
240.752 37.7315
246.691 36.8384
248.965 36.3479
256.76 34.5274
258.662 33.2271
260.493 32.4652
261.675 31.9685
263.153 31.3182
264.319 31.5545
264.724 31.8292
265.921 33.136
268.065 35.5552
269.957 37.6123
276.694 43.143
281 44.2159
287.503 45.5845
291.826 45.4612
291.901 45.4654
288.453 45.6652
284.527 46.3762
285.386 48.6052
306.374 63.4791
323.083 74.5444
293.379 55.2086
288.69 52.2334
280.68 48.1652
275.803 49.8164
266.482 58.4295
258.97 82.2874
260.455 115.695
276.003 122.017
291.352 119.477
311.285 114.389
317.164 112.887
322.098 112.551
325.31 113.176
330.063 114.097
334.896 115.079
340.171 115.001
341.93 114.804
351.2 113.873
353.86 114.102
355.366 114.239
359.43 114.654
366.899 115.472
376.551 116.535
379.685 116.28
381.664 116.12
388.897 115.555
386.55 115.803
377.778 115.556
404.497 115.101
409.254 114.959
448.889 118.222
421.104 114.838
423.515 114.824
430.76 114.812
435.06 114.827
441.448 114.335
446.339 113.871
452.935 113.305
455.402 111.447
459.583 110.251
462.058 109.503
460.952 109.84
479.254 109.305
475.906 106.859
476.792 106.771
481.225 109.688
488.897 110.714
491.837 111.17
495.94 110.904
494.028 111.028
494.359 111.003
484.887 110.995
484.355 110.811
481.319 109.74
476.404 106.692
464.323 108.892
454.226 112.416
467.548 123.102
463.857 123.513
474.699 126.225
478.19 126.694
480.461 126.559
480.02 126.585
476.087 126.821
472.855 126.168
468.699 125.089
463.573 123.294
458.11 117.631
456.231 115.728
447.598 113.753
443.144 114.175
439.478 114.521
434.997 114.829
437.133 114.577
426.179 114.809
421.097 114.838
414.531 114.885
408.989 114.965
404.079 115.114
399.228 115.26
394.436 115.399
388.639 115.566
382.702 116.036
379.159 116.322
376.751 116.557
372.905 116.127
367.65 115.535
360.748 114.762
354.888 114.206
327.729 113.903
340.777 114.933
337.886 115.256
336.069 115.327
332.139 114.517
326.276 113.352
322.767 112.663
313.165 113.917
285.747 120.882
267.723 126.373
264.614 131.697
263.797 136.444
263.507 141.006
263.555 141.185
263.533 149.333
269.314 173.75
271.355 179.635
275.84 186.266
276.574 186.51
278.521 187.9
285.098 186.559
277.816 188.095
282.378 189.366
0 0
288.726 192.175
273.738 194.182
280.128 213.013
287.475 222.27
288.593 223.559
292.058 227.748
297.084 234.229
301.439 240.024
304.274 244.585
306.739 248.341
309.752 249.586
310.539 249.926
327.959 254.075
336.599 256.046
321.019 252.493
308.117 250.334
306.7 258.798
305.18 269.965
304.397 277.253
303.393 286.958
303.062 290.134
302.783 294.905
302.885 300.233
303.299 304.907
303.598 307.076
304.62 313.694
305.415 318.161
306.189 322.6
306.912 327.939
307.769 334.208
309.587 342.382
311.268 348.009
310.412 345.745
309.14 340.427
316.216 361.728
318.448 367.697
319.084 368.847
321.171 372.223
322.603 374.512
324.128 363.974
329.046 358.802
321.124 373.614
321.444 376.04
321.545 379.302
322.831 385.831
323.441 388.884
325.226 397.823
326.324 403.308
328.126 412.258
328.678 414.997
329.474 419.083
330.181 423.203
330.834 426.669
330.567 431.185
330.398 433.851
330.007 441.893
330.665 448.33
331.38 454.871
331.761 458.366
331.945 460.001
332.769 465.361
337.312 463.617
332.982 465.274
333.82 476.462
335.669 488.89
337.195 489.982
338.301 490.773
342.939 493.402
347.09 495.319
348.192 495.828
350.948 497.101
359.939 501.255
360.066 501.314
361.679 502.059
352.54 497.836
349.666 496.508
340.533 492.309
336.46 491.192
333.069 500.059
224.301 241.096
257.917 76.3133
259.165 154.121
217.801 291.397
303.848 282.07
302.984 302.013
280.707 217.02
220.142 247.009
240.984 223.941
250.676 49.9418
269.756 50.501
249.237 147.127
263.885 158.912
286.504 221.149
274.457 215.52
240.611 40.0147
258.694 35.1689
201.245 366.701
321.014 374.702
340.751 494.079
216.287 320.441
323.146 387.051
130.084 116.457
196.2 393.837
240.494 47.3885
232.782 38.8401
194.088 113.754
211.032 339.11
191.665 473.893
334.264 479.338
309.962 343.841
218.267 301.256
304.814 273.368
306.477 248.377
284.085 45.3598
262.9 144.846
234.225 40.3289
57.5777 114.052
269.392 37.5352
319.065 369.33
183.692 113.601
216.651 279.241
218.368 302.601
307.897 249.151
319.632 370.837
317.316 364.611
175.821 113.758
214.832 261.623
306.379 259.675
306.586 248.239
216.329 275.742
215.314 263.552
299.393 237.533
213.983 249.871
336.417 491.01
120.807 116.162
131.556 112
259.556 41.7778
257.164 72.2123
236.42 47.0879
246.591 37.8016
333.333 457.778
334.395 480.554
303.029 290.68
265.228 165.124
268.727 179.088
268.585 172.88
281.195 187.379
274.547 185.676
266.575 172.927
275.229 199.789
267.363 171.121
262.025 158.31
273.425 189.832
276.364 193.031
268.38 185.333
273.835 192.083
256.516 125.847
245.62 128.515
273.788 197.513
275.795 210.015
255.502 143.286
259.192 150.355
217.996 294.49
0 0
306.274 261.344
208.94 251.559
213.77 250.486
256.797 72.3214
256.764 112.904
256.644 93.0312
257.161 94.173
258.018 106.762
256.981 113.78
257.067 93.711
258.371 89.9576
236.994 42.6194
263.8 36.1669
245.407 37.0266
257.17 34.5817
303.086 290.461
302.922 300.478
303.33 306.921
303.042 291.032
279.553 212.133
262.281 145.455
215.455 247.623
251.838 123.945
259.534 122.45
262.564 138.723
0 0
255.187 39.9681
254.246 50.1978
270.668 41.2743
259.128 58.8899
263.403 32.1739
262.898 148.298
212.481 250.202
253.553 133.854
251.286 122.596
0 0
259.994 135.356
263.632 132.945
267.905 125.3
264.325 132.221
268.096 125.797
247.634 39.4453
267.295 36.9607
275.227 42.7668
276.79 43.2353
266.401 47.9042
274.232 43.7949
262.981 59.1293
256.21 60.4079
264.979 32.2587
255.499 114.644
240.153 128.228
285.412 44.8786
254.921 59.4105
244.225 137.654
216.468 120.381
242.887 133.474
258.206 154.066
242.885 135.24
253.318 145.448
208.173 117.926
255.587 155.993
261 185.413
258.246 169.432
262.771 178.336
259.031 168.273
259.288 178.543
266.286 183.617
264.054 191.88
260.995 178.315
257.514 168.017
252.238 153.657
247.127 144.897
248.009 144.092
259.899 178.482
266.365 203.548
259.377 202.228
266.374 196.812
261.696 193.891
453.343 113.266
243.619 221.863
321.669 380.015
321.978 380.849
147.131 114.31
153.154 113.6
193.572 411.81
198.172 381.948
197.777 384.269
199.517 374.021
207.111 345.778
213.334 330.942
215.527 323.161
181.669 494.027
172.737 496.125
189.065 490.172
307.274 330.552
304.689 314.152
308.067 336.287
308.424 338.656
304.066 310.16
306.669 325.353
307.169 329.777
302.913 301.238
230.271 37.6116
217.674 310.791
215.385 269.376
216.65 278.932
216.012 256.797
210.905 249.58
294.992 231.509
302.832 242.279
287.872 222.749
315.754 248.916
287.551 222.807
295.417 232.191
302.223 241.992
306.023 255.882
304.427 261.531
304.294 275.597
278.64 211.008
268.01 53.8178
282.453 47.8366
259.332 75.5921
0 0
277.913 47.1837
258.187 102.394
261.847 122.924
260.422 122.159
259.556 104.889
316.589 113.453
262.568 190.602
264.018 176.636
254.377 208.275
236.785 227.256
221.665 242.511
236.129 228.874
222.935 241.967
217.233 245.984
254.249 213.237
236.881 228.061
246.247 219.865
242.74 135.726
271.06 209.941
274.703 214.407
263.666 209.127
279.975 215.118
258.561 215.645
256.054 215.071
222.222 257.778
273.321 216.281
298.397 238.348
238.375 227.015
302.163 244.77
192.345 419.978
204.826 359.541
204.199 360.622
218.363 248.297
284.25 46.3206
327.115 113.521
331.357 114.372
260.075 203.645
346.295 494.831
325.587 399.461
325.278 398.083
328.933 416.465
330.783 426.494
191.093 470.374
204.444 108.808
309.333 110.464
1815
0 0
0 0
0 0
0 0
0 0
0 0
0 0
0 0
0 0
0 0
0 0
0 0
0 0
0 0
0 0
0 0
0 0
0 0
0 0
0 0
0 0
0 0
0 0
0 0
0 0
0 0
0 0
0 0
0 0
0 0
0 0
0 0
0 0
590 15
0 0
0 0
0 0
0 0
0 0
0 0
0 0
0 0
0 0
0 0
0 0
0 0
0 0
0 0
0 0
0 0
0 0
0 0
0 0
0 0
0 0
0 0
0 0
0 0
0 0
0 0
0 0
0 0
0 0
0 0
0 0
0 0
0 0
0 0
0 0
0 0
0 0
0 0
0 0
0 0
0 0
0 0
0 0
0 0
0 0
0 0
0 0
0 0
0 0
0 0
0 0
0 0
0 0
0 0
0 0
0 0
0 0
0 0
0 0
0 0
0 0
0 0
0 0
0 0
0 0
0 0
0 0
0 0
0 0
0 0
0 0
0 0
0 0
0 0
0 0
0 0
0 0
0 0
0 0
0 0
0 0
0 0
15 731
0 0
0 0
0 0
0 0
0 0
0 0
0 0
0 0
0 0
0 0
0 0
0 0
0 0
0 0
731 185
0 0
0 0
0 0
0 0
185 762
0 0
0 0
0 0
0 0
0 0
0 0
0 0
0 0
0 0
0 0
0 0
0 0
0 0
0 0
0 0
0 0
0 0
0 0
0 0
0 0
0 0
0 0
0 0
0 0
0 0
0 0
0 0
0 0
0 0
0 0
762 703
0 0
0 0
0 0
0 0
0 0
0 0
0 0
0 0
0 0
0 0
0 0
0 0
0 0
0 0
0 0
0 0
0 0
0 0
0 0
0 0
0 0
0 0
0 0
0 0
0 0
0 0
0 0
0 0
0 0
0 0
0 0
0 0
0 0
0 0
0 0
0 0
0 0
0 0
0 0
0 0
0 0
0 0
0 0
0 0
0 0
0 0
0 0
0 0
0 0
0 0
0 0
0 0
0 0
0 0
0 0
0 0
0 0
0 0
0 0
0 0
0 0
0 0
0 0
0 0
0 0
0 0
0 0
703 96
0 0
0 0
0 0
0 0
0 0
0 0
0 0
0 0
0 0
0 0
0 0
0 0
0 0
0 0
0 0
0 0
0 0
0 0
0 0
0 0
0 0
0 0
0 0
0 0
0 0
0 0
0 0
0 0
0 0
0 0
0 0
0 0
0 0
0 0
0 0
0 0
0 0
0 0
0 0
0 0
0 0
0 0
0 0
0 0
0 0
0 0
0 0
0 0
0 0
0 0
0 0
0 0
0 0
0 0
0 0
0 0
0 0
0 0
0 0
0 0
0 0
0 0
0 0
0 0
0 0
0 0
0 0
0 0
0 0
0 0
0 0
0 0
0 0
0 0
0 0
0 0
0 0
0 0
0 0
0 0
0 0
0 0
0 0
0 0
0 0
0 0
0 0
0 0
0 0
0 0
0 0
0 0
0 0
0 0
0 0
0 0
0 0
0 0
0 0
0 0
0 0
0 0
0 0
0 0
0 0
0 0
0 0
0 0
0 0
0 0
0 0
0 0
0 0
0 0
0 0
0 0
0 0
0 0
0 0
0 0
0 0
0 0
0 0
0 0
0 0
0 0
0 0
0 0
0 0
0 0
0 0
0 0
0 0
0 0
0 0
0 0
0 0
0 0
0 0
0 0
0 0
0 0
0 0
0 0
0 0
0 0
0 0
0 0
0 0
0 0
0 0
0 0
0 0
0 0
0 0
0 0
0 0
0 0
0 0
0 0
0 0
0 0
0 0
0 0
0 0
0 0
0 0
0 0
0 0
0 0
0 0
0 0
0 0
0 0
0 0
0 0
0 0
0 0
0 0
0 0
0 0
0 0
0 0
0 0
0 0
0 0
0 0
0 0
0 0
0 0
0 0
0 0
0 0
0 0
0 0
0 0
0 0
0 0
0 0
0 0
0 0
0 0
0 0
0 0
0 0
0 0
0 0
0 0
0 0
0 0
0 0
0 0
0 0
0 0
0 0
0 0
0 0
0 0
0 0
0 0
0 0
0 0
0 0
0 0
0 0
0 0
0 0
185 742
0 0
0 0
0 0
0 0
0 0
0 0
0 0
0 0
0 0
0 0
0 0
0 0
0 0
0 0
0 0
0 0
0 0
0 0
0 0
0 0
0 0
0 0
0 0
0 0
0 0
0 0
0 0
0 0
0 0
0 0
0 0
0 0
0 0
0 0
0 0
0 0
0 0
0 0
0 0
0 0
0 0
0 0
0 0
0 0
0 0
0 0
0 0
0 0
0 0
0 0
0 0
0 0
0 0
0 0
0 0
0 0
0 0
0 0
0 0
0 0
0 0
0 0
0 0
0 0
0 0
0 0
0 0
0 0
0 0
0 0
0 0
0 0
0 0
0 0
0 0
0 0
0 0
0 0
0 0
0 0
0 0
0 0
0 0
0 0
0 0
0 0
0 0
0 0
0 0
0 0
0 0
0 0
0 0
585 264
0 0
0 0
0 0
0 0
0 0
0 0
0 0
0 0
0 0
0 0
0 0
0 0
0 0
0 0
0 0
0 0
0 0
0 0
0 0
0 0
0 0
0 0
0 0
0 0
0 0
0 0
0 0
0 0
0 0
0 0
0 0
0 0
0 0
0 0
0 0
0 0
0 0
0 0
0 0
0 0
0 0
0 0
0 0
0 0
0 0
0 0
0 0
0 0
0 0
0 0
0 0
0 0
0 0
0 0
0 0
0 0
0 0
0 0
0 0
0 0
0 0
0 0
0 0
0 0
0 0
0 0
0 0
0 0
0 0
0 0
0 0
0 0
0 0
0 0
0 0
0 0
0 0
0 0
0 0
0 0
0 0
0 0
0 0
0 0
0 0
0 0
0 0
0 0
0 0
0 0
0 0
0 0
0 0
0 0
0 0
0 0
0 0
0 0
0 0
0 0
0 0
0 0
0 0
0 0
0 0
0 0
0 0
0 0
0 0
0 0
0 0
0 0
0 0
0 0
0 0
0 0
0 0
0 0
0 0
0 0
0 0
0 0
0 0
0 0
0 0
0 0
0 0
0 0
0 0
0 0
0 0
0 0
0 0
0 0
0 0
0 0
0 0
0 0
0 0
0 0
0 0
0 0
0 0
742 586
0 0
0 0
0 0
0 0
0 0
0 0
0 0
0 0
0 0
0 0
0 0
0 0
0 0
0 0
0 0
0 0
0 0
0 0
0 0
0 0
0 0
0 0
0 0
0 0
0 0
0 0
0 0
0 0
0 0
0 0
0 0
0 0
0 0
0 0
0 0
0 0
0 0
0 0
0 0
0 0
0 0
0 0
0 0
0 0
0 0
0 0
0 0
0 0
0 0
0 0
0 0
0 0
0 0
0 0
0 0
0 0
0 0
0 0
0 0
0 0
0 0
0 0
0 0
0 0
0 0
0 0
0 0
0 0
0 0
0 0
0 0
0 0
0 0
0 0
0 0
0 0
0 0
0 0
0 0
0 0
0 0
0 0
0 0
0 0
0 0
0 0
0 0
0 0
0 0
0 0
0 0
0 0
0 0
0 0
0 0
0 0
0 0
0 0
0 0
0 0
0 0
0 0
0 0
0 0
0 0
0 0
0 0
0 0
0 0
0 0
0 0
0 0
0 0
0 0
0 0
0 0
0 0
0 0
0 0
0 0
0 0
0 0
0 0
0 0
0 0
0 0
0 0
0 0
0 0
0 0
0 0
0 0
0 0
0 0
0 0
0 0
0 0
0 0
0 0
0 0
0 0
0 0
0 0
0 0
0 0
0 0
0 0
0 0
0 0
0 0
0 0
0 0
0 0
0 0
0 0
0 0
0 0
0 0
0 0
0 0
0 0
0 0
0 0
0 0
0 0
0 0
0 0
0 0
0 0
0 0
0 0
0 0
0 0
0 0
0 0
0 0
0 0
364 367
0 0
0 0
0 0
0 0
0 0
0 0
0 0
0 0
0 0
0 0
0 0
0 0
0 0
0 0
0 0
0 0
0 0
0 0
0 0
0 0
0 0
0 0
0 0
0 0
0 0
0 0
0 0
0 0
0 0
0 0
0 0
0 0
0 0
0 0
0 0
0 0
0 0
0 0
0 0
0 0
0 0
0 0
0 0
0 0
0 0
0 0
0 0
0 0
0 0
0 0
0 0
0 0
0 0
0 0
0 0
0 0
0 0
0 0
0 0
0 0
0 0
0 0
0 0
0 0
0 0
0 0
0 0
0 0
0 0
0 0
0 0
0 0
0 0
0 0
0 0
0 0
0 0
0 0
0 0
0 0
0 0
0 0
0 0
0 0
0 0
0 0
0 0
0 0
0 0
0 0
0 0
0 0
0 0
0 0
0 0
0 0
0 0
0 0
0 0
0 0
0 0
0 0
0 0
0 0
0 0
0 0
0 0
0 0
0 0
0 0
0 0
0 0
0 0
0 0
0 0
0 0
0 0
0 0
0 0
0 0
0 0
0 0
0 0
0 0
0 0
0 0
0 0
0 0
0 0
0 0
0 0
0 0
0 0
0 0
0 0
0 0
0 0
0 0
0 0
0 0
0 0
0 0
0 0
0 0
0 0
0 0
0 0
0 0
0 0
0 0
0 0
0 0
0 0
0 0
0 0
0 0
0 0
0 0
0 0
0 0
0 0
0 0
0 0
0 0
0 0
0 0
0 0
0 0
0 0
0 0
0 0
0 0
0 0
0 0
0 0
0 0
0 0
0 0
0 0
0 0
0 0
0 0
0 0
0 0
0 0
0 0
0 0
0 0
0 0
0 0
0 0
0 0
0 0
0 0
0 0
0 0
0 0
0 0
0 0
0 0
0 0
0 0
0 0
0 0
0 0
0 0
0 0
0 0
0 0
0 0
0 0
0 0
0 0
0 0
0 0
0 0
0 0
0 0
0 0
0 0
0 0
0 0
0 0
0 0
0 0
0 0
0 0
0 0
0 0
0 0
0 0
0 0
0 0
0 0
0 0
0 0
0 0
0 0
0 0
0 0
0 0
0 0
0 0
0 0
0 0
0 0
0 0
0 0
0 0
0 0
0 0
0 0
0 0
0 0
0 0
0 0
0 0
0 0
0 0
0 0
0 0
0 0
0 0
0 0
0 0
0 0
0 0
0 0
0 0
0 0
0 0
0 0
0 0
0 0
0 0
0 0
0 0
0 0
0 0
0 0
0 0
0 0
0 0
0 0
0 0
0 0
0 0
0 0
0 0
0 0
0 0
0 0
0 0
0 0
0 0
0 0
0 0
0 0
0 0
0 0
0 0
0 0
0 0
0 0
0 0
0 0
0 0
0 0
0 0
0 0
0 0
0 0
0 0
0 0
0 0
0 0
0 0
0 0
0 0
0 0
0 0
0 0
0 0
0 0
0 0
0 0
0 0
0 0
0 0
0 0
0 0
0 0
0 0
0 0
0 0
0 0
0 0
0 0
0 0
0 0
0 0
0 0
0 0
0 0
0 0
0 0
0 0
0 0
0 0
0 0
0 0
0 0
0 0
0 0
0 0
0 0
0 0
0 0
0 0
0 0
0 0
0 0
0 0
0 0
0 0
0 0
0 0
0 0
0 0
0 0
0 0
0 0
0 0
0 0
0 0
0 0
0 0
0 0
0 0
0 0
0 0
0 0
0 0
0 0
0 0
0 0
0 0
0 0
0 0
0 0
0 0
0 0
0 0
0 0
0 0
0 0
0 0
0 0
0 0
0 0
0 0
0 0
0 0
0 0
0 0
0 0
0 0
0 0
0 0
0 0
0 0
0 0
0 0
0 0
0 0
0 0
0 0
0 0
0 0
0 0
0 0
0 0
0 0
0 0
0 0
0 0
0 0
0 0
0 0
0 0
0 0
0 0
0 0
0 0
0 0
0 0
0 0
0 0
0 0
0 0
0 0
0 0
0 0
0 0
0 0
0 0
0 0
0 0
0 0
0 0
0 0
0 0
0 0
0 0
0 0
0 0
0 0
0 0
0 0
0 0
0 0
0 0
0 0
0 0
0 0
0 0
0 0
0 0
0 0
0 0
0 0
0 0
0 0
0 0
0 0
0 0
0 0
0 0
0 0
0 0
0 0
0 0
0 0
0 0
0 0
0 0
0 0
0 0
0 0
0 0
0 0
0 0
0 0
0 0
0 0
0 0
0 0
0 0
0 0
0 0
0 0
0 0
0 0
0 0
0 0
0 0
0 0
0 0
0 0
0 0
0 0
0 0
0 0
0 0
0 0
0 0
0 0
0 0
0 0
0 0
0 0
0 0
0 0
0 0
0 0
0 0
0 0
0 0
0 0
0 0
0 0
0 0
0 0
0 0
0 0
0 0
0 0
0 0
0 0
0 0
0 0
0 0
0 0
0 0
0 0
0 0
0 0
0 0
0 0
0 0
0 0
0 0
0 0
0 0
0 0
0 0
0 0
0 0
0 0
0 0
0 0
0 0
0 0
0 0
0 0
0 0
0 0
0 0
0 0
0 0
0 0
0 0
0 0
0 0
0 0
0 0
0 0
0 0
0 0
0 0
0 0
0 0
0 0
0 0
0 0
0 0
0 0
0 0
0 0
0 0
0 0
0 0
0 0
0 0
0 0
0 0
0 0
0 0
0 0
0 0
0 0
0 0
0 0
0 0
0 0
0 0
0 0
0 0
0 0
0 0
0 0
0 0
0 0
0 0
0 0
0 0
0 0
0 0
0 0
0 0
0 0
0 0
0 0
0 0
0 0
0 0
0 0
0 0
0 0
0 0
0 0
0 0
0 0
0 0
0 0
0 0
0 0
0 0
0 0
0 0
0 0
0 0
0 0
0 0
0 0
0 0
0 0
0 0
0 0
0 0
0 0
0 0
0 0
0 0
0 0
0 0
0 0
0 0
0 0
0 0
0 0
0 0
0 0
0 0
0 0
0 0
0 0
0 0
0 0
0 0
0 0
0 0
0 0
0 0
0 0
0 0
0 0
0 0
0 0
0 0
0 0
0 0
0 0
0 0
0 0
0 0
0 0
0 0
0 0
0 0
0 0
0 0
0 0
0 0
0 0
0 0
0 0
0 0
0 0
0 0
0 0
0 0
0 0
0 0
0 0
0 0
0 0
0 0
0 0
0 0
0 0
0 0
0 0
0 0
0 0
0 0
0 0
0 0
0 0
0 0
0 0
0 0
0 0
0 0
0 0
0 0
0 0
0 0
0 0
0 0
0 0
0 0
0 0
0 0
0 0
0 0
0 0
0 0
0 0
0 0
0 0
0 0
0 0
0 0
0 0
0 0
0 0
0 0
0 0
0 0
0 0
0 0
0 0
0 0
0 0
0 0
0 0
0 0
0 0
0 0
0 0
0 0
0 0
0 0
0 0
0 0
0 0
0 0
0 0
0 0
0 0
0 0
0 0
0 0
0 0
0 0
0 0
0 0
0 0
0 0
0 0
0 0
0 0
0 0
0 0
0 0
0 0
0 0
0 0
0 0
0 0
0 0
0 0
0 0
0 0
0 0
0 0
0 0
0 0
0 0
0 0
0 0
0 0
0 0
0 0
0 0
0 0
0 0
0 0
0 0
0 0
0 0
0 0
0 0
0 0
0 0
0 0
0 0
0 0
0 0
0 0
0 0
0 0
0 0
0 0
0 0
0 0
0 0
0 0
0 0
0 0
0 0
0 0
0 0
0 0
0 0
0 0
0 0
0 0
0 0
0 0
0 0
0 0
0 0
0 0
0 0
0 0
0 0
0 0
0 0
0 0
0 0
0 0
0 0
0 0
0 0
0 0
0 0
0 0
0 0
0 0
0 0
0 0
0 0
0 0
0 0
0 0
0 0
0 0
0 0
0 0
0 0
0 0
0 0
0 0
0 0
0 0
0 0
0 0
0 0
0 0
0 0
0 0
0 0
0 0
0 0
0 0
0 0
0 0
0 0
0 0
0 0
0 0
0 0
0 0
0 0
0 0
0 0
0 0
0 0
0 0
0 0
0 0
0 0
0 0
0 0
0 0
0 0
0 0
0 0
0 0
0 0
0 0
0 0
0 0
0 0
0 0
0 0
0 0
0 0
0 0
0 0
0 0
0 0
0 0
0 0
0 0
0 0
0 0
0 0
0 0
742 781
781 585
742 782
782 364
1811
0 1
528 0
583 0
1 2
583 1
2 3
2 583
3 4
583 3
4 5
6 4
4 548
583 4
5 6
6 7
548 6
7 8
9 7
548 7
7 558
7 591
8 9
9 10
9 558
10 11
10 558
11 12
11 558
590 11
12 13
14 12
590 12
13 14
14 15
505 14
506 14
14 590
15 16
17 15
504 15
505 15
16 17
17 18
504 17
779 17
18 19
18 779
19 20
19 778
19 779
20 21
778 20
21 22
21 776
778 21
22 23
776 22
23 24
23 550
23 776
24 25
24 26
550 24
25 26
26 27
26 550
695 26
27 28
27 695
28 29
28 30
28 695
29 30
30 31
32 30
30 547
573 30
695 30
31 32
32 33
573 32
33 34
573 33
34 35
573 34
34 574
35 36
574 35
36 37
559 36
36 574
37 38
37 559
37 712
38 39
38 712
39 40
712 39
40 41
712 40
40 715
41 42
715 41
42 43
42 710
715 42
43 44
631 43
710 43
44 45
631 44
45 46
631 45
46 47
46 630
46 631
47 48
47 630
48 49
630 48
48 632
49 50
49 632
732 49
50 51
50 732
51 52
51 732
52 53
52 731
732 52
53 54
731 53
763 53
53 764
766 53
54 55
763 54
55 56
55 762
763 55
56 57
56 722
762 56
57 58
719 57
722 57
58 59
719 58
59 60
719 59
59 720
60 61
612 60
60 720
61 62
612 61
62 63
612 62
63 64
571 63
612 63
64 65
64 571
718 64
65 66
718 65
66 67
66 718
67 68
67 549
718 67
68 69
68 549
556 68
68 705
69 70
69 556
70 71
70 556
71 72
71 556
72 73
556 72
72 703
73 74
73 703
768 73
74 75
768 74
75 76
75 768
76 77
76 768
77 78
77 546
768 77
78 79
78 546
78 700
79 80
79 700
80 81
80 700
81 82
83 81
552 81
700 81
82 83
83 84
85 83
83 552
699 83
84 85
85 86
85 699
86 87
86 699
767 86
87 88
767 87
88 89
767 88
89 90
132 89
767 89
90 91
132 90
91 92
91 131
91 132
92 93
92 129
130 92
131 92
93 94
128 93
129 93
94 95
96 94
127 94
128 94
95 96
96 97
125 96
96 126
127 96
96 780
97 98
780 97
98 99
100 98
557 98
780 98
99 100
100 101
100 557
101 102
101 104
557 101
102 103
104 102
103 104
104 105
104 557
104 706
105 106
107 105
706 105
106 107
107 108
107 706
108 109
108 706
109 110
109 111
706 109
110 111
111 112
111 706
707 111
112 113
707 112
113 114
113 707
114 115
114 707
115 116
115 117
707 115
116 117
117 118
117 707
118 119
707 118
118 708
119 120
119 121
708 119
120 121
121 122
121 708
122 123
122 708
123 124
557 123
708 123
780 123
124 125
124 780
125 126
125 780
126 127
127 128
128 129
129 130
130 131
131 132
132 133
767 132
133 134
767 133
134 135
767 134
135 136
767 135
136 137
699 136
136 767
137 138
137 699
138 139
552 138
138 699
139 140
139 552
139 701
140 141
701 140
141 142
701 141
142 143
142 701
143 144
701 143
143 702
144 145
702 144
145 146
147 145
546 145
702 145
146 147
147 148
546 147
147 769
148 149
148 769
149 150
151 149
149 769
150 151
151 152
151 153
151 703
704 151
151 769
152 153
153 154
704 153
154 155
704 154
705 154
155 156
705 155
156 157
156 158
156 549
156 705
157 158
158 159
158 549
613 158
159 160
613 159
160 161
613 160
161 162
161 560
613 161
162 163
162 560
163 164
560 163
570 163
164 165
164 166
570 164
165 166
166 167
166 168
166 570
166 580
167 168
168 169
168 580
168 616
169 170
169 616
170 171
172 170
170 173
170 615
170 616
171 172
172 173
173 174
173 615
174 175
174 615
175 176
175 615
176 177
176 615
176 635
176 646
177 178
177 635
178 179
635 178
178 751
179 180
179 751
180 181
180 751
181 182
751 181
182 183
747 182
751 182
183 184
183 747
184 185
184 747
185 186
185 744
185 745
746 185
185 747
186 187
186 745
187 188
187 189
187 745
188 189
189 190
745 189
190 191
680 190
190 745
191 192
680 191
684 191
192 193
684 192
192 685
193 194
685 193
194 195
685 194
194 755
195 196
755 195
196 197
196 755
197 198
197 672
755 197
198 199
672 198
199 200
665 199
672 199
200 201
200 665
200 669
200 674
201 202
201 674
202 203
202 555
674 202
203 204
203 555
204 205
555 204
569 204
205 206
205 569
575 205
206 207
575 206
207 208
575 207
208 209
208 283
284 208
208 575
209 210
209 283
698 209
210 211
698 210
211 212
697 211
211 698
212 213
697 212
213 214
213 697
214 215
551 214
697 214
215 216
215 551
216 217
551 216
216 584
217 218
217 584
218 219
218 584
219 220
584 219
220 221
584 220
220 585
221 222
223 221
221 585
222 223
223 224
223 270
223 271
223 585
224 225
269 224
270 224
225 226
225 268
269 225
226 227
268 226
227 228
227 266
227 267
268 227
228 229
264 228
228 265
266 228
229 230
264 229
229 566
230 231
230 566
231 232
243 231
231 566
232 233
232 243
233 234
242 233
233 243
234 235
234 241
234 242
235 236
235 239
241 235
236 237
238 236
236 239
237 238
238 239
239 240
239 241
240 241
241 242
242 243
243 244
243 566
244 245
260 244
244 261
262 244
566 244
245 246
245 258
259 245
245 260
246 247
246 257
246 258
247 248
247 249
256 247
257 247
248 249
249 250
256 249
250 251
250 255
256 250
251 252
255 251
252 253
252 254
252 255
253 254
254 255
255 256
256 257
257 258
258 259
259 260
260 261
261 262
262 263
262 566
263 264
263 566
264 265
264 566
265 266
266 267
267 268
268 269
269 270
270 271
271 272
271 585
272 273
272 585
273 274
273 585
274 275
584 274
585 274
275 276
275 584
276 277
551 276
276 584
277 278
277 551
278 279
278 551
697 278
279 280
279 697
280 281
280 697
698 280
281 282
698 281
282 283
698 282
283 284
698 283
284 285
284 575
285 286
285 575
286 287
575 286
287 288
287 569
575 287
288 289
569 288
289 290
289 555
569 289
290 291
290 555
291 292
555 291
291 669
291 674
292 293
669 292
293 294
669 293
294 295
294 649
294 669
295 296
617 295
295 649
664 295
296 297
586 296
296 617
297 298
586 297
298 299
298 586
299 300
553 299
299 586
300 301
300 553
301 302
553 301
302 303
553 302
625 302
303 304
305 303
303 625
304 305
305 306
565 305
625 305
306 307
306 565
307 308
307 565
717 307
308 309
717 308
309 310
717 309
310 311
310 554
717 310
311 312
311 554
312 313
554 312
313 314
313 554
313 627
314 315
314 627
315 316
627 315
316 317
316 627
316 628
317 318
317 628
318 319
318 628
319 320
319 628
319 644
320 321
320 644
321 322
321 644
322 323
644 322
663 322
323 324
663 323
324 325
663 324
325 326
663 325
326 327
567 326
326 658
663 326
327 328
658 327
328 329
658 328
666 328
329 330
666 329
330 331
330 666
331 332
331 666
332 333
332 666
771 332
333 334
333 771
334 335
771 334
335 336
335 337
735 335
737 335
335 771
336 337
337 338
737 337
338 339
338 737
339 340
339 737
340 341
734 340
737 340
341 342
341 734
736 341
342 343
342 736
342 739
343 344
739 343
740 343
344 345
344 740
742 344
345 346
345 742
346 347
742 346
743 346
347 348
347 743
348 349
348 743
349 350
349 743
349 772
350 351
772 350
773 350
351 352
773 351
352 353
352 773
353 354
353 426
427 353
773 353
354 355
356 354
354 426
355 356
356 357
356 424
356 425
426 356
357 358
423 357
357 424
358 359
422 358
423 358
359 360
420 359
359 421
359 422
360 361
419 360
360 420
361 362
418 361
361 419
362 363
362 418
363 364
416 363
417 363
418 363
364 365
364 415
364 416
365 366
414 365
365 415
366 367
366 413
414 366
367 368
369 367
367 412
367 413
368 369
369 370
410 369
369 411
412 369
370 371
370 409
410 370
371 372
408 371
371 409
372 373
372 406
372 408
373 374
373 406
693 373
374 375
693 374
375 376
375 393
693 375
376 377
378 376
393 376
377 378
378 379
378 392
393 378
379 380
379 381
391 379
379 392
380 381
381 382
381 390
381 391
382 383
388 382
382 390
383 384
383 387
383 388
384 385
384 386
387 384
385 386
386 387
387 388
388 389
390 388
389 390
390 391
391 392
392 393
393 394
693 393
394 395
404 394
394 693
395 396
402 395
403 395
395 404
396 397
401 396
396 402
397 398
399 397
397 400
401 397
398 399
399 400
400 401
401 402
402 403
403 404
404 405
404 693
405 406
405 693
406 407
408 406
693 406
407 408
408 409
409 410
410 411
411 412
412 413
413 414
414 415
415 416
416 417
417 418
418 419
419 420
420 421
421 422
422 423
423 424
424 425
425 426
426 427
427 428
427 773
428 429
428 773
429 430
429 773
430 431
430 772
773 430
431 432
431 743
772 431
432 433
432 743
433 434
433 743
434 435
654 434
434 742
434 743
435 436
435 653
654 435
436 437
653 436
437 438
653 437
438 439
440 438
438 564
653 438
439 440
440 441
564 440
593 440
441 442
593 441
442 443
442 593
597 442
443 444
597 443
444 445
444 597
445 446
445 447
596 445
445 597
446 447
447 448
447 596
448 449
448 450
451 448
448 596
449 450
450 451
451 452
451 596
605 451
633 451
452 453
452 633
452 725
453 454
725 453
454 455
725 454
455 456
723 455
455 725
456 457
723 456
724 456
457 458
457 724
458 459
578 458
458 724
459 460
459 578
460 461
578 460
461 462
461 572
578 461
462 463
462 464
572 462
463 464
464 465
572 464
465 466
572 465
614 465
466 467
614 466
467 468
467 561
467 614
468 469
468 561
469 470
469 561
629 469
470 471
470 629
471 472
471 629
471 716
472 473
716 472
473 474
473 716
474 475
713 474
716 474
475 476
475 713
476 477
713 476
476 714
477 478
714 477
478 479
478 711
714 478
479 480
711 479
480 481
480 711
481 482
483 481
559 481
481 711
482 483
483 484
559 483
574 483
484 485
568 484
484 574
485 486
485 568
486 487
568 486
487 488
487 489
487 568
488 489
489 490
489 491
492 489
547 489
568 489
696 489
490 491
491 492
492 493
696 492
493 494
696 493
494 495
696 494
495 496
495 696
495 777
496 497
777 496
497 498
497 776
777 497
498 499
776 498
498 778
499 500
778 499
500 501
778 500
501 502
501 778
779 501
502 503
779 502
503 504
779 503
504 505
779 504
505 506
506 507
590 506
507 508
507 590
508 509
510 508
508 590
509 510
510 511
512 510
513 510
558 510
590 510
511 512
512 513
513 514
513 558
591 513
514 515
516 514
514 548
514 591
515 516
516 517
548 516
775 516
517 518
775 517
518 519
518 775
519 520
519 775
520 521
524 520
775 520
521 522
521 524
522 523
522 524
523 524
524 525
775 524
525 526
775 525
526 527
775 526
527 528
583 527
775 527
528 583
529 536
582 529
529 749
750 529
753 529
529 765
529 770
587 530
530 620
623 530
530 624
643 530
530 661
662 530
598 531
601 531
611 531
673 531
675 531
679 531
560 532
570 532
532 571
579 532
532 612
720 532
561 533
533 577
533 592
533 632
730 533
533 731
732 533
592 534
534 629
630 534
631 534
534 710
534 713
716 534
609 535
535 727
535 728
535 756
757 535
759 535
721 536
722 536
765 536
536 770
690 537
746 537
537 747
537 748
749 537
537 754
553 538
586 538
588 538
538 641
667 538
539 643
539 659
539 661
734 539
735 539
539 738
675 540
677 540
684 540
685 540
540 686
687 540
593 541
595 541
600 541
601 541
541 634
645 541
542 581
633 542
542 723
542 725
727 542
733 542
543 757
543 759
543 760
762 543
763 543
543 764
554 544
544 565
588 544
589 544
544 639
655 544
544 717
545 589
628 545
545 640
545 642
644 545
655 545
545 656
546 700
702 546
768 546
769 546
568 547
547 573
695 547
696 547
583 548
548 591
548 775
549 613
549 705
549 718
695 550
550 696
776 550
777 550
551 584
551 697
552 699
700 552
552 701
553 586
588 553
625 553
589 554
554 627
554 717
555 569
555 674
556 703
556 704
705 556
706 557
708 557
780 557
558 590
558 591
574 559
711 559
559 712
560 570
571 560
613 560
561 577
592 561
561 614
629 561
572 562
562 577
562 578
562 581
562 724
729 562
730 562
563 657
658 563
563 660
563 666
563 738
563 771
564 593
564 645
651 564
653 564
588 565
625 565
717 565
567 656
567 657
658 567
663 567
573 568
574 568
575 569
570 579
580 570
612 571
613 571
571 718
577 572
578 572
614 572
574 573
579 576
576 580
576 582
576 719
576 720
721 576
770 576
577 614
577 730
724 578
579 580
579 720
580 582
580 616
723 581
581 724
727 581
728 581
729 581
582 615
616 582
646 582
750 582
582 770
583 775
584 585
586 587
586 617
667 586
617 587
587 619
620 587
587 662
587 667
588 625
639 588
588 641
627 589
589 628
589 655
629 592
592 630
592 632
593 595
593 597
593 645
594 595
594 596
597 594
598 594
594 600
602 594
604 594
597 595
595 600
596 597
602 596
605 596
600 598
601 598
598 604
598 678
598 679
598 681
602 599
599 605
599 608
633 599
599 733
601 600
601 611
601 634
602 604
605 602
602 608
603 604
603 608
609 603
681 603
603 682
603 691
604 608
681 604
605 633
606 610
622 606
636 606
606 637
606 638
647 606
650 606
607 636
648 607
607 649
665 607
670 607
671 607
608 609
608 733
689 609
691 609
609 727
733 609
609 756
610 611
634 610
610 647
650 610
673 610
611 634
611 673
720 612
718 613
616 615
615 646
617 619
617 664
619 618
620 618
618 622
618 636
618 648
664 618
620 619
619 664
622 620
620 623
621 623
621 624
637 621
621 739
621 741
623 622
622 636
622 637
624 623
637 623
661 624
734 624
624 736
624 739
626 639
626 640
626 641
626 642
626 643
659 626
627 628
628 644
629 716
630 631
632 630
710 631
632 732
725 633
633 733
645 634
650 634
634 651
646 635
635 748
635 750
635 751
636 647
648 636
636 671
638 637
741 637
638 650
651 638
652 638
638 741
639 640
641 639
639 655
642 640
640 655
641 643
662 641
667 641
642 656
642 657
642 659
660 642
659 643
661 643
643 662
644 656
644 663
645 651
646 750
671 647
647 673
648 649
648 664
664 649
649 665
669 649
650 651
651 652
651 653
654 651
654 652
740 652
652 741
652 742
653 654
742 654
656 657
663 656
658 657
657 660
658 666
659 660
738 659
660 738
661 734
662 667
669 665
670 665
672 665
666 771
668 670
668 671
672 668
668 686
687 668
668 755
669 674
670 671
670 672
671 673
687 671
672 755
673 675
687 673
677 675
675 679
687 675
682 676
676 683
676 688
676 692
676 744
679 677
677 683
684 677
688 677
678 679
681 678
682 678
678 683
679 683
684 680
680 688
680 744
680 745
681 682
683 682
682 691
692 682
682 774
683 688
685 684
688 684
686 685
685 755
687 686
755 686
688 744
689 691
689 756
689 758
774 689
690 692
690 744
690 746
754 690
690 774
691 774
744 692
692 774
753 694
694 760
761 694
694 762
765 694
695 696
777 696
697 698
699 767
701 700
700 702
701 702
703 704
703 768
769 703
704 705
706 707
706 708
707 708
711 709
709 712
714 709
715 709
713 710
710 714
715 710
712 711
714 711
715 712
714 713
716 713
714 715
720 719
721 719
722 719
721 722
721 770
762 722
722 765
723 724
723 725
728 726
726 729
726 730
759 726
726 764
766 726
728 727
727 733
728 729
759 728
729 730
731 730
766 730
731 732
766 731
734 735
734 736
734 737
735 737
738 735
771 735
736 739
738 771
739 740
739 741
741 740
740 742
742 743
772 743
745 744
744 746
747 746
747 748
751 747
748 749
750 748
748 751
749 750
749 753
749 754
752 754
758 752
752 761
752 774
754 753
761 753
765 753
761 754
774 754
756 757
756 758
757 758
757 759
760 757
761 757
761 758
758 774
759 764
760 761
760 762
763 762
762 765
763 764
764 766
768 769
773 772
777 776
776 778
779 778
