651
222 501
217 501
217 499
214 496
215 491
218 488
220 483
219 478
219 473
220 468
220 463
219 458
218 453
217 448
216 443
215 438
215 433
214 428
214 423
213 418
212 413
212 408
212 403
212 398
212 393
213 388
214 384
215 379
216 374
214 371
214 370
214 365
214 360
214 355
214 350
214 345
213 340
213 336
212 331
212 326
210 321
211 316
211 311
210 306
209 301
208 296
208 291
208 286
208 281
208 276
209 271
211 267
213 262
215 257
217 253
220 248
222 243
224 238
227 234
229 229
228 224
228 220
226 215
224 210
222 205
220 200
217 196
214 191
213 186
208 181
206 176
205 171
207 166
208 162
205 157
200 154
195 153
190 153
185 153
180 153
175 153
170 154
165 152
160 152
155 152
150 151
145 151
140 151
135 152
130 153
125 153
120 153
115 152
110 152
106 150
101 149
98 148
93 149
88 147
83 147
78 147
73 147
68 148
65 152
60 151
55 149
50 148
45 148
40 148
35 145
31 142
26 141
24 137
19 136
14 134
10 132
11 130
16 130
21 131
26 131
31 131
36 131
41 130
45 132
50 133
54 131
59 130
64 130
68 133
73 134
78 134
83 134
88 134
93 134
98 132
103 132
108 132
113 131
118 131
123 131
128 131
133 132
138 134
143 134
148 134
153 134
158 134
163 134
168 134
173 135
178 135
183 134
188 134
193 133
198 131
203 131
208 131
213 131
218 129
223 125
228 125
233 125
237 123
241 120
244 115
243 110
242 105
239 100
235 98
231 94
228 90
224 87
222 82
220 77
218 72
216 67
216 62
216 57
216 52
217 47
219 42
222 38
225 34
229 31
234 28
239 27
244 26
249 26
254 25
259 24
264 26
269 26
273 30
278 34
281 37
283 42
285 45
288 48
288 53
289 58
290 63
290 68
288 73
288 78
286 81
282 85
283 87
279 87
276 92
273 97
269 102
265 106
265 111
266 116
270 121
275 123
280 124
285 125
290 128
294 131
299 130
304 130
309 130
314 130
319 133
324 134
329 134
334 134
339 135
344 135
349 135
354 134
359 135
364 134
369 134
374 134
378 131
383 132
388 131
393 131
398 132
403 132
408 133
413 132
416 134
421 134
426 134
431 134
436 134
441 133
446 131
451 131
455 132
460 133
465 133
470 133
475 133
480 132
485 132
490 131
495 131
500 130
501 132
496 134
491 136
486 137
488 141
485 143
480 144
476 146
471 148
466 150
461 150
457 147
452 150
447 150
444 147
439 146
434 147
429 147
424 148
419 148
414 149
409 150
404 150
399 150
394 152
389 152
384 152
379 153
374 153
369 152
364 152
359 152
354 153
349 153
344 153
339 153
334 154
329 154
324 154
319 154
314 154
309 154
305 158
301 162
303 167
304 172
305 177
301 181
298 186
297 191
293 194
291 199
290 204
288 209
286 214
284 219
282 224
282 229
282 234
285 239
288 243
291 248
295 253
298 258
300 263
301 268
302 273
302 278
303 283
303 288
303 293
304 297
305 302
304 307
303 312
303 317
303 322
302 327
301 332
300 337
299 342
298 347
298 352
298 357
297 362
297 367
295 372
295 377
296 382
297 387
298 392
298 397
298 402
298 407
297 412
297 417
295 422
295 427
293 432
292 437
291 441
290 446
290 451
289 456
288 461
289 466
291 469
291 474
289 478
287 483
290 487
292 492
293 497
289 502
284 502
279 501
274 500
269 498
268 493
269 488
272 484
271 479
268 476
267 471
270 467
273 462
272 457
272 452
271 447
270 443
269 438
268 433
267 428
266 423
265 418
265 413
265 408
266 403
266 398
266 393
267 389
269 385
271 380
273 376
272 372
271 367
271 362
268 358
267 353
266 349
264 345
265 340
264 335
263 330
262 325
261 320
260 315
260 310
259 305
258 300
254 299
252 304
252 309
252 314
250 319
250 324
248 329
248 334
247 339
246 344
246 349
246 354
243 358
242 363
241 368
241 373
241 378
244 382
242 384
243 389
245 392
244 396
244 400
244 405
243 410
244 415
243 419
242 424
242 429
241 434
241 439
239 441
238 444
238 449
238 454
237 459
236 464
238 468
239 473
239 478
236 481
236 486
240 491
241 496
241 501
238 500
235 501
230 501
225 501
223 501
255.405 164.81
244.125 269.062
245.178 144.356
251.844 61.3623
231.182 293.5
255.762 200.195
254.5 242.1
281.63 303.074
272.715 147.426
272.608 271.057
235.523 51.5093
263.807 46.6157
260.557 79.3343
227.98 394.717
227.475 366.728
229.974 348.658
228.133 414.5
281.669 342.703
275.622 177.576
285.964 184.04
230.376 319.112
310.85 142
280.866 424.373
237.498 182.001
228.827 141.567
239.371 75.222
229.882 64.4235
257.925 36.252
271.59 64.5179
450.5 140.312
279.652 472.237
272.182 194.585
287.999 169.279
249.972 47.6176
227.476 491.282
279.977 490.656
320.999 143.875
225.98 55.0297
240.661 61.4426
229.52 74.3097
282.343 193.586
292.449 177.413
274.466 162.472
287.588 153.295
298.538 146.244
240.079 39.6543
230.672 42.8425
265.805 170.732
253.322 180.561
264.006 156.064
252.586 153.435
236.825 163.377
259.585 140.163
246.352 161.017
292.002 161.179
278.569 154.37
284.147 140.236
248.52 35.4283
246.33 191.399
240.588 207.009
232.971 195.104
249.145 131.139
271.043 134.95
244.625 172.648
225.44 185.168
219.621 172.312
231.554 204.4
238.393 135.116
260.679 128.346
252.814 121.08
222.676 157.165
254.017 110.128
254.255 94.0873
227.249 165.969
229.44 175.86
216.744 163.85
233.242 152.319
242.276 152.932
228.05 379.789
233.399 387.278
222.623 387.228
232.939 358.276
222.991 404.648
233.514 403.716
280.434 435.977
280.449 445.538
250.801 72.9662
260.904 68.0258
261.848 57.2518
247.122 84.4109
236.953 85.1252
272.471 76.6898
268.732 211.322
265.174 184.315
262.662 193.556
213.946 145.522
213.861 154.681
219.977 138.244
222.604 148.125
264.527 89.7527
277.677 204.442
253.646 215.785
249.849 207.331
259.746 208.675
265.364 227.668
241.202 220.198
251.339 229.031
240.604 238.544
262.68 218.595
238.486 229.293
244.155 253.597
260.885 258.247
230.402 261.303
233.096 248.261
253.677 251.762
239.447 261.32
230.348 277.412
234.894 269.372
202.65 142.65
272.534 220.626
269.422 242.028
261.933 236.391
272.728 233.34
258.197 272.476
252.783 264.085
264.871 266.369
276.478 255.943
266.834 286.301
247.847 284.432
267.864 251.564
278.327 246.258
286.139 266.469
265.942 277.248
249.943 275.789
256.967 289.164
242.863 295.121
235.338 306.45
240.211 278.146
286.109 256.8
223.222 309.005
240.168 315.646
220.813 285.972
220.234 297.674
219.47 274.885
221.86 265.618
270.249 298.201
228.115 428.398
227.162 439.935
227.83 450.148
283.957 356.566
288.838 348.64
276.336 350.704
283.5 368.561
232.867 333.922
236.831 342.352
223.8 339.794
223.203 327.933
238.522 325.585
220.524 318.467
281.291 408.221
286.801 416.448
274.962 416.136
274.909 52.4325
272.919 42.7287
284.969 285.216
279.059 293.352
281.692 275.601
291.174 295.617
292.454 307.092
280.749 322.035
284.216 312.695
291.873 320.851
272.075 313.502
287.444 332.092
275.551 332.621
282.479 392.729
275.723 400.002
288.097 400.952
283.799 380.931
651
220.603 496.685
216.411 499.335
220.484 496.76
218.45 498.046
220.23 496.923
222.663 495.385
228.545 484.908
229.303 477.931
229.646 473.728
229.327 470.351
227.992 454.428
228.17 456.745
227.727 451.477
227.653 446.709
227.708 442.09
227.746 438.204
227.784 433.472
227.808 428.14
227.755 422.189
227.7 415.706
227.691 409.319
227.693 407.346
227.717 402.693
227.788 397.861
227.83 393.934
227.785 390.822
227.714 387.997
227.432 381.852
226.879 370.722
226.749 368.819
226.781 369.287
226.633 367.406
228.271 361.563
229.97 355.582
231.524 350.095
231.032 344.463
230.458 339.432
229.747 336.167
228.717 331.219
227.452 325.064
226.699 321.377
226.065 317.617
224.262 305.172
224.128 291.653
224.186 288.21
224.36 285.513
224.913 282.828
225.561 279.177
224.777 277.821
221.871 277.24
221.491 277.235
224.866 277.182
228.536 275.104
232.255 272.705
234.123 271.488
244.88 264.99
252.776 260.4
254.558 257.004
255.589 254.577
257.444 237.953
257.417 222.319
257.342 211.73
257.263 199.088
256.431 190.609
255.262 183.633
253.552 175.24
250.248 169.678
247.94 165.512
242.173 163.118
222.941 166.865
214.468 170.036
224.23 166.39
229.751 164.33
234.433 155.311
219.86 142.019
202.324 139.428
196.004 139.861
185.883 142.849
183.47 143.628
178.788 144.42
172.854 144.063
170.645 143.865
191.502 141.67
159.326 142.86
157.075 142.685
152.348 142.542
147.106 142.499
138.693 142.434
132.757 142.387
128.777 142.292
125.787 142.106
123.852 141.985
130.667 141.333
111.78 141.295
108.324 141.109
101.668 140.917
98.2386 140.974
93.4946 141.026
89.7308 140.785
83.1474 140.384
78.1938 140.11
74.7714 140.055
63.1803 139.915
62.7572 142.757
63.1137 139.956
59.1347 139.88
50.8915 140.217
43.8251 140.185
41.2098 140.075
38.2873 138.985
25.2198 134.654
27.9763 135.332
20.7821 133.38
19.4043 133.075
14.4535 131.989
10.2262 131.061
10.5211 131.126
12.7162 131.608
16.3024 132.395
25.3238 134.383
30.074 136.075
32.3658 137.043
38.2844 138.983
41.4333 140.127
53.2807 140.04
58.1424 139.905
60.9541 139.853
61.4595 139.858
43.8684 138.408
71.4821 140.001
78.213 140.111
83.0341 140.377
87.8574 140.667
93.7263 141.03
98.683 140.969
84.8689 140.46
108.621 141.124
113.775 141.401
118.253 141.647
122.773 141.915
126.492 142.15
129.376 142.32
149.39 142.645
143.071 142.466
148.646 142.506
153.458 142.557
158.078 142.738
162.636 143.133
166.81 143.523
171.714 143.963
178.387 144.442
183.425 143.641
188.496 142.006
194.489 140.055
197.772 139.608
199.552 139.065
206.934 140.101
218.524 141.752
223.897 145.409
225.955 147.002
228.161 148.774
235.986 152.051
247.394 155.4
255.536 152.606
254.467 130.175
253.136 106.337
252.047 88.251
248.395 67.8696
248.352 70.2831
246.415 70.0445
245.398 70.942
245.371 70.3145
245.472 69.6039
246.215 66.2292
244.868 61.2639
243.547 58.3859
242.262 56.7531
239.9 53.7941
237.507 51.4632
236.939 50.9228
235.194 49.218
233.816 47.9572
233.692 47.8444
235.932 49.6114
238.475 51.1725
241.514 53.0571
245.476 53.7759
250.915 53.8873
256.366 52.1878
258.581 49.5072
258.991 48.8928
259.25 48.3915
258.702 50.0843
260.755 51.2455
261.954 50.5577
261.972 50.6844
262.294 50.5101
267.818 46.5923
260.439 52.1769
256.711 58.0355
256.17 62.1308
257.379 64.2009
258.272 65.5416
268.414 72.1313
267.988 71.8894
269.2 72.5771
0 0
265.134 76.2137
255.638 68.7547
251.705 70.052
251.229 74.7494
252.298 92.4236
253.69 116.058
255.067 141.089
258.395 155.327
265.921 156.375
272.452 153.948
275.659 152.625
277.797 151.818
281.84 149.978
297.691 143.567
305.645 140.757
311.639 138.626
312.772 138.591
316.585 140.038
324.184 142.885
314.31 141.865
333.661 144.598
336.009 144.554
340.098 144.443
345.802 144.181
354.066 143.776
355.726 143.784
364.472 143.324
370.063 143.334
376.426 143.093
380.499 142.664
383.574 142.276
388.626 141.629
392.301 141.212
397.04 141.101
400.463 141.152
409.146 141.296
413.187 141.187
405.916 141.194
422.32 140.928
424.919 140.849
431.272 140.626
437.092 140.421
451.819 140.454
447.791 140.123
449.278 139.999
451.878 140.345
455.479 140.837
481.449 137.258
469.433 141.012
476.917 138.88
481.969 137.441
485.543 136.037
490.553 133.109
495.326 132.22
500.283 130.992
500.471 130.946
497.959 131.57
494.248 132.344
489.749 134.887
486.096 139.068
485.599 138.449
476.674 138.949
472.406 140.165
468.373 141.313
465.978 142.268
463.113 141.878
459.878 141.437
449.227 139.992
448.695 140.032
447.957 140.108
434.554 140.704
433.011 140.565
428.217 140.735
423.629 140.892
418.531 141.04
413.133 141.189
409.211 141.297
404.49 141.218
397.281 141.101
392.252 141.218
403.022 141.218
379.164 142.79
378.508 142.92
375.1 143.172
370.17 143.332
364.206 143.329
357.847 143.568
353.558 143.804
349.023 144.059
344.07 144.337
338.316 144.511
333.682 144.598
329.628 144.94
325.834 143.506
322.025 142.066
316.69 140.06
303.902 141.367
284.378 149.038
270.337 155.649
266.945 166.582
285.906 171.485
311.334 177.064
0 0
265.887 167.78
265.6 167.825
263.194 170.391
259.909 179.406
258.838 185.699
258.1 190.261
257.672 201.334
257.559 206.155
257.325 219.956
257.478 233.864
259.063 247.368
262.223 256.704
266.323 261.163
268.998 262.837
277.664 267.831
280.351 269.012
281.003 269.065
280.011 268.968
279.081 269.704
280.382 272.13
283.286 275.699
284.86 281.932
287.03 289.905
288.001 297.239
288.236 298.959
288.686 301.786
288.25 312.651
288.07 316.535
287.824 321.658
286.854 325.266
286.173 327.816
284.228 336.033
283.3 341.7
282.278 347.852
282.544 353.469
283.198 356.977
283.837 360.757
284.49 364.495
284.765 369.872
284.317 374.366
283.144 385.921
282.623 390.547
282.211 394.118
281.98 397.249
281.706 400.992
281.43 405.101
281.263 407.572
280.808 414.21
280.569 419.382
280.39 424.415
280.37 429.796
280.343 436.118
280.338 440.128
280.334 445.722
280.676 450.62
280.871 459.306
280.893 464.999
280.601 469.669
280.592 469.813
280.578 470.041
280.398 473.884
279.92 486.617
281.898 493.719
285.704 496.316
289.261 498.442
289.072 498.328
287.369 497.304
280.922 493.044
275.246 494.2
270.39 496.357
273.492 494.979
274.698 494.444
282.483 494.847
280.341 475.399
278.232 472.896
277.39 473.317
280.208 471.874
280.844 465.928
280.984 457.054
280.71 451.102
280.333 445.682
280.336 442.268
280.34 437.466
280.362 431.596
280.385 425.669
280.503 420.606
280.639 417.121
280.835 413.921
281.318 406.782
281.529 403.666
281.973 397.324
282.165 394.73
282.245 393.661
282.454 392.057
283.062 386.616
284.301 374.519
284.684 370.685
284.477 364.506
283.298 357.703
282.318 352.416
281.879 350.072
282.205 348.428
282.381 347.312
282.435 346.969
284.06 336.536
285.518 330.591
287.429 322.194
287.789 319.738
288.668 315.237
286.951 296.549
286.017 288.703
258.807 268.023
246.003 266.931
226.669 286.04
224.226 304.67
225.418 313.305
226.825 321.564
227.311 324.179
228.359 329.538
229.521 334.997
230.356 339.404
231.341 345.003
231.834 348.947
231.438 350.341
231.158 351.324
228.933 359.24
226.765 366.819
227.276 378.521
227.49 382.931
227.848 386.311
227.754 385.86
227.815 392.281
227.826 392.979
227.841 394.047
227.785 397.807
227.711 402.738
227.695 409.779
227.687 414.811
227.713 417.254
227.739 420.208
227.817 429.588
227.769 435.316
227.742 439.138
227.741 439.222
227.704 442.41
227.624 448.69
227.908 453.554
228.105 455.961
228.943 466.01
229.402 471.157
229.646 473.712
229.522 475.184
228.975 478.966
228.086 488.924
236.801 497.611
237.809 498.212
242.587 501.062
240.518 499.827
233.693 495.756
229.765 493.403
222.782 495.307
220.806 496.556
257.523 168.773
246.761 264.563
245.148 155.825
253.405 60.5917
225.536 277.368
257.42 191.811
258.001 249.069
287.378 296.29
265.765 157.087
271.032 265.381
238.649 51.9437
257.309 53.3367
252.259 66.9333
227.807 395.543
226.785 368.934
230.335 354.254
229.14 478.964
282.605 345.909
260.521 169.755
265.091 167.917
226.212 312.042
312.073 138.566
281.386 479.576
250.622 166.661
229.135 149.409
246.345 68.36
244.417 60.0069
257.49 51.1808
255.643 61.7086
449.264 140.01
279.31 473.37
258.645 181.389
265.744 164.502
247.587 54.3455
231.169 495.367
281.107 493.174
315.349 139.679
240.288 54.4848
242.522 54.4449
246.245 66.3021
261.672 174.211
268.046 167.567
264.514 160.699
274.705 153.469
285.501 148.647
241.504 53.0746
236.575 49.9301
260.163 165.646
257.313 173.284
262.421 160.261
253.338 159.016
243.247 159.432
258.019 156.843
248.205 157.747
264.871 158.382
268.212 156.536
277.855 151.738
250.035 54.1515
255.957 179.389
257.437 196.04
256.9 183.654
260.59 156.292
265.317 156.909
250.63 165.131
260.473 160.649
239.664 162.337
255.768 186.456
243.308 154.402
257.338 154.978
254.802 136.258
232.144 152.536
0 0
251.619 81.1592
239.191 159.243
243.822 162.875
231.11 163.025
234.395 153.297
245.345 157.309
227.435 381.916
227.76 389.641
227.757 388.956
228.993 359.016
230.222 360
227.711 402.765
280.421 444.271
280.505 448.161
250.198 65.5014
254.413 62.3105
254.529 57.7047
250.13 69.0062
245.932 70.0912
257.095 65.2844
257.493 203.106
258.908 174.847
258.4 185.144
219.155 141.865
208.889 140.444
224.637 145.989
226.422 147.548
251.996 68.4022
258.461 187.995
257.356 214.589
257.439 199.697
257.568 201.996
257.458 231.524
257.371 215.969
257.484 234.932
257.729 249.341
257.312 217.025
257.486 237.113
255.069 258.301
259.992 257.719
238.179 268.929
255.924 257.066
257.53 254.762
246.792 264.342
230.197 274.818
236.529 269.964
202.78 139.836
0 0
259.864 250.596
257.696 243.913
257.003 251.623
259.841 259.212
255.616 258.492
263.942 260.447
274.591 267.421
270.675 266.483
246.667 265.334
260.323 257.383
261.478 257.646
279.192 269.974
269.479 264.85
248.717 263.724
256.889 239.111
235.556 297.778
224.182 295.363
243.508 266.523
272.684 265.033
224.111 303.917
225.613 314.694
225.658 279.079
224.368 288.071
223.384 277.37
229.567 274.847
281.66 300.874
227.734 438.658
227.683 444.09
227.673 450.405
283.131 356.598
282.349 347.45
281.898 350.182
283.876 363.798
230.23 339.025
231.253 344.429
231.031 343.363
228.868 331.924
227.493 325.084
226.544 320.611
281.23 408.067
280.944 412.732
280.582 418.635
250.59 53.3013
261.264 51.0334
283.097 275.315
285.206 280.065
278.919 270.883
285.932 285.867
286.895 292.003
287.24 323.918
288.762 311.7
287.94 317.281
287.62 303.744
283.385 341.748
284.183 335.86
282.193 394.352
281.797 399.716
281.784 360.039
283.517 382.037
1478
0 0
0 0
0 0
0 0
0 0
0 0
0 0
0 0
0 0
0 0
0 0
0 0
0 0
0 0
0 0
0 0
0 0
0 0
0 0
0 0
0 0
0 0
0 0
0 0
0 0
0 0
0 0
0 0
0 0
0 0
0 0
0 0
0 0
0 0
0 0
0 0
0 0
0 0
0 0
0 0
0 0
0 0
0 0
0 0
0 0
0 0
0 0
0 0
488 554
0 0
0 0
0 0
0 0
0 0
0 0
0 0
0 0
0 0
0 0
0 0
0 0
0 0
0 0
0 0
0 0
0 0
0 0
0 0
0 0
0 0
0 0
0 0
0 0
0 0
0 0
0 0
0 0
0 0
0 0
0 0
0 0
0 0
0 0
0 0
0 0
0 0
0 0
0 0
0 0
0 0
0 0
0 0
0 0
0 0
0 0
0 0
0 0
0 0
0 0
0 0
0 0
0 0
0 0
0 0
0 0
0 0
0 0
0 0
0 0
0 0
0 0
0 0
0 0
0 0
554 607
0 0
0 0
0 0
0 0
0 0
0 0
0 0
0 0
0 0
0 0
0 0
0 0
0 0
0 0
0 0
0 0
0 0
0 0
0 0
0 0
0 0
607 606
0 0
0 0
0 0
0 0
0 0
0 0
0 0
0 0
0 0
0 0
0 0
0 0
0 0
0 0
0 0
0 0
0 0
0 0
0 0
0 0
0 0
0 0
0 0
0 0
0 0
606 536
0 0
0 0
0 0
0 0
0 0
536 568
0 0
0 0
0 0
0 0
0 0
0 0
0 0
0 0
0 0
0 0
0 0
0 0
0 0
0 0
0 0
0 0
568 92
0 0
0 0
0 0
0 0
0 0
0 0
0 0
0 0
0 0
0 0
0 0
0 0
0 0
0 0
0 0
0 0
0 0
0 0
0 0
0 0
0 0
0 0
0 0
0 0
0 0
0 0
0 0
0 0
0 0
0 0
0 0
0 0
0 0
0 0
0 0
0 0
0 0
0 0
0 0
0 0
0 0
0 0
0 0
0 0
0 0
0 0
0 0
0 0
0 0
0 0
0 0
0 0
0 0
0 0
0 0
0 0
0 0
0 0
0 0
0 0
0 0
0 0
0 0
0 0
0 0
0 0
0 0
0 0
0 0
0 0
0 0
0 0
0 0
0 0
0 0
0 0
0 0
0 0
0 0
0 0
92 128
0 0
0 0
0 0
0 0
0 0
0 0
0 0
0 0
0 0
0 0
0 0
0 0
0 0
0 0
0 0
0 0
0 0
0 0
0 0
0 0
0 0
0 0
0 0
0 0
0 0
0 0
0 0
0 0
0 0
0 0
0 0
0 0
0 0
0 0
0 0
0 0
0 0
0 0
0 0
0 0
0 0
0 0
0 0
0 0
0 0
0 0
0 0
0 0
0 0
0 0
0 0
0 0
0 0
0 0
0 0
0 0
0 0
0 0
0 0
0 0
0 0
0 0
0 0
0 0
0 0
0 0
0 0
0 0
0 0
0 0
0 0
0 0
0 0
0 0
0 0
0 0
0 0
0 0
0 0
0 0
0 0
0 0
0 0
0 0
0 0
0 0
0 0
0 0
0 0
0 0
0 0
0 0
0 0
0 0
0 0
0 0
0 0
0 0
0 0
0 0
0 0
0 0
0 0
536 207
0 0
0 0
0 0
0 0
0 0
0 0
0 0
0 0
0 0
0 0
0 0
0 0
0 0
0 0
0 0
0 0
0 0
0 0
0 0
0 0
0 0
0 0
0 0
0 0
0 0
0 0
0 0
0 0
0 0
0 0
0 0
0 0
0 0
0 0
0 0
0 0
0 0
0 0
0 0
0 0
0 0
0 0
0 0
0 0
0 0
0 0
0 0
0 0
0 0
0 0
0 0
0 0
0 0
0 0
0 0
0 0
0 0
0 0
0 0
0 0
0 0
0 0
0 0
0 0
0 0
0 0
0 0
0 0
0 0
0 0
0 0
0 0
0 0
0 0
0 0
0 0
0 0
0 0
0 0
0 0
0 0
0 0
0 0
0 0
0 0
0 0
0 0
0 0
0 0
0 0
0 0
0 0
0 0
0 0
0 0
0 0
0 0
0 0
0 0
0 0
0 0
0 0
0 0
0 0
0 0
0 0
0 0
0 0
0 0
0 0
0 0
0 0
0 0
0 0
0 0
0 0
0 0
0 0
0 0
0 0
0 0
0 0
0 0
0 0
0 0
536 226
0 0
0 0
0 0
0 0
0 0
0 0
0 0
0 0
0 0
0 0
0 0
0 0
0 0
0 0
0 0
0 0
0 0
0 0
0 0
0 0
0 0
0 0
0 0
0 0
0 0
226 287
0 0
0 0
0 0
0 0
0 0
0 0
0 0
0 0
0 0
0 0
0 0
0 0
0 0
0 0
0 0
0 0
0 0
0 0
0 0
0 0
0 0
0 0
0 0
0 0
0 0
0 0
0 0
0 0
0 0
0 0
0 0
0 0
0 0
0 0
0 0
0 0
0 0
0 0
0 0
0 0
0 0
0 0
0 0
0 0
0 0
0 0
0 0
0 0
0 0
0 0
0 0
0 0
0 0
0 0
0 0
0 0
0 0
0 0
0 0
0 0
0 0
0 0
0 0
0 0
0 0
0 0
0 0
0 0
0 0
0 0
0 0
0 0
0 0
0 0
0 0
0 0
0 0
0 0
287 254
0 0
0 0
0 0
0 0
0 0
0 0
0 0
0 0
0 0
0 0
0 0
0 0
0 0
0 0
0 0
0 0
0 0
0 0
0 0
0 0
0 0
0 0
0 0
0 0
0 0
0 0
0 0
0 0
0 0
0 0
0 0
0 0
0 0
0 0
0 0
0 0
0 0
0 0
0 0
0 0
0 0
0 0
0 0
0 0
0 0
0 0
0 0
0 0
0 0
0 0
0 0
0 0
0 0
0 0
0 0
0 0
0 0
0 0
0 0
0 0
0 0
0 0
0 0
0 0
0 0
0 0
0 0
0 0
0 0
0 0
0 0
0 0
0 0
0 0
0 0
0 0
0 0
0 0
0 0
0 0
0 0
0 0
0 0
0 0
0 0
0 0
0 0
0 0
0 0
0 0
0 0
0 0
0 0
0 0
0 0
0 0
0 0
0 0
0 0
0 0
0 0
0 0
0 0
0 0
0 0
0 0
0 0
0 0
0 0
0 0
0 0
0 0
0 0
0 0
0 0
0 0
0 0
0 0
0 0
0 0
0 0
0 0
0 0
0 0
0 0
0 0
0 0
0 0
0 0
0 0
0 0
0 0
0 0
0 0
0 0
0 0
0 0
0 0
0 0
0 0
0 0
0 0
0 0
0 0
606 617
0 0
0 0
0 0
0 0
0 0
0 0
0 0
0 0
0 0
0 0
0 0
0 0
0 0
0 0
0 0
0 0
0 0
0 0
0 0
0 0
0 0
617 649
0 0
0 0
0 0
0 0
0 0
0 0
0 0
0 0
0 0
0 0
0 0
0 0
0 0
0 0
0 0
0 0
0 0
0 0
0 0
0 0
0 0
0 0
0 0
0 0
0 0
0 0
0 0
0 0
0 0
0 0
0 0
0 0
0 0
0 0
0 0
0 0
0 0
0 0
0 0
0 0
0 0
0 0
0 0
0 0
0 0
0 0
0 0
649 494
0 0
0 0
0 0
0 0
0 0
0 0
0 0
0 0
0 0
0 0
0 0
0 0
0 0
0 0
0 0
0 0
0 0
0 0
0 0
0 0
0 0
0 0
0 0
0 0
0 0
0 0
0 0
0 0
0 0
0 0
0 0
0 0
0 0
0 0
0 0
0 0
0 0
0 0
0 0
0 0
0 0
0 0
0 0
0 0
0 0
0 0
0 0
0 0
0 0
0 0
0 0
0 0
0 0
0 0
0 0
0 0
0 0
0 0
0 0
0 0
0 0
0 0
0 0
0 0
0 0
0 0
0 0
0 0
0 0
0 0
0 0
0 0
0 0
0 0
0 0
0 0
0 0
0 0
0 0
0 0
0 0
0 0
0 0
0 0
0 0
0 0
0 0
0 0
0 0
0 0
0 0
0 0
0 0
0 0
0 0
0 0
0 0
0 0
0 0
0 0
0 0
0 0
0 0
0 0
0 0
0 0
0 0
0 0
0 0
0 0
0 0
0 0
0 0
0 0
0 0
0 0
0 0
0 0
0 0
0 0
0 0
0 0
0 0
0 0
0 0
0 0
0 0
0 0
0 0
0 0
0 0
0 0
0 0
0 0
0 0
0 0
0 0
0 0
0 0
0 0
0 0
0 0
0 0
0 0
0 0
0 0
0 0
0 0
0 0
0 0
0 0
0 0
0 0
0 0
0 0
0 0
0 0
0 0
0 0
0 0
0 0
0 0
0 0
0 0
0 0
0 0
0 0
0 0
0 0
0 0
0 0
0 0
0 0
0 0
0 0
0 0
0 0
0 0
0 0
0 0
0 0
0 0
0 0
0 0
0 0
0 0
0 0
0 0
0 0
0 0
0 0
0 0
0 0
0 0
0 0
0 0
0 0
0 0
0 0
0 0
0 0
0 0
0 0
0 0
0 0
0 0
0 0
0 0
0 0
0 0
0 0
0 0
0 0
0 0
0 0
0 0
0 0
0 0
0 0
0 0
0 0
0 0
0 0
0 0
0 0
0 0
0 0
0 0
0 0
0 0
0 0
0 0
0 0
0 0
0 0
0 0
0 0
0 0
0 0
0 0
0 0
0 0
0 0
0 0
0 0
0 0
0 0
0 0
0 0
0 0
0 0
0 0
0 0
0 0
0 0
0 0
0 0
0 0
0 0
0 0
0 0
0 0
0 0
0 0
0 0
0 0
0 0
0 0
0 0
0 0
0 0
0 0
0 0
0 0
0 0
0 0
0 0
0 0
0 0
0 0
0 0
0 0
0 0
0 0
0 0
0 0
0 0
0 0
0 0
0 0
0 0
0 0
0 0
0 0
0 0
0 0
0 0
0 0
0 0
0 0
0 0
0 0
0 0
0 0
0 0
0 0
0 0
0 0
0 0
0 0
0 0
0 0
0 0
0 0
0 0
0 0
0 0
0 0
0 0
0 0
0 0
0 0
0 0
0 0
0 0
0 0
0 0
0 0
0 0
0 0
0 0
0 0
0 0
0 0
0 0
0 0
0 0
0 0
0 0
0 0
0 0
0 0
0 0
0 0
0 0
0 0
0 0
0 0
0 0
0 0
0 0
0 0
0 0
0 0
0 0
0 0
0 0
0 0
0 0
0 0
0 0
0 0
0 0
0 0
0 0
0 0
0 0
0 0
0 0
0 0
0 0
0 0
0 0
0 0
0 0
0 0
0 0
0 0
0 0
0 0
0 0
0 0
0 0
0 0
0 0
0 0
0 0
0 0
0 0
0 0
0 0
0 0
0 0
0 0
0 0
0 0
0 0
0 0
0 0
0 0
0 0
0 0
0 0
0 0
0 0
0 0
0 0
0 0
0 0
0 0
0 0
0 0
0 0
0 0
0 0
0 0
0 0
0 0
0 0
0 0
0 0
0 0
0 0
0 0
0 0
0 0
0 0
0 0
0 0
0 0
0 0
0 0
0 0
0 0
0 0
0 0
0 0
0 0
0 0
0 0
0 0
0 0
0 0
0 0
0 0
0 0
0 0
0 0
0 0
0 0
0 0
0 0
0 0
0 0
0 0
0 0
0 0
0 0
0 0
0 0
0 0
0 0
0 0
0 0
0 0
0 0
0 0
0 0
0 0
0 0
0 0
0 0
0 0
0 0
0 0
0 0
0 0
0 0
0 0
0 0
0 0
0 0
0 0
0 0
0 0
0 0
0 0
0 0
0 0
0 0
0 0
0 0
0 0
0 0
0 0
0 0
0 0
0 0
0 0
0 0
0 0
0 0
0 0
0 0
0 0
0 0
0 0
0 0
0 0
0 0
0 0
0 0
0 0
0 0
0 0
0 0
0 0
0 0
0 0
0 0
0 0
0 0
0 0
0 0
0 0
0 0
0 0
0 0
0 0
0 0
0 0
0 0
0 0
0 0
0 0
0 0
0 0
0 0
0 0
0 0
0 0
0 0
0 0
0 0
0 0
0 0
0 0
0 0
0 0
0 0
0 0
0 0
0 0
0 0
0 0
0 0
0 0
0 0
0 0
0 0
0 0
0 0
0 0
0 0
0 0
0 0
0 0
0 0
0 0
0 0
0 0
0 0
0 0
0 0
0 0
0 0
0 0
0 0
0 0
0 0
0 0
0 0
0 0
0 0
0 0
0 0
0 0
0 0
0 0
0 0
0 0
0 0
0 0
0 0
0 0
0 0
0 0
0 0
0 0
0 0
0 0
0 0
0 0
0 0
0 0
0 0
0 0
0 0
0 0
0 0
0 0
0 0
0 0
0 0
0 0
0 0
0 0
0 0
0 0
0 0
0 0
0 0
0 0
0 0
0 0
0 0
0 0
0 0
0 0
0 0
0 0
0 0
0 0
0 0
0 0
0 0
0 0
0 0
0 0
0 0
0 0
0 0
0 0
0 0
0 0
0 0
0 0
0 0
0 0
0 0
0 0
0 0
0 0
0 0
0 0
0 0
0 0
0 0
0 0
0 0
0 0
1478
0 1
0 2
471 0
0 506
1 2
2 3
4 2
2 5
506 2
3 4
4 5
5 6
5 506
6 7
6 462
506 6
7 8
462 7
8 9
459 8
460 8
462 8
9 10
9 458
9 459
10 11
10 457
458 10
10 620
11 12
11 620
12 13
620 12
13 14
13 619
620 13
14 15
14 619
15 16
15 619
16 17
618 16
619 16
17 18
17 618
18 19
488 18
18 618
19 20
19 488
20 21
488 20
20 554
21 22
21 554
22 23
22 554
23 24
23 485
554 23
24 25
485 24
552 24
25 26
552 25
26 27
552 26
27 28
550 27
552 27
28 29
30 28
28 486
28 550
29 30
30 31
486 30
31 32
31 486
32 33
32 486
553 32
33 34
487 33
33 553
34 35
34 487
34 627
35 36
35 627
36 37
36 627
37 38
627 37
37 628
38 39
628 38
39 40
39 628
630 39
40 41
40 630
41 42
41 630
42 43
611 42
630 42
43 44
43 611
43 614
44 45
44 614
45 46
614 45
46 47
46 613
46 614
47 48
613 47
48 49
48 613
615 48
49 50
49 615
50 51
615 50
51 52
51 615
616 51
52 53
52 616
53 54
53 616
54 55
54 584
54 616
55 56
55 584
55 585
56 57
56 585
57 58
585 57
58 59
579 58
581 58
58 585
59 60
581 59
60 61
577 60
60 581
61 62
577 61
62 63
62 531
538 62
62 577
63 64
538 63
64 65
538 64
65 66
65 532
536 65
65 538
66 67
536 66
67 68
67 536
68 69
68 536
537 68
69 70
537 69
70 71
537 70
71 72
537 71
72 73
72 537
547 72
73 74
547 73
73 568
74 75
567 74
74 568
74 590
75 76
590 75
76 77
153 76
590 76
77 78
152 77
153 77
78 79
78 151
78 152
79 80
150 79
79 151
80 81
82 80
80 149
150 80
81 82
82 83
82 147
148 82
149 82
83 84
146 83
83 147
84 85
145 84
84 146
85 86
144 85
145 85
86 87
143 86
86 144
87 88
87 142
87 143
88 89
88 141
88 142
89 90
140 89
141 89
90 91
90 139
140 90
91 92
91 138
91 139
92 93
94 92
137 92
92 138
93 94
94 95
94 135
136 94
137 94
95 96
135 95
96 97
96 133
134 96
96 135
97 98
97 133
98 99
98 131
98 132
98 133
99 100
99 130
99 131
100 101
100 129
130 100
101 102
101 128
129 101
102 103
102 104
102 105
102 128
103 104
104 105
105 106
124 105
105 125
105 126
128 105
106 107
106 124
107 108
123 107
107 124
108 109
108 123
109 110
121 109
109 123
110 111
110 112
120 110
110 121
111 112
112 113
118 112
112 119
112 120
113 114
113 117
113 118
114 115
114 116
117 114
115 116
116 117
117 118
118 119
119 120
120 121
121 122
123 121
122 123
123 124
124 125
125 126
126 127
128 126
127 128
128 129
129 130
130 131
131 132
132 133
133 134
134 135
135 136
136 137
137 138
138 139
139 140
140 141
141 142
142 143
143 144
144 145
145 146
146 147
147 148
148 149
149 150
150 151
151 152
152 153
153 154
153 590
154 155
590 154
155 156
155 590
156 157
567 156
590 156
157 158
567 157
157 569
158 159
158 569
159 160
159 569
160 161
160 496
160 539
569 160
161 162
539 161
162 163
162 533
162 539
163 164
533 163
163 541
164 165
164 541
164 543
165 166
543 165
166 167
166 543
544 166
167 168
167 544
167 561
562 167
168 169
562 168
169 170
562 169
170 171
170 562
171 172
171 511
562 171
172 173
172 511
173 174
511 173
174 175
174 498
511 174
175 176
498 175
176 177
498 176
509 176
177 178
177 509
178 179
178 509
179 180
509 179
518 179
180 181
518 180
181 182
518 181
182 183
182 518
183 184
183 517
183 518
184 185
517 184
185 186
185 517
529 185
186 187
186 529
187 188
529 187
188 189
499 188
529 188
189 190
499 189
190 191
190 192
499 190
191 192
192 193
192 499
635 192
193 194
193 635
194 195
194 635
195 196
634 195
635 195
196 197
196 198
196 634
197 198
198 199
634 198
199 200
199 500
199 634
200 201
200 500
201 202
500 201
202 203
202 204
202 500
563 202
203 204
204 205
563 204
205 206
207 205
205 563
206 207
207 208
563 207
571 207
208 209
208 571
209 210
571 209
210 211
544 210
210 571
211 212
211 543
211 544
212 213
212 543
213 214
213 540
213 541
543 213
214 215
214 534
214 540
215 216
534 215
216 217
528 216
216 534
217 218
528 217
218 219
218 528
219 220
219 516
219 528
220 221
516 220
221 222
493 221
516 221
222 223
222 493
223 224
493 223
224 225
493 224
224 508
225 226
508 225
226 227
226 298
299 226
508 226
227 228
227 297
227 298
228 229
296 228
297 228
229 230
295 229
229 296
230 231
230 294
295 230
231 232
294 231
232 233
292 232
232 293
294 232
233 234
233 292
234 235
291 234
234 292
235 236
237 235
235 288
235 289
290 235
235 291
236 237
237 238
287 237
237 288
238 239
287 238
239 240
239 285
239 286
239 287
240 241
240 285
241 242
241 284
285 241
242 243
244 242
242 282
283 242
242 284
243 244
244 245
244 281
244 282
245 246
280 245
281 245
246 247
279 246
246 280
247 248
278 247
247 279
248 249
277 248
278 248
249 250
276 249
249 277
249 501
250 251
250 501
251 252
501 251
252 253
252 501
253 254
273 253
501 253
254 255
270 254
254 271
254 273
255 256
255 269
270 255
256 257
256 268
256 269
257 258
257 265
257 268
258 259
258 264
265 258
259 260
259 264
260 261
260 263
260 264
261 262
263 261
262 263
263 264
264 265
265 266
267 265
268 265
266 267
267 268
268 269
269 270
270 271
271 272
273 271
272 273
273 274
501 273
274 275
501 274
275 276
501 275
276 277
276 501
277 278
278 279
279 280
280 281
281 282
282 283
283 284
284 285
285 286
286 287
287 288
288 289
289 290
290 291
291 292
292 293
293 294
294 295
295 296
296 297
297 298
298 299
299 300
299 508
300 301
300 508
301 302
301 508
302 303
302 493
302 508
303 304
493 303
516 303
304 305
516 304
305 306
305 516
305 526
306 307
306 504
513 306
526 306
307 308
307 309
307 513
308 309
309 310
309 513
310 311
491 310
310 513
311 312
491 311
312 313
312 491
312 512
313 314
313 512
314 315
512 314
314 572
315 316
315 572
316 317
316 564
572 316
316 591
317 318
317 591
318 319
591 318
319 320
591 319
594 319
320 321
594 320
320 602
321 322
602 321
322 323
322 602
323 324
602 323
323 610
324 325
324 610
325 326
603 325
325 610
326 327
326 603
327 328
327 603
328 329
328 603
328 638
329 330
329 636
638 329
330 331
330 636
331 332
331 636
639 331
332 333
332 639
333 334
333 639
640 333
334 335
334 640
335 336
335 640
336 337
640 336
336 643
337 338
643 337
338 339
643 338
339 340
643 339
340 341
340 643
645 340
341 342
645 341
342 343
342 622
342 645
343 344
622 343
344 345
622 344
345 346
345 621
622 345
346 347
621 346
346 624
347 348
347 624
348 349
624 348
349 350
624 349
349 650
350 351
650 350
351 352
647 351
351 650
352 353
352 647
649 352
353 354
649 353
354 355
354 649
355 356
649 355
356 357
632 356
649 356
357 358
632 357
358 359
494 358
632 358
359 360
359 494
360 361
494 360
360 556
361 362
361 556
362 363
362 556
362 557
363 364
363 557
364 365
557 364
365 366
365 388
389 365
557 365
366 367
387 366
366 388
502 366
367 368
502 367
368 369
368 502
369 370
502 369
370 371
502 370
371 372
371 382
371 502
371 507
372 373
372 507
373 374
376 373
373 507
374 375
376 374
375 376
376 377
376 507
377 378
377 507
378 379
378 380
507 378
379 380
380 381
380 507
381 382
381 507
382 383
382 502
382 507
383 384
383 502
384 385
386 384
502 384
385 386
386 387
386 502
387 388
502 387
388 389
389 390
557 389
390 391
390 557
391 392
391 556
391 557
392 393
392 556
393 394
393 494
393 556
394 395
494 394
395 396
494 395
633 395
396 397
396 633
397 398
633 397
398 399
398 631
633 398
398 648
399 400
399 648
400 401
400 648
401 402
648 401
402 403
647 402
648 402
403 404
403 647
650 403
404 405
404 650
405 406
405 624
650 405
406 407
624 406
407 408
407 624
408 409
408 621
408 623
624 408
409 410
409 623
410 411
623 410
411 412
411 413
623 411
412 413
413 414
489 413
413 623
413 646
414 415
414 646
415 416
646 415
416 417
416 641
644 416
416 646
417 418
417 644
418 419
644 418
419 420
617 419
644 419
420 421
420 617
421 422
421 606
617 421
422 423
422 606
422 607
423 424
423 607
423 608
424 425
424 608
424 612
425 426
612 425
426 427
426 612
426 629
427 428
629 427
428 429
629 428
429 430
625 429
629 429
430 431
430 625
626 430
431 432
431 626
432 433
434 432
432 487
432 626
433 434
434 435
434 487
553 434
435 436
435 553
436 437
486 436
436 553
437 438
437 486
550 437
438 439
438 440
438 550
551 438
439 440
440 441
551 440
441 442
441 443
551 441
442 443
443 444
485 443
551 443
443 555
444 445
555 444
445 446
445 555
446 447
488 446
446 555
447 448
488 447
448 449
448 488
449 450
488 449
449 618
450 451
450 618
451 452
453 451
618 451
619 451
452 453
453 454
453 619
454 455
619 454
620 454
455 456
620 455
456 457
620 456
457 458
457 620
458 459
459 460
460 461
462 460
461 462
462 463
462 506
463 464
463 506
464 465
464 467
464 468
506 464
465 466
467 465
466 467
467 468
468 469
506 468
469 470
469 506
470 471
470 506
506 471
519 472
472 520
521 472
522 472
472 525
535 472
587 473
473 589
473 596
605 473
473 609
474 496
522 474
474 524
533 474
474 539
548 474
549 474
475 505
510 475
475 558
475 559
475 560
476 588
607 476
608 476
609 476
476 613
476 614
477 530
477 566
477 574
477 575
478 578
478 579
582 478
586 478
592 478
593 478
601 478
617 479
637 479
639 479
640 479
479 642
479 644
480 521
524 480
527 480
528 480
480 534
481 597
598 481
481 603
481 604
638 481
482 498
505 482
482 509
482 510
482 517
518 482
483 499
483 505
560 483
483 634
483 635
544 484
484 558
484 559
561 484
484 563
484 571
551 485
552 485
485 554
555 485
486 550
553 486
553 487
626 487
487 627
554 488
488 555
488 618
489 622
489 623
645 489
646 489
490 491
503 490
504 490
490 512
514 490
519 490
490 565
504 491
491 512
513 491
608 492
492 611
492 612
625 492
628 492
629 492
630 492
493 508
516 493
556 494
632 494
494 633
495 520
530 495
495 532
535 495
536 495
495 546
496 539
496 548
496 569
496 570
498 497
510 497
511 497
497 558
561 497
497 562
509 498
498 510
498 511
499 505
499 529
499 635
559 500
560 500
563 500
634 500
512 503
564 503
503 565
566 503
503 572
503 575
513 504
504 514
504 526
510 505
505 517
505 529
560 505
509 518
558 510
511 562
572 512
519 514
514 521
514 526
527 514
515 516
526 515
527 515
515 528
516 526
528 516
518 517
529 517
519 520
519 521
565 519
530 520
535 520
565 520
520 566
521 522
521 524
527 521
522 524
525 522
522 549
525 523
523 535
545 523
523 546
523 548
523 549
533 524
524 534
524 540
535 525
549 525
526 527
528 527
534 528
531 530
532 530
566 530
530 574
531 532
531 538
574 531
577 531
532 536
532 538
539 533
540 533
533 541
540 534
535 546
537 536
546 536
537 545
546 537
537 547
540 541
543 541
545 542
542 547
548 542
568 542
570 542
544 543
544 561
544 571
545 546
545 547
548 545
568 547
549 548
548 570
550 551
550 552
552 551
554 555
556 557
558 559
561 558
560 559
563 559
560 634
562 561
563 571
572 564
564 575
580 564
564 591
565 566
566 575
567 568
567 569
567 570
590 567
568 570
569 570
574 573
573 575
573 577
578 573
580 573
574 575
574 577
580 575
576 578
576 580
591 576
593 576
576 594
577 578
577 581
578 579
580 578
581 578
593 578
579 581
579 582
585 579
580 591
582 585
586 582
587 582
596 582
586 583
596 583
597 583
583 601
585 584
584 587
584 589
616 584
587 585
586 596
586 601
589 587
587 596
589 588
609 588
613 588
615 588
588 616
609 589
616 589
594 591
593 592
592 594
601 592
602 592
593 594
594 602
595 596
595 597
595 604
605 595
606 595
597 596
596 605
598 597
601 597
604 597
601 598
598 602
603 598
610 598
604 599
606 599
617 599
636 599
637 599
599 638
605 600
600 606
600 607
609 600
602 601
610 602
610 603
603 638
606 604
604 638
606 605
609 605
606 607
617 606
608 607
609 607
611 608
612 608
614 608
614 611
611 630
612 629
613 614
615 613
615 616
637 617
644 617
618 619
619 620
622 621
623 621
621 624
622 623
645 622
624 650
625 626
627 625
625 628
629 625
626 627
628 627
628 630
632 631
633 631
631 648
649 631
633 632
632 649
635 634
637 636
638 636
639 636
637 639
639 640
640 642
640 643
642 641
641 643
641 644
641 645
646 641
643 642
642 644
643 645
645 646
648 647
647 649
647 650
649 648
