628
268 491
264 487
265 482
265 477
265 472
265 467
266 462
266 457
267 453
265 449
265 444
265 439
265 434
265 429
264 424
264 419
264 414
264 409
264 404
264 399
263 394
263 389
263 384
263 379
263 374
263 369
263 364
264 359
263 354
263 349
263 344
262 339
261 335
261 330
260 325
260 320
260 315
259 310
259 305
258 300
258 295
258 290
257 285
257 280
257 275
257 270
256 265
255 260
253 255
251 260
249 264
249 269
249 274
248 279
248 284
248 289
247 294
247 299
247 304
245 309
246 314
245 319
245 324
245 329
244 334
244 339
243 344
243 349
243 354
243 359
243 364
243 369
244 374
244 379
243 384
243 389
243 394
243 399
243 404
243 409
243 414
242 419
242 424
242 429
242 434
242 439
242 444
242 449
241 452
241 457
241 462
242 467
242 472
242 477
241 482
241 487
236 490
231 491
226 491
221 490
216 488
215 483
216 478
218 473
219 468
219 463
221 459
221 454
220 449
219 445
219 440
219 437
219 432
219 427
219 422
218 417
218 412
218 407
218 402
218 397
218 392
218 387
218 382
218 377
219 374
219 369
219 364
219 359
219 354
219 349
219 344
218 339
218 334
218 329
218 324
218 319
217 314
217 309
217 304
217 299
216 294
216 289
216 284
216 279
216 274
216 269
216 264
215 259
215 254
211 251
206 251
203 248
204 243
205 238
206 233
207 228
208 223
210 219
211 214
212 209
213 204
214 199
215 194
216 189
217 184
215 179
216 174
219 169
219 164
220 160
219 156
219 151
218 146
217 141
216 136
211 133
206 131
202 127
197 125
192 124
187 123
182 123
177 123
172 123
167 123
162 123
157 123
152 123
147 123
142 123
137 123
132 123
127 123
122 123
117 123
112 123
107 124
102 124
97 124
92 125
87 125
82 125
79 120
74 120
69 121
64 122
59 123
54 123
49 122
52 119
57 118
52 117
47 117
42 115
37 113
37 109
42 109
47 108
52 108
57 108
62 107
67 107
72 107
77 107
80 103
84 101
89 102
94 103
99 102
104 102
109 103
114 103
119 103
124 103
129 103
134 103
139 103
144 102
149 103
154 102
159 102
164 102
169 102
174 102
179 102
184 102
189 102
194 102
199 101
204 100
209 98
213 95
218 96
222 98
226 96
231 94
236 91
239 86
237 83
235 80
233 75
229 71
226 67
225 62
221 60
222 57
224 52
226 47
227 42
227 37
228 32
232 34
236 31
241 28
244 24
244 21
249 23
254 25
259 26
264 28
269 31
274 31
276 34
278 36
277 41
280 46
285 48
283 52
283 57
285 61
283 62
281 65
279 69
275 72
273 77
272 82
268 83
267 87
271 92
276 94
281 96
286 94
291 94
296 95
300 99
305 98
310 101
315 101
320 101
325 101
330 100
335 100
340 100
345 100
350 100
355 101
360 101
365 100
370 100
375 101
380 101
385 100
390 100
395 100
400 100
405 99
410 99
415 99
420 98
425 98
429 99
432 103
437 103
442 103
447 103
452 103
457 104
462 104
467 104
472 104
476 106
472 110
467 111
463 113
458 113
457 116
462 118
458 120
453 119
448 119
443 118
438 118
433 116
429 119
426 122
421 122
416 122
411 121
406 121
401 121
396 121
391 121
386 121
381 119
376 120
371 121
366 121
361 121
356 121
351 121
346 121
341 121
336 121
331 121
326 122
321 122
316 123
311 124
307 126
306 131
305 136
304 141
302 145
300 150
299 155
299 160
299 165
298 170
298 175
298 180
298 185
298 190
298 195
298 200
298 205
296 209
295 213
296 218
297 223
298 228
299 233
301 238
302 243
304 247
301 250
296 251
291 252
290 257
290 262
290 267
289 272
288 277
289 282
289 287
289 292
289 297
289 302
288 307
288 312
287 317
288 322
287 327
287 332
287 337
286 342
287 347
287 352
286 357
286 362
287 367
287 372
287 377
288 382
288 387
288 392
288 397
288 402
288 407
288 412
287 417
287 422
287 427
287 432
286 437
286 442
286 447
284 452
286 456
287 461
287 466
287 471
287 476
288 481
289 486
286 490
281 491
276 491
271 491
269 491
255.589 201.022
256.672 130.466
269.286 231.143
237.481 221.896
234.768 200.554
267.277 172.5
276.722 197.5
236.508 134.498
265.899 112.001
279.023 138.709
236.073 113.934
230.777 379.535
243.399 167.155
216.224 115.413
232 301.2
302.445 112.773
273.889 322
288.66 108.302
229.015 478.739
253.466 66.0238
252.501 45.4959
266.925 57.2313
239.667 44.3545
239.678 60.8654
422.268 109.457
264.647 42.6827
249.455 34.9703
245.401 52.6063
276.159 479.583
231 367.435
231.977 178.364
276.793 107.156
281.281 122.694
230.492 467.322
243.608 71.367
254.556 79.8003
234.176 52.6135
271.296 49.094
258.694 35.5893
292.664 119.443
262.839 72.2136
230.572 392.105
225.718 108.898
313.599 112.086
324.18 111.563
334.675 110.539
345.191 110.515
355.196 111.015
365.697 110.491
256.262 55.6057
411.243 109.966
400.742 110.488
390.226 110.513
276.087 468.408
276.049 458.278
231 355.358
231.135 166.081
238.626 151.107
229.473 155.889
248.985 184.272
269.818 129.245
262.501 121.841
248.962 118.973
245.958 129.321
249.938 142.787
264.838 143.297
248.002 102.429
240.919 142.375
251.048 156.147
255.83 167.63
264.852 157.136
258.061 178.276
269.326 186.01
244.681 110.922
255.592 92.3637
259.211 102.988
245.862 92.9205
281.607 162.364
283.642 184.92
265.691 196.475
269.664 213.583
258.491 188.795
271.938 163.891
287.224 195.084
230.406 404.718
231 343.34
241.947 177.099
245.299 195.402
235.722 189.163
225.944 194.08
225.95 185.066
237.098 103.06
268.847 101.508
275.956 151.013
287.849 147.444
291.734 134.692
289.56 156.925
297.454 127.388
279.062 173.964
288.088 169.865
282.245 209.514
279.523 222.58
286.932 217.307
283.653 237.917
269.69 248.906
287.797 228.576
292.307 242.118
273.926 239.923
280.619 248.569
254.685 222.044
230.099 416.815
230.469 428.358
230.516 439.874
231.285 330.02
257.093 240.307
260.311 249.12
236.579 242.509
259.42 230.71
245.951 232.525
247.274 245.488
246.176 211.148
235.395 211.318
223.903 219.079
224.56 206.549
228.34 231.822
223.544 244.038
231.858 258.587
217.282 234.53
224.247 253.286
241.773 254.635
216.993 225.262
258.714 211.687
230.729 450.286
231.5 316.243
226.289 308.54
203.236 113.436
210.79 107.463
192.171 112.925
226.875 124.415
237.121 124.13
226.213 134.691
229.619 145.017
217.057 125.23
274.253 334.912
274.915 346.979
275.002 358.024
275.047 370.123
275.473 382.66
273.403 307.406
232.256 274.861
238.748 266.56
225.951 266.873
275.755 395.056
275.927 407.128
275.56 418.686
276.096 429.798
275.516 440.389
273.445 291.85
267.668 299.612
279.448 299.644
234.628 288.055
225.996 293.164
226.018 282.792
272.478 276.344
266.867 284.477
279.186 283.709
269.681 262.768
279.622 259.114
279.411 269.123
628
267.447 490.783
268.471 489.685
273.364 484.442
276.918 479.367
276.565 473.417
276.303 468.602
276.024 463.096
275.748 457.267
275.582 452.061
275.379 445.868
275.319 444.046
275.212 439.577
275.377 434.348
275.56 428.283
275.72 423.263
275.848 419.265
275.984 414.599
276.136 409.558
276.095 403.998
276.002 400.961
275.737 392.697
275.588 388.617
275.416 383.96
275.149 376.495
275.061 374.015
274.928 369.36
274.949 365.074
274.964 359.237
274.967 353.398
274.989 348.868
274.352 339.788
274.107 336.871
273.907 334.088
273.799 329.842
273.656 325.108
273.554 320.548
273.503 317.416
273.351 308.392
273.287 303.363
273.261 299.003
273.528 295.753
273.696 293.561
274.155 287.583
274.833 283.891
275.898 278.035
277.493 267.772
279.536 255.077
271.912 241.252
254.554 225.99
234.225 236.527
230.281 253.939
229.116 268.298
228.97 275.469
229.112 280.831
229.365 285.884
229.551 289.598
229.833 296.382
229.933 298.777
230.073 302.205
230.296 308.215
230.522 314.292
230.693 318.984
230.886 324.387
231.046 328.609
231.071 333.169
231.047 335.568
230.974 343.096
230.973 349.011
230.974 354.187
230.898 361.937
230.868 364.608
230.786 370.44
230.702 374.794
230.644 377.795
230.548 385.533
230.514 388.517
230.466 394.111
230.444 399.347
230.424 404.434
230.381 410.961
230.367 412.964
230.331 417.9
230.272 424.109
230.22 429.607
230.174 434.727
230.109 439.948
230.701 444.681
231.163 448.1
231.284 449.939
231.223 460.187
231.202 463.77
231.167 469.954
230.86 474.621
230.527 479.578
234.473 484.967
236.749 487.296
232.484 482.934
230.983 481.267
226.629 482.5
224.125 483.675
217.007 487.015
220.476 485.387
224.001 483.733
230.535 479.544
231.051 471.76
231.187 466.352
231.234 458.3
231.267 452.749
230.86 445.762
230.447 442.777
230.087 440.081
230.141 438.332
230.162 435.945
230.239 427.586
230.3 421.099
230.35 415.836
230.389 409.668
230.405 407.389
230.431 402.387
230.453 397.159
230.476 391.831
230.567 383.802
230.597 381.179
230.642 377.687
230.687 375.583
230.786 370.341
230.868 364.564
230.899 361.9
230.973 354.104
230.973 348.908
230.974 343.067
231.04 336.326
231.059 334.304
231.076 329.659
230.882 324.292
230.668 318.216
230.479 313.108
230.337 309.272
230.146 304.244
229.925 298.418
229.719 293.595
229.561 290.174
229.372 286.057
229.158 281.478
228.929 276.623
229.121 268.621
229.622 258.452
230.265 248.565
230.251 235.617
220.295 238.18
204.19 247.312
203.04 247.964
211.139 243.373
220.792 237.909
222.82 236.762
225.003 235.326
225.452 234.9
230.106 231.751
238.867 225.519
243.867 219.754
248.335 214.55
249.826 208.516
251.322 202.595
252.408 195.611
252.919 187.996
252.765 185.954
252.894 186.034
255.715 179.407
258.349 167.852
258.87 160.365
259.314 154.424
259.6 146.174
259.758 135.557
253.458 129.602
240.335 122.018
223.733 115.995
216.379 114.114
212.595 113.1
198.886 111.106
191.792 111.517
186.006 111.878
181.735 112.15
177.212 112.292
203.559 113.852
167.735 112.408
165.309 112.433
158.049 112.526
151.919 112.648
146.897 112.751
143.068 112.831
138.367 112.921
133.157 112.998
128.174 113.019
125.719 113.024
121.929 113.036
110.975 113.132
105.573 113.219
83.6921 113.535
94.085 113.431
89.2566 113.498
86.5346 113.508
86.498 113.508
84.7548 113.469
78.0621 113.61
65.8631 113.908
61.3532 115.456
58.7966 116.352
51.0221 121.303
49.007 122.586
52.3212 120.475
62.2222 115.556
49.1388 113.142
47.1173 112.17
42.4002 111.56
37.6196 111.027
37.1559 110.976
39.5459 111.241
43.2333 111.677
51.7309 113.594
57.6768 115.412
61.501 115.417
65.7464 113.914
72.3287 113.735
82.8237 113.508
83.8772 113.498
83.5229 113.497
84.9447 113.485
90.3549 113.488
98.2782 113.353
102.806 113.27
99.7191 113.315
112.413 113.112
119.238 113.041
124.222 113.027
129.124 113.017
134.214 112.989
139.699 112.897
144.172 112.808
137.556 112.924
129.778 112.889
159.157 112.508
163.894 112.448
168.731 112.397
173.538 112.344
178.204 112.272
182.623 112.094
187.232 111.801
193.179 111.439
199.936 111.054
206.776 111.38
210.25 112.069
206.807 104.488
210.165 111.898
220.972 115.189
236.173 119.746
248.997 123.667
252.79 115.098
251.108 78.6082
250.577 69.2214
250.332 64.891
249.295 52.5259
245.535 50.342
241.687 51.5623
243.283 51.0468
0 0
228.621 55.9135
241.697 51.4975
247.085 49.6935
244.024 46.0121
236.426 39.9739
230.634 35.3685
244.697 43.9707
248.073 49.0654
249.043 43.3817
0 0
243.58 18.7111
246.693 32.7677
249.571 44.6327
250.196 46.3178
253.386 47.2898
262.181 41.9497
275.324 33.4748
264.011 40.7711
275.733 33.2103
259.313 43.8016
260.604 48.172
296.708 57.8453
264.72 49.2739
0 0
282.722 59.4772
277.281 56.4727
264.001 49.134
259.824 48.475
252.024 50.1289
249.95 58.988
250.183 62.6474
250.296 64.4047
252.151 97.5148
256.237 120.68
266.875 125.933
280.228 119.93
296.175 111.478
299 109.93
298.61 110.144
295.557 111.964
300 110.495
306.403 110.313
316.012 109.954
321.714 110.035
327.444 110.098
331.786 110.187
335.339 110.258
339.972 110.366
344.671 110.474
348.797 110.579
354.203 110.724
361.2 110.756
366.184 110.737
369.114 110.542
361.778 111.111
380.803 110.3
385.795 110.361
389.764 110.41
394.671 110.449
400.639 110.496
406.378 110.099
411.462 109.755
417.994 109.159
423.587 108.665
425.315 108.592
425.427 108.592
426.156 108.786
435.858 109.663
443.435 110.351
448.72 110.834
452.039 111.124
455.093 110.736
466.525 107.559
467.771 107.329
472.512 106.477
475.696 105.905
473.826 106.241
470.522 106.835
462.444 108.311
461.766 111.036
459.489 118.062
461.801 120.939
458.438 116.754
454.015 111.251
451.535 111.084
449.382 110.891
440.688 110.101
432.561 109.403
423.393 108.748
422.695 108.741
422.672 108.728
418.984 109.065
413.468 109.6
406.492 110.091
400.506 110.499
395.486 110.456
391.039 110.422
387.873 110.386
437.333 111.111
373.914 110.235
369.522 110.52
365.879 110.758
361.23 110.756
356.244 110.756
351.238 110.642
346.196 110.512
341.22 110.394
336.206 110.278
330.992 110.171
326.724 110.082
322.04 110.038
315.73 109.965
305.406 110.334
291.475 114.317
279.146 120.765
272.312 124.523
270.165 126.556
268.476 129.615
264.675 136.74
262.956 148.133
262.289 155.855
261.988 160.399
261.609 165.665
260.798 173.398
260.434 176.817
259.379 187.589
259.58 193.689
259.81 198.991
259.912 201.661
259.877 202.638
259.672 204.392
260.429 213.943
265.891 224.866
270.346 231.268
275.101 236.452
279.605 239.573
286.54 242.851
290.642 244.081
304.92 248.347
302.96 247.762
0 0
278.338 240.034
277.257 246.743
278.567 257.031
278.215 263.165
277.687 268.273
275.989 277.448
274.503 285.713
274.041 289.637
273.69 293.598
273.398 297.483
273.249 300.587
273.305 305.188
273.394 310.862
273.449 314.103
273.598 322.857
273.72 327.078
273.868 332.264
274.093 336.716
274.338 339.63
275.02 348.11
274.967 351.303
274.967 356.069
274.954 362.873
274.94 368.127
275.005 372.477
275.106 375.296
275.388 383.186
275.536 387.223
275.71 391.943
275.882 397.011
275.961 399.61
276.201 407.087
276.083 411.188
275.935 416.304
275.669 424.873
275.59 427.363
275.468 431.264
275.323 436.186
275.227 441.703
275.377 445.802
275.483 449.053
275.8 458.703
275.976 462.163
276.196 466.483
276.508 472.398
276.885 479.265
277.356 482.471
285.911 487.487
285.415 487.196
277.366 482.478
275.18 482.497
273.231 484.585
267.984 490.207
255.484 202.96
259.397 131.629
265.059 227.735
244.725 221.4
251.049 204.53
260.036 171.638
258.964 199.976
257.303 129.955
259.563 128.978
265.247 131.324
248.112 124.029
230.625 379.812
258.534 168.512
218.613 112.888
229.75 275.506
301 112.538
273.596 319.629
283.75 118.168
228.684 482.408
249.664 51.909
250.151 48.7749
253.105 47.4173
248.614 49.3921
245.365 50.2996
423.132 108.692
256.889 46.2222
249.404 44.7312
248.916 49.3852
280.617 484.539
230.749 371.852
253.624 185.435
269.064 125.478
269.908 125.492
231.104 466.467
249.749 55.0935
0 0
246.655 49.8406
255.98 47.0015
252.058 48.1668
285.481 117.292
249.907 57.4835
230.509 389.273
227.308 117.081
310.932 110.137
317.009 110.093
336.169 110.282
333.592 110.331
359.661 110.752
367.558 110.645
250.847 49.3541
409.046 109.887
400.573 110.497
393.507 110.439
276.413 470.56
276.009 461.674
230.966 336.289
258.966 173.731
259.63 149.157
259.349 151.761
255.874 187.039
263.819 130.306
259.674 129.663
255.508 126.183
256.047 128.49
260.464 138.182
262.205 139.376
253.516 118.7
259.677 135.361
0 0
259.525 167.033
261.386 153.527
257.08 180.013
258.514 187.581
254.016 124.662
254.941 118.17
254.513 119.889
252.826 108.785
261.689 159.617
255.512 188.239
258.978 199.771
258.887 214.457
256.406 188.94
261.368 160.855
259.664 200.265
231.111 359.111
231.011 339.326
256.032 180.762
252.838 202.683
253.355 188.31
250.924 203.489
252.973 188.776
251.713 124.561
258.009 128.946
262.696 147.982
264.403 137.289
270.416 126.001
262.691 150.947
283.956 118.286
260.365 172.15
260.723 170.645
259.346 213.436
268.631 229.305
264.856 223.34
277.67 239.508
272.024 235.956
272.168 233.471
279.738 240.333
271.741 235.018
274.964 238.699
254.933 217.901
230.36 413.982
0 0
230.489 443.056
231.053 332.814
258.261 217.171
268.267 226.522
221.198 237.644
259.241 222.826
247.911 222.015
255.111 200
0 0
248.373 215.572
242.983 222.084
248.354 215.1
232.785 230.171
230.064 234.666
230.398 246.518
225.199 235.32
230.541 244.306
228.881 248.659
229.021 233.963
256.06 211.848
231.125 459.686
230.939 327.753
230.275 307.661
201.939 111.116
210.218 111.971
192.442 111.5
257.778 130.667
249.003 124.708
251.13 127.4
263.203 134.719
232.712 119.211
274.231 338.108
274.991 348.239
275.556 358.222
274.975 365.895
275.687 422.236
275.556 248.889
228.95 276.19
229.843 258.103
229.181 266.497
275.927 398.592
276.167 408.387
276.077 411.453
275.687 449.805
275.297 443.352
273.794 292.578
273.522 296.251
273.243 299.565
229.112 280.109
229.643 291.948
229.252 283.482
276.435 274.334
274.152 287.618
274.987 283.858
278.148 250.645
278.553 254.197
276.107 276.83
1422
0 0
0 0
0 0
0 0
0 0
0 0
0 0
0 0
487 604
0 0
0 0
0 0
0 0
0 0
0 0
0 0
0 0
0 0
0 0
0 0
0 0
0 0
0 0
0 0
0 0
0 0
0 0
0 0
0 0
0 0
0 0
0 0
0 0
0 0
0 0
0 0
0 0
0 0
0 0
0 0
0 0
0 0
0 0
0 0
0 0
0 0
0 0
0 0
0 0
0 0
0 0
0 0
0 0
0 0
0 0
0 0
0 0
0 0
0 0
0 0
0 0
0 0
0 0
0 0
0 0
0 0
0 0
0 0
0 0
0 0
0 0
0 0
0 0
0 0
0 0
0 0
0 0
0 0
0 0
0 0
0 0
0 0
0 0
0 0
0 0
0 0
0 0
604 607
0 0
0 0
0 0
0 0
0 0
0 0
0 0
0 0
0 0
0 0
0 0
0 0
0 0
0 0
0 0
0 0
0 0
0 0
0 0
0 0
0 0
0 0
0 0
0 0
607 578
0 0
0 0
0 0
0 0
578 588
0 0
0 0
0 0
588 543
0 0
0 0
0 0
0 0
0 0
0 0
0 0
0 0
0 0
0 0
0 0
0 0
0 0
0 0
0 0
0 0
0 0
0 0
0 0
0 0
0 0
0 0
0 0
0 0
0 0
0 0
0 0
0 0
0 0
0 0
0 0
0 0
0 0
0 0
0 0
0 0
0 0
0 0
0 0
0 0
0 0
0 0
0 0
0 0
0 0
0 0
0 0
0 0
0 0
0 0
0 0
0 0
0 0
0 0
0 0
0 0
0 0
0 0
0 0
0 0
0 0
0 0
0 0
0 0
0 0
0 0
0 0
0 0
0 0
543 477
0 0
0 0
0 0
0 0
0 0
0 0
0 0
0 0
0 0
0 0
0 0
0 0
0 0
0 0
0 0
0 0
0 0
0 0
0 0
0 0
0 0
0 0
0 0
0 0
0 0
0 0
0 0
0 0
0 0
0 0
0 0
0 0
0 0
0 0
0 0
0 0
0 0
0 0
0 0
0 0
0 0
0 0
0 0
0 0
0 0
0 0
0 0
0 0
0 0
0 0
0 0
0 0
0 0
0 0
0 0
0 0
0 0
0 0
0 0
0 0
0 0
0 0
0 0
0 0
0 0
0 0
0 0
0 0
0 0
0 0
0 0
0 0
0 0
0 0
0 0
0 0
0 0
0 0
0 0
0 0
0 0
0 0
0 0
0 0
0 0
0 0
0 0
0 0
0 0
0 0
0 0
0 0
0 0
0 0
0 0
0 0
0 0
0 0
0 0
0 0
0 0
0 0
0 0
0 0
0 0
0 0
0 0
0 0
0 0
0 0
0 0
0 0
0 0
0 0
0 0
0 0
0 0
0 0
0 0
0 0
0 0
0 0
0 0
0 0
0 0
0 0
0 0
0 0
0 0
0 0
0 0
0 0
0 0
0 0
0 0
0 0
0 0
0 0
0 0
0 0
0 0
0 0
0 0
0 0
0 0
0 0
0 0
0 0
0 0
0 0
0 0
0 0
0 0
0 0
0 0
0 0
0 0
0 0
0 0
0 0
0 0
0 0
0 0
0 0
0 0
0 0
0 0
0 0
0 0
0 0
0 0
0 0
0 0
0 0
0 0
0 0
0 0
0 0
0 0
0 0
0 0
0 0
0 0
0 0
0 0
0 0
0 0
0 0
0 0
0 0
0 0
0 0
0 0
0 0
0 0
0 0
0 0
0 0
0 0
0 0
0 0
578 597
0 0
0 0
0 0
0 0
0 0
0 0
0 0
0 0
0 0
0 0
0 0
0 0
0 0
0 0
0 0
0 0
0 0
0 0
0 0
0 0
0 0
0 0
0 0
0 0
597 183
0 0
0 0
0 0
0 0
0 0
0 0
0 0
0 0
0 0
0 0
0 0
0 0
0 0
0 0
0 0
0 0
0 0
0 0
0 0
0 0
0 0
0 0
0 0
0 0
0 0
0 0
0 0
183 239
0 0
0 0
0 0
0 0
0 0
0 0
0 0
0 0
0 0
0 0
0 0
0 0
0 0
0 0
0 0
0 0
0 0
0 0
0 0
0 0
0 0
0 0
0 0
0 0
0 0
0 0
0 0
0 0
0 0
0 0
0 0
0 0
0 0
0 0
0 0
0 0
0 0
0 0
0 0
0 0
0 0
0 0
0 0
0 0
0 0
0 0
0 0
0 0
0 0
0 0
0 0
0 0
0 0
0 0
0 0
0 0
0 0
239 210
0 0
0 0
0 0
0 0
0 0
0 0
0 0
0 0
0 0
0 0
0 0
0 0
0 0
0 0
0 0
0 0
0 0
0 0
0 0
0 0
0 0
0 0
0 0
0 0
0 0
0 0
0 0
0 0
0 0
0 0
0 0
0 0
0 0
0 0
0 0
0 0
0 0
0 0
0 0
0 0
0 0
0 0
0 0
0 0
0 0
0 0
0 0
0 0
0 0
0 0
0 0
0 0
0 0
0 0
0 0
0 0
0 0
0 0
0 0
0 0
0 0
0 0
0 0
0 0
0 0
0 0
0 0
0 0
0 0
0 0
0 0
0 0
0 0
0 0
0 0
0 0
0 0
0 0
0 0
0 0
0 0
0 0
0 0
0 0
0 0
0 0
597 484
0 0
0 0
0 0
0 0
0 0
0 0
0 0
0 0
0 0
0 0
0 0
0 0
0 0
0 0
0 0
0 0
0 0
0 0
0 0
0 0
0 0
0 0
0 0
0 0
0 0
0 0
0 0
0 0
0 0
0 0
0 0
0 0
0 0
0 0
0 0
0 0
0 0
0 0
0 0
0 0
0 0
0 0
0 0
0 0
0 0
0 0
0 0
0 0
0 0
0 0
0 0
0 0
0 0
0 0
0 0
0 0
0 0
0 0
0 0
0 0
0 0
0 0
0 0
0 0
0 0
0 0
0 0
0 0
0 0
0 0
0 0
0 0
0 0
0 0
0 0
0 0
0 0
0 0
0 0
0 0
0 0
0 0
0 0
0 0
0 0
0 0
0 0
0 0
0 0
0 0
0 0
0 0
0 0
0 0
0 0
0 0
0 0
0 0
0 0
0 0
0 0
0 0
597 474
0 0
0 0
0 0
0 0
0 0
0 0
0 0
0 0
0 0
0 0
0 0
0 0
0 0
0 0
474 319
0 0
0 0
0 0
0 0
0 0
0 0
0 0
0 0
0 0
0 0
0 0
0 0
0 0
0 0
0 0
0 0
0 0
0 0
0 0
0 0
0 0
0 0
0 0
0 0
0 0
0 0
0 0
0 0
0 0
0 0
0 0
0 0
0 0
319 363
0 0
0 0
0 0
0 0
0 0
0 0
0 0
0 0
0 0
0 0
0 0
0 0
0 0
0 0
0 0
0 0
0 0
0 0
0 0
0 0
0 0
0 0
0 0
0 0
0 0
0 0
0 0
0 0
0 0
0 0
0 0
0 0
0 0
0 0
0 0
0 0
0 0
0 0
0 0
0 0
0 0
0 0
0 0
0 0
0 0
0 0
0 0
0 0
0 0
0 0
0 0
0 0
0 0
0 0
0 0
0 0
0 0
0 0
0 0
0 0
0 0
0 0
0 0
0 0
0 0
0 0
0 0
0 0
0 0
0 0
0 0
0 0
0 0
0 0
0 0
0 0
0 0
0 0
0 0
0 0
0 0
0 0
0 0
0 0
0 0
0 0
0 0
0 0
0 0
0 0
0 0
0 0
0 0
0 0
0 0
0 0
0 0
0 0
0 0
0 0
0 0
0 0
0 0
0 0
0 0
0 0
0 0
0 0
0 0
0 0
0 0
0 0
0 0
0 0
0 0
0 0
0 0
0 0
0 0
0 0
0 0
0 0
0 0
0 0
0 0
0 0
0 0
0 0
0 0
0 0
0 0
0 0
0 0
0 0
0 0
0 0
0 0
0 0
0 0
0 0
0 0
0 0
0 0
0 0
0 0
0 0
0 0
0 0
0 0
0 0
0 0
0 0
0 0
0 0
0 0
0 0
0 0
0 0
0 0
0 0
0 0
0 0
0 0
0 0
0 0
0 0
0 0
0 0
0 0
0 0
0 0
0 0
0 0
0 0
0 0
0 0
0 0
0 0
0 0
0 0
0 0
0 0
0 0
0 0
0 0
0 0
0 0
0 0
0 0
0 0
0 0
0 0
0 0
0 0
0 0
0 0
0 0
0 0
0 0
0 0
0 0
0 0
0 0
0 0
0 0
0 0
0 0
0 0
0 0
0 0
0 0
0 0
0 0
0 0
0 0
0 0
0 0
0 0
0 0
0 0
0 0
0 0
0 0
0 0
0 0
0 0
0 0
0 0
0 0
0 0
0 0
0 0
0 0
0 0
0 0
0 0
0 0
0 0
0 0
0 0
0 0
0 0
0 0
0 0
0 0
0 0
0 0
0 0
0 0
0 0
0 0
0 0
0 0
0 0
0 0
0 0
0 0
0 0
0 0
0 0
0 0
0 0
0 0
0 0
0 0
0 0
0 0
0 0
0 0
0 0
0 0
0 0
0 0
0 0
0 0
0 0
0 0
0 0
0 0
0 0
0 0
0 0
0 0
0 0
0 0
0 0
0 0
0 0
0 0
0 0
0 0
0 0
0 0
0 0
0 0
0 0
0 0
0 0
0 0
0 0
0 0
0 0
0 0
0 0
0 0
0 0
0 0
0 0
0 0
0 0
0 0
0 0
0 0
0 0
0 0
0 0
0 0
0 0
0 0
0 0
0 0
0 0
0 0
0 0
0 0
0 0
0 0
0 0
0 0
0 0
0 0
0 0
0 0
0 0
0 0
0 0
0 0
0 0
0 0
0 0
0 0
0 0
0 0
0 0
0 0
0 0
0 0
0 0
0 0
0 0
0 0
0 0
0 0
0 0
0 0
0 0
0 0
0 0
0 0
0 0
0 0
0 0
0 0
0 0
0 0
0 0
0 0
0 0
0 0
0 0
0 0
0 0
0 0
0 0
0 0
0 0
0 0
0 0
0 0
0 0
0 0
0 0
0 0
0 0
0 0
0 0
0 0
0 0
0 0
0 0
0 0
0 0
0 0
0 0
0 0
0 0
0 0
0 0
0 0
0 0
0 0
0 0
0 0
0 0
0 0
0 0
0 0
0 0
0 0
0 0
0 0
0 0
0 0
0 0
0 0
0 0
0 0
0 0
0 0
0 0
0 0
0 0
0 0
0 0
0 0
0 0
0 0
0 0
0 0
0 0
0 0
0 0
0 0
0 0
0 0
0 0
0 0
0 0
0 0
0 0
0 0
0 0
0 0
0 0
0 0
0 0
0 0
0 0
0 0
0 0
0 0
0 0
0 0
0 0
0 0
0 0
0 0
0 0
0 0
0 0
0 0
0 0
0 0
0 0
0 0
0 0
0 0
0 0
0 0
0 0
0 0
0 0
0 0
0 0
0 0
0 0
0 0
0 0
0 0
0 0
0 0
0 0
0 0
0 0
0 0
0 0
0 0
0 0
0 0
0 0
0 0
0 0
0 0
0 0
0 0
0 0
0 0
0 0
0 0
0 0
0 0
0 0
0 0
0 0
0 0
0 0
0 0
0 0
0 0
0 0
0 0
0 0
0 0
0 0
0 0
0 0
0 0
0 0
0 0
0 0
0 0
0 0
0 0
0 0
0 0
0 0
0 0
0 0
0 0
0 0
0 0
0 0
0 0
0 0
0 0
0 0
0 0
0 0
0 0
0 0
0 0
0 0
0 0
0 0
0 0
0 0
0 0
0 0
0 0
0 0
0 0
0 0
0 0
0 0
0 0
0 0
0 0
0 0
0 0
0 0
0 0
0 0
0 0
0 0
0 0
0 0
0 0
0 0
0 0
0 0
0 0
0 0
0 0
0 0
0 0
0 0
0 0
0 0
0 0
0 0
0 0
0 0
0 0
0 0
0 0
0 0
0 0
0 0
0 0
0 0
0 0
0 0
0 0
0 0
0 0
0 0
0 0
0 0
0 0
0 0
0 0
0 0
0 0
0 0
0 0
0 0
0 0
0 0
0 0
0 0
0 0
0 0
0 0
0 0
0 0
0 0
0 0
0 0
0 0
0 0
0 0
0 0
0 0
0 0
0 0
0 0
0 0
0 0
0 0
0 0
0 0
0 0
0 0
0 0
0 0
0 0
0 0
0 0
0 0
0 0
0 0
0 0
0 0
0 0
0 0
0 0
0 0
0 0
0 0
0 0
0 0
0 0
0 0
0 0
0 0
0 0
0 0
0 0
0 0
0 0
0 0
0 0
0 0
0 0
0 0
0 0
0 0
0 0
0 0
0 0
0 0
0 0
0 0
0 0
0 0
0 0
0 0
0 0
1422
0 1
458 0
1 2
1 458
2 3
2 457
2 458
2 487
3 4
3 487
4 5
487 4
512 4
5 6
5 512
6 7
6 512
513 6
7 8
513 7
8 9
513 8
615 8
9 10
615 9
10 11
615 10
11 12
615 11
12 13
12 614
615 12
13 14
614 13
14 15
14 613
614 14
15 16
613 15
16 17
16 612
613 16
17 18
17 612
18 19
18 612
19 20
611 19
612 19
20 21
611 20
21 22
21 606
611 21
22 23
22 606
23 24
23 605
606 23
24 25
605 24
25 26
25 605
26 27
26 604
605 26
27 28
604 27
28 29
28 603
604 28
29 30
29 603
30 31
30 602
30 603
31 32
31 602
32 33
32 602
33 34
475 33
33 602
34 35
34 475
35 36
35 475
36 37
475 36
36 607
37 38
37 607
38 39
607 38
38 617
39 40
39 617
40 41
617 40
41 42
617 41
41 623
42 43
42 623
43 44
43 623
44 45
44 622
623 44
45 46
45 622
625 45
46 47
46 625
47 48
47 574
625 47
48 49
574 48
48 578
588 48
49 50
588 49
50 51
50 588
609 50
51 52
609 51
52 53
608 52
609 52
53 54
53 608
53 619
54 55
54 619
55 56
619 55
56 57
56 473
56 619
57 58
473 57
58 59
58 473
59 60
473 59
59 592
60 61
592 60
61 62
592 61
62 63
62 572
62 592
63 64
63 572
64 65
572 64
65 66
544 65
572 65
66 67
66 544
67 68
514 67
67 544
68 69
68 514
69 70
69 488
514 69
70 71
488 70
71 72
71 488
72 73
470 72
488 72
73 74
470 73
74 75
470 74
500 74
75 76
75 500
76 77
76 500
77 78
500 77
77 543
78 79
543 78
79 80
79 543
569 79
80 81
80 569
81 82
81 569
82 83
82 569
570 82
83 84
570 83
84 85
84 570
571 84
85 86
571 85
86 87
86 571
591 86
87 88
87 591
88 89
88 591
89 90
492 89
591 89
90 91
90 492
91 92
492 91
92 93
92 477
92 492
93 94
93 477
94 95
94 96
94 477
95 96
96 97
477 96
97 98
97 477
98 99
477 98
99 100
99 101
99 477
100 101
101 102
101 477
102 103
477 102
103 104
477 103
103 492
104 105
104 492
105 106
492 105
106 107
106 492
106 591
107 108
107 591
108 109
591 108
109 110
109 571
591 109
110 111
571 110
111 112
111 571
112 113
112 570
112 571
113 114
570 113
114 115
569 114
114 570
115 116
569 115
116 117
116 543
569 116
117 118
543 117
118 119
118 543
119 120
119 500
543 119
120 121
120 500
121 122
121 470
121 500
122 123
470 122
123 124
470 123
124 125
124 470
488 124
125 126
125 488
126 127
488 126
127 128
127 488
127 514
128 129
128 514
129 130
514 129
544 129
130 131
544 130
131 132
544 131
131 572
132 133
572 132
133 134
133 572
134 135
572 134
592 134
135 136
135 592
593 135
136 137
593 136
137 138
137 593
138 139
593 138
139 140
139 473
593 139
620 139
140 141
620 140
141 142
620 141
621 141
142 143
142 621
143 144
143 621
144 145
608 144
610 144
144 621
145 146
610 145
146 147
146 587
610 146
147 148
587 147
148 149
148 584
587 148
149 150
149 152
149 584
586 149
150 151
150 152
151 152
152 153
152 586
153 154
586 153
154 155
586 154
155 156
586 155
589 155
156 157
589 156
157 158
157 581
157 589
158 159
581 158
159 160
581 159
159 582
160 161
160 582
161 162
161 548
582 161
162 163
548 162
163 164
163 548
549 163
164 165
164 549
165 166
165 549
166 167
166 489
166 549
167 168
489 167
515 167
168 169
168 515
169 170
169 515
517 169
170 171
170 517
171 172
171 517
600 171
172 173
600 172
173 174
173 599
600 173
174 175
599 174
601 174
175 176
601 175
176 177
176 601
177 178
177 472
594 177
601 177
178 179
178 594
596 178
179 180
596 179
180 181
596 180
181 182
244 181
245 181
596 181
182 183
243 182
244 182
183 184
183 242
183 243
184 185
184 241
184 242
185 186
240 185
185 241
186 187
186 239
186 240
187 188
187 238
187 239
188 189
238 188
189 190
236 189
189 237
189 238
190 191
190 235
190 236
191 192
191 234
235 191
192 193
233 192
192 234
193 194
193 232
233 193
194 195
194 231
194 232
195 196
230 195
195 231
196 197
196 230
197 198
197 228
197 229
230 197
198 199
198 227
228 198
199 200
199 227
200 201
202 200
200 226
200 227
201 202
202 203
223 202
226 202
203 204
222 203
223 203
204 205
221 204
204 222
205 206
210 205
205 220
221 205
206 207
206 210
207 208
209 207
210 207
208 209
209 210
210 211
210 219
220 210
211 212
217 211
211 218
211 219
212 213
212 217
213 214
216 213
213 217
214 215
214 216
215 216
216 217
217 218
218 219
219 220
220 221
221 222
222 223
223 224
223 226
224 225
224 226
225 226
226 227
227 228
228 229
229 230
230 231
231 232
232 233
233 234
234 235
235 236
236 237
237 238
238 239
239 240
240 241
241 242
242 243
243 244
244 245
245 246
245 596
246 247
246 596
247 248
247 596
248 249
594 248
248 596
249 250
594 249
595 249
250 251
250 252
250 595
251 252
252 253
252 595
253 254
501 253
253 595
254 255
501 254
254 550
255 256
255 550
256 257
256 535
550 256
257 258
257 493
257 494
257 535
258 259
258 493
259 260
493 259
260 261
482 260
260 493
261 262
261 482
262 263
262 482
263 264
265 263
266 263
263 482
495 263
264 265
265 266
266 267
495 266
267 268
267 481
267 495
268 269
271 268
268 481
269 270
269 271
270 271
271 272
481 271
272 273
481 272
485 272
273 274
485 273
274 275
276 274
274 485
275 276
276 277
276 485
277 278
485 277
497 277
278 279
497 278
279 280
279 497
280 281
282 280
280 484
280 497
281 282
282 283
284 282
484 282
283 284
284 285
284 484
284 496
285 286
287 285
285 496
286 287
287 288
496 287
288 289
288 290
291 288
480 288
288 496
289 290
290 291
291 292
480 291
292 293
480 292
293 294
480 293
293 499
294 295
294 296
294 499
295 296
296 297
296 494
499 296
297 298
494 297
297 533
298 299
298 533
551 298
299 300
299 490
299 551
300 301
476 300
300 490
301 302
476 301
302 303
476 302
303 304
303 476
304 305
474 304
476 304
305 306
305 474
306 307
306 474
502 306
307 308
502 307
308 309
308 502
308 503
309 310
503 309
310 311
310 503
504 310
311 312
504 311
312 313
312 504
312 505
313 314
505 313
314 315
314 505
314 506
315 316
506 315
316 317
316 506
316 507
317 318
507 317
318 319
507 318
319 320
363 319
364 319
507 319
320 321
320 363
511 320
321 322
511 321
322 323
322 511
323 324
323 510
323 511
324 325
510 324
325 326
325 509
325 510
326 327
509 326
327 328
483 327
327 509
328 329
483 328
329 330
483 329
330 331
483 330
331 332
352 331
331 483
332 333
351 332
352 332
333 334
333 350
351 333
334 335
349 334
334 350
335 336
335 344
349 335
336 337
344 336
337 338
342 337
337 343
337 344
338 339
338 341
338 342
339 340
341 339
340 341
341 342
342 343
343 344
344 345
344 348
344 349
345 346
347 345
348 345
346 347
347 348
348 349
349 350
350 351
351 352
352 353
483 352
353 354
353 355
483 353
354 355
355 356
483 355
356 357
483 356
509 356
357 358
509 357
358 359
358 509
510 358
359 360
359 510
360 361
360 510
511 360
361 362
511 361
362 363
362 511
363 364
511 363
364 365
507 364
365 366
365 507
366 367
507 366
367 368
506 367
367 507
368 369
368 506
369 370
505 369
369 506
370 371
370 505
371 372
504 371
505 371
372 373
504 372
373 374
373 503
504 373
374 375
503 374
375 376
375 502
503 375
376 377
502 376
377 378
377 474
377 502
378 379
378 474
378 556
379 380
556 379
380 381
554 380
556 380
381 382
554 381
382 383
382 553
382 554
383 384
553 383
384 385
553 384
555 384
385 386
555 385
386 387
555 386
558 386
387 388
387 558
388 389
558 388
389 390
537 389
558 389
390 391
537 390
391 392
391 537
542 391
392 393
542 392
393 394
542 393
394 395
394 542
395 396
542 395
559 395
396 397
559 396
561 396
397 398
561 397
398 399
398 561
398 564
399 400
399 564
400 401
400 564
400 565
401 402
565 401
402 403
402 404
402 405
402 565
403 404
404 405
405 406
405 565
406 407
406 565
567 406
407 408
567 407
626 407
408 409
626 408
627 408
409 410
627 409
410 411
627 410
411 412
411 624
411 627
412 413
624 412
413 414
624 413
414 415
616 414
414 618
414 624
415 416
415 618
416 417
416 618
417 418
417 607
618 417
418 419
607 418
419 420
419 475
607 419
420 421
420 475
421 422
421 475
421 602
422 423
422 602
423 424
423 602
424 425
602 424
424 603
425 426
425 603
426 427
603 426
426 604
427 428
604 427
428 429
604 428
428 605
429 430
429 605
430 431
605 430
431 432
605 431
431 606
432 433
606 432
433 434
433 606
433 611
434 435
434 611
435 436
435 611
436 437
436 611
612 436
437 438
437 612
438 439
612 438
438 613
439 440
439 613
440 441
440 613
614 440
441 442
614 441
442 443
442 614
443 444
614 443
615 443
444 445
444 615
445 446
615 445
446 447
513 446
615 446
447 448
447 513
448 449
512 448
448 513
449 450
512 449
450 451
450 512
451 452
451 487
451 512
452 453
452 454
452 455
487 452
453 454
454 455
455 456
455 487
456 457
456 487
457 458
487 457
459 538
459 540
546 459
459 579
590 459
519 460
520 460
460 521
460 522
523 460
460 524
539 461
461 560
562 461
461 566
461 573
576 461
462 568
462 577
579 462
580 462
581 462
462 583
546 463
463 547
463 548
579 463
580 463
582 463
528 464
464 529
464 530
464 531
464 541
464 557
531 465
537 465
465 538
465 539
542 465
465 559
466 522
526 466
466 597
598 466
599 466
600 466
467 490
467 491
520 467
467 521
467 534
551 467
468 491
468 519
468 524
468 552
468 553
554 468
469 501
469 521
469 532
550 469
597 469
598 469
488 470
500 470
515 471
516 471
471 527
528 471
545 471
501 472
594 472
595 472
472 597
472 601
592 473
473 593
619 473
620 473
474 476
498 474
502 474
474 556
602 475
607 475
490 476
491 476
476 498
492 477
480 478
478 482
478 486
493 478
494 478
499 478
508 478
479 481
479 484
479 485
486 479
479 497
508 479
480 484
480 496
480 499
480 508
485 481
481 486
495 481
482 486
493 482
495 482
509 483
484 496
484 497
508 484
497 485
486 495
508 486
487 512
488 514
489 515
545 489
489 547
489 549
490 491
490 551
498 491
491 519
520 491
554 491
591 492
493 494
494 499
533 494
535 494
498 554
498 556
543 500
501 550
595 501
501 597
502 503
504 503
504 505
505 506
506 507
509 510
511 510
513 512
615 513
544 514
516 515
515 517
545 515
516 517
516 523
516 526
516 527
600 516
600 517
530 518
518 540
518 545
518 546
547 518
520 519
519 524
520 521
521 522
532 521
521 534
598 521
523 522
526 522
598 522
523 524
523 526
523 527
527 524
529 524
524 552
532 525
533 525
525 534
525 535
550 525
526 600
527 528
527 529
529 528
528 530
545 528
541 529
529 552
530 531
540 530
530 545
531 537
531 538
531 540
557 531
534 532
532 550
533 534
535 533
533 551
551 534
550 535
541 536
552 536
555 536
536 557
536 558
537 542
557 537
558 537
538 539
540 538
590 538
539 559
539 560
568 539
576 539
590 539
540 546
552 541
541 557
542 559
569 543
544 572
545 547
546 547
579 546
548 547
547 549
549 548
548 582
553 552
555 552
554 553
553 555
556 554
555 558
558 557
559 560
561 559
561 560
560 562
564 560
561 564
564 562
562 565
562 566
562 567
566 563
567 563
573 563
563 574
563 625
563 626
564 565
565 567
567 566
573 566
626 567
568 576
577 568
579 568
590 568
569 570
570 571
591 571
592 572
574 573
576 573
577 573
573 578
574 578
574 625
577 575
578 575
575 583
575 584
575 585
575 587
575 588
576 577
577 578
583 577
578 588
580 579
579 590
580 581
580 582
582 581
583 581
589 581
584 583
586 583
589 583
584 586
584 587
587 585
585 588
585 609
585 610
589 586
610 587
609 588
593 592
595 594
596 594
598 597
597 599
597 601
600 599
599 601
602 603
603 604
604 605
605 606
606 611
617 607
607 618
608 609
610 608
619 608
608 621
609 610
612 611
613 612
614 613
614 615
616 617
616 618
623 616
616 624
618 617
617 623
620 619
621 619
621 620
623 622
624 622
622 625
627 622
624 623
624 627
626 625
627 625
626 627
