948
364 504
360 502
355 502
350 501
346 499
341 498
337 496
333 498
329 499
324 499
319 499
314 499
310 498
310 493
310 488
310 483
310 478
310 473
310 468
310 463
312 459
308 457
303 457
298 457
293 456
288 457
283 456
279 454
274 453
270 451
270 446
273 443
277 440
280 436
282 432
282 427
284 423
286 419
286 414
286 409
286 404
284 400
284 395
284 390
284 385
284 380
284 375
284 370
282 366
281 361
280 357
278 353
276 349
274 345
274 340
273 335
272 331
272 326
272 321
272 316
270 312
269 307
267 303
264 300
262 296
260 292
256 290
251 289
248 293
246 297
244 301
242 305
242 310
240 314
240 319
240 324
238 328
238 333
238 338
236 342
236 347
234 351
232 355
230 359
229 363
228 368
228 373
228 378
228 383
228 388
226 392
226 397
226 402
226 407
224 411
224 416
225 419
226 423
228 427
230 431
232 435
234 439
237 443
241 446
242 450
238 452
234 454
229 454
225 456
220 456
215 456
210 457
205 457
200 458
201 463
202 467
201 471
200 476
200 481
200 486
201 491
202 495
200 499
195 499
190 499
185 499
180 499
176 496
172 498
167 498
162 500
158 501
153 502
148 502
143 502
138 502
133 502
128 501
123 501
119 499
117 495
116 492
119 489
124 488
128 486
133 484
137 482
141 479
143 475
147 472
152 471
157 470
159 466
161 462
163 458
167 457
172 458
174 454
169 453
165 451
160 450
156 447
153 444
149 441
145 438
148 435
151 432
156 431
160 429
164 426
168 423
172 421
176 418
178 414
180 410
183 406
185 402
186 398
187 393
189 389
189 384
189 379
189 374
189 369
191 365
189 361
189 356
189 351
189 346
189 341
189 336
189 331
189 326
187 322
187 317
187 312
185 308
185 303
185 298
185 293
185 288
185 283
186 279
187 274
189 270
191 266
192 262
195 258
195 253
198 250
199 245
201 241
201 236
203 233
207 230
206 225
201 225
199 222
199 217
199 212
201 208
201 203
201 198
201 193
201 188
201 183
201 178
200 173
197 170
192 171
187 171
184 171
180 174
176 176
171 176
166 177
162 179
157 180
153 182
149 184
144 185
140 188
136 190
132 193
127 194
123 196
118 198
115 201
110 203
106 206
102 209
98 212
95 215
90 217
86 219
82 221
77 222
73 224
69 227
66 231
62 234
58 237
54 239
51 237
50 234
51 229
48 231
44 234
40 237
36 240
32 242
27 242
22 242
17 241
19 237
23 234
27 231
30 228
34 225
37 221
38 217
42 214
45 211
49 208
53 205
55 201
58 198
62 195
67 193
71 191
75 189
80 188
84 186
89 184
93 182
97 179
101 177
105 175
110 174
114 171
118 169
123 167
127 165
131 163
135 161
140 160
144 157
148 155
152 152
156 149
160 147
164 144
169 142
173 139
177 136
179 132
183 129
186 127
191 126
195 124
199 121
204 120
208 117
212 115
216 113
221 112
226 113
231 112
235 110
239 107
239 102
238 97
235 94
231 91
227 88
223 86
223 81
218 80
214 78
210 75
207 72
204 68
204 65
207 61
210 59
213 55
213 50
211 46
209 42
207 38
205 34
203 30
207 26
211 23
215 21
219 18
223 15
227 13
231 11
236 10
241 10
245 8
250 8
255 8
260 8
265 8
269 10
274 11
278 13
283 14
287 16
290 19
294 21
298 24
301 27
303 31
301 35
299 39
297 43
295 47
297 51
297 56
301 59
305 62
305 67
303 71
300 74
296 77
295 82
296 87
301 86
298 89
294 92
291 92
288 89
284 86
280 89
276 92
273 96
273 101
274 106
278 109
283 110
287 111
292 112
297 113
301 115
305 118
309 120
313 123
318 124
322 126
327 127
329 131
332 135
336 138
339 140
343 143
347 145
352 147
355 150
359 153
364 155
368 158
372 160
377 161
381 163
385 165
389 168
394 169
398 172
402 174
407 175
411 178
415 180
419 182
423 185
428 186
432 188
436 191
441 191
445 194
449 196
453 199
457 202
459 206
463 209
467 211
469 215
473 218
475 222
478 226
482 229
484 233
488 236
491 238
490 241
485 242
480 242
475 241
471 238
467 235
464 232
461 228
459 232
461 236
457 239
452 238
448 235
446 231
443 227
439 225
435 222
430 222
426 219
421 218
417 215
413 213
409 210
405 207
401 204
397 201
393 199
389 197
384 196
380 193
377 190
373 188
368 187
364 185
360 182
356 181
351 179
346 179
342 177
337 176
333 174
328 173
324 171
319 171
314 170
311 173
309 177
309 182
309 187
309 192
309 197
309 202
309 207
311 211
311 216
311 221
310 225
305 226
305 231
309 233
309 238
311 242
311 247
314 251
315 255
317 259
319 263
321 267
323 271
325 275
325 280
325 285
325 290
325 295
325 300
327 304
325 308
325 313
323 317
323 322
323 327
323 332
323 337
321 341
321 346
321 351
321 356
321 361
321 366
321 371
321 376
321 381
322 386
323 390
323 395
325 399
327 403
329 407
331 411
333 415
335 419
339 422
344 424
348 427
351 430
356 432
360 434
363 436
364 439
361 443
357 446
353 448
349 451
345 453
340 454
338 457
343 458
348 458
351 461
351 466
353 470
358 472
363 472
367 474
369 478
372 482
377 483
381 485
385 488
390 489
394 491
395 495
393 499
389 501
384 501
379 502
374 502
369 503
365 504
257.344 159.688
200.286 427.643
218.17 282.085
274.809 257.383
294.891 291.554
320.393 437.214
245.151 135.303
277.915 138.842
219.515 150.485
295.709 154.709
254.146 52.5
235.96 35.9203
213.439 328.5
209.793 353.5
297.667 332.667
300.427 353.5
307.305 411.5
277.273 184.5
237.542 190.5
314.097 145.302
268.617 69.6563
185.379 467
307.639 304
67.3255 209.947
86.234 202.074
107.093 189.449
168.125 481.812
208.503 373.612
205.777 402.228
342.735 160.724
435.83 206.511
325.674 466.761
219.364 304.692
207.44 269.22
289.949 244.243
277.923 289.912
307.416 279.185
301.6 431.633
259.701 30.5957
202.129 318.36
225.562 320.514
224.972 334.827
310.375 333.917
287.503 341.722
279.159 55.2425
230.65 307.2
262.205 19.329
126.303 180.307
388.236 181.845
401.245 187.823
206.561 137.887
191.438 142.304
338.462 470.538
356.931 487.043
243.852 72.5186
229.412 249.361
276.91 30.1797
213.901 341.333
303.111 342.545
310.458 350.151
305.398 319.288
227.905 292.906
248.308 22.1524
327.916 482.706
216.111 242.106
224.058 345.944
201.498 343.922
199.328 354.182
205.177 363.301
217.086 362.922
171.944 159.056
282.72 71.7936
154.047 485.377
170.399 469.961
324.595 452.735
201.311 330.65
214.129 316.353
285.035 328.72
115.851 183.099
221.182 129.272
197.217 133.991
203.161 154.342
366.967 491.995
346.112 480.564
347.934 489.793
288.934 32.1377
281.086 42.4373
267.414 46.9278
290.079 309.235
313.487 312.666
313.524 324.684
216.344 293.516
203.887 302.878
201.661 285.31
236.777 275.136
234.94 298.965
248.08 34.3687
256.826 41.5229
243.411 46.0114
242.72 59.2802
228.377 49.3156
229.488 67.0792
320.029 488.976
236.6 220.362
216.518 257.18
218.23 372.631
274.37 79.2918
257.586 82.7784
267.15 86.6763
276.62 64.4475
159.798 478.51
162.597 489.561
333.225 442.069
200.494 145.212
264.462 58.4802
255.881 68.0311
300.076 310.7
293.651 320.624
282.926 317.843
196.779 309.911
206.662 293.601
195.773 295.397
228.842 282.274
223.736 269.208
239.351 285.976
222.008 36.8661
233.741 77.5338
218.102 67
222.816 57.9112
233.017 57.9419
229.205 233.919
205.795 258.537
330.319 430.368
317.55 422.473
340.196 434.126
348.4 439.4
215.591 273.329
226.62 259.298
228.293 26.1957
238.652 25.9131
224.962 241.698
218.272 230.998
255.257 239.334
208.433 248.739
311.955 431.197
309.204 443.98
306.385 422.114
295.853 422.782
318.156 446.149
296.571 412.058
318.568 411.253
219.746 212.428
243.052 232.677
296.247 443.445
291.847 434.332
215.35 221.422
226.099 223.376
243.278 246.779
235.133 241.562
257.58 256.431
252.59 248.403
452.546 217.678
442.491 214.634
187.338 453.806
180.423 437.05
198.009 442.801
180.565 446.796
191.147 434.02
183.195 426.368
214.22 437.486
204.778 436.068
223.678 443.893
59.041 219.369
49.5868 219.648
78.5634 210.295
75.9668 200.183
97.4895 197.126
183.669 482.464
175.698 486.888
179.004 474.121
190.307 475.371
355.242 166.075
346.571 169.052
267.049 274.54
288.171 272.517
307.301 291.595
315.094 285.462
315.302 297.584
289.705 352.285
137.436 174.038
149.657 169.016
376.783 175.431
272.141 21.2527
320.19 475.662
180.641 149.458
191.439 154.03
287.807 62.0403
144.122 490.763
135.144 493
210.684 128.17
217.449 139.651
231.516 138.849
234.408 125.364
242.218 152.01
249.835 119.465
239.871 142.987
243.579 126.227
214.509 165.861
337.516 485.897
268.452 36.4502
285.652 298.535
279.627 307.293
275.427 298.931
198.451 275.074
244.856 85.4968
233.389 205.315
219.012 194.378
260.018 204.789
229.272 214.06
223.627 203.23
212.306 203.871
209.385 213.417
246.808 210.317
243.005 200.021
259.597 222.332
252.642 229.612
255.887 213.466
247.051 220.773
285.896 445.789
241.082 261.199
233.048 266.351
251.86 272.161
250.468 262.75
260.541 266.413
258.407 280.042
266.771 246.476
266.989 233.273
283.085 214.432
297.09 214.369
277.849 240.056
272.433 221.628
281.323 249.596
292.897 258.622
288.49 228.883
271.75 209.135
270.016 195.81
254.797 186.926
286.302 198.277
260.275 195.02
265.984 185.239
258.498 173.534
280.358 205.491
278.71 193.405
283.498 263.176
277.467 272.032
299.942 249.686
300.215 268.862
310.646 269.259
278.365 229.894
290.113 220.04
295.978 235.921
290.056 207.422
297.724 198.931
243.67 176.644
276.013 165.102
270.993 175.168
305.05 259.203
245.558 185.762
226.793 177.463
249.454 167.317
265.642 165.967
235.437 181.286
192.554 416.093
195.351 405.523
205.863 415.547
213.819 408.836
212.071 425.743
208.162 446.389
190.752 489.232
268.29 285.194
287.098 283.601
296.73 278.967
159.775 161.74
167.382 167.3
365.625 171.646
182.659 160.297
254.964 145.637
259.958 131.07
268.887 150.506
264.321 117.046
264.482 140.76
282.444 151.673
254.751 104.322
258.639 93.8754
248.407 96.0135
277.57 123.92
256.229 113.171
264.2 107.176
273.102 116.325
293.455 131.018
270.41 131.55
283.827 131.24
291.37 143.169
303.23 138.95
303.467 128.669
313.318 134.162
322.456 139.12
327.51 154.696
304.509 149.234
313.56 157.649
329.789 145.348
337.748 151.786
321.767 161.989
303.373 163.839
289.829 167.426
281.8 174.675
294.709 180.903
292.474 190.543
283.872 160.612
298.284 171.986
230.933 150.255
234.463 164.711
242.814 161.092
224.612 167.468
204.836 164.042
212.337 156.652
214.265 181.947
210.242 190.605
209.461 173.829
332.778 163.63
203.713 387.594
215.802 385.012
197.035 395.394
199.294 378.268
214.968 396.053
198.718 369.402
413.292 195.421
425.533 198.989
426.126 208.986
417.35 204.28
167.951 438.761
302.461 371.952
309.098 362.019
294.016 363.545
303.35 391.327
301.439 402.176
294.078 395.286
312.182 398.476
295.841 381.964
309.355 381.343
313.549 389.451
370.667 174.644
225.029 280
948
368.221 495.865
366.414 493.329
360.778 491.264
355.402 489.475
349.634 487.555
340.567 484.589
331.013 481.481
326.775 483.55
324.056 486.02
321.578 488.234
317.131 492.351
312.579 496.565
309.142 499.747
316.153 493.256
319.076 490.551
323.032 486.337
325.687 482.893
327.704 478.913
327.691 474.408
326.714 464.914
324.675 447.312
315.638 432.378
305.364 433.575
298.988 436.271
290.162 441.522
282.641 445.973
281.052 446.757
278.349 448.21
272.816 450.977
269.885 449.237
270.262 449.461
271.76 450.157
279.702 447.472
294.988 438.674
300.202 435.588
303.36 433.18
304.922 431.673
308.032 427.197
306.665 417.497
305.261 407.725
303.794 397.321
303.371 394.586
303.228 393.472
302.981 388.323
302.882 386.306
302.647 381.441
302.048 370.659
301.759 366.656
301.162 359.72
300.415 354.526
299.637 348.972
299.078 345.051
298.673 343.059
298.629 342.866
298.729 338.841
298.782 336.931
298.765 335.418
299.217 332.207
301.108 325.306
303.64 314.536
305.264 306.666
305.609 298.193
304.614 288.725
301.733 283.17
300.143 279.957
289.722 261.1
266.856 238.762
234.855 247.563
213.486 267.247
209.378 281.468
206.285 291.421
206.055 300.939
206.71 307.948
208.021 313.175
209.984 321.001
210.824 325.111
211.121 327.021
212.589 335.947
212.807 338.929
212.667 341.791
212.637 342.79
212.564 343.251
211.867 346.403
211.292 349.196
209.582 357.447
208.407 366.143
207.83 374.136
208.121 380.758
208.192 382.663
208.217 384.217
207.924 387.516
207.319 394.76
206.173 402.484
205.906 404.304
205.05 410.09
202.567 423.225
202.039 426.015
203.039 431.823
206.912 434.96
214.646 439.289
221.578 443.134
227.921 446.557
237.552 450.032
240.017 449.672
242.43 449.404
238.447 449.846
235.363 450.535
228.779 447.017
227.378 446.267
223.327 444.101
214.999 439.484
207.193 435.133
198.526 433.33
175.289 438.308
182.249 468.029
181.545 471.609
180.85 475.361
181.115 479.574
184.911 483.903
189.157 488.304
197.056 495.447
200.659 497.565
201.017 497.77
199.08 496.647
191.041 490.004
185.927 485.406
184.844 484.44
180.968 480.983
172.577 481.933
165.386 484.273
156.471 487.18
152.608 488.44
149.463 489.474
145.972 490.628
141.41 491.96
136.063 493.436
131.682 494.411
126.477 495.42
122.412 495.719
120.653 494.907
117.874 493.527
116.12 492.487
118.627 494.237
120.495 494.679
128.795 494.96
135.228 493.61
141.978 491.806
149.146 489.581
150.367 489.177
151.099 488.936
152.806 488.377
172.822 481.856
177.648 480.287
179.631 478.75
164.789 461.015
179.318 478.371
181.043 474.108
186.971 438.858
178.924 438.593
169.896 438.404
161.977 438.165
160.032 438.107
153.958 437.925
146.76 437.355
144.581 437.18
148.086 437.463
150.194 437.622
155.368 437.879
164.3 438.235
173.168 438.5
178.893 438.568
186.337 438.717
195.793 433.169
199.394 428.269
201.957 425.036
203.488 418.339
205.008 410.1
205.97 403.705
206.786 398.352
207.608 391.818
208.109 383.44
207.922 377.433
207.922 373.167
207.887 370.624
208.161 365.413
208.96 361.041
209.487 358.074
210.325 353.949
211.351 349.101
211.974 343.763
211.982 338.215
211.907 331.46
210.153 322.484
209.209 317.538
208.309 313.819
206.686 307.059
206.18 304.179
205.509 300.376
205.044 297.763
204.629 292.925
204.646 288.474
204.54 286.563
204.877 285.148
205.065 284.546
205.688 283.29
207.36 279.347
208.801 275.656
213.128 268.741
216.234 264.36
217.381 262.761
224.108 253.86
230.672 247.094
231.582 246.141
232.765 245.05
240.641 229.387
262.867 214.754
196.896 220.112
211.641 216.986
225.263 214.092
228.48 213.246
239.319 209.456
241.927 204.06
243.575 194.019
244.045 191.15
244.747 185.666
245.023 176.471
241.479 162.199
216.31 143.313
205.513 139.489
188.239 140.922
180.424 148.89
174.621 154.973
168.985 160.929
167.619 161.499
165.841 162.247
160.804 164.427
158.839 165.281
151.975 168.191
147.24 170.172
145.499 170.897
138.188 173.934
132.497 176.526
128.956 178.182
126.258 179.443
122.798 181.066
117.97 183.329
111.699 186.286
107.923 188.021
103.282 191.235
97.6342 195.365
92.7691 198.456
90.6366 199.728
86.6659 202.226
82.0321 203.727
80.3164 204.17
77.6376 204.827
71.981 206.768
64.4059 210.514
56.5415 216.259
53.5367 220.646
52.913 221.854
53.1192 235.322
53.3679 238.93
53.3482 238.643
52.9432 232.789
52.5028 220.92
46.85 222.388
39.044 228.105
34.2574 232.905
31.2136 236.03
30.0792 237.07
22.328 238.898
18.6223 239.808
16.7278 240.273
19.8467 239.507
25.1102 238.215
26.2686 237.949
33.1913 233.998
41.3511 226.844
44.2361 223.634
44.6315 223.449
47.0716 222.307
50.4685 220.73
54.4279 217.811
63.5605 211.146
65.5532 209.691
66.7257 208.707
68.7382 207.924
70.7519 207.22
76.3965 205.232
78.9664 204.499
83.9316 203.229
89.3861 200.467
95.2854 196.963
102.892 191.519
105.091 189.916
107.455 188.209
109.944 187.115
114.938 184.756
120.422 182.18
122.12 181.384
128.617 178.341
132.553 176.501
135.737 175.001
138.484 173.818
141.292 172.648
150.295 168.896
154.666 167.057
159.671 164.954
162.853 163.476
164.339 162.759
169.742 160.177
176.314 153.213
184.632 144.458
190.224 139.332
188.72 137.053
187.821 136.887
188.401 136.961
193.137 137.114
200.587 137.466
204.931 137.597
210.45 137.776
211.152 135.872
210.817 135.41
210.392 134.871
211.515 135.8
221.764 141.659
238.731 147.111
255.164 146.325
263.434 133.24
258.56 99.5584
254.469 70.9044
251.802 57.028
249.629 55.9485
244.495 58.914
243.653 60.0187
245.631 57.4071
234.643 60.3211
224.442 64.1141
219.411 66.0065
205.985 71.0562
203.252 67.7171
203.191 67.6418
204.367 69.4277
219.854 65.8356
250.608 55.5101
247.601 41.6506
238.496 32.1907
224.293 30.5881
219.634 30.2687
206.716 29.5747
200.682 29.5919
218.31 30.2662
224.618 30.6073
231.716 31.0909
234.61 31.2906
236.296 30.9309
236.318 30.8679
237.961 31.5255
241.129 34.0674
247.016 37.3417
250.117 38.4281
252.566 38.4512
254.498 37.9476
260.605 36.1933
261.986 35.0759
262.103 35.3054
264.394 35.0026
267.788 33.5223
269.525 32.6957
273.272 30.7333
274.538 30.0328
281.369 29.3524
287.692 28.7794
302.057 27.4763
310.216 26.7705
290.699 28.5094
285.001 29.0205
270.211 32.6742
260.188 45.5692
260.779 48.8208
266.383 58.2777
292.831 64.5923
310.107 68.6211
307.852 68.0965
295.433 65.2555
285.53 62.872
267.166 59.0429
0 0
298.843 90.2885
299.943 88.1596
298.509 90.2457
297.443 92.4562
298.081 92.6546
286.268 80.5391
266.844 60.7143
258.006 53.0871
254.406 57.7504
255.201 75.4357
259.345 105.05
263.234 128.645
268.618 139.334
278.243 138.8
284.315 137.197
287.347 136.43
295.012 134.104
296.605 134.107
297.526 134.179
299.39 134.464
307.246 135.304
315.292 136.639
318.212 137.994
328.749 131.908
318.542 137.502
320.516 140.786
326.882 146.626
330.788 150.117
336.846 155.57
341.773 159.422
344.98 161.886
347.082 163.302
351.25 166.178
356.871 168.85
359.681 169.714
368.871 172.555
373.316 173.946
375.769 174.663
378.244 175.85
380.796 177.386
387.921 181.671
391.878 183.428
394.391 184.514
400.791 187.253
403.735 189.361
405.642 190.732
411.127 194.677
419.438 199.894
421.912 201.346
424.86 202.921
433.516 206.272
435.731 207.131
438.512 208.21
441.573 209.501
445.153 210.966
447.751 212.881
449.55 214.21
457.645 220.188
458.58 220.879
458.65 220.93
465.06 223.898
467.122 224.756
477.908 233.73
477.682 235.2
484.386 238.582
487.204 238.934
491.076 239.419
490.596 239.359
488.392 239.083
480.553 238.105
478.953 236.639
477.735 235.259
473.311 230.25
469.137 225.593
466.607 231.01
455.71 237.509
455.311 240.66
455.721 237.422
456.194 233.686
456.593 230.536
457.499 223.344
454.584 218.076
448.324 213.338
439.953 208.767
434.622 206.71
432.465 205.877
426.13 203.42
423.768 202.198
421.236 201.031
418.347 199.336
414.148 196.821
406.326 191.22
403.579 189.241
398.164 186.131
391.594 183.307
389.849 182.555
387.791 181.617
384.044 179.34
378.234 175.837
373.527 174.014
372.162 173.588
366.099 171.693
360.222 169.878
352.857 167.52
350.046 165.529
348.564 164.465
344.804 161.724
342.557 160.087
338.832 157.319
332.567 151.777
322.887 144.172
321.318 134.44
284.753 139.123
267.066 154.005
259.248 171.28
258.888 184.301
260.49 193.711
262.543 201.004
264.383 206.698
266.502 212.944
279.424 215.432
282.495 215.637
294.611 215.973
312.246 216.429
264.605 214.41
269.622 230.648
273.843 237.994
274.6 239.338
279.157 246.108
285.667 255.172
293.201 264.976
296.984 269.92
300.614 274.944
304.272 280.004
306.432 281.761
307.551 282.636
307.623 282.767
307.342 283.664
306.814 285.078
306.424 290.22
306.215 296.45
305.847 302.786
305.742 305.405
305.714 305.091
305.392 307.694
303.225 317.373
302.058 321.869
300.168 329.139
298.951 333.81
298.533 335.948
299.127 342.468
299.385 345.481
299.921 351.232
300.662 356.44
301.368 361.335
301.763 366.156
302.008 369.807
302.423 376.936
302.755 383.884
302.978 389.255
303.182 391.776
303.954 398.437
305.631 410.095
306.062 413.035
306.791 417.977
307.718 423.044
308.807 429.008
315.059 432.534
326.043 436.015
336.161 437.438
341.297 437.844
347.247 438.341
356.096 438.593
361.64 438.743
363.798 437.776
363.834 437.764
361.977 438.496
356.146 438.595
350.869 438.454
344.168 438.065
336.932 437.47
323.53 437.86
325.577 455.216
0 0
348.268 461.692
348.202 461.748
327.589 479.523
338.194 483.787
355.85 489.587
360.739 490.375
361.457 488.614
360.576 490.775
366.51 493.404
374.413 494.09
381.926 494.611
388.723 495.074
392.507 495.209
393.433 495.063
393.194 495.102
392.176 495.278
390.829 495.422
385.656 494.998
379.337 494.485
373.03 493.979
367.456 494.275
368.175 495.8
256.972 164.964
200.665 430.297
209.993 274.357
274.278 242.961
306.279 294.969
316.778 433.885
255.425 147.795
259.684 163.666
223.603 142.569
288.57 136.106
255.295 47.6283
245.239 36.7404
211.791 330.687
210.354 353.889
298.561 335.504
300.132 352.648
306.241 414.465
257.081 176.012
247.542 183.588
313.942 136.108
256.753 51.8707
181.598 471.353
305.596 303.945
64.843 210.187
84.9795 202.883
98.9512 194.119
172.007 482.119
205.65 401.847
207.286 394
347.801 163.889
442.794 210.261
327.182 469.214
206.301 304.733
208.243 277.205
276.955 244.869
302.131 279.691
305.769 282.995
307.852 431.126
257.933 38.1299
209.444 319.038
206.473 300.549
212.736 337.714
298.665 336.148
298.673 342.484
258.34 45.2387
206.307 304.123
261.372 35.7917
145.778 173.333
388.064 181.425
404.279 189.849
206.658 137.842
191.675 138.159
328.352 480.507
373.004 493.421
251.116 54.5599
234.67 242.078
268.263 33.5004
212.605 342.272
298.886 343.014
299.251 345.224
302.03 321.991
205.279 290.007
252.702 38.6161
326.929 482.236
231.826 245.951
212.282 343.697
211.96 345.001
210.415 353.694
208.311 364.524
213.333 361.778
169.376 160.541
262.834 56.7635
137.499 491.091
0 0
324.45 445.446
212.307 339.958
209.135 317.26
298.792 336.58
120.019 182.372
219.74 141.001
200.625 137.435
207.059 139.037
367.582 494.815
336.817 483.355
346.271 486.462
277.75 31.7239
260.309 37.0072
258.123 42.9032
305.217 309.112
305.212 309.037
299.751 330.738
205.523 291.908
205.714 302.102
205.023 285.873
221.27 257.782
205.966 292.617
251.168 39.8852
256.776 42.1731
251.156 43.2382
250.269 51.0384
250.856 40.6253
248.149 55.411
319.535 489.997
247.122 214.636
223.568 254.977
207.836 373.602
259.556 62.2222
253.841 58.5827
253.425 59.6627
260.093 53.4564
164.478 484.569
171.097 482.416
313.778 440
205.424 138.394
256.48 48.8297
253.823 53.1385
305.153 309.58
301.675 323.361
304.001 312.309
206.749 307.351
204.886 293.53
205.145 297.103
211.492 271.469
216.181 263.827
216.332 266.308
229.918 32.2422
248.593 55.4185
0 0
248.941 55.5256
249.443 51.445
241.891 228.539
214.792 266.373
316.253 433.054
308.911 429.403
332.247 436.813
347.4 437.985
209.258 275.276
224.88 253.92
238.11 31.558
242.417 35.0509
236.347 239.25
241.906 231.379
253.662 226.924
223.954 254.041
310.098 430.149
309.458 430.825
307.995 426.256
308.056 427.06
319.186 435.38
305.848 411.645
306.439 415.279
240.74 208.933
257.713 214.644
281.923 445.235
303.763 432.785
240.236 213.883
241.106 215.975
242.612 234.123
241.01 234.145
256.725 232.662
252.665 228.939
451.97 216.034
446.747 212.158
187.559 439.299
187.514 438.671
198.947 431.121
187.651 438.705
195.538 433.82
195.299 433.738
207.022 435.041
200.861 431.639
217.848 441.046
47.7303 222.868
48.7979 221.503
61.3333 223.111
76.8605 205.076
92.66 198.389
182.76 482.218
180.681 479.889
181.108 479.162
181.126 479.447
357.498 168.797
349.679 165.268
276.94 247.934
295.784 268.902
306.546 291.881
307.283 283.595
306.076 296.756
299.882 350.739
137.205 174.357
154.951 166.857
435.726 212.068
266.466 34.2243
326.686 481.255
174.042 155.609
212.823 151.042
265.823 58.3465
142.977 491.494
128.816 494.952
211.49 136.81
217.27 140.209
239.6 153.349
239.343 147.285
245.574 149.889
260.899 138.456
244.757 148.644
254.735 146.636
229.762 148.282
331.129 481.496
260.456 38.0323
306.537 295.376
305.35 305.7
304.974 286.799
205.374 284.07
252.746 57.2588
243.919 201.799
245.987 187.077
254.711 199.364
241.785 209.382
242.714 202.349
241.987 203.98
239.003 210.007
251.405 206.278
246.17 198.041
253.421 211
251.978 221.078
253.333 207.737
249.247 214.391
285.147 444.387
235.918 242.845
224.898 254.136
259.556 226.667
247.084 236.776
262.517 235.145
285.333 273.778
265.4 232.542
260.341 224.604
263.277 211.671
266.731 213.763
267.821 232.638
261.113 216.483
274.299 241.628
288.772 258.838
266.518 228.438
259.906 202.91
258.824 196.366
255.545 183.516
261.208 197.72
254.465 188.63
256.088 176.808
252.935 162.332
262.701 203.447
258.571 189.128
286.772 255.881
288.312 257.875
278.267 244.676
300.229 274.691
304.289 281.247
264.367 224.143
264.47 215.807
270.239 232.423
264.355 208.113
263.947 206.142
248.927 167.944
265.024 152.757
259.041 164.234
295.403 268.075
249.665 177.843
246.541 169.951
251.031 159.915
259.536 156.921
247.981 169.87
200.782 426.475
204.245 414.241
203.818 416.659
203.643 417.337
200.843 428.725
200 448
192.099 490.473
286.635 258.44
301.409 279.092
303.094 279.984
163.633 163.142
166.372 162.026
362.727 170.658
177.196 152.265
257.103 148.428
261.72 139.827
264.469 145.523
263.704 134.908
263.603 144.265
275.848 141.793
259.301 104.748
0 0
256.048 81.9678
275.996 139.326
263.085 130.727
263.702 134.773
267.138 139.403
293.688 134.593
264.442 140.299
289.185 135.866
288.549 136.017
300.183 134.776
298.011 134.296
313.939 136.265
317.961 138.442
329.079 148.528
302.611 135.511
310.634 135.779
323.496 143.52
339.453 157.62
312.461 141.163
290.84 136.6
267.139 151.577
258.521 170.924
259.421 169.288
259.645 190.043
272.273 145.461
270.398 148.561
236.002 148.384
245.41 152.608
247.162 155.117
237.827 156.66
215.595 141.045
220.629 141.395
245.081 173.858
244.146 190.339
237.995 154.178
338.407 156.515
208.16 383.79
208.172 382.382
206.412 400.787
207.923 375.332
207.629 391.065
207.908 370.217
416.062 197.875
430.953 204.944
425.312 202.953
419.602 200.078
163.023 438.136
302.196 372.196
301.415 361.745
301.779 328.999
303.16 392.252
304.322 401.295
303.237 393.572
304.182 400.22
302.222 354.667
302.73 383.294
303.093 390.813
368.889 173.333
225.029 280
2244
0 0
0 0
0 0
0 0
0 0
0 0
0 0
0 0
0 0
0 0
0 0
0 0
0 0
0 0
0 0
0 0
0 0
0 0
0 0
0 0
0 0
0 0
0 0
0 0
0 0
0 0
0 0
0 0
0 0
0 0
0 0
0 0
0 0
0 0
0 0
0 0
0 0
0 0
0 0
0 0
0 0
0 0
0 0
0 0
0 0
0 0
0 0
0 0
0 0
0 0
0 0
0 0
0 0
0 0
0 0
0 0
0 0
0 0
0 0
0 0
0 0
0 0
0 0
0 0
0 0
0 0
0 0
0 0
0 0
0 0
0 0
0 0
0 0
0 0
0 0
0 0
0 0
0 0
0 0
0 0
0 0
0 0
0 0
0 0
0 0
0 0
0 0
0 0
0 0
707 943
0 0
0 0
0 0
0 0
0 0
0 0
0 0
0 0
0 0
0 0
0 0
0 0
0 0
0 0
0 0
0 0
0 0
0 0
0 0
0 0
0 0
0 0
0 0
0 0
0 0
0 0
0 0
0 0
0 0
0 0
0 0
0 0
0 0
0 0
0 0
0 0
0 0
0 0
0 0
0 0
0 0
0 0
0 0
0 0
0 0
0 0
0 0
0 0
0 0
0 0
0 0
0 0
0 0
0 0
0 0
0 0
0 0
0 0
0 0
0 0
0 0
943 829
0 0
0 0
0 0
0 0
0 0
0 0
0 0
0 0
0 0
829 826
0 0
0 0
0 0
0 0
0 0
0 0
0 0
0 0
0 0
0 0
0 0
0 0
0 0
0 0
0 0
0 0
0 0
0 0
0 0
0 0
0 0
0 0
0 0
0 0
0 0
0 0
0 0
0 0
0 0
0 0
0 0
0 0
0 0
0 0
0 0
0 0
0 0
0 0
0 0
0 0
0 0
0 0
0 0
0 0
0 0
0 0
0 0
0 0
0 0
0 0
0 0
0 0
0 0
0 0
0 0
0 0
0 0
0 0
0 0
0 0
0 0
0 0
0 0
0 0
0 0
0 0
0 0
0 0
0 0
0 0
0 0
872 664
0 0
0 0
0 0
0 0
0 0
0 0
0 0
0 0
0 0
0 0
0 0
0 0
0 0
0 0
0 0
0 0
0 0
0 0
0 0
0 0
0 0
0 0
0 0
0 0
0 0
0 0
0 0
0 0
0 0
0 0
0 0
0 0
0 0
0 0
0 0
0 0
0 0
0 0
0 0
0 0
0 0
0 0
0 0
0 0
0 0
0 0
0 0
0 0
0 0
0 0
0 0
0 0
0 0
0 0
0 0
0 0
0 0
0 0
0 0
0 0
0 0
0 0
0 0
0 0
0 0
0 0
0 0
0 0
0 0
0 0
0 0
0 0
0 0
0 0
0 0
0 0
0 0
0 0
0 0
0 0
0 0
0 0
0 0
0 0
0 0
0 0
0 0
0 0
0 0
0 0
0 0
0 0
0 0
0 0
0 0
0 0
0 0
0 0
0 0
0 0
0 0
0 0
0 0
0 0
0 0
0 0
0 0
0 0
0 0
0 0
0 0
0 0
0 0
0 0
0 0
0 0
0 0
0 0
0 0
0 0
0 0
0 0
0 0
0 0
0 0
0 0
0 0
0 0
0 0
0 0
0 0
0 0
0 0
0 0
0 0
0 0
0 0
0 0
0 0
0 0
0 0
0 0
0 0
0 0
0 0
0 0
0 0
0 0
0 0
0 0
0 0
0 0
0 0
0 0
0 0
0 0
0 0
0 0
0 0
0 0
0 0
0 0
0 0
0 0
0 0
0 0
0 0
0 0
0 0
0 0
0 0
0 0
0 0
0 0
0 0
0 0
0 0
0 0
0 0
0 0
0 0
0 0
0 0
0 0
0 0
0 0
0 0
0 0
0 0
0 0
0 0
0 0
0 0
0 0
0 0
0 0
0 0
0 0
0 0
0 0
0 0
0 0
0 0
0 0
0 0
0 0
0 0
0 0
0 0
0 0
0 0
0 0
0 0
0 0
0 0
0 0
0 0
0 0
0 0
0 0
0 0
0 0
0 0
0 0
0 0
0 0
0 0
0 0
0 0
0 0
0 0
0 0
0 0
0 0
0 0
0 0
0 0
0 0
0 0
0 0
0 0
0 0
0 0
0 0
0 0
0 0
0 0
0 0
0 0
0 0
0 0
0 0
0 0
0 0
0 0
0 0
0 0
0 0
0 0
0 0
0 0
0 0
0 0
0 0
0 0
0 0
0 0
0 0
0 0
0 0
0 0
0 0
0 0
0 0
0 0
0 0
0 0
0 0
0 0
0 0
0 0
0 0
0 0
0 0
0 0
0 0
0 0
0 0
0 0
0 0
0 0
0 0
0 0
0 0
0 0
0 0
826 602
0 0
0 0
0 0
0 0
0 0
0 0
0 0
0 0
602 790
0 0
0 0
0 0
0 0
0 0
0 0
0 0
0 0
0 0
0 0
0 0
790 642
0 0
0 0
0 0
0 0
0 0
0 0
0 0
0 0
0 0
0 0
0 0
0 0
0 0
0 0
0 0
0 0
0 0
0 0
0 0
0 0
0 0
0 0
0 0
0 0
0 0
0 0
0 0
0 0
0 0
0 0
0 0
0 0
0 0
0 0
0 0
0 0
0 0
0 0
0 0
0 0
0 0
0 0
0 0
0 0
0 0
0 0
0 0
0 0
0 0
0 0
0 0
0 0
0 0
642 769
0 0
0 0
0 0
0 0
0 0
0 0
0 0
0 0
0 0
0 0
0 0
0 0
0 0
0 0
0 0
0 0
0 0
0 0
0 0
0 0
0 0
0 0
0 0
0 0
0 0
0 0
0 0
0 0
0 0
0 0
0 0
0 0
0 0
0 0
0 0
0 0
0 0
0 0
0 0
0 0
0 0
0 0
0 0
0 0
0 0
0 0
0 0
0 0
0 0
0 0
0 0
0 0
0 0
0 0
0 0
0 0
0 0
0 0
0 0
0 0
0 0
0 0
0 0
0 0
0 0
0 0
0 0
0 0
0 0
0 0
0 0
0 0
0 0
0 0
0 0
0 0
0 0
0 0
0 0
0 0
0 0
0 0
0 0
0 0
0 0
0 0
0 0
0 0
0 0
0 0
0 0
0 0
0 0
0 0
0 0
0 0
0 0
0 0
0 0
0 0
0 0
0 0
0 0
0 0
0 0
0 0
0 0
0 0
0 0
0 0
0 0
0 0
0 0
0 0
0 0
0 0
0 0
0 0
0 0
0 0
0 0
0 0
0 0
0 0
0 0
0 0
0 0
0 0
0 0
0 0
0 0
0 0
0 0
0 0
0 0
0 0
0 0
0 0
0 0
0 0
0 0
0 0
0 0
0 0
0 0
0 0
0 0
0 0
0 0
0 0
0 0
0 0
0 0
0 0
0 0
0 0
0 0
0 0
0 0
0 0
0 0
0 0
0 0
0 0
0 0
0 0
0 0
0 0
0 0
0 0
0 0
0 0
0 0
0 0
0 0
0 0
0 0
0 0
0 0
0 0
602 701
0 0
0 0
0 0
0 0
0 0
0 0
0 0
0 0
0 0
0 0
0 0
0 0
0 0
0 0
0 0
0 0
0 0
0 0
0 0
0 0
0 0
0 0
0 0
0 0
0 0
0 0
0 0
0 0
0 0
0 0
0 0
0 0
0 0
0 0
0 0
0 0
0 0
0 0
0 0
0 0
0 0
0 0
0 0
0 0
0 0
0 0
0 0
0 0
0 0
0 0
0 0
0 0
0 0
0 0
0 0
0 0
0 0
0 0
0 0
0 0
0 0
0 0
0 0
0 0
0 0
0 0
0 0
0 0
0 0
0 0
0 0
0 0
0 0
0 0
0 0
0 0
0 0
0 0
0 0
0 0
0 0
0 0
0 0
0 0
0 0
0 0
0 0
0 0
0 0
0 0
0 0
0 0
0 0
0 0
0 0
0 0
0 0
0 0
0 0
0 0
0 0
0 0
0 0
0 0
0 0
0 0
0 0
0 0
0 0
0 0
0 0
0 0
0 0
0 0
0 0
0 0
0 0
0 0
0 0
0 0
0 0
0 0
0 0
0 0
0 0
0 0
0 0
0 0
0 0
0 0
0 0
0 0
0 0
0 0
0 0
0 0
0 0
0 0
0 0
0 0
0 0
0 0
0 0
0 0
0 0
0 0
0 0
0 0
0 0
0 0
0 0
0 0
0 0
0 0
0 0
0 0
0 0
0 0
0 0
0 0
0 0
0 0
0 0
0 0
0 0
0 0
0 0
0 0
0 0
602 907
0 0
0 0
0 0
0 0
0 0
0 0
0 0
0 0
0 0
0 0
0 0
0 0
0 0
0 0
0 0
0 0
0 0
0 0
0 0
0 0
0 0
0 0
0 0
0 0
0 0
0 0
0 0
0 0
0 0
0 0
0 0
0 0
0 0
0 0
0 0
0 0
0 0
0 0
0 0
0 0
0 0
0 0
0 0
0 0
0 0
0 0
0 0
0 0
0 0
0 0
0 0
0 0
0 0
0 0
0 0
0 0
0 0
0 0
0 0
0 0
0 0
0 0
0 0
0 0
0 0
0 0
0 0
0 0
0 0
0 0
0 0
0 0
0 0
0 0
0 0
0 0
0 0
0 0
0 0
0 0
0 0
0 0
0 0
0 0
0 0
0 0
0 0
0 0
0 0
0 0
0 0
0 0
0 0
0 0
0 0
0 0
0 0
0 0
0 0
0 0
0 0
0 0
0 0
0 0
0 0
0 0
0 0
0 0
0 0
0 0
0 0
0 0
0 0
0 0
0 0
0 0
0 0
0 0
0 0
0 0
0 0
0 0
0 0
0 0
0 0
0 0
0 0
0 0
0 0
0 0
0 0
0 0
0 0
0 0
0 0
0 0
0 0
0 0
0 0
0 0
0 0
0 0
0 0
0 0
0 0
0 0
0 0
0 0
0 0
0 0
0 0
0 0
0 0
0 0
0 0
0 0
0 0
0 0
0 0
0 0
0 0
0 0
0 0
0 0
0 0
0 0
0 0
0 0
0 0
0 0
0 0
0 0
0 0
0 0
0 0
0 0
0 0
0 0
0 0
0 0
0 0
0 0
0 0
0 0
0 0
0 0
0 0
0 0
0 0
0 0
0 0
0 0
0 0
0 0
0 0
0 0
0 0
0 0
0 0
0 0
0 0
0 0
0 0
0 0
0 0
0 0
0 0
0 0
0 0
0 0
0 0
0 0
0 0
0 0
0 0
0 0
0 0
0 0
0 0
0 0
0 0
0 0
0 0
0 0
0 0
0 0
0 0
0 0
0 0
0 0
0 0
0 0
0 0
0 0
0 0
0 0
0 0
0 0
0 0
0 0
0 0
0 0
0 0
0 0
0 0
0 0
0 0
0 0
0 0
0 0
0 0
0 0
0 0
0 0
0 0
0 0
0 0
0 0
0 0
0 0
0 0
0 0
0 0
0 0
0 0
0 0
0 0
0 0
0 0
0 0
0 0
0 0
0 0
0 0
0 0
0 0
0 0
0 0
0 0
0 0
0 0
0 0
0 0
0 0
0 0
0 0
0 0
0 0
0 0
0 0
0 0
0 0
0 0
0 0
0 0
0 0
0 0
0 0
0 0
0 0
0 0
0 0
0 0
0 0
0 0
0 0
0 0
0 0
0 0
0 0
0 0
0 0
0 0
0 0
0 0
0 0
0 0
0 0
0 0
0 0
0 0
0 0
0 0
0 0
0 0
0 0
0 0
0 0
0 0
0 0
0 0
0 0
0 0
0 0
0 0
0 0
0 0
0 0
0 0
0 0
0 0
0 0
0 0
0 0
0 0
0 0
0 0
0 0
0 0
0 0
0 0
0 0
0 0
0 0
0 0
0 0
0 0
0 0
0 0
0 0
0 0
0 0
0 0
0 0
0 0
0 0
0 0
0 0
0 0
0 0
0 0
0 0
0 0
0 0
0 0
0 0
0 0
0 0
0 0
0 0
0 0
0 0
0 0
0 0
0 0
0 0
0 0
0 0
0 0
0 0
0 0
0 0
0 0
0 0
0 0
0 0
0 0
0 0
0 0
0 0
0 0
0 0
0 0
0 0
0 0
0 0
0 0
0 0
0 0
0 0
0 0
0 0
0 0
0 0
0 0
0 0
0 0
0 0
0 0
0 0
0 0
0 0
0 0
0 0
0 0
0 0
0 0
0 0
0 0
0 0
0 0
0 0
0 0
0 0
0 0
0 0
0 0
0 0
0 0
0 0
0 0
0 0
0 0
0 0
0 0
0 0
0 0
0 0
0 0
0 0
0 0
0 0
0 0
0 0
0 0
0 0
0 0
0 0
0 0
0 0
0 0
0 0
0 0
0 0
0 0
0 0
0 0
0 0
0 0
0 0
0 0
0 0
0 0
0 0
0 0
0 0
0 0
0 0
0 0
0 0
0 0
0 0
0 0
0 0
0 0
0 0
0 0
0 0
0 0
0 0
0 0
0 0
0 0
0 0
0 0
0 0
0 0
0 0
0 0
0 0
0 0
0 0
0 0
0 0
0 0
0 0
0 0
0 0
0 0
0 0
0 0
0 0
0 0
0 0
0 0
0 0
0 0
0 0
0 0
0 0
0 0
0 0
0 0
0 0
0 0
0 0
0 0
0 0
0 0
0 0
0 0
0 0
0 0
0 0
0 0
0 0
0 0
0 0
0 0
0 0
0 0
0 0
0 0
0 0
0 0
0 0
0 0
0 0
0 0
0 0
0 0
0 0
0 0
0 0
0 0
0 0
0 0
0 0
0 0
0 0
0 0
0 0
0 0
0 0
0 0
0 0
0 0
0 0
0 0
0 0
0 0
0 0
0 0
0 0
0 0
0 0
0 0
0 0
0 0
0 0
0 0
0 0
0 0
0 0
0 0
0 0
0 0
0 0
0 0
0 0
0 0
0 0
0 0
0 0
0 0
0 0
0 0
0 0
0 0
0 0
0 0
0 0
0 0
0 0
0 0
0 0
0 0
0 0
0 0
0 0
0 0
0 0
0 0
0 0
0 0
0 0
0 0
0 0
0 0
0 0
0 0
0 0
0 0
0 0
0 0
0 0
0 0
0 0
0 0
0 0
0 0
0 0
0 0
0 0
0 0
0 0
0 0
0 0
0 0
0 0
0 0
0 0
0 0
0 0
0 0
0 0
0 0
0 0
0 0
0 0
0 0
0 0
0 0
0 0
0 0
0 0
0 0
0 0
0 0
0 0
0 0
0 0
0 0
0 0
0 0
0 0
0 0
0 0
0 0
0 0
0 0
0 0
0 0
0 0
0 0
0 0
0 0
0 0
0 0
0 0
0 0
0 0
0 0
0 0
0 0
0 0
0 0
0 0
0 0
0 0
0 0
0 0
0 0
0 0
0 0
0 0
0 0
0 0
0 0
0 0
0 0
0 0
0 0
0 0
0 0
0 0
0 0
0 0
0 0
0 0
0 0
0 0
0 0
0 0
0 0
0 0
0 0
0 0
0 0
0 0
0 0
0 0
0 0
0 0
0 0
0 0
0 0
0 0
0 0
0 0
0 0
0 0
0 0
0 0
0 0
0 0
0 0
0 0
0 0
0 0
0 0
0 0
0 0
0 0
0 0
0 0
0 0
0 0
0 0
0 0
0 0
0 0
0 0
0 0
0 0
0 0
0 0
0 0
0 0
0 0
0 0
0 0
0 0
0 0
0 0
0 0
0 0
0 0
0 0
0 0
0 0
0 0
0 0
0 0
0 0
0 0
0 0
0 0
0 0
0 0
0 0
0 0
0 0
0 0
0 0
0 0
0 0
0 0
0 0
0 0
0 0
0 0
0 0
0 0
0 0
0 0
0 0
0 0
0 0
0 0
0 0
0 0
0 0
0 0
0 0
0 0
0 0
0 0
0 0
0 0
0 0
0 0
0 0
0 0
0 0
0 0
0 0
0 0
0 0
0 0
0 0
0 0
0 0
0 0
0 0
0 0
0 0
0 0
0 0
0 0
0 0
0 0
0 0
0 0
0 0
0 0
0 0
0 0
0 0
0 0
0 0
0 0
0 0
0 0
0 0
0 0
0 0
0 0
0 0
0 0
0 0
0 0
0 0
0 0
0 0
0 0
0 0
0 0
0 0
0 0
0 0
0 0
0 0
0 0
0 0
0 0
0 0
0 0
0 0
0 0
0 0
0 0
0 0
0 0
0 0
0 0
0 0
0 0
0 0
0 0
0 0
0 0
0 0
0 0
0 0
0 0
0 0
0 0
0 0
0 0
0 0
0 0
0 0
0 0
0 0
0 0
0 0
0 0
0 0
0 0
0 0
0 0
0 0
0 0
0 0
0 0
0 0
0 0
0 0
0 0
0 0
0 0
0 0
0 0
0 0
0 0
0 0
0 0
0 0
0 0
0 0
0 0
0 0
0 0
0 0
0 0
0 0
0 0
0 0
0 0
0 0
0 0
0 0
0 0
0 0
0 0
0 0
0 0
0 0
0 0
0 0
0 0
0 0
0 0
0 0
0 0
0 0
0 0
0 0
0 0
0 0
0 0
0 0
0 0
0 0
0 0
0 0
0 0
0 0
0 0
0 0
0 0
0 0
0 0
0 0
0 0
0 0
0 0
0 0
0 0
0 0
0 0
0 0
0 0
0 0
0 0
0 0
0 0
0 0
0 0
0 0
0 0
0 0
0 0
0 0
0 0
0 0
0 0
0 0
0 0
0 0
0 0
0 0
0 0
0 0
0 0
0 0
0 0
0 0
0 0
0 0
0 0
0 0
0 0
0 0
0 0
0 0
0 0
0 0
0 0
0 0
0 0
0 0
0 0
0 0
0 0
0 0
0 0
0 0
0 0
0 0
0 0
0 0
0 0
0 0
0 0
0 0
0 0
0 0
0 0
0 0
0 0
0 0
0 0
0 0
0 0
0 0
0 0
0 0
0 0
0 0
0 0
0 0
0 0
0 0
0 0
0 0
0 0
0 0
0 0
0 0
0 0
0 0
0 0
0 0
0 0
0 0
0 0
0 0
0 0
0 0
0 0
0 0
0 0
0 0
0 0
0 0
0 0
0 0
0 0
0 0
0 0
0 0
0 0
0 0
0 0
0 0
0 0
0 0
0 0
0 0
0 0
0 0
0 0
0 0
0 0
0 0
0 0
0 0
0 0
0 0
0 0
0 0
0 0
0 0
0 0
0 0
0 0
0 0
0 0
0 0
0 0
0 0
0 0
0 0
0 0
0 0
0 0
0 0
0 0
0 0
0 0
0 0
0 0
0 0
0 0
0 0
0 0
0 0
0 0
0 0
0 0
0 0
0 0
0 0
0 0
0 0
0 0
0 0
0 0
0 0
0 0
0 0
0 0
0 0
0 0
0 0
0 0
0 0
0 0
0 0
0 0
0 0
0 0
0 0
0 0
0 0
0 0
0 0
0 0
0 0
0 0
0 0
0 0
0 0
0 0
0 0
0 0
0 0
0 0
0 0
0 0
0 0
0 0
0 0
0 0
0 0
0 0
0 0
0 0
0 0
0 0
0 0
0 0
0 0
0 0
0 0
0 0
0 0
0 0
0 0
0 0
0 0
0 0
0 0
0 0
0 0
0 0
0 0
0 0
0 0
0 0
0 0
0 0
0 0
0 0
0 0
0 0
0 0
0 0
0 0
0 0
0 0
0 0
0 0
0 0
0 0
0 0
0 0
0 0
0 0
0 0
0 0
0 0
0 0
0 0
0 0
0 0
0 0
0 0
0 0
0 0
0 0
0 0
0 0
0 0
0 0
0 0
0 0
0 0
0 0
0 0
0 0
0 0
0 0
0 0
0 0
0 0
0 0
0 0
0 0
0 0
0 0
0 0
0 0
0 0
0 0
0 0
0 0
0 0
0 0
0 0
0 0
0 0
0 0
0 0
0 0
0 0
0 0
0 0
0 0
0 0
0 0
0 0
0 0
0 0
0 0
0 0
0 0
0 0
0 0
0 0
0 0
0 0
0 0
0 0
0 0
0 0
0 0
0 0
0 0
0 0
0 0
907 946
946 786
826 947
947 664
2240
0 1
594 0
1 2
594 1
648 1
677 1
2 3
2 648
679 2
3 4
3 679
4 5
679 4
5 6
679 5
6 7
6 679
803 6
7 8
7 658
7 803
8 9
658 8
8 697
9 10
9 697
10 11
10 697
11 12
13 11
11 697
12 13
13 14
697 13
14 15
697 14
15 16
697 15
788 15
16 17
16 788
17 18
17 788
18 19
626 18
788 18
19 20
19 626
20 21
20 626
20 669
20 743
21 22
21 740
743 21
22 23
22 740
22 748
23 24
748 23
24 25
24 748
823 24
25 26
823 25
26 27
823 26
27 28
27 31
27 823
28 29
28 30
28 31
29 30
30 31
31 32
31 823
32 33
823 32
33 34
749 33
823 33
34 35
749 34
35 36
35 749
36 37
36 742
36 749
37 38
37 742
744 37
38 39
38 744
39 40
744 39
40 41
744 40
40 940
40 941
41 42
941 41
42 43
42 941
43 44
941 43
943 43
44 45
943 44
45 46
943 45
46 47
46 936
938 46
46 943
47 48
47 938
48 49
48 938
49 50
49 783
49 938
50 51
50 783
51 52
51 638
51 783
52 53
638 52
53 54
53 638
54 55
638 54
54 672
55 56
55 672
56 57
56 672
57 58
57 672
57 713
58 59
58 713
59 60
713 59
806 59
60 61
60 806
61 62
61 806
807 61
62 63
62 807
63 64
63 807
64 65
807 64
874 64
65 66
829 65
874 65
66 67
66 829
67 68
67 719
67 826
829 67
68 69
68 719
69 70
690 69
69 719
70 71
70 690
71 72
71 640
71 690
72 73
72 640
73 74
635 73
73 640
74 75
635 74
75 76
635 75
76 77
76 635
636 76
77 78
636 77
78 79
636 78
79 80
636 79
660 79
80 81
80 660
81 82
660 81
82 83
660 82
83 84
83 660
83 664
84 85
664 84
85 86
664 85
85 700
86 87
86 700
87 88
87 700
87 926
88 89
926 88
89 90
89 926
90 91
926 90
90 929
91 92
91 929
92 93
92 870
929 92
93 94
93 870
94 95
870 94
95 96
870 95
871 95
96 97
871 96
97 98
97 871
98 99
764 98
871 98
99 100
764 99
99 766
100 101
766 100
101 102
766 101
102 103
105 102
106 102
107 102
102 766
103 104
105 103
104 105
105 106
106 107
107 108
107 766
108 109
766 108
109 110
109 766
110 111
110 766
110 872
111 112
111 872
112 113
112 760
112 872
113 114
113 616
758 113
760 113
114 115
616 114
115 116
616 115
116 117
616 116
116 775
117 118
775 117
118 119
775 118
118 873
119 120
119 873
120 121
120 123
873 120
121 122
123 121
122 123
123 124
123 873
124 125
124 873
125 126
127 125
125 773
873 125
126 127
127 128
773 127
128 129
128 706
128 773
129 130
129 706
130 131
706 130
131 132
131 667
706 131
132 133
132 667
132 792
133 134
133 792
134 135
134 792
793 134
135 136
793 135
136 137
136 793
137 138
137 143
137 793
138 139
143 138
139 140
139 143
140 141
142 140
140 143
141 142
142 143
143 144
793 143
144 145
144 793
145 146
793 145
146 147
792 146
793 146
147 148
147 667
147 792
148 149
667 148
149 150
149 667
150 151
150 667
150 705
151 152
668 151
151 705
152 153
152 668
153 154
155 153
668 153
154 155
155 156
155 668
156 157
156 616
156 668
157 158
157 616
157 758
157 761
158 159
761 158
935 158
159 160
935 159
160 161
935 160
161 162
161 935
162 163
162 167
162 935
163 164
165 163
166 163
163 167
164 165
165 166
166 167
167 168
167 935
168 169
935 168
169 170
935 169
170 171
170 759
170 935
171 172
759 171
763 171
172 173
172 763
173 174
173 763
173 867
174 175
867 174
175 176
175 867
868 175
176 177
868 176
177 178
868 177
177 927
178 179
178 927
179 180
179 925
927 179
180 181
925 180
180 928
181 182
928 181
182 183
928 182
930 182
183 184
183 930
184 185
184 662
184 663
930 184
185 186
185 662
186 187
186 662
187 188
662 187
188 189
188 661
188 662
189 190
189 661
190 191
190 661
190 670
191 192
670 191
192 193
192 634
192 670
193 194
193 634
194 195
194 634
714 194
195 196
195 714
196 197
196 714
197 198
197 714
197 716
198 199
716 198
199 200
716 199
200 201
200 688
200 716
201 202
688 201
202 203
688 202
202 808
203 204
203 808
204 205
808 204
205 206
628 205
205 808
206 207
628 206
207 208
207 209
628 207
207 726
208 209
209 210
209 726
738 209
210 211
210 738
211 212
211 213
659 211
738 211
212 213
213 214
659 213
214 215
214 659
214 736
214 750
215 216
215 217
215 218
215 750
816 215
216 217
217 218
218 219
816 218
219 220
816 219
220 221
815 220
220 816
221 222
815 221
222 223
222 815
922 222
223 224
922 223
224 225
224 922
225 226
225 921
922 225
226 227
226 921
226 923
227 228
227 919
227 923
228 229
790 228
228 919
229 230
790 229
229 880
230 231
230 880
231 232
880 231
232 233
232 665
232 878
880 232
233 234
878 233
234 235
878 234
235 236
878 235
236 237
785 236
236 877
878 236
237 238
237 785
238 239
785 238
239 240
784 239
785 239
240 241
784 240
241 242
642 241
241 784
242 243
242 642
243 244
642 243
244 245
642 244
673 244
245 246
245 673
246 247
620 246
673 246
247 248
247 620
248 249
248 620
771 248
249 250
249 771
250 251
771 250
251 252
251 619
771 251
252 253
252 619
253 254
253 619
253 769
254 255
254 769
255 256
255 769
256 257
618 256
256 769
257 258
257 618
257 767
258 259
767 258
259 260
259 767
260 261
260 265
260 767
261 262
263 261
261 264
261 265
262 263
263 264
264 265
265 266
767 265
768 265
266 267
279 266
768 266
267 268
278 267
267 279
268 269
268 277
268 278
269 270
276 269
269 277
270 271
276 270
271 272
275 271
271 276
272 273
272 274
272 275
273 274
274 275
275 276
276 277
277 278
278 279
279 280
279 768
280 281
768 280
281 282
768 281
282 283
768 282
283 284
283 767
768 283
284 285
284 618
767 284
285 286
618 285
286 287
286 618
287 288
618 287
288 289
618 288
288 770
289 290
289 770
290 291
770 290
291 292
619 291
770 291
292 293
292 619
292 771
293 294
293 771
294 295
294 620
771 294
295 296
295 620
296 297
296 620
297 298
297 620
673 297
298 299
673 298
299 300
299 673
300 301
642 300
300 673
301 302
301 642
302 303
642 302
302 784
303 304
784 303
304 305
784 304
305 306
784 305
785 305
306 307
785 306
307 308
307 785
307 877
308 309
308 877
309 310
309 877
310 311
310 665
877 310
311 312
665 311
312 313
312 665
789 312
313 314
789 313
314 315
314 646
789 314
315 316
646 315
316 317
646 316
317 318
317 646
317 675
318 319
675 318
319 320
319 675
320 321
675 320
794 320
321 322
794 321
322 323
794 322
323 324
674 323
323 794
324 325
674 324
325 326
674 325
326 327
326 674
797 326
327 328
797 327
328 329
328 797
799 328
801 328
329 330
799 329
329 887
891 329
330 331
330 887
889 330
331 332
809 331
331 889
332 333
809 332
333 334
721 333
333 809
334 335
334 336
334 721
335 336
336 337
336 696
336 721
336 722
337 338
722 337
338 339
338 722
339 340
722 339
340 341
340 342
343 340
340 722
341 342
342 343
343 344
343 722
344 345
344 722
345 346
722 345
723 345
346 347
695 346
720 346
723 346
347 348
720 347
348 349
348 720
349 350
352 349
349 720
350 351
352 350
351 352
352 353
720 352
353 354
720 353
354 355
354 720
733 354
355 356
733 355
356 357
733 356
357 358
733 357
358 359
733 358
734 358
359 360
734 359
360 361
360 657
360 734
361 362
361 657
362 363
657 362
363 364
641 363
363 657
364 365
641 364
365 366
365 641
366 367
641 366
787 366
367 368
787 367
368 369
368 787
369 370
651 369
369 787
370 371
370 651
371 372
651 371
371 680
372 373
372 680
373 374
680 373
374 375
376 374
374 680
375 376
376 377
680 376
377 378
680 377
378 379
378 680
681 378
379 380
639 379
379 681
379 791
380 381
380 791
381 382
381 791
382 383
382 384
385 382
382 791
383 384
384 385
385 386
791 385
386 387
791 386
387 388
387 666
791 387
388 389
394 388
395 388
666 388
389 390
391 389
389 392
393 389
394 389
390 391
391 392
392 393
393 394
394 395
395 396
395 666
395 701
396 397
396 701
397 398
397 701
703 397
398 399
703 398
888 398
399 400
888 399
399 892
400 401
892 400
893 400
401 402
893 401
402 403
890 402
402 893
403 404
890 403
404 405
890 404
894 404
896 404
405 406
894 405
406 407
894 406
899 406
407 408
407 899
408 409
408 899
409 410
899 409
409 900
410 411
900 410
411 412
411 413
900 411
411 901
412 413
413 414
901 413
414 415
901 414
414 905
415 416
905 415
416 417
416 905
416 906
417 418
417 906
418 419
418 624
906 418
419 420
419 624
420 421
624 420
420 776
421 422
776 421
422 423
422 776
423 424
776 423
423 879
424 425
879 424
425 426
425 786
879 425
426 427
426 786
427 428
786 427
428 429
643 428
786 428
429 430
429 643
430 431
430 643
431 432
431 643
431 644
432 433
432 644
433 434
644 433
434 435
434 644
931 434
435 436
435 931
436 437
436 931
436 932
437 438
932 437
438 439
932 438
439 440
441 439
439 625
439 932
440 441
441 442
441 625
442 443
625 442
443 444
443 625
757 443
444 445
757 444
445 446
756 445
757 445
446 447
446 448
756 446
447 448
448 449
463 448
756 448
449 450
463 449
450 451
461 450
450 462
463 450
451 452
451 460
451 461
452 453
452 460
453 454
457 453
453 458
453 459
453 460
454 455
454 456
454 457
455 456
456 457
457 458
458 459
459 460
460 461
461 462
462 463
463 464
463 469
463 756
464 465
464 466
464 467
464 468
464 469
465 466
466 467
467 468
468 469
469 470
756 469
470 471
756 470
757 470
471 472
757 471
472 473
474 472
472 625
757 472
473 474
474 475
474 625
933 474
475 476
475 933
476 477
476 933
934 476
477 478
477 934
478 479
934 478
479 480
931 479
934 479
480 481
644 480
931 480
481 482
644 481
482 483
482 644
483 484
483 643
644 483
484 485
643 484
485 486
643 485
486 487
486 643
486 786
487 488
786 487
488 489
488 786
489 490
786 489
879 489
490 491
490 879
491 492
776 491
879 491
492 493
492 776
777 492
493 494
777 493
494 495
777 494
495 496
777 495
495 924
496 497
496 924
497 498
924 497
498 499
907 498
924 498
499 500
499 907
500 501
500 904
500 907
500 908
501 502
908 501
914 501
502 503
911 502
502 914
503 504
911 503
504 505
911 504
912 504
505 506
505 857
505 912
506 507
857 506
507 508
857 507
508 509
508 833
857 508
509 510
509 833
510 511
513 510
510 833
511 512
513 511
512 513
513 514
513 833
513 838
854 513
855 513
514 515
514 516
514 855
515 516
516 517
516 850
516 855
517 518
850 517
518 519
518 850
518 861
519 520
519 861
520 521
861 520
521 522
852 521
521 861
522 523
522 852
523 524
523 852
524 525
524 631
524 781
524 852
525 526
525 781
526 527
526 781
527 528
781 527
528 529
528 781
782 528
529 530
529 782
530 531
532 530
530 782
531 532
532 533
684 532
782 532
533 534
684 533
534 535
534 684
685 534
535 536
535 685
536 537
685 536
537 538
537 637
685 537
538 539
538 637
539 540
539 637
539 654
540 541
540 654
541 542
541 654
542 543
654 542
937 542
543 544
543 937
544 545
544 937
545 546
936 545
937 545
545 944
546 547
944 546
547 548
547 944
547 945
548 549
548 945
549 550
549 945
550 551
942 550
945 550
551 552
551 745
551 942
552 553
552 745
553 554
553 745
554 555
554 745
555 556
555 728
745 555
556 557
727 556
728 556
557 558
557 727
557 729
558 559
729 558
559 560
559 729
560 561
729 560
730 560
561 562
730 561
562 563
565 562
562 730
563 564
565 563
564 565
565 566
730 565
566 567
566 730
567 568
567 730
568 569
568 730
569 570
707 569
569 730
570 571
570 669
707 570
571 572
626 571
571 647
571 669
572 573
575 572
572 647
573 574
573 575
574 575
575 576
575 647
576 577
576 647
678 576
577 578
648 577
577 678
578 579
578 580
648 578
579 580
580 581
648 580
580 677
581 582
581 677
582 583
677 582
583 584
591 583
583 592
583 677
584 585
584 590
591 584
585 586
585 587
588 585
585 589
590 585
586 587
587 588
588 589
589 590
590 591
591 592
592 593
677 592
593 594
677 593
594 677
798 595
845 595
864 595
595 865
595 881
883 595
595 917
762 596
763 596
765 596
867 596
869 596
871 596
597 656
686 597
597 688
597 715
597 717
718 597
597 731
754 598
778 598
598 828
830 598
836 598
598 848
849 598
599 617
599 683
599 711
599 780
599 805
599 875
876 599
707 600
600 727
728 600
600 739
740 600
600 743
796 601
601 797
800 601
801 601
881 601
601 882
602 883
602 885
602 886
895 602
602 896
897 602
603 645
795 603
603 796
915 603
603 918
603 920
886 604
897 604
604 903
908 604
909 604
604 913
682 605
605 692
693 605
694 605
709 605
710 605
691 606
693 606
606 695
720 606
606 733
734 606
634 607
607 635
636 607
607 652
607 670
671 607
652 608
660 608
661 608
608 662
608 663
664 608
637 609
609 638
653 609
655 609
609 672
712 609
653 610
654 610
610 783
610 937
610 938
728 611
611 741
611 744
611 745
940 611
611 942
612 840
612 844
612 847
612 860
910 612
911 612
912 612
810 613
613 811
613 814
613 818
862 613
866 613
614 898
900 614
614 901
614 902
614 903
614 904
614 905
666 615
701 615
702 615
703 615
615 704
709 615
710 615
616 668
758 616
616 774
616 775
617 684
711 617
780 617
617 782
618 767
769 618
770 618
769 619
770 619
771 619
673 620
771 620
621 668
621 705
706 621
773 621
774 621
663 622
622 664
700 622
925 622
622 926
928 622
622 930
868 623
869 623
870 623
925 623
623 927
623 929
624 776
624 777
624 906
624 924
625 757
625 932
933 625
626 647
658 626
669 626
788 626
627 635
640 627
627 656
627 671
627 686
627 687
628 688
628 699
726 628
731 628
808 628
629 834
836 629
837 629
838 629
629 850
855 629
805 630
630 807
849 630
874 630
630 875
780 631
631 781
851 631
852 631
631 876
632 739
632 740
741 632
742 632
748 632
632 749
633 641
657 633
691 633
692 633
787 633
633 804
670 634
634 671
687 634
634 714
636 635
640 635
635 671
636 652
660 636
637 653
637 654
637 655
685 637
653 638
638 672
638 783
681 639
682 639
639 704
709 639
639 791
640 656
640 690
641 657
641 787
642 673
784 642
644 643
643 786
931 644
645 675
708 645
645 794
795 645
920 645
646 675
646 708
789 646
646 790
658 647
647 678
647 803
648 677
678 648
679 648
694 649
696 649
649 702
649 710
649 721
809 649
650 659
650 699
732 650
735 650
650 752
650 753
824 650
680 651
681 651
651 787
804 651
652 660
652 661
670 652
653 654
653 783
654 937
684 655
685 655
655 711
712 655
686 656
690 656
717 656
656 719
691 657
734 657
658 697
658 788
658 803
659 699
735 659
659 736
738 659
660 664
661 662
661 670
663 662
663 664
663 930
700 664
789 665
665 877
665 878
880 665
666 701
666 704
666 791
667 705
706 667
792 667
705 668
668 774
669 707
743 669
687 671
672 712
672 713
794 674
795 674
674 796
674 797
708 675
675 794
708 676
676 790
919 676
920 676
679 678
678 803
679 803
681 680
681 682
804 681
692 682
682 709
804 682
711 683
712 683
683 713
683 805
806 683
684 685
684 711
684 782
686 687
686 715
714 687
715 687
687 716
688 715
716 688
731 688
688 808
689 717
689 718
719 689
824 689
825 689
826 689
690 719
692 691
691 693
691 734
693 692
804 692
694 693
693 695
693 724
694 696
710 694
694 724
720 695
695 723
695 724
721 696
722 696
723 696
696 724
697 788
725 698
747 698
751 698
698 810
813 698
698 817
822 698
699 718
699 726
699 731
732 699
738 699
926 700
703 701
703 702
702 710
702 809
888 702
702 889
703 888
704 709
791 704
705 706
773 706
707 727
707 729
707 730
707 743
708 790
708 920
710 709
711 712
713 712
713 806
714 716
715 716
718 717
719 717
718 731
732 718
718 825
826 719
720 733
809 721
723 722
724 723
725 735
725 736
747 725
751 725
753 725
726 738
727 728
729 727
728 739
728 741
745 728
730 729
824 732
825 732
734 733
736 735
753 735
750 736
736 751
747 737
752 737
755 737
737 820
830 737
831 737
740 739
739 741
743 740
740 748
741 742
744 741
744 742
749 742
940 744
745 942
750 746
751 746
746 813
746 814
746 815
746 816
752 747
747 753
747 820
822 747
749 748
748 823
823 749
751 750
816 750
751 813
753 752
755 752
752 824
754 755
754 827
754 828
754 830
824 755
827 755
830 755
757 756
758 760
761 758
761 759
762 759
763 759
935 759
760 761
760 762
760 765
760 872
761 762
761 935
763 762
765 762
763 867
764 765
764 766
764 871
872 764
765 871
872 765
872 766
767 768
769 770
772 773
772 774
772 775
772 873
773 774
873 773
774 775
775 873
776 777
879 776
924 777
828 778
829 778
849 778
874 778
837 779
779 848
849 779
851 779
779 875
876 779
781 780
782 780
876 780
781 782
938 783
785 784
877 785
879 786
787 804
790 789
789 880
790 880
919 790
793 792
794 795
795 796
796 797
800 796
915 796
797 801
798 800
798 881
915 798
798 916
798 917
801 799
799 882
799 884
891 799
881 800
800 915
882 801
918 802
919 802
802 920
802 923
805 806
805 807
875 805
807 806
807 874
809 889
813 810
814 810
810 817
818 810
811 814
811 815
811 863
866 811
921 811
922 811
812 817
812 818
821 812
839 812
840 812
812 843
813 814
814 815
815 816
815 922
818 817
817 821
817 822
818 841
843 818
818 862
819 820
821 819
819 822
831 819
835 819
819 839
822 820
831 820
821 822
821 839
825 824
826 824
824 827
827 826
826 828
829 826
828 827
829 828
874 829
830 831
830 834
830 836
834 831
831 835
831 853
835 832
839 832
832 846
832 853
832 854
832 856
854 833
833 856
833 857
836 834
838 834
853 834
839 835
853 835
836 837
848 836
837 848
837 850
851 837
837 861
838 853
838 854
838 855
840 839
846 839
843 840
844 840
846 840
847 840
843 841
844 841
841 845
858 841
841 862
842 846
847 842
856 842
857 842
842 912
843 844
844 845
844 860
858 845
845 860
845 864
865 845
847 846
846 856
912 847
848 849
874 849
875 849
850 855
861 850
851 852
861 851
851 876
852 861
854 853
856 854
857 856
912 857
862 858
858 864
858 866
916 858
858 917
859 860
865 859
859 883
886 859
859 910
859 913
860 865
860 910
862 866
866 863
916 863
863 918
921 863
917 864
865 883
866 916
867 868
869 867
869 868
868 927
870 869
869 871
871 870
929 870
875 876
877 878
882 881
883 881
885 881
882 884
882 885
895 882
885 883
883 886
884 891
892 884
884 893
884 895
885 895
886 897
913 886
888 887
889 887
891 887
887 892
889 888
892 888
890 893
895 890
896 890
892 891
892 893
893 895
894 896
894 897
894 898
899 894
896 895
897 896
897 898
903 897
898 899
900 898
898 903
899 900
900 901
905 901
902 904
902 905
902 906
907 902
924 902
903 904
903 908
904 907
904 908
905 906
906 924
907 924
909 908
908 914
910 909
911 909
913 909
909 914
910 911
913 910
912 911
914 911
915 916
918 915
916 917
916 918
918 920
921 918
923 918
919 920
919 923
921 922
921 923
926 925
925 927
925 928
925 929
929 926
930 928
931 932
931 934
933 932
932 934
934 933
936 937
936 938
943 936
944 936
937 938
940 939
941 939
939 942
939 943
939 944
939 945
941 940
942 940
943 941
945 942
943 944
945 944
