782
202 482
199 478
200 473
203 468
204 463
204 458
201 453
200 448
202 443
204 439
201 434
201 429
196 425
195 420
194 415
192 410
189 405
189 400
189 395
189 390
190 385
190 380
190 375
191 370
191 365
191 360
191 355
191 350
190 345
192 342
197 338
201 334
206 332
204 327
199 327
197 322
196 317
195 312
194 307
193 302
192 297
192 292
192 287
193 282
194 277
194 272
195 267
196 262
199 257
197 252
198 247
200 242
203 237
208 233
207 229
208 224
210 219
211 214
215 210
218 207
218 202
219 197
220 192
217 187
216 182
212 177
208 174
203 171
198 171
196 175
195 180
190 184
185 186
180 188
175 190
170 190
165 191
160 195
155 196
150 196
145 197
140 201
135 204
130 207
125 209
120 211
115 214
110 215
105 217
100 221
96 226
91 230
86 233
82 238
77 241
73 239
76 234
75 232
70 233
65 236
60 240
55 243
50 242
49 237
52 233
56 228
60 225
65 222
70 219
75 216
80 213
75 210
80 208
82 204
85 200
90 200
95 197
100 194
105 192
110 191
115 187
120 185
125 182
130 180
132 175
137 172
142 169
145 164
148 159
153 156
156 155
158 150
159 145
159 140
162 135
166 131
171 126
176 122
181 123
184 120
187 115
191 112
196 108
201 106
206 104
211 102
216 102
221 102
226 104
227 109
222 113
217 116
212 119
209 124
214 122
219 120
224 118
229 115
234 115
238 118
240 113
237 109
234 104
233 99
233 94
233 89
233 84
233 79
234 74
236 69
238 64
242 60
246 56
251 53
255 49
260 49
265 49
270 50
275 52
280 55
285 58
289 63
292 68
294 73
295 78
296 83
297 88
298 93
297 98
295 103
292 107
287 110
288 115
291 120
293 116
298 114
303 116
308 119
313 121
318 122
319 120
314 117
310 113
306 111
301 108
303 103
308 102
313 102
318 102
323 105
328 108
333 111
338 114
341 118
344 123
349 123
354 126
359 129
364 133
368 137
370 141
373 145
378 147
381 151
386 155
389 157
386 162
391 167
396 170
401 173
398 176
401 179
406 179
411 183
416 185
421 189
425 194
428 198
433 201
438 203
443 204
446 209
449 213
452 216
457 221
462 224
467 227
471 232
475 236
479 241
475 244
470 241
465 238
460 234
456 232
451 229
448 230
451 235
455 239
454 243
449 241
444 236
439 232
435 229
431 224
427 220
422 217
417 216
412 216
407 215
402 214
397 212
392 210
387 208
383 204
379 200
378 196
373 195
368 194
363 194
358 190
353 188
348 187
343 185
338 184
333 181
331 176
329 171
324 172
320 175
315 178
313 183
312 188
312 193
311 198
311 203
310 208
314 211
316 216
318 221
320 226
319 231
321 236
326 240
328 245
330 250
331 254
327 258
332 262
334 267
334 272
333 277
333 282
333 287
333 292
333 297
333 302
333 307
333 312
333 317
333 322
330 327
325 328
322 331
325 334
330 335
333 340
336 344
337 349
337 354
337 359
337 364
337 369
338 374
338 379
338 384
338 389
338 394
337 399
337 404
336 409
335 414
333 419
330 423
328 428
326 433
326 438
328 443
332 448
334 453
333 457
328 458
323 459
325 464
328 469
328 474
326 479
321 482
316 482
311 482
306 482
301 482
296 482
291 481
290 476
290 471
291 466
293 461
290 457
287 454
287 449
286 444
288 439
286 434
286 429
283 424
282 419
279 414
276 409
275 404
274 399
276 394
276 389
276 384
276 379
276 374
276 369
276 364
276 359
277 354
278 349
277 344
282 340
282 335
283 330
283 325
282 320
282 315
282 310
280 305
279 300
278 295
277 290
275 285
274 280
270 275
265 275
260 276
256 278
253 282
250 287
248 292
248 297
247 302
246 307
245 312
245 317
244 322
243 327
243 332
243 337
247 341
249 346
250 351
250 356
250 361
250 366
250 371
251 376
252 381
252 386
252 391
252 396
252 401
251 406
249 411
247 416
246 421
242 426
239 430
239 435
239 440
239 445
240 450
240 455
236 458
236 462
239 467
239 472
239 477
236 481
231 481
226 481
221 481
216 481
211 481
206 482
203 482
241.946 244.891
182.324 152.265
264.532 86.5
222.008 149.27
264.382 203.476
263.529 125.311
220 304.4
220.466 362.5
220.659 401.436
304.082 149.61
351.154 158.26
304.921 287.016
306.5 366.5
288.356 246.158
306.856 422.442
241.871 198.974
282.942 179.588
257.673 69.7878
286.96 265.532
375.913 177.087
392.976 192.203
307.201 445.987
142.621 183.981
223.272 274.877
220.02 428.744
436.119 213.842
231.539 225.077
219.588 228.5
171.096 169.478
172.252 143.526
280.5 93
250.731 97.7075
210.523 348.535
232.547 350.469
230.821 414.16
204.83 400.701
343.94 141.368
367.534 160.621
296.015 351.618
318.071 351.571
312.433 391.493
295.601 225.05
366.587 183.031
183.362 173.075
157.647 168.647
295.063 401.775
304.76 218.18
365.973 171.78
220.542 447.587
209.812 314.151
386.996 177.337
381.255 186.069
133.384 191.27
443.066 221.18
223 217.835
235.629 211.6
229.066 239.016
169.889 156.422
186.378 137.419
200.615 347.307
179.707 162.826
191.841 160.228
306.715 230.327
287.029 204.079
296.639 237.203
298.124 208.326
306.808 254.919
298.952 247.652
310.578 242.964
296.051 258.667
318.491 250.807
306.379 270.998
231 134.144
344.29 170.78
212.102 414.897
213.631 382.003
163.756 179.023
174.142 179.415
152.52 178.652
206.72 300.722
226.208 321.085
122.543 196.991
230.172 201.045
251.094 211.39
228.495 257.323
213.821 250.468
217.24 239.625
176.691 134.401
207.193 155.49
320.239 270.13
315.451 260.823
231 124.555
355.253 168.649
212.529 405.718
221.335 411.316
210.458 425.025
203.026 410.586
213.111 393.178
201.635 388.864
217.079 289.134
219.506 314.082
253.356 200.076
250.774 166.595
235.851 179.86
264.277 184.24
248.887 186.259
234.395 190.824
261.306 193.875
276.433 193.264
270.166 228.301
283.589 232.198
243.495 221.346
257.086 223.842
240.565 232.977
253.839 237.476
232.616 248.289
200.823 162.089
313.885 279.757
318.133 294.168
357.299 178.694
202.447 376.369
212.36 370.608
232.824 287.5
204.517 288.329
245.814 176.042
256.946 175.861
272.672 158.699
269.888 171.934
275.684 204.597
281.967 217.73
268.895 215.511
274.067 183.752
289.475 191.085
298.292 178.47
257.529 256.64
322.848 284.946
302.411 307.434
224.491 283.88
239.565 272.473
225.686 295.399
236.548 298.039
261.98 163.361
250.474 144.528
253.647 155.521
236.901 157.086
237.215 168.512
225.049 172.805
226.201 182.838
291.724 215.912
300.742 189.57
301.402 199.223
289.478 163.405
251.998 247.768
243.726 259.086
307.67 297.717
293.117 296.122
232.077 278.14
290.185 173.102
279.402 167.025
252.246 266.997
235.456 263.856
291.935 306.567
296.099 319.967
290.639 280.706
311.453 319.843
316.835 307.536
323.786 301.464
322.059 317.151
295.78 271.427
296.065 287.741
286.495 289.279
282.562 274.631
305.113 336.4
312.259 329.644
92.0353 211.912
86.7616 220.684
101.796 206.102
112.407 202.087
300.328 133.574
299.134 124.402
274.675 72.5729
318.208 448.721
268.523 107.322
249.997 82.7022
258.693 79.1327
255.871 89.9353
243.241 90.5534
246.741 72.0285
235.127 365.141
228.718 358.705
240.178 356.69
225.73 375.294
226.061 388.921
238.313 377.515
229.818 424.71
357.034 145.762
365.289 151.069
352.769 136.766
334.709 155.296
342.092 161.434
330.629 132.14
376.381 166.484
291.175 366.162
286.994 356.693
298.962 360.676
298.501 381.6
298.712 372.043
321.848 366.448
314.154 360.484
326.751 357.285
314.213 377.87
307.346 383.901
326.147 377.584
214.855 438.316
227.377 437.969
195.655 127.281
200.381 117.722
205.762 139.611
212.351 147.021
218.044 135.324
196.61 148.44
196.228 137.118
227.924 336.091
233.252 327.881
235.151 341.699
221.845 345.977
216.608 335.944
215.159 324.629
216.729 263.376
209.308 275.209
208.489 258.451
204.483 267.046
306.275 165.061
298.463 158.289
318.849 155.395
306.535 174.297
309.831 156.675
316.519 139.603
326.816 161.316
316.422 165.249
328.146 144.515
306.976 140.475
321.062 131.122
310.832 130.998
268.57 244.577
274.923 236.984
241.267 282.262
232.465 310.05
245.31 130.759
240.077 140.575
256.345 134.473
273.499 140.527
288.592 145.738
262.753 146.938
265.944 134.603
278.009 126.507
278.719 149.869
297.587 142.673
271.437 117.819
288.679 131.587
282.601 138.626
215.892 164.383
226.754 161.763
315.694 340.482
307.036 348.138
293.834 339.986
296.932 330.199
267.635 62.2604
258.042 59.9208
275.057 83.5081
284.189 77.7148
287.32 86.558
278.509 103.504
254.87 113.22
253.102 123.631
247.527 106.871
258.915 103.832
269.862 96.2719
238.985 390.521
343.906 151.368
329.754 121.339
340.461 132.172
287.595 377.318
325.231 390.397
320.104 405.783
327.467 399.689
263.684 235.882
272.733 259.47
278.097 249.942
263.884 264.754
266.013 253.32
232.355 147.651
233.277 401.779
242.556 399.408
239.361 409.42
307.667 403.255
312.151 413.056
322.182 416.041
300.186 412.55
317.269 425.826
308.795 434.189
295.535 422.88
289.441 411.054
316.664 439.407
298.922 438.862
308.069 461.031
300.549 453.917
315.164 470.332
301.573 470.517
220.035 463.626
228.337 470.487
212.827 470.914
213.915 455.405
210.612 446.653
226.249 455.795
204.229 360.172
212.919 357.352
288.91 390.346
284.709 399.978
407.697 198.859
403.014 189.61
397.689 201.386
418.097 204.309
426.86 208.56
782
201.05 482.01
202.264 480.687
205.499 478.453
215.709 471.629
220.21 464.746
217.701 458.324
214.926 451.444
214.842 451.379
215.128 451.672
216.578 442.339
217.697 429.708
218.749 417.774
219.187 412.627
219.27 411.662
219.703 406.76
219.777 402.295
218.356 402.028
218.426 401.994
219.849 401.381
220.58 399.224
221.709 394.257
222.137 390.583
223.211 381.391
224.635 369.85
225.134 365.793
225.498 358.309
224.558 355.198
208.061 349.764
0 0
193.911 345.388
222.277 354.161
226.715 353.368
225.28 334.795
220.533 313.449
219.827 311.67
220.068 312.26
220.064 310.95
218.092 303.566
217.348 301.075
215.984 296.606
214.783 292.878
214.451 291.851
213.896 290.164
212.935 285.734
212.207 282.336
210.865 273.414
211.576 270.9
212.323 267.961
214.209 260.005
214.1 257.45
214.102 257.168
214.317 256.821
218.317 252.633
228.776 241.447
234.849 235.217
235.242 234.35
235.898 234.001
235.769 234.101
239.169 232.332
253.207 218.75
256.709 213.819
262.167 203.449
266.201 185.994
263.416 167.418
256.681 158.363
238.9 147.949
220.145 141.745
197.73 138.531
177.09 145.133
169.816 163.222
168.558 171.558
168.553 171.653
168.605 169.838
168.23 170.233
167.866 170.473
166.369 172.769
159.679 177.857
152.393 181.028
150.452 181.873
147.355 183.225
139.652 187.103
131.84 191.855
127.418 194.638
123.763 196.953
120.399 198.606
117.851 199.645
111.075 202.407
107.104 204.018
99.2314 207.219
89.636 211.484
85.9433 217.83
83.7109 221.619
81.0841 226.049
77.2894 235.15
75.6641 239.388
75.311 240.294
76.4109 237.456
80.637 226.809
63.5091 231.615
56.2995 234.511
53.2612 238.369
51.625 240.407
51.1113 240.925
52.1139 239.921
54.6858 236.602
58.9113 231.161
61.7488 229.86
67.8262 229.041
76.3519 228.025
82.5984 223.502
87.3372 214.409
77.0236 208.163
86.8596 214.12
90.0758 210.925
89.7864 211.027
90.7324 210.663
99.584 207.075
104.85 204.933
106.715 204.176
114.342 201.075
120.928 198.393
125.089 196.1
130.041 192.987
138.481 187.817
140.243 186.745
143.274 185.003
152.344 181.052
161.019 177.224
164.336 175.71
165.95 171.859
167.375 168.488
174.951 150.126
178.762 139.677
175.39 140.552
175.546 140.489
178.718 139.216
180.099 138.421
180.266 138.331
181.782 137.985
184.001 136.052
191.464 127.998
195.091 124.03
198.965 119.856
200.69 118
206.781 111.443
212.627 105.717
216.784 105.481
221.846 105.906
225.632 106.224
225.804 106.239
220.155 105.764
216.53 105.606
0 0
0 0
207.172 139.471
226.835 142.977
239.239 145.211
240.61 145.314
241.508 145.552
256.885 148.85
259.372 110.856
258.764 92.9596
258.486 86.4339
258.172 81.7791
257.981 82.2362
258.151 80.7859
258.413 78.3
258.303 76.2263
258.228 75.0271
258.088 73.7933
258.109 73.6093
258.697 72.103
258.897 70.5394
259.766 62.3547
260.494 53.533
260.384 54.8565
259.803 61.9111
259.676 63.4743
259.231 68.5268
260.461 73.3926
261.534 77.1059
266.092 80.6132
267.745 81.487
269.638 82.2294
271.194 82.5452
274.845 82.9909
280.435 81.8553
281.657 81.6089
281.579 81.5988
280.021 81.8704
274.259 83.2294
259.739 95.7568
259.901 133.354
273.819 149.249
296.339 126.748
299.298 122.689
295.337 128.121
295.44 136.746
312.212 134.985
334.284 130.299
330.811 123.646
320.47 106.777
308.814 105.843
303.39 105.915
301.742 105.981
303.325 105.918
307.117 105.767
312.713 105.543
315.663 106
0 0
327.88 118.379
331.249 124.541
331.788 125.523
333.967 129.398
337.584 135.234
341.792 139.644
343.115 140.723
347.121 143.999
349.759 146.346
351.226 147.572
352.881 150.307
358.492 159.411
362.021 165.008
364.649 169.179
376.957 162.446
0 0
365.496 170.22
378.253 180.941
387.56 188.466
0 0
387.551 188.495
393.979 193.676
398.956 196.715
403.427 198.969
407.099 200.582
410.639 201.778
415.329 203.396
421.959 205.96
431.499 209.757
437.683 212.272
438.452 211.743
440.641 216.263
441.994 219.081
444.233 222.807
449.921 225.561
460.204 229.123
464.109 230.885
472.104 237.917
475.954 241.365
477.281 242.563
476.354 241.726
472.637 238.374
468.115 234.346
463.725 230.601
466.772 233.798
447.379 226.799
445.396 226.095
450.85 237.079
453.278 241.96
453.573 242.552
452.529 240.458
447.951 231.242
445.091 225.481
444.291 223.847
441.334 217.7
435.679 211.446
426.365 207.707
418.126 204.442
413.643 202.817
409.997 201.555
406.602 200.374
403.268 198.926
400.141 197.497
398.624 196.64
397.544 196.056
392.893 192.791
390.058 190.528
377.696 180.529
372.394 176.261
372.107 176.11
368.201 172.433
362.05 166.391
359.362 163.136
357.407 164.233
357.133 167.349
357.268 165.818
357.738 161.807
345.296 145.061
321.168 136.025
301.798 137.973
284.035 148.377
266.34 163.105
266.951 181.757
268.088 191.746
269.271 198.701
272.696 206.945
278.644 218.335
284.756 227.617
286.7 229.172
287.462 229.901
288.757 231.241
291.659 235.227
303.445 249.679
312.766 258.991
318.527 256.469
320.366 255.47
322.553 254.257
311.336 261.473
313.748 270.141
314.629 271.394
314.539 271.294
313.304 273.571
312.842 279.763
312.349 286.084
311.798 292.712
311.03 298.387
310.291 303.775
309.678 307.865
309.088 311.811
319.224 316.136
321.589 316.955
323.36 317.569
308.796 313.002
309.333 353.778
313.796 352.798
311.615 352.875
312.443 353.808
316.06 352.8
317.267 352.466
314.726 353.169
309.094 354.689
307.513 361.303
306.776 370.496
306.699 378.121
306.74 383.016
306.918 388.401
307.088 394.036
307.528 397.682
308.051 401.434
308.418 403.733
308.582 405.167
308.567 406.138
308.511 406.435
308.125 408.844
308.182 416.485
308.274 429.786
308.53 445.285
311.375 454.679
319.093 454.667
331.656 454.7
333.734 454.705
0 0
308.318 459.622
307.819 468.584
320.384 476.068
323.355 477.699
322.012 476.962
318.352 474.953
315.158 473.2
307.569 469.044
307.553 469.275
301.538 473.478
297.811 476.076
289.785 481.645
294.253 478.567
298.764 475.416
306.184 470.35
308.271 460.957
308.363 453.391
308.115 452.154
308.242 452.057
308.374 449.529
308.383 443.902
308.287 431.915
308.247 427.178
307.758 412.624
307.248 407.339
302.762 403.018
296.373 402.615
291.134 403.039
290.973 403.053
303.261 401.165
306.481 394.884
306.642 387.181
306.7 380.661
306.68 373.778
306.636 367.134
306.538 360.754
306.515 359.412
306.548 357.759
306.627 356.333
306.467 356.526
307.386 355.712
307.893 343.531
307.568 334.621
308.051 323.561
308.497 316.643
309.033 312.698
309.839 306.507
310.708 300.881
311.299 297.289
311.915 293.182
312.502 287.6
311.915 276.949
311.323 261.747
291.613 237.657
265.57 219.895
245.267 230.88
228 244.963
214.499 259.919
211.601 277.352
214.591 291.201
216.706 299.032
217.594 301.943
218.151 303.731
220.21 310.538
221.243 315.651
221.756 318.021
223.682 326.851
225.634 336.696
227.766 347.682
228.488 351.423
228.595 352.274
228.831 351.892
228.457 352.486
227.092 356.159
225.561 362.127
224.148 373.682
223.023 384.396
222.854 389.428
222.779 391.659
223.338 398.386
224.877 400.956
227.479 401.534
225.155 401.527
224.364 401.73
222.484 402.827
221.504 404.205
219.811 409.172
217.756 429.182
217.175 435.688
216.35 445.858
215.841 453.329
217.174 456.92
217.158 456.868
218.209 459.637
221.42 466.172
227.71 472.589
232.128 475.595
230.11 474.222
238.224 479.747
228.38 473.042
224.536 470.423
222.329 468.748
221.497 467.789
212.493 473.778
211.91 474.206
201.088 481.968
238.565 233.756
177.953 141.907
260.823 80.888
224.387 142.467
266.859 201.158
259.139 136.888
217.467 301.483
225.627 361.996
224.189 401.662
297.836 136.894
358.56 159.431
312.251 278.36
306.743 366.355
290.895 234.523
308.199 418.637
267.028 194.67
266.294 169.464
259.65 68.0416
304.663 251.102
374.152 177.581
395.263 194.58
312 455.111
150.945 181.766
224.306 267.791
218.737 418.849
440.889 218.667
241.223 231.056
235.222 234.747
168.21 167.278
177.436 139.735
271.774 83.5424
258.776 88.2296
226.749 354.518
227.808 352.252
220.846 405.195
219.107 401.989
341.447 139.159
362.486 166.155
307.582 356.275
308.966 354.258
307.46 397.376
284.082 226.926
372.478 176.205
0 0
165.169 174.348
307.62 404.051
284.312 227.157
365.337 169.917
215.844 453.323
220.27 311.341
377.778 183.111
382.897 184.81
144 184.889
446.728 228.691
240.061 231.828
253.966 219.258
232.234 238.143
170.722 160.478
181.825 137.984
223.298 354.56
172.911 155.542
177.922 142.44
289.985 233.075
271.182 204.526
291.463 235.246
277.712 217.143
308.788 255.903
300.499 246.2
301.91 247.874
306.498 253.116
316.248 257.901
313.544 269.149
239.441 145.981
357.913 163.232
219.405 410.422
222.636 386.874
163.624 176.109
168.426 170.819
158.116 178.525
216.802 299.359
222.429 321.099
122.008 197.88
261.703 205.441
262.172 210.141
215.206 257.582
217.186 253.892
227.433 242.805
180.135 138.412
200.053 138.767
314.092 270.639
311.264 261.862
240.38 145.382
361.493 164.841
220.113 404.266
0 0
218.445 421.223
219.938 405.174
221.414 397.946
221.206 397.94
213.851 289.913
220.582 312.467
265.287 198.836
261.889 157.869
263.014 164.721
266.138 177.401
266.128 182.325
266.203 186.154
266.158 190.356
266.635 190.174
270.849 217.088
282.755 225.949
253.657 221.294
255.578 220.365
237.978 233.331
254.768 223.087
227.626 242.55
195.433 138.123
312.953 278.257
311.129 298.074
362.019 165.887
222.658 386.414
224.244 372.696
213.833 288.468
213.778 289.648
262.928 164.223
264.252 167.372
266.592 154.401
263.342 162.276
268.908 203.107
276.148 216.315
269.746 213.861
266.343 176.835
266.567 185.652
269.405 154.639
253.029 224.557
312.974 277.951
0 0
212.697 283.172
214.446 259.991
217.062 300.19
217.464 301.511
263.146 157.667
256.446 149.896
258.803 153.284
248.056 148.842
255.056 154.824
251.409 152.417
263.713 166.649
277.959 218.362
267.554 187.709
269.544 200.06
274.624 152.242
248.954 226.892
230.527 239.805
311.169 298.289
311.414 296.598
210.829 273.128
267.567 158.085
267.562 157.594
264.889 219.556
217.759 253.864
309.939 305.759
308.42 317.347
311.943 275.104
308.25 320.273
309.776 307.135
310.011 305.644
315.287 314.629
311.864 264.313
312.483 286.816
312.534 288.193
304.043 263.527
307.928 343.311
307.567 331.328
80.8889 221.333
79.2684 230.876
102.078 206.059
106.676 204.191
291.572 138.261
290.047 137.864
260.193 76.6366
308.545 454.683
259.449 103.009
258.434 77.1078
258.625 75.4837
259.644 73.5564
258.185 80.9855
258.23 74.175
225.438 364.134
226.545 357.752
228.185 352.608
223.274 380.948
221.915 396.899
222.768 387.941
219.256 413.89
351.318 147.743
355.395 154.395
345.741 142.92
342.08 140.846
350.675 147.496
334.812 133.831
0 0
306.634 366.046
306.553 359.378
306.839 359.98
306.78 385.685
306.645 369.286
308.978 358.406
307.456 360.221
311.087 353.603
306.68 380.18
306.8 386.844
0 0
216.614 441.976
220.444 452.444
184.252 135.828
197.079 121.904
193.033 137.315
198.039 138.211
219.061 141.585
184.732 136.558
184.964 136.29
226.455 340.494
224.185 329.623
228.306 350.477
223.111 353.778
226.488 340.637
222.621 322.034
212.989 265.312
210.818 274.401
214.216 260.245
212.048 269.079
312.889 147.556
286.079 144.446
320.471 134.572
281.309 149.99
303.93 136.026
320.533 134.463
0 0
316.105 135.75
334.097 135.987
304.224 135.817
332.926 133.687
299.088 136.462
268.205 219.324
277.938 220.021
211.345 276.118
0 0
264 147.556
248.171 147.734
259.117 144.916
266.363 146.431
278.465 147.375
260.322 151.368
260.377 144.232
262.579 143.948
271.469 148.59
289.913 139.486
260.889 138.761
276.9 147.832
272.627 147.258
216 148.444
239.489 146.77
308.152 346.212
307.855 354.296
307.964 345.598
307.56 333.975
259.221 68.8759
259.5 64.4067
270.475 82.4527
268.163 81.4958
274.596 83.03
264.411 83.3878
259.29 117.549
258.852 136.648
258.672 89.8008
259.208 97.3681
260.113 85.6807
222.983 397.688
349.468 146.034
332.411 126.651
338.192 136.216
306.668 381.968
307.103 394.46
308.37 405
307.887 400.198
266.189 218.857
289.668 234.833
285.381 230.002
0 0
268.716 220.122
239.728 146.222
222.881 401.782
226.264 401.423
222.78 402.455
307.384 403.346
308.008 409.067
308.314 407.109
308.076 407.945
308.159 413.416
308.326 436.554
307.639 406.614
306.869 403.582
308.288 431.949
308.378 446.54
308.238 461.394
308.357 454.717
310.449 473.833
306.804 469.858
220.595 465.198
222.068 467.635
218.666 472.041
219.712 463.338
215.456 452.455
217.767 458.467
225.909 358.768
226.126 358.561
306.529 394.756
302.993 401.634
398.647 196.434
399.808 197.235
400.684 197.767
411.366 202.029
407.885 200.306
1885
0 0
0 0
0 0
0 0
0 0
0 0
0 0
0 0
0 0
0 0
0 0
0 0
0 0
0 0
0 0
0 0
0 0
0 0
0 0
0 0
0 0
0 0
0 0
0 0
0 0
0 0
0 0
0 0
0 0
0 0
0 0
0 0
0 0
0 0
0 0
0 0
0 0
0 0
0 0
0 0
0 0
0 0
0 0
0 0
0 0
0 0
0 0
0 0
0 0
0 0
0 0
0 0
0 0
0 0
672 683
0 0
0 0
0 0
0 0
0 0
0 0
0 0
0 0
0 0
0 0
0 0
0 0
0 0
0 0
0 0
0 0
0 0
0 0
0 0
683 481
0 0
0 0
0 0
0 0
0 0
0 0
0 0
0 0
0 0
0 0
0 0
0 0
0 0
0 0
0 0
0 0
0 0
0 0
0 0
0 0
0 0
0 0
0 0
0 0
0 0
0 0
0 0
0 0
0 0
0 0
0 0
0 0
0 0
0 0
0 0
0 0
0 0
0 0
0 0
0 0
0 0
0 0
0 0
0 0
0 0
0 0
0 0
0 0
0 0
0 0
0 0
481 617
0 0
0 0
0 0
0 0
0 0
0 0
0 0
0 0
0 0
0 0
0 0
0 0
0 0
0 0
0 0
0 0
0 0
0 0
0 0
0 0
0 0
0 0
0 0
0 0
617 706
0 0
0 0
0 0
0 0
0 0
706 719
0 0
0 0
0 0
0 0
0 0
0 0
0 0
0 0
0 0
0 0
719 510
0 0
0 0
0 0
0 0
0 0
0 0
0 0
0 0
0 0
0 0
0 0
0 0
0 0
0 0
0 0
0 0
0 0
0 0
0 0
0 0
0 0
0 0
0 0
0 0
0 0
0 0
0 0
0 0
0 0
0 0
0 0
0 0
0 0
0 0
0 0
0 0
0 0
0 0
0 0
0 0
0 0
0 0
0 0
0 0
0 0
0 0
0 0
0 0
0 0
510 632
0 0
0 0
0 0
0 0
0 0
0 0
0 0
0 0
0 0
0 0
0 0
0 0
0 0
0 0
0 0
0 0
0 0
0 0
0 0
0 0
0 0
0 0
0 0
0 0
0 0
0 0
0 0
0 0
0 0
0 0
0 0
0 0
0 0
0 0
0 0
0 0
0 0
0 0
0 0
0 0
0 0
0 0
0 0
0 0
0 0
0 0
0 0
0 0
0 0
0 0
0 0
0 0
0 0
0 0
0 0
0 0
0 0
0 0
0 0
0 0
0 0
0 0
0 0
0 0
0 0
0 0
0 0
0 0
0 0
0 0
0 0
0 0
0 0
0 0
0 0
0 0
0 0
0 0
0 0
0 0
0 0
0 0
0 0
0 0
0 0
0 0
0 0
0 0
0 0
0 0
0 0
0 0
0 0
0 0
0 0
0 0
0 0
0 0
0 0
0 0
0 0
0 0
0 0
0 0
0 0
0 0
0 0
0 0
0 0
0 0
0 0
0 0
0 0
0 0
0 0
0 0
0 0
0 0
0 0
0 0
0 0
0 0
0 0
0 0
0 0
0 0
0 0
0 0
0 0
0 0
0 0
0 0
0 0
0 0
0 0
0 0
0 0
0 0
0 0
0 0
0 0
0 0
0 0
0 0
0 0
0 0
0 0
0 0
0 0
0 0
0 0
0 0
0 0
0 0
0 0
0 0
0 0
0 0
0 0
0 0
0 0
706 730
0 0
0 0
0 0
0 0
0 0
0 0
0 0
0 0
0 0
0 0
0 0
0 0
0 0
0 0
0 0
0 0
0 0
0 0
0 0
0 0
0 0
0 0
0 0
0 0
0 0
0 0
0 0
0 0
0 0
0 0
0 0
0 0
0 0
0 0
0 0
0 0
0 0
0 0
0 0
0 0
0 0
0 0
0 0
0 0
0 0
0 0
0 0
0 0
0 0
0 0
0 0
0 0
0 0
0 0
0 0
0 0
0 0
0 0
0 0
0 0
0 0
0 0
0 0
0 0
0 0
0 0
0 0
0 0
0 0
0 0
0 0
0 0
0 0
0 0
0 0
0 0
0 0
0 0
0 0
0 0
0 0
0 0
0 0
0 0
706 690
0 0
0 0
0 0
0 0
0 0
0 0
0 0
0 0
0 0
0 0
0 0
0 0
0 0
0 0
0 0
0 0
0 0
0 0
0 0
0 0
0 0
0 0
0 0
0 0
0 0
0 0
0 0
0 0
0 0
0 0
0 0
0 0
0 0
0 0
0 0
0 0
0 0
0 0
0 0
0 0
0 0
0 0
0 0
0 0
0 0
0 0
0 0
0 0
0 0
0 0
0 0
0 0
0 0
0 0
0 0
0 0
0 0
0 0
0 0
690 508
0 0
0 0
0 0
0 0
0 0
0 0
0 0
0 0
0 0
0 0
0 0
0 0
0 0
0 0
0 0
0 0
0 0
0 0
0 0
0 0
0 0
0 0
0 0
0 0
0 0
0 0
0 0
0 0
0 0
0 0
0 0
0 0
0 0
0 0
0 0
0 0
0 0
0 0
0 0
0 0
0 0
0 0
0 0
0 0
0 0
0 0
508 483
0 0
0 0
0 0
0 0
0 0
0 0
0 0
0 0
0 0
0 0
0 0
0 0
0 0
0 0
0 0
0 0
0 0
0 0
0 0
0 0
0 0
0 0
0 0
0 0
0 0
0 0
0 0
0 0
0 0
0 0
0 0
0 0
0 0
0 0
0 0
0 0
0 0
0 0
0 0
0 0
0 0
0 0
0 0
0 0
0 0
0 0
0 0
0 0
0 0
0 0
0 0
0 0
0 0
0 0
0 0
0 0
0 0
0 0
0 0
0 0
0 0
0 0
0 0
0 0
0 0
0 0
0 0
0 0
0 0
0 0
0 0
0 0
0 0
0 0
0 0
0 0
0 0
0 0
0 0
0 0
0 0
0 0
0 0
0 0
0 0
0 0
0 0
0 0
0 0
0 0
0 0
0 0
0 0
0 0
0 0
0 0
0 0
0 0
0 0
0 0
0 0
0 0
0 0
0 0
0 0
0 0
0 0
0 0
0 0
0 0
0 0
0 0
0 0
0 0
0 0
0 0
0 0
0 0
0 0
0 0
0 0
0 0
0 0
0 0
0 0
0 0
0 0
0 0
0 0
0 0
0 0
0 0
0 0
0 0
0 0
0 0
0 0
0 0
0 0
0 0
0 0
0 0
0 0
0 0
0 0
0 0
0 0
617 629
0 0
0 0
0 0
0 0
0 0
0 0
0 0
0 0
0 0
0 0
0 0
0 0
0 0
0 0
0 0
0 0
0 0
0 0
0 0
0 0
0 0
0 0
0 0
0 0
0 0
0 0
0 0
0 0
0 0
0 0
0 0
0 0
0 0
0 0
0 0
0 0
0 0
0 0
0 0
0 0
0 0
0 0
0 0
0 0
0 0
0 0
0 0
0 0
0 0
629 323
0 0
0 0
0 0
0 0
0 0
0 0
0 0
0 0
0 0
0 0
0 0
0 0
0 0
0 0
0 0
0 0
0 0
0 0
0 0
0 0
0 0
0 0
323 479
0 0
0 0
0 0
0 0
0 0
0 0
0 0
0 0
0 0
0 0
0 0
0 0
0 0
0 0
0 0
0 0
0 0
0 0
0 0
0 0
0 0
0 0
0 0
0 0
0 0
0 0
0 0
0 0
0 0
0 0
0 0
0 0
0 0
0 0
0 0
0 0
0 0
0 0
0 0
0 0
0 0
0 0
0 0
0 0
0 0
0 0
0 0
0 0
0 0
0 0
0 0
0 0
0 0
0 0
0 0
0 0
0 0
0 0
0 0
0 0
0 0
0 0
0 0
0 0
0 0
0 0
0 0
0 0
0 0
0 0
0 0
0 0
0 0
0 0
0 0
0 0
0 0
0 0
0 0
0 0
0 0
0 0
0 0
0 0
0 0
0 0
0 0
0 0
0 0
0 0
0 0
0 0
0 0
0 0
0 0
0 0
0 0
0 0
0 0
0 0
0 0
0 0
0 0
0 0
0 0
0 0
0 0
0 0
0 0
0 0
0 0
0 0
0 0
0 0
0 0
0 0
0 0
0 0
0 0
0 0
0 0
0 0
0 0
0 0
0 0
0 0
0 0
0 0
0 0
0 0
0 0
0 0
0 0
0 0
0 0
0 0
0 0
0 0
0 0
0 0
0 0
0 0
0 0
0 0
0 0
0 0
0 0
0 0
0 0
0 0
0 0
0 0
0 0
0 0
0 0
0 0
0 0
0 0
0 0
0 0
0 0
0 0
0 0
0 0
0 0
0 0
0 0
0 0
0 0
0 0
0 0
0 0
0 0
0 0
0 0
0 0
0 0
0 0
0 0
0 0
0 0
0 0
0 0
0 0
0 0
0 0
0 0
0 0
0 0
0 0
0 0
0 0
0 0
0 0
0 0
0 0
0 0
0 0
0 0
0 0
0 0
0 0
0 0
0 0
0 0
0 0
0 0
0 0
0 0
0 0
0 0
0 0
0 0
0 0
0 0
0 0
0 0
0 0
0 0
0 0
0 0
0 0
0 0
0 0
0 0
0 0
0 0
0 0
0 0
0 0
0 0
0 0
0 0
0 0
0 0
0 0
0 0
0 0
0 0
0 0
0 0
0 0
0 0
0 0
0 0
0 0
0 0
0 0
0 0
0 0
0 0
0 0
0 0
0 0
0 0
0 0
0 0
0 0
0 0
0 0
0 0
0 0
0 0
0 0
0 0
0 0
0 0
0 0
0 0
0 0
0 0
0 0
0 0
0 0
0 0
0 0
0 0
0 0
0 0
0 0
0 0
0 0
0 0
0 0
0 0
0 0
0 0
0 0
0 0
0 0
0 0
0 0
0 0
0 0
0 0
0 0
0 0
0 0
0 0
0 0
0 0
0 0
0 0
0 0
0 0
0 0
0 0
0 0
0 0
0 0
0 0
0 0
0 0
0 0
0 0
0 0
0 0
0 0
0 0
0 0
0 0
0 0
0 0
0 0
0 0
0 0
0 0
0 0
0 0
0 0
0 0
0 0
0 0
0 0
0 0
0 0
0 0
0 0
0 0
0 0
0 0
0 0
0 0
0 0
0 0
0 0
0 0
0 0
0 0
0 0
0 0
0 0
0 0
0 0
0 0
0 0
0 0
0 0
0 0
0 0
0 0
0 0
0 0
0 0
0 0
0 0
0 0
0 0
0 0
0 0
0 0
0 0
0 0
0 0
0 0
0 0
0 0
0 0
0 0
0 0
0 0
0 0
0 0
0 0
0 0
0 0
0 0
0 0
0 0
0 0
0 0
0 0
0 0
0 0
0 0
0 0
0 0
0 0
0 0
0 0
0 0
0 0
0 0
0 0
0 0
0 0
0 0
0 0
0 0
0 0
0 0
0 0
0 0
0 0
0 0
0 0
0 0
0 0
0 0
0 0
0 0
0 0
0 0
0 0
0 0
0 0
0 0
0 0
0 0
0 0
0 0
0 0
0 0
0 0
0 0
0 0
0 0
0 0
0 0
0 0
0 0
0 0
0 0
0 0
0 0
0 0
0 0
0 0
0 0
0 0
0 0
0 0
0 0
0 0
0 0
0 0
0 0
0 0
0 0
0 0
0 0
0 0
0 0
0 0
0 0
0 0
0 0
0 0
0 0
0 0
0 0
0 0
0 0
0 0
0 0
0 0
0 0
0 0
0 0
0 0
0 0
0 0
0 0
0 0
0 0
0 0
0 0
0 0
0 0
0 0
0 0
0 0
0 0
0 0
0 0
0 0
0 0
0 0
0 0
0 0
0 0
0 0
0 0
0 0
0 0
0 0
0 0
0 0
0 0
0 0
0 0
0 0
0 0
0 0
0 0
0 0
0 0
0 0
0 0
0 0
0 0
0 0
0 0
0 0
0 0
0 0
0 0
0 0
0 0
0 0
0 0
0 0
0 0
0 0
0 0
0 0
0 0
0 0
0 0
0 0
0 0
0 0
0 0
0 0
0 0
0 0
0 0
0 0
0 0
0 0
0 0
0 0
0 0
0 0
0 0
0 0
0 0
0 0
0 0
0 0
0 0
0 0
0 0
0 0
0 0
0 0
0 0
0 0
0 0
0 0
0 0
0 0
0 0
0 0
0 0
0 0
0 0
0 0
0 0
0 0
0 0
0 0
0 0
0 0
0 0
0 0
0 0
0 0
0 0
0 0
0 0
0 0
0 0
0 0
0 0
0 0
0 0
0 0
0 0
0 0
0 0
0 0
0 0
0 0
0 0
0 0
0 0
0 0
0 0
0 0
0 0
0 0
0 0
0 0
0 0
0 0
0 0
0 0
0 0
0 0
0 0
0 0
0 0
0 0
0 0
0 0
0 0
0 0
0 0
0 0
0 0
0 0
0 0
0 0
0 0
0 0
0 0
0 0
0 0
0 0
0 0
0 0
0 0
0 0
0 0
0 0
0 0
0 0
0 0
0 0
0 0
0 0
0 0
0 0
0 0
0 0
0 0
0 0
0 0
0 0
0 0
0 0
0 0
0 0
0 0
0 0
0 0
0 0
0 0
0 0
0 0
0 0
0 0
0 0
0 0
0 0
0 0
0 0
0 0
0 0
0 0
0 0
0 0
0 0
0 0
0 0
0 0
0 0
0 0
0 0
0 0
0 0
0 0
0 0
0 0
0 0
0 0
0 0
0 0
0 0
0 0
0 0
0 0
0 0
0 0
0 0
0 0
0 0
0 0
0 0
0 0
0 0
0 0
0 0
0 0
0 0
0 0
0 0
0 0
0 0
0 0
0 0
0 0
0 0
0 0
0 0
0 0
0 0
0 0
0 0
0 0
0 0
0 0
0 0
0 0
0 0
0 0
0 0
0 0
0 0
0 0
0 0
0 0
0 0
0 0
0 0
0 0
0 0
0 0
0 0
0 0
0 0
0 0
0 0
0 0
0 0
0 0
0 0
0 0
0 0
0 0
0 0
0 0
0 0
0 0
0 0
0 0
0 0
0 0
0 0
0 0
0 0
0 0
0 0
0 0
0 0
0 0
0 0
0 0
0 0
0 0
0 0
0 0
0 0
0 0
0 0
0 0
0 0
0 0
0 0
0 0
0 0
0 0
0 0
0 0
0 0
0 0
0 0
0 0
0 0
0 0
0 0
0 0
0 0
0 0
0 0
0 0
0 0
0 0
0 0
0 0
0 0
0 0
0 0
0 0
0 0
0 0
0 0
0 0
0 0
0 0
0 0
0 0
0 0
0 0
0 0
0 0
0 0
0 0
0 0
0 0
0 0
0 0
0 0
0 0
0 0
0 0
0 0
0 0
0 0
0 0
0 0
0 0
0 0
0 0
0 0
0 0
0 0
0 0
0 0
0 0
0 0
0 0
0 0
0 0
0 0
0 0
0 0
0 0
0 0
0 0
0 0
0 0
0 0
0 0
0 0
0 0
0 0
0 0
0 0
0 0
0 0
0 0
0 0
0 0
0 0
0 0
0 0
0 0
0 0
0 0
0 0
0 0
0 0
0 0
0 0
0 0
0 0
0 0
0 0
0 0
0 0
0 0
0 0
0 0
0 0
0 0
0 0
0 0
0 0
0 0
0 0
0 0
0 0
0 0
0 0
0 0
0 0
0 0
0 0
0 0
0 0
0 0
0 0
0 0
0 0
0 0
0 0
0 0
0 0
0 0
0 0
0 0
0 0
0 0
0 0
0 0
0 0
0 0
0 0
0 0
0 0
0 0
0 0
0 0
0 0
0 0
0 0
0 0
0 0
0 0
0 0
0 0
0 0
0 0
0 0
0 0
0 0
0 0
0 0
0 0
0 0
0 0
0 0
0 0
0 0
0 0
0 0
0 0
0 0
0 0
0 0
0 0
0 0
0 0
0 0
0 0
0 0
0 0
0 0
0 0
0 0
0 0
0 0
0 0
0 0
0 0
0 0
0 0
0 0
0 0
0 0
0 0
0 0
0 0
0 0
0 0
0 0
0 0
0 0
0 0
0 0
0 0
0 0
0 0
0 0
0 0
0 0
0 0
0 0
0 0
0 0
0 0
0 0
0 0
0 0
0 0
0 0
0 0
0 0
0 0
0 0
0 0
0 0
0 0
0 0
0 0
0 0
0 0
0 0
0 0
0 0
0 0
0 0
0 0
0 0
0 0
0 0
0 0
0 0
0 0
0 0
0 0
0 0
0 0
0 0
0 0
0 0
0 0
0 0
0 0
0 0
0 0
0 0
0 0
0 0
0 0
0 0
0 0
0 0
0 0
0 0
0 0
0 0
0 0
0 0
0 0
0 0
0 0
0 0
0 0
0 0
0 0
0 0
0 0
0 0
0 0
0 0
0 0
0 0
0 0
0 0
0 0
0 0
0 0
0 0
0 0
0 0
0 0
0 0
0 0
0 0
0 0
0 0
0 0
0 0
0 0
0 0
0 0
0 0
0 0
1885
0 1
457 0
1 2
456 1
1 457
2 3
456 2
2 769
3 4
769 3
4 5
769 4
4 770
5 6
5 770
5 771
6 7
6 771
7 8
7 771
8 9
8 771
9 10
553 9
671 9
9 771
10 11
10 553
11 12
553 11
12 13
553 12
13 14
13 553
554 13
14 15
14 554
15 16
15 493
554 15
16 17
16 493
17 18
493 17
18 19
18 493
556 18
19 20
19 556
20 21
556 20
21 22
21 556
578 21
22 23
22 578
23 24
578 23
23 773
24 25
773 24
25 26
773 25
26 27
517 26
26 773
27 28
27 517
28 29
517 28
29 30
517 29
30 31
30 517
31 32
31 490
31 517
32 33
490 32
684 32
32 685
33 34
35 33
33 507
685 33
34 35
35 36
35 507
36 37
36 507
37 38
507 37
537 37
38 39
537 38
39 40
39 537
40 41
40 537
581 40
41 42
581 41
42 43
581 42
43 44
43 581
44 45
581 44
44 687
45 46
687 45
689 45
46 47
689 46
47 48
689 47
48 49
688 48
689 48
49 50
688 49
50 51
50 543
688 50
51 52
51 543
52 53
543 52
52 544
53 54
53 485
544 53
54 55
54 485
55 56
485 55
56 57
56 485
512 56
57 58
512 57
58 59
58 512
59 60
59 512
59 513
540 59
60 61
540 60
61 62
540 61
62 63
540 62
62 564
605 62
63 64
605 63
64 65
604 64
64 605
65 66
604 65
65 719
66 67
66 719
67 68
67 574
719 67
68 69
501 68
68 519
574 68
69 70
501 69
70 71
501 70
71 72
71 501
72 73
72 501
535 72
73 74
535 73
74 75
535 74
75 76
534 75
535 75
76 77
76 534
76 536
77 78
77 536
78 79
78 536
79 80
480 79
536 79
80 81
80 480
80 510
81 82
81 510
82 83
510 82
539 82
83 84
83 539
84 85
84 539
85 86
539 85
85 635
86 87
86 635
87 88
87 634
87 635
88 89
632 88
88 634
89 90
632 89
89 633
90 91
633 90
91 92
91 633
92 93
92 96
92 97
633 92
93 94
96 93
94 95
96 94
95 96
96 97
97 98
97 108
109 97
633 97
98 99
106 98
98 107
98 108
99 100
99 105
106 99
100 101
100 104
100 105
101 102
103 101
101 104
102 103
103 104
104 105
105 106
106 107
107 108
108 109
109 110
633 109
110 111
110 112
632 110
110 633
111 112
112 113
112 632
113 114
113 115
113 632
114 115
115 116
115 632
634 115
116 117
116 634
117 118
117 634
118 119
118 634
635 118
119 120
119 539
635 119
120 121
120 539
121 122
121 510
121 539
122 123
510 122
123 124
123 480
510 123
124 125
480 124
125 126
125 480
126 127
126 480
126 502
126 536
127 128
127 502
128 129
128 502
129 130
129 502
130 131
130 502
130 515
131 132
131 487
515 131
132 133
487 132
133 134
133 487
134 135
134 487
135 136
487 135
545 135
136 137
136 545
137 138
137 545
138 139
138 516
138 545
138 673
139 140
139 673
140 141
673 140
140 674
141 142
674 141
142 143
142 674
143 144
674 143
144 145
151 144
152 144
144 674
145 146
151 145
146 147
146 150
151 146
147 148
147 149
147 150
148 149
149 150
150 151
151 152
152 153
152 674
153 154
673 153
153 674
153 675
153 677
154 155
154 677
155 156
155 549
155 677
156 157
549 156
157 158
157 549
158 159
158 549
159 160
549 159
706 159
159 732
160 161
160 731
160 732
733 160
161 162
733 161
162 163
162 733
163 164
163 489
644 163
163 733
164 165
644 164
165 166
165 644
166 167
166 641
644 166
167 168
641 167
645 167
168 169
168 645
169 170
169 645
170 171
645 170
171 172
645 171
172 173
645 172
172 726
173 174
726 173
174 175
174 726
175 176
726 175
176 177
176 725
176 726
177 178
725 177
178 179
178 725
179 180
179 638
179 725
180 181
638 180
181 182
638 181
181 728
182 183
728 182
183 184
728 183
184 185
728 184
729 184
185 186
729 185
186 187
729 186
187 188
729 187
188 189
488 188
729 188
189 190
488 189
189 730
190 191
730 190
191 192
191 716
730 191
192 193
192 713
716 192
193 194
193 637
713 193
193 717
194 195
637 194
195 196
637 195
196 197
637 196
197 198
637 197
701 197
198 199
701 198
199 200
700 199
199 701
199 738
200 201
200 209
210 200
200 738
201 202
201 209
202 203
202 206
207 202
208 202
209 202
203 204
203 205
206 203
204 205
205 206
206 207
207 208
208 209
209 210
210 211
210 738
211 212
738 211
212 213
738 212
213 214
213 738
214 215
214 738
739 214
215 216
739 215
216 217
655 216
216 739
217 218
655 217
218 219
218 653
218 655
219 220
219 653
220 221
220 653
654 220
221 222
654 221
222 223
654 222
223 224
223 226
223 495
223 654
659 223
224 225
224 226
225 226
226 227
659 226
227 228
227 508
227 659
228 229
228 230
228 508
229 230
230 231
230 478
508 230
231 232
231 478
231 778
232 233
232 778
233 234
778 233
234 235
777 234
234 778
235 236
777 235
780 235
236 237
236 780
237 238
237 780
237 781
238 239
238 781
239 240
483 239
781 239
240 241
240 483
241 242
483 241
511 241
242 243
511 242
243 244
243 255
243 511
244 245
254 244
255 244
245 246
253 245
254 245
246 247
252 246
246 253
247 248
247 251
252 247
248 249
250 248
248 251
249 250
250 251
251 252
252 253
253 254
254 255
255 256
511 255
256 257
261 256
256 262
256 511
257 258
257 260
257 261
258 259
260 258
259 260
260 261
261 262
262 263
262 511
263 264
263 511
264 265
483 264
264 511
265 266
483 265
781 265
266 267
266 781
267 268
780 267
267 781
268 269
268 780
269 270
777 269
780 269
270 271
777 270
270 779
271 272
779 271
272 273
272 779
273 274
779 273
274 275
478 274
779 274
275 276
478 275
276 277
478 276
509 276
277 278
500 277
277 509
278 279
500 278
279 280
500 279
280 281
280 500
577 280
281 282
577 281
282 283
531 282
282 577
283 284
283 531
284 285
531 284
285 286
285 531
286 287
531 286
287 288
287 531
657 287
287 696
288 289
696 288
697 288
289 290
289 697
290 291
693 290
697 290
291 292
591 291
607 291
693 291
292 293
292 607
293 294
293 607
608 293
294 295
608 294
295 296
608 295
296 297
504 296
523 296
296 608
297 298
504 297
298 299
298 504
299 300
504 299
299 520
300 301
520 300
301 302
301 520
526 301
302 303
302 526
528 302
303 304
303 528
304 305
304 528
305 306
307 305
528 305
306 307
307 308
307 528
307 547
548 307
308 309
308 547
309 310
547 309
310 311
310 547
311 312
311 547
593 311
312 313
593 312
313 314
593 313
314 315
576 314
314 593
314 624
315 316
624 315
316 317
316 624
317 318
624 317
318 319
318 624
318 625
319 320
625 319
320 321
320 625
321 322
321 625
322 323
622 322
625 322
323 324
323 622
323 631
721 323
324 325
326 324
721 324
325 326
326 327
326 497
667 326
326 721
327 328
667 327
328 329
667 328
329 330
667 329
330 331
667 330
331 332
665 331
331 667
332 333
332 665
670 332
333 334
333 670
334 335
670 334
335 336
335 670
741 335
336 337
741 336
337 338
337 741
337 743
338 339
338 743
339 340
743 339
340 341
742 340
743 340
340 755
341 342
341 755
342 343
342 755
343 344
755 343
757 343
344 345
757 344
345 346
757 345
761 345
346 347
761 346
347 348
347 639
347 761
348 349
348 351
348 639
349 350
349 351
350 351
351 352
639 351
352 353
639 352
763 352
765 352
353 354
353 765
354 355
765 354
355 356
355 765
356 357
356 765
357 358
357 765
358 359
765 358
359 360
359 765
360 361
765 360
360 766
361 362
766 361
362 363
362 364
766 362
363 364
364 365
766 364
365 366
365 766
366 367
766 366
367 368
367 763
764 367
367 766
368 369
368 370
764 368
369 370
370 371
762 370
764 370
371 372
762 371
372 373
762 372
373 374
373 762
374 375
759 374
374 762
375 376
759 375
376 377
376 759
760 376
377 378
377 760
378 379
760 378
378 776
379 380
776 379
380 381
380 776
381 382
381 775
381 776
382 383
775 382
383 384
740 383
775 383
384 385
384 740
385 386
385 740
386 387
386 660
386 740
387 388
660 387
387 661
388 389
661 388
389 390
389 661
390 391
390 392
390 661
391 392
392 393
392 496
661 392
392 723
393 394
723 393
394 395
723 394
394 724
395 396
395 620
395 724
396 397
620 396
397 398
619 397
397 620
398 399
398 619
399 400
399 619
400 401
400 613
619 400
628 400
401 402
401 628
402 403
628 402
403 404
403 628
629 403
404 405
404 629
405 406
629 405
745 405
405 747
406 407
406 747
407 408
407 617
747 407
408 409
596 408
408 617
409 410
596 409
409 704
410 411
704 410
411 412
411 580
598 411
411 704
412 413
412 598
413 414
598 413
414 415
414 598
705 414
415 416
705 415
416 417
416 705
417 418
681 417
417 705
418 419
418 681
419 420
419 681
420 421
420 681
420 682
421 422
682 421
422 423
422 491
648 422
682 422
423 424
423 648
424 425
648 424
425 426
425 648
426 427
646 426
648 426
427 428
646 427
651 427
428 429
428 651
429 430
651 429
430 431
430 651
736 430
431 432
431 736
431 751
432 433
432 751
433 434
751 433
434 435
751 434
434 752
435 436
435 752
436 437
752 436
437 438
492 437
752 437
438 439
438 492
438 652
439 440
439 652
672 439
440 441
440 672
441 442
441 672
442 443
442 506
442 672
772 442
443 444
445 443
772 443
444 445
445 446
772 445
446 447
446 768
772 446
447 448
768 447
448 449
768 448
449 450
451 449
449 768
450 451
451 452
768 451
452 453
768 452
453 454
768 453
453 769
454 455
454 769
455 456
455 769
456 457
769 456
458 514
571 458
572 458
573 458
458 610
458 611
459 487
459 515
516 459
459 518
519 459
459 678
460 638
642 460
643 460
460 727
735 460
530 461
461 546
676 461
677 461
719 461
720 461
749 461
541 462
462 559
462 565
566 462
586 462
588 462
463 708
463 712
463 713
716 463
731 463
732 463
464 507
537 464
557 464
464 558
597 464
705 464
579 465
465 646
465 647
465 649
683 465
465 774
466 551
552 466
466 555
650 466
466 750
467 691
467 694
695 467
467 699
715 467
468 495
531 468
468 550
653 468
654 468
468 657
468 737
469 529
469 575
576 469
612 469
626 469
469 627
470 662
664 470
470 665
470 666
470 668
476 471
522 471
471 525
527 471
568 471
471 703
746 471
754 472
756 472
472 757
472 758
472 759
473 513
473 540
473 541
559 473
473 563
564 473
566 474
474 585
474 589
590 474
474 591
615 474
616 474
638 475
475 642
475 645
475 725
726 475
527 476
476 626
629 476
745 476
476 746
500 477
477 505
477 508
477 509
477 659
478 508
509 478
478 778
478 779
639 479
758 479
761 479
762 479
479 763
764 479
480 510
536 480
542 481
481 557
595 481
614 481
481 618
686 481
687 481
532 482
552 482
553 482
482 652
671 482
672 482
483 511
483 781
485 484
484 512
484 513
484 514
484 569
571 484
485 512
485 514
485 544
501 486
502 486
515 486
486 518
534 486
535 486
487 515
487 516
545 487
727 488
729 488
730 488
735 488
489 643
489 644
489 733
734 489
517 490
683 490
490 684
490 773
774 490
647 491
648 491
682 491
683 491
552 492
652 492
750 492
752 492
493 551
493 554
493 555
556 493
653 494
494 655
494 658
698 494
737 494
494 739
505 495
495 550
654 495
495 659
661 496
662 496
722 496
723 496
497 666
497 667
497 721
497 722
503 498
498 668
669 498
741 498
498 742
498 743
753 498
504 499
520 499
522 499
568 499
499 587
606 499
500 505
509 500
577 500
501 518
519 501
535 501
515 502
502 534
536 502
663 503
503 669
503 753
756 503
760 503
775 503
776 503
504 520
523 504
606 504
550 505
577 505
505 659
506 671
506 672
770 506
771 506
772 506
537 507
558 507
685 507
508 509
659 508
539 510
512 513
513 540
513 541
513 569
544 514
514 571
514 573
518 515
516 545
673 516
516 678
679 516
773 517
519 518
519 574
678 519
520 522
526 520
521 523
566 521
521 586
587 521
590 521
521 606
521 608
522 525
526 522
522 568
523 606
523 608
525 524
526 524
527 524
528 524
524 529
548 524
526 525
527 525
528 526
527 529
527 626
528 548
529 547
548 529
575 529
626 529
530 549
530 677
530 706
530 707
749 530
550 531
577 531
531 657
551 532
552 532
532 553
532 554
555 533
533 556
533 578
579 533
533 649
650 533
534 535
536 534
557 537
581 537
538 558
680 538
538 681
685 538
705 538
539 635
540 564
541 559
541 569
570 541
541 588
542 543
542 573
611 542
542 618
686 542
543 544
573 543
686 543
543 688
544 573
574 546
676 546
678 546
546 719
548 547
547 575
547 593
549 677
549 706
577 550
551 552
554 551
551 555
652 552
552 750
554 553
553 671
556 555
650 555
578 556
557 581
595 557
557 597
687 557
685 558
558 705
563 559
559 565
582 560
583 560
599 560
601 560
560 602
603 560
561 563
564 561
582 561
603 561
561 604
561 605
562 563
565 562
566 562
583 562
585 562
589 562
563 564
563 565
563 582
563 583
605 564
566 565
586 566
589 566
566 590
567 568
567 570
587 567
588 567
567 703
744 567
568 587
703 568
569 570
571 569
570 571
572 570
588 570
570 744
571 572
610 572
702 572
744 572
573 611
574 678
574 719
575 576
593 575
576 593
576 612
576 623
576 624
579 578
773 578
579 649
773 579
774 579
595 580
580 597
598 580
580 614
580 704
687 581
583 582
603 582
583 585
599 583
584 585
584 599
584 616
584 711
714 584
589 585
599 585
585 616
586 587
586 588
588 587
587 606
591 590
590 607
608 590
591 607
591 615
591 690
693 591
610 592
611 592
592 617
747 592
748 592
594 612
594 613
619 594
620 594
622 594
623 594
597 595
614 595
596 611
596 614
617 596
618 596
596 704
597 598
705 597
705 598
599 601
711 599
601 600
600 602
706 600
707 600
600 708
600 711
602 601
711 601
602 603
602 707
720 602
602 749
604 603
720 603
605 604
604 719
604 720
608 607
609 615
609 616
690 609
691 609
609 710
609 714
611 610
702 610
610 748
617 611
611 618
612 613
623 612
627 612
613 619
613 627
628 613
618 614
704 614
616 615
615 690
616 714
747 617
620 619
620 622
724 620
626 621
627 621
628 621
621 629
622 623
622 625
622 631
724 622
624 623
625 623
625 624
626 627
626 629
628 627
629 628
745 629
631 630
721 630
722 630
630 723
630 724
721 631
724 631
633 632
632 634
634 635
636 637
636 699
701 636
715 636
717 636
637 701
717 637
642 638
638 725
638 727
728 638
761 639
639 763
716 640
730 640
731 640
734 640
735 640
642 641
643 641
641 644
645 641
643 642
642 645
643 644
734 643
643 735
645 726
647 646
648 646
649 646
646 651
647 648
647 683
649 650
651 649
651 650
650 736
750 650
736 651
672 652
654 653
655 653
737 653
655 739
657 656
656 692
656 696
656 698
737 656
696 657
657 737
698 658
658 700
738 658
739 658
660 661
662 660
660 664
660 740
662 661
662 664
662 666
722 662
663 664
663 669
663 740
775 663
668 664
669 664
664 740
665 666
667 665
665 668
670 665
667 666
666 722
668 669
668 670
668 741
670 741
672 671
771 671
674 673
673 675
679 673
676 675
677 675
678 675
675 679
677 676
676 678
679 678
681 680
682 680
683 680
680 684
680 685
682 681
705 681
683 682
684 683
683 774
685 684
687 686
686 688
686 689
689 687
688 689
691 690
693 690
690 694
697 690
691 694
710 691
715 691
692 694
692 695
696 692
692 697
692 698
693 697
695 694
694 697
698 695
695 699
700 695
695 701
697 696
698 700
698 737
699 701
699 715
701 700
738 700
703 702
744 702
746 702
748 702
703 744
703 746
707 706
706 708
732 706
749 707
708 711
712 708
708 732
711 709
712 709
709 713
709 714
718 709
710 714
710 715
710 717
710 718
712 711
714 711
712 713
716 713
713 717
713 718
714 718
715 717
716 730
716 731
717 718
720 719
720 749
722 721
723 722
723 724
725 726
728 727
727 729
727 735
728 729
735 730
732 731
731 733
734 731
734 733
734 735
736 750
751 736
738 739
775 740
743 741
742 743
753 742
754 742
755 742
745 746
747 745
745 748
748 746
747 748
750 751
750 752
751 752
753 754
753 756
754 755
754 756
757 754
755 757
759 756
760 756
758 757
757 761
759 758
758 761
762 758
759 760
759 762
760 776
762 764
764 763
763 765
763 766
766 765
768 767
767 769
770 767
767 772
768 769
772 768
770 769
771 770
770 772
774 773
775 776
777 778
779 777
780 777
778 779
781 780
