679
236 501
231 500
226 498
223 494
224 489
226 485
229 481
230 476
230 471
228 466
231 462
234 458
233 453
234 448
236 443
237 438
237 433
237 428
237 423
236 418
235 413
233 408
231 403
229 398
227 393
225 388
224 383
223 378
223 373
223 368
223 363
223 358
225 353
227 348
229 343
229 338
231 333
231 328
230 323
229 318
228 313
227 308
226 303
225 298
224 293
223 288
222 283
221 278
220 273
219 268
218 263
217 258
215 253
215 248
212 243
211 238
208 233
203 228
201 223
202 218
205 213
209 209
214 204
217 200
221 195
224 190
226 185
226 180
226 175
225 170
224 165
222 160
220 155
219 150
217 145
215 140
215 135
215 130
217 125
220 120
217 118
212 119
207 119
202 119
197 119
192 119
187 118
182 118
177 117
172 117
167 117
162 117
157 116
152 115
147 114
142 114
137 116
132 117
127 117
122 116
117 116
112 115
107 114
102 114
97 113
92 112
87 110
82 109
77 109
72 108
67 108
62 109
57 113
56 118
54 123
49 121
47 117
45 112
43 107
38 107
33 108
28 109
23 111
18 111
16 108
21 106
18 104
13 102
17 99
22 97
27 96
26 93
32 92
37 92
42 92
47 92
52 92
57 92
62 93
67 93
72 94
77 94
82 95
87 95
92 96
97 96
102 96
107 96
112 96
117 96
122 96
127 96
132 97
137 97
142 99
147 98
152 98
157 97
162 96
167 96
172 96
177 96
182 96
187 96
192 96
197 97
202 97
207 97
212 97
217 98
220 96
219 91
218 86
216 83
216 78
218 73
218 68
213 70
211 66
214 61
217 57
217 52
218 47
219 42
224 37
229 33
234 30
239 27
244 24
249 21
254 24
259 23
263 19
265 14
269 11
270 16
270 21
270 26
272 31
277 35
281 40
283 45
284 50
288 49
293 48
292 53
294 56
293 61
289 65
289 70
287 75
284 79
283 84
282 89
278 91
278 86
278 81
274 77
272 82
271 87
272 92
276 95
281 96
286 96
291 96
296 96
301 95
306 94
311 94
316 95
321 94
326 93
331 92
336 93
341 95
346 95
351 95
356 95
361 96
366 96
371 96
376 96
381 96
386 95
391 94
396 94
401 94
406 94
411 95
416 96
421 96
426 96
431 96
436 96
441 95
446 95
451 95
456 95
461 95
466 95
471 95
476 95
481 94
486 94
491 95
492 99
497 101
502 102
505 107
502 109
503 114
501 118
496 117
491 115
486 114
481 113
476 111
473 114
473 119
470 123
465 125
462 123
459 118
456 113
451 111
446 110
441 109
436 109
431 110
426 111
421 113
416 114
411 114
406 114
401 115
396 115
391 115
386 115
381 115
376 114
371 114
366 115
361 116
356 117
351 117
346 117
341 117
336 117
331 117
326 117
321 117
316 117
311 116
306 116
301 115
296 114
292 118
290 122
293 127
295 132
295 137
294 142
292 147
290 152
287 156
285 161
283 166
284 171
283 176
282 181
282 186
282 191
286 196
290 200
295 204
299 209
302 214
306 218
309 222
308 227
305 232
302 236
302 241
301 246
299 251
298 256
297 261
297 266
295 271
294 276
294 281
293 286
291 291
290 296
290 301
289 306
287 311
286 316
286 321
286 326
287 331
288 336
290 341
291 346
294 351
295 356
296 361
297 366
298 371
298 376
297 381
296 386
295 391
296 396
292 401
290 406
288 411
286 416
285 421
284 426
284 431
285 436
286 441
288 446
290 451
290 456
292 460
296 465
296 470
296 475
297 480
299 485
302 490
301 494
298 497
293 499
288 500
283 500
278 500
273 499
268 498
264 495
264 490
264 485
265 480
265 475
265 470
265 465
265 460
265 455
266 450
266 445
267 440
267 435
267 430
268 425
268 420
269 415
269 410
268 405
268 400
268 395
268 390
267 385
267 380
267 375
268 370
268 365
268 360
268 355
268 350
267 345
265 340
263 335
262 330
262 325
261 320
261 315
261 310
259 305
259 300
259 295
260 290
260 285
260 280
259 275
259 270
259 265
259 260
259 255
259 250
259 245
255 244
254 249
253 254
253 259
253 264
254 269
254 274
254 279
255 284
254 289
255 294
255 299
255 304
256 309
256 314
257 319
257 324
257 329
256 334
254 339
253 344
253 349
253 354
254 359
253 364
253 369
252 374
252 379
252 384
252 389
251 394
251 399
251 404
251 409
251 414
251 419
251 424
252 429
254 434
256 438
257 443
258 448
258 453
259 458
259 463
260 468
260 473
260 478
260 483
260 488
261 493
261 498
256 500
251 501
246 501
241 501
237 501
264.15 215.899
246.167 70.5
253.663 150.235
253.964 182.5
279.022 249.604
237.115 218.211
260.651 52.0698
255.11 118.686
282.667 217.966
239.279 50.9738
237.776 134.066
234.261 249.348
238.089 360.818
238.645 284
274.167 302.167
281.43 392.379
280.5 470.4
272.267 141.926
266.635 171
282.892 263.378
230.132 61.3517
483.318 103.5
232.771 79.5
229.043 46.8258
244.897 468.468
274.026 61.6579
249.174 38.8701
287.928 254.533
271.297 259.205
272.846 273.096
240.703 61.4493
249.793 54.8791
246.157 456.251
282.518 58.8274
261.121 69.3068
272.236 50.0313
264.606 40.609
238.293 40.0708
283.491 274.05
254.804 84.4388
253.164 63.893
264.671 60.5851
257.606 33.3884
254.07 75.2479
53.0446 102.827
464.93 106.184
274.683 205.519
284.282 208.146
273.627 214.981
272.739 232.851
258.301 199.43
265.07 206.299
294.095 224.568
283.684 229.398
291.829 215.297
280.815 239.377
291.296 236.988
240.397 348.414
273.533 314.687
273.948 326.756
276.525 338.141
279.753 349.456
279.098 403.353
277.516 458.097
278.927 485.173
274.081 477.187
286.525 478.512
288.997 488.999
267.876 185.098
269.076 196.043
273.332 177.514
259.755 190.037
250.901 166.395
227.709 70.9702
274.376 287.592
268.374 294.794
283.436 283.851
280.481 294.968
246.5 445.47
243.878 81.5631
244.43 101.657
247.096 91.5291
259.389 100.179
233.481 93.3601
252.645 108.368
230.547 108.606
241.682 116.441
227.14 86.7368
246.847 126.831
260.637 132.559
249.042 138.886
231.08 119.678
272.611 119.751
261.67 143.18
268.594 156.297
227.051 130.305
271.62 130.826
282.827 135.742
281.711 145.946
263.61 123.337
273.578 164.443
260.523 162.704
280.66 125.868
269.891 243.474
258.276 229.527
266.893 225.161
242.511 233.565
250.73 218.194
251.428 235.584
243.93 224.441
243.905 204.531
253.359 208.345
229.83 206.069
247.943 193.063
239.959 181.514
221.107 219.56
235.793 192.929
247.427 175.399
237.711 166.478
244.247 156.942
239.345 145.975
232.717 155.516
221.254 210.09
228.78 214.956
242.326 336.666
243.583 323.289
276.82 447.098
257.36 173.51
262.09 90.8545
220.096 108
264.356 111.076
269.164 102.304
280.405 109.147
244.047 244.416
226.694 235.345
235.203 239.793
224.861 245.381
233.873 227.976
228.326 141.962
241.721 309.164
208.928 108
289.941 105.989
217.924 229.568
197.892 108
186.937 107
176.434 106.5
237.433 375.441
232.197 367.88
243.633 368.393
282.186 377.071
286.87 384.975
276.379 384.457
281.766 363.193
288.399 369.938
244.362 484.138
239.416 476.125
250.387 476.5
250.888 491.307
235.445 490.185
237.843 296.868
244.906 290.849
246.035 301.044
239.067 388.291
240.532 398.661
242.128 407.514
236.044 266.376
228.162 258.594
242.106 257.134
243.27 274.314
231.506 276.05
679
236.623 491.965
235.76 492.246
225.622 495.375
222.923 495.719
228.725 494.888
229.865 494.107
242.796 487.395
246.235 481.416
245.822 469.529
245.537 465.42
245.855 467.668
246.419 460.771
246.961 453.056
247.085 451.269
247.493 444.285
246.575 438.135
245.411 432.253
244.671 427.4
244.131 422.173
241.778 460.444
243.013 411.633
242.058 405.711
241.041 400.176
239.658 394.52
238.216 388.997
237.56 384.614
237.297 382.537
236.458 376.558
236.259 372.566
236.129 367.748
236.557 364.421
236.852 362.093
237.548 359.438
238.921 354.157
241.606 343.682
242.344 340.782
243.849 334.364
244.943 327.28
245.199 320.692
244.385 315.39
243.656 310.335
242.515 302.946
242.13 300.465
241.331 295.464
240.454 290.483
239.579 285.354
238.321 280.743
237.042 276.213
234.899 271.59
233.795 269.181
230.86 260.399
229.412 249.735
229.141 246.443
228.457 238.437
228.976 229.873
226.903 224.911
216.445 222.35
211.387 221.71
197.486 220.076
202.918 220.735
211.731 221.647
215.863 222.076
226.1 222.28
233.266 219.349
242.829 212.934
250.36 205.22
255.037 192.39
256.522 180.099
255.467 169.995
254.448 159.769
251.096 152.117
247.484 145.06
244.427 142.107
243.018 140.569
235.205 137.089
231.616 137.097
233.684 136.941
232.797 136.526
240.431 133.796
241.183 117.36
227.779 108.431
211.958 108.289
204.366 108.217
199.992 108.17
195.984 108.112
192.577 107.67
188.281 107.131
183.144 106.743
177.497 106.369
171.238 106.301
208 109.333
162.481 106.426
158.815 106.371
154.112 106.177
142.485 106.305
137.206 106.699
133.87 106.955
130.898 107.206
128.036 106.953
127.917 106.939
118.577 106.089
112.753 105.632
104.374 105.246
102.189 105.197
98.1348 104.784
94.1681 104.092
88.8872 103.059
81.8881 101.697
77.2613 100.848
74.8947 100.425
61.5134 99.8498
56.5604 100.783
65.7778 103.111
51.5098 119.094
51.6848 123.788
51.5835 121.293
51.4017 116.097
50.9385 102.601
49.7537 100.406
39.4158 98.1744
29.8741 98.5467
24.7974 102.32
20.7873 106.125
17.7903 109.246
17.1935 109.865
18.144 104.216
15.8658 101.806
12.5442 101.368
18.285 102.124
24.2067 102.864
26.3021 101.304
27.8476 98.8554
29.5517 98.6018
35.8128 97.4421
42.6531 98.8646
49.4702 100.325
51.5108 101.494
55.299 101.026
57.3609 100.634
66.4836 98.9146
71.7071 99.8552
76.412 100.696
81.0746 101.543
74.4251 101.31
94.9207 104.213
97.2764 104.648
101.766 105.177
106.53 105.297
111.909 105.578
118.88 106.238
122.131 106.411
127.2 106.876
130.804 107.202
134.354 106.917
140.548 106.444
147.788 105.909
153.756 106.162
140.444 106.667
162.508 106.425
166.425 106.311
171.291 106.301
176.486 106.306
181.804 106.659
186.758 106.969
190.394 107.404
194.754 107.956
200.048 108.171
204.561 108.218
211.884 108.297
227.124 108.464
237.438 101.874
237.116 84.1337
235.687 72.2254
234.826 71.669
236.515 70.2865
236.998 63.6766
234.845 56.389
0 0
213.964 65.899
233.691 56.9157
237.553 53.0356
235.896 48.9402
229.074 45.0853
228.376 44.7883
235.282 47.636
239.945 47.1017
244.027 45.9455
248.769 43.2879
251.241 37.0376
251.867 28.4018
250.957 40.5356
0 0
267.729 16.1066
267.923 14.3028
268.357 11.2077
268.116 12.9163
267.535 19.0297
258.225 31.7283
251.836 41.4437
255.861 47.0051
259.03 49.4194
262.793 51.2133
273.016 54.5769
292.567 54.2403
293.992 47.89
292.842 51.244
293.873 54.7186
290.882 54.7188
272.954 54.7842
271.56 57.286
272.117 58.4689
278.977 66.7379
280.912 80.0675
281.218 90.0749
280.855 94.2952
280.971 85.7203
280.331 76.9975
0 0
256.889 61.3333
239.303 81.2427
244.332 105.427
254.503 118.671
267.541 116.934
282.182 110.142
290.956 106.23
299.28 102.693
304.499 101.302
308.056 103.074
310.47 103.928
316.588 105.533
320.589 105.281
327.836 104.774
330.573 104.52
333.076 104.81
302.222 109.333
345.824 106.216
351.333 106.566
355.697 106.493
357.601 106.308
364.895 105.598
371.043 105.072
376.443 105.101
376.889 104
388.194 104.868
392.501 104.538
396.485 104.246
400.907 104.114
405.028 104.214
410.587 104.877
415.771 105.522
420.269 104.673
419.26 104.867
431.431 102.604
436.727 101.658
441.402 100.839
445.44 100.883
450.758 101.414
456.196 102.285
461.049 103.59
466.354 104.905
470.158 103.933
476.225 102.577
483.288 101.04
485.825 101.394
485.62 101.245
486.898 102.133
496.277 107.464
502.084 107.48
503.849 107.02
498.049 108.516
499.996 113.599
501.62 117.898
500.61 115.225
500.086 111.463
490.177 104.092
484.228 100.855
473.762 103.121
466.111 107.162
466.132 117.304
466.144 123.21
466.148 125.748
466.146 124.656
466.135 118.706
463.529 104.27
458.241 102.855
453.343 102.011
441.29 100.854
435.997 101.788
453.333 104
423.891 103.998
419.101 104.89
415.868 105.522
411.579 105.002
413.61 104.711
400.674 104.115
398.448 104.188
391.869 104.586
394.036 104.473
382.313 105.288
376.762 105.106
362.684 105.826
363.948 105.69
359.116 106.165
355.502 106.508
351.399 106.569
346.254 106.256
341.151 105.727
332.57 104.75
330.72 104.531
326.995 104.842
321.37 105.269
317.127 105.542
307.336 102.486
308.872 103.379
304.799 101.265
299.168 104.356
265.424 117.822
262.702 128.348
270.624 136.428
287.046 137.848
284.036 137.693
280.29 137.481
277.261 137.402
270.585 137.096
264.904 141.011
259.584 147.095
257.652 160.69
257.917 169.133
257.944 170.802
257.595 176.464
256.86 186.228
256.597 202.48
268.365 215.067
279.992 220.947
285.471 222.106
289.043 222.874
293.439 223.295
303.043 222.564
313.004 221.851
302.308 222.629
296.156 223.082
288.112 225.055
285.669 229.684
285.318 234.635
285.038 237.821
284.091 248.594
283.61 257.401
283.288 263.042
281.978 268.709
280.04 277.023
278.874 281.296
278.212 283.726
276.868 288.787
275.111 295.396
274.123 299.078
273.387 301.816
272.801 307.27
271.996 314.885
271.983 321.75
272.175 328.22
274.397 333.554
276.607 339.014
278.934 344.678
281.285 350.461
282.786 355.731
283.34 357.646
285.175 364.015
284.809 368.594
284.576 371.477
284.371 373.889
284.032 377.92
282.778 383.955
281.443 390.323
281.046 392.216
280.748 393.624
278.97 402.032
277.892 408.059
0 0
274.914 426.947
274.908 425.569
274.507 430.824
275.068 437.715
275.73 442.973
276.512 448.838
277.102 452.989
277.946 458.784
279.911 469.114
280.303 471.15
280.651 473.079
280.939 478.874
282.538 485.258
290.744 490.219
300.168 494.466
294.026 491.698
294.233 491.791
290.945 490.31
285.316 487.803
282.21 486.087
278.843 486.601
275.693 489.436
269.771 493.674
267.215 495.352
270.941 492.816
277.944 486.35
279.121 484.307
280.989 478.168
280.425 471.321
279.11 464.909
277.963 458.945
277.322 454.557
276.979 452.133
275.946 444.656
275.292 439.662
274.709 434.342
274.517 430.32
274.873 425.862
275.588 421.433
276.465 416.284
277.959 407.661
278.375 405.261
279.155 401.17
280.282 395.835
281.611 389.518
282.6 384.811
283.258 381.553
284.073 377.527
284.54 371.876
285.068 365.643
283.981 359.841
283.222 357.218
280.432 348.291
277.469 341.111
274.917 334.863
273.408 331.124
272.365 328.793
271.965 325.203
271.975 322.723
271.961 315.392
272.967 305.691
273.236 303.182
273.566 301.062
274.172 298.892
275.399 294.306
277.129 287.825
278.756 281.81
280.025 277.128
280.849 273.298
281.36 270.633
282.992 262.07
283.774 252.729
283.953 246.28
273.897 222.552
247.706 215.222
228.497 234.215
229.762 250.166
231.566 262.019
233.735 269.185
236.094 274.343
237.588 277.587
238.895 281.929
239.67 286.025
240.51 290.355
241.401 295.834
242.077 300.071
242.955 305.758
243.789 311.282
244.91 318.971
245.277 321.455
245.457 324.542
244.99 327.07
244.767 328.469
243.833 334.688
241.882 342.594
240.055 349.779
238.073 357.402
237.575 359.312
236.706 362.966
236.197 367.041
236.287 372.699
237.259 382.133
237.602 384.848
238.309 389.328
239.605 394.313
241.09 400.415
242.055 405.577
242.838 410.143
243.442 414.456
243.905 418.853
244.444 425.331
245.976 435.169
246.656 438.74
246.823 439.877
247.337 443.072
247.388 447.037
247.195 449.754
246.6 458.21
246.202 463.832
245.816 469.319
246.157 475.341
246.406 481.565
245.678 484.856
246.41 489.397
253.579 493.951
261.804 499.172
255.036 494.892
248.564 490.759
243.629 489.078
241.765 489.88
236.727 491.925
263.942 213.586
239.666 58.9917
253.105 148.729
256.67 183.561
284.338 242.506
238.111 217.588
254.128 49.9197
248.366 124.723
281.565 221.71
236.862 47.31
254.815 135.353
229.142 244.293
237.37 360.441
235.769 274.1
273.223 303.557
281.833 388.428
280.225 470.657
260.597 139.113
257.654 170.077
283.455 260.174
237.837 53.4545
0 0
237.323 73.1839
232.435 46.7356
0 0
265.931 51.6727
251.38 37.3453
284.624 241.691
0 0
280.736 273.7
236.983 54.9394
246.046 49.574
247.187 448.514
272.642 56.5685
248.348 54.2209
261.047 50.5114
254.337 45.696
241.724 46.6879
280.329 275.923
238.393 75.1934
250.313 50.8026
255.507 51.5263
251.298 38.9167
239.571 59.9257
51.6932 101.586
469.63 104.501
267.781 214.71
280.136 221.026
272.571 218.112
280.596 223.036
255.798 202.885
260.647 209.541
295.483 222.997
285.13 224.797
287.234 222.503
285.156 229.62
285.456 226.489
237.052 362.746
276.444 345.778
272.219 328.331
279.866 347.744
282.652 355.34
279.011 401.856
280.889 458.667
278.89 486.002
285.119 490.186
281.041 480.654
282.999 486.03
256.848 185.999
255.111 207.111
257.783 172.27
256.231 192.721
255.614 162.594
237.104 62.2177
277.452 286.651
274.376 298.137
277.663 285.793
274.494 297.698
247.426 443.796
237.95 73.2357
239.906 103.005
237.661 89.7239
243.55 106.104
237.572 91.0389
239.766 106.079
237.519 106.12
243.271 117.671
237.068 81.3839
247.181 127.447
256.018 132.683
255.52 140.258
242.406 117.99
260.092 124.877
257.418 140.265
255.869 148.469
240.614 133.869
260.15 127.888
0 0
269.353 137.125
258.027 125.642
257.655 160.019
257.125 159.313
262.751 129.651
289.159 224.227
278.222 236.444
269.553 216.518
234.231 222.139
251.384 212.602
247.92 212.811
241.61 216.052
251.786 210.561
254.044 208.706
240.823 215.016
255.493 195.283
0 0
223.942 222.901
253.596 199.534
256.236 174.378
256.189 162.42
252.275 151.183
246.828 141.158
252.542 148.072
226.622 222.249
231.46 220.607
240.501 347.715
245.349 322.321
275.508 441.172
257.09 171.599
256 123.556
227.911 108.46
251.573 120.052
246.477 119.879
265.755 117.736
230.222 239.111
229.106 228.115
228.791 230.56
229.04 244.105
231.985 221.751
241.588 138.805
244.342 315.079
207.117 108.12
285.38 108.702
230.141 222.96
195.456 108.039
186.965 107.097
179.342 106.496
236.805 377.997
236.127 367.785
236.165 367.396
284.771 369.062
282.977 382.954
282.583 384.892
285.12 364.821
284.543 371.826
244.812 485.575
245.41 484.295
246.422 481.034
245.368 489.093
245.015 492.796
0 0
240.152 288.569
241.993 299.601
237.736 385.538
238.852 390.662
238.679 388.366
233.47 268.698
230.279 257.221
229.728 249.705
237.505 277.368
236.701 275.612
1525
0 0
0 0
0 0
0 0
0 0
0 0
0 0
0 0
0 0
0 0
0 0
0 0
0 0
0 0
0 0
0 0
0 0
0 0
0 0
0 0
0 0
0 0
0 0
0 0
0 0
0 0
0 0
0 0
0 0
0 0
0 0
0 0
0 0
0 0
0 0
0 0
0 0
0 0
0 0
0 0
0 0
0 0
0 0
0 0
0 0
0 0
0 0
0 0
0 0
0 0
0 0
0 0
0 0
0 0
0 0
0 0
0 0
0 0
0 0
0 0
0 0
0 0
0 0
0 0
0 0
0 0
0 0
0 0
0 0
0 0
19 633
0 0
0 0
0 0
0 0
0 0
0 0
0 0
0 0
0 0
0 0
0 0
0 0
0 0
0 0
0 0
0 0
0 0
0 0
0 0
0 0
0 0
0 0
0 0
0 0
633 642
0 0
0 0
0 0
0 0
0 0
0 0
0 0
0 0
0 0
0 0
0 0
0 0
0 0
0 0
0 0
0 0
0 0
0 0
0 0
0 0
0 0
0 0
0 0
0 0
0 0
0 0
0 0
0 0
0 0
0 0
0 0
0 0
0 0
0 0
0 0
0 0
0 0
0 0
0 0
0 0
0 0
0 0
0 0
0 0
0 0
0 0
0 0
0 0
0 0
0 0
0 0
0 0
0 0
0 0
0 0
0 0
0 0
0 0
642 578
0 0
0 0
0 0
0 0
0 0
0 0
0 0
0 0
0 0
0 0
0 0
0 0
0 0
0 0
0 0
0 0
0 0
578 637
0 0
0 0
0 0
0 0
0 0
0 0
0 0
0 0
0 0
0 0
0 0
0 0
0 0
0 0
0 0
0 0
0 0
0 0
0 0
0 0
0 0
0 0
637 90
0 0
0 0
0 0
0 0
0 0
0 0
0 0
0 0
0 0
0 0
0 0
0 0
0 0
0 0
0 0
0 0
0 0
0 0
0 0
0 0
0 0
0 0
0 0
0 0
0 0
0 0
0 0
0 0
90 157
0 0
0 0
0 0
0 0
0 0
0 0
0 0
0 0
0 0
0 0
0 0
0 0
0 0
0 0
0 0
0 0
0 0
0 0
0 0
0 0
0 0
0 0
0 0
0 0
0 0
0 0
0 0
0 0
0 0
0 0
0 0
0 0
0 0
0 0
0 0
0 0
0 0
0 0
0 0
0 0
0 0
0 0
0 0
0 0
0 0
0 0
0 0
0 0
0 0
0 0
0 0
0 0
0 0
0 0
0 0
0 0
0 0
0 0
0 0
0 0
0 0
0 0
0 0
157 112
0 0
0 0
0 0
0 0
0 0
0 0
0 0
0 0
0 0
0 0
0 0
0 0
0 0
0 0
0 0
0 0
0 0
0 0
0 0
0 0
0 0
0 0
0 0
0 0
0 0
0 0
0 0
0 0
0 0
0 0
0 0
0 0
0 0
0 0
0 0
0 0
0 0
0 0
0 0
0 0
0 0
0 0
0 0
0 0
0 0
0 0
0 0
0 0
0 0
0 0
0 0
0 0
0 0
0 0
0 0
0 0
0 0
0 0
0 0
0 0
0 0
0 0
0 0
0 0
0 0
0 0
0 0
0 0
0 0
0 0
0 0
0 0
0 0
0 0
0 0
0 0
0 0
0 0
0 0
0 0
0 0
0 0
0 0
0 0
0 0
0 0
0 0
0 0
0 0
0 0
0 0
0 0
0 0
0 0
0 0
0 0
0 0
0 0
0 0
0 0
0 0
0 0
0 0
0 0
0 0
0 0
0 0
637 218
0 0
0 0
0 0
0 0
0 0
0 0
0 0
0 0
0 0
0 0
0 0
0 0
0 0
0 0
0 0
0 0
0 0
0 0
0 0
0 0
0 0
0 0
0 0
0 0
0 0
0 0
0 0
0 0
0 0
0 0
0 0
0 0
0 0
0 0
0 0
0 0
0 0
0 0
0 0
0 0
0 0
0 0
0 0
0 0
0 0
0 0
0 0
0 0
0 0
0 0
0 0
0 0
0 0
0 0
0 0
0 0
0 0
0 0
0 0
0 0
0 0
0 0
0 0
0 0
0 0
0 0
0 0
0 0
0 0
0 0
0 0
0 0
0 0
0 0
0 0
0 0
0 0
0 0
0 0
0 0
0 0
0 0
0 0
0 0
0 0
0 0
0 0
0 0
0 0
0 0
0 0
0 0
0 0
0 0
0 0
0 0
0 0
0 0
0 0
0 0
0 0
0 0
0 0
0 0
0 0
0 0
0 0
0 0
0 0
0 0
0 0
0 0
0 0
0 0
0 0
637 234
0 0
0 0
0 0
0 0
0 0
0 0
0 0
0 0
0 0
0 0
0 0
0 0
0 0
0 0
0 0
0 0
0 0
0 0
0 0
0 0
0 0
0 0
0 0
0 0
0 0
0 0
0 0
0 0
0 0
0 0
0 0
0 0
0 0
0 0
0 0
0 0
0 0
0 0
0 0
0 0
0 0
0 0
0 0
234 242
0 0
0 0
0 0
0 0
0 0
0 0
0 0
0 0
0 0
0 0
0 0
0 0
0 0
0 0
0 0
0 0
0 0
0 0
0 0
0 0
0 0
0 0
0 0
0 0
0 0
0 0
0 0
0 0
0 0
0 0
0 0
0 0
0 0
0 0
0 0
0 0
0 0
0 0
0 0
0 0
0 0
0 0
0 0
0 0
242 288
0 0
0 0
0 0
0 0
0 0
0 0
0 0
0 0
0 0
0 0
0 0
0 0
0 0
0 0
0 0
0 0
0 0
0 0
0 0
0 0
0 0
0 0
0 0
0 0
0 0
0 0
0 0
0 0
0 0
0 0
0 0
0 0
0 0
0 0
0 0
0 0
0 0
0 0
0 0
0 0
0 0
0 0
0 0
0 0
0 0
0 0
0 0
0 0
0 0
0 0
0 0
0 0
0 0
0 0
0 0
0 0
0 0
0 0
0 0
0 0
0 0
0 0
0 0
0 0
0 0
0 0
0 0
0 0
0 0
0 0
0 0
0 0
0 0
0 0
0 0
0 0
0 0
0 0
0 0
0 0
0 0
0 0
0 0
0 0
0 0
0 0
0 0
0 0
0 0
0 0
0 0
0 0
0 0
0 0
0 0
0 0
0 0
0 0
0 0
0 0
0 0
0 0
0 0
0 0
0 0
0 0
0 0
0 0
0 0
0 0
0 0
0 0
0 0
0 0
0 0
0 0
0 0
0 0
0 0
0 0
0 0
0 0
0 0
0 0
0 0
0 0
0 0
0 0
0 0
0 0
0 0
0 0
0 0
0 0
0 0
0 0
0 0
0 0
0 0
0 0
0 0
0 0
0 0
0 0
0 0
0 0
578 613
0 0
0 0
0 0
0 0
0 0
0 0
0 0
0 0
0 0
0 0
0 0
0 0
0 0
0 0
0 0
0 0
0 0
0 0
0 0
0 0
0 0
0 0
0 0
0 0
0 0
0 0
0 0
0 0
0 0
0 0
0 0
0 0
0 0
0 0
0 0
0 0
0 0
0 0
0 0
0 0
0 0
0 0
0 0
0 0
0 0
0 0
0 0
0 0
0 0
0 0
0 0
0 0
0 0
0 0
0 0
0 0
0 0
0 0
613 567
0 0
0 0
0 0
0 0
0 0
0 0
0 0
0 0
0 0
0 0
0 0
0 0
0 0
0 0
0 0
0 0
0 0
0 0
0 0
0 0
0 0
0 0
0 0
0 0
0 0
0 0
0 0
0 0
0 0
0 0
0 0
0 0
0 0
0 0
0 0
0 0
0 0
0 0
0 0
0 0
0 0
0 0
0 0
0 0
0 0
0 0
0 0
0 0
0 0
0 0
0 0
0 0
0 0
0 0
0 0
0 0
0 0
0 0
0 0
0 0
0 0
0 0
0 0
0 0
567 572
0 0
0 0
0 0
0 0
0 0
0 0
0 0
0 0
0 0
0 0
0 0
0 0
0 0
0 0
0 0
0 0
0 0
0 0
0 0
0 0
0 0
0 0
0 0
0 0
0 0
0 0
0 0
0 0
0 0
0 0
0 0
0 0
0 0
0 0
0 0
0 0
0 0
0 0
0 0
0 0
0 0
0 0
0 0
0 0
0 0
0 0
0 0
0 0
0 0
0 0
0 0
0 0
0 0
0 0
0 0
0 0
0 0
0 0
0 0
0 0
0 0
0 0
0 0
0 0
0 0
0 0
0 0
0 0
0 0
0 0
0 0
0 0
0 0
0 0
0 0
0 0
0 0
0 0
0 0
0 0
0 0
0 0
0 0
0 0
0 0
0 0
0 0
0 0
0 0
0 0
0 0
0 0
0 0
0 0
0 0
0 0
0 0
0 0
0 0
0 0
0 0
0 0
0 0
0 0
0 0
0 0
0 0
0 0
0 0
0 0
0 0
0 0
0 0
0 0
0 0
0 0
0 0
0 0
0 0
0 0
0 0
0 0
0 0
0 0
0 0
0 0
0 0
0 0
0 0
0 0
0 0
0 0
0 0
0 0
0 0
0 0
0 0
0 0
0 0
0 0
0 0
0 0
0 0
0 0
0 0
0 0
0 0
0 0
0 0
0 0
0 0
0 0
0 0
0 0
0 0
0 0
0 0
0 0
0 0
0 0
0 0
0 0
0 0
0 0
0 0
0 0
0 0
0 0
0 0
0 0
0 0
0 0
0 0
0 0
0 0
0 0
0 0
0 0
0 0
0 0
0 0
0 0
0 0
0 0
0 0
0 0
0 0
0 0
0 0
0 0
0 0
0 0
0 0
0 0
0 0
0 0
0 0
0 0
0 0
0 0
0 0
0 0
0 0
0 0
0 0
0 0
0 0
0 0
0 0
0 0
0 0
0 0
0 0
0 0
0 0
0 0
0 0
0 0
0 0
0 0
0 0
0 0
0 0
0 0
0 0
0 0
0 0
0 0
0 0
0 0
0 0
0 0
0 0
0 0
0 0
0 0
0 0
0 0
0 0
0 0
0 0
0 0
0 0
0 0
0 0
0 0
0 0
0 0
0 0
0 0
0 0
0 0
0 0
0 0
0 0
0 0
0 0
0 0
0 0
0 0
0 0
0 0
0 0
0 0
0 0
0 0
0 0
0 0
0 0
0 0
0 0
0 0
0 0
0 0
0 0
0 0
0 0
0 0
0 0
0 0
0 0
0 0
0 0
0 0
0 0
0 0
0 0
0 0
0 0
0 0
0 0
0 0
0 0
0 0
0 0
0 0
0 0
0 0
0 0
0 0
0 0
0 0
0 0
0 0
0 0
0 0
0 0
0 0
0 0
0 0
0 0
0 0
0 0
0 0
0 0
0 0
0 0
0 0
0 0
0 0
0 0
0 0
0 0
0 0
0 0
0 0
0 0
0 0
0 0
0 0
0 0
0 0
0 0
0 0
0 0
0 0
0 0
0 0
0 0
0 0
0 0
0 0
0 0
0 0
0 0
0 0
0 0
0 0
0 0
0 0
0 0
0 0
0 0
0 0
0 0
0 0
0 0
0 0
0 0
0 0
0 0
0 0
0 0
0 0
0 0
0 0
0 0
0 0
0 0
0 0
0 0
0 0
0 0
0 0
0 0
0 0
0 0
0 0
0 0
0 0
0 0
0 0
0 0
0 0
0 0
0 0
0 0
0 0
0 0
0 0
0 0
0 0
0 0
0 0
0 0
0 0
0 0
0 0
0 0
0 0
0 0
0 0
0 0
0 0
0 0
0 0
0 0
0 0
0 0
0 0
0 0
0 0
0 0
0 0
0 0
0 0
0 0
0 0
0 0
0 0
0 0
0 0
0 0
0 0
0 0
0 0
0 0
0 0
0 0
0 0
0 0
0 0
0 0
0 0
0 0
0 0
0 0
0 0
0 0
0 0
0 0
0 0
0 0
0 0
0 0
0 0
0 0
0 0
0 0
0 0
0 0
0 0
0 0
0 0
0 0
0 0
0 0
0 0
0 0
0 0
0 0
0 0
0 0
0 0
0 0
0 0
0 0
0 0
0 0
0 0
0 0
0 0
0 0
0 0
0 0
0 0
0 0
0 0
0 0
0 0
0 0
0 0
0 0
0 0
0 0
0 0
0 0
0 0
0 0
0 0
0 0
0 0
0 0
0 0
0 0
0 0
0 0
0 0
0 0
0 0
0 0
0 0
0 0
0 0
0 0
0 0
0 0
0 0
0 0
0 0
0 0
0 0
0 0
0 0
0 0
0 0
0 0
0 0
0 0
0 0
0 0
0 0
0 0
0 0
0 0
0 0
0 0
0 0
0 0
0 0
0 0
0 0
0 0
0 0
0 0
0 0
0 0
0 0
0 0
0 0
0 0
0 0
0 0
0 0
0 0
0 0
0 0
0 0
0 0
0 0
0 0
0 0
0 0
0 0
0 0
0 0
0 0
0 0
0 0
0 0
0 0
0 0
0 0
0 0
0 0
0 0
0 0
0 0
0 0
0 0
0 0
0 0
0 0
0 0
0 0
0 0
0 0
0 0
0 0
0 0
0 0
0 0
0 0
0 0
0 0
0 0
0 0
0 0
0 0
0 0
0 0
0 0
0 0
0 0
0 0
0 0
0 0
0 0
0 0
0 0
0 0
0 0
0 0
0 0
0 0
0 0
0 0
0 0
0 0
0 0
0 0
0 0
0 0
0 0
0 0
0 0
0 0
0 0
0 0
0 0
0 0
0 0
0 0
0 0
0 0
0 0
0 0
0 0
0 0
0 0
0 0
0 0
0 0
0 0
0 0
0 0
0 0
0 0
0 0
0 0
0 0
0 0
0 0
0 0
0 0
0 0
0 0
0 0
0 0
0 0
0 0
0 0
1525
0 1
508 0
667 0
1 2
667 1
2 3
2 4
2 667
3 4
4 5
4 667
5 6
5 667
6 7
664 6
6 667
7 8
664 7
8 9
8 10
533 8
8 664
9 10
10 11
10 533
11 12
533 11
11 541
12 13
12 541
13 14
13 541
13 587
14 15
587 14
15 16
15 490
587 15
16 17
16 489
16 490
17 18
488 17
17 489
18 19
487 18
488 18
19 20
19 486
487 19
19 673
20 21
673 20
21 22
672 21
673 21
22 23
672 22
23 24
671 23
23 672
24 25
671 24
25 26
671 25
26 27
26 655
26 671
27 28
655 27
28 29
28 655
28 656
29 30
29 656
30 31
30 656
31 32
31 521
656 31
32 33
521 32
566 32
33 34
33 566
34 35
566 34
34 633
35 36
633 35
36 37
633 36
37 38
37 633
37 634
38 39
38 634
39 40
39 634
648 39
40 41
648 40
41 42
648 41
668 41
42 43
668 42
43 44
668 43
44 45
44 522
44 668
45 46
45 522
45 678
46 47
46 678
47 48
678 47
48 49
678 48
49 50
674 49
675 49
49 678
50 51
675 50
51 52
51 645
675 51
52 53
52 645
53 54
53 645
54 55
643 54
645 54
55 56
55 643
651 55
56 57
651 56
57 58
59 57
57 651
58 59
59 60
59 624
59 651
60 61
624 60
61 62
624 61
631 61
62 63
62 631
63 64
621 63
63 631
64 65
621 64
625 64
65 66
625 65
66 67
623 66
625 66
67 68
67 623
68 69
623 68
627 68
69 70
69 627
70 71
627 70
630 70
71 72
630 71
72 73
72 630
73 74
73 630
647 73
74 75
647 74
75 76
647 75
76 77
76 604
647 76
77 78
77 604
78 79
604 78
79 80
594 79
79 600
79 604
638 79
80 81
80 638
80 649
81 82
81 649
82 83
82 649
83 84
649 83
83 652
84 85
652 84
85 86
652 85
653 85
86 87
86 653
87 88
87 653
654 87
88 89
654 88
89 90
89 654
90 91
90 158
159 90
90 654
91 92
91 157
158 91
92 93
157 92
93 94
156 93
93 157
94 95
94 154
155 94
156 94
95 96
95 153
154 95
96 97
96 152
153 96
97 98
97 152
98 99
98 151
98 152
99 100
99 149
99 150
151 99
100 101
100 149
101 102
101 148
101 149
102 103
146 102
102 147
102 148
103 104
146 103
104 105
145 104
146 104
105 106
105 144
145 105
106 107
143 106
106 144
107 108
142 107
143 107
108 109
141 108
108 142
109 110
109 140
109 141
110 111
110 138
139 110
140 110
111 112
111 138
553 111
112 113
116 112
117 112
112 553
113 114
115 113
113 116
114 115
115 116
116 117
117 118
553 117
118 119
134 118
135 118
553 118
119 120
119 130
119 132
119 133
134 119
120 121
120 130
121 122
125 121
121 130
122 123
122 125
123 124
123 125
124 125
125 126
125 129
130 125
126 127
128 126
129 126
127 128
128 129
129 130
130 131
132 130
131 132
132 133
133 134
134 135
135 136
553 135
136 137
553 136
137 138
553 137
138 139
553 138
139 140
140 141
141 142
142 143
143 144
144 145
145 146
146 147
147 148
148 149
149 150
150 151
151 152
152 153
153 154
154 155
155 156
156 157
157 158
158 159
159 160
159 654
160 161
160 654
161 162
654 161
162 163
653 162
654 162
163 164
163 653
164 165
164 652
653 164
165 166
165 652
166 167
166 649
652 166
167 168
649 167
168 169
168 649
169 170
638 169
169 649
170 171
170 592
594 170
596 170
638 170
171 172
596 171
172 173
172 174
596 172
173 174
174 175
531 174
174 582
596 174
175 176
175 582
176 177
178 176
179 176
180 176
529 176
582 176
177 178
178 179
179 180
180 181
180 529
181 182
181 529
181 532
182 183
182 532
183 184
183 532
184 185
184 532
185 186
185 532
546 185
186 187
186 546
187 188
187 535
546 187
188 189
190 188
188 535
189 190
190 191
190 535
551 190
191 192
191 197
191 551
192 193
195 192
196 192
197 192
193 194
193 195
194 195
195 196
196 197
197 198
551 197
198 199
545 198
551 198
199 200
544 199
545 199
200 201
200 544
201 202
544 201
202 203
202 205
542 202
544 202
203 204
205 203
204 205
205 206
207 205
542 205
206 207
207 208
207 542
208 209
208 534
208 542
209 210
534 209
210 211
210 217
210 534
211 212
216 211
211 217
212 213
215 212
212 216
213 214
213 215
214 215
215 216
216 217
217 218
534 217
217 543
218 219
543 218
218 548
218 552
218 637
219 220
219 637
220 221
637 220
220 640
221 222
640 221
221 641
222 223
641 222
223 224
223 641
650 223
224 225
650 224
225 226
314 225
225 315
225 650
226 227
226 313
314 226
227 228
227 312
227 313
228 229
228 312
229 230
229 310
229 311
229 312
230 231
230 309
230 310
231 232
308 231
231 309
232 233
308 232
233 234
233 307
308 233
234 235
305 234
234 306
307 234
235 236
235 304
305 235
236 237
236 303
236 304
237 238
303 237
238 239
238 301
302 238
303 238
239 240
300 239
301 239
240 241
240 299
240 300
241 242
241 299
242 243
297 242
298 242
299 242
243 244
296 243
297 243
244 245
295 244
244 296
245 246
245 294
245 295
246 247
246 293
246 294
247 248
247 293
248 249
292 248
248 293
249 250
249 290
291 249
249 292
250 251
289 250
290 250
251 252
251 288
289 251
252 253
252 287
288 252
253 254
286 253
253 287
254 255
254 286
255 256
255 285
255 286
256 257
256 284
256 285
257 258
257 284
554 257
258 259
258 554
259 260
259 554
260 261
276 260
260 554
261 262
276 261
261 530
262 263
262 530
263 264
265 263
530 263
264 265
265 266
265 273
530 265
266 267
266 269
273 266
267 268
267 269
268 269
269 270
269 272
273 269
270 271
270 272
271 272
272 273
273 274
530 273
274 275
530 274
275 276
275 530
276 277
530 276
554 276
277 278
282 277
277 554
278 279
282 278
279 280
281 279
279 282
280 281
281 282
282 283
554 282
283 284
554 283
284 285
554 284
285 286
286 287
287 288
288 289
289 290
290 291
291 292
292 293
293 294
294 295
295 296
296 297
297 298
298 299
299 300
300 301
301 302
302 303
303 304
304 305
305 306
306 307
307 308
308 309
309 310
310 311
311 312
312 313
313 314
314 315
315 316
650 315
316 317
316 641
316 650
317 318
611 317
641 317
318 319
318 606
611 318
319 320
606 319
320 321
320 606
321 322
606 321
321 607
322 323
607 322
323 324
323 607
324 325
324 603
324 607
325 326
603 325
325 609
326 327
326 609
327 328
579 327
327 609
328 329
579 328
329 330
329 579
330 331
330 577
579 330
331 332
331 555
577 331
578 331
332 333
555 332
332 556
333 334
556 333
334 335
556 334
563 334
335 336
563 335
336 337
336 561
336 563
337 338
339 337
337 561
338 339
339 340
339 561
340 341
561 340
341 342
561 341
565 341
342 343
342 565
343 344
565 343
344 345
344 536
344 565
345 346
345 536
346 347
528 346
536 346
347 348
347 528
348 349
528 348
348 547
349 350
547 349
350 351
350 547
350 585
351 352
351 585
352 353
585 352
352 586
353 354
586 353
354 355
354 586
355 356
523 355
355 586
356 357
523 356
356 567
357 358
357 567
358 359
567 358
568 358
359 360
359 568
360 361
360 568
360 569
361 362
569 361
362 363
569 362
570 362
363 364
363 570
364 365
570 364
365 366
365 570
661 365
366 367
661 366
662 366
367 368
662 367
368 369
662 368
369 370
662 369
370 371
370 658
659 370
370 662
371 372
371 659
372 373
374 372
372 524
659 372
373 374
374 375
524 374
374 571
375 376
375 571
376 377
571 376
377 378
377 417
377 418
377 571
378 379
378 416
417 378
379 380
415 379
379 416
380 381
413 380
414 380
415 380
381 382
412 381
413 381
381 635
382 383
635 382
383 384
383 635
384 385
384 572
635 384
385 386
385 572
386 387
525 386
572 386
387 388
387 525
388 389
525 388
388 575
389 390
389 575
390 391
575 390
390 576
391 392
391 393
391 576
392 393
393 394
576 393
394 395
576 394
395 396
576 395
396 397
396 576
397 398
397 573
397 576
398 399
573 398
399 400
402 399
399 573
400 401
400 402
401 402
402 403
402 573
403 404
403 573
403 574
404 405
404 574
405 406
574 405
406 407
525 406
574 406
407 408
525 407
407 572
408 409
572 408
409 410
409 572
410 411
410 572
410 635
411 412
635 411
412 413
635 412
413 414
414 415
415 416
416 417
417 418
418 419
571 418
419 420
419 571
420 421
420 571
421 422
421 524
571 421
422 423
422 524
660 422
423 424
423 660
424 425
660 424
425 426
658 425
660 425
426 427
426 658
661 426
427 428
661 427
428 429
661 428
429 430
570 429
429 661
430 431
430 570
431 432
569 431
570 431
432 433
432 569
433 434
433 568
433 569
434 435
434 568
435 436
435 568
436 437
567 436
568 436
437 438
437 567
438 439
523 438
438 567
439 440
439 523
440 441
523 440
584 440
441 442
441 584
442 443
442 583
442 584
443 444
443 583
444 445
538 444
583 444
445 446
538 445
446 447
538 446
447 448
447 537
538 447
448 449
448 537
449 450
537 449
450 451
537 450
612 450
451 452
612 451
613 451
617 451
452 453
617 452
452 642
453 454
642 453
454 455
454 642
676 454
455 456
676 455
456 457
674 456
456 676
456 677
457 458
677 457
458 459
458 677
459 460
459 522
669 459
459 677
460 461
669 460
461 462
669 461
462 463
462 669
670 462
463 464
463 670
464 465
648 464
464 670
465 466
648 465
466 467
634 466
466 648
467 468
634 467
468 469
468 634
469 470
634 469
470 471
633 470
470 634
471 472
471 633
472 473
472 566
472 633
473 474
473 566
474 475
474 521
566 474
475 476
521 475
476 477
521 476
657 476
477 478
477 657
478 479
655 478
478 657
479 480
655 479
479 671
480 481
480 671
481 482
671 481
482 483
671 482
672 482
483 484
483 672
484 485
672 484
484 673
485 486
673 485
486 487
673 486
487 488
488 489
489 490
490 491
490 587
491 492
491 587
492 493
587 492
493 494
493 587
494 495
541 494
494 587
495 496
541 495
496 497
496 533
496 541
497 498
533 497
665 497
498 499
498 665
499 500
665 499
500 501
500 665
500 666
501 502
666 501
502 503
504 502
502 666
503 504
504 505
666 504
505 506
666 505
506 507
666 506
507 508
507 666
667 507
667 508
509 557
509 560
613 509
509 614
509 616
620 509
531 510
539 510
510 549
510 552
510 582
588 510
511 581
599 511
511 602
603 511
511 610
511 628
511 629
512 577
580 512
622 512
512 623
626 512
636 512
528 513
536 513
513 537
513 564
612 513
514 616
618 514
514 619
514 621
514 632
514 646
515 535
515 540
515 544
545 515
549 515
550 515
593 516
595 516
516 597
516 598
516 608
639 516
517 556
557 517
517 558
561 517
517 562
563 517
517 614
518 529
518 532
535 518
539 518
540 518
546 518
597 519
599 519
519 600
519 604
519 629
647 519
642 520
520 644
645 520
675 520
520 676
566 521
521 656
521 657
522 668
669 522
522 677
678 522
523 567
584 523
523 586
524 571
659 524
660 524
572 525
574 525
575 525
526 598
526 602
603 526
526 605
606 526
526 607
577 527
579 527
609 527
610 527
527 636
536 528
528 537
538 528
547 528
529 532
539 529
582 529
531 582
588 531
531 592
596 531
546 532
533 541
664 533
533 665
542 534
543 534
544 534
550 534
535 540
545 535
535 546
535 551
536 564
536 565
538 537
537 612
547 538
538 583
585 538
539 540
539 549
539 582
540 549
587 541
542 544
549 543
543 550
543 552
545 544
544 550
545 551
547 585
552 548
548 588
548 590
637 548
549 550
549 552
588 552
555 556
557 555
560 555
555 578
556 557
563 556
557 560
557 614
562 558
564 558
612 558
558 613
614 558
559 560
578 559
580 559
559 619
620 559
622 559
578 560
620 560
561 562
561 563
565 561
564 562
565 562
564 565
564 612
633 566
567 568
568 569
569 570
661 570
572 635
573 574
575 573
573 576
574 575
575 576
578 577
579 577
580 577
577 636
580 578
609 579
622 580
581 610
626 581
581 627
628 581
636 581
583 584
585 583
586 583
584 586
585 586
588 590
588 592
589 590
589 591
592 589
593 589
594 589
595 589
590 591
590 592
637 590
593 591
591 637
639 591
591 640
592 594
596 592
595 593
639 593
595 594
600 594
638 594
595 597
595 600
598 597
597 599
597 600
598 599
598 602
598 605
608 598
602 599
599 629
600 604
605 601
608 601
601 611
601 639
601 641
602 603
607 603
609 603
610 603
647 604
606 605
608 605
605 611
606 607
606 611
639 608
610 609
610 636
611 641
613 612
614 613
616 613
613 617
613 618
615 617
615 618
642 615
644 615
615 646
616 618
619 616
616 620
617 618
642 617
618 646
620 619
619 621
622 619
619 625
625 621
631 621
632 621
623 622
625 622
623 625
623 626
623 627
624 631
632 624
646 624
651 624
626 627
626 636
627 628
627 630
629 628
630 628
629 630
629 647
647 630
631 632
632 646
633 634
648 634
637 640
638 649
639 640
639 641
640 641
650 641
642 644
676 642
644 643
645 643
646 643
643 651
644 645
646 644
675 645
651 646
668 648
648 670
652 649
652 653
654 653
656 655
655 657
671 655
656 657
658 659
658 660
658 661
658 662
660 659
661 662
664 663
665 663
663 666
663 667
664 665
664 667
666 665
666 667
668 669
668 670
670 669
672 671
673 672
674 675
676 674
674 677
678 674
676 675
677 678
