743
218 505
213 502
210 497
210 492
211 487
214 482
215 477
215 472
216 467
216 462
216 457
216 452
215 447
214 442
213 437
212 432
211 427
210 422
210 417
208 412
207 407
206 402
207 397
207 392
206 387
205 382
205 377
207 372
208 367
207 362
207 357
207 352
208 347
207 342
205 337
200 333
199 328
199 323
199 318
199 313
199 308
199 303
199 298
198 293
199 288
199 283
199 278
199 273
199 268
199 263
198 258
199 253
201 248
204 243
206 238
207 233
206 228
205 223
205 218
208 214
209 209
207 204
207 199
208 194
207 189
207 184
207 179
207 174
205 169
205 164
205 159
205 154
204 149
203 144
198 139
193 137
188 135
183 136
178 136
173 136
168 135
163 133
158 131
153 131
148 131
143 131
138 131
133 131
128 131
123 131
119 133
114 134
109 133
104 132
99 132
94 131
89 130
84 130
79 129
74 129
69 129
64 127
59 129
54 133
49 136
44 138
39 139
36 135
39 130
43 127
40 124
35 123
30 124
25 124
20 126
15 125
11 120
15 115
20 115
25 114
30 113
35 113
40 111
45 111
50 111
55 111
60 112
65 112
70 109
75 107
80 105
85 104
90 104
95 102
100 102
105 100
110 100
114 102
119 102
124 101
129 101
133 98
138 98
143 98
148 98
153 100
158 100
163 99
168 95
172 91
177 89
182 89
187 89
192 90
197 90
202 90
207 90
212 89
215 84
220 82
225 82
230 82
228 77
226 72
225 67
224 62
223 57
222 52
222 47
223 42
224 37
225 32
226 27
231 22
236 18
241 16
246 12
251 10
256 10
261 12
266 15
271 17
276 21
279 26
282 31
284 36
285 41
285 46
285 51
284 56
283 61
283 66
282 71
280 76
277 81
282 82
287 83
292 86
296 90
301 90
306 89
311 89
316 89
321 89
326 89
331 90
336 93
341 96
345 100
350 101
355 100
360 101
365 99
370 99
375 101
380 103
385 102
390 101
395 101
400 100
405 101
410 101
415 102
420 103
425 104
430 105
435 106
440 108
445 110
450 110
455 110
460 111
465 111
470 111
475 111
480 112
485 113
490 115
495 117
497 121
494 126
489 126
484 126
479 125
474 125
469 126
467 129
472 132
471 137
466 138
461 137
456 134
451 132
446 128
441 128
436 129
431 129
426 130
421 131
416 132
411 132
406 133
401 133
396 133
391 133
386 131
381 130
376 131
371 131
366 131
361 131
356 131
351 131
346 133
341 135
336 136
331 137
326 136
321 135
316 134
311 137
306 141
305 146
305 151
304 156
304 161
302 166
302 171
301 176
301 181
301 186
300 191
299 196
300 201
300 206
298 211
301 216
301 221
301 226
300 231
302 236
303 241
305 246
307 251
309 256
309 261
309 266
309 271
309 276
309 281
308 286
308 291
308 296
308 301
307 306
307 311
307 316
307 321
308 326
308 331
306 334
301 333
300 338
300 343
301 348
300 353
299 358
299 363
300 368
300 373
302 378
302 383
301 388
300 393
300 398
300 403
300 408
299 413
298 418
297 423
296 428
296 433
295 438
294 443
293 448
292 453
292 458
292 463
293 468
293 473
294 478
295 483
297 488
299 493
299 498
295 502
291 505
286 505
281 505
276 505
271 504
266 500
264 495
264 490
265 485
266 480
267 475
267 470
266 465
265 460
264 455
264 450
265 445
265 440
266 435
266 430
265 425
264 420
263 415
263 410
262 405
261 400
260 395
261 390
259 385
259 380
259 375
259 370
258 365
258 360
258 355
258 350
257 345
255 340
255 335
255 330
252 333
251 338
251 343
250 348
249 353
249 358
249 363
248 368
248 373
248 378
247 383
246 388
246 393
246 398
246 403
246 408
245 413
245 418
246 423
244 428
243 433
242 438
242 443
242 448
243 453
243 458
242 463
242 468
242 473
241 478
242 483
243 488
245 493
244 498
240 502
235 505
230 505
225 505
220 505
219 505
230.949 308.949
184.5 112.065
253.365 53.527
214.958 116.788
253.933 156.5
253.865 260.046
227.952 354.5
226.152 381.43
308.032 112.16
278.793 352.5
279.671 377.5
278.442 313.5
245.789 35.2226
276.534 168.5
237.058 181.5
229.403 156.5
276.688 137.738
229.368 250.247
275.727 243.609
279.847 273.5
273.929 109.353
262.96 69.1758
138.5 114.5
97.7302 116.651
226.192 402
227.687 421.319
331 115.625
355 115.6
400 116.625
218.564 293
272.01 336.798
288.366 158.073
219.086 166.383
214.762 258
279.22 222.084
291.053 259.389
289.977 218.857
278.832 201.248
287.373 208.173
291.767 320.883
262.861 32.2904
235.703 31.6218
113.986 117.901
218.107 323.097
209.119 327.754
227.086 101.446
221.952 92.3026
212.893 102.956
227.888 200.207
289.154 170.895
279.995 184.712
273.476 153.103
217.309 154.201
227.263 134.795
225.14 145.962
214.672 138.188
242.383 143.454
218.555 127.538
204.392 126.301
233.812 118.085
231.881 169.413
241.668 160.84
237.903 151.978
253.326 174.286
242.573 171.986
250.137 165.274
279.97 326.459
266.984 324.695
285.924 339.277
252.625 308.448
257.229 318.848
242.033 319.356
265.967 308.761
259.826 285.981
278.905 293.492
259.538 298.276
275.136 303.414
241.434 293.408
268.344 292.331
270.414 280.667
251.536 291.938
243.964 275.354
259.624 272.374
291.598 305.473
229.844 224.263
217.497 222.166
225.489 212.51
218.52 204.766
290.272 181.58
283.713 147.225
291.967 133.769
294.362 149.079
279.477 159.913
265.09 162.771
261.583 142.598
206.168 135.153
291.259 330.847
289.468 349.723
277.988 343.531
241.783 308.516
230.038 321.025
237.799 332.871
252.824 279.28
250.861 268.959
238.012 262.018
270.467 259.799
297.549 313.114
287.302 313.226
281.013 122.991
270.519 144.466
263.324 152.612
252.136 146.455
225.35 275.665
226.093 261.712
244.355 248.301
269.853 270.231
262.221 263.651
283.264 131.659
264.64 126.197
251.266 131.93
291.118 109.084
234.591 271.541
234.43 283.596
229.982 294.177
224.808 285.448
212.176 281.361
245.453 257.134
235.314 237.36
259.957 245.39
271.758 119.139
273.658 128.842
259.99 133.816
239.068 131.713
251.416 113.816
262.757 112.008
245.328 122.823
253.521 90.5476
265.369 98.1659
293.394 121.363
298.964 113.98
301.296 102.102
302.617 128.708
313.621 101.132
319.914 111.252
325.433 100.803
321.657 123.071
331.811 126.227
343.005 120.039
340.021 109.623
282.591 113.513
215.018 269.852
220.673 238.42
268.486 250.206
252.943 251.069
253.992 221.869
240.966 213.459
255.313 122.906
254.307 102.348
240.594 104.99
265.146 85.4913
255.201 78.5195
268.602 76.724
242.971 82.9425
250.033 66.3355
242.95 94.092
238.318 56.4509
236.955 44.0422
232.53 92.2708
247.121 45.3913
258.533 43.0967
271.773 42.1292
272.311 32.6864
279.587 96.1551
334.443 102.375
219.157 248.645
215.724 230.95
266.346 231.253
250.019 235.393
257.978 201.4
242.167 114.109
232.321 109.009
237.929 68.7966
267.359 240.224
266.64 218.043
257.912 212.009
275.607 211.73
268.423 203.783
266.212 189.394
277.145 232.793
288.871 239.831
241.428 227.116
257.394 230.214
275.012 192.67
251.995 188.47
270.143 178.34
260.566 181.16
287.259 229.23
284.735 250.193
295.212 249.763
244.165 199.943
246.481 180.798
249.054 208.237
236.11 205.173
242.121 190.14
51.8333 121.333
457.471 122.345
220.554 412.154
221.948 181.222
215.882 174.696
229.357 189.326
219.076 193.478
294.518 273.646
299.192 264.961
287.081 283.859
297.661 283.75
292.476 294.01
287.24 267.866
252.593 23.6722
261.771 23.1624
243.1 25.4211
105.46 122.448
106.378 110.514
287.597 193.555
191.956 122.662
179.446 123.543
199.347 109.54
169.603 112.357
190.385 101.758
178.208 101.639
203.134 100.104
208.29 110.714
168.392 123.347
311.079 122.317
267.426 55.6718
275.541 50.8078
272.547 64.8559
289.863 98.5965
227.539 489.647
228.034 476.617
228.958 463.594
229.067 450.434
227.555 435.918
221.137 428.559
234.185 428.678
272.423 365.239
269.454 375.267
268.59 355.361
285.694 363.912
267.004 345.472
289.498 373.728
154 115.5
145.846 121.255
146.687 108.229
160.807 108.99
84.7704 117.057
74.3884 118.522
219.343 391.729
215.579 381.84
233.461 391.701
236.613 381.721
231.752 368.279
236.156 401.317
220.067 364.088
217.403 353.861
223.57 339.449
225.408 329.746
237.995 359.144
233.949 412.177
234.507 344.428
370.364 115.649
362.7 110.081
384.412 116.355
362.664 121.483
392.309 110.535
392.094 122.93
414.951 117.079
407.668 110.52
407.287 123.034
125.872 113.526
131.619 121.373
215.698 308.008
223.723 302.004
209.574 316.723
209.698 299.085
208.187 289.838
427.364 117.131
437.71 118.14
280.342 489.127
289.039 494.006
280.15 475.945
278.917 462.919
278.546 448.843
280.732 434.255
284.919 442.34
274.182 440.731
280.89 417.123
275.24 425.638
286.158 425.738
280.426 397.549
287.869 407.165
274.364 407.485
273.039 387.788
270.534 397.359
288.135 387.22
290.235 396.829
307.556 118.564
127.111 116.762
743
216.712 503.704
220.933 498.103
220.519 498.56
221.388 497.602
223.103 495.711
227.285 489.925
228.116 481.63
228.794 474.83
229.403 468.712
229.917 462.316
229.797 457.254
229.704 451.456
228.795 442.098
228.518 439.294
228.067 434.32
227.938 430
227.915 425.729
227.955 419.388
227.981 415.28
227.966 408.737
227.925 405.11
227.864 402.364
227.675 398.217
227.233 387.119
227.136 383.968
227.011 381.768
227.029 381.62
227.055 377.67
227.001 371.134
226.377 363.952
225.679 359.462
225.033 355.416
222.743 343.483
219.36 328.067
216.842 322.098
208.07 326.392
207.992 326.46
213.986 320.914
215.45 319.231
218.909 313.245
221.377 305.822
222.388 300.299
223.477 294.579
223.653 293.873
224.589 292.373
228.619 286.973
231.553 281.155
233.311 275.61
231.779 270.376
230.267 268.836
223.126 267.24
223.358 267.25
229.427 267.386
238.346 262.198
246.966 248.565
248.236 233.493
244.444 222.862
234.12 222.189
252.444 224
246.048 222.546
247.832 210.086
247.517 200.793
247.221 198.086
246.84 192.531
246.345 185.881
245.832 178.676
245.661 176.438
245.307 171.05
245.249 167.862
245.571 166.896
247.776 161.463
250.752 152.479
248.625 138.941
245.503 120.866
220.823 111.5
200.095 110.239
183.047 111.12
173.445 113.388
171.285 115.237
170.303 116.168
170.36 116.291
169.211 115.809
160.805 115.605
152.608 115.411
146.471 115.264
141.744 115.451
139.529 115.645
132.746 116.241
126.238 116.794
60.4444 117.333
113.759 117.837
112.186 118.075
110.173 117.795
105.626 117.102
100.968 116.773
96.2239 116.619
89.5268 116.676
83.4667 116.779
78.6618 117.467
73.6902 118.145
69.9931 118.637
37.1925 121.99
52.8268 120.931
50.0474 121.898
45.5648 128.457
42.5195 132.406
38.3223 137.123
38.2307 137.169
41.0988 134.982
49.9707 122.015
44.333 117.708
28.5682 118.156
29.3697 117.976
21.6704 119.468
17.8835 120.499
14.8926 120.355
13.7923 120.317
15.5432 120.382
16.6652 120.368
25.2329 118.884
30.1801 117.804
35.9545 116.858
42.4158 117.524
46.2057 117.859
48.1534 120.058
51.5883 121.098
54.5232 120.705
66.3092 119.13
74.281 118.065
80.2724 117.246
81.9601 117.015
84.9381 116.711
91.2904 116.661
97.7918 116.595
102.587 116.888
105.547 117.088
105.626 117.108
108.601 117.589
117.508 117.523
126.221 116.81
136.131 115.936
138.005 115.766
139.559 115.625
141.516 115.413
142.729 115.208
148.695 115.324
157.94 115.546
171.386 115.315
180.152 109.271
178.172 101.165
177.975 100.595
178.677 102.111
180.104 104.681
182.623 108.666
191.605 109.88
200.476 110.109
217.102 111.126
234.37 112.961
237.634 112.918
237.575 112.897
242.549 112.68
251.73 103.739
253.856 74.8141
256.553 57.1641
257.031 49.5868
257.535 42.217
254.951 37.1984
254.214 36.2362
253.228 35.2226
251.974 34.4183
250.541 33.9809
239.826 30.9782
238.429 30.5949
248.135 33.2635
251.731 33.2549
254.606 32.1686
254.717 20.54
254.412 15.3534
254.654 19.4721
254.884 23.3735
256.064 31.3011
257.446 32.8865
258.021 33.3741
259.634 34.7921
260.636 35.5211
261.261 36.0254
261.316 36.0984
260.699 36.3706
260.184 37.1421
259.308 40.5065
258.816 43.2509
257.598 50.0806
257.123 53.3673
256.35 59.1609
251.041 97.7529
256.271 110.871
260.378 115.735
266.525 114.812
281.617 112.561
303.506 109.112
314.584 107.958
321.483 107.212
324.557 106.813
326.702 106.526
327.443 103.578
327.431 103.624
326.758 107.246
329.826 109.716
336.583 113.877
348.835 115.663
357.093 116.477
364.171 115.882
367.42 115.493
367.683 115.459
369.134 115.282
378.602 115.964
388.73 116.694
393.979 117.079
397.681 117.07
399.356 117.035
404.41 116.928
408.193 116.849
412.251 116.766
417.721 116.738
420.596 116.744
428.715 116.786
432.575 116.899
436.886 116.973
444.698 118.005
451.419 118.993
455.464 120.702
459.72 121.972
462.227 121.02
470.183 117.939
475.097 116.83
479.345 117.415
488.821 120.094
492.389 121.172
494.26 121.748
494.817 121.935
494.31 121.769
491.238 120.815
486.534 119.399
484.405 118.808
478.312 118.079
460.278 121.782
465.934 131.283
468.675 134.894
470.221 136.932
467.329 133.119
464.437 129.306
461.329 125.231
459.184 122.393
453.314 119.808
441.298 117.551
435.336 116.96
430.428 116.837
424.223 116.751
421.458 116.746
414.004 116.735
409.267 116.829
404.708 116.922
399.478 117.035
397.664 117.074
395.677 117.172
390.83 116.845
384.69 116.403
374.862 115.695
369.851 115.3
366.492 115.646
362.686 116.029
356.335 116.646
347.23 115.676
338.735 114.8
336.58 114.766
337.555 118.069
337.719 118.464
336.614 115.189
332.358 111.808
319.474 108.071
292.296 110.518
264.12 119.299
260.051 136.055
258.639 146.224
258.876 151.116
259.315 154.281
259.461 159.743
259.84 166.832
260.413 172.831
261.079 178.45
261.032 180.749
260.786 182.795
260.189 193.073
260.448 200.176
260.545 204.245
261.42 214.095
263.284 222.921
263.44 223.174
262.809 225.679
263.816 236.392
266.841 251.45
273.898 258.837
281.272 265.743
285.491 267.514
289.459 267.959
289.75 268.003
288.141 268.63
284.92 270.659
282.222 273.053
281.078 275.895
279.562 279.652
278.44 285.503
278.213 291.165
279.32 296.003
280.641 302.06
283.14 310.171
284.633 315.321
285.707 319.312
292.378 322.75
300.357 326.816
309.832 331.643
285.274 318.562
285.432 325.838
283.575 342.373
282.201 348.806
281.601 351.597
280.163 358.203
278.335 366.602
279.016 373.29
279.605 379.042
279.936 382.081
280.021 382.856
280.365 385.857
280.727 391.99
281.11 399.141
281.351 403.85
281.518 407.107
281.681 410.392
281.904 416.218
281.568 421
281.155 427.606
280.559 432.489
280.105 436.33
279.513 440.676
278.911 445.664
278.216 451.676
278.148 457.548
278.2 463.877
278.824 470.502
279.446 477.233
280.141 485.04
280.728 491.793
287.044 495.489
294.133 498.32
294.925 498.638
291.465 497.245
290.777 496.968
286.192 495.119
281.357 492.642
276.297 494.495
275.195 495.019
272.792 496.162
274.032 495.572
274.36 495.416
276.603 494.362
280.345 487.334
279.673 479.694
278.765 469.869
278.016 461.497
278.198 455.312
278.233 453.701
278.261 451.335
278.519 447.827
279.135 443.446
280.963 428.042
280.774 430.363
281.489 423.028
281.888 417.24
281.734 413.214
281.558 408.201
281.26 402.055
281.027 397.52
280.894 394.984
280.581 389.078
279.872 381.816
279.711 380.286
279.317 376.577
278.649 370.916
278.361 366.357
279.171 363.081
280.004 359.153
281.658 351.316
283.887 340.545
285.838 330.833
282.647 316.033
260.05 283.707
227.702 292.74
219.318 324.361
221.475 336.745
223.027 345.216
223.854 349.595
226.297 362.437
226.739 365.88
227.267 370.315
227.237 376.268
227.197 377.796
227.092 380.623
227.25 386.867
227.478 393.903
227.746 399.754
227.919 404.44
227.947 408.165
228.005 413.446
227.945 421.142
227.933 422.638
227.906 425.505
227.991 430.528
228.264 436.981
228.978 443.961
229.622 450.458
229.756 454.708
229.781 456.19
229.908 461.806
229.519 467.55
228.967 473.093
228.181 480.951
227.357 488.997
232.981 494.328
237.451 496.666
234.025 494.874
235.834 495.82
233.435 494.565
231.623 493.608
221.856 497.264
220.716 498.611
216.546 503.929
224.523 294.104
186.636 108.01
258.081 41.3498
228.03 112.82
252.545 149.393
254.099 260.278
226.67 366.317
227.106 381.153
311.244 108.231
280.962 354.618
279.655 379.516
280.799 305.211
255.701 34.0588
258.771 165.167
248.48 179.508
250.86 153.428
259.417 129.247
233.918 267.987
265.838 250.948
275.617 277.368
259.204 116.885
256.08 61.4185
137.572 115.809
101.578 116.842
224.529 358.859
227.94 421.885
331.238 110.816
349.937 115.891
401.002 117.001
225.125 292.4
285.871 330.474
259.007 152.429
246.662 164.437
226.999 267.658
262.457 223.273
282.415 267.336
262.935 222.265
260.011 200.366
260.554 205.836
285.021 317.082
258.405 34.0652
244.488 32.0181
109.813 117.753
217.612 317.962
217.092 318.224
246.006 113.804
238.872 113.354
232.367 114.086
248.015 199.243
259.281 165.031
260.659 181.508
257.949 150.628
253.848 137.665
249.547 121.045
251.92 138.961
246.749 117.323
251.353 136.952
234.084 115.559
222.718 112.499
245.131 116.293
253.52 149.828
251.367 157.358
251.068 146.973
253.397 171.541
250.139 169.741
252.781 161.834
284.845 317.795
289.778 278.222
285.16 332.38
254.389 282.748
264.541 286.853
0 0
272.248 289.581
262.516 278.608
276.871 287.235
262.962 281.06
276.593 284.461
239.136 282.148
270.016 283.85
270.471 280.419
253.523 280.776
247.322 273.378
261.836 270.594
279.923 298.901
0 0
247.558 223.11
248.431 213.723
249.033 210.105
260.986 178.46
258.051 138.011
264.293 118.702
258.575 144.338
258.832 153.949
257.458 156.636
255.935 136.267
230.689 115.036
285.54 322.642
282.238 347.3
283.58 342.158
232.767 288.931
223.035 300.11
216.889 279.111
0 0
254.204 268.088
246.423 269.037
267.375 256.157
283.682 312.032
283.196 310.78
265.487 117.292
256.808 136.876
256.215 147.144
253.652 140.51
234.393 275.622
237.008 272.7
259.515 253.002
270.07 270.127
263.492 264.709
252.408 122.297
257.06 121.748
257.448 133.06
280.503 112.676
240.699 272.521
237.419 280.691
230.557 288.915
231.397 285.079
230.678 283.49
251.173 259.296
249.158 243.353
261.162 246.472
259.66 118.432
259.621 121.675
255.594 127.864
249.802 123.666
248.615 112.842
255.369 114.983
250.12 119.282
249.725 103.102
252.794 108.866
274.496 114.032
293.869 110.555
290.24 111.644
291.718 110.802
323.245 106.99
326.846 105.401
326.667 106.871
310.823 111.075
336.442 114.827
339.376 114.822
337.21 114.588
267.21 116.27
233.777 274.214
247.767 246.095
265.265 254.702
256.32 253.496
255.705 222.96
249.801 213.753
255.328 120.838
251.628 109.118
247.719 111.805
250.774 97.0651
253.552 84.7897
254.033 76.5647
251.651 92.6198
256.567 57.2538
249.096 105.334
258.133 41.9146
253.251 34.9972
247.481 110.765
255.62 36.5739
258.555 36.6672
260.853 36.087
259.103 34.2999
256.098 117.019
329.722 109.651
240.472 260.922
248.351 231.999
260.61 234.025
259.685 228.337
256.972 204.419
248.063 114.999
243.815 114.514
255.143 66.1494
262.404 244.323
259.943 222.175
256.255 212.24
260.308 212.581
259.907 203.831
258.733 189.544
262.603 234.061
263.484 249.725
251.995 228.531
257.48 232.244
259.334 190.511
253.638 183.6
258.145 175.592
258.763 184.442
263.36 232.685
274.227 260.48
276.385 261.277
251.136 199.101
249.788 179.088
254.704 210.152
249.537 204.829
250.059 188.537
49.3608 121.371
459.399 122.13
227.958 417.816
245.676 175.323
245.384 171.958
247.341 187.498
246.346 182.16
282.184 272.698
286.775 269.503
279.265 278.722
280.352 277.555
278.189 287.783
284.249 270.516
257.055 32.5424
256.107 31.5697
253.781 33.2452
104.088 116.994
105.56 117.098
259.948 191.707
193.094 110.339
196.444 117.333
198.61 110.076
171.235 115.386
183.071 109.153
180.486 109.036
207.43 110.59
215.672 110.934
170.553 115.609
318.555 107.821
258.58 42.2063
260.415 36.7975
250.667 54.2222
268.88 115.257
226.667 467.556
229.573 464.826
229.853 459.826
229.721 453.549
229.227 447.52
227.918 429.256
225.778 367.111
278.308 366.938
279.12 374.584
279.613 360.999
278.321 366.773
282.587 346.877
279.525 378.269
157.209 115.521
145.459 115.24
144.086 115.25
154.199 115.452
88.6063 116.746
76.4133 117.774
227.384 391.762
227.064 382.182
227.442 392.075
227.136 379.912
227.149 370.228
227.887 402.851
226.984 369.529
225.378 357.556
222.019 340.027
217.858 321.521
226.54 364.304
227.976 410.773
222.807 343.985
358.459 115.731
364.524 115.852
382.276 116.229
364.434 115.847
394.781 117.131
389.66 116.652
407.302 116.87
401.428 116.991
407.497 116.864
121.792 117.172
147.49 115.659
222.008 302.675
224.279 296.086
218.304 315.246
223.298 295.551
224.586 292.429
371.556 120.889
453.333 121.778
283.556 466.667
291.987 497.458
280.101 484.581
279.369 476.174
278.228 453.151
280.367 434.133
279.166 443.511
279.58 457.301
281.887 416.917
281.459 422.952
281.261 426.018
281.056 398.075
281.519 407.111
281.788 413.665
279.801 381.066
280.954 396.129
280.421 386.619
283.556 367.111
310.222 120
132.444 118.222
1788
0 0
0 0
0 0
0 0
0 0
0 0
0 0
0 0
0 0
0 0
0 0
0 0
673 679
0 0
0 0
0 0
0 0
0 0
0 0
0 0
0 0
0 0
0 0
0 0
0 0
0 0
0 0
0 0
0 0
0 0
0 0
0 0
0 0
0 0
0 0
0 0
0 0
0 0
0 0
0 0
0 0
0 0
0 0
0 0
0 0
0 0
0 0
0 0
0 0
0 0
0 0
0 0
0 0
0 0
0 0
0 0
0 0
0 0
0 0
0 0
0 0
0 0
0 0
0 0
0 0
0 0
0 0
0 0
0 0
0 0
0 0
0 0
0 0
0 0
0 0
0 0
0 0
0 0
0 0
0 0
679 537
0 0
0 0
0 0
0 0
0 0
0 0
0 0
0 0
0 0
0 0
0 0
0 0
0 0
0 0
0 0
0 0
0 0
0 0
0 0
0 0
0 0
0 0
0 0
0 0
0 0
0 0
0 0
0 0
0 0
0 0
0 0
0 0
0 0
0 0
0 0
0 0
0 0
0 0
0 0
0 0
0 0
0 0
0 0
0 0
0 0
0 0
0 0
0 0
537 58
0 0
0 0
0 0
0 0
0 0
0 0
0 0
0 0
0 0
0 0
0 0
0 0
0 0
0 0
0 0
0 0
0 0
0 0
0 0
0 0
0 0
0 0
0 0
0 0
0 0
0 0
0 0
0 0
0 0
0 0
0 0
0 0
0 0
0 0
0 0
58 553
0 0
0 0
0 0
0 0
0 0
0 0
0 0
0 0
0 0
0 0
0 0
0 0
0 0
0 0
553 660
0 0
0 0
0 0
0 0
0 0
0 0
0 0
0 0
0 0
0 0
0 0
0 0
0 0
0 0
0 0
0 0
0 0
0 0
0 0
0 0
0 0
0 0
0 0
0 0
0 0
0 0
0 0
0 0
0 0
0 0
0 0
0 0
0 0
0 0
0 0
0 0
0 0
0 0
0 0
0 0
0 0
0 0
0 0
0 0
0 0
0 0
0 0
0 0
0 0
0 0
0 0
0 0
0 0
0 0
0 0
0 0
0 0
0 0
0 0
0 0
0 0
0 0
0 0
0 0
0 0
0 0
0 0
0 0
0 0
0 0
0 0
0 0
0 0
0 0
0 0
0 0
0 0
0 0
0 0
0 0
0 0
0 0
0 0
0 0
0 0
0 0
0 0
0 0
0 0
0 0
0 0
0 0
0 0
0 0
0 0
0 0
0 0
0 0
0 0
0 0
0 0
0 0
0 0
0 0
0 0
0 0
0 0
0 0
0 0
0 0
0 0
0 0
0 0
0 0
0 0
0 0
0 0
0 0
0 0
0 0
0 0
0 0
0 0
0 0
0 0
0 0
0 0
0 0
0 0
0 0
0 0
0 0
0 0
0 0
0 0
0 0
0 0
0 0
0 0
0 0
0 0
0 0
0 0
0 0
0 0
0 0
0 0
0 0
0 0
0 0
0 0
0 0
0 0
0 0
0 0
0 0
0 0
0 0
0 0
0 0
0 0
0 0
0 0
0 0
0 0
0 0
0 0
0 0
0 0
0 0
0 0
0 0
0 0
0 0
0 0
0 0
0 0
0 0
0 0
0 0
0 0
0 0
0 0
0 0
0 0
0 0
0 0
0 0
0 0
0 0
0 0
0 0
0 0
0 0
0 0
0 0
0 0
0 0
0 0
0 0
0 0
0 0
0 0
0 0
0 0
0 0
0 0
0 0
0 0
0 0
0 0
0 0
0 0
0 0
0 0
553 671
0 0
0 0
0 0
0 0
0 0
0 0
0 0
0 0
0 0
0 0
0 0
0 0
0 0
0 0
0 0
0 0
0 0
0 0
0 0
0 0
0 0
0 0
0 0
0 0
0 0
0 0
0 0
0 0
0 0
0 0
0 0
0 0
0 0
0 0
0 0
0 0
0 0
0 0
0 0
0 0
0 0
0 0
0 0
0 0
0 0
0 0
0 0
0 0
0 0
0 0
0 0
0 0
0 0
0 0
0 0
0 0
0 0
0 0
0 0
0 0
0 0
0 0
0 0
0 0
0 0
0 0
0 0
0 0
0 0
0 0
0 0
0 0
0 0
0 0
0 0
0 0
0 0
0 0
0 0
0 0
0 0
0 0
0 0
0 0
0 0
0 0
0 0
0 0
0 0
0 0
0 0
0 0
0 0
0 0
0 0
0 0
0 0
0 0
0 0
0 0
0 0
0 0
0 0
0 0
0 0
0 0
0 0
0 0
0 0
0 0
0 0
0 0
0 0
0 0
0 0
0 0
0 0
0 0
0 0
0 0
0 0
0 0
0 0
0 0
0 0
0 0
0 0
0 0
0 0
0 0
0 0
0 0
0 0
0 0
0 0
0 0
0 0
0 0
0 0
0 0
0 0
0 0
0 0
0 0
0 0
0 0
0 0
0 0
0 0
0 0
721 722
0 0
0 0
0 0
0 0
0 0
0 0
0 0
0 0
0 0
0 0
0 0
0 0
0 0
0 0
0 0
0 0
0 0
0 0
0 0
0 0
0 0
0 0
0 0
0 0
0 0
0 0
0 0
0 0
0 0
0 0
0 0
0 0
0 0
0 0
0 0
0 0
0 0
0 0
0 0
0 0
0 0
0 0
0 0
0 0
0 0
0 0
0 0
0 0
0 0
0 0
0 0
0 0
0 0
0 0
0 0
0 0
0 0
0 0
0 0
0 0
0 0
0 0
0 0
0 0
0 0
0 0
0 0
0 0
0 0
0 0
0 0
0 0
0 0
0 0
0 0
0 0
0 0
0 0
0 0
0 0
0 0
0 0
0 0
0 0
0 0
0 0
0 0
0 0
0 0
0 0
0 0
0 0
0 0
0 0
0 0
0 0
0 0
0 0
0 0
0 0
0 0
0 0
0 0
0 0
0 0
0 0
0 0
0 0
0 0
0 0
0 0
0 0
0 0
0 0
0 0
0 0
0 0
0 0
0 0
0 0
0 0
0 0
0 0
0 0
0 0
0 0
0 0
0 0
0 0
0 0
0 0
0 0
0 0
0 0
0 0
0 0
0 0
0 0
0 0
0 0
0 0
0 0
0 0
0 0
0 0
0 0
0 0
0 0
0 0
0 0
0 0
0 0
0 0
0 0
0 0
0 0
0 0
0 0
0 0
0 0
0 0
0 0
0 0
0 0
0 0
0 0
0 0
0 0
0 0
0 0
0 0
0 0
0 0
0 0
0 0
0 0
0 0
0 0
0 0
0 0
0 0
0 0
0 0
0 0
0 0
0 0
0 0
0 0
0 0
0 0
0 0
0 0
0 0
0 0
0 0
0 0
0 0
0 0
0 0
0 0
0 0
0 0
0 0
0 0
0 0
0 0
0 0
0 0
58 503
0 0
0 0
0 0
0 0
0 0
0 0
0 0
0 0
0 0
0 0
0 0
0 0
0 0
0 0
0 0
503 740
0 0
0 0
0 0
0 0
0 0
0 0
0 0
0 0
0 0
0 0
0 0
0 0
0 0
0 0
0 0
0 0
0 0
0 0
0 0
0 0
0 0
0 0
0 0
0 0
0 0
0 0
0 0
0 0
0 0
0 0
0 0
0 0
0 0
0 0
0 0
0 0
0 0
0 0
0 0
0 0
0 0
0 0
0 0
0 0
0 0
0 0
0 0
0 0
0 0
0 0
0 0
0 0
0 0
0 0
0 0
0 0
0 0
0 0
0 0
0 0
0 0
0 0
0 0
0 0
0 0
0 0
0 0
0 0
0 0
0 0
0 0
0 0
740 723
0 0
0 0
0 0
0 0
0 0
0 0
0 0
0 0
0 0
0 0
0 0
0 0
0 0
0 0
0 0
0 0
0 0
0 0
0 0
0 0
0 0
0 0
0 0
0 0
0 0
0 0
0 0
0 0
0 0
0 0
0 0
0 0
0 0
0 0
0 0
0 0
0 0
0 0
0 0
0 0
0 0
0 0
0 0
0 0
0 0
0 0
0 0
0 0
0 0
0 0
0 0
0 0
0 0
0 0
0 0
0 0
0 0
0 0
0 0
0 0
0 0
0 0
0 0
0 0
0 0
0 0
0 0
0 0
0 0
0 0
0 0
0 0
0 0
0 0
0 0
0 0
0 0
0 0
0 0
0 0
0 0
0 0
0 0
0 0
0 0
0 0
0 0
0 0
0 0
0 0
0 0
0 0
0 0
0 0
0 0
0 0
0 0
0 0
0 0
0 0
0 0
0 0
0 0
0 0
0 0
0 0
0 0
0 0
0 0
0 0
0 0
0 0
0 0
0 0
0 0
0 0
0 0
0 0
0 0
0 0
0 0
0 0
0 0
0 0
0 0
0 0
0 0
0 0
0 0
0 0
0 0
0 0
0 0
0 0
0 0
0 0
0 0
0 0
0 0
0 0
0 0
0 0
0 0
0 0
0 0
0 0
0 0
0 0
0 0
0 0
0 0
0 0
0 0
0 0
0 0
0 0
0 0
0 0
0 0
0 0
0 0
0 0
0 0
0 0
0 0
0 0
0 0
0 0
0 0
0 0
0 0
0 0
0 0
0 0
0 0
0 0
0 0
0 0
0 0
0 0
0 0
0 0
0 0
0 0
0 0
0 0
0 0
0 0
0 0
0 0
0 0
0 0
0 0
0 0
0 0
0 0
0 0
0 0
0 0
0 0
0 0
0 0
0 0
0 0
0 0
0 0
0 0
0 0
0 0
0 0
0 0
0 0
0 0
0 0
0 0
0 0
0 0
0 0
0 0
0 0
0 0
0 0
0 0
0 0
0 0
0 0
0 0
0 0
0 0
0 0
0 0
0 0
0 0
0 0
0 0
0 0
0 0
0 0
0 0
0 0
0 0
0 0
0 0
0 0
0 0
0 0
0 0
0 0
0 0
0 0
0 0
0 0
0 0
0 0
0 0
0 0
0 0
0 0
0 0
0 0
0 0
0 0
0 0
0 0
0 0
0 0
0 0
0 0
0 0
0 0
0 0
0 0
0 0
0 0
0 0
0 0
0 0
0 0
0 0
0 0
0 0
0 0
0 0
0 0
0 0
0 0
0 0
0 0
0 0
0 0
0 0
0 0
0 0
0 0
0 0
0 0
0 0
0 0
0 0
0 0
0 0
0 0
0 0
0 0
0 0
0 0
0 0
0 0
0 0
0 0
0 0
0 0
0 0
0 0
0 0
0 0
0 0
0 0
0 0
0 0
0 0
0 0
0 0
0 0
0 0
0 0
0 0
0 0
0 0
0 0
0 0
0 0
0 0
0 0
0 0
0 0
0 0
0 0
0 0
0 0
0 0
0 0
0 0
0 0
0 0
0 0
0 0
0 0
0 0
0 0
0 0
0 0
0 0
0 0
0 0
0 0
0 0
0 0
0 0
0 0
0 0
0 0
0 0
0 0
0 0
0 0
0 0
0 0
0 0
0 0
0 0
0 0
0 0
0 0
0 0
0 0
0 0
0 0
0 0
0 0
0 0
0 0
0 0
0 0
0 0
0 0
0 0
0 0
0 0
0 0
0 0
0 0
0 0
0 0
0 0
0 0
0 0
0 0
0 0
0 0
0 0
0 0
0 0
0 0
0 0
0 0
0 0
0 0
0 0
0 0
0 0
0 0
0 0
0 0
0 0
0 0
0 0
0 0
0 0
0 0
0 0
0 0
0 0
0 0
0 0
0 0
0 0
0 0
0 0
0 0
0 0
0 0
0 0
0 0
0 0
0 0
0 0
0 0
0 0
0 0
0 0
0 0
0 0
0 0
0 0
0 0
0 0
0 0
0 0
0 0
0 0
0 0
0 0
0 0
0 0
0 0
0 0
0 0
0 0
0 0
0 0
0 0
0 0
0 0
0 0
0 0
0 0
0 0
0 0
0 0
0 0
0 0
0 0
0 0
0 0
0 0
0 0
0 0
0 0
0 0
0 0
0 0
0 0
0 0
0 0
0 0
0 0
0 0
0 0
0 0
0 0
0 0
0 0
0 0
0 0
0 0
0 0
0 0
0 0
0 0
0 0
0 0
0 0
0 0
0 0
0 0
0 0
0 0
0 0
0 0
0 0
0 0
0 0
0 0
0 0
0 0
0 0
0 0
0 0
0 0
0 0
0 0
0 0
0 0
0 0
0 0
0 0
0 0
0 0
0 0
0 0
0 0
0 0
0 0
0 0
0 0
0 0
0 0
0 0
0 0
0 0
0 0
0 0
0 0
0 0
0 0
0 0
0 0
0 0
0 0
0 0
0 0
0 0
0 0
0 0
0 0
0 0
0 0
0 0
0 0
0 0
0 0
0 0
0 0
0 0
0 0
0 0
0 0
0 0
0 0
0 0
0 0
0 0
0 0
0 0
0 0
0 0
0 0
0 0
0 0
0 0
0 0
0 0
0 0
0 0
0 0
0 0
0 0
0 0
0 0
0 0
0 0
0 0
0 0
0 0
0 0
0 0
0 0
0 0
0 0
0 0
0 0
0 0
0 0
0 0
0 0
0 0
0 0
0 0
0 0
0 0
0 0
0 0
0 0
0 0
0 0
0 0
0 0
0 0
0 0
0 0
0 0
0 0
0 0
0 0
0 0
0 0
0 0
0 0
0 0
0 0
0 0
0 0
0 0
0 0
0 0
0 0
0 0
0 0
0 0
0 0
0 0
0 0
0 0
0 0
0 0
0 0
0 0
0 0
0 0
0 0
0 0
0 0
0 0
0 0
0 0
0 0
0 0
0 0
0 0
0 0
0 0
0 0
0 0
0 0
0 0
0 0
0 0
0 0
0 0
0 0
0 0
0 0
0 0
0 0
0 0
0 0
0 0
0 0
0 0
0 0
0 0
0 0
0 0
0 0
0 0
0 0
0 0
0 0
0 0
0 0
0 0
0 0
0 0
0 0
0 0
0 0
0 0
0 0
0 0
0 0
0 0
0 0
0 0
0 0
0 0
0 0
0 0
0 0
0 0
0 0
0 0
0 0
0 0
0 0
0 0
0 0
0 0
0 0
0 0
0 0
0 0
0 0
0 0
0 0
0 0
0 0
0 0
0 0
0 0
0 0
0 0
0 0
0 0
0 0
0 0
0 0
0 0
0 0
0 0
0 0
0 0
0 0
0 0
0 0
0 0
0 0
0 0
0 0
0 0
0 0
0 0
0 0
0 0
0 0
0 0
0 0
0 0
0 0
0 0
0 0
0 0
0 0
0 0
0 0
0 0
0 0
0 0
0 0
0 0
0 0
0 0
0 0
0 0
0 0
0 0
0 0
0 0
0 0
0 0
0 0
0 0
0 0
0 0
0 0
0 0
0 0
0 0
0 0
0 0
0 0
0 0
0 0
0 0
0 0
0 0
0 0
0 0
0 0
0 0
0 0
0 0
0 0
0 0
0 0
0 0
0 0
0 0
0 0
0 0
0 0
0 0
0 0
0 0
0 0
0 0
0 0
0 0
0 0
0 0
0 0
0 0
0 0
0 0
0 0
0 0
0 0
0 0
0 0
0 0
0 0
0 0
0 0
0 0
0 0
0 0
0 0
0 0
0 0
0 0
0 0
0 0
0 0
0 0
0 0
0 0
0 0
0 0
0 0
0 0
0 0
0 0
0 0
0 0
0 0
0 0
0 0
0 0
0 0
0 0
0 0
0 0
0 0
0 0
0 0
0 0
0 0
0 0
0 0
0 0
0 0
0 0
0 0
0 0
0 0
0 0
0 0
0 0
0 0
0 0
0 0
0 0
0 0
0 0
0 0
0 0
0 0
0 0
0 0
0 0
0 0
0 0
0 0
0 0
0 0
0 0
0 0
0 0
0 0
0 0
0 0
0 0
0 0
0 0
0 0
0 0
0 0
0 0
0 0
0 0
0 0
0 0
0 0
0 0
0 0
0 0
0 0
0 0
0 0
0 0
0 0
0 0
0 0
0 0
0 0
0 0
0 0
0 0
0 0
0 0
0 0
0 0
0 0
0 0
0 0
0 0
0 0
0 0
553 741
741 721
660 742
742 89
1784
0 1
435 0
1 2
434 1
435 1
1 673
2 3
673 2
3 4
3 673
4 5
673 4
5 6
673 5
5 674
6 7
6 674
7 8
7 674
8 9
8 674
8 675
9 10
9 675
10 11
10 675
676 10
11 12
11 676
12 13
676 12
677 12
13 14
677 13
14 15
14 677
14 678
15 16
15 678
16 17
678 16
17 18
17 642
17 678
18 19
18 642
19 20
19 642
20 21
20 460
20 642
21 22
21 460
22 23
460 22
692 22
23 24
23 692
23 693
24 25
24 693
25 26
693 25
26 27
693 26
27 28
27 693
698 27
28 29
28 698
29 30
29 698
699 29
30 31
699 30
31 32
31 699
32 33
32 699
700 32
33 34
700 33
34 35
34 480
700 34
35 36
35 480
36 37
480 36
37 38
480 37
718 37
38 39
38 718
39 40
718 39
40 41
40 716
40 718
40 719
41 42
719 41
42 43
719 42
720 42
43 44
720 43
44 45
720 44
45 46
561 45
720 45
46 47
561 46
47 48
561 47
586 47
48 49
48 586
49 50
49 469
49 586
50 51
469 50
51 52
469 51
52 53
52 469
610 52
53 54
53 610
54 55
587 54
54 610
54 611
55 56
55 611
56 57
521 56
56 611
57 58
57 521
58 59
58 521
59 60
521 59
522 59
59 523
60 61
523 60
61 62
61 523
62 63
523 62
62 646
63 64
63 646
64 65
646 64
65 66
643 65
644 65
65 646
66 67
644 66
67 68
644 67
68 69
468 68
68 644
69 70
69 468
70 71
70 468
488 70
71 72
71 488
72 73
488 72
72 491
73 74
491 73
531 73
74 75
494 74
531 74
75 76
494 75
75 659
76 77
76 659
660 76
77 78
77 660
78 79
660 78
79 80
660 79
79 667
80 81
667 80
81 82
81 667
82 83
82 667
686 82
83 84
83 686
687 83
84 85
84 687
85 86
85 687
86 87
687 86
715 86
87 88
715 87
88 89
88 715
89 90
478 89
714 89
89 715
90 91
90 478
91 92
478 91
92 93
478 92
656 92
93 94
93 656
94 95
94 459
656 94
95 96
459 95
96 97
459 96
690 96
97 98
97 690
98 99
690 98
98 691
99 100
691 99
100 101
100 691
101 102
101 126
127 101
101 640
101 691
102 103
640 102
103 104
103 109
640 103
104 105
109 104
105 106
105 107
108 105
109 105
106 107
107 108
108 109
109 110
640 109
110 111
121 110
110 122
110 123
110 640
111 112
111 120
111 121
112 113
112 119
112 120
113 114
113 118
113 119
114 115
114 118
115 116
117 115
118 115
116 117
117 118
118 119
119 120
120 121
121 122
122 123
123 124
640 123
124 125
124 640
125 126
125 640
126 127
640 126
127 128
127 691
128 129
691 128
129 130
129 690
129 691
130 131
130 690
131 132
131 690
132 133
132 459
132 690
133 134
459 133
134 135
459 134
657 134
135 136
657 135
136 137
136 657
137 138
137 478
137 657
138 139
138 478
714 138
139 140
714 139
140 141
142 140
140 458
140 714
141 142
142 143
458 142
688 142
143 144
688 143
144 145
688 144
145 146
688 145
145 689
146 147
146 689
147 148
662 147
147 664
689 147
148 149
148 664
149 150
664 149
150 151
664 150
151 152
151 663
151 664
152 153
663 152
153 154
663 153
154 155
663 154
665 154
155 156
665 155
156 157
483 156
156 665
157 158
482 157
483 157
158 159
158 482
159 160
482 159
160 161
482 160
603 160
161 162
161 598
603 161
161 617
162 163
617 162
163 164
163 617
164 165
617 164
165 166
601 165
617 165
166 167
601 166
167 168
167 601
602 167
168 169
168 602
169 170
169 602
170 171
170 477
170 602
171 172
477 171
172 173
172 477
173 174
477 173
655 173
174 175
174 655
175 176
175 653
655 175
176 177
176 653
177 178
177 653
178 179
653 178
179 180
179 653
179 654
180 181
654 180
181 182
181 654
182 183
182 607
654 182
183 184
183 607
184 185
184 607
185 186
606 185
185 607
186 187
606 186
187 188
187 606
670 187
188 189
188 670
189 190
670 189
190 191
670 190
190 671
191 192
191 671
192 193
671 192
193 194
597 193
671 193
194 195
194 595
194 597
608 194
195 196
195 608
196 197
196 608
197 198
197 608
672 197
198 199
198 576
198 672
199 200
199 576
200 201
200 576
200 578
201 202
578 201
202 203
202 578
203 204
203 578
203 580
204 205
580 204
205 206
205 580
206 207
580 206
206 609
207 208
207 609
208 209
208 584
609 208
209 210
463 209
209 584
210 211
210 463
210 706
211 212
706 211
212 213
212 706
213 214
213 706
214 215
705 214
706 214
215 216
705 215
707 215
216 217
216 707
216 709
217 218
709 217
218 219
218 709
219 220
219 709
219 712
220 221
712 220
221 222
712 221
222 223
222 711
712 222
223 224
711 223
224 225
711 224
721 224
225 226
721 225
226 227
721 226
722 226
227 228
227 722
228 229
253 228
228 722
229 230
229 253
229 641
230 231
641 230
231 232
641 231
232 233
232 245
232 641
233 234
233 244
233 245
234 235
244 234
235 236
235 243
235 244
236 237
242 236
243 236
237 238
237 241
237 242
238 239
238 240
241 238
239 240
240 241
241 242
242 243
243 244
244 245
245 246
641 245
246 247
246 249
246 250
246 251
641 246
247 248
249 247
248 249
249 250
250 251
251 252
251 641
252 253
641 252
253 254
641 253
253 722
254 255
254 722
255 256
722 255
256 257
721 256
256 722
257 258
257 721
258 259
711 258
721 258
259 260
711 259
713 259
260 261
260 713
261 262
261 713
262 263
710 262
713 262
263 264
263 710
264 265
710 264
265 266
265 710
266 267
266 705
266 707
710 266
267 268
705 267
268 269
705 268
708 268
269 270
708 269
270 271
708 270
271 272
271 463
271 708
272 273
463 272
583 272
273 274
583 273
274 275
274 582
583 274
275 276
582 275
276 277
582 276
277 278
581 277
582 277
278 279
278 581
279 280
279 581
668 279
280 281
280 577
280 668
281 282
526 281
527 281
577 281
282 283
527 282
283 284
283 527
284 285
467 284
527 284
285 286
467 285
286 287
467 286
485 286
287 288
485 287
288 289
485 288
288 524
289 290
524 289
290 291
524 290
291 292
524 291
291 658
292 293
292 658
293 294
474 293
293 658
294 295
294 474
295 296
472 295
474 295
296 297
296 472
297 298
297 472
298 299
298 472
298 632
299 300
299 625
299 632
300 301
625 300
301 302
625 301
634 301
302 303
634 302
303 304
634 303
648 303
304 305
304 648
305 306
305 648
306 307
306 648
307 308
647 307
307 648
308 309
647 308
650 308
309 310
309 650
310 311
650 310
311 312
650 311
311 651
312 313
651 312
313 314
519 313
313 651
314 315
314 519
542 314
315 316
542 315
316 317
542 316
317 318
321 317
317 475
317 542
318 319
318 321
319 320
321 319
320 321
321 322
321 475
321 532
322 323
504 322
322 532
323 324
323 504
323 533
324 325
324 533
325 326
325 533
326 327
326 533
326 683
327 328
683 327
328 329
328 683
328 685
329 330
685 329
330 331
330 685
331 332
331 685
739 331
332 333
332 739
333 334
739 333
740 333
334 335
334 740
335 336
335 735
335 740
336 337
336 735
337 338
735 337
338 339
731 338
338 733
338 735
339 340
733 339
340 341
733 340
341 342
728 341
341 733
342 343
728 342
342 729
343 344
729 343
344 345
729 344
345 346
345 727
729 345
346 347
726 346
346 727
347 348
347 726
348 349
725 348
348 726
349 350
725 349
350 351
725 350
351 352
723 351
724 351
725 351
352 353
724 352
353 354
353 724
354 355
354 724
355 356
724 355
356 357
356 724
357 358
724 357
358 359
358 723
358 724
359 360
359 723
360 361
723 360
361 362
723 361
362 363
362 723
363 364
363 723
364 365
364 723
365 366
365 723
365 725
366 367
725 366
367 368
725 367
367 726
368 369
368 726
369 370
726 369
369 727
370 371
727 370
371 372
371 727
372 373
372 727
372 730
373 374
373 730
374 375
374 728
374 730
374 732
375 376
375 732
376 377
732 376
377 378
377 731
377 732
377 736
378 379
378 736
379 380
379 736
380 381
736 380
380 738
381 382
381 738
382 383
738 382
383 384
383 737
383 738
384 385
384 681
737 384
385 386
385 681
386 387
386 681
387 388
680 387
681 387
388 389
388 680
389 390
680 389
682 389
390 391
682 390
391 392
682 391
391 684
392 393
392 684
393 394
393 466
393 684
394 395
466 394
503 394
395 396
395 503
506 395
395 507
396 397
396 507
537 396
397 398
537 397
704 397
398 399
704 398
399 400
704 399
400 401
400 702
400 704
401 402
702 401
402 403
702 402
403 404
696 403
403 702
404 405
695 404
696 404
405 406
695 405
406 407
406 695
407 408
694 407
407 695
408 409
694 408
697 408
409 410
409 697
410 411
697 410
411 412
411 697
411 703
412 413
703 412
413 414
679 413
413 703
414 415
414 679
415 416
679 415
416 417
416 679
417 418
417 677
679 417
418 419
418 676
677 418
419 420
676 419
420 421
420 676
421 422
421 675
676 421
422 423
675 422
423 424
674 423
675 423
424 425
674 424
425 426
425 674
426 427
426 673
426 674
427 428
427 429
427 673
428 429
429 430
429 673
430 431
673 430
431 432
431 673
432 433
673 432
433 434
673 433
434 435
434 673
436 507
436 535
436 536
436 559
436 716
436 717
437 659
660 437
437 661
662 437
663 437
437 664
457 438
438 599
438 601
438 604
438 605
438 669
481 439
483 439
493 439
439 494
439 495
439 616
666 439
497 440
440 498
501 440
440 529
546 440
547 440
441 539
441 552
562 441
441 588
441 589
696 442
698 442
442 699
700 442
442 702
442 704
443 692
693 443
694 443
443 695
696 443
443 698
575 444
576 444
578 444
444 579
444 668
533 445
534 445
445 680
682 445
683 445
445 684
680 446
681 446
683 446
446 685
446 737
739 446
502 447
447 503
508 447
447 512
447 543
476 448
448 477
448 602
448 604
605 448
448 653
655 448
485 449
449 486
449 528
449 529
449 630
450 496
500 450
636 450
639 450
643 450
645 450
468 451
488 451
490 451
451 496
451 497
498 451
525 452
545 452
452 553
452 566
452 567
540 453
549 453
453 550
453 563
453 587
610 453
588 454
454 618
624 454
454 625
633 454
455 515
455 541
551 455
455 647
649 455
652 455
456 565
570 456
573 456
585 456
608 456
457 596
457 597
599 457
457 669
671 457
687 458
458 688
458 714
715 458
656 459
459 657
459 690
460 642
460 692
694 460
697 460
460 703
461 642
678 461
461 679
461 703
579 462
580 462
581 462
582 462
462 583
584 462
609 462
583 463
463 584
463 706
708 463
709 464
710 464
464 712
713 464
465 559
465 560
465 561
717 465
465 719
720 465
466 502
503 466
466 504
466 534
684 466
485 467
467 525
467 527
467 528
468 488
468 496
643 468
468 644
549 469
586 469
469 610
472 470
612 470
619 470
470 621
624 470
470 632
471 541
471 633
634 471
471 648
471 652
472 474
621 472
472 632
473 474
473 621
622 473
473 628
658 473
474 621
658 474
475 502
475 532
542 475
543 475
476 605
476 606
607 476
476 653
654 476
602 477
477 655
656 478
478 657
478 714
479 480
536 479
701 479
479 716
479 718
700 480
480 701
480 718
482 481
483 481
481 594
481 603
616 481
483 482
482 603
665 483
483 666
522 484
484 523
484 638
484 639
484 645
484 646
486 485
524 485
528 485
524 486
623 486
486 628
630 486
658 486
487 525
528 487
487 529
545 487
546 487
490 488
491 488
490 489
489 491
492 489
493 489
495 489
568 489
491 490
492 490
498 490
493 491
491 531
492 498
492 547
555 492
492 568
494 493
493 495
531 493
494 531
659 494
494 661
666 494
495 568
571 495
615 495
616 495
496 497
500 496
643 496
497 498
497 500
497 501
498 547
500 499
499 501
529 499
499 631
499 636
500 501
636 500
501 529
503 502
504 502
502 532
502 543
506 503
508 503
532 504
504 533
504 534
505 506
507 505
508 505
505 511
513 505
505 516
535 505
507 506
506 508
507 535
536 507
537 507
511 508
512 508
511 509
509 514
509 515
509 516
518 509
538 509
512 510
514 510
515 510
519 510
510 649
510 651
512 511
514 511
516 511
512 514
512 519
512 543
516 513
513 517
513 535
513 538
513 558
513 559
515 514
515 518
515 551
649 515
516 538
517 538
539 517
540 517
557 517
517 558
518 538
518 539
551 518
518 552
519 542
519 543
519 651
520 521
522 520
563 520
587 520
520 591
611 520
520 626
522 521
611 521
523 522
591 522
638 522
523 646
524 658
526 525
525 527
525 528
545 525
525 553
526 527
526 553
574 526
526 577
529 528
529 546
630 529
529 631
545 530
530 546
530 547
567 530
533 534
683 533
684 534
535 559
537 536
536 701
716 536
537 700
537 701
537 704
539 538
540 539
552 539
539 562
549 540
540 550
557 540
540 562
551 541
552 541
588 541
633 541
652 541
543 542
553 544
565 544
544 566
544 574
585 544
545 546
545 567
547 546
547 555
547 567
548 549
557 548
558 548
560 548
561 548
548 586
549 557
586 549
610 549
550 562
563 550
550 589
550 613
552 551
588 552
553 566
553 574
565 554
566 554
567 554
554 570
554 592
555 567
568 555
571 555
555 592
574 556
556 575
556 576
556 585
556 672
557 558
558 559
558 560
560 559
717 559
560 561
586 561
720 561
562 589
563 587
563 613
563 626
564 588
589 564
613 564
564 618
627 564
566 565
565 570
585 565
567 566
592 567
568 571
570 569
569 571
569 592
593 569
594 569
569 615
570 573
570 592
593 570
571 592
571 615
572 573
593 572
595 572
596 572
598 572
572 600
593 573
595 573
608 573
575 574
574 577
585 574
576 575
575 577
668 575
576 578
672 576
668 577
578 579
578 580
579 580
579 581
668 579
580 609
581 582
668 581
583 582
583 584
584 609
608 585
672 585
610 587
611 587
588 589
618 588
588 633
613 589
590 591
590 613
619 590
620 590
590 626
590 627
590 637
591 626
591 637
591 638
594 593
600 593
600 594
603 594
594 615
616 594
595 596
595 597
608 595
597 596
596 598
596 599
597 671
599 598
600 598
598 603
617 598
601 599
599 617
603 600
601 602
601 604
601 617
602 604
604 605
605 606
669 605
607 606
606 669
670 606
654 607
608 672
618 612
612 619
612 624
627 612
626 613
613 627
620 614
614 622
614 623
629 614
635 614
637 614
616 615
618 624
627 618
620 619
621 619
619 622
619 627
622 620
620 637
622 621
623 622
622 628
623 628
623 629
630 623
623 631
624 625
624 632
632 625
625 633
634 625
658 628
629 631
629 635
636 629
629 639
630 631
636 631
634 633
634 648
637 635
638 635
635 639
636 639
637 638
639 638
639 645
642 678
703 642
644 643
643 645
643 646
645 646
647 648
649 647
650 647
647 652
648 652
650 649
649 651
651 650
653 654
655 653
657 656
659 660
659 661
660 662
660 667
663 661
665 661
666 661
662 664
667 662
662 689
664 663
665 663
665 666
667 686
689 667
669 670
671 669
670 671
674 673
674 675
676 675
677 676
678 677
677 679
679 678
703 679
680 681
680 682
683 680
737 681
684 682
685 683
739 685
686 687
686 688
689 686
687 688
687 715
688 689
691 690
693 692
692 694
693 698
694 695
697 694
695 696
698 696
696 702
697 703
698 699
700 699
700 701
700 704
702 704
705 706
705 707
708 705
708 706
709 707
710 707
710 709
709 712
710 713
711 712
711 713
711 721
712 713
715 714
717 716
718 716
719 716
719 717
719 720
722 721
724 723
725 723
725 726
727 726
729 727
730 727
728 729
728 730
732 728
728 733
729 730
731 732
731 733
735 731
731 736
733 732
735 734
734 736
737 734
734 738
739 734
734 740
736 735
740 735
738 736
738 737
737 739
739 740
