723
197 510
193 506
192 501
193 496
194 491
196 486
198 481
199 476
199 471
202 467
201 462
202 457
201 452
202 447
203 442
202 437
202 432
201 427
200 422
200 417
201 412
201 407
201 402
200 397
200 392
200 387
202 382
202 377
201 372
201 367
203 362
204 357
203 352
202 347
202 342
201 337
203 332
203 327
203 322
203 317
203 312
204 307
204 302
204 297
203 292
203 287
203 282
205 278
206 273
206 268
207 263
207 258
207 253
208 248
209 243
211 238
210 233
211 228
211 223
211 218
211 213
213 208
213 203
214 198
215 193
216 188
217 183
217 178
217 173
217 168
216 163
217 158
218 153
218 148
217 143
217 138
217 133
216 128
214 125
209 126
204 126
199 127
194 127
189 128
184 128
179 128
174 127
169 127
164 127
159 127
154 128
150 131
145 132
140 132
135 133
130 134
125 134
120 135
115 135
112 131
111 126
111 121
111 116
109 112
104 111
99 109
94 107
89 106
84 104
79 104
74 106
69 107
64 107
59 107
54 106
49 103
44 102
40 104
40 99
41 94
44 89
46 84
51 82
56 83
61 82
66 85
71 87
76 89
81 90
86 92
91 93
96 93
101 93
106 92
111 92
116 92
121 91
126 90
131 91
136 91
141 91
146 91
151 91
156 92
161 95
166 97
171 97
176 97
181 99
186 100
191 100
194 102
198 103
203 104
207 102
212 100
217 98
222 96
227 94
232 94
237 92
242 90
244 85
244 80
243 75
238 71
233 67
230 70
227 64
224 59
221 54
219 55
218 50
216 47
219 44
219 39
214 37
217 36
221 32
218 31
213 30
220 28
223 23
225 18
224 13
222 11
227 12
232 11
237 8
242 7
246 6
250 3
255 5
260 3
265 2
270 3
275 5
267 4
262 6
265 9
270 9
275 11
280 15
283 20
286 25
291 27
296 27
291 29
288 31
290 36
294 41
297 44
292 43
291 46
295 49
291 47
286 46
288 51
287 52
284 55
283 59
281 64
280 69
283 74
278 69
273 69
268 73
265 78
264 83
265 88
270 92
275 94
280 93
285 95
290 98
295 100
300 101
305 103
310 103
315 101
320 100
325 98
330 97
335 96
339 96
344 95
349 92
354 91
359 91
364 90
369 91
374 90
379 90
384 90
389 90
393 93
398 92
399 92
402 94
407 94
412 95
417 95
422 91
427 93
432 92
437 93
442 92
447 91
452 91
457 91
461 93
464 97
468 102
467 105
467 110
462 109
457 111
452 113
448 113
443 113
438 113
433 111
428 110
423 108
419 109
414 107
409 107
404 108
399 109
395 111
395 116
396 121
395 126
394 131
391 134
386 134
381 134
376 133
371 132
366 132
361 131
356 130
351 127
346 127
341 127
336 127
331 127
326 126
321 127
316 127
311 126
306 126
301 125
296 125
293 128
293 133
293 138
293 143
293 148
292 153
292 158
292 163
291 168
292 173
292 178
292 183
293 188
295 193
296 198
296 203
296 208
298 213
299 218
299 223
299 228
300 233
300 238
300 243
301 248
301 253
302 258
303 263
305 268
305 273
305 278
305 283
307 288
307 293
305 298
304 303
303 308
303 313
302 318
302 323
302 328
301 333
301 338
300 343
302 348
303 353
302 358
301 363
301 368
300 373
302 378
302 383
301 388
301 393
301 398
302 403
302 408
304 413
304 418
303 423
301 428
302 433
302 438
303 443
302 448
300 453
300 458
299 463
302 468
303 473
307 477
310 480
315 484
320 488
325 492
326 497
323 502
318 503
313 505
308 505
303 505
298 502
293 497
289 492
284 490
279 489
277 484
277 479
277 474
280 469
279 464
278 459
277 454
277 449
278 444
279 439
278 434
277 429
275 424
274 419
273 414
273 409
272 404
272 399
270 394
270 389
271 384
270 379
269 374
267 369
266 364
267 359
269 354
267 349
264 344
264 339
266 335
266 330
264 325
263 320
262 315
260 310
262 305
263 300
261 296
261 291
258 286
253 286
251 291
250 296
249 301
249 306
249 311
246 316
243 321
240 326
240 331
241 336
241 341
238 346
235 351
233 355
233 360
233 365
232 370
231 375
231 380
230 385
231 390
229 395
228 400
228 405
227 410
226 415
225 420
224 425
224 430
224 435
226 440
227 445
225 450
224 455
223 460
223 465
221 470
223 475
224 480
224 485
224 490
222 495
222 500
222 505
218 509
213 510
208 510
203 510
198 510
138.5 111.451
254.026 162.805
226.855 289.829
237 260.5
367.5 111.5
282.5 306.5
254.695 205.5
276.048 265.79
234.753 199.551
270.7 189.86
274.578 219.469
223.884 312.93
186.729 114.083
215.33 285.018
58.8333 94.8333
230.807 114.033
220.577 338.808
216.363 369.873
214.885 389.777
210.313 487.463
214.754 443.925
283.647 364
285.487 391.103
290.359 477.558
288.911 415.818
306.227 492.742
126 104.434
235.176 163
238.062 233
271.939 310
290.184 270.763
228.762 216.352
235.906 307.522
224.069 233
247.28 42.5467
266.442 33.3351
259.116 56.7695
233.324 39.3069
271.193 47.4318
252.392 22.5305
238.067 24.0673
454.5 101
226.932 273.436
210.666 498.849
213.077 432.936
289.968 467.482
233.193 317.556
223.197 325.993
225.948 301.454
237.21 53.2008
229.944 334.047
213.607 330.707
214.223 318.971
215.286 305.46
217.531 295.244
277.596 114.39
279.066 103.843
282.564 340.853
282.332 323.677
273.023 319.964
289.311 290.5
275.188 292.569
68.7531 96.8753
212.253 379.575
212.897 454.872
297.907 485.553
135.93 101.387
125.913 119.231
115.145 102.926
287.17 256.753
231.066 225.987
244.55 217.669
231.066 246.5
277.773 37.2698
274.99 27.0016
270.017 58.3901
259.324 44.5602
244.507 16.5645
246.119 31.5893
256.093 34.6425
230.477 30.0627
443.981 102.429
216.439 274.527
212.377 420.487
228.832 48.0539
248.377 53.6696
250.747 65.6099
260.565 66.5229
279.239 279.296
283.095 297.303
136.287 121.942
119.718 111.796
294.006 262.612
266.684 242.904
237.248 209.909
259.49 219.81
222.056 258.577
220.552 243.386
254.216 76.0129
241.674 61.9199
289.055 280.601
266.278 275.228
274.831 252.929
257.18 258.949
282.979 237.986
264.894 252.681
283.185 247.792
252.68 214.133
266.802 209.402
263.6 198.604
252.552 182.379
260.506 188.837
267.209 173.346
281.283 206.253
273.69 199.542
282.077 191.649
267.269 230.054
277.505 229.305
286.796 221.187
253.102 235.847
254.316 247.544
246.765 255.502
228.881 264.567
215.872 265.363
268.86 284.861
265.71 264.864
287.024 199.241
289.523 230.64
288.034 212.246
246.858 227.684
242.825 244.031
198.609 115.084
210.524 113.493
220.586 116.732
223.352 106.506
171.771 112.073
179.928 108.037
178.506 118.62
218.464 355.481
223.55 363.573
212.062 361.896
214.516 403.356
217.023 412.368
210.743 475.724
286.93 377.391
292.311 384.889
280.175 383.612
278.601 372.335
288.973 427.846
290.534 439.277
284.722 403.803
291.775 397.855
244.339 137.504
268.641 140.5
224.526 205.373
237.762 295.411
221.202 223.207
242.252 274.974
248.977 266.273
236.504 284.423
280.736 352.537
290.524 348.083
291.88 358.113
290.529 315.168
289.754 332.166
293.045 323.799
276.299 332.348
212.043 465.064
264.417 21.0961
244.695 171.945
238.032 185.138
247.338 194.522
245.04 204.017
227.503 190.322
256.795 172.856
278.986 178.97
212.782 346.291
225.278 347.874
288.538 450.78
244.488 151.952
244.587 161.483
231.209 150.208
226.597 158.649
255.799 144.61
266.139 154.801
256.84 153.896
278.773 149.642
263.68 164.247
277.621 164.073
280.631 137.398
271.518 126.896
283.215 157.258
282.412 124.461
257.014 129.857
243.753 122.205
255.072 105.535
267.273 107.576
259.353 117.432
249.817 114.144
242.356 103.681
231.479 130.335
268.797 117.844
232.645 103.689
234.345 140.312
234.81 122.033
255.294 275.259
290.838 112.686
302.007 113.819
155.154 110.783
147.351 102.384
163.029 117.008
147.22 118.898
163.848 106.465
229.903 174.934
253.872 93.2772
350.818 110.274
358.596 118.554
359.761 102.697
335.38 111.524
343.614 117.256
342.624 105.029
322.114 113.205
312.041 112.87
381.136 104.968
371.071 101.456
390.502 102.389
379.554 119.165
369.47 121.712
386.017 112.698
272.65 283.556
216.278 392
193.778 115.595
723
194.373 508.606
196.209 507.282
201.747 503.285
204.673 501.238
208.958 498.365
209.824 493.656
210.734 485.823
211.24 477.847
211.484 473.87
211.783 468.962
212.295 461.837
212.807 456.377
213.3 452.396
213.96 449.106
214.581 442.702
213.761 436.34
213.119 430.783
212.547 425.03
212.152 421.508
212.336 419.136
213.587 411.399
214.061 407.895
214.641 401.11
214.511 394.516
214.483 392.81
214.445 390.167
214.828 384.746
215.433 376.758
215.806 372.297
215.964 370.607
216.435 366.68
218.213 352.878
218.662 349.479
219.255 344.874
219.687 341.136
219.822 340.013
220.253 336.584
221.396 327.079
221.735 324.214
222.115 319.466
222.096 315.494
222.102 310.267
220.994 302.356
219.335 294.636
218.022 289.32
216.992 286.941
216.878 286.667
217.798 283.488
219.607 274.862
221.467 268.691
223.395 263.396
226.086 258.454
227.381 255.546
229.188 252.348
231.451 248.35
234.511 239.932
235.601 232.768
235.033 228.294
234.286 223.292
234.576 220.795
235.025 219.699
237.843 214.427
239.511 209.221
242.013 202.413
242.988 199.784
245.353 193.774
247.122 180.44
247.592 176.183
247.498 168.858
246.665 163.751
245.599 160.981
245.737 160.215
248.145 153.642
250.447 144.919
250.973 137.793
250.816 130.579
248.233 120.319
235.208 112.501
220.63 107.729
207.748 110.597
200.145 112.805
194.61 114.378
191.235 114.416
187.873 114.633
185.298 114.374
182.65 113.748
177.873 112.896
192.039 112.739
164.348 110.924
150.705 110.034
145.897 109.761
141.389 109.772
139.785 110.056
136.099 110.66
130.637 112.992
128.699 114.139
122.642 121.541
122.475 121.786
112.973 135.741
115.692 131.785
120.211 125.165
124.813 118.331
127.132 112.164
118.337 102.958
106.373 99.9448
100.432 99.5634
97.8708 99.6344
90.7402 99.0538
85.214 97.9414
72.8889 101.333
71.3646 97.2389
67.9581 97.2355
62.5576 95.7017
60.7171 95.1568
57.6359 94.2324
51.6729 90.6144
43.9051 98.327
37.3425 103.427
42.0274 99.6548
47.8823 95.2968
52.0556 91.2937
49.6795 88.8868
50.0818 89.2996
54.1049 92.3814
55.9649 93.3605
59.6927 94.8597
66.7752 96.9756
73.9274 97.3035
79.2326 97.4818
109.562 101.383
90.4806 99.0043
95.3095 99.7057
100.542 99.5643
108.413 100.479
111.027 101.149
118.607 102.963
124.474 107.522
125.751 108.544
129.629 110.433
134.694 110.548
140.322 109.982
145.188 109.494
147.083 109.506
147.484 109.571
152.218 110.036
163.284 110.767
172.817 111.988
175.601 112.473
179.656 113.17
185.638 114.402
188.579 114.582
189.822 114.498
193.203 114.452
203.009 111.985
212.407 109.28
220.659 107.891
223.247 107.443
225.793 106.728
227.846 107.664
233.092 110.228
243.958 113.536
249.924 112.33
253.231 94.2613
255.147 76.0942
257.078 55.3858
252.274 43.8731
240.841 40.4285
0 0
244.109 41.7102
241.859 37.47
225.895 44.2578
213.083 54.5577
219.562 49.3546
0 0
238.104 38.1815
252.444 36.4444
0 0
226.898 35.0105
236.018 33.3199
226.221 32.0451
219.613 31.1512
233.909 33.0851
238.916 28.2054
249.71 26.9
226.715 14.6524
221.576 10.867
0 0
239.372 24.0061
243.319 24.0233
246.728 23.9191
250.297 22.5023
250.721 22.0719
251.737 22.6474
258.644 6.23831
265.26 1.39972
269.654 2.2564
272.345 3.56486
269.154 2.33351
0 0
253.57 25.6924
260.952 29.3644
264.407 30.4575
265.578 31.0703
268.009 32.9946
273.579 34.2799
293.834 27.4741
297.445 26.1812
289.804 28.9171
273.334 36.1063
274.685 40.2834
289.555 42.8083
297.669 44.0931
292.995 43.3524
293.037 45.7095
295.195 48.2834
289.169 43.2509
274.061 41.536
283.908 46.3343
283.344 45.9781
272.826 42.2914
269.224 45.8196
272.788 55.0867
278.385 65.3792
283.083 74.0335
276.636 62.1662
272.658 54.564
258.807 48.434
256.305 65.175
254.134 85.6974
251.504 110.423
259.037 116.147
274.138 112.089
282.549 108.189
282.494 108.004
282.25 108.559
287.414 108.188
294.954 109.876
303.848 111.832
312.597 114.336
318.595 113.897
323.324 113.127
328.124 112.205
332.031 111.439
335.672 110.846
339.798 110.627
348.713 110.211
356.364 109.882
357.732 109.819
361.239 109.661
365.234 109.855
370.444 110.15
376.415 109.711
380.148 109.183
383.876 105.854
386.185 104.004
391.157 102.022
400.376 98.2128
401.535 97.1254
397.342 99.3216
394.384 101.609
414.046 100.699
419.636 101.77
422.68 101.766
417.767 101.233
432 104
437.474 102.627
444.877 103.44
450.404 101.512
455.179 99.6895
456.869 99.8131
456.923 99.8493
457.538 100.46
464.984 104.456
464.895 104.412
471.233 107.588
467.339 105.637
455.178 99.7096
450.181 101.611
448.973 102.077
444.135 103.434
440.537 102.951
438.593 102.746
429.336 101.887
422.772 101.766
419.55 101.762
415.997 101.071
409.239 99.7917
402.864 98.72
393.765 100.953
382.704 106.976
382.881 119.514
385.071 123.349
386.811 125.793
392.416 133.179
392.873 133.744
387.034 126.529
384.048 121.949
377.434 113.926
375.024 112.414
370.8 110.577
367.622 110.243
364.582 109.869
355.84 109.961
346.273 110.342
339.391 110.698
334.18 111.017
329.886 111.869
327.201 112.384
319.379 113.799
316.701 114.184
313.696 114.617
309.428 113.414
302.953 111.561
286.985 108.269
272.168 114.18
263.926 125.604
261.347 133.886
261.988 139.351
262.538 143.452
262.836 147.802
263.26 152.563
262.715 156.739
262.336 160.098
262.243 171.465
262.476 177.993
265.058 187.035
268.945 197.697
273.98 202.675
275.919 203.655
275.231 206.661
275.583 209.461
277.482 217.779
278.217 220.447
277.773 222.92
277.428 227.72
276.928 231.838
275.912 235.733
275.816 242.063
277.423 248.715
280.087 254.809
284.014 262.217
287.088 268.164
288.645 271.494
288.684 273.023
289.271 277.19
290.975 285.072
292.097 289.62
292.109 290.353
291.191 291.999
289.873 295.867
285.774 306.628
284.62 312.861
283.628 318.73
282.855 324.047
283.098 327.139
283.592 331.575
284.038 337.973
284.73 349.193
284.912 352.759
284.897 354.525
284.77 356
284.486 361.006
284.224 367.229
284.982 378.007
285.253 381.262
285.415 383.502
285.783 387.229
286.127 390.304
287.211 400.015
287.88 406.032
288.54 411.969
289.046 416.516
289.189 417.978
289.303 419.156
290.036 426.634
290.92 435.059
291.505 440.532
290.698 442.571
290.307 443.504
287.802 449.39
287.888 456.908
288.002 461.03
288.955 474.08
289.951 480.244
296.972 486.373
301.806 490.708
309.392 496.141
315.565 497.712
323.611 497.175
323.32 497.202
322.449 497.283
318.722 497.264
312.317 496.868
309.281 496.487
308.99 496.622
307.993 496.226
301.915 490.803
292.63 482.487
281.837 482.588
279.291 484.093
283.591 481.554
284.462 481.047
286.829 479.689
288.325 472.887
288.056 462.95
287.941 458.868
287.766 452.804
287.551 450.526
288.874 446.951
291.468 440.719
290.624 432.235
289.883 425.119
289.411 420.287
289.061 416.693
288.669 413.126
288.162 408.561
287.562 403.162
286.87 396.956
286.337 392.156
286.07 389.764
285.5 384.525
284.852 376.534
284.314 369.962
284.056 367.1
283.94 365.502
284.126 363.621
284.719 355.201
284.429 343.15
284.242 340.381
284.206 339.85
283.997 337.269
283.124 325.288
282.86 321.475
282.583 317.705
282.113 314.783
281.774 314.787
283.373 313.756
288.986 298.55
290.35 294.858
289.903 280.617
0 0
238.096 253.45
219.226 277.547
219.25 296.12
222.098 304.9
225.895 308.547
226.246 308.617
224.347 308.292
223.203 313.053
221.694 324.291
220.57 335.098
221.708 338.524
221.778 338.73
220.381 338.379
219.54 343.398
218.587 350.209
217.292 359.884
216.69 364.495
216.294 368.208
215.892 371.555
215.235 379.276
214.8 385.174
214.509 389.027
214.48 392.701
214.528 395.84
214.61 404.217
214.022 408.397
213.432 412.919
212.511 417.842
212.474 424.31
213.127 430.823
214.034 438.55
214.777 444.234
214.987 444.573
214.448 446.522
213.456 451.631
212.69 457.695
212.252 462.434
211.697 470.454
211.182 478.768
210.827 484.325
210.712 486.128
210.489 489.483
210.167 494.764
213.714 502.042
214.278 502.765
215.81 504.733
213.71 502.032
208.372 498.621
201.953 503.172
195.764 507.603
135.195 110.632
259.346 159.41
217.738 285.414
234.667 252.089
372.368 110.243
284.855 311.365
255.76 205.258
279.185 256.623
244.933 201.604
264.874 196.873
274.901 216.763
222.749 314.082
188.878 114.55
217.223 286.201
55.6809 92.7102
241.722 113.535
219.938 339.727
215.965 370.631
214.511 393.954
206.942 501.111
214.709 443.564
283.947 345.011
286.527 393.87
290.957 483.599
289.174 417.843
313.824 496.718
127.517 111.275
248.509 159.5
238.626 224.506
286.871 304.322
287.74 270.319
236.476 221.994
224.798 308.349
235.969 232.806
250.497 39.6366
288.534 34.9651
260.154 45.3806
239.808 31.7403
277.439 43.699
248.477 24.3195
241.473 26.283
456.355 100.08
222.162 267.14
208.955 498.256
212.566 423.443
288.126 462.859
222.902 314.321
221.514 326.064
221.797 299.814
246.1 38.1667
220.463 336.892
220.97 338.218
228.444 239.111
221.53 305.577
218.683 291.99
272.569 112.842
277.406 110.658
284.332 341.707
282.855 323.188
282.897 322.031
292.04 289.875
289.936 295.802
67.2334 97.0814
211.556 466.667
213.921 449.276
296.598 486.042
134.675 110.551
128.82 113.157
118.534 103.006
281.836 259.062
236.436 225.951
247.386 217.356
234.668 243.911
272.434 37.9453
266.37 31.9314
268.36 45.7059
260.387 39.2269
244.942 24.1388
247.488 30.2693
258.135 31.4086
239.178 29.412
459.908 103.373
220.585 271.66
212.318 419.416
240.455 37.4578
253.586 41.5699
277.238 42.4306
258.479 48.4372
287.381 273.482
289.617 296.59
134.976 110.886
127.753 110.262
287.454 269.057
266.142 241.242
241.656 210.404
255.111 192.889
228.129 255.361
233.477 243.277
252.38 98.9814
252.701 42.1729
290.129 281.488
276.377 253.783
274.954 246.849
257.861 246.318
275.247 235.806
266.02 244.407
276.531 246.217
254.882 209.381
265.094 209.583
261.672 198.787
254.573 180.631
258.852 188.204
254.561 161.659
275.017 207.16
268.056 201.713
268.325 199.57
247.025 232.61
275.107 232.437
277.768 221.338
254.104 236.366
254.573 240.509
245.854 248.033
227.38 259.331
223.147 264.06
285.612 268.967
270.279 250.325
275.06 203.482
277.037 230.208
276.199 212.878
244.806 216.031
244.919 243.835
202.798 112.024
209.19 110.45
229.462 110.025
226.033 106.889
173.604 112.119
186.652 114.359
181.08 113.435
217.894 355.293
217.414 359.334
216.782 363.822
214.11 406.921
213.749 410.508
213.587 453.003
284.96 377.919
285.121 379.848
285.472 384.259
284.758 375.348
290.464 430.659
295.111 466.667
289.628 422.493
282.74 338.726
252.004 132.774
259.565 128.653
239.767 209.544
220.666 300.458
234.816 225.903
226.345 263.279
246.173 250.032
220.757 272.043
284.775 354.232
284.718 352.642
284.592 358.926
284.211 315.216
283.465 330.815
282.836 324.304
283.832 335.221
213.276 453.784
260.041 29.4121
251.523 168.919
248.493 194.447
251.435 194.166
245.414 200.481
243.812 197.988
256.019 169.759
263.669 180.971
219.389 344.266
219.251 345.141
288.293 448.365
255.663 134.171
251.535 157.623
250.407 146.026
246.964 160.003
256.117 138.639
260.173 147.471
256.376 148.61
262.533 145.849
258.487 159.881
261.932 159.631
261.229 132.546
263.23 121.24
262.966 149.997
302.705 112.08
259.989 123.217
249.346 118.086
253.467 114.942
261.225 116.512
257.851 118.387
258.268 116.806
245.192 113.884
251.556 108.444
264.209 117.369
233.443 110.381
251.101 134.881
242.478 115.519
250.69 245.976
284.603 108.175
300.648 111.208
152.399 110.077
143.308 109.759
147.556 108.444
142.108 109.813
162.517 110.71
249.018 165.83
250.694 111.623
351.921 110.104
363.854 109.913
362.111 109.815
318.357 112.361
363.556 106.667
343.549 110.449
325.196 112.73
306.896 112.842
379.591 109.535
373.969 109.95
387.491 104.001
377.638 113.177
371.686 110.733
380.589 115.612
276.444 238.222
219.556 340.444
203.556 111.111
1672
0 0
0 0
0 0
0 0
0 0
0 0
0 0
0 0
0 0
0 0
0 0
0 0
0 0
0 0
0 0
0 0
0 0
0 0
0 0
0 0
0 0
0 0
0 0
0 0
0 0
0 0
0 0
0 0
0 0
0 0
0 0
0 0
0 0
0 0
0 0
0 0
0 0
0 0
0 0
0 0
0 0
0 0
0 0
0 0
0 0
0 0
0 0
0 0
0 0
0 0
0 0
0 0
0 0
0 0
0 0
0 0
0 0
0 0
0 0
0 0
0 0
0 0
0 0
0 0
0 0
0 0
0 0
0 0
0 0
0 0
0 0
0 0
0 0
0 0
0 0
0 0
0 0
0 0
0 0
0 0
0 0
0 0
0 0
0 0
0 0
0 0
0 0
0 0
0 0
0 0
0 0
0 0
0 0
0 0
0 0
0 0
0 0
0 0
0 0
0 0
0 0
0 0
0 0
0 0
0 0
0 0
0 0
0 0
0 0
0 0
0 0
0 0
0 0
0 0
0 0
0 0
0 0
0 0
0 0
0 0
0 0
0 0
0 0
0 0
0 0
0 0
0 0
0 0
0 0
0 0
0 0
543 586
0 0
0 0
0 0
0 0
0 0
0 0
0 0
0 0
0 0
0 0
0 0
0 0
0 0
0 0
0 0
0 0
0 0
0 0
0 0
0 0
0 0
0 0
0 0
0 0
0 0
0 0
0 0
0 0
0 0
0 0
0 0
0 0
0 0
0 0
0 0
0 0
0 0
0 0
0 0
0 0
0 0
0 0
0 0
0 0
0 0
586 691
0 0
0 0
0 0
0 0
0 0
0 0
0 0
0 0
0 0
0 0
0 0
0 0
0 0
0 0
0 0
0 0
0 0
0 0
0 0
0 0
0 0
0 0
0 0
0 0
0 0
0 0
0 0
0 0
0 0
0 0
0 0
0 0
0 0
0 0
0 0
0 0
0 0
0 0
0 0
0 0
0 0
0 0
0 0
0 0
0 0
0 0
0 0
0 0
0 0
0 0
0 0
0 0
0 0
0 0
0 0
0 0
0 0
0 0
0 0
0 0
0 0
0 0
0 0
0 0
0 0
0 0
0 0
0 0
0 0
0 0
0 0
0 0
0 0
0 0
0 0
0 0
0 0
0 0
0 0
0 0
0 0
0 0
0 0
0 0
0 0
0 0
0 0
0 0
0 0
0 0
701 109
0 0
0 0
0 0
0 0
0 0
0 0
0 0
0 0
0 0
0 0
0 0
0 0
0 0
0 0
0 0
0 0
0 0
0 0
0 0
0 0
0 0
0 0
0 0
0 0
0 0
0 0
0 0
0 0
0 0
0 0
0 0
0 0
0 0
0 0
0 0
0 0
0 0
0 0
0 0
0 0
0 0
0 0
0 0
0 0
0 0
0 0
0 0
0 0
0 0
0 0
0 0
0 0
0 0
0 0
0 0
0 0
0 0
0 0
0 0
0 0
0 0
0 0
0 0
0 0
0 0
0 0
0 0
0 0
0 0
0 0
0 0
0 0
0 0
0 0
0 0
0 0
0 0
0 0
0 0
0 0
0 0
0 0
0 0
0 0
0 0
0 0
0 0
0 0
0 0
0 0
0 0
0 0
0 0
0 0
0 0
0 0
0 0
0 0
0 0
0 0
0 0
0 0
0 0
0 0
0 0
0 0
0 0
0 0
0 0
0 0
0 0
0 0
0 0
0 0
0 0
0 0
0 0
0 0
0 0
0 0
0 0
0 0
0 0
0 0
0 0
691 175
0 0
0 0
0 0
0 0
0 0
0 0
0 0
0 0
0 0
0 0
0 0
0 0
0 0
0 0
0 0
0 0
0 0
0 0
0 0
0 0
0 0
0 0
0 0
0 0
0 0
0 0
0 0
0 0
0 0
0 0
0 0
0 0
0 0
0 0
0 0
0 0
0 0
0 0
0 0
0 0
0 0
0 0
0 0
0 0
0 0
0 0
0 0
0 0
0 0
0 0
0 0
0 0
0 0
0 0
0 0
0 0
0 0
0 0
0 0
0 0
0 0
0 0
0 0
0 0
0 0
0 0
0 0
0 0
0 0
0 0
0 0
0 0
0 0
0 0
0 0
0 0
0 0
0 0
0 0
0 0
0 0
0 0
0 0
0 0
0 0
0 0
0 0
0 0
0 0
0 0
0 0
0 0
0 0
0 0
0 0
0 0
0 0
0 0
0 0
0 0
0 0
0 0
0 0
0 0
0 0
0 0
0 0
0 0
0 0
0 0
0 0
0 0
0 0
0 0
0 0
0 0
0 0
0 0
0 0
0 0
0 0
0 0
0 0
0 0
0 0
0 0
0 0
0 0
0 0
0 0
0 0
0 0
0 0
0 0
0 0
0 0
0 0
0 0
0 0
0 0
0 0
0 0
0 0
0 0
0 0
0 0
0 0
0 0
0 0
0 0
691 683
0 0
0 0
0 0
0 0
0 0
0 0
0 0
0 0
0 0
0 0
0 0
0 0
0 0
0 0
0 0
0 0
0 0
0 0
0 0
0 0
0 0
0 0
0 0
0 0
0 0
0 0
0 0
0 0
0 0
0 0
0 0
0 0
0 0
683 710
0 0
0 0
0 0
0 0
0 0
0 0
0 0
0 0
0 0
0 0
0 0
0 0
0 0
0 0
0 0
0 0
0 0
0 0
0 0
0 0
0 0
0 0
0 0
0 0
0 0
0 0
0 0
0 0
0 0
0 0
0 0
0 0
0 0
0 0
0 0
0 0
0 0
0 0
710 264
0 0
0 0
0 0
0 0
0 0
0 0
0 0
0 0
0 0
0 0
0 0
0 0
0 0
0 0
0 0
0 0
0 0
0 0
0 0
0 0
0 0
0 0
0 0
0 0
0 0
0 0
0 0
0 0
0 0
0 0
0 0
0 0
0 0
0 0
0 0
0 0
0 0
0 0
0 0
0 0
0 0
0 0
0 0
0 0
0 0
0 0
0 0
0 0
0 0
0 0
0 0
0 0
0 0
0 0
0 0
0 0
0 0
0 0
0 0
0 0
0 0
0 0
0 0
0 0
0 0
0 0
0 0
0 0
0 0
0 0
0 0
0 0
0 0
0 0
0 0
0 0
0 0
0 0
0 0
0 0
0 0
0 0
0 0
0 0
0 0
0 0
0 0
0 0
0 0
0 0
0 0
0 0
0 0
0 0
0 0
0 0
0 0
0 0
0 0
0 0
0 0
0 0
0 0
0 0
0 0
0 0
0 0
0 0
0 0
0 0
0 0
0 0
0 0
0 0
0 0
0 0
0 0
0 0
0 0
0 0
0 0
0 0
0 0
0 0
0 0
0 0
0 0
0 0
0 0
0 0
0 0
0 0
0 0
0 0
0 0
0 0
0 0
0 0
0 0
0 0
0 0
0 0
0 0
0 0
0 0
0 0
0 0
0 0
0 0
0 0
0 0
0 0
0 0
0 0
0 0
0 0
0 0
0 0
0 0
0 0
0 0
0 0
0 0
0 0
0 0
0 0
0 0
0 0
0 0
0 0
0 0
0 0
0 0
0 0
0 0
0 0
0 0
0 0
0 0
0 0
0 0
0 0
0 0
0 0
0 0
0 0
0 0
0 0
0 0
0 0
0 0
0 0
0 0
0 0
0 0
0 0
0 0
0 0
0 0
0 0
0 0
0 0
0 0
0 0
0 0
0 0
0 0
0 0
0 0
0 0
0 0
0 0
0 0
0 0
0 0
0 0
0 0
0 0
0 0
0 0
0 0
0 0
0 0
0 0
0 0
0 0
0 0
0 0
0 0
0 0
0 0
0 0
0 0
0 0
0 0
0 0
0 0
0 0
0 0
0 0
0 0
0 0
0 0
0 0
0 0
0 0
0 0
0 0
0 0
0 0
0 0
0 0
0 0
0 0
0 0
0 0
0 0
0 0
0 0
0 0
0 0
0 0
0 0
0 0
0 0
0 0
0 0
0 0
0 0
0 0
0 0
0 0
0 0
0 0
0 0
0 0
642 640
0 0
0 0
0 0
0 0
0 0
0 0
0 0
0 0
0 0
0 0
0 0
0 0
0 0
0 0
0 0
0 0
0 0
0 0
0 0
0 0
0 0
0 0
0 0
0 0
0 0
0 0
0 0
0 0
0 0
0 0
0 0
0 0
0 0
0 0
0 0
0 0
0 0
0 0
0 0
0 0
0 0
0 0
0 0
0 0
0 0
0 0
0 0
0 0
0 0
0 0
0 0
0 0
0 0
0 0
0 0
0 0
0 0
0 0
0 0
0 0
0 0
0 0
0 0
0 0
0 0
0 0
0 0
0 0
0 0
0 0
0 0
0 0
0 0
0 0
0 0
0 0
0 0
0 0
0 0
0 0
0 0
0 0
0 0
0 0
0 0
0 0
0 0
0 0
0 0
0 0
0 0
0 0
0 0
0 0
0 0
0 0
0 0
0 0
0 0
0 0
0 0
0 0
0 0
0 0
0 0
0 0
0 0
0 0
0 0
0 0
0 0
0 0
0 0
0 0
0 0
0 0
0 0
0 0
0 0
0 0
0 0
0 0
0 0
0 0
0 0
0 0
0 0
0 0
0 0
0 0
0 0
0 0
0 0
0 0
0 0
0 0
0 0
0 0
0 0
0 0
0 0
0 0
0 0
0 0
0 0
0 0
0 0
0 0
0 0
0 0
0 0
0 0
0 0
0 0
0 0
0 0
0 0
0 0
0 0
0 0
0 0
0 0
0 0
0 0
0 0
0 0
0 0
0 0
0 0
0 0
0 0
0 0
0 0
0 0
0 0
0 0
0 0
0 0
0 0
0 0
0 0
0 0
0 0
0 0
0 0
0 0
0 0
0 0
0 0
0 0
0 0
0 0
0 0
0 0
0 0
0 0
0 0
0 0
0 0
0 0
0 0
0 0
0 0
0 0
0 0
0 0
0 0
0 0
0 0
0 0
0 0
0 0
0 0
0 0
0 0
0 0
0 0
0 0
0 0
0 0
0 0
0 0
0 0
0 0
0 0
0 0
0 0
0 0
0 0
0 0
0 0
0 0
0 0
0 0
0 0
0 0
0 0
0 0
0 0
0 0
0 0
0 0
0 0
0 0
0 0
0 0
0 0
0 0
0 0
0 0
0 0
0 0
0 0
0 0
0 0
0 0
0 0
0 0
0 0
0 0
0 0
0 0
0 0
0 0
0 0
0 0
0 0
0 0
0 0
0 0
0 0
0 0
0 0
0 0
0 0
0 0
0 0
0 0
0 0
0 0
0 0
0 0
0 0
0 0
0 0
0 0
0 0
0 0
0 0
0 0
0 0
0 0
0 0
0 0
0 0
0 0
0 0
0 0
0 0
0 0
0 0
0 0
0 0
0 0
0 0
0 0
0 0
0 0
0 0
0 0
0 0
0 0
0 0
0 0
0 0
0 0
0 0
0 0
0 0
0 0
0 0
0 0
0 0
0 0
0 0
0 0
0 0
0 0
0 0
0 0
0 0
0 0
0 0
0 0
0 0
0 0
0 0
0 0
0 0
0 0
0 0
0 0
0 0
0 0
0 0
0 0
0 0
0 0
0 0
0 0
0 0
0 0
0 0
0 0
0 0
0 0
0 0
0 0
0 0
0 0
0 0
0 0
0 0
0 0
0 0
0 0
0 0
0 0
0 0
0 0
0 0
0 0
0 0
0 0
0 0
0 0
0 0
0 0
0 0
0 0
0 0
0 0
0 0
0 0
0 0
0 0
0 0
0 0
0 0
0 0
0 0
0 0
0 0
0 0
0 0
0 0
0 0
0 0
0 0
0 0
0 0
0 0
0 0
0 0
0 0
0 0
0 0
0 0
0 0
0 0
0 0
0 0
0 0
0 0
0 0
0 0
0 0
0 0
0 0
0 0
0 0
0 0
0 0
0 0
0 0
0 0
0 0
0 0
0 0
0 0
0 0
0 0
0 0
0 0
0 0
0 0
0 0
0 0
0 0
0 0
0 0
0 0
0 0
0 0
0 0
0 0
0 0
0 0
0 0
0 0
0 0
0 0
0 0
0 0
0 0
0 0
0 0
0 0
0 0
0 0
0 0
0 0
0 0
0 0
0 0
0 0
0 0
0 0
0 0
0 0
0 0
0 0
0 0
0 0
0 0
0 0
0 0
0 0
0 0
0 0
0 0
0 0
0 0
0 0
0 0
0 0
0 0
0 0
0 0
0 0
0 0
0 0
0 0
0 0
0 0
0 0
0 0
0 0
0 0
0 0
0 0
0 0
0 0
0 0
0 0
0 0
0 0
0 0
0 0
0 0
0 0
0 0
0 0
0 0
0 0
0 0
0 0
0 0
0 0
0 0
0 0
0 0
0 0
0 0
0 0
0 0
0 0
0 0
0 0
0 0
0 0
0 0
0 0
0 0
0 0
0 0
0 0
0 0
0 0
0 0
0 0
0 0
0 0
0 0
0 0
0 0
0 0
0 0
0 0
0 0
0 0
0 0
0 0
0 0
0 0
0 0
0 0
0 0
0 0
0 0
0 0
0 0
0 0
0 0
0 0
0 0
0 0
0 0
0 0
0 0
0 0
0 0
0 0
0 0
0 0
0 0
0 0
0 0
0 0
0 0
0 0
0 0
0 0
0 0
0 0
0 0
0 0
0 0
0 0
0 0
0 0
0 0
0 0
0 0
0 0
0 0
0 0
0 0
0 0
0 0
0 0
0 0
0 0
0 0
0 0
0 0
0 0
0 0
0 0
0 0
0 0
0 0
0 0
0 0
0 0
0 0
0 0
0 0
0 0
0 0
0 0
0 0
0 0
0 0
0 0
0 0
0 0
0 0
0 0
0 0
0 0
0 0
0 0
0 0
0 0
0 0
0 0
0 0
0 0
0 0
0 0
0 0
0 0
0 0
0 0
0 0
0 0
0 0
0 0
0 0
0 0
0 0
0 0
0 0
0 0
0 0
0 0
0 0
0 0
0 0
0 0
0 0
0 0
0 0
0 0
0 0
0 0
0 0
0 0
0 0
0 0
0 0
0 0
0 0
0 0
0 0
0 0
0 0
0 0
0 0
0 0
0 0
0 0
0 0
0 0
0 0
0 0
0 0
0 0
0 0
0 0
0 0
0 0
0 0
0 0
0 0
0 0
0 0
0 0
0 0
0 0
0 0
0 0
0 0
0 0
0 0
0 0
0 0
0 0
0 0
0 0
0 0
0 0
0 0
0 0
0 0
0 0
0 0
0 0
0 0
0 0
0 0
0 0
0 0
0 0
0 0
0 0
0 0
0 0
0 0
0 0
0 0
0 0
0 0
0 0
0 0
0 0
0 0
0 0
0 0
0 0
0 0
0 0
0 0
0 0
0 0
0 0
0 0
0 0
0 0
0 0
0 0
0 0
0 0
0 0
0 0
0 0
0 0
0 0
0 0
0 0
0 0
0 0
0 0
0 0
0 0
0 0
0 0
0 0
0 0
586 720
720 642
543 721
721 554
691 722
722 701
1666
0 1
490 0
1 2
490 1
2 3
2 489
490 2
2 534
3 4
3 534
4 5
4 510
534 4
5 6
510 5
6 7
6 510
6 634
7 8
7 634
8 9
8 634
9 10
634 9
9 658
10 11
658 10
11 12
11 555
11 658
12 13
555 12
13 14
13 511
13 555
14 15
14 511
535 14
15 16
535 15
16 17
16 535
17 18
535 17
17 574
18 19
574 18
19 20
574 19
20 21
20 574
632 20
633 20
21 22
632 21
22 23
22 632
23 24
23 509
23 632
24 25
24 509
25 26
25 509
26 27
26 509
26 554
27 28
27 554
28 29
28 508
554 28
29 30
29 508
29 631
30 31
631 30
31 32
31 629
631 31
31 667
32 33
32 667
33 34
667 33
34 35
34 542
667 34
35 36
35 542
36 37
542 36
37 38
542 37
543 37
38 39
543 38
39 40
39 543
40 41
40 543
40 544
41 42
544 41
42 43
42 544
43 44
43 544
43 545
44 45
44 504
545 44
45 46
45 504
46 47
504 46
47 48
47 504
47 573
48 49
573 48
49 50
573 49
614 49
50 51
50 614
51 52
587 51
614 51
52 53
587 52
53 54
587 53
588 53
54 55
588 54
55 56
524 55
55 588
56 57
56 524
57 58
524 57
647 57
58 59
647 58
59 60
59 647
60 61
60 522
647 60
61 62
522 61
61 645
62 63
62 645
63 64
63 645
664 63
64 65
64 664
65 66
664 65
66 67
664 66
66 704
67 68
704 67
68 69
704 68
69 70
69 673
69 704
70 71
673 70
71 72
673 71
72 73
72 672
72 673
73 74
672 73
74 75
672 74
694 74
75 76
75 691
75 694
76 77
691 76
77 78
624 77
691 77
78 79
78 623
624 78
79 80
623 79
80 81
80 622
80 623
81 82
622 81
82 83
503 82
622 82
83 84
83 503
84 85
84 503
84 628
85 86
85 628
86 87
86 628
87 88
626 87
628 87
87 701
88 89
88 701
89 90
701 89
702 89
90 91
90 702
91 92
91 702
92 93
92 581
702 92
93 94
93 581
94 95
581 94
95 96
95 558
95 581
96 97
558 96
97 98
97 99
100 97
97 558
98 99
99 100
100 101
558 100
101 102
558 101
101 582
102 103
102 582
103 104
103 559
103 582
104 105
132 104
104 133
104 559
105 106
132 105
106 107
130 106
106 131
106 132
107 108
107 130
108 109
108 129
130 108
109 110
109 127
128 109
129 109
553 109
110 111
110 553
111 112
553 111
112 113
112 505
553 112
113 114
113 505
114 115
114 505
115 116
119 115
120 115
115 505
116 117
118 116
116 119
117 118
118 119
119 120
120 121
122 120
123 120
505 120
121 122
122 123
123 124
505 123
124 125
505 124
125 126
125 505
125 553
126 127
553 126
127 128
553 127
128 129
129 130
130 131
131 132
132 133
133 134
559 133
134 135
134 559
135 136
135 559
136 137
517 136
136 559
137 138
137 517
138 139
517 138
557 138
139 140
557 139
140 141
557 140
700 140
141 142
141 700
142 143
142 700
143 144
700 143
144 145
699 144
700 144
144 703
145 146
703 145
146 147
626 146
627 146
703 146
147 148
147 627
148 149
148 627
149 150
149 503
627 149
150 151
503 150
151 152
503 151
622 151
152 153
152 622
153 154
153 622
153 623
154 155
623 154
155 156
155 623
625 155
156 157
625 156
157 158
625 157
693 157
158 159
693 158
159 160
693 159
160 161
690 160
160 693
161 162
690 161
161 705
162 163
589 162
705 162
163 164
589 163
164 165
164 577
164 589
164 590
165 166
165 590
166 167
166 168
540 166
590 166
167 168
168 169
540 168
169 170
169 540
575 169
170 171
170 172
170 575
171 172
172 173
174 172
172 575
173 174
174 175
575 174
175 176
175 177
178 175
175 528
175 575
176 177
177 178
178 179
181 178
528 178
571 178
179 180
179 181
180 181
181 182
181 571
182 183
182 571
183 184
183 186
183 187
531 183
571 183
184 185
186 184
185 186
186 187
187 188
531 187
568 187
188 189
188 568
189 190
568 189
190 191
192 190
568 190
191 192
192 193
192 198
199 192
192 530
192 568
193 194
198 193
194 195
197 194
194 198
195 196
195 197
196 197
197 198
198 199
199 200
199 530
659 199
200 201
200 659
201 202
565 201
659 201
202 203
565 202
203 204
565 203
204 205
204 208
565 204
205 206
207 205
208 205
206 207
207 208
208 209
564 208
208 565
209 210
212 209
209 216
209 564
210 211
210 212
211 212
212 213
216 212
213 214
215 213
216 213
214 215
215 216
216 217
218 216
216 219
529 216
564 216
217 218
218 219
219 220
529 219
219 566
220 221
220 566
221 222
224 221
225 221
221 566
222 223
222 224
223 224
224 225
225 226
566 225
225 578
226 227
578 226
227 228
227 578
227 589
228 229
589 228
705 228
229 230
229 705
230 231
230 686
230 687
230 705
231 232
231 547
687 231
232 233
547 232
233 234
233 547
234 235
547 234
697 234
235 236
697 235
236 237
697 236
236 698
237 238
698 237
237 713
238 239
238 713
239 240
239 712
239 713
240 241
712 240
241 242
241 709
241 712
242 243
709 242
243 244
243 709
243 711
244 245
244 711
245 246
708 245
245 711
246 247
708 246
247 248
247 708
248 249
248 708
249 250
249 708
715 249
250 251
715 250
251 252
251 715
252 253
714 252
252 715
253 254
253 714
716 253
254 255
254 716
255 256
716 255
256 257
258 256
256 716
257 258
258 259
287 258
258 288
258 716
259 260
259 286
287 259
260 261
285 260
260 286
261 262
261 263
261 283
261 284
285 261
262 263
263 264
282 263
263 283
264 265
264 281
264 282
265 266
265 281
265 572
266 267
266 572
267 268
532 267
572 267
268 269
532 268
269 270
269 532
270 271
270 532
271 272
273 271
271 275
532 271
272 273
273 274
273 275
274 275
275 276
275 532
276 277
276 532
277 278
532 277
278 279
532 278
278 572
279 280
572 279
280 281
280 572
281 282
572 281
282 283
283 284
284 285
285 286
286 287
287 288
288 289
288 716
289 290
289 716
289 719
290 291
719 290
291 292
291 717
291 719
292 293
295 292
717 292
293 294
295 293
294 295
295 296
717 295
296 297
717 296
297 298
297 717
718 297
298 299
718 298
299 300
718 299
300 301
300 707
300 718
301 302
301 707
302 303
302 707
710 302
303 304
710 303
304 305
710 304
305 306
709 305
305 710
306 307
709 306
307 308
709 307
712 307
308 309
712 308
309 310
309 712
309 713
310 311
310 713
311 312
698 311
311 713
312 313
698 312
313 314
683 313
697 313
313 698
314 315
314 683
315 316
315 680
683 315
316 317
316 680
317 318
317 677
680 317
318 319
677 318
319 320
319 677
319 682
320 321
320 682
321 322
321 682
322 323
322 666
322 679
682 322
323 324
666 323
324 325
666 324
325 326
606 325
666 325
326 327
326 606
327 328
606 327
617 327
328 329
328 617
329 330
617 329
330 331
617 330
330 619
331 332
619 331
332 333
332 609
619 332
333 334
609 333
618 333
334 335
618 334
335 336
335 618
336 337
336 595
336 618
337 338
595 337
337 597
338 339
560 338
597 338
339 340
339 560
583 339
340 341
583 340
341 342
341 583
342 343
342 521
583 342
343 344
343 521
344 345
521 344
344 591
345 346
551 345
345 591
346 347
551 346
347 348
347 551
348 349
348 551
349 350
349 496
349 551
349 580
350 351
496 350
654 350
351 352
654 351
352 353
352 654
656 352
353 354
656 353
354 355
656 354
355 356
355 655
355 656
356 357
655 356
357 358
357 652
655 357
358 359
652 358
359 360
652 359
653 359
360 361
653 360
361 362
361 653
362 363
362 512
362 653
363 364
512 363
363 635
363 636
364 365
636 364
365 366
636 365
366 367
366 636
367 368
367 636
642 367
368 369
642 368
369 370
642 369
370 371
515 370
641 370
642 370
371 372
515 371
372 373
372 515
373 374
515 373
373 639
374 375
374 639
375 376
639 375
640 375
376 377
376 640
377 378
377 640
378 379
640 378
669 378
379 380
669 379
380 381
380 669
381 382
381 536
381 669
382 383
382 536
383 384
383 514
536 383
556 383
384 385
556 384
385 386
516 385
385 556
386 387
516 386
387 388
387 391
387 516
388 389
388 391
389 390
389 391
390 391
391 392
391 516
392 393
516 392
393 394
516 393
394 395
394 516
395 396
516 395
396 397
516 396
556 396
397 398
514 397
556 397
398 399
398 400
398 514
399 400
400 401
400 514
401 402
401 514
402 403
514 402
403 404
514 403
403 536
404 405
536 404
405 406
536 405
669 405
406 407
406 669
407 408
669 407
408 409
408 640
669 408
409 410
409 640
410 411
639 410
640 410
411 412
411 639
412 413
515 412
412 639
413 414
413 515
414 415
515 414
414 641
415 416
641 415
416 417
416 641
417 418
513 417
641 417
418 419
513 418
419 420
513 419
637 419
420 421
420 637
421 422
637 421
638 421
422 423
638 422
423 424
638 423
424 425
424 512
424 638
425 426
425 512
651 425
426 427
426 651
427 428
427 548
651 427
428 429
548 428
429 430
548 429
429 657
430 431
657 430
431 432
431 550
657 431
432 433
432 550
433 434
550 433
434 435
520 434
434 550
435 436
520 435
436 437
436 520
437 438
520 437
437 552
438 439
552 438
439 440
439 552
615 439
440 441
592 440
440 615
696 440
441 442
441 648
650 441
696 441
442 443
646 442
650 442
443 444
646 443
444 445
444 523
646 444
445 446
445 523
446 447
523 446
447 448
523 447
447 537
448 449
448 537
449 450
537 449
449 538
449 541
450 451
541 450
451 452
541 451
452 453
541 452
453 454
541 453
668 453
454 455
668 454
455 456
629 455
455 630
455 668
456 457
456 630
457 458
630 457
458 459
458 630
459 460
459 508
630 459
460 461
508 460
460 554
461 462
461 509
554 461
462 463
509 462
463 464
509 463
464 465
464 509
632 464
465 466
632 465
466 467
466 632
466 633
467 468
467 633
468 469
468 574
633 468
469 470
535 469
469 574
470 471
470 535
471 472
511 471
471 535
472 473
511 472
473 474
511 473
474 475
474 511
555 474
475 476
555 475
476 477
555 476
658 476
477 478
477 658
478 479
478 634
478 658
479 480
479 634
480 481
480 510
480 634
481 482
481 510
482 483
482 510
483 484
510 483
483 534
484 485
534 484
485 486
534 485
486 487
534 486
487 488
534 487
488 489
488 534
489 490
489 534
517 491
491 557
491 558
491 581
700 491
702 491
492 660
492 665
670 492
671 492
492 676
492 678
504 493
533 493
493 539
545 493
646 493
493 650
494 563
494 587
612 494
613 494
621 494
648 494
649 494
707 495
708 495
714 495
495 715
717 495
718 495
520 496
496 549
550 496
552 496
580 496
496 654
598 497
497 599
600 497
497 662
663 497
498 521
560 498
579 498
592 498
498 593
616 498
585 499
499 645
661 499
662 499
663 499
664 499
500 600
500 602
603 500
605 500
606 500
500 666
501 586
501 599
604 501
501 607
501 608
609 501
619 501
523 502
537 502
538 502
539 502
502 543
544 502
503 622
627 503
628 503
504 533
545 504
573 504
505 553
624 506
625 506
685 506
506 689
506 690
506 693
695 506
507 538
541 507
542 507
667 507
507 668
508 554
630 508
631 508
509 554
509 632
510 534
510 634
535 511
555 511
512 635
638 512
651 512
512 653
636 513
637 513
641 513
642 513
536 514
556 514
515 639
641 515
556 516
557 517
517 558
517 559
517 582
518 660
670 518
671 518
672 518
518 673
518 704
524 519
519 561
519 563
519 610
620 519
519 621
520 550
552 520
521 560
521 579
521 583
521 591
522 561
562 522
585 522
522 645
647 522
523 537
523 539
646 523
561 524
524 563
588 524
524 647
528 525
540 525
525 567
525 569
525 570
576 525
529 526
526 564
526 565
526 567
570 526
659 526
527 529
566 527
567 527
576 527
527 577
578 527
540 528
528 569
571 528
528 575
529 564
566 529
529 567
531 530
530 568
530 569
570 530
659 530
568 531
531 569
571 531
532 572
573 533
533 613
614 533
648 533
533 650
535 574
536 669
538 537
541 538
542 538
543 538
539 544
539 545
539 646
540 575
540 576
540 590
668 541
542 543
667 542
544 543
545 544
546 547
681 546
683 546
687 546
692 546
697 546
687 547
547 697
548 651
652 548
548 655
657 548
549 550
549 654
655 549
656 549
657 549
550 657
551 552
579 551
580 551
551 591
579 552
580 552
615 552
658 555
700 557
581 558
558 582
582 559
560 583
560 593
597 560
561 562
561 620
561 647
562 585
598 562
620 562
562 663
563 587
588 563
563 621
565 564
565 659
566 578
570 567
576 567
570 569
569 571
659 570
614 573
633 574
577 576
576 590
578 577
589 577
590 577
578 589
591 579
579 592
579 615
702 581
584 593
584 595
584 596
584 597
607 584
584 608
584 610
611 584
645 585
585 663
586 598
599 586
607 586
586 610
620 586
588 587
613 587
614 587
589 705
592 615
616 592
592 696
593 596
593 597
616 593
596 594
594 611
594 612
594 616
649 594
696 594
597 595
595 608
595 618
611 596
616 596
598 599
620 598
598 663
599 600
604 599
599 605
600 602
605 600
600 662
601 602
601 660
601 661
662 601
665 601
602 603
662 602
602 665
603 665
603 666
603 678
603 679
604 605
617 604
619 604
606 605
617 605
617 606
666 606
608 607
610 607
609 608
608 618
618 609
619 609
611 610
610 620
621 610
612 611
611 621
621 612
612 649
613 614
613 648
696 616
619 617
623 622
623 624
625 623
625 624
624 691
695 624
625 693
626 627
628 626
626 701
626 703
627 628
630 629
631 629
667 629
668 629
631 630
633 632
658 634
635 636
635 637
635 638
637 636
642 636
637 638
640 639
640 669
641 642
643 670
643 674
643 684
643 685
691 643
694 643
674 644
675 644
644 677
680 644
681 644
684 644
664 645
646 650
649 648
650 648
696 648
649 696
651 652
651 653
653 652
652 655
656 654
656 655
655 657
661 660
660 665
660 671
704 660
662 661
661 664
704 661
663 662
664 704
665 678
666 679
667 668
671 670
670 672
674 670
676 670
694 670
672 673
694 672
704 673
674 675
674 676
684 674
676 675
677 675
678 675
679 675
678 676
677 679
677 680
677 682
678 679
679 682
681 680
680 683
681 683
684 681
681 688
692 681
683 697
684 685
688 684
688 685
689 685
691 685
695 685
686 687
688 686
689 686
686 690
705 686
687 688
692 687
689 688
688 692
689 690
690 693
690 705
691 694
691 695
697 698
713 698
699 700
699 701
702 699
699 703
702 700
701 702
701 703
706 707
706 708
706 710
711 706
708 707
707 710
718 707
708 711
715 708
710 709
711 709
709 712
710 711
713 712
715 714
714 716
714 717
719 714
719 716
717 718
719 717
