714
232 507
227 507
222 505
219 501
217 496
217 493
219 488
220 483
221 478
223 474
223 469
222 465
224 461
225 456
224 451
222 447
222 442
221 437
219 432
218 427
216 423
215 418
214 413
213 408
213 403
212 398
212 393
213 388
214 383
215 378
216 373
216 370
219 365
220 360
220 355
220 350
219 345
218 340
216 336
215 331
214 326
212 321
210 317
208 312
207 307
206 302
204 298
203 293
202 288
201 283
201 278
200 273
200 268
198 264
200 260
200 255
200 250
200 245
201 240
202 235
203 230
206 226
208 221
211 217
214 212
214 207
215 202
218 198
221 193
224 189
228 184
232 180
233 175
232 170
230 165
227 161
223 156
221 152
220 147
220 142
219 137
216 133
211 128
206 125
201 125
196 125
191 125
186 124
181 124
176 124
171 123
166 122
161 122
156 122
151 122
146 124
141 124
136 125
131 125
126 125
121 124
116 123
111 122
106 122
101 121
96 120
91 118
86 117
81 117
76 116
71 116
66 116
61 116
56 118
51 119
46 120
41 120
36 120
31 120
26 121
23 119
24 114
29 111
24 109
20 104
16 101
12 97
10 92
15 91
20 92
24 92
29 93
33 96
38 97
43 99
48 101
53 102
58 104
63 105
68 105
73 106
78 106
83 106
88 106
93 105
98 105
103 105
108 104
113 104
118 104
123 104
128 103
133 103
138 104
143 104
148 105
153 106
158 106
163 106
168 106
173 106
178 105
183 105
188 105
193 105
198 105
203 105
208 104
213 103
218 103
223 103
228 103
233 103
238 102
243 100
244 95
245 90
241 85
236 81
231 77
226 73
221 70
218 65
218 60
216 56
214 51
213 46
214 41
214 36
215 33
215 28
217 24
220 19
225 16
230 13
235 10
240 7
245 5
250 5
255 5
260 7
265 10
270 11
275 11
280 13
285 16
290 19
292 24
294 29
298 33
300 38
299 43
298 48
298 53
296 58
295 62
293 67
289 71
285 75
281 79
278 83
273 87
272 92
272 97
272 100
276 103
281 103
286 103
291 104
296 103
301 104
306 105
311 105
316 105
321 105
326 105
331 105
336 105
341 106
346 106
351 106
356 106
361 106
366 105
371 104
376 103
381 103
386 103
391 103
396 103
401 104
406 104
411 105
416 105
421 105
426 106
431 106
436 106
441 106
446 105
451 105
456 104
461 102
466 101
471 100
476 98
481 96
486 93
491 92
496 92
501 92
503 95
500 100
495 104
491 108
486 110
489 113
492 118
493 121
488 121
483 120
478 121
473 121
468 120
463 118
458 117
453 116
448 116
443 116
438 116
433 117
428 118
423 119
418 120
413 121
408 122
403 122
398 123
393 125
388 125
383 125
378 124
373 124
368 123
363 123
358 123
353 123
348 123
343 123
338 124
333 124
328 124
323 125
318 125
313 125
308 126
303 128
299 132
295 136
294 141
295 146
294 149
294 154
291 159
287 163
285 168
282 172
281 177
282 182
286 186
290 190
293 195
294 200
297 204
299 209
300 214
303 217
305 222
307 227
309 231
311 236
312 241
314 245
314 250
315 255
315 260
315 265
314 270
315 275
314 280
314 285
312 289
311 294
310 299
309 304
308 309
305 313
304 318
302 323
300 327
299 331
298 336
297 341
296 346
294 350
294 355
294 360
296 364
297 369
298 374
299 379
300 384
302 388
302 393
303 398
302 403
302 408
300 412
299 417
298 422
297 427
296 432
294 436
292 441
291 446
291 451
290 456
290 461
292 466
291 471
292 476
293 481
296 485
297 490
298 495
296 500
293 504
289 506
284 506
279 506
274 507
269 504
267 500
267 495
268 490
269 485
270 480
270 475
271 470
272 466
273 461
273 456
273 451
273 446
271 442
271 437
270 432
269 427
269 422
268 417
268 412
265 408
265 405
265 400
265 395
265 390
265 385
267 381
267 376
267 371
265 367
265 362
265 357
263 352
263 347
263 342
263 337
263 332
262 327
262 322
262 317
261 312
259 308
259 303
259 298
258 293
258 288
258 283
256 280
256 285
256 290
255 295
255 300
255 305
254 310
254 315
253 320
253 325
251 329
251 334
251 339
251 344
250 349
250 354
249 359
249 364
248 369
248 374
248 379
248 384
249 389
249 394
249 399
249 404
248 409
247 414
246 418
245 423
244 428
243 433
243 438
243 443
242 448
242 453
242 458
242 463
243 468
243 473
243 478
244 483
247 487
248 492
248 497
248 502
244 505
239 507
234 507
233 507
273.806 246.097
234.696 252.5
228.929 285.214
232.384 315.746
257.565 156.874
255.923 207.923
256.736 182.347
260.189 47.0574
283.63 300.5
287.686 231.826
292.901 257.5
251.364 128.16
242.884 194.884
270.994 197.006
274.821 33.7717
273.884 59.8837
272.808 134.162
233.926 227.356
251.65 66.5626
239.691 34.8182
253.468 23.5536
219.023 264
231.971 374.427
279.67 363.462
282.886 389.252
271.636 304.914
291.746 279.777
301.432 248.071
240.283 145.239
227.555 31.0677
302.849 282.244
296 116.5
282.5 491.056
296.12 303.664
281.727 25.9264
284.218 50.4436
277.797 149.589
219.444 237.364
272.927 289.919
283.572 318.842
303.933 258.907
297.054 268.884
288.574 245.012
236.664 23.1013
229.326 46.8472
292.431 291.996
280.192 309.66
283.166 286.387
39.6667 109.278
231.796 209.513
306.516 115.546
275.858 497.382
284.36 60.9756
272.336 47.8122
287.778 39.1148
305.276 273.255
223.339 39.5301
244.739 49.6479
231.826 60.4531
301.863 291.632
48.7799 110.121
316.562 115.044
237.856 43.7169
250.94 39.2633
262.512 34.9157
267.649 23.3939
253.72 55.8474
264.042 56.6676
236.24 52.6093
475.025 110.212
244.245 182.468
250.365 169.39
244.471 157.67
241.083 166.715
234.725 154.033
255.693 195.115
269.397 184.296
265.446 169.737
269.537 158.385
273.978 216.986
234.522 360.13
227.943 366.332
238.821 368.273
280.044 376.511
287.202 369.776
289.072 381.185
298.543 236.577
281.325 479.789
281.14 469.867
282.801 139.451
284.094 124.923
293.146 125.093
269.027 118.03
285.286 113.982
274.871 125.169
276.217 112.233
264.813 145.267
252.547 145.674
246.705 137.272
232.896 132.712
258.382 136.483
262.027 126.289
230.29 142.69
221.35 224.641
229.176 218.874
231.965 240
253.78 236.909
242.404 235.144
247.741 220.827
246.346 247.284
260.192 249.353
247.202 264.814
243.353 256.216
243.901 209.346
238.709 217.465
261.052 220.221
270.748 231.523
254.708 227.385
271.492 266.509
280.782 274.419
269.391 278.387
282.575 262.904
274.363 256.497
279.322 225.801
286.949 215.149
279.04 206.017
281.361 195.847
279.115 237.375
265.221 240.291
293.619 314.373
245.25 16.4839
231.606 197.852
239.998 69.1552
244.032 59.806
267.302 207.77
257.5 106.869
255.022 117.685
241.614 278.193
249.494 273.628
259.297 266.373
254.283 257.576
241.139 292.305
229.831 271.874
229.18 261.412
221.046 250.711
211.165 256.005
264.658 258.122
246.989 285.438
228.057 300.775
211.16 244.844
240.3 305.347
243.137 315.719
220.889 310.958
223.37 321.193
235.495 331.078
216.984 300.595
225.247 331.27
242.575 325.02
294.155 223.185
267.129 108.457
233.887 345.566
228.845 353.082
241.201 339.044
240.482 352.575
278.556 347.919
284.516 355.303
274.179 356.044
224.383 119.044
239.695 118.21
241.506 127.903
232.309 123.592
231.713 112.645
247.072 110.144
258.338 93.1822
252.036 99.6653
254.431 80.0138
245.581 76.7561
265.045 70.8061
263.328 84.538
275.445 70.1851
215.518 287.128
218.711 275.782
210.282 269.664
223.155 292.695
278.043 332.859
272.441 340.589
273.138 322.826
288.243 328.783
286.151 340.122
212.947 115.097
202.86 115.086
192.78 115.078
183.167 114.623
232.885 492.427
232 481.047
233.02 470.899
230.714 392.714
225.098 383.141
237.145 383.969
230.616 409.662
238.01 401.231
223.768 401.148
231.161 423.318
236.999 416.246
231.906 434.485
224.367 416.75
232.214 444.782
284 406.226
291.247 397.227
276.103 398.221
283.5 420.769
289.992 413.712
277.505 413.283
282.339 432.804
282 442.467
414.222 109.452
714
233.466 496.488
230.666 495.685
228.277 496.452
227.372 496.737
226.619 496.973
227.674 496.642
230.418 495.806
231.314 489.507
232.053 483.549
232.574 476.353
233.297 466.446
233.375 465.388
233.52 463.398
231.639 451.53
233.115 448.982
233.008 445.787
232.646 442.109
231.89 435.329
231.13 428.506
230.487 422.858
230.356 419.698
230.227 416.552
230.317 409.4
230.345 407.135
230.417 402.093
230.285 397.886
230.231 396.447
230.155 394.429
229.846 385.923
230.631 380.489
231.124 378.086
231.631 375.493
232.499 371.288
234.528 362.65
236.27 355.561
236.642 348.559
236.505 345.241
235.666 336.208
235.28 332.587
234.382 329.183
233.239 326.161
228.894 315.059
227.073 310.519
225.56 306.644
223.63 301.633
221.487 294.959
220.726 287.977
220.428 285.578
219.88 279.76
220.579 273.764
221.313 266.743
221.316 261.586
220.569 259.014
214.74 262.966
221.172 258.406
224.038 252.426
224.78 248.639
224.936 246.309
225.325 245.397
226.848 243.839
227.242 243.497
230.583 241.634
234.776 237.118
240.178 230.912
246.962 218.58
242.824 209.843
241.407 208.691
243.356 210.163
244.466 210.815
247.614 212.701
253.209 209.948
255.524 196.353
254.8 172.305
253.865 151.615
252.483 142.815
248.102 137.92
234.675 145.041
234.219 145.282
236.168 144.245
249.976 136.927
252.147 129.762
241.57 123.84
223.273 116.033
207.937 111.5
198.404 113.062
194.074 114.339
190.968 115.005
186.234 114.904
180.717 114.773
176.771 114.615
172.666 114.454
167.005 114.121
162.237 113.872
157.121 113.782
150.743 113.902
144.022 114.091
139.668 114.243
135.125 114.374
131.874 114.445
127.399 114.377
123.169 114.193
120.31 113.983
111.69 113.47
122.239 112.684
101.694 112.855
97.4526 112.52
92.5647 111.862
85.9614 111.469
81.0641 111.187
76.4687 110.962
71.3719 110.736
62.7139 110.834
60.378 110.717
54.2799 110.843
49.7335 110.946
45.3235 110.943
40.3673 110.963
36.3185 108.89
31.3408 112.994
24.6144 119.159
23.3728 120.297
28.1417 115.926
36.2437 108.729
31.0724 103.933
19.2372 95.7121
18.5004 95.3982
11.9075 92.8953
10.1068 92.0603
13.6139 93.6867
15.2532 94.1639
22.0164 96.7096
24.7902 98.1444
32.3766 105.107
34.0667 106.634
38.1618 110.448
45.3206 110.939
51.3246 110.904
52.595 110.845
61.8311 110.687
68.1513 110.595
72.0145 110.765
74.582 110.879
78.1933 111.054
89.7858 111.696
92.8181 111.886
97.3253 112.505
102.204 112.891
107.701 113.229
112.284 113.506
117.928 113.853
125.907 114.31
128.166 114.399
132.568 114.43
133.978 114.399
157.932 114.263
145.195 114.052
152.213 113.87
158.22 113.765
163.124 113.905
172.878 114.377
180.853 114.741
178.562 114.687
182.576 114.845
187.278 114.916
192.183 114.93
196.875 113.522
202.38 112.087
207.972 111.546
210.949 110.915
215.057 112.589
223.547 116.167
228.82 118.399
238.971 122.721
247.984 126.566
256.663 123.892
257.699 104.081
258.359 78.0067
258.207 57.1071
253.623 47.3254
245.545 46.2701
238.659 47.5905
227.803 53.7722
227.812 53.7673
236.851 47.1873
237.418 45.9149
237.885 42.8959
235.854 41.5907
233.797 40.206
228.147 36.4736
227.287 35.9083
226.04 35.1141
223.175 33.2979
226.643 35.4873
234.976 40.0871
242.437 42.3589
244.675 38.6598
245.778 23.5547
245.842 21.2726
245.981 16.3532
245.801 22.6807
246.009 38.1633
255.693 42.9253
267.805 44.1524
272.932 42.9635
275.321 42.4492
279.881 36.1498
279.866 36.1762
278.19 39.1906
276.64 43.2968
287.4 40.4656
286.553 40.7232
284.128 41.4606
275.548 44.6167
275.219 46.6081
277.276 48.2294
282.761 52.0544
282.958 52.1891
275.485 47.4472
270.526 47.3233
264.936 47.4344
260.062 48.1719
258.798 62.6902
258.116 87.4745
257.573 109.103
259.193 126.425
264.302 128.471
275.962 124.341
284.549 120.256
293.312 116.108
299.638 113.568
301.979 113.635
306.901 113.052
312.425 113.412
317.305 113.86
321.979 114.146
325.201 114.332
336.363 114.529
336.337 114.577
338.751 114.594
344.06 114.623
351.86 114.655
356.692 114.528
320 113.778
368.364 113.921
373.607 113.724
377.1 113.749
381.232 113.815
377.212 113.771
394.599 113.755
395.169 113.524
400.329 113.367
405.851 113.209
411.885 113.027
417.19 112.789
421.277 112.475
427.358 111.932
449.881 110.583
436.29 111.219
441.482 110.795
445.991 110.449
450.659 110.264
457.044 110.055
462.655 110.121
467.843 110.299
474.215 110.573
478.952 110.821
485.138 104.004
490.169 98.4971
492.782 96.8266
499.731 94.584
502.066 93.8328
502.216 93.7846
497.622 95.2621
495.875 95.8297
491.906 98.3847
478.733 111.061
483.446 114.472
490.818 119.215
493.471 120.922
491.588 119.711
486.546 116.536
478.058 111.563
475.289 110.615
471.451 110.455
465.891 110.238
460.342 110.187
451.66 110.23
446.648 110.417
444.408 110.579
436.989 111.161
432.305 111.557
427.342 111.978
421.85 112.429
417.493 112.771
412.531 113.003
409.412 113.102
398.284 113.428
395.269 113.516
391.032 114.073
387.901 114.011
384.202 113.902
378.221 113.756
374.27 113.724
368.873 113.894
362.768 114.226
357.595 114.49
352.846 114.646
347.928 114.656
342.223 114.619
337.356 114.585
333.081 114.548
327.765 114.479
323.252 114.219
319.508 114.019
314.272 113.58
307.253 113.047
299.001 113.731
282.804 121.143
269.706 127.666
268.772 136.918
277.712 142.971
272.578 139.562
279.313 144.027
274.366 140.984
260.936 133.862
255.675 138.252
254.338 151.208
254.986 176.277
259.875 209.277
259.85 210.305
261.851 213.736
262.014 213.883
262.637 216.079
265.08 219.21
267.157 222.064
271.7 226.965
274.872 230.103
277.062 232.852
278.931 235.112
283.677 240.769
286.522 244.034
288.127 245.838
291.533 249.194
291.635 250.434
293.002 253.275
294.019 255.896
296.231 263.16
297.156 266.066
298.812 271.724
299.699 275.497
300.068 277.78
299.307 279.302
297.836 285.117
294.294 294.981
293.257 297.878
292.209 300.758
290.338 305.668
287.325 313.6
285.366 318.651
284.466 320.972
281.678 328.12
279.781 333.805
278.101 338.883
277.716 342.756
277.711 345.19
277.679 355.058
280.692 363.386
281.801 368.889
282.573 372.756
283.57 378.084
284.723 384.186
285.42 389.654
285.98 394.052
286.172 395.562
286.485 398.452
286.157 401.402
285.75 405.102
285.507 407.311
284.894 412.827
284.086 419.906
283.187 427.629
282.946 429.693
282.588 432.731
282.111 438.87
281.678 445.831
281.447 450.636
281.439 453.328
281.359 462.332
280.957 466.044
280.633 470.325
281.249 479.482
281.945 489.014
283.459 494.634
286.583 496.147
288.976 497.354
289.184 497.46
289.332 497.534
287.651 496.686
286.124 495.904
278.993 496.508
272.891 500.58
270.774 502.054
273.663 500.043
275.397 498.836
280.501 495.282
282.033 490.148
281.47 482.772
281 475.766
280.649 470.674
280.815 467.336
280.823 467.816
281.431 456.186
281.446 450.748
281.724 444.904
281.9 441.619
282.203 437.652
282.663 432.063
283.225 427.299
283.889 421.6
284.734 414.216
285.731 405.522
285.883 404.265
285.88 404.296
286.156 401.779
286.206 397.128
286.003 394.885
285.368 389.291
284.729 385.199
283.335 376.587
281.553 367.784
280.599 363.048
279.466 359.975
277.393 354.208
277.63 350.19
277.647 347.412
277.418 344.072
278.207 339.491
279.516 333.818
281.362 328.986
282.969 324.786
285.5 318.31
288.197 311.396
288.427 310.801
289.311 308.596
292.553 298.894
295.966 288.981
295.425 273.221
277.982 248.548
246.789 232.207
229.975 259.29
222.331 277.735
220.953 290.298
223.947 301.115
225.999 308.844
228.496 314.383
231.041 320.055
232.632 323.889
233.776 326.485
234.426 329.354
234.976 332.371
236.434 340.389
236.627 343.891
236.76 345.984
237.122 352.216
235.258 359.64
234.64 362.17
233.32 367.565
231.491 376.515
230.934 379.276
229.811 385.849
230.031 391.116
230.151 394.439
230.356 400.052
230.405 403.594
230.306 409.858
230.273 412.139
230.217 415.431
230.383 420.242
230.89 426.358
231.657 433.241
232.341 439.375
232.806 443.474
233.079 447.917
233.173 450.565
233.427 458.062
233.514 463.483
233.197 467.817
232.859 472.457
232.536 476.88
231.522 491.403
233.04 496.323
232 487.111
237.306 498.164
245.499 501.345
237.775 498.268
234.084 496.756
233.575 496.535
233.607 496.549
270.073 230.569
234.398 242.05
220.722 277.474
0 0
253.817 142.064
257.691 212.503
255.44 186.432
259.936 45.5842
293.367 297.549
276.948 233.678
291.042 251.992
253.422 130.849
254.244 209.136
258.568 207.497
271.929 43.8332
269.037 46.7741
261.742 131.771
241.441 232.233
259.935 46.6986
242.771 42.9562
245.539 36.5267
223.3 256.203
231.701 375.373
280.055 361.596
285.76 392.579
288.819 309.818
299.491 275.253
289.704 247.765
252.163 135.861
230.174 37.6941
299.955 277.253
298.777 113.794
284.509 495.11
292.31 300.485
275.969 42.2331
274.697 46.2465
261.396 133.575
228.809 242.762
296.831 276.856
284.205 321.609
293.373 254.298
296.969 265.68
283.581 241.688
242.779 42.7067
238.362 42.9883
297.849 284.616
287.895 312.183
298.164 282.172
30.2222 108.444
247.68 213.658
304.612 113.337
280.575 496.55
275.624 47.0515
268.614 46.7672
0 0
297.657 268.069
234.738 40.8339
249.05 43.9754
238.55 46.5002
298.576 282.185
46.5325 110.938
293.199 117.521
234.835 41.5158
250.622 43.5921
261.454 45.9577
269.731 45.2564
256.393 46.0357
262.34 46.7876
241.057 45.1386
488 109.333
255.057 178.496
254.235 159.116
254.368 140.327
262.222 136.889
249.476 137.202
258.667 206.222
255.762 193.986
254.286 155.149
255.194 138.656
263.655 219.94
235.169 360.009
232.75 370.111
231.111 376
279.515 359.92
282.854 374.33
285.769 394.692
283.689 240.915
281.798 486.938
280.624 470.208
261.683 132.847
271.654 126.427
283.792 120.64
262.675 128.706
282.144 121.408
265.483 129.287
268.574 135.044
255.844 135.22
254.476 136.536
253.735 133.166
252.057 129.469
257.023 133.127
259.644 131.037
251.146 136.278
237.314 234.302
247.921 215.396
232.264 241.064
254.052 226.874
246.253 228.448
251.778 218.916
245.838 232.668
259.664 231.522
239.049 236.204
240.333 238.11
246.211 211.809
248.413 218.177
258.282 218.787
266.194 226.794
255.346 223.62
281.838 243.091
293.117 256.689
288.889 259.556
290.635 250.4
278.584 242.287
269.246 225.22
268.959 223.89
261.409 213.632
261.197 213.401
276.315 233.122
267.109 226.698
0 0
245.683 29.5879
248.046 212.912
251.671 45.9148
250.036 44.9637
259.163 213.042
257.139 126.183
259.079 130.99
225.805 258.072
241.259 240.061
257.373 232.49
252.162 233.277
220.566 288.022
222.361 258.731
225.65 249.751
226.169 246.655
224.418 250.564
266.034 235.666
225.778 259.556
223.594 301.397
225.197 245.987
224.927 304.862
230.197 318.251
226.906 310.012
232.313 323.726
234.962 331.946
221.744 296.091
235.173 331.802
234.452 329.682
276.932 232.714
261.213 128.019
236.616 345.354
235.841 340.333
236.601 344.233
237.127 352.052
277.645 349.048
277.582 351.83
277.608 354.919
226.762 117.515
248.112 126.789
251.959 129.249
243.568 124.703
234.641 120.9
257.135 129.142
257.81 99.7192
257.178 114.115
263.111 50.6667
258.182 54.0268
259.719 48.2339
258.685 65.6025
268.114 47.3262
220.686 286.373
220.991 270.043
221.25 259.741
221.065 288.616
278.801 336.867
277.47 343.287
283.807 322.664
278.713 338.656
277.701 343.288
211.295 111.039
203.227 112.308
208.346 114.666
185.365 114.884
229.181 496.173
231.588 489.167
232.169 481.547
230.121 393.591
229.862 385.123
229.836 385.239
230.305 410.132
230.42 401.949
230.247 406.06
230.43 421.482
230.284 411.433
230.893 426.009
230.287 414.779
232.899 444.451
285.686 405.743
286.122 399.625
286.005 403.061
281.778 374.222
285.496 407.422
285.103 410.987
282.899 430.079
281.39 485.803
406.222 114.667
1640
0 0
0 0
0 0
0 0
0 0
0 0
0 0
0 0
0 0
0 0
0 0
0 0
0 0
491 580
0 0
0 0
0 0
0 0
0 0
0 0
0 0
0 0
0 0
0 0
0 0
0 0
0 0
0 0
0 0
0 0
0 0
0 0
0 0
0 0
0 0
0 0
0 0
0 0
0 0
0 0
0 0
0 0
0 0
0 0
0 0
0 0
0 0
0 0
0 0
0 0
0 0
0 0
0 0
0 0
0 0
0 0
0 0
0 0
0 0
0 0
0 0
0 0
0 0
0 0
0 0
0 0
0 0
0 0
0 0
0 0
0 0
0 0
0 0
0 0
0 0
0 0
0 0
0 0
0 0
0 0
0 0
580 645
0 0
0 0
0 0
0 0
0 0
0 0
0 0
0 0
0 0
0 0
0 0
0 0
0 0
0 0
0 0
0 0
0 0
0 0
0 0
0 0
0 0
0 0
0 0
0 0
0 0
0 0
0 0
0 0
0 0
0 0
0 0
0 0
0 0
0 0
0 0
0 0
0 0
0 0
0 0
0 0
0 0
0 0
0 0
0 0
0 0
0 0
0 0
0 0
0 0
0 0
0 0
0 0
0 0
0 0
0 0
0 0
0 0
0 0
0 0
0 0
645 573
0 0
0 0
0 0
0 0
0 0
0 0
0 0
0 0
0 0
0 0
0 0
0 0
0 0
0 0
0 0
0 0
0 0
0 0
0 0
0 0
0 0
0 0
0 0
0 0
0 0
0 0
0 0
0 0
0 0
0 0
0 0
0 0
0 0
0 0
573 571
0 0
0 0
0 0
0 0
0 0
0 0
0 0
0 0
0 0
0 0
0 0
0 0
0 0
0 0
0 0
0 0
0 0
0 0
571 689
0 0
0 0
0 0
0 0
0 0
0 0
0 0
0 0
0 0
0 0
0 0
0 0
0 0
0 0
0 0
0 0
0 0
689 103
0 0
0 0
0 0
0 0
0 0
0 0
0 0
0 0
0 0
0 0
0 0
0 0
0 0
0 0
0 0
0 0
0 0
0 0
0 0
0 0
0 0
0 0
0 0
0 0
0 0
0 0
0 0
0 0
0 0
0 0
0 0
0 0
0 0
0 0
0 0
0 0
0 0
0 0
0 0
0 0
0 0
0 0
0 0
0 0
0 0
0 0
0 0
0 0
0 0
0 0
0 0
0 0
0 0
0 0
0 0
0 0
0 0
0 0
0 0
0 0
0 0
0 0
0 0
0 0
0 0
0 0
0 0
0 0
0 0
0 0
0 0
0 0
0 0
0 0
0 0
0 0
0 0
0 0
0 0
0 0
0 0
0 0
0 0
103 546
0 0
0 0
0 0
0 0
0 0
0 0
0 0
0 0
0 0
0 0
0 0
0 0
0 0
0 0
0 0
0 0
0 0
0 0
0 0
0 0
0 0
0 0
0 0
0 0
0 0
0 0
0 0
0 0
0 0
0 0
0 0
0 0
0 0
0 0
0 0
0 0
0 0
0 0
0 0
0 0
0 0
0 0
0 0
0 0
0 0
0 0
0 0
0 0
0 0
0 0
0 0
0 0
0 0
0 0
0 0
0 0
0 0
0 0
0 0
0 0
0 0
0 0
0 0
0 0
0 0
0 0
0 0
0 0
0 0
0 0
0 0
0 0
0 0
0 0
0 0
0 0
0 0
0 0
0 0
0 0
0 0
0 0
0 0
0 0
0 0
0 0
0 0
0 0
0 0
0 0
0 0
0 0
0 0
0 0
0 0
0 0
0 0
0 0
0 0
0 0
0 0
0 0
0 0
0 0
0 0
0 0
571 673
0 0
0 0
0 0
0 0
0 0
0 0
0 0
0 0
0 0
0 0
0 0
0 0
0 0
0 0
0 0
0 0
0 0
0 0
0 0
0 0
0 0
0 0
0 0
0 0
0 0
0 0
0 0
0 0
0 0
0 0
0 0
0 0
0 0
0 0
0 0
0 0
0 0
0 0
0 0
0 0
0 0
0 0
0 0
0 0
0 0
0 0
0 0
0 0
0 0
0 0
0 0
0 0
0 0
0 0
0 0
0 0
0 0
0 0
0 0
0 0
0 0
0 0
0 0
0 0
0 0
0 0
0 0
0 0
0 0
0 0
0 0
0 0
0 0
0 0
0 0
0 0
0 0
0 0
0 0
0 0
0 0
0 0
0 0
0 0
0 0
0 0
0 0
0 0
0 0
0 0
0 0
0 0
0 0
0 0
0 0
0 0
0 0
0 0
0 0
0 0
0 0
0 0
0 0
0 0
0 0
0 0
0 0
0 0
0 0
0 0
0 0
0 0
0 0
0 0
0 0
0 0
0 0
0 0
0 0
0 0
0 0
571 242
0 0
0 0
0 0
0 0
0 0
0 0
0 0
0 0
0 0
0 0
0 0
0 0
0 0
0 0
0 0
0 0
0 0
0 0
0 0
0 0
0 0
0 0
0 0
0 0
0 0
0 0
0 0
0 0
0 0
0 0
0 0
0 0
0 0
0 0
0 0
0 0
0 0
0 0
0 0
0 0
0 0
0 0
0 0
0 0
0 0
0 0
0 0
0 0
0 0
0 0
0 0
0 0
0 0
0 0
0 0
0 0
0 0
0 0
0 0
0 0
0 0
0 0
0 0
0 0
0 0
0 0
0 0
0 0
0 0
0 0
0 0
0 0
0 0
0 0
0 0
0 0
0 0
0 0
0 0
0 0
0 0
0 0
0 0
0 0
0 0
0 0
0 0
0 0
0 0
0 0
0 0
0 0
0 0
0 0
0 0
0 0
0 0
0 0
0 0
0 0
0 0
0 0
0 0
0 0
0 0
0 0
0 0
0 0
0 0
0 0
0 0
0 0
0 0
0 0
0 0
0 0
0 0
0 0
0 0
0 0
0 0
0 0
0 0
0 0
0 0
0 0
0 0
0 0
0 0
0 0
0 0
0 0
0 0
0 0
0 0
0 0
0 0
0 0
0 0
0 0
0 0
0 0
0 0
0 0
0 0
0 0
0 0
0 0
0 0
0 0
0 0
0 0
0 0
0 0
0 0
0 0
0 0
0 0
0 0
0 0
0 0
0 0
0 0
0 0
0 0
0 0
0 0
0 0
0 0
0 0
0 0
0 0
0 0
0 0
0 0
0 0
0 0
0 0
0 0
0 0
0 0
0 0
0 0
0 0
0 0
0 0
0 0
0 0
0 0
0 0
0 0
0 0
0 0
0 0
0 0
0 0
0 0
0 0
0 0
0 0
0 0
0 0
0 0
0 0
0 0
0 0
0 0
0 0
0 0
0 0
0 0
0 0
0 0
0 0
0 0
0 0
0 0
0 0
0 0
0 0
0 0
0 0
0 0
0 0
0 0
0 0
0 0
0 0
0 0
0 0
0 0
573 618
0 0
0 0
0 0
0 0
0 0
0 0
0 0
0 0
0 0
0 0
0 0
0 0
0 0
0 0
0 0
0 0
0 0
0 0
0 0
0 0
0 0
0 0
0 0
0 0
0 0
0 0
0 0
0 0
0 0
0 0
0 0
0 0
0 0
0 0
0 0
0 0
0 0
0 0
0 0
0 0
0 0
0 0
0 0
0 0
0 0
0 0
0 0
0 0
0 0
0 0
0 0
0 0
0 0
0 0
0 0
0 0
0 0
0 0
0 0
0 0
0 0
0 0
0 0
0 0
0 0
0 0
0 0
0 0
0 0
0 0
0 0
0 0
0 0
0 0
0 0
0 0
618 708
0 0
0 0
0 0
0 0
0 0
0 0
0 0
0 0
0 0
0 0
0 0
0 0
0 0
0 0
0 0
0 0
0 0
0 0
0 0
0 0
0 0
0 0
0 0
0 0
0 0
0 0
0 0
0 0
0 0
0 0
0 0
0 0
0 0
0 0
0 0
0 0
0 0
0 0
0 0
0 0
0 0
0 0
0 0
708 712
0 0
0 0
0 0
0 0
0 0
0 0
0 0
0 0
0 0
0 0
0 0
0 0
0 0
0 0
0 0
0 0
0 0
0 0
0 0
0 0
0 0
0 0
0 0
0 0
0 0
0 0
0 0
0 0
0 0
0 0
0 0
0 0
0 0
0 0
0 0
0 0
0 0
0 0
0 0
0 0
0 0
0 0
0 0
0 0
0 0
0 0
0 0
0 0
0 0
0 0
0 0
0 0
0 0
0 0
0 0
0 0
0 0
0 0
0 0
0 0
0 0
0 0
0 0
0 0
0 0
0 0
0 0
0 0
0 0
0 0
0 0
0 0
0 0
0 0
0 0
0 0
0 0
0 0
0 0
0 0
0 0
0 0
0 0
0 0
0 0
0 0
0 0
0 0
0 0
0 0
0 0
0 0
0 0
0 0
0 0
0 0
0 0
0 0
0 0
0 0
0 0
0 0
0 0
0 0
0 0
0 0
0 0
0 0
0 0
0 0
0 0
0 0
0 0
0 0
0 0
0 0
0 0
0 0
0 0
0 0
0 0
0 0
0 0
0 0
0 0
0 0
0 0
0 0
0 0
0 0
0 0
0 0
0 0
0 0
0 0
0 0
0 0
0 0
0 0
0 0
0 0
0 0
0 0
0 0
0 0
0 0
0 0
0 0
0 0
0 0
0 0
0 0
0 0
0 0
0 0
0 0
0 0
0 0
0 0
0 0
0 0
0 0
0 0
0 0
0 0
0 0
0 0
0 0
0 0
0 0
0 0
0 0
0 0
0 0
0 0
0 0
0 0
0 0
0 0
0 0
0 0
0 0
0 0
0 0
0 0
0 0
0 0
0 0
0 0
0 0
0 0
0 0
0 0
0 0
0 0
0 0
0 0
0 0
0 0
0 0
0 0
0 0
0 0
0 0
0 0
0 0
0 0
0 0
0 0
0 0
0 0
0 0
0 0
0 0
0 0
0 0
0 0
0 0
0 0
0 0
0 0
0 0
0 0
0 0
0 0
0 0
0 0
0 0
0 0
0 0
0 0
0 0
0 0
0 0
0 0
0 0
0 0
0 0
0 0
0 0
0 0
0 0
0 0
0 0
0 0
0 0
0 0
0 0
0 0
0 0
0 0
0 0
0 0
0 0
0 0
0 0
0 0
0 0
0 0
0 0
0 0
0 0
0 0
0 0
0 0
0 0
0 0
0 0
0 0
0 0
0 0
0 0
0 0
0 0
0 0
0 0
0 0
0 0
0 0
0 0
0 0
0 0
0 0
0 0
0 0
0 0
0 0
0 0
0 0
0 0
0 0
0 0
0 0
0 0
0 0
0 0
0 0
0 0
0 0
0 0
0 0
0 0
0 0
0 0
0 0
0 0
0 0
0 0
0 0
0 0
0 0
0 0
0 0
0 0
0 0
0 0
0 0
0 0
0 0
0 0
0 0
0 0
0 0
0 0
0 0
0 0
0 0
0 0
0 0
0 0
0 0
0 0
0 0
0 0
0 0
0 0
0 0
0 0
0 0
0 0
0 0
0 0
0 0
0 0
0 0
0 0
0 0
0 0
0 0
0 0
0 0
0 0
0 0
0 0
0 0
0 0
0 0
0 0
0 0
0 0
0 0
0 0
0 0
0 0
0 0
0 0
0 0
0 0
0 0
0 0
0 0
0 0
0 0
0 0
0 0
0 0
0 0
0 0
0 0
0 0
0 0
0 0
0 0
0 0
0 0
0 0
0 0
0 0
0 0
0 0
0 0
0 0
0 0
0 0
0 0
0 0
0 0
0 0
0 0
0 0
0 0
0 0
0 0
0 0
0 0
0 0
0 0
0 0
0 0
0 0
0 0
0 0
0 0
0 0
0 0
0 0
0 0
0 0
0 0
0 0
0 0
0 0
0 0
0 0
0 0
0 0
0 0
0 0
0 0
0 0
0 0
0 0
0 0
0 0
0 0
0 0
0 0
0 0
0 0
0 0
0 0
0 0
0 0
0 0
0 0
0 0
0 0
0 0
0 0
0 0
0 0
0 0
0 0
0 0
0 0
0 0
0 0
0 0
0 0
0 0
0 0
0 0
0 0
0 0
0 0
0 0
0 0
0 0
0 0
0 0
0 0
0 0
0 0
0 0
0 0
0 0
0 0
0 0
0 0
0 0
0 0
0 0
0 0
0 0
0 0
0 0
0 0
0 0
0 0
0 0
0 0
0 0
0 0
0 0
0 0
0 0
0 0
0 0
0 0
0 0
0 0
0 0
0 0
0 0
0 0
0 0
0 0
0 0
0 0
0 0
0 0
0 0
0 0
0 0
0 0
0 0
0 0
0 0
0 0
0 0
0 0
0 0
0 0
0 0
0 0
0 0
0 0
0 0
0 0
0 0
0 0
0 0
0 0
0 0
0 0
0 0
0 0
0 0
0 0
0 0
0 0
0 0
0 0
0 0
0 0
0 0
0 0
0 0
0 0
0 0
0 0
0 0
0 0
0 0
0 0
0 0
0 0
0 0
0 0
0 0
0 0
0 0
0 0
0 0
0 0
0 0
0 0
0 0
0 0
0 0
0 0
0 0
0 0
0 0
0 0
0 0
0 0
0 0
0 0
0 0
0 0
0 0
0 0
0 0
0 0
0 0
0 0
0 0
0 0
0 0
0 0
0 0
0 0
0 0
0 0
0 0
0 0
0 0
0 0
0 0
0 0
0 0
0 0
0 0
0 0
0 0
0 0
0 0
0 0
0 0
0 0
0 0
0 0
0 0
0 0
0 0
0 0
0 0
0 0
0 0
0 0
0 0
0 0
0 0
0 0
0 0
0 0
0 0
0 0
0 0
0 0
0 0
0 0
0 0
0 0
0 0
0 0
0 0
0 0
0 0
0 0
0 0
0 0
0 0
0 0
0 0
0 0
0 0
0 0
0 0
0 0
0 0
0 0
0 0
0 0
0 0
0 0
0 0
0 0
0 0
0 0
0 0
0 0
0 0
0 0
0 0
0 0
0 0
0 0
0 0
0 0
0 0
0 0
0 0
0 0
0 0
0 0
0 0
0 0
0 0
0 0
0 0
0 0
0 0
0 0
0 0
0 0
0 0
0 0
0 0
0 0
0 0
0 0
0 0
0 0
0 0
0 0
0 0
0 0
0 0
0 0
0 0
0 0
0 0
0 0
0 0
0 0
0 0
0 0
0 0
0 0
0 0
0 0
0 0
0 0
0 0
0 0
0 0
0 0
0 0
0 0
0 0
0 0
0 0
0 0
0 0
0 0
0 0
0 0
0 0
0 0
0 0
0 0
0 0
0 0
0 0
0 0
0 0
0 0
0 0
0 0
0 0
0 0
0 0
0 0
0 0
0 0
0 0
0 0
0 0
0 0
0 0
0 0
0 0
0 0
0 0
0 0
242 713
713 567
1638
0 1
497 0
0 691
1 2
1 691
2 3
2 691
3 4
691 3
4 5
4 691
5 6
691 5
6 7
691 6
692 6
7 8
692 7
8 9
8 692
9 10
9 692
693 9
10 11
12 10
10 693
11 12
12 13
12 484
12 485
12 693
13 14
13 483
484 13
704 13
14 15
14 704
15 16
704 15
16 17
16 702
16 704
17 18
702 17
18 19
700 18
18 702
19 20
19 700
703 19
20 21
20 703
21 22
21 703
22 23
699 22
22 703
23 24
23 699
24 25
24 699
25 26
699 25
26 27
26 699
27 28
27 694
695 27
699 27
28 29
695 28
29 30
29 695
30 31
520 30
30 579
695 30
31 32
579 31
32 33
32 579
33 34
33 579
659 33
34 35
659 34
35 36
659 35
36 37
658 36
36 659
37 38
654 37
658 37
38 39
654 38
39 40
654 39
40 41
651 40
654 40
41 42
41 650
651 41
42 43
42 650
43 44
43 650
44 45
44 650
44 653
45 46
45 653
46 47
46 653
46 678
47 48
678 47
48 49
678 48
49 50
678 49
50 51
678 50
50 679
50 680
51 52
51 680
52 53
54 52
680 52
53 54
54 55
54 643
54 680
55 56
55 643
56 57
643 56
647 56
57 58
647 57
58 59
58 647
59 60
59 535
59 647
60 61
535 60
61 62
61 535
601 61
62 63
601 62
63 64
63 601
64 65
64 547
64 601
64 602
65 66
547 65
66 67
66 547
67 68
547 67
67 629
68 69
629 68
69 70
629 69
70 71
70 510
629 70
71 72
71 510
71 568
72 73
568 72
571 72
73 74
73 571
74 75
74 571
74 572
75 76
572 75
76 77
76 572
77 78
572 77
77 600
78 79
600 78
79 80
600 79
80 81
597 80
600 80
81 82
597 81
665 81
668 81
82 83
82 665
687 82
83 84
83 687
83 688
84 85
84 688
85 86
85 688
689 85
86 87
86 689
87 88
87 689
87 690
88 89
690 88
89 90
89 690
90 91
159 90
90 160
90 690
91 92
91 158
91 159
92 93
157 92
92 158
93 94
93 156
93 157
94 95
155 94
156 94
95 96
95 154
155 95
96 97
96 153
154 96
97 98
97 153
98 99
151 98
152 98
98 153
99 100
99 150
99 151
100 101
100 149
100 150
101 102
101 148
149 101
102 103
102 147
148 102
103 104
103 146
147 103
104 105
145 104
104 146
105 106
105 145
106 107
106 143
144 106
145 106
107 108
142 107
107 143
108 109
108 141
108 142
109 110
109 140
141 109
110 111
139 110
110 140
111 112
138 111
139 111
112 113
112 137
138 112
113 114
137 113
558 113
114 115
558 114
115 116
115 546
558 115
116 117
116 546
117 118
117 122
546 117
118 119
118 121
122 118
119 120
119 121
120 121
121 122
122 123
132 122
546 122
123 124
123 132
124 125
129 124
124 130
124 131
124 132
125 126
129 125
126 127
126 128
129 126
127 128
128 129
129 130
130 131
131 132
132 133
546 132
133 134
133 546
134 135
134 546
135 136
546 135
135 558
136 137
136 558
137 138
558 137
138 139
139 140
140 141
141 142
142 143
143 144
144 145
145 146
146 147
147 148
148 149
149 150
150 151
151 152
152 153
153 154
154 155
155 156
156 157
157 158
158 159
159 160
160 161
160 690
161 162
161 690
162 163
162 690
163 164
163 689
163 690
164 165
164 689
165 166
165 688
689 165
166 167
688 166
167 168
167 687
688 167
168 169
687 168
169 170
687 169
170 171
170 665
170 669
170 687
171 172
669 171
172 173
172 669
173 174
173 669
173 670
174 175
174 670
672 174
175 176
175 672
176 177
671 176
176 672
176 673
674 176
177 178
674 177
178 179
178 630
674 178
179 180
630 179
180 181
180 556
630 180
181 182
181 556
182 183
182 556
183 184
183 542
183 556
184 185
184 542
185 186
185 542
554 185
186 187
554 186
187 188
187 554
188 189
188 554
189 190
189 527
554 189
190 191
527 190
191 192
191 527
192 193
192 527
193 194
193 527
193 541
194 195
194 541
195 196
195 541
195 628
196 197
196 628
197 198
628 197
198 199
198 628
199 200
628 199
200 201
518 200
628 200
201 202
201 518
201 563
202 203
202 563
203 204
563 203
204 205
204 532
204 563
205 206
205 532
206 207
532 206
207 208
207 532
208 209
208 532
208 552
209 210
209 552
210 211
552 210
211 212
552 211
212 213
212 533
212 552
213 214
213 533
214 215
533 214
214 550
215 216
215 550
216 217
216 550
217 218
550 217
677 217
218 219
677 218
219 220
677 219
220 221
220 675
220 677
221 222
675 221
676 221
222 223
222 671
222 676
223 224
671 223
224 225
633 224
224 657
671 224
225 226
593 225
225 657
226 227
226 591
593 226
227 228
591 227
228 229
529 228
591 228
229 230
229 529
230 231
230 529
548 230
231 232
231 548
232 233
548 232
559 232
233 234
233 559
234 235
559 234
235 236
235 311
559 235
236 237
310 236
236 311
237 238
309 237
237 310
238 239
238 308
238 309
239 240
307 239
239 308
240 241
306 240
240 307
241 242
241 305
241 306
242 243
242 304
305 242
243 244
303 243
243 304
244 245
244 301
302 244
244 303
245 246
245 301
246 247
300 246
246 301
247 248
247 299
247 300
248 249
248 297
248 298
299 248
249 250
297 249
250 251
296 250
250 297
251 252
251 295
251 296
252 253
252 294
295 252
253 254
253 293
294 253
254 255
254 292
254 293
255 256
291 255
255 292
256 257
290 256
256 291
257 258
289 257
257 290
258 259
288 258
289 258
259 260
287 259
288 259
260 261
260 286
287 260
261 262
261 285
286 261
262 263
284 262
285 262
263 264
263 284
567 263
264 265
264 567
265 266
265 275
265 567
266 267
274 266
266 275
267 268
267 273
267 274
268 269
273 268
269 270
272 269
273 269
270 271
270 272
271 272
272 273
273 274
274 275
275 276
280 275
275 567
276 277
276 279
280 276
277 278
279 277
278 279
279 280
280 281
280 567
281 282
567 281
282 283
282 567
283 284
283 567
284 285
284 567
285 286
286 287
287 288
288 289
289 290
290 291
291 292
292 293
293 294
294 295
295 296
296 297
297 298
298 299
299 300
300 301
301 302
302 303
303 304
304 305
305 306
306 307
307 308
308 309
309 310
310 311
311 312
311 559
312 313
559 312
313 314
559 313
314 315
314 548
314 559
315 316
548 315
316 317
316 529
548 316
589 316
317 318
589 317
318 319
587 318
588 318
318 589
319 320
319 587
320 321
587 320
321 322
534 321
321 587
322 323
322 534
323 324
534 323
324 325
534 324
576 324
325 326
325 576
326 327
575 326
576 326
327 328
327 574
575 327
328 329
574 328
328 624
329 330
624 329
330 331
330 624
331 332
331 624
332 333
622 332
332 623
332 624
333 334
622 333
334 335
334 622
335 336
622 335
656 335
336 337
656 336
337 338
337 656
338 339
584 338
338 656
339 340
584 339
340 341
340 584
341 342
525 341
584 341
342 343
525 342
343 344
343 525
538 343
344 345
344 538
345 346
538 345
346 347
346 538
346 553
347 348
553 347
348 349
553 348
349 350
528 349
553 349
350 351
528 350
351 352
528 351
557 351
352 353
557 352
353 354
531 353
557 353
354 355
354 531
355 356
531 355
356 357
356 531
627 356
357 358
627 357
358 359
627 358
359 360
359 627
359 685
360 361
685 360
361 362
685 361
361 686
362 363
362 686
363 364
363 686
364 365
364 663
686 364
365 366
663 365
366 367
521 366
366 582
366 663
367 368
582 367
368 369
368 582
369 370
369 582
583 369
370 371
583 370
371 372
371 583
371 706
372 373
706 372
373 374
373 706
374 375
706 374
375 376
375 706
376 377
376 706
376 709
377 378
377 709
378 379
709 378
379 380
708 379
379 709
380 381
380 708
711 380
381 382
711 381
382 383
382 711
383 384
711 383
383 712
384 385
712 384
385 386
385 412
712 385
386 387
386 410
411 386
412 386
387 388
387 410
586 387
388 389
388 586
389 390
586 389
390 391
390 585
390 586
391 392
530 391
585 391
392 393
530 392
393 394
530 393
394 395
394 530
395 396
395 530
396 397
530 396
397 398
397 530
398 399
398 530
549 398
399 400
549 399
400 401
549 400
401 402
549 401
402 403
549 402
403 404
549 403
404 405
530 404
404 549
405 406
405 530
405 585
406 407
585 406
407 408
585 407
586 407
408 409
586 408
409 410
586 409
410 411
410 586
411 412
412 413
412 712
413 414
712 413
414 415
414 712
415 416
711 415
415 712
416 417
711 416
417 418
417 708
417 711
418 419
708 418
710 418
419 420
419 710
420 421
422 420
420 707
710 420
421 422
422 423
707 422
423 424
423 707
424 425
707 424
425 426
425 522
425 707
426 427
522 426
427 428
427 522
427 581
428 429
581 428
429 430
521 429
581 429
430 431
521 430
431 432
431 521
431 664
432 433
432 664
433 434
433 664
434 435
434 662
434 664
683 434
435 436
683 435
436 437
436 683
437 438
437 682
683 437
684 437
438 439
684 438
439 440
684 439
440 441
440 523
440 684
441 442
441 523
442 443
442 523
443 444
443 523
444 445
444 523
444 536
445 446
445 536
446 447
536 446
618 446
447 448
618 447
448 449
618 448
448 636
448 637
645 448
449 450
449 645
450 451
450 645
451 452
451 639
645 451
452 453
452 639
648 452
453 454
648 453
454 455
454 648
454 649
455 456
649 455
456 457
456 649
655 456
457 458
457 655
458 459
458 655
459 460
459 655
459 660
460 461
660 460
461 462
660 461
462 463
660 462
661 462
463 464
661 463
464 465
464 578
580 464
464 661
465 466
465 580
466 467
466 580
467 468
580 467
467 696
468 469
696 468
469 470
696 469
470 471
470 696
471 472
696 471
471 698
472 473
698 472
473 474
698 473
474 475
698 474
701 474
475 476
701 475
476 477
476 701
477 478
477 700
701 477
478 479
478 700
702 478
479 480
479 702
480 481
480 702
704 480
481 482
704 481
482 483
482 704
483 484
704 483
484 485
485 486
693 485
486 487
693 486
487 488
487 693
488 489
692 488
693 488
489 490
691 489
692 489
490 491
490 691
491 492
691 491
492 493
494 492
492 691
493 494
494 495
691 494
495 496
495 691
496 497
496 691
497 691
540 498
608 498
498 620
498 625
498 626
644 498
499 603
607 499
499 610
499 641
642 499
635 500
639 500
500 640
646 500
678 500
679 500
500 681
646 501
648 501
649 501
650 501
651 501
652 501
655 501
502 569
502 570
575 502
502 576
594 502
502 595
503 510
503 573
503 606
503 611
503 613
632 503
568 504
504 569
504 573
574 504
575 504
505 551
555 505
561 505
562 505
564 505
505 565
506 523
506 531
536 506
506 543
506 544
545 506
627 506
507 540
507 584
507 621
625 507
507 656
525 508
508 538
539 508
508 540
619 508
596 509
598 509
509 599
509 634
509 666
667 509
510 568
510 573
510 611
510 629
511 573
574 511
623 511
511 624
511 632
532 512
512 551
552 512
512 562
563 512
513 533
550 513
551 513
565 513
675 513
677 513
514 534
514 587
588 514
592 514
514 594
598 514
599 514
515 535
601 515
602 515
515 603
605 515
606 515
612 515
516 564
565 516
516 630
631 516
673 516
674 516
516 675
518 517
517 527
517 541
560 517
561 517
518 541
518 561
562 518
518 563
628 518
640 519
519 641
642 519
519 643
679 519
680 519
520 579
580 520
520 695
696 520
521 581
582 521
521 663
521 664
522 581
583 522
706 522
707 522
523 536
523 544
684 523
528 524
524 539
524 543
545 524
524 617
538 525
525 540
525 584
570 526
526 572
526 595
596 526
526 597
526 600
527 541
527 554
560 527
539 528
528 543
553 528
557 528
548 529
589 529
591 529
549 530
585 530
531 543
531 557
531 627
552 532
563 532
533 550
533 551
552 533
576 534
587 534
534 594
601 535
535 603
535 642
647 535
545 536
618 536
544 537
627 537
682 537
684 537
685 537
538 539
538 553
539 553
617 539
619 539
584 540
540 619
620 540
540 625
541 628
554 542
542 556
560 542
542 566
543 545
543 557
627 544
684 544
617 545
618 545
546 558
547 602
547 611
612 547
547 629
559 548
550 677
552 551
551 562
565 551
554 560
560 555
561 555
564 555
555 566
631 555
566 556
630 556
556 631
560 561
566 560
562 561
563 562
564 565
564 631
675 565
566 631
568 569
568 571
568 573
570 569
569 571
575 569
570 571
570 572
595 570
571 572
572 600
573 574
632 573
574 575
574 624
576 575
594 576
577 613
614 577
621 577
577 622
623 577
632 577
579 578
580 578
659 578
661 578
580 579
659 579
580 696
582 581
583 581
582 583
583 706
584 656
586 585
587 588
589 588
591 588
592 588
593 588
591 589
592 590
590 593
590 599
590 634
590 657
593 591
593 592
592 599
657 593
594 595
598 594
596 595
595 598
596 597
596 598
596 667
600 597
597 667
668 597
599 598
634 599
602 601
602 612
603 605
607 603
603 642
604 605
604 607
608 604
615 604
626 604
605 606
605 607
605 615
611 606
612 606
613 606
606 615
608 607
610 607
607 638
608 626
608 638
608 644
609 610
635 609
609 636
609 637
638 609
640 609
641 609
638 610
610 641
612 611
611 629
613 614
615 613
632 613
615 614
614 621
625 614
626 614
615 626
617 616
616 618
619 616
620 616
616 637
616 644
618 617
617 619
618 637
620 619
620 644
621 622
625 621
656 621
623 622
622 656
623 624
623 632
625 626
627 685
631 630
630 674
633 634
657 633
670 633
671 633
633 672
657 634
666 634
670 634
635 636
639 635
640 635
635 645
636 637
645 636
638 637
644 637
638 644
645 639
646 639
639 648
641 640
640 679
642 641
642 643
642 647
643 647
643 680
646 648
646 650
646 653
646 681
649 648
655 649
650 651
650 653
651 652
651 654
652 654
655 652
652 658
652 660
678 653
681 653
654 658
660 655
658 659
658 660
661 658
659 661
660 661
662 663
664 662
683 662
686 662
664 663
686 663
665 668
669 665
687 665
667 666
666 668
669 666
670 666
668 667
669 668
670 669
670 672
671 672
671 673
676 671
673 674
675 673
673 676
675 676
675 677
679 678
678 681
680 679
683 682
682 684
682 685
686 682
686 683
686 685
687 688
689 688
689 690
691 692
693 692
694 695
694 696
694 698
699 694
696 695
698 696
697 698
697 699
697 701
703 697
698 699
698 701
703 699
700 701
700 702
703 700
701 703
702 704
706 705
705 707
709 705
710 705
707 706
706 709
710 707
709 708
708 710
708 711
709 710
711 712
