862
184 497
181 496
181 492
180 487
179 483
179 478
181 473
180 469
186 466
187 462
183 464
181 463
189 458
190 453
190 448
190 443
191 438
191 433
191 428
191 423
191 418
191 413
190 408
190 403
189 398
186 393
182 393
180 390
180 385
180 380
180 375
180 370
180 365
180 360
180 355
180 350
180 345
180 340
180 335
180 330
180 325
180 320
180 315
180 310
180 305
181 300
181 295
181 290
181 285
181 280
182 275
182 270
182 265
182 260
181 255
183 253
184 248
184 243
185 238
187 233
185 232
188 226
187 222
184 220
188 219
189 216
190 213
189 208
191 203
192 198
196 194
198 189
195 184
192 184
190 181
190 176
189 171
187 166
188 162
192 159
195 157
191 153
186 154
181 153
178 155
173 155
168 158
163 161
158 163
155 165
151 165
146 168
141 169
136 171
134 171
137 174
130 174
125 174
123 173
119 176
116 179
115 181
110 182
105 183
101 185
101 188
96 184
93 187
90 188
87 186
84 188
84 184
81 183
80 179
75 176
73 178
75 172
74 167
72 163
69 160
67 157
66 155
64 150
59 150
54 151
49 150
44 149
39 149
35 148
30 147
27 148
28 145
25 144
20 142
15 142
12 141
9 140
10 139
15 138
20 136
25 136
30 137
35 136
39 136
44 134
49 136
54 136
59 137
61 133
59 128
63 128
65 128
69 127
71 128
76 129
81 129
86 130
91 129
96 129
101 127
101 129
106 129
111 129
116 131
121 132
126 130
130 128
135 128
139 126
144 126
149 126
154 125
159 124
164 123
169 121
174 122
179 122
182 121
187 120
192 119
197 118
202 119
207 119
212 117
216 116
220 116
220 112
217 111
214 108
212 108
214 103
212 102
210 99
206 103
203 100
200 100
197 100
197 97
195 95
190 93
185 94
182 91
184 91
184 88
188 85
185 84
186 77
184 72
185 67
186 62
181 63
179 60
181 57
182 53
186 52
189 48
190 43
192 39
196 34
197 29
198 28
201 28
204 27
203 25
203 20
207 19
212 19
217 19
222 18
227 17
232 17
237 18
242 19
245 22
248 23
252 23
253 24
258 24
262 27
264 27
269 31
274 33
277 36
276 41
276 46
277 49
279 54
278 59
277 64
279 68
283 70
285 68
281 65
286 74
284 76
279 75
277 80
279 85
276 89
279 92
279 94
276 96
272 96
268 97
268 94
264 94
263 99
263 103
258 102
255 98
255 103
255 107
252 108
247 110
250 113
253 110
256 110
252 115
257 116
262 118
267 118
272 118
277 118
282 119
287 120
291 121
296 122
301 123
306 123
311 124
316 125
319 124
325 127
330 125
332 128
337 129
342 130
347 130
352 131
357 132
362 131
367 131
372 132
377 133
382 134
387 133
391 135
396 135
401 135
398 133
406 135
405 133
412 134
417 133
422 133
427 133
432 133
434 134
439 134
443 135
448 136
453 137
458 137
462 140
464 144
469 143
474 143
479 144
484 144
489 145
494 145
499 145
482 145
470 144
459 147
459 152
459 157
464 157
469 157
474 156
470 157
457 158
456 163
454 167
454 172
452 174
449 178
447 182
443 185
445 188
440 190
437 192
432 191
427 188
426 190
419 189
416 186
416 184
411 182
406 183
404 179
400 182
400 179
396 176
391 176
387 175
385 172
382 174
381 172
377 169
374 169
370 169
367 166
362 165
357 163
352 163
348 163
345 161
342 160
339 158
334 158
329 156
324 155
320 155
315 154
310 153
305 153
300 153
295 153
290 154
285 154
281 157
279 158
284 159
287 157
287 162
286 167
286 172
284 177
283 182
280 183
277 187
275 189
277 193
277 197
278 199
282 201
281 204
284 207
284 212
283 214
280 212
281 217
282 221
280 226
281 231
281 233
283 238
283 243
283 248
284 253
285 258
285 263
286 268
286 273
286 278
286 283
287 288
287 293
287 298
287 303
287 308
287 313
287 318
287 323
287 328
287 333
287 338
287 343
286 348
286 353
286 358
286 363
286 368
286 373
286 378
285 383
286 388
287 393
283 394
282 398
281 403
280 408
280 413
279 418
279 423
279 428
279 433
279 438
280 443
280 448
282 453
282 458
284 462
284 465
288 468
292 469
288 470
291 475
292 478
293 481
292 486
292 491
290 495
288 499
283 497
278 497
273 497
268 497
263 497
258 497
253 499
251 496
252 491
251 487
249 488
250 481
251 478
253 475
253 473
255 471
256 467
258 462
259 457
258 452
259 447
258 442
258 437
257 432
257 427
256 422
255 417
254 412
253 409
252 405
247 406
242 406
237 406
232 406
227 407
222 407
217 408
216 413
215 418
214 423
213 428
214 432
212 437
211 442
211 447
216 448
212 454
212 459
212 463
215 466
215 471
217 473
221 476
220 480
220 485
221 490
218 492
216 497
212 497
207 498
202 497
197 498
192 497
187 499
185 498
283.5 69.5
233.266 62.2018
131.206 150.265
103.5 154.989
153.5 144.5
233.568 267.5
233.472 322.5
215.095 372.5
236.069 207.128
419.433 158.165
398.5 155.5
246.257 44.7147
228.229 84.7712
207.723 267.5
253.452 245.5
259.233 275.5
206.678 322.5
257.595 305.5
258.716 335.5
216.455 199.282
209.335 69.2671
348.724 146.052
202.985 386.209
209.627 49.0019
270.575 138.862
218.873 233.982
202.991 231.713
173.122 138.489
197.657 479.612
317.485 139.568
98.92 169.28
255.557 198.111
438.211 156.737
254.066 35.8018
199.259 77.9353
259.646 219.183
434.753 171.86
197 136.162
376.911 151.13
262.19 384.534
250.67 76.1322
126.581 161.444
260.394 55.7106
228.626 99.7491
267.935 240.813
204.94 209.444
206.609 38.0533
273.788 386.643
255.311 86.5757
264.689 71.9201
393.659 165.312
387.161 156.006
197.608 65.8253
213.146 83.8875
266.918 207.359
424.773 176.998
425.711 166.559
413.203 169.37
404.054 164.34
113.5 163.724
256.648 45.9413
226.945 38.3375
235.936 30.1283
265.554 398.979
241.354 91.9116
386.129 144.964
205.955 59.0836
219.862 58.4395
196.183 55.5225
116.867 149.777
265.642 40.8005
216.736 41.152
219.182 30.1036
244.32 35.1404
190.305 486.834
87.425 157.717
446.859 148.141
435.601 145.462
428.487 153.048
418.291 145.575
409.49 152.721
401.818 145.502
443.485 165.899
434.054 181.457
233.605 112.417
265.721 258.693
257.247 232.506
205.697 198.697
221.089 216.137
266.24 82.9757
255.196 65.7615
243.751 66.9392
238.532 78.0675
242.582 55.5539
231.515 49.8963
236.464 41.2567
267.357 62.5395
221.295 73.9567
220.21 92.4782
203.174 87.9762
270.27 217.568
268.748 229.155
256.204 208.918
245.222 218.31
246.488 204.077
235.365 177.294
214.373 175.776
243.478 189.626
211.681 187.86
204.72 179.967
204.6 166.478
224.305 184.33
266.229 196.602
259.043 179.451
265.453 186.846
108.389 172.218
255.136 393.792
239.628 374.659
249.708 382.34
242.114 392.951
258.901 359.822
251.266 369.841
264.104 371.704
272.505 360.945
245.714 100.476
199.835 45.9317
106.186 142.133
124.305 142.137
227.565 26.2208
96.1694 160.519
426.924 142.251
447.635 157.488
262.661 249.237
214.651 208.843
225.192 205.881
221.993 49.1276
225.03 65.7871
240.355 234.624
232.997 218.979
225.102 225.695
234.87 144.845
218.327 135.118
253.579 188.086
247.235 178.026
242.329 160.96
275.095 371.627
266.758 347.6
237.015 103.765
115.246 140.227
249.259 237.224
221.65 158.342
230.042 126.511
272.906 334.792
276.039 351.514
214.68 165.668
226.104 169.558
231.846 160.786
208.567 152.858
220.403 125.667
241.476 121.904
239.62 133.791
228.52 136.715
221.769 146.475
229.11 152.009
265.067 320.242
277.841 342.522
265.523 329.383
197.685 369.324
220.39 389.381
208.599 249.178
164.901 146.684
161.123 135.557
331.364 142.093
339.112 148.16
185.438 141.197
181.003 132.006
190.286 129.142
362.605 149.768
354.086 153.806
357.337 141.662
370.508 142.579
369.163 156.704
200.061 220.237
211.592 223.405
267.022 411.919
87.0962 169.539
249.352 262.03
272.303 270.889
275.229 261.436
270.531 286.694
276.593 279.372
255.711 290.352
262.005 284.001
265.181 296.866
276.157 296.146
271.461 308.585
275.985 318.648
236.014 300.492
243.846 279.695
278.029 327.404
247.723 299.036
245.245 313.591
240.703 290.385
218.997 286.458
231.058 281.741
228.312 292.498
219.351 308.838
218.349 297.661
200.256 290.994
210.317 291.576
205.947 279.869
220.567 272.694
193.477 280.508
243.207 269.805
252.683 281.79
255.526 315.813
246.723 327.778
234.37 311.453
218.696 258.843
194.75 267.597
201.165 258.004
196.402 246.449
256.373 325.656
242.322 347.786
247.05 358.71
220.906 246.427
229.484 238.637
231.095 254.645
239.69 259.657
248.238 338.599
254.163 348.912
234.581 336.304
222.216 352.99
201.391 347.5
234.186 357.792
240.123 365.188
227.739 369.29
229.467 381.312
219.419 363.024
210.515 355.134
238.563 384.119
199.957 358.483
190.195 362.095
220.075 330.523
214.232 342.416
224.644 340.15
209.627 332.772
194.806 331.468
231.903 347.625
190.97 351.098
217.421 319.757
193.678 317.633
201.699 338.005
190.31 340.779
204.708 307.964
192.511 305.176
191.085 295.191
199.733 146.624
207.824 138.922
204.57 129.079
205.431 376.167
192.249 380.304
209.991 397.106
199.437 396.19
230.697 394.546
210.042 239.082
267.677 423.225
268.3 433.949
269.421 444.587
258.605 265.602
195.382 237.152
241.058 247.101
203.5 408.752
202.505 420.478
270.56 456.124
202.132 431.682
270.36 471.04
263.955 482.992
278.083 482.871
279.362 473.601
143.998 153.744
153.729 154.242
136.433 160.18
140.548 140.401
149.14 135.763
287.294 137.372
278.214 130.04
279.528 144.773
199.337 466.565
205.687 474.015
207.881 485.72
200.91 455.487
200.538 444.802
302.428 138.064
309.449 143.892
294.597 143.485
295.138 131.663
310.503 133.342
270.746 170.33
256.88 164.607
248.167 168.52
253.709 146.405
244.552 142.458
254.468 131.079
267.276 159.079
270.192 149.177
258.419 154.961
260.544 139.062
265.401 129.011
91.5981 143.655
77.8934 147.238
70.3021 139.104
98.3496 137.695
78.3544 156.393
83.1029 139.163
231.726 194.818
270.222 149.866
185.778 151.327
225.073 301.333
210.739 388.444
242.011 300.444
256.234 386.667
862
182.625 494.75
181 496
181 492
180 487
179.5 485
179.25 481.5
184.125 465.125
180 469
186 466.001
186.999 461.998
183 463.999
182 463.5
185 461.75
190 453
190 446.75
190 443
191 435.5
191 433
191 424.25
191 420.5
191 418
191 413
190 408
189.5 401.75
189 398
181.75 386.75
182 393
181 391.5
180 381.25
180 380
180 377.5
180 359.375
180 362.5
180 360
180 352.5
180 350
180 342.5
180 340
180 335
180 330
180 322.5
180 320
180 317.5
180 307.5
180 305
181 289.375
181 295
181 292.5
181 282.5
181 280
188.375 269.424
182 270
182 267.5
182 260
181 255
182.5 255.5
184 248
184.5 240.5
185 238
186 232.5
185 232
193.093 231.841
187 221.999
184 220
185.75 220.25
189 216
187.625 217.375
189 208
190 205.5
194 196
196 194
196 192.5
193 183.25
192 184
191 182.5
191.25 178.375
189 171
187.5 164
188 162
189.75 161.5
195 157
188.5 153.5
186 154
182.375 154
178 155
173 155
168 158
165.5 159.5
156.5 164
155 165
153.75 164.5
148.625 166.5
141 169
136 170.999
133 173.25
137 174
130 173.999
125 174
117.125 177.875
119 176
112.75 181
115 181
110 182
105 183
101 186.5
101 188
101.75 184.125
91.4999 187.5
90.0002 188
86.9996 186
84 188
88.1249 187
80.9999 183
80.5001 181
73.9996 177
73.0003 178
77.5002 177.75
72.2501 164.25
72.0001 163
70.5001 161.5
66.9998 157
66.5001 156
65.2502 153
58.9996 150
56.4998 150.5
58.3751 151.5
44 149
38.9999 149
33 145.25
28 147
27 148
28.0005 145
17.1875 139.563
20 141.999
13.5 141.499
12 140.999
9 140
9.5 139.5
11.875 139.625
20 136
22.4999 136
29 142
35 136
27.2812 139.969
44 134
46.4999 135
53.9998 136
59.25 132.875
62.0001 129.25
59.0001 128
62.9997 128
63.9998 128
69.0001 127
69.9999 127.5
73 128.25
83.5 129.5
86 130
93.5001 129
96.0002 129
101 127
101 128
106 129
108.5 129
116 131
118.5 131.5
120.786 137.865
130 128
135 128
137 127
140.5 126.5
149 126
151.5 125.5
159 124
161.5 123.5
169 121
176 121.5
179 122
180.5 121.5
189.5 119.5
192 119
193.25 118.75
202 119
204.5 119
214 116.5
216 116
0 0
218.5 111.5
217 111
213 108
212 108
213 105.25
212 102
210.125 102.75
206 103
204.5 101.5
198.5 99.9999
197 100
197.75 98.5002
196.375 96.7499
185.5 91.4998
185 93.9996
182 90.9999
184 92.4999
184 88.0002
185.875 86.1249
185 83.9999
186.001 77
184.5 69.5001
185 67.0004
183.375 57.625
180 61.4999
179 60.0001
181.5 55.0001
182 53
183.75 53.5003
190 44.5
190 42.9999
191 41.0001
197.625 31.1251
197.5 28.4999
198 28.0001
199.25 28.2502
209.375 20.8751
203 24.9996
203 20
205 19.5001
214.5 19.0002
217 19.0002
225.75 17.5002
227 17.0001
229.5 17.0001
251.664 24.9441
242 19
246.5 22.5001
248 23.0002
252 22.9999
260.329 29.388
258 24.0003
266 29.0002
264 27
269 31.0004
275.75 37.7499
277 35.9999
276 40.9998
276 45.9999
276.125 42.625
278.5 56.4999
278 58.9997
277.105 65.2754
279 68.0008
284.063 71.5625
285 68.0001
283 66.5001
286 74.0002
285 74.9999
279 74.999
277.25 90.1251
279 84.9999
276 89.0001
279 93.0001
279 93.9998
277.5 94.5
272 95.9997
268 97
272.125 92.4999
264 93.9997
260.5 101.5
263 103
258 102
256 102.5
254.999 103
255 107
254.25 105.25
249.875 111
250.001 113.001
254.5 110
256 110
252.75 112
257 116.001
259.5 117
267 118
269.5 118
279.5 118.5
282 119
290.25 120.75
293.5 121.5
296 122
301 123
308.5 123.5
311 124
317.5 124.5
319 124
328.25 126.875
330 125
331 126.5
337 129
335.25 128
347 130
354.5 131
357 132
359.5 131.5
369.5 131.5
372 132
377 133
379.5 133.5
389 134
391 135
386 134
399.5 134
398 133
397.25 133.875
405 133
414.5 133.5
417 133
430.75 133.5
427 133
432 133
433 133.5
439 134
437 134
448 136
450.5 136.5
460 138.5
462 140
464 144.003
469 143.005
474 143.003
476.5 143.505
484 144.004
489 144.999
494 145
499 145
481.25 144.127
475.375 143.812
468.062 142.906
463.188 155.751
459 157.003
464.001 157.007
467.876 156.753
474 156.001
469.997 156.973
458 157.497
456 163
454 169
454 172
453 173
444.625 184.375
447 182
441.25 188.75
445 188
440 190
438.5 191
432 191
429.25 190
426 190
419 189
416 186
423.375 188.5
408.5 182.5
406 183
403.75 180.187
400 182
400 180.5
396 176
389 175.5
387 175
379.688 171.125
382 174
381.5 173
373.25 168.25
369.5 167.5
370 169
367 166
362 165
347.276 147.012
352 163
350 163
345 161
342.75 160
339 158
334 158
331.5 157
326.75 156
320 155
311.25 153.5
310 153
307.5 153
296.25 153.25
295 153
292.5 153.5
285 154
281 156.999
231.111 143.111
286.25 158.75
287 157
286.999 162
286.125 164.125
286 172
284 177
283 182
282.75 179.75
279.625 185.125
275 189
277 193
277 197
277.5 198
282 201
282.75 204.75
284 207
283.5 213
283 214
282.25 208.625
281 217
281.5 219
280 226
281 231
280.5 229
283 240.5
283 243
282.057 257.609
284.5 255.5
285 258
285 263
280.365 263.468
286 276.75
286 278
286 280.5
287 291.75
287 295.5
287 298
287 301.125
287 308
287 315.5
287 318
287 325.5
287 328
287 333
287 340.5
287 343
286.5 345.5
286 353
286 358
283.274 367.657
286 368
286 373
286 375.5
285.5 385.5
286 388
287 393
285 393.5
283.25 397
281 403
280 410.5
280 413
279 418
279 423
273.338 422.488
279 433
279 435.5
280 443
280 445.5
282 453
282 455.5
284 462
284 463.5
288 468.001
292 469
287 466.25
291 475
291.875 481.875
292.5 483.5
292 486
292.25 487.25
289 497
288 499
278.25 497
278 497
270.5 497
265.5 497
263 497
252.875 490.812
253 499
252 497.5
250.75 484.375
250 487.5
249 488
250.5 479.5
251 478
253 474
253 473
254.188 479.656
256 467
257 464.5
259 457
258.5 454.5
258.5 444.5
258 442
258 437
257.5 434.5
256.5 424.5
256 422
254.25 414.25
254 412
253.5 410.5
252.75 407.75
244.5 406
242 406
233.25 406.25
232 406
229.5 406.5
226.375 406.875
217 408
216 413
215.5 415.5
214 423
205.158 430.046
214 432
212 437
211.5 439.5
212.75 452
216 448
212 456.5
212 459
210.528 484.325
215 466
215 471
216 472
221 476
220.25 481.5
220 485
221 490
219.5 491
216 497
216.75 494
207 498
204.5 497.5
194.5 497.5
192 497
187 499
186 498.5
283.5 69.4992
231.376 66.5746
133.82 155.223
132.249 148.407
160.907 143.373
236.89 262.902
233.472 322.5
215.095 372.5
230.631 206.505
418.667 149.333
396.079 160.406
246.257 44.7147
208.739 88.0545
207.723 267.5
253.452 245.5
259.233 275.5
206.678 322.5
263.777 312.336
258.716 335.5
211.076 198.989
215.315 71.6119
354.424 138.442
202.985 386.209
209.627 49.0019
270.575 138.862
218.873 233.982
199.186 234.432
173.122 138.489
201.672 476.813
344.889 141.333
109.914 177.656
260.893 197.356
446.597 164.42
254.066 35.8016
198.796 89.8529
273.908 233.62
434.404 176.659
197 136.162
376.911 151.13
262.109 394.071
252.991 81.354
126.581 161.444
260.394 55.7106
228.626 99.7491
275.468 240.656
204.273 203.231
206.609 38.0531
281.447 391.536
255.311 86.5758
265.465 77.448
393.659 165.312
387.161 156.006
191.054 67.6627
213.146 83.8875
278.149 209.553
424.773 176.998
435.612 182.867
406.189 173.521
404.054 164.34
126.52 167.917
256.648 45.9413
226.945 38.3375
231.441 34.2328
265.554 398.979
245.496 100.441
386.645 150.485
205.955 59.0836
219.862 58.4395
189.455 54.2632
116.867 149.777
260.056 35.5134
216.736 41.152
216.968 21.853
245.289 39.9275
196.955 485.902
91.7972 159.118
438.308 137.575
435.601 145.462
427.706 147.649
418.291 145.575
409.49 152.721
400.867 154.759
443.485 165.899
434.054 181.457
244.602 107.261
255.758 262.089
253.253 234.865
205.697 198.697
221.089 216.137
266.24 82.9758
269.487 74.7139
243.751 66.9392
245.761 79.7108
0 0
233.99 45.5765
236.464 41.2567
272.929 59.5197
221.295 73.9567
220.21 92.4783
203.174 87.9765
275.885 218.284
268.748 229.155
256.204 208.918
239.109 218.645
267.134 205.74
235.365 177.294
214.526 170.722
248.529 188.856
196.675 183.291
204.72 179.967
198.166 174.171
224.305 184.33
266.229 196.602
259.043 179.451
273.364 189.134
108.389 172.218
255.136 393.792
239.095 379.389
249.708 382.34
263.452 411.18
244.896 354.325
250.487 376.091
269.921 395.832
272.505 360.945
245.714 100.476
195.551 45.6029
106.186 142.133
118.321 145.479
227.565 26.2204
96.1694 160.519
426.924 142.251
447.635 157.488
261.044 237.305
217.976 208.651
225.192 205.881
225.403 39.6863
225.03 65.7871
240.706 240.863
232.997 218.979
223.591 236.185
229.934 139.048
218.327 135.118
253.579 188.086
247.235 178.026
215.461 143.521
280.548 373.563
279.943 344.803
241.365 102.121
115.246 140.227
249.259 237.224
221.65 158.342
234.831 130.151
275.374 338.657
276.039 351.514
214.68 165.668
223.877 163.95
230.478 156.397
208.567 152.858
217.201 121.083
241.476 121.904
239.62 133.791
222.596 141.196
221.769 146.475
229.11 152.009
270.994 314.015
277.841 342.522
265.523 329.383
202.972 377.94
225.959 399.419
208.599 249.178
164.901 146.684
162.256 132.31
330.994 150.563
339.112 148.16
130.667 139.556
181.003 132.006
193.446 125.701
362.605 149.768
352.043 158.403
359.971 145.715
370.004 137.039
377.305 157.873
200.061 220.237
196.726 219.598
273.425 416.849
97.8564 178.338
249.352 262.03
280.224 275.94
275.23 261.436
270.531 286.694
276.593 279.372
255.711 290.352
273.027 284.059
265.181 296.866
270.669 296.506
271.461 308.585
275.985 318.648
236.014 300.492
243.846 279.695
284.757 327.851
247.723 299.036
239.807 312.522
240.113 297.601
218.994 292.048
231.058 281.741
228.312 292.498
219.351 308.838
223.331 295.08
195.67 293.092
210.317 291.576
0 0
251.285 294.036
193.477 280.508
243.207 269.805
263.939 262.056
255.526 315.813
240.033 308.216
234.37 311.453
218.696 258.843
194.75 267.597
232.889 237.333
193.255 230.131
278.73 327.935
245.28 343.192
238.886 359.87
225.195 242.532
229.484 238.637
235.393 257.151
239.69 259.657
248.238 338.599
254.163 348.912
234.581 336.304
215.666 356.57
195.393 367.512
234.186 357.792
240.123 365.188
0 0
229.467 381.312
219.419 363.024
210.515 355.134
238.563 384.119
195.076 360.289
190.195 362.095
220.075 330.523
0 0
231.427 340.096
191.406 336.812
194.806 331.468
231.903 347.625
190.97 351.098
215.7 314.983
183.42 317.533
201.699 338.005
182.578 340.195
186.245 306.068
192.511 305.176
191.085 295.191
197.367 151.812
200.886 136.861
198.991 124.87
205.431 376.167
197.617 383.257
209.991 397.106
189.429 392.974
230.697 394.546
209.32 244.13
267.677 423.225
269.333 468.444
276.855 440.272
258.605 265.602
195.382 237.152
241.058 247.101
195.558 404.642
193.876 420.495
273.265 455.406
196.566 433.591
267.353 481.215
274.635 489.966
278.083 482.871
279.362 473.601
143.998 153.744
153.729 154.242
136.433 160.18
144.373 143.695
145.41 128.566
287.294 137.372
273.154 123.888
274.86 146.975
199.337 466.565
205.687 474.015
211.47 492.805
189.593 459.507
197.568 468.491
302.428 138.064
305.938 140.978
293.879 135.44
294.16 124.041
307.72 134.7
270.746 170.33
256.88 164.607
245.031 182.07
265.731 128.625
244.552 142.458
256.984 124.04
267.276 159.079
270.192 149.177
259.864 160.813
265.56 138.962
267.451 123.505
66.6667 143.111
75.1869 158.033
44.597 141.178
96.5874 130.924
78.3541 156.393
83.3014 134.331
0 0
268.444 133.333
195.556 134.222
202.667 281.778
200 364.444
267.556 282.667
269.333 366.222
2031
0 0
0 0
0 0
0 0
0 0
0 0
0 0
0 0
0 0
0 0
0 0
0 0
0 0
0 0
0 0
0 0
0 0
0 0
0 0
0 0
0 0
0 0
0 0
0 0
0 0
0 0
0 0
0 0
0 0
0 0
0 0
0 0
0 0
0 0
0 0
0 0
0 0
0 0
0 0
0 0
0 0
0 0
0 0
0 0
0 0
0 0
0 0
0 0
0 0
0 0
0 0
0 0
0 0
0 0
0 0
0 0
0 0
0 0
0 0
0 0
0 0
0 0
0 0
0 0
0 0
0 0
0 0
0 0
0 0
0 0
0 0
0 0
0 0
0 0
0 0
0 0
0 0
0 0
0 0
0 0
0 0
0 0
0 0
0 0
0 0
0 0
0 0
0 0
0 0
0 0
0 0
0 0
0 0
0 0
0 0
0 0
0 0
0 0
0 0
0 0
0 0
0 0
0 0
0 0
0 0
0 0
0 0
0 0
0 0
0 0
0 0
0 0
0 0
0 0
0 0
0 0
0 0
0 0
0 0
0 0
0 0
0 0
0 0
0 0
0 0
0 0
0 0
0 0
0 0
0 0
0 0
0 0
0 0
0 0
0 0
0 0
0 0
0 0
0 0
0 0
0 0
0 0
0 0
0 0
0 0
0 0
0 0
0 0
0 0
0 0
0 0
0 0
0 0
0 0
0 0
0 0
0 0
0 0
0 0
0 0
0 0
0 0
0 0
760 392
0 0
0 0
0 0
0 0
0 0
0 0
0 0
0 0
0 0
0 0
0 0
0 0
0 0
0 0
0 0
0 0
0 0
0 0
0 0
0 0
0 0
0 0
0 0
0 0
0 0
0 0
0 0
0 0
0 0
0 0
0 0
0 0
0 0
0 0
0 0
0 0
0 0
0 0
0 0
0 0
0 0
0 0
0 0
0 0
0 0
0 0
0 0
0 0
0 0
0 0
0 0
0 0
0 0
0 0
0 0
0 0
0 0
0 0
0 0
0 0
0 0
0 0
0 0
0 0
0 0
0 0
0 0
0 0
714 849
0 0
0 0
0 0
0 0
0 0
0 0
0 0
0 0
0 0
0 0
0 0
0 0
0 0
0 0
0 0
0 0
0 0
0 0
0 0
0 0
0 0
0 0
0 0
0 0
0 0
0 0
0 0
0 0
0 0
0 0
0 0
0 0
0 0
0 0
0 0
0 0
0 0
0 0
0 0
0 0
0 0
0 0
0 0
0 0
0 0
0 0
0 0
0 0
0 0
0 0
0 0
0 0
0 0
0 0
0 0
0 0
0 0
0 0
0 0
0 0
0 0
0 0
0 0
0 0
0 0
0 0
0 0
0 0
0 0
0 0
0 0
0 0
0 0
0 0
0 0
0 0
0 0
0 0
0 0
0 0
0 0
0 0
0 0
0 0
0 0
0 0
0 0
0 0
0 0
0 0
0 0
0 0
0 0
0 0
0 0
0 0
0 0
0 0
0 0
0 0
0 0
0 0
0 0
0 0
0 0
0 0
0 0
0 0
0 0
0 0
0 0
0 0
0 0
0 0
0 0
0 0
0 0
0 0
0 0
0 0
0 0
0 0
0 0
0 0
0 0
0 0
0 0
0 0
0 0
0 0
0 0
0 0
0 0
0 0
0 0
0 0
0 0
0 0
0 0
0 0
0 0
0 0
0 0
0 0
0 0
0 0
0 0
0 0
0 0
0 0
0 0
0 0
0 0
0 0
0 0
0 0
0 0
0 0
0 0
0 0
0 0
0 0
0 0
0 0
0 0
0 0
0 0
0 0
0 0
0 0
0 0
0 0
0 0
0 0
0 0
0 0
0 0
0 0
0 0
0 0
0 0
0 0
0 0
0 0
0 0
0 0
0 0
0 0
0 0
0 0
0 0
392 541
0 0
0 0
0 0
0 0
0 0
0 0
0 0
0 0
0 0
0 0
0 0
0 0
0 0
0 0
0 0
0 0
0 0
0 0
0 0
0 0
0 0
0 0
0 0
0 0
0 0
0 0
0 0
0 0
0 0
0 0
0 0
0 0
0 0
0 0
0 0
0 0
0 0
0 0
0 0
0 0
0 0
0 0
0 0
0 0
0 0
0 0
0 0
0 0
0 0
0 0
0 0
0 0
0 0
0 0
0 0
0 0
0 0
0 0
0 0
0 0
0 0
0 0
0 0
0 0
0 0
0 0
0 0
0 0
0 0
0 0
0 0
0 0
0 0
0 0
0 0
0 0
0 0
0 0
0 0
0 0
0 0
0 0
0 0
0 0
0 0
0 0
0 0
0 0
0 0
0 0
0 0
0 0
0 0
0 0
0 0
0 0
0 0
0 0
0 0
0 0
0 0
0 0
0 0
0 0
0 0
0 0
0 0
0 0
0 0
0 0
0 0
0 0
0 0
0 0
0 0
0 0
0 0
0 0
0 0
0 0
0 0
0 0
0 0
0 0
0 0
0 0
0 0
0 0
0 0
0 0
0 0
0 0
0 0
0 0
0 0
0 0
0 0
0 0
0 0
0 0
0 0
0 0
0 0
0 0
0 0
0 0
0 0
0 0
0 0
0 0
0 0
0 0
0 0
0 0
0 0
0 0
0 0
0 0
0 0
0 0
0 0
0 0
0 0
0 0
0 0
0 0
0 0
0 0
0 0
0 0
0 0
0 0
0 0
0 0
0 0
0 0
0 0
0 0
0 0
0 0
0 0
0 0
0 0
0 0
0 0
0 0
0 0
0 0
0 0
0 0
0 0
0 0
0 0
0 0
0 0
0 0
0 0
0 0
0 0
0 0
0 0
0 0
0 0
0 0
0 0
0 0
0 0
0 0
0 0
0 0
0 0
0 0
0 0
0 0
0 0
0 0
0 0
0 0
0 0
0 0
0 0
0 0
0 0
0 0
0 0
0 0
0 0
0 0
0 0
0 0
0 0
0 0
0 0
0 0
0 0
0 0
0 0
0 0
0 0
0 0
0 0
0 0
0 0
0 0
0 0
0 0
0 0
0 0
0 0
0 0
0 0
0 0
0 0
0 0
0 0
0 0
0 0
0 0
0 0
0 0
0 0
0 0
0 0
0 0
0 0
0 0
0 0
0 0
0 0
0 0
0 0
0 0
0 0
0 0
0 0
0 0
569 549
0 0
0 0
0 0
0 0
0 0
0 0
0 0
0 0
0 0
0 0
0 0
0 0
0 0
0 0
0 0
0 0
0 0
0 0
0 0
0 0
0 0
0 0
0 0
0 0
0 0
0 0
0 0
0 0
0 0
0 0
0 0
0 0
0 0
0 0
0 0
0 0
0 0
0 0
0 0
0 0
0 0
0 0
0 0
0 0
0 0
0 0
0 0
0 0
0 0
0 0
0 0
0 0
0 0
0 0
0 0
0 0
0 0
0 0
0 0
0 0
0 0
0 0
0 0
0 0
0 0
0 0
0 0
0 0
0 0
0 0
0 0
0 0
0 0
0 0
0 0
0 0
0 0
0 0
0 0
0 0
0 0
0 0
0 0
0 0
0 0
0 0
0 0
0 0
0 0
0 0
0 0
0 0
0 0
0 0
0 0
0 0
0 0
0 0
0 0
0 0
0 0
0 0
0 0
0 0
0 0
0 0
0 0
0 0
0 0
0 0
0 0
0 0
0 0
0 0
0 0
0 0
0 0
0 0
0 0
0 0
0 0
0 0
0 0
0 0
0 0
0 0
0 0
0 0
0 0
0 0
0 0
0 0
0 0
0 0
0 0
0 0
0 0
0 0
0 0
0 0
0 0
0 0
0 0
0 0
0 0
0 0
0 0
0 0
0 0
0 0
0 0
0 0
0 0
0 0
0 0
0 0
0 0
0 0
0 0
0 0
0 0
0 0
0 0
0 0
0 0
0 0
0 0
0 0
0 0
0 0
0 0
0 0
0 0
0 0
0 0
0 0
0 0
0 0
0 0
0 0
0 0
0 0
0 0
0 0
0 0
0 0
0 0
0 0
0 0
0 0
0 0
0 0
0 0
0 0
0 0
0 0
0 0
0 0
0 0
0 0
0 0
0 0
0 0
0 0
0 0
0 0
0 0
0 0
0 0
0 0
0 0
0 0
0 0
0 0
0 0
0 0
0 0
0 0
0 0
0 0
0 0
0 0
0 0
0 0
0 0
0 0
0 0
0 0
0 0
0 0
0 0
0 0
0 0
0 0
0 0
0 0
0 0
0 0
0 0
0 0
0 0
0 0
0 0
0 0
0 0
0 0
0 0
0 0
0 0
0 0
0 0
0 0
0 0
0 0
0 0
0 0
0 0
0 0
0 0
0 0
0 0
0 0
0 0
0 0
0 0
0 0
0 0
0 0
0 0
0 0
0 0
0 0
0 0
0 0
0 0
0 0
0 0
0 0
0 0
0 0
0 0
0 0
0 0
0 0
0 0
0 0
0 0
0 0
0 0
0 0
0 0
0 0
0 0
0 0
0 0
0 0
0 0
0 0
0 0
0 0
0 0
0 0
0 0
0 0
0 0
0 0
0 0
0 0
0 0
0 0
0 0
0 0
0 0
0 0
0 0
0 0
0 0
0 0
0 0
0 0
0 0
0 0
0 0
0 0
0 0
0 0
0 0
0 0
0 0
0 0
0 0
0 0
0 0
0 0
0 0
0 0
0 0
0 0
0 0
0 0
0 0
0 0
0 0
0 0
0 0
0 0
0 0
0 0
0 0
0 0
0 0
0 0
0 0
0 0
0 0
0 0
0 0
0 0
0 0
0 0
0 0
0 0
0 0
0 0
0 0
0 0
0 0
0 0
0 0
0 0
0 0
0 0
0 0
0 0
0 0
0 0
0 0
0 0
0 0
0 0
0 0
0 0
0 0
0 0
0 0
0 0
0 0
0 0
0 0
0 0
0 0
0 0
0 0
0 0
0 0
0 0
0 0
0 0
0 0
0 0
0 0
0 0
0 0
0 0
0 0
0 0
0 0
0 0
0 0
0 0
0 0
0 0
0 0
0 0
0 0
0 0
0 0
0 0
0 0
0 0
0 0
0 0
0 0
0 0
0 0
0 0
0 0
0 0
0 0
0 0
0 0
0 0
0 0
0 0
0 0
0 0
0 0
0 0
0 0
0 0
0 0
0 0
0 0
0 0
0 0
0 0
0 0
0 0
0 0
0 0
0 0
0 0
0 0
0 0
0 0
0 0
0 0
0 0
0 0
0 0
0 0
0 0
0 0
0 0
0 0
0 0
0 0
0 0
0 0
0 0
0 0
0 0
0 0
0 0
0 0
0 0
0 0
0 0
0 0
0 0
0 0
0 0
0 0
0 0
0 0
0 0
0 0
0 0
0 0
0 0
0 0
0 0
0 0
0 0
0 0
0 0
0 0
0 0
0 0
0 0
0 0
0 0
0 0
0 0
0 0
0 0
0 0
0 0
0 0
0 0
0 0
0 0
0 0
0 0
0 0
0 0
0 0
0 0
0 0
0 0
0 0
0 0
0 0
0 0
0 0
0 0
0 0
0 0
0 0
0 0
0 0
0 0
0 0
0 0
0 0
0 0
0 0
0 0
0 0
0 0
0 0
0 0
0 0
0 0
0 0
0 0
0 0
0 0
0 0
0 0
0 0
0 0
0 0
0 0
0 0
0 0
0 0
0 0
0 0
0 0
0 0
0 0
0 0
0 0
0 0
0 0
0 0
0 0
0 0
0 0
0 0
0 0
0 0
0 0
0 0
0 0
0 0
0 0
0 0
0 0
0 0
0 0
0 0
0 0
0 0
0 0
0 0
0 0
0 0
0 0
0 0
0 0
0 0
0 0
0 0
0 0
0 0
0 0
0 0
0 0
0 0
0 0
0 0
0 0
0 0
0 0
0 0
0 0
0 0
0 0
0 0
0 0
0 0
0 0
0 0
0 0
0 0
0 0
0 0
0 0
0 0
0 0
0 0
0 0
0 0
0 0
0 0
0 0
0 0
0 0
0 0
0 0
0 0
0 0
0 0
0 0
0 0
0 0
0 0
0 0
0 0
0 0
0 0
0 0
0 0
0 0
0 0
0 0
0 0
0 0
0 0
0 0
0 0
0 0
0 0
0 0
0 0
0 0
0 0
0 0
0 0
0 0
0 0
0 0
0 0
0 0
0 0
0 0
0 0
0 0
0 0
0 0
0 0
0 0
0 0
0 0
0 0
0 0
0 0
0 0
0 0
0 0
0 0
0 0
0 0
0 0
0 0
0 0
0 0
0 0
0 0
0 0
0 0
0 0
0 0
0 0
0 0
0 0
0 0
0 0
0 0
0 0
0 0
0 0
0 0
0 0
0 0
0 0
0 0
0 0
0 0
0 0
0 0
0 0
0 0
0 0
0 0
0 0
0 0
0 0
0 0
0 0
0 0
0 0
0 0
0 0
0 0
0 0
0 0
0 0
0 0
0 0
0 0
0 0
0 0
0 0
0 0
0 0
0 0
0 0
0 0
0 0
0 0
0 0
0 0
0 0
0 0
0 0
0 0
0 0
0 0
0 0
0 0
0 0
0 0
0 0
0 0
0 0
0 0
0 0
0 0
0 0
0 0
0 0
0 0
0 0
0 0
0 0
0 0
0 0
0 0
0 0
0 0
0 0
0 0
0 0
0 0
0 0
0 0
0 0
0 0
0 0
0 0
0 0
0 0
0 0
0 0
0 0
0 0
0 0
0 0
0 0
0 0
0 0
0 0
0 0
0 0
0 0
0 0
0 0
0 0
0 0
0 0
0 0
0 0
0 0
0 0
0 0
0 0
0 0
0 0
0 0
0 0
0 0
0 0
0 0
0 0
0 0
0 0
0 0
0 0
0 0
0 0
0 0
0 0
0 0
0 0
0 0
0 0
0 0
0 0
0 0
0 0
0 0
0 0
0 0
0 0
0 0
0 0
0 0
0 0
0 0
0 0
0 0
0 0
0 0
0 0
0 0
0 0
0 0
0 0
0 0
0 0
0 0
0 0
0 0
0 0
0 0
0 0
0 0
0 0
0 0
0 0
0 0
0 0
0 0
0 0
0 0
0 0
0 0
0 0
0 0
0 0
0 0
0 0
0 0
0 0
0 0
0 0
0 0
0 0
0 0
0 0
0 0
0 0
0 0
0 0
0 0
0 0
0 0
0 0
0 0
0 0
0 0
0 0
0 0
0 0
0 0
0 0
0 0
0 0
0 0
0 0
0 0
0 0
0 0
0 0
0 0
0 0
0 0
0 0
0 0
0 0
0 0
0 0
0 0
0 0
0 0
0 0
0 0
0 0
0 0
0 0
0 0
0 0
0 0
0 0
0 0
0 0
0 0
0 0
0 0
0 0
0 0
0 0
0 0
0 0
0 0
0 0
0 0
0 0
0 0
0 0
0 0
0 0
0 0
0 0
0 0
0 0
0 0
0 0
0 0
0 0
0 0
0 0
0 0
0 0
0 0
0 0
0 0
0 0
0 0
0 0
0 0
0 0
0 0
0 0
0 0
0 0
0 0
0 0
0 0
0 0
0 0
0 0
0 0
0 0
0 0
0 0
0 0
0 0
0 0
0 0
0 0
0 0
0 0
0 0
0 0
0 0
0 0
0 0
0 0
0 0
0 0
0 0
0 0
0 0
0 0
0 0
0 0
0 0
0 0
0 0
0 0
0 0
0 0
0 0
0 0
0 0
0 0
0 0
0 0
0 0
0 0
0 0
0 0
0 0
0 0
0 0
0 0
0 0
0 0
0 0
0 0
0 0
0 0
0 0
0 0
0 0
0 0
0 0
0 0
0 0
0 0
0 0
0 0
0 0
0 0
0 0
0 0
0 0
0 0
0 0
0 0
0 0
0 0
0 0
0 0
0 0
0 0
0 0
0 0
0 0
0 0
0 0
0 0
0 0
0 0
0 0
0 0
0 0
0 0
0 0
0 0
0 0
0 0
0 0
0 0
0 0
0 0
0 0
0 0
0 0
0 0
0 0
0 0
0 0
0 0
0 0
0 0
0 0
0 0
0 0
0 0
0 0
0 0
0 0
0 0
0 0
0 0
0 0
0 0
0 0
0 0
0 0
0 0
0 0
0 0
0 0
0 0
0 0
0 0
0 0
0 0
0 0
0 0
0 0
0 0
0 0
0 0
0 0
0 0
0 0
0 0
0 0
0 0
0 0
0 0
0 0
0 0
0 0
0 0
0 0
0 0
0 0
0 0
0 0
0 0
0 0
0 0
0 0
0 0
0 0
0 0
0 0
0 0
0 0
0 0
0 0
0 0
0 0
0 0
0 0
0 0
0 0
0 0
0 0
0 0
0 0
0 0
0 0
0 0
0 0
0 0
0 0
0 0
0 0
0 0
0 0
0 0
0 0
0 0
0 0
0 0
0 0
0 0
0 0
0 0
0 0
0 0
0 0
0 0
0 0
0 0
0 0
0 0
0 0
0 0
0 0
0 0
0 0
0 0
0 0
0 0
0 0
0 0
0 0
0 0
0 0
0 0
0 0
0 0
0 0
0 0
0 0
0 0
0 0
0 0
0 0
0 0
0 0
0 0
0 0
0 0
0 0
0 0
0 0
0 0
0 0
0 0
0 0
0 0
0 0
0 0
0 0
0 0
0 0
0 0
0 0
0 0
0 0
0 0
0 0
0 0
0 0
0 0
0 0
0 0
0 0
0 0
0 0
0 0
0 0
0 0
0 0
0 0
0 0
0 0
0 0
0 0
0 0
0 0
0 0
0 0
0 0
0 0
0 0
0 0
0 0
0 0
0 0
0 0
0 0
0 0
0 0
0 0
0 0
0 0
0 0
0 0
0 0
0 0
0 0
0 0
0 0
0 0
0 0
0 0
0 0
0 0
0 0
0 0
0 0
0 0
0 0
0 0
0 0
0 0
0 0
0 0
0 0
0 0
0 0
0 0
0 0
0 0
0 0
0 0
0 0
0 0
0 0
0 0
0 0
0 0
0 0
0 0
0 0
0 0
0 0
0 0
0 0
0 0
0 0
0 0
0 0
0 0
0 0
0 0
0 0
0 0
0 0
0 0
0 0
0 0
0 0
0 0
0 0
392 856
856 569
714 857
857 392
760 858
0 0
858 859
859 832
760 860
0 0
860 861
861 807
2019
0 1
0 2
537 0
539 0
0 614
1 2
2 3
614 2
3 4
3 614
4 5
614 4
5 6
614 5
6 7
6 8
6 568
6 614
7 8
8 9
568 8
8 828
9 10
11 9
12 9
828 9
10 11
11 12
12 13
12 828
12 831
13 14
831 13
14 15
14 831
14 832
15 16
832 15
16 17
16 815
16 832
17 18
815 17
18 19
18 813
815 18
19 20
19 813
20 21
20 813
21 22
812 21
21 813
22 23
812 22
23 24
23 803
812 23
24 25
803 24
25 26
27 25
28 25
801 25
803 25
26 27
27 28
28 29
801 28
29 30
29 801
30 31
801 30
31 32
707 31
782 31
31 801
32 33
32 782
33 34
782 33
34 35
34 782
34 789
35 36
35 789
36 37
789 36
793 36
37 38
37 793
38 39
38 787
793 38
39 40
787 39
40 41
787 40
791 40
41 42
41 791
42 43
791 42
43 44
791 43
43 795
44 45
44 795
45 46
795 45
45 796
46 47
796 46
47 48
796 47
48 49
752 48
796 48
49 50
49 752
50 51
50 752
759 50
51 52
51 759
52 53
759 52
53 54
55 53
53 759
760 53
54 55
55 56
55 760
761 55
56 57
761 56
57 58
761 57
57 810
58 59
58 810
59 60
61 59
59 810
60 61
61 62
61 64
566 61
61 722
810 61
62 63
64 62
63 64
64 65
64 722
65 66
722 65
66 67
585 66
66 722
67 68
585 67
68 69
68 585
627 68
69 70
627 69
70 71
70 627
71 72
71 627
71 648
649 71
72 73
74 72
75 72
649 72
73 74
74 75
75 76
649 75
75 650
76 77
79 76
650 76
77 78
79 77
78 79
79 80
79 650
80 81
650 80
697 80
797 80
81 82
81 714
797 81
82 83
714 82
83 84
83 85
83 567
714 83
84 85
85 86
567 85
710 85
86 87
710 86
87 88
710 87
87 821
88 89
88 821
89 90
821 89
90 91
90 820
821 90
91 92
91 820
91 822
92 93
822 92
93 94
93 822
94 95
96 94
94 581
822 94
95 96
96 97
96 581
97 98
581 97
98 99
98 581
599 98
99 100
99 599
655 99
100 101
102 100
655 100
101 102
102 103
102 655
103 104
106 103
103 570
103 655
104 105
104 106
105 106
106 107
106 109
106 111
106 570
725 106
107 108
107 109
108 109
109 110
109 111
110 111
111 112
113 111
725 111
112 113
113 114
113 116
113 725
114 115
116 114
115 116
116 117
725 116
117 118
117 725
117 853
118 119
853 118
119 120
119 853
120 121
120 853
121 122
121 850
853 121
122 123
122 147
850 122
851 122
123 124
123 147
124 125
146 124
147 124
125 126
145 125
125 146
126 127
143 126
145 126
127 128
127 143
128 129
128 141
142 128
143 128
129 130
129 131
141 129
130 131
131 132
131 141
132 133
132 140
132 141
133 134
138 133
139 133
133 140
134 135
138 134
135 136
137 135
135 138
136 137
137 138
138 139
139 140
140 141
141 142
142 143
143 144
143 145
144 145
145 146
146 147
147 148
147 851
148 149
148 150
148 151
851 148
149 150
150 151
151 152
151 153
851 151
152 153
153 154
851 153
154 155
851 154
854 154
155 156
155 854
156 157
854 156
157 158
849 157
852 157
854 157
158 159
158 160
158 852
159 160
160 161
852 160
161 162
161 666
161 852
162 163
666 162
688 162
163 164
163 688
164 165
667 164
164 688
165 166
667 165
823 165
166 167
823 166
167 168
167 823
168 169
823 168
169 170
169 823
169 824
170 171
824 170
171 172
711 171
824 171
172 173
172 711
173 174
173 567
711 173
174 175
567 174
175 176
567 175
175 715
176 177
176 715
177 178
177 715
177 716
178 179
178 716
179 180
716 179
180 181
716 180
180 799
181 182
799 181
182 183
698 182
182 799
183 184
698 183
184 185
184 698
185 186
624 185
185 691
185 698
186 187
190 186
186 583
186 624
187 188
190 187
188 189
188 190
189 190
190 191
192 190
190 583
638 190
191 192
192 193
194 192
593 192
638 192
192 639
193 194
194 195
194 197
639 194
195 196
197 195
196 197
197 198
639 197
198 199
204 198
639 198
199 200
199 202
199 203
204 199
200 201
202 200
201 202
202 203
203 204
204 205
204 206
574 204
204 639
205 206
206 207
574 206
592 206
207 208
207 592
208 209
208 592
209 210
209 212
214 209
209 592
608 209
210 211
210 212
211 212
212 213
214 212
213 214
214 215
608 214
215 216
215 608
665 215
216 217
216 665
217 218
217 665
218 219
218 221
218 586
665 218
219 220
221 219
220 221
221 222
221 586
222 223
222 225
226 222
586 222
222 612
223 224
223 225
224 225
225 226
226 227
226 612
227 228
227 612
228 229
612 228
228 668
229 230
229 668
230 231
668 230
231 232
231 602
231 668
232 233
602 232
233 234
602 233
233 613
234 235
236 234
234 613
235 236
236 237
236 573
236 613
237 238
573 237
238 239
238 240
238 573
610 238
239 240
240 241
610 240
241 242
243 241
241 610
242 243
243 244
243 610
244 245
582 244
610 244
245 246
582 245
245 636
246 247
246 636
247 248
636 247
248 249
589 248
636 248
249 250
249 255
249 589
253 250
250 254
250 255
250 540
252 251
251 540
540 252
253 254
540 253
254 255
255 256
589 255
256 257
256 258
589 256
629 256
257 258
258 259
261 258
258 262
258 264
629 258
259 260
261 259
260 261
261 262
262 263
262 264
263 264
264 265
629 264
265 266
269 265
588 265
265 629
266 267
268 266
266 269
267 268
268 269
269 270
588 269
604 269
664 269
270 271
272 270
270 664
271 272
272 273
664 272
273 274
624 273
273 664
687 273
273 699
274 275
274 277
699 274
275 276
275 277
276 277
277 278
277 699
277 843
278 279
278 843
279 280
843 279
279 848
280 281
280 848
281 282
281 826
848 281
282 283
826 282
283 284
826 283
284 285
825 284
826 284
285 286
825 285
836 285
286 287
286 836
287 288
833 287
836 287
837 287
288 289
837 288
289 290
837 289
290 291
290 292
290 569
837 290
291 292
292 293
292 294
292 569
712 292
293 294
294 295
712 294
295 296
295 712
296 297
296 561
296 712
296 713
297 298
561 297
298 299
561 298
719 298
299 300
299 719
300 301
300 719
720 300
301 302
720 301
302 303
302 720
303 304
303 720
304 305
304 605
720 304
305 306
305 605
306 307
605 306
307 308
307 605
621 307
308 309
308 310
621 308
309 310
310 311
312 310
310 619
621 310
311 312
312 313
312 619
313 314
313 619
314 315
619 314
670 314
315 316
670 315
316 317
316 670
317 318
317 617
317 670
318 319
318 617
319 320
319 616
617 319
320 321
616 320
321 322
334 321
321 616
322 323
322 334
323 324
323 334
324 325
333 324
334 324
325 326
333 325
326 327
326 333
327 328
332 327
333 327
328 329
328 332
329 332
332 333
333 334
334 335
334 616
335 336
335 341
335 616
335 671
336 337
341 336
337 338
337 341
338 339
340 338
341 338
339 340
340 341
341 342
671 341
342 343
671 342
343 344
343 345
622 343
343 671
344 345
345 346
622 345
346 347
346 576
622 346
347 348
576 347
347 623
348 349
348 350
623 348
349 350
350 351
623 350
351 352
623 351
352 353
352 623
353 354
355 353
357 353
595 353
623 353
354 355
355 356
355 357
356 357
357 358
595 357
357 597
358 359
360 358
597 358
359 360
360 361
360 362
360 363
597 360
598 360
361 362
362 363
363 364
363 590
363 598
364 365
366 364
590 364
365 366
366 367
368 366
366 369
590 366
591 366
367 368
368 369
369 370
369 578
591 369
721 369
370 371
370 372
721 370
371 372
372 373
372 721
373 374
373 721
374 375
374 717
374 718
721 374
375 376
718 375
376 377
718 376
377 378
561 377
377 718
378 379
378 561
378 713
379 380
713 379
380 381
380 713
381 382
381 712
381 713
382 383
569 382
382 712
383 384
383 569
384 385
569 384
834 384
385 386
385 834
386 387
834 386
387 388
833 387
387 834
387 835
388 389
388 835
389 390
835 389
390 391
827 390
390 835
391 392
827 391
845 391
392 393
392 396
838 392
844 392
392 845
393 394
395 393
393 396
394 395
395 396
396 397
396 838
397 398
397 838
398 399
400 398
398 838
399 400
400 401
400 838
401 402
401 654
401 838
402 403
652 402
654 402
403 404
403 652
404 405
652 404
405 406
405 407
594 405
652 405
406 407
407 408
411 407
407 594
408 409
411 408
409 410
409 411
410 411
411 412
594 411
640 411
412 413
412 640
413 414
640 413
414 415
640 414
641 414
415 416
415 641
416 417
584 416
641 416
417 418
584 417
418 419
584 418
419 420
419 584
625 419
672 419
419 728
420 421
420 728
421 422
421 728
422 423
728 422
423 424
727 423
728 423
424 425
727 424
730 424
425 426
730 425
426 427
730 426
427 428
427 729
427 730
734 427
428 429
734 428
429 430
429 734
430 431
734 430
735 430
431 432
735 431
432 433
432 735
432 736
433 434
736 433
434 435
736 434
434 739
435 436
739 435
436 437
692 436
436 739
437 438
437 692
437 705
438 439
705 438
439 440
439 693
439 705
440 441
440 693
441 442
663 441
693 441
442 443
663 442
442 685
443 444
685 443
444 445
685 444
445 446
445 685
446 447
446 587
446 685
447 448
447 449
587 447
448 449
449 450
449 587
450 451
450 587
603 450
451 452
603 451
452 453
603 452
724 452
453 454
724 453
454 455
724 454
806 454
455 456
455 806
456 457
806 456
456 807
457 458
457 807
458 459
458 807
458 808
459 460
459 808
460 461
460 808
814 460
461 462
814 461
462 463
462 464
814 462
462 816
463 464
464 465
467 464
816 464
819 464
465 466
465 467
466 467
467 468
819 467
468 469
468 819
469 470
818 469
469 819
470 471
470 818
471 472
471 818
472 473
475 472
818 472
473 474
475 473
474 475
475 476
818 475
476 477
476 818
477 478
477 817
818 477
478 479
817 478
479 480
817 479
480 481
482 480
480 483
480 817
481 482
482 483
483 484
817 483
484 485
486 484
817 484
485 486
486 487
817 486
487 488
817 487
488 489
488 490
817 488
489 490
490 491
816 490
817 490
491 492
816 491
492 493
492 814
816 492
493 494
493 814
494 495
814 494
495 496
808 495
814 495
496 497
807 496
808 496
497 498
807 497
498 499
807 498
499 500
806 499
499 807
500 501
500 806
501 502
501 724
501 806
502 503
724 502
503 504
503 603
503 724
504 505
603 504
504 656
504 659
505 506
505 659
506 507
659 506
507 508
659 507
507 804
508 509
804 508
509 510
509 804
510 511
510 708
510 802
804 510
511 512
511 802
511 812
512 513
512 812
513 514
812 513
813 513
514 515
514 813
515 516
813 515
515 815
516 517
815 516
517 518
517 815
518 519
815 518
518 832
519 520
519 521
519 831
519 832
520 521
521 522
831 521
522 523
522 831
523 524
525 523
828 523
523 829
523 831
524 525
525 526
525 829
526 527
528 526
829 526
526 830
527 528
528 529
830 528
529 530
531 529
830 529
530 531
531 532
531 533
830 531
532 533
533 534
533 830
534 535
534 830
535 536
568 535
535 614
535 830
536 537
536 614
537 538
539 537
614 537
538 539
541 607
631 541
632 541
541 633
634 541
676 541
542 581
542 609
542 667
542 820
542 822
542 823
543 570
599 543
609 543
666 543
669 543
849 543
544 710
544 711
544 820
821 544
823 544
544 824
545 738
744 545
545 751
545 753
758 545
767 545
768 545
741 546
546 756
757 546
771 546
546 783
546 790
547 707
708 547
776 547
777 547
547 778
547 779
547 781
800 547
548 643
644 548
548 674
678 548
548 855
549 596
549 597
549 598
618 549
619 549
549 620
550 590
591 550
550 598
605 550
550 620
550 621
551 573
551 600
551 613
551 633
551 635
552 583
593 552
604 552
632 552
552 637
552 638
750 553
751 553
758 553
759 553
553 760
584 554
626 554
672 554
554 689
554 726
554 811
727 555
555 732
753 555
555 754
555 809
786 556
556 787
556 790
556 791
794 556
557 704
557 731
557 733
735 557
740 557
741 557
755 557
558 686
558 692
706 558
558 756
558 762
769 558
770 558
627 559
648 559
651 559
673 559
559 674
855 559
560 574
592 560
560 593
560 606
607 560
560 637
560 676
713 561
718 561
719 561
708 562
562 800
562 801
802 562
803 562
563 586
563 606
607 563
563 611
563 665
675 563
826 564
564 827
564 845
564 847
848 564
679 565
723 565
565 765
565 766
805 565
722 566
723 566
566 805
810 566
710 567
567 711
567 714
715 567
614 568
568 828
568 829
830 568
712 569
834 569
569 837
570 599
655 570
669 570
725 570
571 594
571 642
571 644
647 571
652 571
654 571
682 571
576 572
596 572
616 572
572 617
618 572
622 572
671 572
573 600
610 573
613 573
592 574
593 574
639 574
594 575
626 575
640 575
641 575
642 575
643 575
576 595
576 596
576 622
576 623
577 714
577 716
577 797
577 798
799 577
578 591
605 578
578 720
721 578
579 587
603 579
656 579
658 579
662 579
588 580
589 580
604 580
629 580
630 580
580 631
632 580
599 581
609 581
822 581
600 582
610 582
630 582
633 582
636 582
604 583
624 583
583 638
687 583
626 584
641 584
584 672
627 585
585 673
722 585
723 585
586 611
612 586
665 586
603 587
587 662
587 685
588 604
588 629
589 629
630 589
636 589
590 591
598 590
605 591
606 592
592 608
593 637
638 593
639 593
640 594
642 594
652 594
596 595
595 597
623 595
597 596
596 618
598 597
598 620
609 599
655 599
600 610
633 600
602 601
601 611
612 601
601 634
635 601
668 601
601 675
602 613
635 602
602 668
603 656
724 603
604 632
664 604
687 604
605 621
605 720
607 606
608 606
665 606
634 607
675 607
676 607
665 608
666 609
609 667
609 688
611 612
611 675
668 612
635 613
615 669
615 725
615 849
615 850
853 615
616 617
671 616
617 618
617 670
619 618
618 670
620 619
619 621
619 670
620 621
671 622
624 687
691 624
699 624
625 672
625 726
727 625
625 728
809 625
626 641
626 643
689 626
627 648
627 673
628 673
674 628
678 628
679 628
628 723
631 630
633 630
630 636
632 631
633 631
632 637
632 676
634 633
635 633
634 635
675 634
676 637
641 640
643 642
642 644
643 644
643 677
643 678
689 643
644 647
855 644
645 647
651 645
683 645
645 684
695 645
696 645
645 840
645 855
646 648
646 649
646 650
646 651
646 694
646 695
682 647
683 647
855 647
648 649
648 651
650 649
694 650
650 697
651 695
651 855
652 654
654 653
653 682
653 683
653 838
653 839
840 653
682 654
654 838
658 656
656 659
657 658
657 661
657 775
657 776
777 657
657 780
659 658
658 661
662 658
780 658
780 659
659 804
660 661
662 660
660 663
686 660
660 764
660 770
661 662
764 661
661 775
662 663
685 662
685 663
663 686
693 663
687 664
688 666
666 849
666 852
688 667
823 667
669 725
669 849
726 672
674 673
673 723
674 678
855 674
678 677
677 679
677 689
766 677
811 677
678 679
723 679
679 766
680 684
680 700
701 680
702 680
703 680
842 680
681 698
701 681
702 681
681 798
681 799
683 682
840 683
684 696
684 703
839 684
840 684
841 684
842 684
846 684
692 686
686 693
705 686
770 686
811 689
690 694
690 695
690 696
690 697
702 690
690 703
698 691
691 699
691 700
691 701
705 692
706 692
739 692
705 693
695 694
697 694
696 695
703 696
697 702
697 797
697 798
701 698
698 799
699 700
843 699
700 701
842 700
700 843
701 702
703 702
702 798
706 704
704 735
704 736
704 739
755 704
762 704
739 706
762 706
707 781
707 782
707 800
707 801
777 708
708 800
708 802
708 804
758 709
709 760
761 709
765 709
709 805
711 710
710 821
711 824
712 713
715 714
714 716
714 797
716 715
799 716
718 717
719 717
717 720
721 717
719 718
719 720
721 720
722 723
805 723
724 806
853 725
726 753
726 768
726 809
811 726
728 727
730 727
727 732
727 809
730 729
732 729
733 729
734 729
730 732
732 731
731 733
731 740
742 731
754 731
732 733
754 732
733 734
733 735
734 735
736 735
736 739
737 740
741 737
742 737
745 737
737 746
747 737
757 737
742 738
744 738
738 753
738 754
740 741
740 742
755 741
741 756
741 757
744 742
742 745
742 754
744 743
743 745
747 743
749 743
743 750
743 751
745 744
751 744
747 745
747 746
746 757
746 790
794 746
747 749
794 747
749 748
748 750
748 752
748 794
748 795
748 796
750 749
794 749
750 751
750 752
750 759
758 751
752 759
752 796
754 753
768 753
809 753
755 756
755 762
756 762
756 769
771 756
757 790
760 758
758 765
758 767
760 759
760 761
761 805
810 761
764 763
769 763
770 763
763 771
763 774
763 788
770 764
764 774
775 764
766 765
767 765
805 765
766 767
811 766
767 768
811 767
811 768
770 769
771 769
771 783
785 771
788 771
774 772
778 772
772 779
772 784
772 785
772 788
779 773
781 773
784 773
773 789
792 773
773 793
775 774
774 776
778 774
788 774
776 775
777 776
778 776
780 777
777 804
779 778
779 781
779 784
804 780
781 782
781 789
789 782
784 783
783 785
786 783
783 790
785 784
784 786
784 792
788 785
786 787
790 786
792 786
791 787
792 787
787 793
789 793
790 794
791 794
795 791
793 792
795 794
796 795
797 798
798 799
800 801
801 803
802 803
812 802
812 803
810 805
807 806
807 808
814 808
812 813
813 815
816 814
832 815
817 816
816 818
816 819
818 817
818 819
820 821
822 820
820 823
824 823
825 826
827 825
825 835
825 836
827 826
826 848
827 835
827 845
828 829
828 831
829 830
832 831
834 833
833 835
833 836
833 837
834 837
835 836
838 839
844 838
839 840
844 839
846 839
842 841
841 843
845 841
841 846
847 841
842 843
847 843
848 843
845 844
844 846
846 845
847 845
847 848
849 850
852 849
849 854
851 850
853 850
850 854
851 854
