708
181 505
176 503
171 500
168 497
171 492
175 489
180 488
185 486
190 482
195 479
200 477
205 474
209 471
214 468
218 464
219 459
220 454
221 449
221 444
221 439
221 434
221 429
219 424
218 419
217 414
217 409
217 404
217 399
217 394
217 389
217 384
218 379
218 374
217 369
216 364
213 359
213 354
215 349
217 344
218 339
219 334
220 329
219 324
219 319
220 314
221 309
221 304
221 299
223 294
222 289
222 284
223 279
222 274
222 269
223 264
223 259
223 254
222 249
222 244
222 239
222 234
222 229
223 224
222 219
222 214
221 209
221 204
221 199
222 194
222 189
221 184
221 179
221 174
218 169
214 167
209 166
204 165
199 163
194 162
189 162
184 162
179 162
174 161
169 161
164 160
159 160
154 160
149 162
144 162
139 163
134 163
129 163
124 163
119 162
114 162
109 162
104 161
99 160
94 160
89 159
84 158
79 158
74 158
69 159
64 160
59 160
54 160
49 160
44 160
39 162
34 162
32 159
30 155
25 156
20 157
20 153
23 149
19 146
15 144
16 139
20 137
24 134
22 129
25 126
30 126
35 129
40 131
45 131
50 132
55 132
60 131
62 127
62 122
63 117
66 114
71 113
72 117
72 122
72 127
73 132
75 137
80 139
85 139
90 140
95 140
100 140
105 140
110 141
115 141
120 142
125 142
130 142
135 142
140 141
145 139
150 137
155 135
160 133
165 131
170 130
175 127
180 126
185 124
190 124
195 122
196 117
201 115
206 114
211 113
216 113
221 112
226 109
231 107
236 105
241 103
244 99
244 94
243 89
241 84
239 80
237 75
234 71
231 66
228 61
227 57
226 52
231 49
230 44
230 39
231 34
233 29
235 24
239 19
243 15
248 12
253 10
258 10
263 11
268 13
273 15
277 18
280 22
283 27
286 31
286 36
287 41
287 46
289 51
290 56
290 61
287 66
285 71
282 75
280 80
278 85
275 90
274 95
274 100
278 102
283 105
288 107
293 109
298 111
303 111
308 112
313 113
318 114
322 117
323 122
328 122
333 122
338 123
343 124
348 127
353 131
358 132
363 135
368 137
373 139
378 141
383 143
388 143
393 142
398 141
403 140
408 141
413 140
418 140
423 141
428 141
433 140
438 140
443 138
446 133
446 128
446 123
446 118
444 113
447 109
452 110
456 114
458 118
458 123
459 128
464 131
469 130
474 128
479 126
484 126
489 125
494 125
498 127
497 132
497 136
502 136
506 139
504 144
499 146
494 146
495 149
498 152
496 156
491 157
486 157
486 159
487 164
482 166
477 165
472 162
467 161
462 161
457 161
452 160
447 159
442 159
437 160
432 160
427 160
422 160
417 161
412 162
407 163
402 164
397 164
392 164
387 163
382 164
377 163
372 163
367 162
362 161
357 160
352 161
347 162
342 164
337 164
332 164
327 164
322 163
317 161
312 160
307 161
302 164
298 169
295 174
295 179
295 184
295 189
295 194
295 199
295 204
295 209
295 214
295 219
295 224
295 229
294 234
295 239
295 244
295 249
295 254
295 259
295 264
295 269
296 274
294 279
295 284
294 289
294 294
295 299
295 304
296 309
297 314
299 319
299 324
300 329
302 334
302 339
301 344
303 349
304 354
304 359
302 364
300 369
300 374
299 379
299 384
299 389
300 394
300 399
301 404
301 409
301 414
301 419
301 424
301 429
301 434
302 439
302 444
302 449
302 454
300 459
300 464
302 469
307 472
311 475
316 477
321 480
325 483
330 486
335 489
340 491
345 493
348 496
348 501
343 505
338 505
333 505
328 505
323 505
318 505
313 501
309 498
304 494
300 490
295 490
290 490
285 490
280 488
277 484
274 479
271 475
271 470
274 465
274 460
277 455
276 450
276 445
276 440
276 435
276 430
276 425
276 420
275 415
274 410
274 405
274 400
274 395
274 390
274 385
274 380
274 375
274 370
274 365
274 360
274 355
274 350
272 345
271 340
270 335
270 330
270 325
269 320
269 315
268 310
265 305
264 300
261 295
259 290
255 294
251 299
251 304
250 309
250 314
248 319
247 324
247 329
247 334
246 339
246 344
244 349
243 354
243 359
244 364
244 369
245 374
245 379
244 383
242 388
242 393
242 398
241 403
241 408
242 413
242 418
241 423
240 428
240 433
240 438
240 443
240 448
241 453
243 458
244 463
244 468
244 473
244 478
245 483
243 486
239 488
234 490
229 491
224 492
219 492
214 493
209 496
204 500
199 502
194 505
189 505
184 505
182 505
229.487 141.026
261.144 130.712
259.5 68.9
200.57 142.152
258 176.5
258.347 241.5
245.291 271.058
300.5 136.36
330.5 142.952
270 266.5
258.414 38.3516
34.4211 142.759
272.076 35.6413
181.421 144.053
191.327 494.589
235.5 311.3
232 341.4
481.545 139.727
276.343 284
286.959 463.438
284.404 321.719
289.057 356.211
321.684 493.789
251.226 206.027
272.148 196.5
255.643 24.2132
309.982 126.409
289.19 450.708
272.082 56.3777
208.569 129.095
228.174 355.655
475.761 150.43
288.232 476.747
263.846 29.9459
245.776 33.4881
320.099 134.857
318.299 147.899
327.585 153.282
340.16 151.255
310.651 140.199
301.409 149.297
342.597 138.648
279.27 144.353
283.447 125.633
333.69 132.766
352.961 147.191
291.077 143.523
286.199 158.528
284.595 135.715
272.637 134.303
297.351 123.867
267.033 46.011
277.016 44.4544
252.345 53.8608
198.47 131.886
190.573 138.849
192.293 150.424
215.046 142.042
225.287 347.239
235.032 349.855
298.723 479.283
246.466 24.3367
295.613 156.893
266.815 159.222
262.933 145.176
289.552 118.08
249.118 43.6559
241.625 51.638
244.65 64.0117
223.2 154.79
207.888 152.735
276.352 154.56
246.613 139.852
249.37 74.6721
261.295 83.8246
214.955 158.149
256.021 138.688
250.299 156.227
269.294 75.2923
268.677 65.5385
251.524 84.21
259.279 153.745
236.897 152.728
238.271 143.661
239.265 171.074
229.122 165.013
241.785 161.423
251.302 167.445
62.9526 145.369
73.3245 147.444
82.9193 148.417
48.1301 145.951
55.3519 140.84
55.7519 151.017
39.7037 151.105
200.7 488.57
209.828 483.345
222.487 478.547
233.259 478.88
231.012 465.92
233.209 324.931
228.42 332.858
228.532 317.137
264.672 278.331
253.033 279.887
257.499 267.986
237.961 285.296
247.592 254.412
262.28 254.882
247.39 287.867
276.63 243.396
267.1 246.197
274.989 255.429
284.474 250.594
282.523 265.484
276.903 273.897
286.983 369.062
286.402 341.669
292.876 348.001
282.882 349.825
312.765 487.452
288.7 437.834
461.333 145.889
470.783 140.655
455.226 137.589
449.445 147.653
365.192 149.048
375.935 151.929
386.009 152.925
277.048 173.972
236.944 124.311
230.584 455.268
233.854 274.175
237.9 298.409
230.261 303.655
240.366 237.458
269.738 220.762
268.542 233.493
281.265 228.266
281.721 214.96
271.276 208.664
260.45 213.435
261.969 201.884
255.329 227.162
251.42 190.531
284.721 237.6
250.199 235.729
263.479 187.628
267.958 178.51
237.399 198.105
246.879 179.843
234.146 183.208
230.447 174.501
246.517 198.219
237.628 213.734
241.729 189.356
230.851 191.731
230.983 206.015
248.732 217.477
239.846 225.498
231.916 231.834
286.545 381.717
280.82 332.153
290.762 332.717
288.532 425.3
286.032 168.862
222.994 128.108
231.521 131.912
215.362 122.468
228.089 119.3
249.028 127.571
245.943 114.982
236.446 114.784
236.114 261.09
236.768 249.009
231.213 241.305
282.768 202.704
282.814 190.434
273.618 186.675
287.008 394.72
287.907 412.082
283.466 403.607
258.806 105.309
256.811 94.1916
249.604 106.461
284.911 180.459
258.398 118.156
271.097 121.309
279.492 114.938
269.031 110.175
279.428 299.141
271.343 292.904
284.094 290.305
284.235 309.919
230.508 368.943
230.609 381.876
229.535 394.37
228.918 406.526
229.945 418.44
166.977 145.763
174.958 151.321
173.481 138.839
155.092 147.962
144.53 151.018
134.113 152.482
123.559 152.455
708
181.396 500.745
178.266 498.667
171.684 496.066
168.35 494.741
170.229 495.488
175.894 497.73
0 0
188.252 496.661
195.656 491.932
199.792 489.272
203.955 486.803
209.735 483.348
216.745 481.489
227.915 478.553
231.215 472.983
232.082 462.823
232.297 454.926
231.476 449.068
231.266 447.439
229.333 477.333
230.552 433.3
230.503 426.776
229.911 420.836
229.522 416.798
229.217 413.355
228.89 409.797
228.73 405.237
228.748 402.586
228.781 394.798
230.567 388.07
231.139 385.934
232.134 380.29
231.042 373.067
229.847 364.905
228.761 357.422
227.18 354.812
227.136 354.808
228.198 354.859
228.771 349.892
230.751 342.341
231.663 336.328
231.932 328.468
231.6 322.653
231.435 319.987
231.274 316.923
231.014 311.179
230.709 305.805
231.152 302.229
232.167 294.872
236.874 286.763
239.517 282.099
243.058 277.089
245.847 273.82
247.615 271.562
251.278 266.51
255.676 259.229
256.832 252.637
256.846 247.375
256.117 245.001
255.98 243.358
256.2 241.137
256.547 238.307
257.181 229.943
256.526 219.921
255.827 211.639
255.204 206.944
255.07 205.713
255.185 204.355
255.516 198.085
256.034 189.214
256.615 180.81
256.915 170.869
255.47 151.429
244.511 134.235
227.053 131.873
214.493 132.628
207.791 134.07
196.266 138.024
191.739 139.571
184.265 141.868
177.952 143.635
176.133 144.146
172.491 145.167
168.397 145.89
0 0
157.928 147.824
150.693 149.571
144.96 151.142
141.422 152.121
137.143 153.312
133.59 154.262
129.158 153.802
125.016 153.414
119.735 152.727
128 149.333
109.87 151.337
105.604 150.733
100.162 149.981
95.6986 150.098
91.3103 149.729
85.6082 149.249
78.8421 148.68
71.7139 148.081
66.8993 147.687
63.711 147.409
60.3645 147.471
55.429 147.544
46.8345 147.624
38.7795 146.342
36.8421 148.08
0 0
37.3964 147.212
33.2557 145.347
21.6838 154.097
19.2686 157.084
22.9437 153.467
31.4191 145.125
17.9785 142.356
13.8307 141.704
17.4783 142.277
27.7977 143.903
28.4916 144.204
24.5727 126.064
0 0
25.947 132.52
28.5951 144.419
34.0468 145.547
40.2406 146.601
47.3516 147.598
58.7273 147.46
54.6205 148.296
0 0
67.0857 120.04
67.5354 117.099
67.275 115.91
70.59 113.542
67.5341 115.724
69.0094 115.315
66.2091 127.987
64.3458 144.774
65.6154 147.57
77.518 148.569
85.2222 149.216
90.2187 149.637
95.6946 150.098
100.017 149.976
92.0214 149.604
109.188 151.241
113.234 151.813
118.557 152.561
124.451 153.355
129.55 153.841
135.597 153.748
141.955 151.973
148.585 150.149
154.036 148.634
161.27 147.194
163.655 146.737
167.667 145.979
172.469 145.162
177.341 143.81
178.953 143.356
185.715 141.485
193.938 138.683
208.321 133.325
201.9 130.468
202.745 130.846
208.087 131.677
210.179 131.735
218.064 131.784
229.989 130.897
239.763 130.11
243.975 129.719
248.911 128.238
254.338 127.222
256.841 110.284
257.911 94.0002
258.912 80.0067
259.646 70.7882
260.097 65.6292
260.508 58.7578
259.932 52.4752
252.952 51.5408
240.449 55.0585
0 0
230.734 57.8042
251.097 52.0496
260.926 45.1233
259.574 37.5111
259.11 35.6914
258.1 32.0783
256.839 28.7973
255.326 24.8276
254.4 22.6844
254.065 21.8986
253.042 19.494
253.659 20.9454
255.126 24.3947
257.528 30.4585
257.935 31.5107
258.216 32.2033
258.875 34.1454
260.141 37.0868
260.234 37.0076
260.174 38.3588
260.954 43.0374
263.164 49.6636
265.649 55.4132
267.271 56.3353
267.381 56.4285
264.869 55.2135
263.969 55.3715
261.412 56.6174
260.395 62.4948
259.814 68.9904
259.001 78.8092
257.686 97.254
256.45 116.367
261.486 124.823
268.561 127.166
277.292 127.205
284.662 127.115
295.872 126.816
304.301 128.327
309.576 129.379
312.867 129.702
313.368 129.827
314.072 130.176
314.52 130.922
331.935 140.006
335.333 141.701
336.831 142.462
337.29 142.791
338.976 143.773
345.901 145.534
351.894 146.753
357.71 147.924
364.502 149.271
369.592 150.842
374.729 152.696
381.822 153.87
389.879 154.255
394.799 154.076
400.912 152.738
404.261 151.785
399.285 153.062
413.29 150.235
416.731 150.091
418.892 150.201
418.548 150.375
0 0
439.748 150.98
453.601 146.963
456.408 143.352
453.894 130.878
451.81 120.432
450.141 113.46
448.368 111.773
447.024 110.496
449.512 112.861
452.113 115.337
451.744 116.553
0 0
456.01 141.392
458.138 146.527
475.172 145.664
482.542 144.607
485.9 140.77
486.851 139.562
490.202 135.301
494.158 128.457
495.523 126.106
492 131.807
489.38 135.968
504.699 140.162
506.751 140.169
503.679 140.156
494.582 138.06
484.435 142.805
482.279 145.263
0 0
495.044 153.003
482.182 145.372
479.928 147.92
482.057 153.187
484.542 167.105
483.591 161.778
0 0
479.703 147.519
468.225 146.073
458.832 146.491
456.405 146.661
454.823 146.776
449.411 148.181
444.854 149.503
435.461 151.429
431.545 151.541
426.87 151.005
420.736 150.279
414.005 150.122
409.382 150.872
404.432 151.752
400.899 152.741
397.266 153.982
392.908 154.136
387.361 154.364
382.752 153.963
380.756 153.755
375.179 152.849
371.36 151.47
366.194 149.633
357.36 147.854
345.86 145.538
343.029 144.968
340.182 144.423
339.685 144.194
338.553 143.583
338.391 143.493
337.586 142.909
330.588 139.198
316.852 133.437
302.053 128.092
277.061 128.727
266.74 141.299
259.085 157.386
256.534 173.291
256.222 182.697
256.057 189.83
256.37 195.008
256.556 197.773
257.076 205.966
257.307 211.59
257.549 217.396
257.889 223.257
258.06 226.05
258.536 234.024
259.559 240.625
260.581 246.49
261.152 249.441
261.744 252.795
262.727 255.998
263.299 257.572
265.084 262.558
267.942 267.765
268.837 269.374
273.041 276.954
275.638 281.603
278.671 286.928
282.434 294.9
284.404 301.25
284.504 306.508
284.675 312.787
284.827 318.546
284.924 322.755
285.354 326.824
286.035 332.944
286.629 336.462
286.852 337.634
288.393 345.71
289.804 353.121
290.3 355.735
290.158 356.14
289.898 357.25
288.965 361.314
286.811 372.234
286.02 378.024
285.495 384.527
285.567 390.658
285.653 396.058
286.142 400.958
286.625 405.604
287.053 409.339
287.561 413.764
287.851 416.292
288.752 423.972
289.052 429.476
289.177 432.494
289.406 440.415
289.33 445.632
289.308 447.365
289.277 449.837
287.637 457.713
285.015 470.658
287.266 477.19
298.338 482.135
303.639 484.5
312.331 488.376
316.108 490.369
319.644 492.905
325.19 496.067
336.658 498.711
342.366 499.179
344.834 498.793
347.108 498.439
346.048 498.604
343.304 499.032
339.902 499.564
332.784 498.697
327.639 497.162
324.247 495.685
323.566 495.623
321.66 494.321
319.77 492.993
310.854 487.722
305.418 485.295
289.797 478.34
285.78 476.587
285.237 479.179
285.344 480.227
285.148 478.328
284.787 474.478
281.451 475.33
282.279 475.119
284.93 473.577
285.252 469.137
287.334 459.168
289.421 448.937
289.344 444.467
289.401 440.08
289.294 435.306
289.188 432.753
288.828 424.733
288.079 418.275
287.35 411.931
286.893 407.941
286.513 404.704
286.09 400.429
285.619 395.593
285.539 387.938
285.513 385.381
285.67 380.455
286.379 375.425
287.053 370.414
288.002 365.512
288.58 362.99
290.154 354.918
288.707 347.357
287.323 340.091
286.587 336.119
286.024 333.171
285.663 330.404
285.4 327.922
284.869 320.471
284.736 315.158
284.525 307.283
284.406 300.817
281.565 292.97
272.595 276.852
0 0
246.935 272.885
233.754 292.758
230.801 304.138
230.943 309.673
231.041 313.113
231.27 316.927
231.629 323.012
231.92 328.987
232.111 333.274
231.486 337.508
231.052 340.688
229.816 345.627
228.924 353.168
228.372 355.688
230.03 366.229
230.824 371.556
231.673 377
231.874 378.106
232.346 379.65
230.385 388.742
229.423 392.332
228.777 397.428
228.744 403.155
228.946 410.428
229.378 415.168
229.621 417.912
229.955 421.266
230.496 426.694
230.549 432.826
230.585 437.847
230.655 442.614
231.421 448.645
232.388 455.966
231.979 464.958
231.876 467.123
231.627 471.646
230.895 474.621
235.832 480.068
243.023 485.102
238.122 481.67
238.151 481.691
232.083 477.443
230.317 477.398
228.183 478.474
224.747 479.378
210.535 483.121
202.248 487.816
196.337 491.494
194.238 492.845
188.703 496.397
186.319 497.857
184.461 499.007
181.434 500.802
237.538 130.705
259.19 128.494
254.222 48
204.499 135.312
256.84 171.995
258.054 242.562
253.534 264.689
300.662 127.299
338.232 143.318
262.963 258.852
0 0
0 0
260.164 37.6953
178.643 143.442
0 0
0 0
230.241 343.654
0 0
273.7 278.121
286.232 464.548
284.851 316.68
290.219 355.293
324.409 495.767
256.242 207.571
256.393 196.808
256.888 28.9475
310.031 129.522
287.36 458.579
264.355 54.03
205.836 131.765
227.74 354.856
479.611 147.24
283.71 475.045
258.08 31.9739
258.912 35.0105
326.869 137.48
305.778 138.667
337.7 143.002
339.484 144.038
313.069 130.767
306.876 129.196
340.329 144.398
270.247 130.982
276.249 127.286
336.849 142.518
379.556 149.333
282.718 127.114
269.127 133.277
280.726 127.155
267.992 130.516
300.423 127.609
261.237 45.3928
262.153 46.9902
261.353 49.6745
201.959 135.749
188.48 140.675
196.894 137.766
208 140.444
228.754 349.966
229.308 347.697
292.146 476.661
255.427 25.0755
285.51 137.453
259.161 140.535
259.999 133.406
280.804 127.164
260.901 43.985
260.786 49.3374
260.38 52.5436
234.225 142.386
211.493 133.235
256.773 130.951
249.273 132.712
260.337 61.7711
259.533 72.248
224.942 131.594
257.849 126.562
251.301 136.133
260.352 62.747
261.503 56.1662
259.181 76.2538
258.324 138.565
247.075 133.589
246.001 132.257
256.908 153.583
251.668 138.335
254.255 141.768
256.248 153.273
63.415 147.394
67.331 147.716
81.5781 148.91
50.4138 147.308
57.3313 147.513
57.2947 147.525
37.9756 146.214
202.471 487.684
219.098 480.868
234.153 479.486
231.396 476.464
231.708 468.547
231.045 337.152
231.887 334.783
231.172 314.603
263.489 259.478
256.793 260.456
258.723 258.865
243.366 277.208
259.583 251.878
259.993 253.944
235.556 283.556
261.181 251.529
260.058 249.218
261.993 254.526
261.821 253.299
264.206 260.116
267.934 267.899
288.217 365.298
287.653 339.071
289.085 349.339
289.722 352.685
0 0
289.282 437.448
460.4 142.498
474.182 145.758
456.879 145.636
453.991 146.892
367.466 150.146
373.329 152.179
382.94 153.922
0 0
246.918 129.03
232.214 459.156
248.142 270.635
232.596 294.54
230.939 303.866
256.409 241.136
257.188 220.609
258.48 231.31
259.044 237.362
257.812 222.035
257.113 211.357
256.915 218.613
256.014 200.087
257.622 231.912
255.989 190.181
260.751 247.383
257.518 240.166
256.003 187.439
256.801 168.194
255.523 199.407
256.878 170.816
256.808 175.153
256.955 157.563
255.665 199.11
256.59 217.577
256.206 187.547
255.83 192.612
255.821 203.788
256.805 220.706
257.416 231.236
256.444 239.27
284.444 350.222
285.707 330.481
286.09 333.425
289.136 432.964
263.235 147.34
225.204 131.204
238.63 130.487
223.616 131.371
238.502 130.365
253.522 128.636
254.773 126.721
245.252 129.577
255.515 260.048
256.966 250.543
256.041 243.982
256.431 201.961
256.134 186.432
255.788 182.617
285.601 393.236
0 0
285.909 397.46
256.447 116.198
0 0
256.59 114.175
256.475 173.682
259.593 124.597
263.288 127.3
268.768 127.232
258.214 123.704
284.378 300.576
282.667 281.778
280.764 291.325
284.574 309.084
232.889 351.111
230.491 388.338
229.584 392.412
228.779 404.479
0 0
166.966 146.111
175.244 144.394
172.578 145.139
156.214 148.171
151.562 149.392
134.64 154.001
128.186 153.711
1619
0 0
0 0
0 0
0 0
0 0
0 0
0 0
0 0
0 0
0 0
0 0
0 0
0 0
0 0
0 0
0 0
0 0
0 0
0 0
0 0
0 0
0 0
0 0
0 0
0 0
0 0
0 0
0 0
0 0
0 0
0 0
0 0
0 0
0 0
0 0
0 0
0 0
0 0
0 0
0 0
0 0
0 0
0 0
0 0
0 0
0 0
0 0
0 0
0 0
19 696
0 0
0 0
0 0
0 0
0 0
0 0
0 0
0 0
0 0
0 0
0 0
0 0
0 0
0 0
0 0
0 0
0 0
0 0
0 0
0 0
0 0
0 0
0 0
0 0
0 0
0 0
0 0
0 0
0 0
0 0
0 0
0 0
0 0
0 0
0 0
0 0
0 0
0 0
0 0
0 0
0 0
0 0
0 0
0 0
0 0
0 0
0 0
0 0
0 0
0 0
0 0
0 0
0 0
0 0
0 0
696 611
0 0
0 0
0 0
0 0
0 0
0 0
0 0
0 0
0 0
0 0
0 0
0 0
0 0
0 0
0 0
0 0
0 0
0 0
0 0
0 0
0 0
0 0
0 0
0 0
0 0
0 0
0 0
0 0
611 639
0 0
0 0
0 0
0 0
0 0
0 0
0 0
0 0
0 0
0 0
0 0
0 0
0 0
0 0
0 0
0 0
0 0
0 0
0 0
0 0
0 0
0 0
0 0
0 0
0 0
0 0
0 0
0 0
0 0
0 0
0 0
0 0
0 0
0 0
0 0
0 0
0 0
0 0
0 0
0 0
0 0
0 0
639 573
0 0
0 0
0 0
0 0
0 0
573 559
0 0
0 0
0 0
0 0
0 0
0 0
0 0
0 0
0 0
0 0
0 0
0 0
0 0
0 0
0 0
0 0
0 0
0 0
0 0
0 0
0 0
0 0
0 0
0 0
0 0
0 0
0 0
0 0
0 0
0 0
0 0
0 0
0 0
0 0
0 0
0 0
0 0
0 0
0 0
559 94
0 0
0 0
0 0
0 0
0 0
0 0
0 0
0 0
0 0
0 0
0 0
0 0
0 0
0 0
0 0
0 0
0 0
0 0
0 0
0 0
0 0
0 0
0 0
0 0
0 0
0 0
0 0
0 0
0 0
0 0
0 0
94 130
0 0
0 0
0 0
0 0
0 0
0 0
0 0
0 0
0 0
0 0
0 0
0 0
0 0
0 0
0 0
0 0
0 0
0 0
0 0
0 0
0 0
0 0
0 0
0 0
0 0
0 0
0 0
0 0
0 0
0 0
0 0
0 0
0 0
0 0
0 0
0 0
0 0
0 0
0 0
0 0
0 0
0 0
0 0
0 0
0 0
0 0
0 0
0 0
0 0
0 0
0 0
0 0
0 0
0 0
0 0
0 0
0 0
0 0
0 0
0 0
0 0
0 0
0 0
0 0
0 0
0 0
0 0
0 0
0 0
0 0
0 0
0 0
0 0
0 0
0 0
0 0
0 0
0 0
0 0
0 0
0 0
0 0
0 0
0 0
0 0
0 0
0 0
0 0
0 0
0 0
0 0
0 0
0 0
0 0
0 0
0 0
0 0
0 0
0 0
0 0
0 0
0 0
0 0
0 0
0 0
0 0
0 0
0 0
0 0
0 0
0 0
0 0
0 0
0 0
0 0
0 0
0 0
0 0
0 0
0 0
0 0
0 0
0 0
0 0
0 0
0 0
0 0
0 0
0 0
0 0
0 0
0 0
0 0
0 0
0 0
0 0
0 0
0 0
0 0
0 0
0 0
0 0
0 0
0 0
0 0
0 0
0 0
0 0
0 0
0 0
0 0
0 0
0 0
0 0
0 0
0 0
0 0
0 0
0 0
0 0
0 0
0 0
0 0
0 0
0 0
573 504
0 0
0 0
0 0
0 0
0 0
0 0
0 0
0 0
0 0
0 0
0 0
0 0
0 0
0 0
0 0
0 0
0 0
0 0
0 0
0 0
0 0
0 0
0 0
0 0
0 0
0 0
0 0
0 0
0 0
0 0
0 0
0 0
0 0
0 0
0 0
0 0
0 0
0 0
0 0
0 0
0 0
0 0
0 0
0 0
0 0
0 0
0 0
0 0
0 0
0 0
0 0
0 0
0 0
0 0
0 0
0 0
0 0
0 0
0 0
0 0
0 0
0 0
0 0
0 0
0 0
0 0
0 0
0 0
0 0
0 0
0 0
0 0
0 0
0 0
0 0
0 0
0 0
0 0
0 0
0 0
0 0
0 0
0 0
0 0
0 0
0 0
0 0
0 0
0 0
0 0
0 0
0 0
0 0
0 0
0 0
0 0
0 0
0 0
0 0
0 0
0 0
0 0
0 0
0 0
0 0
0 0
0 0
0 0
0 0
0 0
0 0
0 0
0 0
0 0
0 0
0 0
573 538
0 0
0 0
0 0
0 0
0 0
0 0
0 0
0 0
0 0
0 0
0 0
0 0
0 0
0 0
0 0
0 0
0 0
0 0
0 0
0 0
0 0
0 0
0 0
0 0
0 0
0 0
0 0
0 0
538 547
0 0
0 0
0 0
0 0
0 0
0 0
0 0
0 0
0 0
0 0
0 0
0 0
0 0
0 0
0 0
0 0
0 0
0 0
0 0
0 0
0 0
0 0
0 0
0 0
0 0
0 0
0 0
0 0
0 0
0 0
0 0
0 0
0 0
0 0
0 0
0 0
0 0
0 0
0 0
0 0
0 0
0 0
0 0
0 0
0 0
0 0
0 0
0 0
547 624
0 0
0 0
0 0
0 0
0 0
0 0
0 0
0 0
0 0
0 0
0 0
0 0
0 0
0 0
0 0
0 0
0 0
0 0
0 0
0 0
0 0
0 0
0 0
0 0
0 0
0 0
0 0
0 0
0 0
0 0
0 0
0 0
0 0
0 0
0 0
0 0
0 0
0 0
0 0
0 0
0 0
0 0
0 0
0 0
0 0
0 0
0 0
0 0
0 0
0 0
0 0
0 0
0 0
0 0
0 0
0 0
0 0
0 0
0 0
0 0
0 0
0 0
0 0
0 0
0 0
0 0
0 0
0 0
0 0
0 0
0 0
0 0
0 0
0 0
0 0
0 0
0 0
0 0
0 0
0 0
0 0
0 0
0 0
0 0
0 0
0 0
0 0
0 0
0 0
0 0
0 0
0 0
0 0
0 0
0 0
0 0
0 0
0 0
0 0
0 0
0 0
0 0
0 0
0 0
0 0
0 0
0 0
0 0
0 0
0 0
0 0
0 0
0 0
0 0
0 0
0 0
0 0
0 0
0 0
0 0
0 0
0 0
0 0
0 0
0 0
0 0
0 0
0 0
0 0
0 0
0 0
0 0
0 0
0 0
0 0
0 0
0 0
0 0
0 0
0 0
0 0
0 0
0 0
0 0
0 0
0 0
0 0
0 0
0 0
0 0
0 0
0 0
0 0
0 0
0 0
0 0
0 0
0 0
0 0
0 0
0 0
0 0
0 0
0 0
0 0
0 0
0 0
0 0
0 0
0 0
0 0
0 0
0 0
0 0
0 0
0 0
0 0
0 0
0 0
0 0
0 0
0 0
0 0
0 0
0 0
0 0
0 0
0 0
0 0
0 0
0 0
0 0
0 0
0 0
0 0
0 0
0 0
0 0
0 0
639 693
0 0
0 0
0 0
0 0
0 0
0 0
0 0
0 0
0 0
0 0
0 0
0 0
0 0
0 0
0 0
0 0
0 0
693 663
0 0
0 0
0 0
0 0
0 0
0 0
0 0
0 0
0 0
0 0
0 0
0 0
0 0
0 0
0 0
0 0
0 0
0 0
0 0
0 0
0 0
0 0
0 0
0 0
0 0
0 0
0 0
0 0
0 0
0 0
0 0
0 0
0 0
0 0
0 0
0 0
0 0
0 0
0 0
0 0
0 0
663 562
0 0
0 0
0 0
0 0
0 0
0 0
0 0
0 0
0 0
0 0
0 0
0 0
0 0
0 0
0 0
0 0
0 0
0 0
0 0
0 0
0 0
0 0
0 0
0 0
0 0
0 0
0 0
0 0
0 0
0 0
0 0
0 0
0 0
0 0
0 0
0 0
0 0
0 0
0 0
0 0
0 0
0 0
0 0
0 0
0 0
0 0
0 0
0 0
0 0
0 0
0 0
0 0
0 0
0 0
0 0
0 0
0 0
0 0
0 0
0 0
0 0
0 0
0 0
0 0
0 0
0 0
0 0
0 0
0 0
0 0
0 0
0 0
0 0
0 0
0 0
0 0
0 0
0 0
0 0
0 0
0 0
0 0
0 0
0 0
0 0
0 0
0 0
0 0
0 0
0 0
0 0
0 0
0 0
0 0
0 0
0 0
0 0
0 0
0 0
0 0
0 0
0 0
0 0
0 0
0 0
0 0
0 0
0 0
0 0
0 0
0 0
0 0
0 0
0 0
0 0
0 0
0 0
0 0
0 0
0 0
0 0
0 0
0 0
0 0
0 0
0 0
0 0
0 0
0 0
0 0
0 0
0 0
0 0
0 0
0 0
0 0
0 0
0 0
0 0
0 0
0 0
0 0
0 0
0 0
0 0
0 0
0 0
0 0
0 0
0 0
0 0
0 0
0 0
0 0
0 0
0 0
0 0
0 0
0 0
0 0
0 0
0 0
0 0
0 0
0 0
0 0
0 0
0 0
0 0
0 0
0 0
0 0
0 0
0 0
0 0
0 0
0 0
0 0
0 0
0 0
0 0
0 0
0 0
0 0
0 0
0 0
0 0
0 0
0 0
0 0
0 0
0 0
0 0
0 0
0 0
0 0
0 0
0 0
0 0
0 0
0 0
0 0
0 0
0 0
0 0
0 0
0 0
0 0
0 0
0 0
0 0
0 0
0 0
0 0
0 0
0 0
0 0
0 0
0 0
0 0
0 0
0 0
0 0
0 0
0 0
0 0
0 0
0 0
0 0
0 0
0 0
0 0
0 0
0 0
0 0
0 0
0 0
0 0
0 0
0 0
0 0
0 0
0 0
0 0
0 0
0 0
0 0
0 0
0 0
0 0
0 0
0 0
0 0
0 0
0 0
0 0
0 0
0 0
0 0
0 0
0 0
0 0
0 0
0 0
0 0
0 0
0 0
0 0
0 0
0 0
0 0
0 0
0 0
0 0
0 0
0 0
0 0
0 0
0 0
0 0
0 0
0 0
0 0
0 0
0 0
0 0
0 0
0 0
0 0
0 0
0 0
0 0
0 0
0 0
0 0
0 0
0 0
0 0
0 0
0 0
0 0
0 0
0 0
0 0
0 0
0 0
0 0
0 0
0 0
0 0
0 0
0 0
0 0
0 0
0 0
0 0
0 0
0 0
0 0
0 0
0 0
0 0
0 0
0 0
0 0
0 0
0 0
0 0
0 0
0 0
0 0
0 0
0 0
0 0
0 0
0 0
0 0
0 0
0 0
0 0
0 0
0 0
0 0
0 0
0 0
0 0
0 0
0 0
0 0
0 0
0 0
0 0
0 0
0 0
0 0
0 0
0 0
0 0
0 0
0 0
0 0
0 0
0 0
0 0
0 0
0 0
0 0
0 0
0 0
0 0
0 0
0 0
0 0
0 0
0 0
0 0
0 0
0 0
0 0
0 0
0 0
0 0
0 0
0 0
0 0
0 0
0 0
0 0
0 0
0 0
0 0
0 0
0 0
0 0
0 0
0 0
0 0
0 0
0 0
0 0
0 0
0 0
0 0
0 0
0 0
0 0
0 0
0 0
0 0
0 0
0 0
0 0
0 0
0 0
0 0
0 0
0 0
0 0
0 0
0 0
0 0
0 0
0 0
0 0
0 0
0 0
0 0
0 0
0 0
0 0
0 0
0 0
0 0
0 0
0 0
0 0
0 0
0 0
0 0
0 0
0 0
0 0
0 0
0 0
0 0
0 0
0 0
0 0
0 0
0 0
0 0
0 0
0 0
0 0
0 0
0 0
0 0
0 0
0 0
0 0
0 0
0 0
0 0
0 0
0 0
0 0
0 0
0 0
0 0
0 0
0 0
0 0
0 0
0 0
0 0
0 0
0 0
0 0
0 0
0 0
0 0
0 0
0 0
0 0
0 0
0 0
0 0
0 0
0 0
0 0
0 0
0 0
0 0
0 0
0 0
0 0
0 0
0 0
0 0
0 0
0 0
0 0
0 0
0 0
0 0
0 0
0 0
0 0
0 0
0 0
0 0
0 0
0 0
0 0
0 0
0 0
0 0
0 0
0 0
0 0
0 0
0 0
0 0
0 0
0 0
0 0
0 0
0 0
0 0
0 0
0 0
0 0
0 0
0 0
0 0
0 0
0 0
0 0
0 0
0 0
0 0
0 0
0 0
0 0
0 0
0 0
0 0
0 0
0 0
0 0
0 0
0 0
0 0
0 0
0 0
0 0
0 0
0 0
0 0
0 0
0 0
0 0
0 0
0 0
0 0
0 0
0 0
0 0
0 0
0 0
0 0
0 0
0 0
0 0
0 0
0 0
0 0
0 0
0 0
0 0
0 0
0 0
0 0
0 0
0 0
0 0
0 0
0 0
0 0
0 0
0 0
0 0
0 0
0 0
0 0
0 0
0 0
0 0
0 0
0 0
0 0
0 0
0 0
0 0
0 0
0 0
0 0
0 0
0 0
0 0
0 0
0 0
0 0
0 0
0 0
0 0
0 0
0 0
0 0
0 0
0 0
0 0
0 0
0 0
0 0
0 0
0 0
0 0
0 0
0 0
0 0
0 0
0 0
0 0
0 0
0 0
0 0
0 0
0 0
0 0
0 0
0 0
0 0
0 0
0 0
0 0
0 0
0 0
0 0
0 0
0 0
0 0
0 0
0 0
0 0
0 0
0 0
0 0
0 0
0 0
0 0
0 0
0 0
0 0
0 0
0 0
0 0
0 0
0 0
0 0
0 0
0 0
0 0
0 0
0 0
0 0
0 0
0 0
0 0
0 0
0 0
0 0
0 0
0 0
0 0
0 0
0 0
0 0
0 0
0 0
0 0
0 0
0 0
0 0
0 0
0 0
0 0
0 0
0 0
0 0
0 0
0 0
0 0
0 0
0 0
0 0
0 0
0 0
0 0
0 0
0 0
0 0
0 0
0 0
0 0
0 0
0 0
0 0
0 0
0 0
0 0
0 0
0 0
0 0
0 0
0 0
0 0
0 0
0 0
0 0
0 0
0 0
0 0
0 0
0 0
0 0
0 0
0 0
0 0
0 0
0 0
0 0
1619
0 1
501 0
1 2
1 4
1 5
1 6
1 501
2 3
4 2
3 4
4 5
5 6
6 7
501 6
6 516
7 8
516 7
8 9
516 8
8 597
9 10
9 597
10 11
597 10
10 598
11 12
598 11
12 13
598 12
599 12
13 14
13 599
14 15
599 14
14 601
15 16
15 601
15 633
16 17
16 633
17 18
633 17
18 19
479 18
18 480
18 633
19 20
19 478
479 19
20 21
20 477
478 20
21 22
21 476
477 21
700 21
22 23
700 22
23 24
23 700
24 25
24 699
24 700
25 26
25 699
26 27
699 26
27 28
698 27
27 699
28 29
698 28
29 30
697 29
29 698
30 31
30 697
31 32
31 697
32 33
32 696
697 32
33 34
696 33
34 35
532 34
696 34
35 36
532 35
36 37
532 36
37 38
37 532
560 37
38 39
560 38
39 40
39 518
560 39
39 603
40 41
40 603
41 42
41 602
603 41
42 43
602 42
604 42
43 44
604 43
44 45
604 44
45 46
604 45
636 45
46 47
46 636
47 48
636 47
48 49
608 48
635 48
48 636
49 50
608 49
50 51
608 50
51 52
608 51
51 634
52 53
52 634
53 54
53 634
54 55
634 54
675 54
55 56
55 675
56 57
675 56
676 56
57 58
676 57
57 677
58 59
677 58
59 60
677 59
60 61
60 662
60 677
61 62
61 662
62 63
656 62
661 62
62 662
63 64
63 656
64 65
656 64
64 659
65 66
659 65
66 67
66 659
67 68
67 658
659 67
68 69
68 658
69 70
69 653
69 658
70 71
653 70
71 72
71 653
71 654
72 73
587 72
72 654
73 74
73 571
73 577
587 73
74 75
74 577
75 76
75 572
577 75
76 77
572 76
77 78
558 77
77 572
78 79
558 78
79 80
558 79
80 81
558 80
702 80
81 82
702 81
82 83
702 82
83 84
83 702
84 85
701 84
84 702
704 84
85 86
85 704
86 87
704 86
705 86
87 88
705 87
88 89
705 88
89 90
705 89
89 706
90 91
90 706
91 92
706 91
91 707
92 93
707 92
93 94
93 707
94 95
147 94
94 148
94 707
95 96
147 95
96 97
96 146
147 96
97 98
97 144
145 97
146 97
98 99
98 144
99 100
144 99
99 592
100 101
100 592
101 102
591 101
101 592
102 103
102 591
103 104
590 103
591 103
104 105
590 104
104 595
105 106
105 595
106 107
106 595
107 108
593 107
107 595
596 107
108 109
596 108
109 110
109 111
109 596
110 111
111 112
111 596
112 113
112 116
513 112
596 112
113 114
115 113
113 116
114 115
115 116
116 117
116 120
513 116
117 118
119 117
117 120
118 119
119 120
120 121
513 120
121 122
121 123
124 121
125 121
513 121
122 123
123 124
124 125
125 126
125 513
126 127
126 513
593 126
127 128
593 127
128 129
593 128
594 128
129 130
594 129
130 131
130 139
590 130
130 594
131 132
137 131
138 131
139 131
132 133
132 137
133 134
133 136
133 137
134 135
134 136
135 136
136 137
137 138
138 139
139 140
139 590
140 141
140 590
140 591
141 142
591 141
592 141
142 143
592 142
143 144
143 592
144 145
592 144
145 146
146 147
147 148
148 149
707 148
149 150
707 149
150 151
707 150
151 152
706 151
151 707
152 153
152 706
153 154
705 153
706 153
154 155
704 154
705 154
155 156
155 704
156 157
156 701
704 156
157 158
157 701
158 159
701 158
703 158
159 160
159 703
160 161
703 160
161 162
515 161
557 161
703 161
162 163
557 162
163 164
163 556
557 163
164 165
166 164
164 531
164 556
165 166
166 167
166 531
167 168
167 531
670 167
168 169
670 168
169 170
670 169
170 171
170 670
671 170
171 172
671 171
674 171
172 173
172 674
173 174
173 674
174 175
174 673
174 674
686 174
175 176
685 175
686 175
176 177
582 176
685 176
177 178
177 582
178 179
575 178
178 582
179 180
179 575
180 181
180 570
575 180
181 182
181 570
182 183
569 182
182 570
183 184
569 183
184 185
184 186
184 569
185 186
186 187
569 186
187 188
568 187
187 569
188 189
536 188
188 568
189 190
189 536
190 191
190 536
191 192
191 536
563 191
192 193
563 192
193 194
193 563
194 195
194 527
194 563
195 196
195 527
196 197
196 527
197 198
197 527
198 199
527 198
198 535
199 200
199 535
200 201
535 200
201 202
514 201
535 201
202 203
514 202
203 204
514 203
204 205
514 204
554 204
205 206
554 205
206 207
554 206
207 208
530 207
554 207
208 209
530 208
209 210
530 209
210 211
210 530
210 581
211 212
211 581
212 213
580 212
581 212
213 214
213 580
214 215
214 580
215 216
576 215
580 215
216 217
216 576
216 685
217 218
217 684
217 685
691 217
218 219
218 690
691 218
219 220
219 690
220 221
567 220
690 220
221 222
567 221
222 223
552 222
222 567
223 224
223 552
224 225
224 528
224 552
225 226
225 528
226 227
226 228
226 528
227 228
228 229
228 528
537 228
229 230
537 229
546 229
230 231
546 230
231 232
231 546
232 233
232 543
232 546
233 234
233 543
234 235
543 234
234 547
235 236
235 547
236 237
547 236
236 628
237 238
237 628
238 239
628 238
238 629
239 240
239 629
240 241
629 240
240 630
241 242
630 241
242 243
303 242
630 242
243 244
243 301
243 302
303 243
244 245
244 301
245 246
245 299
245 300
301 245
246 247
299 246
247 248
247 298
299 247
248 249
248 297
248 298
249 250
249 296
249 297
250 251
295 250
296 250
251 252
294 251
295 251
251 627
252 253
252 626
252 627
253 254
263 253
626 253
254 255
262 254
254 263
255 256
255 261
262 255
256 257
256 259
256 260
256 261
257 258
259 257
258 259
259 260
260 261
261 262
262 263
263 264
263 626
264 265
624 264
625 264
264 626
265 266
265 625
266 267
266 519
266 625
267 268
267 519
268 269
268 519
269 270
272 269
269 519
270 271
270 272
271 272
272 273
519 272
273 274
277 273
278 273
273 519
274 275
276 274
274 277
275 276
276 277
277 278
278 279
283 278
519 278
279 280
281 279
282 279
279 283
280 281
281 282
282 283
283 284
283 287
283 519
533 283
284 285
286 284
284 287
285 286
286 287
287 288
287 533
288 289
533 288
289 290
289 533
289 624
290 291
624 290
291 292
624 291
291 627
292 293
627 292
293 294
627 293
294 295
627 294
295 296
296 297
297 298
298 299
299 300
300 301
301 302
302 303
303 304
303 630
304 305
630 304
305 306
630 305
306 307
630 306
307 308
629 307
630 307
308 309
629 308
309 310
628 309
629 309
310 311
628 310
311 312
547 311
311 628
312 313
540 312
547 312
313 314
540 313
314 315
314 540
315 316
315 539
315 540
316 317
316 539
317 318
539 317
318 319
318 539
319 320
538 319
539 319
320 321
320 538
320 542
321 322
321 542
564 321
322 323
564 322
323 324
323 564
323 667
324 325
324 667
687 324
325 326
687 325
326 327
679 326
687 326
327 328
327 679
328 329
679 328
329 330
678 329
679 329
330 331
330 678
331 332
641 331
331 678
332 333
332 641
333 334
333 641
334 335
640 334
641 334
335 336
640 335
336 337
640 336
647 336
337 338
337 647
338 339
338 615
647 338
339 340
339 615
340 341
340 615
341 342
341 615
616 341
342 343
342 616
343 344
616 343
344 345
616 344
345 346
520 345
345 616
617 345
694 345
346 347
346 694
347 348
347 694
348 349
692 348
348 694
349 350
692 349
350 351
350 692
695 350
351 352
351 695
352 353
352 522
695 352
353 354
522 353
354 355
522 354
665 354
355 356
355 665
356 357
665 356
357 358
619 357
357 665
358 359
619 358
620 358
359 360
359 620
360 361
523 360
360 620
361 362
523 361
362 363
362 523
363 364
523 363
618 363
364 365
364 618
365 366
618 365
663 365
366 367
663 366
367 368
367 663
367 681
368 369
368 681
369 370
681 369
683 369
370 371
682 370
370 683
371 372
371 682
372 373
682 372
373 374
666 373
373 682
374 375
374 666
375 376
375 666
376 377
623 376
376 666
377 378
623 377
378 379
529 378
623 378
379 380
379 529
380 381
529 380
381 382
521 381
529 381
382 383
382 521
534 382
383 384
383 534
562 383
384 385
384 562
385 386
562 385
385 622
386 387
622 386
387 388
622 387
388 389
524 388
622 388
389 390
389 524
390 391
397 390
390 398
390 524
391 392
391 396
391 397
392 393
394 392
395 392
392 396
393 394
394 395
395 396
396 397
397 398
398 399
524 398
399 400
524 399
400 401
524 400
401 402
524 401
402 403
402 524
402 622
403 404
403 622
404 405
404 562
404 622
405 406
405 562
406 407
534 406
562 406
407 408
407 534
408 409
534 408
409 410
534 409
410 411
410 412
413 410
534 410
411 412
412 413
413 414
521 413
534 413
414 415
414 521
415 416
521 415
529 415
416 417
529 416
417 418
417 529
417 623
418 419
623 418
419 420
623 419
420 421
420 623
666 420
421 422
421 666
422 423
422 666
682 422
423 424
682 423
424 425
682 424
683 424
425 426
683 425
426 427
683 426
427 428
427 681
683 427
428 429
428 663
681 428
429 430
429 663
430 431
663 430
431 432
618 431
431 663
432 433
432 618
433 434
618 433
434 435
523 434
618 434
435 436
435 523
435 621
436 437
436 621
437 438
437 619
621 437
438 439
619 438
438 664
439 440
664 439
440 441
440 664
441 442
522 441
664 441
442 443
442 522
443 444
522 443
443 695
444 445
444 692
695 444
445 446
692 445
446 447
446 692
693 446
447 448
447 693
448 449
605 448
448 606
611 448
448 693
449 450
611 449
450 451
611 450
450 635
451 452
451 635
452 453
517 452
635 452
453 454
453 517
454 455
454 517
454 602
455 456
602 455
456 457
602 456
457 458
518 457
457 602
603 457
458 459
518 458
459 460
459 518
459 561
460 461
561 460
461 462
561 461
462 463
532 462
561 462
462 696
463 464
463 696
464 465
464 696
465 466
696 465
465 697
466 467
697 466
467 468
467 697
468 469
697 468
468 698
469 470
469 698
470 471
470 698
471 472
698 471
699 471
472 473
699 472
473 474
699 473
700 473
474 475
474 700
475 476
475 700
476 477
700 476
477 478
478 479
479 480
480 481
633 480
481 482
633 481
482 483
482 601
633 482
483 484
601 483
484 485
601 484
485 486
600 485
485 601
486 487
488 486
600 486
487 488
488 489
488 600
489 490
489 600
490 491
600 490
491 492
491 599
491 600
492 493
492 599
493 494
598 493
599 493
494 495
494 598
495 496
597 495
495 598
496 497
496 597
497 498
497 516
497 597
498 499
498 516
499 500
516 499
500 501
516 500
501 516
559 502
571 502
502 584
502 585
668 502
669 502
503 551
566 503
503 578
672 503
503 688
503 689
504 555
504 570
504 575
576 504
580 504
581 504
531 505
556 505
557 505
505 558
559 505
505 572
565 506
506 589
506 646
506 649
650 506
652 506
609 507
507 610
613 507
507 639
645 507
648 507
508 606
508 607
608 508
609 508
634 508
508 675
509 528
509 541
509 542
548 509
550 509
552 509
537 510
538 510
510 539
540 510
510 543
510 546
511 605
607 511
610 511
511 614
511 616
511 617
512 514
512 527
512 535
512 536
512 553
555 512
568 512
593 513
596 513
535 514
553 514
514 554
557 515
558 515
702 515
515 703
516 597
517 602
604 517
635 517
517 636
518 560
561 518
518 603
519 533
519 625
605 520
520 617
520 693
520 694
529 521
521 534
522 664
522 665
695 522
523 618
620 523
621 523
524 622
525 643
644 525
525 655
525 656
525 660
526 642
526 644
649 526
678 526
526 679
526 680
527 535
527 536
563 527
528 537
541 528
528 552
529 623
530 553
530 554
555 530
581 530
531 556
531 559
668 531
531 670
560 532
532 561
532 696
624 533
625 533
562 534
536 563
568 536
537 538
541 537
537 546
539 538
538 541
542 538
540 539
540 543
540 547
541 542
542 548
564 542
543 546
547 543
548 544
549 544
544 550
551 544
544 566
544 573
550 545
545 551
545 552
545 567
545 689
545 690
547 628
549 548
550 548
564 548
564 549
573 549
667 549
550 551
552 550
566 551
689 551
552 567
553 554
553 555
555 568
569 555
555 570
581 555
556 557
557 558
572 558
702 558
559 571
572 559
559 577
668 559
560 561
562 622
667 564
566 565
573 565
583 565
565 589
565 631
650 565
573 566
566 578
566 583
690 567
568 569
570 569
575 570
577 571
571 584
587 571
572 577
631 573
573 667
574 578
579 574
574 585
632 574
574 669
574 672
575 576
575 582
580 576
576 582
685 576
579 578
583 578
672 578
579 583
579 584
579 585
588 579
579 589
581 580
685 582
583 589
584 585
587 584
588 584
669 585
586 587
586 588
589 586
652 586
653 586
586 654
587 588
654 587
589 588
652 589
591 590
594 590
590 595
591 592
593 594
593 595
593 596
594 595
597 598
599 598
600 599
601 599
600 601
633 601
603 602
604 602
636 604
605 606
605 607
605 617
693 605
607 606
608 606
611 606
607 609
610 607
611 608
634 608
608 635
609 610
609 637
609 648
675 609
609 676
613 610
610 614
611 635
612 613
612 614
615 612
639 612
612 640
612 647
613 614
639 613
614 615
616 614
616 615
615 647
617 616
618 663
620 619
619 621
619 664
619 665
621 620
623 666
624 625
626 624
627 624
626 627
629 628
629 630
650 631
631 667
631 680
631 687
632 669
632 671
632 672
632 673
674 632
675 634
635 636
648 637
637 661
662 637
676 637
637 677
639 638
638 640
641 638
642 638
638 643
645 638
639 640
639 645
640 641
640 647
641 642
678 641
642 643
642 644
678 642
643 644
645 643
643 660
646 644
649 644
644 655
645 648
645 660
661 645
646 649
652 646
646 655
657 646
648 661
650 649
680 649
650 680
655 651
656 651
651 657
651 658
651 659
653 652
652 657
653 654
653 657
653 658
655 656
655 657
656 659
656 660
656 661
657 658
659 658
661 660
662 661
662 677
681 663
665 664
666 682
667 687
668 669
670 668
671 668
671 669
671 670
671 674
672 673
688 672
673 674
673 686
688 673
675 676
676 677
678 679
679 680
687 679
680 687
683 681
682 683
684 685
684 686
684 688
691 684
685 686
686 688
689 688
691 688
689 690
689 691
691 690
692 693
694 692
695 692
694 693
696 697
698 697
699 698
700 699
702 701
701 703
704 701
702 703
704 705
705 706
706 707
