719
120 499
121 494
124 490
128 487
132 483
137 481
142 480
147 476
149 471
153 466
150 461
149 457
152 452
153 447
154 442
155 437
157 432
158 427
159 422
161 417
162 412
164 407
166 402
169 397
170 392
172 387
173 382
175 377
175 372
177 367
176 362
175 359
177 354
179 349
180 344
181 339
182 334
184 329
186 324
188 319
189 314
191 309
191 304
193 299
195 294
197 289
199 284
200 279
201 274
202 269
205 264
206 259
207 254
208 249
211 244
212 239
212 234
214 229
215 224
216 219
218 215
218 210
222 205
223 200
220 195
220 190
222 185
219 180
218 175
218 170
217 165
215 160
214 155
214 150
213 145
211 140
206 137
201 133
196 130
192 126
187 126
182 125
177 125
172 125
167 125
162 125
157 125
152 125
147 125
142 125
137 125
132 125
127 125
122 126
117 127
112 127
107 127
102 127
97 127
92 129
87 131
83 133
78 133
73 135
71 131
71 126
71 121
66 123
61 123
56 123
51 123
46 123
41 122
36 122
31 122
27 121
22 120
19 116
17 112
21 110
26 111
31 110
36 109
41 108
46 108
51 107
56 106
61 106
66 105
71 106
76 106
81 106
86 106
91 106
96 106
101 107
106 107
111 107
116 107
121 105
126 104
131 103
136 102
141 102
146 102
151 103
156 104
161 103
166 103
171 103
176 103
181 101
186 101
191 101
196 99
201 98
206 98
211 99
216 100
221 99
226 97
231 96
236 93
238 88
238 83
238 78
237 73
236 68
231 66
230 62
230 57
228 52
227 47
228 42
231 38
231 33
232 28
233 23
234 19
239 16
244 14
249 13
254 13
259 13
264 15
269 17
271 22
274 27
274 32
274 37
278 40
279 45
279 50
277 55
274 59
273 64
269 67
267 72
266 77
266 82
268 85
269 90
273 94
278 95
283 96
288 99
293 97
298 97
303 97
308 98
313 99
318 101
323 102
328 102
333 102
338 102
343 102
348 103
353 103
358 104
363 102
368 102
373 102
378 103
383 103
388 103
393 104
398 106
403 107
408 107
413 106
418 106
423 107
428 106
433 103
437 106
442 106
447 106
452 106
457 106
462 106
467 106
472 107
477 108
482 108
487 109
491 112
488 117
483 119
478 121
473 122
468 122
463 122
458 122
453 123
448 123
443 121
438 124
438 129
437 134
432 133
427 132
422 131
417 131
412 130
407 130
402 130
397 129
392 128
387 128
382 127
377 127
372 127
367 126
362 126
357 125
352 125
347 125
342 125
337 125
332 126
327 128
322 128
317 129
312 129
308 133
303 135
299 140
297 145
295 150
293 155
290 160
290 165
288 170
287 175
287 180
287 185
287 190
285 195
281 199
281 203
285 208
288 213
288 218
290 223
290 228
295 233
296 238
296 243
295 248
297 253
300 258
300 263
300 268
300 273
301 278
303 283
304 288
306 293
306 298
307 303
309 308
310 313
311 318
313 323
315 328
316 333
317 338
318 343
320 348
323 353
326 358
325 363
325 368
327 373
327 378
329 383
330 388
332 393
332 398
333 403
334 408
335 413
336 418
337 423
338 428
339 433
340 438
340 443
342 448
344 453
347 458
348 463
348 468
352 471
354 476
358 480
363 482
368 486
372 490
375 495
372 499
367 499
362 499
357 499
352 499
347 499
342 499
337 499
332 499
327 499
325 495
328 490
328 485
328 480
328 475
327 472
322 473
317 474
315 472
315 467
314 462
313 457
312 452
312 447
311 442
310 437
309 432
307 427
307 422
306 417
305 412
303 408
301 403
301 398
300 393
299 388
297 383
296 378
293 374
288 377
283 378
278 379
273 381
268 382
263 382
259 381
257 376
256 371
255 366
255 361
255 356
255 351
254 346
254 341
254 336
254 331
251 328
251 333
251 338
250 343
250 348
250 353
250 358
249 363
249 368
249 373
250 378
250 382
245 382
240 382
235 382
230 380
225 379
220 378
215 378
210 377
205 375
202 379
200 384
199 389
197 394
195 399
195 404
193 409
191 414
190 419
190 424
188 429
186 434
184 439
184 444
184 449
183 454
181 459
180 464
179 469
174 469
169 468
168 473
169 478
170 483
171 488
173 493
171 497
166 498
161 498
156 498
151 498
146 498
141 498
136 498
131 498
126 498
121 498
252.026 201
275.142 306.858
252.453 35.5
254.054 139.389
230.5 299.5
216.355 339.042
252.821 249.764
285.194 338.5
274.523 144.709
242.632 162.474
233.7 143.46
214.597 358.259
232.085 245.617
274.34 259.164
270.51 119.452
265.023 168.005
232.234 119.835
305.585 360.049
287.143 126.415
194.214 360.214
253.351 91.3058
256.365 53.5409
244.378 26.6808
235.077 225.692
266.84 47.0374
188.755 374.551
175.276 421.255
321.943 424.211
316.5 400.1
311.5 375.9
341.207 479.345
288.795 296.241
259.841 26.1591
211.634 307.927
223.875 277.35
264.931 227.814
280.827 358.068
287.121 261.414
295.994 112.971
230.409 214.164
273.864 216.791
243.388 56.8339
241.776 37.1706
257.593 43.8302
337.375 469.344
338.053 488.947
277.377 279.336
245.573 214.734
253.061 67.7375
279.243 268.741
288.599 275.85
285.623 286.075
273.21 292.849
167.109 452.978
237.824 191.478
268.998 185.571
186.32 365.416
197.024 369.492
302.823 370.109
314.601 365.714
251.953 21.7845
277.459 228.835
269.967 243.389
266.363 204.168
249.822 229.31
260.785 62.0523
254.418 79.5067
280.023 299.048
252.885 302.789
161.714 461.287
239.925 203.697
257.159 211.795
261.105 193.938
271.502 195.411
258.361 238.505
240.205 236.649
248.947 240.865
264.683 301.163
262.784 317.101
254.12 279.564
264.908 270.035
261.48 289.347
264.341 218.205
250.669 264.786
262.031 258.011
262.15 248.612
266.916 280.352
239.233 275.249
240.848 255.714
241.401 246.383
240.863 265.55
247.888 273.228
242.944 290.283
231.072 287.263
216.147 292.697
252.372 292.993
241.636 301.527
245.826 314.937
220.411 302.244
226.663 321.517
220.963 312.716
209.166 324.217
205.856 297.932
201.255 307.26
254.814 312.035
238.681 325.323
229.088 334.738
240.052 336.315
227.055 349.71
199.422 318.439
217.279 348.815
201.242 345.401
197.916 332.083
238.446 347.76
228.039 364.496
237.72 370.72
207.692 334.087
191.583 340.739
218.314 367.851
189.293 350.964
83.6154 118.615
94.1902 116.61
426.351 119.16
434.848 115.147
275.174 131.658
265.416 137.713
246.234 108.118
178.6 407.792
171.108 413.084
317.631 412.515
324.025 405.673
326.225 415.99
317.036 387.373
309.591 393.434
291.816 314.213
293.021 361.368
284.855 367.367
289.619 349.759
301.105 338.745
293.318 327.669
300.807 349.931
310.655 351.468
277.42 324.207
300.631 320.041
284.577 329.575
282.643 113.816
271.984 106.749
259.337 111.718
257.85 125.774
254.986 101.91
264.786 99.76
243.575 129.131
243.525 139.664
249.096 151.304
238.675 152.728
229.651 162.068
262.552 150.868
254.636 161.966
235.705 176.226
252.095 178.289
250.475 189.639
231.982 131.709
222.963 139.028
242.913 118.372
273.788 157.994
282.665 151.823
276.494 169.206
231.403 184.597
227.463 171.377
244.554 172.062
252.357 118.087
276.921 179.3
298.548 124.287
237.913 47.385
263.81 35.6426
328.668 456.3
337.456 459.862
349.502 487.764
282.949 240.866
282.241 251.707
212.137 281.058
215.042 269.821
226.789 260.654
206.958 288.736
230.683 269.936
216.422 259.479
218.813 328.694
204.078 355.82
238.195 359.208
414.261 118.073
402.756 118.511
390.919 115.934
234.058 107.791
245.225 97.7783
182.523 395.418
296.183 304.239
269.557 337.744
266.939 327.17
276.949 346.932
267.972 356.301
272.444 367.89
264.349 346.645
272.337 316.05
304.896 329.291
262.303 177.853
216.168 123.91
221.696 112.059
325.601 442.209
332.5 448.087
321.267 450.532
221.212 249.112
378.863 115.057
183.788 384.432
319.656 434.047
366.886 113.974
156.888 484.796
147.573 488.206
158.195 474.895
285.837 139.014
225.656 234.464
170.761 434.492
167.335 425.935
173.508 444.638
233.913 311.438
225.4 151.398
310.876 114.116
303.936 107.04
323.931 115.055
335.498 113.413
346.538 113.956
356.712 114.093
203.149 114.137
211.993 109.267
205.918 124.006
190.622 113.535
179.272 113.874
168.139 113.925
157.584 114.448
146.104 113.517
134.684 113.813
124.297 114.911
377.778 116.144
115.556 115.536
278.214 275.556
719
120.103 499.177
122.935 495.549
125.402 493.446
130.312 491.784
134.068 490.965
133.215 491.26
145.766 489.321
156.636 487.373
158.873 478.527
163.034 464.635
164.35 458.367
163.096 459.894
165.73 456.55
167.764 452.448
168.749 447.081
169.132 441.565
169.522 434.913
170.88 428.841
171.851 424.778
173.21 420.125
174.418 415.809
175.528 412.494
176.998 408.374
179.87 401.796
182.404 395.944
182.959 390.838
183.489 386.097
184.187 378.684
184.649 372.077
187.805 365.419
187.34 363.809
183.682 366.609
188.728 362.683
194.032 356.04
197.324 350.656
199.164 347.208
200.272 345.018
201.251 343.233
205.686 330.465
206.664 326.394
208.104 318.878
208.907 311.816
208.866 307.624
209.921 305.574
211.94 301.249
214.57 295.119
217.396 288.089
219.803 282.074
221.783 276.834
222.524 275.415
225.872 269.806
228.523 262.883
229.647 259.328
230.565 258.157
235.858 251.149
240.051 240.976
240.816 238.781
242.504 235.105
244.569 229.196
244.994 227.744
246.065 225.06
246.528 224.266
250.241 214.157
252.372 195.359
250.487 185.72
250.276 184.604
249.292 177.869
246.323 169.112
245.712 168.072
245.975 164.608
245.836 157.828
245.283 151.881
245.273 150.736
245.905 145.74
243.695 135.469
234.398 124.594
222.724 117.112
208.996 113.332
202.25 112.171
198.071 111.353
186.607 111.394
181.04 112.316
175.482 113.221
170.817 113.982
166.393 114.551
161.768 114.564
157.095 114.585
152.019 114.001
146.8 113.413
141.822 113.139
137.086 112.967
131.728 113.659
125.656 114.966
119.924 116.2
117.893 116.638
107.86 116.554
107.907 117.431
102.367 116.927
94.5739 116.381
85.3509 117.072
80.425 120.41
79.2003 122.613
76.6164 127.274
73.3819 133.113
74.7684 130.606
79.7736 121.556
75.0881 116.094
65.3318 112.712
60.4899 113.312
55.7462 114.003
56.9608 113.828
46.0414 115.411
41.083 115.267
38.4847 115.607
30.2241 116.64
26.6451 116.787
23.8007 116.377
18.8024 112.682
17.3164 111.626
19.6446 113.281
24.2464 116.62
22.6351 114.669
36.7287 115.837
41.182 115.257
40.0194 114.166
51.9795 114.559
56.5754 113.881
61.1405 113.221
65.1647 112.658
71.775 114.952
78.4912 117.253
80.7039 117.409
87.6749 116.842
90.2785 116.535
94.3397 116.321
99.7329 116.746
96.5323 116.76
111.437 117.938
117.877 116.641
124.186 115.282
128.693 114.314
133.53 113.252
137.064 112.964
138.771 113.029
143.874 113.174
148.404 113.602
155.506 114.393
161.738 114.573
165.88 114.549
170.765 113.99
176.903 112.989
181.873 112.18
185.61 111.573
191.692 110.878
196.437 111.136
197.899 111.078
199.014 110.988
203.164 111.945
213.726 114.742
227.552 118.722
235.491 121.038
245.316 121.747
252.701 112.498
254.213 96.7549
253.402 82.533
252.744 70.4213
252.093 58.0649
250.823 51.7938
242.499 56.1972
243.663 55.5802
248.801 51.7779
248.396 49.4067
246.571 50.4293
247.747 49.7549
251.786 43.7143
252.258 34.1944
250.989 27.3264
241.658 20.8516
242.648 21.5593
244.742 23.0579
251.105 27.332
252.656 27.1995
254.423 26.5269
255.119 26.0966
258.868 22.2206
259.084 21.9603
257.671 23.7059
253.98 28.9645
254.001 33.4317
255.837 43.283
265.224 47.4623
268.449 48.0349
268.207 47.9888
263.173 47.0984
255.824 48.238
255.304 48.8898
253.725 50.5885
252.055 57.8332
252.77 70.9294
253.583 85.8577
253.996 93.4997
255.011 104.825
259.218 116.808
267.114 120.974
272.664 120.774
285.834 117.024
300.002 112.16
304.703 111.02
307.282 110.399
308.335 110.13
310.655 109.511
315.787 110.914
323.054 113.004
329.632 113.523
334.546 113.475
338.688 113.498
340.52 113.53
346.735 113.635
352.105 113.748
362.411 113.874
365.387 113.882
368.26 113.909
371.848 114.057
376.879 114.233
384.247 115.067
386.095 115.32
388.956 115.649
394.322 116.927
401.804 118.829
409.449 118.961
414.528 118.882
418.096 118.757
424.426 118.518
432.463 116.058
436.475 114.243
435.661 114.631
440.77 112.506
447.204 113.15
453.087 113.738
457.403 113.856
462.433 114.063
467.836 114.389
470.069 114.538
481.458 114.131
485.725 113.202
488.799 112.523
490.349 112.161
486.959 112.949
482.174 113.985
477.078 115.081
473.233 114.752
468.929 114.461
463.066 114.099
471.973 114.12
453.542 113.764
449.46 113.378
437.603 113.874
433.848 124.076
433.033 128.718
437.39 134.984
435.212 131.853
430.208 120.556
424.63 118.451
419.111 118.694
413.206 118.901
407.258 118.996
403.234 119.118
396.328 117.425
393.403 116.695
388.104 115.59
382.875 114.888
377.191 114.239
372.928 114.101
368.172 113.911
363.249 113.874
358.162 113.866
352.344 113.753
347.299 113.647
342.451 113.565
336.65 113.464
330.292 113.513
326.536 113.631
323.434 113.085
320.777 112.326
309.082 110.405
299.887 112.629
287.779 116.845
271.71 123.892
264.606 130.708
263.084 136.078
261.686 140.35
259.133 149.578
258.917 157.034
258.576 163.72
259.687 172.724
261.755 179.232
262.897 180.626
262.213 181.825
261.514 182.802
257.162 187.69
255.534 208.438
258.665 222.977
260.76 224.95
260.783 225.694
262.006 230.913
266.216 238.232
276.095 241.559
277.902 241.137
275.078 241.797
269.883 248.488
273.143 258.947
277.774 261.868
277.576 261.991
274.742 264.658
273.954 270.17
274.82 279.507
277.545 287.319
280.356 292.735
282.609 296.791
283.9 300.354
286.685 307.372
290.09 316.073
291.027 318.544
293.291 325.111
295.289 332.046
296.357 335.739
296.212 338.446
296.943 343.396
300.277 349.558
304.927 357.213
311.165 364.217
312.747 365.526
311.369 364.609
313.124 368.664
315.643 374.204
316.076 380.289
316.699 387.731
317.116 392.763
317.452 396.828
317.78 400.5
319.067 405.724
320.148 410.704
321.184 415.426
322.018 420.182
322.884 425.261
323.188 430.361
323.693 435.539
324.299 440.536
325.419 447.21
328.197 454.414
330.813 459.207
332.879 463.191
333.898 465.426
337.367 473.723
340.822 482.199
343.832 487.017
351.481 489.704
360.711 492.094
365.415 493.059
370.233 494.441
373.774 496.32
373.519 496.184
371.731 495.26
368.241 494.077
357.721 491.199
351.365 489.674
345.638 488.347
343.393 487.995
338.061 490.784
334.133 493.186
325.855 498.247
326.265 497.996
335.751 492.197
342.74 487.83
341.847 484.685
337.037 472.898
335.696 471.935
330.113 459.387
315.751 473.088
316.356 472.511
330.153 459.35
329.653 457.817
328.103 454.631
326.725 451.913
325.489 447.045
324.269 440.442
323.511 434.237
323.038 428.464
322.731 424.253
321.961 420.04
320.801 413.687
318.78 404.717
318.266 402.552
317.701 400.153
317.484 397.363
317.123 392.757
316.519 385.533
316.004 378.107
312.614 367.247
299.805 351.865
284.835 353.462
279.005 359.389
273.071 365.285
266.483 372.758
264.455 375.045
260.054 380.927
258.999 382.831
262.159 378.158
265.918 373.396
271.782 366.838
273.648 364.862
278.418 359.802
283.304 354.617
286.715 351.05
289.189 344.352
297.221 345.534
277.034 302.531
0 0
222.274 314.301
211.011 332.117
214.221 343.505
218.544 353.869
223.849 358.728
227.779 362.343
232.179 366.253
238.428 371.797
243.796 376.502
248.612 380.66
250.825 382.489
249.386 381.299
243.648 376.373
241.143 374.191
235.718 369.392
224.703 360.019
221.475 357.695
216.105 354.438
209.193 353.381
223.111 276.444
187.871 364.118
184.038 380.099
183.436 386.679
182.939 391.059
182.179 396.785
180.455 400.465
179.637 402.321
176.414 410.154
174.473 415.915
173.33 419.258
172.461 422.554
171.76 425.424
169.417 437.065
168.906 445.927
168.303 449.563
168.031 451.095
166.987 455.871
166.435 457.505
180.74 469.464
166.353 457.451
172.268 466.4
160.672 472.514
157.536 483.561
159.113 489.16
165.463 492.599
168.781 494.396
171.865 496.066
166.02 492.902
161.081 490.225
156.677 487.788
151.839 488.452
146.191 489.249
140.006 490.131
134.254 490.936
129.838 491.911
123.288 495.376
121.761 497.052
253.896 199.727
278.222 299.375
253.522 35.9495
249.778 120.889
227.618 286.983
204.698 339.278
0 0
293.29 337.965
261.724 137.833
249.318 158.96
245.74 138.545
211.228 351.113
242.164 243.302
271.259 258.564
264.445 122.014
257.566 164.836
239.585 123.846
306.041 358.65
273.077 122.305
192.852 357.874
254.569 100.268
250.298 37.0878
249.194 23.2052
245.85 228.804
256.09 45.1832
184.755 371.822
171.228 429.876
322.381 422.375
321.196 417.544
314.461 372.372
341.438 483.698
281 294.399
253.809 27.2992
210.898 306.894
225.255 274.601
258.217 229.667
0 0
275.921 262.087
298.464 112.624
248.94 218.319
258.516 223.15
249.963 51.3921
252.649 36.3385
254.515 42.6079
349.87 488.103
339.064 490.506
272.458 273.21
251.047 216.311
252.04 57.4152
273.679 263.9
273.743 271.412
275.617 282.627
273.007 278.891
167.489 453.715
255.922 182.234
258.658 181.642
186.073 365.13
193.854 356.164
311.652 365.597
311.333 364.629
253.045 27.2695
260.279 231.056
269.077 250.704
255.244 206.51
252.086 218.204
253.462 50.9139
252.444 52.4444
279.561 294.497
252.12 290.092
164.92 457.629
252.532 209.401
254.475 212.58
256.335 189.078
257.011 187.887
256.459 237.461
246.643 236.413
244.991 238.139
259.192 289.875
284.493 310.586
249.822 269.741
267.832 275.049
262.792 277.409
259.746 227.44
250.029 259.947
259.958 254.316
259.68 246.253
264.765 274.167
230.968 265.919
246.127 258.558
245.132 244.631
241.33 261.446
246.863 267.231
239.968 281.096
229.361 281.91
218.597 286.886
260.596 278.913
236.251 288.684
236.884 292.362
216.464 305.864
215.746 311.652
215.425 308.395
208.088 324.659
212.31 300.848
209.557 306.864
253.436 292.258
219.95 308.385
210.204 330.908
214.644 323.945
222.172 357.352
207.076 323.228
209.494 346.445
200.293 346.644
202.555 340.933
217.479 352.679
231.223 365.464
237.417 370.867
205.674 336.722
199.431 346.983
212.925 353.951
195.967 352.94
58.0645 117.165
90.8712 116.589
425.066 118.464
434.3 115.241
264.695 125.052
259.162 133.194
251.402 116.26
188.444 368
174.143 416.974
320.891 414.31
319.657 408.434
321.656 418.1
309.333 360
317.335 395.446
290.691 323.187
300.964 352.174
285.305 353.079
294.79 346.619
295.553 344.491
293.574 329.33
299.578 349.932
302.722 353.547
287.289 317.701
294.476 332.607
291.746 328.074
276.231 120.443
265.083 120.968
253.875 116.356
252.069 127.138
255.192 111.106
257.715 114.992
248.035 128.412
247.207 137.417
0 0
248.035 148.855
247.687 158.33
257.587 152.807
255.509 161.713
247.893 168.655
253.436 175.283
253.699 186.507
242.757 128.301
235.241 124.735
247.682 123.116
258.833 153.883
262.225 138.582
258.497 164.844
249.982 182.024
246.222 167.242
250.506 168.559
252.281 118.714
260.874 180.222
281.959 118.97
250.495 46.2437
252.193 42.689
328.731 455.794
332.347 462.124
344.925 487.716
272.079 241.067
269.773 249.829
220.165 281.895
223.715 273.784
231.506 260.22
215.754 292.277
232.804 267.308
229.765 260.205
209.951 326.925
200.359 348.974
225.72 360.452
399.783 117.801
402.439 118.96
392.878 116.663
242.861 123.352
253.812 111.529
182.285 396.396
287.562 309.713
292.573 336.714
285.748 315.596
288.849 346.518
281.321 356.728
267.202 372.345
286.852 350.884
279.389 302.476
296.147 336.78
257.992 177.685
226.466 120.355
231.125 119.764
326.296 449.345
327.416 453.025
326.546 451.398
235.733 251.69
380.15 114.573
183.835 382.173
322.814 426.663
442.652 117.727
162.667 472.889
131.714 492.786
161.235 470.711
265.124 129.332
241.309 238.492
169.582 438.344
171.271 427.172
168.779 445.197
225.334 300.163
245.703 149.161
312.974 110.472
306.208 110.668
322.613 112.812
331.263 113.507
308.766 114.461
359.076 113.839
197.801 111.136
208.317 113.216
209.751 113.658
192.889 112.889
170.128 114.015
166.44 114.538
153.047 113.991
145.676 113.434
126.501 115.032
123.59 115.411
376 116.444
124.444 113.778
278.214 275.556
1676
0 0
0 0
0 0
0 0
0 0
0 0
0 0
0 0
0 0
0 0
0 0
0 0
0 0
0 0
0 0
0 0
0 0
0 0
0 0
690 602
0 0
0 0
0 0
0 0
0 0
0 0
0 0
0 0
0 0
0 0
0 0
0 0
0 0
0 0
0 0
0 0
0 0
0 0
0 0
0 0
0 0
0 0
0 0
0 0
0 0
0 0
0 0
0 0
0 0
0 0
0 0
0 0
0 0
0 0
0 0
0 0
0 0
0 0
0 0
0 0
0 0
0 0
0 0
0 0
0 0
0 0
0 0
0 0
0 0
0 0
602 437
0 0
0 0
0 0
0 0
0 0
0 0
0 0
0 0
0 0
0 0
0 0
0 0
0 0
0 0
0 0
0 0
0 0
0 0
0 0
0 0
0 0
0 0
0 0
0 0
0 0
0 0
0 0
0 0
0 0
0 0
0 0
0 0
0 0
437 539
0 0
0 0
0 0
0 0
0 0
0 0
0 0
0 0
0 0
0 0
0 0
0 0
0 0
0 0
0 0
0 0
0 0
0 0
0 0
0 0
0 0
0 0
0 0
0 0
0 0
0 0
0 0
0 0
0 0
0 0
0 0
0 0
0 0
0 0
0 0
0 0
0 0
0 0
0 0
0 0
0 0
0 0
0 0
0 0
0 0
0 0
0 0
0 0
0 0
0 0
0 0
0 0
0 0
0 0
0 0
0 0
0 0
0 0
0 0
0 0
0 0
0 0
0 0
0 0
0 0
0 0
0 0
0 0
0 0
0 0
0 0
0 0
0 0
0 0
0 0
0 0
0 0
0 0
0 0
539 478
0 0
0 0
0 0
0 0
0 0
0 0
0 0
0 0
0 0
0 0
478 709
0 0
0 0
0 0
0 0
0 0
0 0
0 0
0 0
0 0
0 0
0 0
0 0
0 0
0 0
0 0
0 0
0 0
0 0
0 0
0 0
0 0
0 0
0 0
0 0
0 0
0 0
0 0
0 0
0 0
0 0
0 0
0 0
0 0
0 0
0 0
0 0
0 0
0 0
0 0
0 0
0 0
0 0
0 0
0 0
0 0
0 0
0 0
0 0
0 0
0 0
0 0
0 0
0 0
0 0
0 0
0 0
0 0
0 0
0 0
0 0
0 0
0 0
0 0
0 0
0 0
0 0
0 0
0 0
0 0
0 0
0 0
0 0
0 0
0 0
0 0
0 0
0 0
0 0
0 0
0 0
0 0
0 0
0 0
0 0
0 0
0 0
0 0
0 0
0 0
0 0
0 0
0 0
0 0
0 0
0 0
0 0
0 0
0 0
0 0
0 0
0 0
0 0
0 0
0 0
0 0
0 0
0 0
0 0
0 0
0 0
0 0
0 0
0 0
0 0
0 0
0 0
0 0
0 0
0 0
0 0
0 0
0 0
0 0
0 0
0 0
0 0
0 0
0 0
0 0
0 0
0 0
0 0
0 0
0 0
0 0
0 0
0 0
0 0
0 0
0 0
0 0
0 0
0 0
0 0
0 0
0 0
0 0
0 0
0 0
0 0
0 0
0 0
0 0
0 0
0 0
0 0
0 0
0 0
0 0
0 0
0 0
0 0
0 0
0 0
0 0
0 0
0 0
0 0
0 0
0 0
0 0
0 0
0 0
0 0
0 0
0 0
0 0
0 0
0 0
0 0
0 0
0 0
0 0
0 0
0 0
0 0
0 0
0 0
0 0
0 0
0 0
0 0
478 541
0 0
0 0
0 0
0 0
0 0
0 0
0 0
0 0
0 0
0 0
0 0
0 0
0 0
0 0
0 0
0 0
0 0
0 0
0 0
0 0
0 0
0 0
0 0
0 0
0 0
0 0
0 0
0 0
0 0
0 0
0 0
0 0
0 0
0 0
0 0
0 0
0 0
0 0
0 0
0 0
0 0
0 0
0 0
0 0
0 0
0 0
0 0
0 0
0 0
0 0
0 0
0 0
0 0
0 0
0 0
0 0
0 0
0 0
0 0
0 0
0 0
0 0
0 0
0 0
0 0
0 0
0 0
0 0
0 0
0 0
0 0
0 0
0 0
0 0
0 0
0 0
0 0
0 0
0 0
0 0
0 0
0 0
0 0
0 0
0 0
0 0
0 0
0 0
0 0
0 0
0 0
0 0
0 0
0 0
0 0
0 0
0 0
0 0
0 0
478 704
0 0
0 0
0 0
0 0
0 0
0 0
0 0
0 0
0 0
0 0
0 0
0 0
0 0
0 0
0 0
0 0
0 0
0 0
0 0
0 0
0 0
0 0
0 0
0 0
0 0
0 0
0 0
0 0
0 0
0 0
0 0
0 0
0 0
0 0
0 0
0 0
0 0
0 0
0 0
0 0
0 0
0 0
0 0
0 0
0 0
0 0
0 0
0 0
0 0
0 0
0 0
0 0
0 0
0 0
0 0
0 0
0 0
0 0
0 0
0 0
0 0
0 0
0 0
0 0
0 0
0 0
0 0
0 0
0 0
0 0
0 0
0 0
0 0
0 0
0 0
0 0
0 0
0 0
0 0
0 0
0 0
0 0
0 0
0 0
0 0
0 0
0 0
0 0
0 0
0 0
0 0
0 0
0 0
0 0
0 0
0 0
0 0
0 0
0 0
0 0
0 0
0 0
0 0
0 0
0 0
0 0
0 0
0 0
0 0
0 0
0 0
0 0
0 0
0 0
0 0
0 0
0 0
0 0
0 0
0 0
0 0
0 0
0 0
0 0
0 0
0 0
0 0
0 0
0 0
0 0
0 0
0 0
0 0
0 0
0 0
0 0
0 0
0 0
0 0
0 0
0 0
0 0
0 0
0 0
0 0
0 0
0 0
0 0
0 0
0 0
0 0
0 0
0 0
0 0
0 0
0 0
0 0
0 0
0 0
0 0
0 0
0 0
0 0
0 0
0 0
0 0
0 0
0 0
0 0
0 0
0 0
0 0
0 0
0 0
0 0
0 0
0 0
0 0
0 0
0 0
0 0
0 0
0 0
0 0
0 0
0 0
0 0
0 0
0 0
0 0
0 0
0 0
0 0
0 0
0 0
0 0
0 0
0 0
0 0
0 0
0 0
0 0
0 0
0 0
0 0
0 0
0 0
0 0
0 0
0 0
0 0
0 0
0 0
0 0
0 0
0 0
0 0
0 0
0 0
0 0
0 0
0 0
0 0
0 0
0 0
0 0
0 0
0 0
0 0
0 0
0 0
0 0
0 0
0 0
0 0
0 0
0 0
0 0
0 0
0 0
0 0
0 0
0 0
0 0
0 0
0 0
0 0
0 0
0 0
0 0
0 0
0 0
0 0
0 0
0 0
0 0
0 0
0 0
0 0
0 0
0 0
0 0
0 0
0 0
0 0
0 0
0 0
0 0
0 0
0 0
0 0
0 0
0 0
0 0
0 0
0 0
0 0
0 0
0 0
0 0
0 0
0 0
0 0
0 0
0 0
0 0
0 0
0 0
0 0
0 0
0 0
0 0
0 0
0 0
0 0
0 0
0 0
0 0
0 0
0 0
0 0
0 0
0 0
0 0
0 0
0 0
0 0
0 0
0 0
0 0
0 0
0 0
0 0
0 0
0 0
0 0
0 0
0 0
0 0
0 0
0 0
607 376
0 0
0 0
0 0
0 0
0 0
0 0
0 0
0 0
0 0
0 0
0 0
0 0
0 0
0 0
0 0
0 0
0 0
0 0
0 0
0 0
0 0
0 0
0 0
0 0
0 0
0 0
0 0
0 0
0 0
0 0
0 0
0 0
0 0
0 0
0 0
0 0
0 0
0 0
0 0
0 0
0 0
0 0
0 0
0 0
0 0
0 0
0 0
0 0
0 0
0 0
0 0
0 0
0 0
0 0
0 0
0 0
0 0
0 0
0 0
0 0
0 0
0 0
0 0
0 0
0 0
0 0
0 0
0 0
0 0
0 0
0 0
0 0
0 0
0 0
0 0
0 0
0 0
0 0
0 0
0 0
0 0
0 0
0 0
0 0
0 0
0 0
0 0
0 0
0 0
0 0
0 0
0 0
0 0
0 0
0 0
0 0
0 0
0 0
0 0
0 0
0 0
0 0
0 0
0 0
0 0
0 0
0 0
0 0
0 0
0 0
0 0
0 0
0 0
0 0
0 0
0 0
0 0
0 0
0 0
0 0
0 0
0 0
0 0
0 0
0 0
0 0
0 0
0 0
0 0
0 0
0 0
0 0
0 0
0 0
0 0
0 0
0 0
0 0
0 0
0 0
0 0
0 0
0 0
0 0
0 0
0 0
0 0
0 0
0 0
0 0
0 0
0 0
0 0
0 0
0 0
0 0
0 0
0 0
0 0
0 0
0 0
0 0
0 0
0 0
0 0
0 0
0 0
0 0
0 0
0 0
0 0
0 0
0 0
0 0
0 0
0 0
0 0
0 0
0 0
0 0
0 0
0 0
0 0
0 0
0 0
0 0
0 0
0 0
0 0
0 0
0 0
0 0
0 0
0 0
0 0
0 0
0 0
0 0
0 0
0 0
0 0
0 0
0 0
0 0
0 0
0 0
0 0
0 0
0 0
0 0
0 0
0 0
0 0
0 0
0 0
0 0
0 0
0 0
0 0
0 0
0 0
0 0
0 0
0 0
0 0
0 0
0 0
0 0
0 0
0 0
0 0
0 0
0 0
0 0
0 0
0 0
0 0
0 0
0 0
0 0
0 0
0 0
0 0
0 0
0 0
0 0
0 0
0 0
0 0
0 0
0 0
0 0
0 0
0 0
0 0
0 0
0 0
0 0
0 0
0 0
0 0
0 0
0 0
0 0
0 0
0 0
0 0
0 0
0 0
0 0
0 0
0 0
0 0
0 0
0 0
0 0
0 0
0 0
0 0
0 0
0 0
0 0
0 0
0 0
0 0
0 0
0 0
0 0
0 0
0 0
0 0
0 0
0 0
0 0
0 0
0 0
0 0
0 0
0 0
0 0
0 0
0 0
0 0
0 0
0 0
0 0
0 0
0 0
0 0
0 0
0 0
0 0
0 0
0 0
0 0
0 0
0 0
0 0
0 0
0 0
0 0
0 0
0 0
0 0
0 0
0 0
0 0
0 0
0 0
0 0
0 0
0 0
0 0
0 0
0 0
0 0
0 0
0 0
0 0
0 0
0 0
0 0
0 0
0 0
0 0
0 0
0 0
0 0
0 0
0 0
0 0
0 0
0 0
0 0
0 0
0 0
0 0
0 0
0 0
0 0
0 0
0 0
0 0
0 0
0 0
0 0
0 0
0 0
0 0
0 0
0 0
0 0
0 0
0 0
0 0
0 0
0 0
0 0
0 0
0 0
0 0
0 0
0 0
0 0
0 0
0 0
0 0
0 0
0 0
0 0
0 0
0 0
0 0
0 0
0 0
0 0
0 0
0 0
0 0
0 0
0 0
0 0
0 0
0 0
0 0
0 0
0 0
0 0
0 0
0 0
0 0
0 0
0 0
0 0
0 0
0 0
0 0
0 0
0 0
0 0
0 0
0 0
0 0
0 0
0 0
0 0
0 0
0 0
0 0
0 0
0 0
0 0
0 0
0 0
0 0
0 0
0 0
0 0
0 0
0 0
0 0
0 0
0 0
0 0
0 0
0 0
0 0
0 0
0 0
0 0
0 0
0 0
0 0
0 0
0 0
0 0
0 0
0 0
0 0
0 0
0 0
0 0
0 0
0 0
0 0
0 0
0 0
0 0
0 0
0 0
0 0
0 0
0 0
0 0
0 0
0 0
0 0
0 0
0 0
0 0
0 0
0 0
0 0
0 0
0 0
0 0
0 0
0 0
0 0
0 0
0 0
0 0
0 0
0 0
0 0
0 0
0 0
0 0
0 0
0 0
0 0
0 0
0 0
0 0
0 0
0 0
0 0
0 0
0 0
0 0
0 0
0 0
0 0
0 0
0 0
0 0
0 0
0 0
0 0
0 0
0 0
0 0
0 0
0 0
0 0
0 0
0 0
0 0
0 0
0 0
0 0
0 0
0 0
0 0
0 0
0 0
0 0
0 0
0 0
0 0
0 0
0 0
0 0
0 0
0 0
0 0
0 0
0 0
0 0
0 0
0 0
0 0
0 0
0 0
0 0
0 0
0 0
0 0
0 0
0 0
0 0
0 0
0 0
0 0
0 0
0 0
0 0
0 0
0 0
0 0
0 0
0 0
0 0
0 0
0 0
0 0
0 0
0 0
0 0
0 0
0 0
0 0
0 0
0 0
0 0
0 0
0 0
0 0
0 0
0 0
0 0
0 0
0 0
0 0
0 0
0 0
0 0
0 0
0 0
0 0
0 0
0 0
0 0
0 0
0 0
0 0
0 0
0 0
0 0
0 0
0 0
0 0
0 0
0 0
0 0
0 0
0 0
0 0
0 0
0 0
0 0
0 0
0 0
0 0
0 0
0 0
0 0
0 0
0 0
0 0
0 0
0 0
0 0
0 0
0 0
0 0
0 0
0 0
0 0
0 0
0 0
0 0
0 0
0 0
0 0
0 0
0 0
0 0
0 0
0 0
0 0
0 0
0 0
0 0
0 0
0 0
0 0
0 0
0 0
0 0
0 0
0 0
0 0
0 0
0 0
0 0
0 0
0 0
0 0
0 0
0 0
0 0
0 0
0 0
0 0
0 0
0 0
0 0
0 0
0 0
0 0
0 0
0 0
0 0
0 0
0 0
0 0
0 0
0 0
0 0
0 0
0 0
0 0
0 0
0 0
0 0
0 0
0 0
0 0
0 0
0 0
0 0
0 0
0 0
0 0
0 0
0 0
0 0
0 0
0 0
0 0
0 0
0 0
0 0
0 0
0 0
0 0
0 0
0 0
0 0
0 0
0 0
0 0
0 0
0 0
0 0
0 0
0 0
0 0
0 0
0 0
0 0
0 0
0 0
0 0
0 0
0 0
0 0
0 0
0 0
0 0
0 0
0 0
0 0
0 0
0 0
0 0
0 0
0 0
0 0
0 0
0 0
0 0
0 0
0 0
0 0
0 0
0 0
0 0
0 0
0 0
0 0
0 0
0 0
0 0
0 0
0 0
0 0
0 0
0 0
0 0
0 0
0 0
0 0
0 0
0 0
0 0
0 0
0 0
0 0
0 0
0 0
0 0
0 0
0 0
0 0
0 0
0 0
0 0
0 0
0 0
0 0
0 0
0 0
0 0
0 0
0 0
0 0
0 0
0 0
0 0
0 0
0 0
0 0
0 0
0 0
0 0
0 0
0 0
0 0
0 0
0 0
0 0
0 0
0 0
0 0
0 0
0 0
0 0
0 0
0 0
0 0
0 0
0 0
0 0
0 0
0 0
0 0
0 0
0 0
0 0
0 0
0 0
0 0
0 0
0 0
0 0
0 0
0 0
0 0
0 0
0 0
0 0
0 0
0 0
0 0
0 0
0 0
0 0
0 0
0 0
0 0
0 0
0 0
0 0
0 0
0 0
0 0
0 0
704 716
716 689
595 717
717 709
539 718
718 607
1670
0 1
474 0
1 2
1 473
1 474
2 3
472 2
2 473
3 4
3 471
3 472
4 5
471 4
5 6
5 470
471 5
691 5
6 7
6 691
7 8
7 690
691 7
7 692
8 9
8 692
9 10
544 9
9 692
10 11
12 10
10 544
11 12
12 13
528 12
544 12
13 14
13 528
14 15
528 14
695 14
14 697
15 16
15 695
16 17
16 695
696 16
17 18
696 17
18 19
696 18
19 20
603 19
696 19
20 21
603 20
21 22
21 603
22 23
22 602
22 603
23 24
602 23
669 23
24 25
669 24
25 26
669 25
25 687
26 27
26 687
27 28
500 27
27 687
28 29
500 28
29 30
500 29
531 29
30 31
32 30
531 30
31 32
32 33
531 32
32 594
33 34
594 33
34 35
34 592
594 34
35 36
35 592
36 37
36 592
37 38
37 587
37 592
38 39
584 38
587 38
39 40
39 584
40 41
584 40
41 42
578 41
584 41
42 43
42 578
43 44
577 43
43 578
44 45
44 577
45 46
45 577
658 45
46 47
658 46
47 48
47 655
658 47
48 49
655 48
656 48
49 50
49 656
50 51
656 50
50 660
51 52
51 660
52 53
660 52
53 54
53 660
53 685
54 55
685 54
55 56
55 685
55 694
56 57
694 56
57 58
694 57
58 59
58 498
694 58
59 60
59 498
59 514
60 61
514 60
61 62
61 514
62 63
62 514
62 545
63 64
63 529
63 545
642 63
64 65
642 64
65 66
65 642
66 67
66 642
67 68
67 642
643 67
68 69
643 68
69 70
643 69
70 71
630 70
70 643
71 72
630 71
71 699
72 73
72 699
73 74
73 699
74 75
637 74
699 74
75 76
75 637
75 680
76 77
76 680
76 708
77 78
77 708
78 79
78 708
79 80
79 706
708 79
79 709
80 81
709 80
81 82
709 81
710 81
82 83
710 82
83 84
83 710
83 711
84 85
711 84
85 86
711 85
712 85
86 87
712 86
87 88
87 712
87 713
88 89
88 713
89 90
89 713
89 714
90 91
714 90
91 92
714 91
715 91
92 93
92 715
93 94
715 93
94 95
94 715
95 96
137 95
95 138
715 95
96 97
96 136
137 96
97 98
136 97
596 97
98 99
98 596
99 100
595 99
99 596
100 101
100 595
101 102
595 101
102 103
104 102
105 102
595 102
103 104
104 105
105 106
105 595
106 107
128 106
106 129
106 130
106 595
107 108
107 127
107 128
108 109
126 108
108 127
109 110
109 125
109 126
110 111
110 124
110 125
111 112
124 111
112 113
112 122
112 123
112 124
113 114
121 113
122 113
114 115
114 121
115 116
115 120
115 121
116 117
116 120
117 118
117 119
117 120
118 119
119 120
120 121
121 122
122 123
123 124
124 125
125 126
126 127
127 128
128 129
129 130
130 131
130 595
131 132
595 131
132 133
132 595
596 132
133 134
596 133
134 135
596 134
135 136
135 596
136 137
596 136
137 138
138 139
138 715
139 140
715 139
140 141
140 714
715 140
141 142
141 714
142 143
142 714
143 144
143 713
143 714
144 145
713 144
145 146
712 145
713 145
146 147
712 146
147 148
147 711
147 712
148 149
148 711
149 150
711 149
150 151
150 710
711 150
151 152
151 710
152 153
152 709
152 710
153 154
153 709
154 155
154 706
709 154
155 156
155 706
156 157
706 156
156 707
157 158
707 157
158 159
158 681
707 158
159 160
667 159
159 681
160 161
667 160
161 162
667 161
162 163
667 162
668 162
163 164
495 163
163 668
164 165
164 495
541 164
165 166
523 165
541 165
166 167
166 523
167 168
167 169
167 516
523 167
168 169
169 170
169 516
170 171
170 516
648 170
171 172
648 171
172 173
172 648
173 174
648 173
174 175
174 517
174 648
175 176
517 175
176 177
497 176
176 517
177 178
177 497
178 179
178 497
179 180
179 497
180 181
180 497
535 180
181 182
535 181
182 183
182 535
183 184
507 183
183 535
184 185
507 184
185 186
185 507
186 187
507 186
187 188
507 187
187 649
188 189
188 649
189 190
189 499
189 649
190 191
190 499
191 192
191 499
192 193
499 192
193 194
499 193
194 195
194 499
194 540
195 196
540 195
196 197
540 196
197 198
523 197
540 197
541 197
198 199
198 541
199 200
199 495
541 199
200 201
200 495
201 202
201 495
201 625
202 203
621 202
202 625
203 204
621 203
204 205
204 620
204 621
205 206
513 205
620 205
206 207
206 513
207 208
207 513
701 207
208 209
208 701
209 210
701 209
210 211
700 210
701 210
211 212
700 211
211 702
212 213
212 702
213 214
213 702
703 213
214 215
703 214
215 216
215 703
216 217
703 216
216 704
217 218
704 217
218 219
704 218
218 705
219 220
689 219
219 705
220 221
689 220
221 222
221 689
222 223
686 222
222 689
223 224
223 686
224 225
666 224
686 224
225 226
666 225
226 227
666 226
227 228
665 227
227 666
228 229
228 665
229 230
664 229
229 665
230 231
230 664
231 232
231 664
232 233
597 232
232 664
233 234
235 233
233 597
598 233
234 235
235 236
598 235
236 237
236 256
598 236
237 238
237 255
237 256
238 239
238 253
254 238
255 238
239 240
253 239
240 241
240 252
253 240
241 242
251 241
241 252
242 243
250 242
251 242
243 244
243 248
243 249
243 250
244 245
248 244
245 246
245 247
248 245
246 247
247 248
248 249
249 250
250 251
251 252
252 253
253 254
254 255
255 256
256 257
256 598
257 258
257 260
261 257
257 597
257 598
258 259
258 260
259 260
260 261
261 262
597 261
262 263
597 262
664 262
263 264
664 263
264 265
264 664
265 266
265 664
665 265
266 267
665 266
267 268
665 267
666 267
268 269
268 666
269 270
666 269
270 271
666 270
270 686
271 272
271 686
272 273
686 272
689 272
273 274
689 273
274 275
689 274
274 705
275 276
705 275
276 277
704 276
276 705
277 278
704 277
278 279
278 703
704 278
279 280
279 703
280 281
280 702
280 703
281 282
281 702
282 283
282 702
283 284
700 283
283 702
284 285
647 284
284 700
285 286
285 647
286 287
286 647
287 288
287 493
647 287
693 287
288 289
693 288
289 290
640 289
289 693
290 291
290 640
291 292
639 291
291 640
291 641
292 293
641 292
293 294
293 641
294 295
294 641
294 646
295 296
646 295
296 297
646 296
297 298
530 297
548 297
297 646
298 299
548 298
299 300
548 299
300 301
300 515
300 538
300 548
301 302
301 515
302 303
515 302
303 304
303 515
536 303
304 305
304 536
305 306
536 305
305 653
306 307
653 306
307 308
653 307
308 309
653 308
309 310
309 653
309 654
310 311
310 512
310 654
311 312
311 512
312 313
312 512
313 314
512 313
313 525
314 315
314 525
315 316
315 525
526 315
316 317
526 316
317 318
317 506
526 317
318 319
318 506
319 320
319 506
670 319
320 321
670 320
321 322
321 618
321 670
322 323
322 618
323 324
323 618
324 325
618 324
678 324
325 326
678 325
326 327
326 613
678 326
327 328
327 613
328 329
328 613
616 328
329 330
329 616
330 331
332 330
330 534
330 616
331 332
332 333
534 332
333 334
504 333
333 534
334 335
504 334
335 336
504 335
335 607
336 337
607 336
337 338
337 607
338 339
503 338
607 338
339 340
339 503
339 605
340 341
605 340
341 342
605 341
606 341
342 343
606 342
343 344
343 606
344 345
502 344
344 606
345 346
345 502
345 688
346 347
346 682
688 346
347 348
347 682
348 349
682 348
683 348
349 350
683 349
350 351
350 651
350 683
351 352
651 351
352 353
352 519
352 651
353 354
505 353
519 353
354 355
354 505
355 356
355 505
355 652
356 357
356 652
357 358
357 363
364 357
652 357
358 359
358 362
358 363
359 360
359 361
359 362
360 361
361 362
362 363
363 364
364 365
652 364
365 366
365 652
366 367
652 366
367 368
367 520
367 652
368 369
368 520
369 370
371 369
369 372
369 520
370 371
371 372
372 373
520 372
373 374
505 373
373 520
374 375
374 505
375 376
505 375
519 375
376 377
380 376
376 519
650 376
376 651
377 378
377 379
377 380
378 379
379 380
380 381
650 380
381 382
381 650
684 381
382 383
684 382
383 384
383 684
384 385
384 682
684 384
385 386
682 385
385 688
386 387
386 688
387 388
387 502
387 688
388 389
388 502
389 390
389 502
389 604
390 391
390 604
391 392
391 503
391 604
392 393
392 503
393 394
393 503
608 393
394 395
394 608
395 396
395 608
396 397
396 504
396 608
397 398
397 504
398 399
398 504
533 398
399 400
399 533
610 399
611 399
400 401
611 400
401 402
401 611
402 403
402 611
402 675
403 404
403 675
404 405
404 407
675 404
405 406
405 407
406 407
407 408
407 675
408 409
675 408
409 410
409 674
409 675
410 411
674 410
411 412
674 411
412 413
674 412
676 412
413 414
676 413
414 415
671 414
676 414
415 416
671 415
415 672
416 417
416 553
672 416
417 418
417 553
417 572
579 417
417 580
582 417
418 419
418 582
419 420
419 582
420 421
420 582
588 420
421 422
588 421
422 423
422 588
422 663
423 424
423 663
424 425
590 424
424 663
425 426
590 425
426 427
429 426
590 426
427 428
429 427
428 429
429 430
590 429
430 431
590 430
431 432
590 431
432 433
432 589
590 432
433 434
433 589
433 593
434 435
434 593
435 436
593 435
436 437
436 593
437 438
437 486
532 437
437 593
662 437
438 439
438 500
532 438
439 440
439 500
687 439
440 441
687 440
441 442
441 669
441 687
442 443
669 442
443 444
443 669
444 445
602 444
444 669
445 446
602 445
446 447
446 501
602 446
447 448
501 447
448 449
448 501
449 450
449 501
695 449
450 451
450 695
697 450
451 452
697 451
452 453
697 452
453 454
453 528
697 453
454 455
454 528
455 456
455 457
455 458
455 528
456 457
457 458
458 459
458 528
544 458
692 458
459 460
692 459
460 461
690 460
460 692
461 462
461 690
462 463
462 465
462 466
690 462
463 464
465 463
464 465
465 466
466 467
466 690
467 468
467 690
467 691
468 469
691 468
469 470
691 469
470 471
691 470
471 472
472 473
473 474
522 475
475 529
538 475
475 545
475 546
547 475
475 635
527 476
476 542
476 552
476 609
677 476
497 477
477 507
477 517
477 518
477 535
649 477
478 600
623 478
626 478
627 478
478 628
631 478
567 479
479 568
569 479
571 479
479 573
479 698
581 480
583 480
480 585
480 586
480 591
661 480
481 549
481 551
558 481
559 481
481 560
563 481
564 481
612 482
613 482
482 614
482 619
671 482
673 482
483 599
600 483
631 483
639 483
640 483
693 483
628 484
484 629
484 630
484 632
484 633
484 644
627 485
485 629
485 636
637 485
699 485
583 486
585 486
486 589
486 593
486 662
487 550
487 563
487 564
487 657
487 685
694 487
488 512
488 524
488 537
488 555
559 488
560 488
654 488
493 489
489 599
489 620
489 621
622 489
489 623
490 631
632 490
634 490
639 490
641 490
490 646
490 679
491 626
491 636
491 638
667 491
491 680
491 681
492 533
534 492
610 492
615 492
492 616
513 493
493 599
493 620
647 493
693 493
494 531
494 532
594 494
494 662
541 495
495 624
625 495
495 668
499 496
496 516
496 518
496 523
540 496
496 648
497 517
535 497
498 514
522 498
498 539
498 550
498 694
499 518
540 499
649 499
500 531
532 500
500 687
602 501
501 603
501 695
501 696
502 604
606 502
688 502
604 503
503 605
607 503
608 503
533 504
534 504
607 504
504 608
505 519
520 505
652 505
526 506
506 542
506 670
535 507
507 649
573 508
508 575
508 576
577 508
578 508
508 584
562 509
568 509
569 509
655 509
656 509
659 509
510 515
510 536
537 510
510 539
510 549
557 510
511 610
511 611
612 511
511 673
511 674
675 511
524 512
512 525
654 512
620 513
513 647
700 513
513 701
522 514
545 514
536 515
538 515
557 515
516 523
648 516
518 517
517 648
648 518
649 518
519 651
520 652
521 524
521 525
526 521
521 527
555 521
561 521
522 539
545 522
546 522
540 523
523 541
524 525
555 524
526 525
526 527
526 542
527 542
552 527
556 527
561 527
528 544
697 528
529 545
529 633
635 529
529 642
547 530
530 548
646 530
530 679
531 532
531 594
662 532
534 533
533 610
534 616
537 536
536 653
537 549
537 560
537 653
537 654
546 538
538 547
548 538
538 557
539 546
539 549
539 550
539 551
557 539
609 542
670 542
552 543
570 543
571 543
543 572
543 579
544 692
557 546
547 548
635 547
679 547
549 551
549 560
551 550
564 550
694 550
551 564
552 553
552 556
552 570
552 579
552 677
579 553
553 672
677 553
554 555
554 556
558 554
561 554
566 554
567 554
554 570
558 555
555 559
561 555
556 561
570 556
558 559
563 558
558 565
558 566
560 559
565 562
562 566
567 562
562 568
562 659
564 563
565 563
563 657
566 565
657 565
659 565
567 566
567 568
570 567
567 571
568 569
569 573
577 569
569 655
569 658
570 571
572 571
698 571
572 579
572 580
698 572
573 575
577 573
573 698
574 575
580 574
581 574
574 661
698 574
575 576
575 661
575 698
584 576
576 587
576 591
661 576
577 578
577 658
584 578
581 580
580 582
580 698
581 582
581 583
581 588
661 581
582 588
583 585
588 583
589 583
663 583
587 584
585 586
662 585
587 586
591 586
586 592
586 594
586 662
591 587
587 592
663 588
590 589
589 593
589 663
590 663
661 591
592 594
594 662
596 595
598 597
664 597
599 600
623 599
599 693
623 600
631 600
601 622
601 624
638 601
645 601
667 601
668 601
603 602
602 669
696 603
605 604
606 604
606 605
608 607
609 614
609 617
609 618
619 609
670 609
609 677
610 611
612 610
610 615
611 675
613 612
615 612
673 612
613 614
613 615
616 613
678 613
614 618
614 619
614 678
616 615
617 619
617 671
617 672
677 617
618 670
678 618
619 671
620 621
621 622
625 621
622 623
624 622
622 625
645 622
626 623
645 623
624 625
624 668
626 627
626 636
638 626
645 626
628 627
627 629
627 636
629 628
631 628
632 628
630 629
629 699
633 630
643 630
630 699
632 631
639 631
632 634
644 632
634 633
633 635
633 642
643 633
644 633
634 635
634 644
634 679
635 679
637 636
680 636
680 637
699 637
645 638
667 638
640 639
639 641
693 640
641 646
642 643
679 646
700 647
650 651
650 683
684 650
683 651
653 654
656 655
655 658
656 657
656 659
656 660
659 657
657 660
657 685
685 660
665 664
665 666
666 686
668 667
681 667
669 687
671 672
671 673
676 671
677 672
673 674
676 673
674 675
674 676
681 680
707 680
708 680
707 681
682 683
682 684
682 688
683 684
685 694
689 686
689 705
690 691
690 692
696 695
695 697
701 700
702 700
702 703
703 704
704 705
706 707
708 706
709 706
707 708
709 710
711 710
712 711
713 712
714 713
714 715
