871
153 503
148 502
143 501
138 499
135 495
135 490
135 485
137 481
141 477
145 473
148 468
152 463
156 458
157 453
159 448
162 443
164 438
165 433
167 428
168 423
169 418
169 413
170 409
172 404
174 400
178 397
179 392
181 387
182 382
183 377
184 372
184 367
186 362
186 357
186 352
188 347
186 343
181 341
176 338
171 335
169 330
169 325
171 320
173 315
175 310
176 305
177 300
180 295
182 290
183 285
184 280
186 275
188 270
191 265
193 260
194 255
195 250
197 245
199 240
201 235
203 230
202 225
200 220
198 215
202 213
207 211
206 206
206 201
208 196
207 191
208 186
211 181
212 176
214 171
213 166
212 161
214 156
214 151
212 146
208 141
204 136
202 132
198 130
193 131
188 132
183 133
178 136
173 139
169 141
165 145
160 148
155 149
151 153
146 156
141 159
136 162
131 166
126 170
123 174
126 178
126 183
121 185
116 185
111 186
106 186
101 189
96 190
91 192
86 194
81 196
76 199
71 202
66 204
61 207
56 210
52 214
47 219
42 223
38 226
33 226
33 221
37 218
41 214
36 215
31 218
27 221
22 221
20 218
24 214
29 211
33 207
36 203
31 205
26 209
21 211
16 214
11 214
9 209
13 206
18 204
23 202
28 199
23 199
18 201
13 202
8 200
10 195
15 193
20 191
24 188
29 186
34 184
37 180
32 178
27 176
22 173
20 169
20 164
24 163
29 164
34 167
39 168
44 168
49 167
54 167
59 168
64 164
69 161
74 159
78 155
81 151
86 146
91 143
96 142
101 145
106 144
111 143
116 141
121 139
126 138
131 136
136 133
141 131
146 129
151 127
156 124
161 121
166 118
170 115
174 111
178 106
182 103
187 100
192 98
197 95
202 93
206 90
211 88
216 87
219 83
221 78
226 76
224 71
224 66
229 64
227 60
223 55
225 50
222 46
219 42
214 38
213 35
216 33
211 31
213 28
218 27
223 24
227 20
230 16
234 12
239 10
244 9
249 9
254 8
259 8
264 10
269 12
274 12
278 14
282 19
285 24
286 29
289 34
292 39
293 44
288 47
288 51
288 56
286 61
286 66
286 71
286 76
288 80
292 84
296 86
301 87
306 88
310 91
314 94
318 96
323 99
328 101
331 105
335 108
339 112
343 115
348 118
353 121
358 124
363 125
368 127
372 130
377 132
382 135
387 138
392 140
397 142
402 144
407 146
412 149
417 150
422 149
427 153
432 156
437 158
442 160
447 162
451 166
456 167
461 167
466 168
471 170
476 170
481 167
485 163
489 165
489 170
486 175
482 178
477 180
476 183
481 186
486 188
490 192
495 194
499 198
497 202
492 203
495 207
499 211
499 216
494 215
489 212
484 210
481 211
486 215
490 220
487 222
482 220
477 217
474 218
479 222
481 227
476 227
471 225
466 222
461 217
456 214
452 210
448 206
443 204
438 201
433 199
428 196
423 194
418 191
413 189
408 187
403 186
398 185
397 180
394 175
390 170
385 166
381 162
377 158
372 155
368 152
363 150
358 147
353 143
349 140
344 137
339 133
334 131
329 129
324 127
319 126
314 127
312 131
308 135
305 140
303 145
304 150
305 155
302 160
303 165
304 170
304 175
305 180
307 185
309 190
312 195
312 200
312 205
310 210
315 212
314 216
312 221
310 226
310 231
310 236
310 241
310 246
312 251
314 256
315 261
316 266
317 271
319 276
321 281
322 286
323 291
324 296
325 301
327 306
329 311
331 316
333 321
333 326
330 330
326 334
322 338
319 342
319 347
319 352
320 357
321 362
321 367
322 372
323 377
324 382
325 387
326 392
327 397
331 401
333 405
336 410
336 415
335 420
336 425
336 430
337 435
340 440
341 445
342 450
343 455
345 460
349 465
354 469
357 473
360 478
364 483
364 488
364 493
361 498
357 502
352 503
347 503
342 503
337 502
332 502
327 502
322 500
317 498
313 496
310 492
305 489
301 486
301 481
301 476
301 471
300 466
300 461
300 456
299 451
299 446
299 441
299 436
299 431
298 426
297 421
296 416
298 411
296 406
299 402
298 397
298 392
298 387
298 382
297 377
296 372
296 367
296 362
296 357
295 352
294 347
291 344
286 343
281 342
276 341
271 340
268 337
268 332
267 327
267 322
268 317
268 312
267 307
267 302
267 297
267 292
267 287
266 282
265 277
265 272
260 272
255 273
250 275
247 279
246 284
245 289
244 294
243 299
243 304
242 309
242 314
241 319
241 324
241 329
241 334
240 339
235 342
230 343
225 345
220 346
215 348
214 353
212 358
211 363
209 368
207 373
206 378
204 383
203 388
202 393
201 398
201 403
201 408
201 413
201 418
201 423
201 428
200 433
200 438
201 443
201 448
201 453
201 458
201 463
201 468
202 473
202 478
202 483
202 488
198 492
194 496
191 500
186 503
181 503
176 503
171 503
166 503
161 504
156 503
154 503
256.627 49
256 93.5
89.9717 170.972
258.205 153.5
208.066 314.013
178.5 459.9
218.705 273.182
432.337 176.909
462.676 195.324
238.773 239.682
292.12 279.376
278.544 243.5
298.044 314.5
320.071 448.5
245.491 30.7432
278.538 167.292
236.737 163.853
277.294 131.818
282.826 107.349
181.842 479.842
72.6404 179.925
53.7609 189.268
339.268 482.29
236.778 122.078
162.714 480.228
223.272 132.882
185.963 409.896
314.569 408.285
323.406 483.443
319.312 112.25
272.121 53.0242
240.893 52.0213
236.118 93.1184
193.017 306.007
417.124 167.754
469.221 206.221
256.426 21.871
286.559 151.712
224.614 162.111
299.038 103.539
182.994 491.478
351.125 487.35
217.332 109.998
297.605 120.954
246.791 74.8227
276.09 39.5454
407.825 175.132
459.809 204.459
474.4 195.697
232.959 147.083
172.412 486.65
341.93 492.474
236.212 72.1781
244.034 63.3725
239.211 82.6619
249.548 85.0723
266.407 75.0421
260.121 83.6611
274.844 87.7961
404.327 161.173
256.694 66.3808
255.929 75.5126
252.067 57.7082
267.836 63.6627
275.668 70.4263
148.546 488.367
94.2988 157.482
240.61 205.707
223.291 204.258
284.954 218
298.672 217.741
48.6362 178.746
189.442 398.842
330.263 468.092
329.09 117.263
245.685 19.8072
236.396 25.1124
234.12 38.9486
225.884 33.4652
269.839 26.0132
258.354 35.4219
308.492 116.684
266.206 43.9588
224.088 151.988
331.117 491.141
413.586 158.901
152.76 479.302
106.811 168.934
113.572 175.728
85.2688 162.024
77.1652 169.713
292.104 233.353
291.462 199.264
301.804 197.609
298.057 207.336
191.972 388.108
330.955 477.608
337.027 122.172
244.768 41.7228
277.317 30.7689
221.242 142.54
97.9234 166.083
291.93 224.092
462.156 181.396
448.206 188.891
452.897 197.503
451.146 177.634
441.591 181.151
440.83 170.597
314.258 321.044
60.7871 179.72
66.5271 190.569
209.774 292.657
192.526 325.076
180.757 327.054
184.972 316.132
428.229 166.518
420.558 179.264
290.206 163.445
272.49 154.324
266.081 141.19
277.793 143.69
290.766 137.198
248.542 138.643
287.349 126.198
276.62 118.806
288.571 115.937
266.561 105.948
293.794 145.943
256.735 143.885
288.779 96.2834
278.312 97.7858
310.448 104.932
224.352 120.389
212.916 125.694
232.127 107.57
201.461 114.001
222.982 98.1333
211.643 100.012
245.862 103.586
227.014 88.982
202.163 103.812
245.734 93.937
256.305 103.945
257.997 122.541
268.329 125.759
241.062 112.705
247.41 121.273
235.822 134.726
244.177 130.206
244.838 153.217
159.93 491.783
233.602 185.249
229.14 173.668
222.336 182.939
226.049 193.454
236.651 195.634
258.939 183.451
246.466 187.112
241.616 175.476
257.236 200.724
251.264 165.51
254.6 191.744
264.944 165.737
251.951 175.828
270.485 177.49
287.181 182.396
279.82 176.584
296.518 188.055
230.51 222.198
216.112 222.147
217.004 212.12
223.262 236.318
223.293 227.413
232.309 232.042
227.217 255.521
213.36 232.425
229.49 245.044
340.462 471.578
348.257 477.798
315.758 470.82
312.715 481.292
321.291 460.312
330.754 453.366
310.67 461.431
329.211 442.596
315.925 432.056
335.909 460.909
309.662 450.815
326.146 432.816
309.469 440.326
106.735 156.456
116.785 162.634
279.078 230.079
259.194 236.01
247.197 224.235
266.616 216.548
270.151 236.445
265.035 227.091
275.5 220.87
293.867 249.843
300.904 330.774
310.788 306.284
318.987 312.144
307.315 314.888
295.677 296.838
301.012 305.112
204.29 302.965
195.432 292.55
188.425 298.237
202.715 277.65
202.646 286.846
197.534 315.664
298.731 130.99
266.762 95.0737
210.546 116.558
274.53 194.584
276.654 207.667
268.121 187.075
266.281 206.055
282.128 200.064
293.379 173.669
231.413 211.413
240.696 216.112
253.093 212.854
256.711 221.946
248.462 234.946
251.999 253.927
265.822 250.116
239.477 252.695
247.36 244.971
244.699 263.866
257.137 245.587
279.877 261.602
261.282 260.625
270.431 263.93
233.422 273.322
275.319 252.837
225.92 288.275
226.133 265.88
226.008 278.962
288.089 242.121
299.459 240.906
284.664 325.239
277.534 331.581
312.189 332.234
306.317 343.587
307.675 355.306
283.504 307.459
281.994 290.531
278.729 277.394
291.148 288.667
306.259 285.552
286.544 298.657
286.661 270.033
301.294 267.749
301.445 277.301
292.717 260.813
302.559 256.3
207.4 263.572
212.773 248.456
209.809 272.192
199.592 268.792
216.021 283.736
221.614 304.35
294.304 323.545
290.881 333.59
308.5 367.805
278.511 316.713
312.419 295.067
216.85 258.418
204.297 253.957
219.094 295.061
231.483 298.379
223.732 321.648
310.68 380.398
217.974 313.574
230.448 312.047
229.746 331.479
209.251 331.472
219.499 330.992
311.885 394.445
318.667 400.31
201.653 343.379
194.006 335.765
199.05 356.192
196.373 367.743
194.804 378.062
188.097 468.543
189.604 457.22
191.836 477.993
180.288 442.966
190.666 486.868
190.388 446.536
171.158 450.563
84.5744 181.775
48.1486 200.361
40.1789 192.955
166.576 466.934
165.278 457.744
176.689 470.455
157.686 470.904
184.343 426.539
189.525 435.885
179.246 417.643
190.88 418.775
176.174 433.237
392.45 154.725
383.065 148.533
373.761 142.567
363.846 137.55
355.489 133.119
187.214 117.379
195.623 121.112
192.661 108.621
177.641 123.176
168.409 129.061
158.838 135.348
310.002 420.47
322.462 418.192
324.159 408.743
126.055 152.094
115.87 151.948
137.449 146.788
147.135 140.673
871
148.396 491.44
148.171 491.281
142.241 491.869
140.4 492.054
136.896 492.405
139.776 492.117
138.936 492.202
140.605 492.034
147.168 491.437
157.425 486.939
165.893 482.225
172.639 477.056
178.251 470.383
180.052 462.721
180.64 459.207
181.875 451.963
183.442 442.685
183.826 435.888
184.181 429.186
184.522 422.326
184.878 415.161
185.052 411.899
185.108 410.897
185.249 409.642
185.675 408.479
186.386 406.255
189.664 395.97
191.786 389.296
193.306 383.54
194.432 378.839
195.434 374.258
196.132 370.999
197.105 366.24
198.25 360.534
199.488 353.999
202.839 335.508
205.541 319.356
196.468 322.135
182.763 326.509
176.177 328.581
169.199 330.777
180.098 327.347
186.493 325.335
196.406 322.147
202.587 318.94
204.156 315.801
204.504 313.238
204.978 309.856
204.832 302.583
204.386 295.138
204.067 290.185
204.373 283.145
204.601 280.635
205.148 274.157
208.416 264.348
209.97 258.676
210.515 256.621
213.622 252.618
219.314 245.199
225.84 236.542
232.815 225.792
232.5 221.182
208.171 217.034
193.86 214.702
220.133 218.984
235.597 220.998
243.561 212.881
246.032 208.685
247.269 204.059
247.175 202.091
247.484 201.524
249.424 198.475
252.949 190.1
257.005 177.699
257.834 165.403
257.646 164.475
257.856 159.607
256.529 142.379
252.786 122.067
241.091 110.729
228.014 108.73
206.467 109.084
199.23 109.412
184.98 113.645
183.522 114.485
176.711 121.235
170.843 126.952
166.375 131.105
162.69 133.689
158.901 136.456
155.939 137.658
153.486 138.697
143.047 143.134
140.949 144.029
136.011 146.185
129.338 149.166
119.594 154.407
108.455 161.727
108.718 165.729
122.624 180.939
127.164 185.905
119.367 177.377
114.321 171.857
107.285 164.14
102.221 163.77
96.6205 166.311
91.6462 168.849
85.3566 172.744
79.2616 176.515
72.2782 180.834
64.3388 183.085
58.8208 184.652
53.9311 186.082
47.8382 189.649
43.0922 196.282
41.5588 204.817
40.2571 213.002
36.8815 223.373
34.5259 224.471
33.4964 224.897
35.0608 224.25
39.2082 222.534
36.8104 217.223
38.2373 211.04
28.7737 215.978
24.6153 218.132
21.8393 219.118
21.4479 219.265
23.1555 218.638
32.4846 213.974
40.6485 209.782
42.9363 196.67
34.8472 200.548
23.7352 205.722
15.8357 209.388
12.6216 210.875
11.6038 211.336
11.4535 211.404
13.7891 210.345
19.068 207.894
20.1919 207.366
47.1111 187.556
18.5438 197.093
15.4583 197.044
10.192 198.991
8.82144 199.496
11.3227 198.574
12.8347 198.015
20.7004 195.372
27.4306 196.914
37.9839 198.991
45.118 192.296
52.191 186.249
35.0706 175.196
27.0786 169.931
23.8018 167.77
21.8235 165.635
20.8486 164.653
22.3651 166.182
22.9806 166.814
26.0546 169.047
33.2501 173.89
49.6008 184.749
50.2234 185.14
52.8661 185.806
59.1141 184.573
72.4622 180.702
79.5828 176.31
87.2264 171.595
95.8908 166.216
99.2697 163.953
95.7627 155.369
94.8845 153.227
93.9768 151.012
98.9408 163.139
105.743 162.75
112.964 158.403
120.455 153.893
125.634 150.777
130.28 148.759
137.123 145.689
142.643 143.308
146.454 141.68
150.786 139.841
156.085 137.598
161.793 134.348
166.4 130.977
171.179 126.624
175.747 122.178
181.315 116.742
184.924 113.214
185.776 112.278
186.843 110.17
193.128 109.635
201.208 109.058
208.413 108.804
213.014 108.652
220.2 108.536
235.116 108.386
245.626 104.305
248.268 97.8275
252.113 88.429
253.876 71.8207
253.72 73.1479
256.047 53.0221
255.277 35.3267
255.53 36.4435
254.288 30.9475
245.589 26.6331
232.361 28.2371
211.307 31.3992
209.053 31.7431
223.064 29.4229
210.805 29.5514
211.855 29.6439
222.376 29.7288
240.273 27.0599
246.823 26.0552
245.144 23.0407
243.37 21.7481
244.32 22.441
245.079 23.0132
252.324 28.1966
253.786 29.1854
255.055 30.1503
259.059 30.4105
265.442 30.2337
271.714 23.645
274.191 21.043
269.373 26.1058
268.393 27.1851
265.351 30.4559
263.914 31.4628
282.334 36.5087
289.047 38.394
268.325 27.3153
262.544 33.0494
261.264 33.6504
257.416 42.3497
255.706 55.5751
254.143 68.1257
252.803 85.3244
253.697 105.114
267.284 110.796
284.805 111.459
297.694 109.556
305.047 108.401
305.944 108.264
310.196 107.561
314.677 107.486
322.283 107.462
325.082 109.521
325.871 110.262
330.031 114.077
334.364 118.028
338.901 122.161
343.178 126.03
348.612 129.047
354.998 132.518
359.618 135.027
362.364 136.511
365.926 138.499
370.538 141.095
375.386 143.829
381.341 147.188
386.672 150.3
391.149 152.929
398.6 157.644
401.242 159.342
408.377 163.86
413.169 166.282
413.283 166.333
415.937 167.511
421.644 170.112
431.816 174.098
434.587 175.167
437.603 176.339
445.5 180.007
455.353 184.985
458.987 187.809
461.725 186.338
462.965 185.479
474.877 177.199
487.211 166.501
487.411 164.598
487.391 164.793
487.101 167.626
485.064 170.116
479.459 172.952
464.729 184.255
447.111 185.778
470.271 202.147
477.689 203.681
482.36 204.659
492.015 201.352
499.318 198.01
494.937 200.015
490.817 206.39
491.626 208.099
497.461 213.289
499.779 215.49
498.399 214.192
494.599 210.784
477.942 203.721
477.371 209.845
483.703 217.684
489.119 221.157
487.939 220.401
487.414 220.05
470.913 206.771
474.784 220.5
478.074 224.965
480.929 226.958
476.707 225.724
473.752 220.243
471.494 216.036
469.653 205.014
468.621 202.439
466.502 198.055
461.206 191.634
456.311 186.305
450.31 182.276
444.069 179.307
436.846 176.236
430.098 173.42
423.033 170.691
416.486 168.781
411.709 167.668
401.986 180.69
396.497 188.028
408.531 171.941
410.293 164.965
402.315 160.032
393.482 154.353
388.591 151.431
382.948 148.102
376.946 144.71
372.156 142.006
367.723 139.511
363.811 137.304
358.775 134.569
354.442 132.217
349.074 129.301
323.873 115.87
339.079 122.321
335.397 118.969
330.166 114.195
323.295 107.887
300.859 109.117
292.533 110.49
279.047 113.026
264.034 120.369
260.604 135.984
260.233 147.88
260.263 149.083
260.272 152.155
262.103 172.359
263.365 181.158
265.833 187.519
268.129 191.074
276.528 201.949
283.396 206.093
301.497 203.747
299.322 204.088
282.7 206.707
281.236 202.559
309.731 212.985
301.199 211.553
279.331 208.098
276.065 213.508
278.106 222.707
282.023 230.244
285.654 237.324
289.939 246.547
294.597 256.481
296.576 261.336
297.189 263.04
299.459 269.612
301.081 278.01
301.573 286.47
301.544 291.594
301.365 295.178
301.12 299.842
301.087 305.962
301.053 314.484
303.952 318.509
312.096 321.258
316.272 321.963
327.168 323.813
335.703 325.268
323.399 323.174
308.805 320.759
305.134 320.21
303.7 327.992
306.681 347.664
307.614 353.819
308.327 360.779
308.502 364.458
308.711 368.497
309.358 373.639
309.94 378.278
310.833 383.286
311.363 386.018
313.132 395.058
316.287 404.2
318.502 410.671
320.088 410.641
320.341 410.577
319.174 410.839
317.966 414.385
317.852 422.281
317.744 429.512
317.661 440.097
317.71 446.951
317.946 449.95
318.268 455.159
319.871 463.949
324.249 474.79
332.486 484.241
343.08 487.762
345.714 488.622
351.689 490.564
358.105 492.567
358.898 492.814
358.575 492.714
358.186 492.598
358.393 492.662
357.323 492.336
351.622 490.516
346.078 488.729
338.493 486.164
331.243 483.673
329.453 482.906
327.779 481.756
325.864 480.547
325.532 480.267
324.734 479.36
307.237 484.548
298.638 487.33
315.312 481.934
323.554 479.265
323.185 474.588
320.979 468.621
319.391 463.698
318.445 456.254
317.708 450.028
317.74 446.162
317.697 441.273
317.719 434.871
317.824 423.331
317.889 419.47
317.958 414.918
317.962 413.417
317.977 410.2
317.001 406.768
316.587 405.312
313.596 396.406
312.336 391.048
311.813 388.345
310.076 379.367
309.177 372.2
308.953 370.421
308.655 367.722
308.469 363.832
308.308 358.738
306.459 346.203
303.821 329.232
302.238 318.984
291.234 323.278
284.141 327.172
275.134 333.397
268.361 338.493
273.403 334.7
275.234 333.322
281.041 328.924
285.046 326.653
291.23 323.208
297.688 318.377
300.971 315.125
300.958 310.691
300.93 305.423
301.26 299.24
301.428 290.092
301.404 280.347
298.147 266.582
289.661 245.194
265.825 218.068
246.631 224.852
225.364 237.837
208.694 261.619
204.548 280.279
204.208 291.682
204.767 299.135
205.479 306.658
206.866 310.532
207.505 312.404
210.06 317.612
213.162 320.148
219.958 324.918
228.337 330.832
232.655 333.883
236.717 336.752
231.429 333.016
226.694 329.671
218.002 323.58
209.378 317.988
205.139 324.158
201.607 342.308
199.07 356.31
198.002 361.77
197.58 363.875
196.108 371.106
195.213 375.303
193.56 382.495
192.945 385.074
191.474 390.274
189.455 396.63
187.584 402.507
186.104 407.141
185.068 411.639
184.861 415.417
184.655 419.607
184.45 423.818
184.155 429.642
183.43 440.612
183.205 443.469
182.79 447.318
181.756 453.03
180.601 459.502
179.306 466.62
178.61 474.854
181.384 479.279
185.845 483.184
188.538 484.845
191.514 486.647
189.489 485.603
184.179 483.168
186.87 488.868
187.211 489.54
186.336 487.799
180.285 479.854
173.909 477.956
164.749 483.028
155.839 487.748
149.854 490.718
147.928 491.675
258.359 34.5582
250.316 100.059
77.4886 176.748
258.557 148.816
206.338 314.781
180.634 459.184
205.664 272.552
433.863 174.982
464.587 195.595
238.773 224.259
301.318 279.491
280.685 229.473
300.888 316.963
309.333 351.111
251.558 28.0167
261.336 169.692
259.899 167.178
260.798 122.1
267.954 113.839
179.602 478.673
66.9733 182.323
52.1974 186.606
340.443 486.88
247.156 111.618
168.611 480.934
245.19 105.073
185.141 410.74
319.372 410.384
325.692 480.381
322.937 107.698
258.408 34.8433
270.085 33.2104
247.036 104.582
204.736 315.752
414.805 167.119
469.977 204.317
256.152 29.7052
259.691 143.168
257.854 163.957
292.73 110.27
184.704 484.516
351.477 490.497
207.663 108.94
293.222 110.369
253.562 74.6607
263.711 31.5317
412.731 167.205
466.858 198.494
469.793 202.036
259.209 155.202
170.667 469.333
346.04 488.656
253.787 72.7083
255.466 57.5913
249.744 96.1557
251.934 90.3556
253.671 73.6321
252.254 88.3133
249.635 100.626
385.778 152.889
255.307 58.9307
253.551 74.5185
256.797 45.7567
256.901 45.8294
252.444 46.2222
144.034 491.764
99.2342 163.716
250.416 206.879
244.777 211.024
273.446 213.116
277.801 209.981
51.666 186.042
0 0
323.562 475.149
328.103 112.307
248.964 25.9143
246.525 24.535
249.306 26.2783
239.638 26.3533
265.3 30.3878
259.284 32.3373
306.388 107.869
260.293 32.9796
257.333 152.057
340.427 486.693
414.064 166.666
157.952 486.705
104.115 163.68
107.923 164.854
95.5476 166.445
80.953 175.468
278.617 224.029
277.495 205.044
283.437 206.337
279.68 207.172
192.669 385.907
328.788 482.307
331.92 115.793
252.924 29.2806
265.473 30.3487
252.444 104.889
99.9902 164.585
275.781 214.277
459.041 187.998
455.249 185.217
460.706 191.031
454.492 184.625
447.084 180.746
431.357 174.339
297.778 247.111
61.6528 183.848
59.2626 184.525
204.458 298.448
203.255 319.77
192.346 323.225
202.731 319.701
422.17 170.346
419.231 169.529
261.2 167.443
259.532 150.069
258.582 135.434
259.917 135.457
260.906 120.389
255.94 129.513
265.668 115.563
263.353 115.771
275.725 113.111
259.476 109.688
260.37 137.058
257.762 136.342
263.416 111.964
262.311 109.474
312.623 107.508
236.076 108.585
211.731 108.9
237.538 108.399
198.972 109.293
235.768 108.374
215.823 108.624
248.961 106.04
245.56 104.458
198.208 109.312
249.698 100.261
251.66 107.321
253.626 115.557
259.284 119.382
247.249 109.396
251.5 114.354
253.126 119.94
253.277 119.621
258.089 148.355
153.167 488.012
252.275 192.54
256.765 179.481
250.256 197.129
247.601 202.399
250.807 196.97
261.98 188.379
256.26 190.888
257.925 178.18
261.492 211.221
258.883 165.018
260.358 170.952
261.383 169.49
258.798 177.885
262.218 181.444
268.033 191.994
263.6 183.793
271.192 199.463
240.11 218.756
236.909 222.012
239.796 217.88
232.103 228.25
236.099 223.706
237.844 223.936
220.398 243.902
232.473 227.375
229.068 231.898
331.269 483.739
344.531 488.237
323.221 474.684
326.386 480.776
318.222 472
319.135 460.286
319.487 464.263
317.809 448.005
317.723 430.114
323.248 473.985
317.746 450.638
317.884 419.621
317.719 439.136
117.333 151.111
108.444 161.429
274.642 218.372
260.713 217.722
250.109 217.727
262.852 215.654
271.716 217.634
265.947 214.709
271.689 213.239
289.724 246.015
302.012 318.415
301.415 314.443
304.386 319.27
302.049 317.8
300.998 302.971
300.958 311.763
205.904 309.463
205.605 307.302
204.756 311.343
204.385 282.722
204.102 291.476
204.806 316.869
276.257 113.578
251.513 106.676
214.516 108.616
268.001 194.921
272.327 204.866
263.665 190.498
265.254 204.495
273.343 203.283
265.283 188.145
249.438 203.249
248.125 213.474
257.75 211.04
258.871 213.172
249.521 219.602
220.403 243.999
273.046 218.153
232.182 228.4
246.106 222.673
237.497 229.136
259.648 218.777
290.561 247.623
257.778 176
287.426 241.274
210.183 266.378
285.197 237.219
204.489 295.474
210.07 259.088
204.683 281.732
283.857 233.973
283.731 233.559
291.653 323.021
278.519 331.076
302.452 319.808
305.188 337.868
309.889 370.032
300.939 316.059
301.231 298.857
293.679 262.432
301.521 289.925
301.453 293.472
301.007 305.86
298.978 268.072
299.35 269.229
301.545 280.911
295.31 258.253
297.519 264.116
209.193 261.519
222.07 241.562
205.269 273.789
205.181 274.047
204.16 287.991
206.351 310.091
298.925 318.937
286.16 326.377
308.592 365.567
294.975 320.516
301.071 303.651
211.136 255.701
210.535 256.616
204.573 300.929
206.573 310.134
208.645 316.567
313.405 393.593
207.075 315.156
209.52 317.138
231.17 332.84
206.86 317.157
211.602 319.128
315.642 402.448
316.043 403.485
203.751 330.813
200.889 350.222
200.325 349.345
200.831 346.165
194.095 380.175
177.924 472.414
179.965 462.996
180.792 479.442
181.577 453.68
184.848 483.362
183.162 443.657
181.406 454.723
83.2733 174.033
45.5892 192.656
43.7828 193.665
176.909 474.483
179.748 464.258
177.888 474.249
170.096 479.624
184.599 420.757
183.926 434.066
185.089 411.465
184.751 417.643
184.766 417.672
398.837 157.805
392.416 153.855
378.501 145.845
363.017 136.869
354.802 132.411
185.332 112.764
184.889 113.778
187.95 110.068
168.846 128.546
164.706 132.227
160.401 135.366
317.957 414.46
317.963 414.392
318.866 410.84
120.334 154.043
117.183 155.863
130.405 149.15
146.591 140.995
2064
0 0
0 0
0 0
0 0
0 0
0 0
0 0
0 0
0 0
0 0
0 0
0 0
0 0
0 0
0 0
0 0
0 0
0 0
0 0
0 0
0 0
0 0
0 0
0 0
0 0
0 0
0 0
0 0
596 830
0 0
0 0
0 0
0 0
0 0
0 0
0 0
0 0
0 0
0 0
0 0
0 0
0 0
0 0
0 0
0 0
0 0
0 0
0 0
0 0
0 0
0 0
0 0
0 0
0 0
0 0
0 0
0 0
0 0
0 0
0 0
0 0
0 0
0 0
0 0
0 0
0 0
0 0
0 0
0 0
0 0
0 0
0 0
0 0
0 0
0 0
0 0
0 0
0 0
0 0
0 0
0 0
0 0
0 0
0 0
0 0
0 0
0 0
0 0
0 0
0 0
0 0
0 0
0 0
0 0
0 0
0 0
0 0
0 0
0 0
0 0
0 0
0 0
0 0
0 0
0 0
0 0
0 0
0 0
0 0
0 0
0 0
0 0
0 0
0 0
0 0
0 0
0 0
0 0
0 0
0 0
0 0
830 773
0 0
0 0
0 0
0 0
0 0
0 0
0 0
0 0
0 0
0 0
0 0
0 0
0 0
0 0
0 0
0 0
0 0
0 0
0 0
0 0
0 0
0 0
0 0
0 0
0 0
0 0
0 0
0 0
0 0
0 0
0 0
0 0
0 0
0 0
0 0
0 0
0 0
0 0
0 0
0 0
0 0
0 0
0 0
0 0
0 0
0 0
0 0
0 0
0 0
0 0
0 0
0 0
0 0
0 0
0 0
0 0
0 0
773 780
0 0
0 0
0 0
0 0
0 0
0 0
0 0
0 0
0 0
0 0
0 0
0 0
780 646
0 0
0 0
0 0
0 0
646 859
0 0
0 0
0 0
0 0
0 0
0 0
0 0
0 0
0 0
0 0
0 0
0 0
0 0
0 0
0 0
0 0
0 0
0 0
0 0
0 0
0 0
0 0
0 0
0 0
0 0
0 0
0 0
0 0
0 0
0 0
0 0
0 0
0 0
0 0
0 0
0 0
0 0
0 0
0 0
0 0
0 0
0 0
0 0
859 737
0 0
0 0
0 0
0 0
0 0
0 0
0 0
0 0
0 0
0 0
0 0
0 0
0 0
0 0
0 0
0 0
0 0
737 141
0 0
0 0
0 0
0 0
0 0
0 0
0 0
0 0
0 0
0 0
0 0
0 0
0 0
0 0
0 0
0 0
0 0
0 0
0 0
0 0
0 0
0 0
0 0
0 0
0 0
0 0
0 0
0 0
0 0
0 0
0 0
0 0
0 0
0 0
0 0
0 0
0 0
0 0
0 0
0 0
0 0
0 0
0 0
0 0
0 0
0 0
0 0
0 0
0 0
0 0
0 0
0 0
0 0
0 0
0 0
0 0
0 0
0 0
0 0
0 0
0 0
0 0
0 0
0 0
0 0
0 0
0 0
0 0
0 0
0 0
0 0
0 0
0 0
0 0
0 0
0 0
0 0
0 0
0 0
0 0
0 0
0 0
0 0
0 0
0 0
0 0
0 0
0 0
0 0
0 0
0 0
0 0
0 0
0 0
0 0
0 0
0 0
0 0
0 0
0 0
0 0
0 0
0 0
0 0
0 0
0 0
0 0
0 0
0 0
0 0
0 0
0 0
0 0
0 0
0 0
0 0
0 0
0 0
0 0
0 0
0 0
0 0
0 0
0 0
0 0
0 0
0 0
0 0
0 0
0 0
0 0
0 0
0 0
0 0
0 0
0 0
0 0
0 0
0 0
0 0
0 0
0 0
0 0
0 0
0 0
0 0
0 0
0 0
0 0
0 0
0 0
0 0
0 0
0 0
0 0
0 0
0 0
0 0
0 0
0 0
0 0
0 0
0 0
0 0
0 0
0 0
0 0
0 0
0 0
0 0
0 0
0 0
0 0
0 0
0 0
0 0
0 0
0 0
0 0
0 0
0 0
0 0
0 0
0 0
0 0
0 0
0 0
0 0
0 0
0 0
0 0
0 0
0 0
0 0
0 0
0 0
0 0
0 0
0 0
0 0
0 0
0 0
0 0
0 0
0 0
0 0
0 0
0 0
0 0
0 0
0 0
0 0
0 0
0 0
0 0
0 0
0 0
0 0
0 0
0 0
0 0
0 0
646 610
0 0
0 0
0 0
0 0
0 0
0 0
0 0
0 0
0 0
0 0
0 0
0 0
0 0
0 0
0 0
0 0
0 0
0 0
0 0
0 0
0 0
0 0
0 0
0 0
0 0
0 0
0 0
0 0
0 0
0 0
0 0
0 0
0 0
0 0
0 0
0 0
0 0
0 0
0 0
0 0
0 0
0 0
0 0
0 0
0 0
0 0
0 0
0 0
0 0
0 0
0 0
0 0
0 0
0 0
0 0
0 0
0 0
0 0
0 0
0 0
0 0
0 0
0 0
0 0
0 0
0 0
0 0
0 0
0 0
0 0
0 0
0 0
0 0
0 0
0 0
0 0
0 0
0 0
0 0
0 0
0 0
0 0
0 0
0 0
0 0
0 0
0 0
0 0
0 0
0 0
0 0
0 0
0 0
0 0
0 0
0 0
0 0
0 0
0 0
646 343
0 0
0 0
0 0
0 0
0 0
0 0
0 0
0 0
0 0
0 0
0 0
0 0
0 0
0 0
0 0
0 0
0 0
0 0
0 0
0 0
0 0
0 0
0 0
0 0
0 0
0 0
0 0
0 0
0 0
0 0
0 0
343 605
0 0
0 0
0 0
0 0
0 0
0 0
0 0
0 0
0 0
0 0
0 0
0 0
0 0
0 0
0 0
0 0
0 0
0 0
0 0
0 0
0 0
0 0
0 0
0 0
0 0
0 0
0 0
0 0
0 0
0 0
0 0
0 0
0 0
0 0
0 0
0 0
0 0
0 0
0 0
0 0
0 0
0 0
0 0
0 0
0 0
0 0
0 0
0 0
0 0
0 0
0 0
0 0
605 290
0 0
0 0
0 0
0 0
0 0
0 0
0 0
0 0
0 0
0 0
0 0
0 0
0 0
0 0
0 0
0 0
0 0
0 0
0 0
0 0
0 0
0 0
0 0
0 0
0 0
0 0
0 0
0 0
0 0
0 0
0 0
0 0
0 0
0 0
0 0
0 0
0 0
0 0
0 0
0 0
0 0
0 0
0 0
0 0
0 0
0 0
0 0
0 0
0 0
0 0
0 0
0 0
0 0
0 0
0 0
0 0
0 0
0 0
0 0
0 0
0 0
0 0
0 0
0 0
0 0
0 0
0 0
0 0
0 0
0 0
0 0
0 0
0 0
0 0
0 0
0 0
0 0
0 0
0 0
0 0
0 0
0 0
0 0
0 0
0 0
0 0
0 0
0 0
0 0
0 0
0 0
0 0
0 0
0 0
0 0
0 0
0 0
0 0
0 0
0 0
0 0
0 0
0 0
0 0
0 0
0 0
0 0
0 0
0 0
0 0
0 0
0 0
0 0
0 0
0 0
0 0
0 0
0 0
0 0
0 0
0 0
0 0
0 0
0 0
0 0
0 0
0 0
0 0
0 0
0 0
0 0
0 0
0 0
0 0
0 0
0 0
0 0
0 0
0 0
0 0
0 0
0 0
0 0
0 0
0 0
0 0
0 0
0 0
0 0
0 0
0 0
0 0
0 0
0 0
0 0
0 0
0 0
0 0
0 0
0 0
0 0
0 0
0 0
0 0
0 0
0 0
0 0
0 0
0 0
0 0
0 0
0 0
0 0
0 0
0 0
0 0
0 0
0 0
0 0
0 0
0 0
0 0
0 0
0 0
0 0
0 0
0 0
0 0
0 0
0 0
0 0
0 0
0 0
0 0
0 0
0 0
0 0
0 0
0 0
0 0
0 0
0 0
0 0
0 0
0 0
0 0
0 0
0 0
0 0
0 0
0 0
0 0
0 0
0 0
0 0
780 655
0 0
0 0
0 0
0 0
0 0
0 0
0 0
0 0
0 0
0 0
0 0
0 0
0 0
0 0
0 0
0 0
0 0
0 0
0 0
0 0
0 0
0 0
0 0
0 0
0 0
0 0
0 0
0 0
0 0
0 0
0 0
0 0
0 0
0 0
0 0
0 0
0 0
0 0
0 0
0 0
0 0
0 0
0 0
0 0
0 0
0 0
0 0
0 0
0 0
0 0
0 0
0 0
0 0
0 0
0 0
0 0
0 0
655 559
0 0
0 0
0 0
0 0
0 0
0 0
0 0
0 0
0 0
0 0
0 0
0 0
0 0
0 0
0 0
0 0
0 0
0 0
0 0
0 0
0 0
0 0
0 0
0 0
0 0
0 0
0 0
0 0
0 0
0 0
0 0
0 0
0 0
0 0
0 0
0 0
0 0
0 0
0 0
0 0
0 0
0 0
0 0
0 0
0 0
0 0
0 0
0 0
0 0
0 0
0 0
0 0
0 0
559 728
0 0
0 0
0 0
0 0
0 0
0 0
0 0
0 0
0 0
0 0
0 0
0 0
0 0
0 0
0 0
0 0
0 0
0 0
0 0
0 0
0 0
0 0
0 0
0 0
0 0
0 0
0 0
0 0
0 0
0 0
0 0
0 0
0 0
0 0
0 0
0 0
0 0
0 0
0 0
0 0
0 0
0 0
0 0
0 0
0 0
0 0
0 0
0 0
0 0
0 0
0 0
0 0
0 0
0 0
0 0
0 0
0 0
0 0
0 0
0 0
0 0
0 0
0 0
0 0
0 0
0 0
0 0
0 0
0 0
0 0
0 0
0 0
0 0
0 0
0 0
0 0
0 0
0 0
0 0
0 0
0 0
0 0
0 0
0 0
0 0
0 0
0 0
0 0
0 0
0 0
0 0
0 0
0 0
0 0
0 0
0 0
0 0
0 0
0 0
0 0
0 0
0 0
0 0
0 0
0 0
0 0
0 0
0 0
0 0
0 0
0 0
0 0
0 0
0 0
0 0
0 0
0 0
0 0
0 0
0 0
0 0
0 0
0 0
0 0
0 0
0 0
0 0
0 0
0 0
0 0
0 0
0 0
0 0
0 0
0 0
0 0
0 0
0 0
0 0
0 0
0 0
0 0
0 0
0 0
0 0
0 0
0 0
0 0
0 0
0 0
0 0
0 0
0 0
0 0
0 0
0 0
0 0
0 0
0 0
0 0
0 0
0 0
0 0
0 0
0 0
0 0
0 0
0 0
0 0
0 0
0 0
0 0
0 0
0 0
0 0
0 0
0 0
0 0
0 0
0 0
0 0
0 0
0 0
0 0
0 0
0 0
0 0
0 0
0 0
0 0
0 0
0 0
0 0
0 0
0 0
0 0
0 0
0 0
0 0
0 0
0 0
0 0
0 0
0 0
0 0
0 0
0 0
0 0
0 0
0 0
0 0
0 0
0 0
0 0
0 0
0 0
0 0
0 0
0 0
0 0
0 0
0 0
0 0
0 0
0 0
0 0
0 0
0 0
0 0
0 0
0 0
0 0
0 0
0 0
0 0
0 0
0 0
0 0
0 0
0 0
0 0
0 0
0 0
0 0
0 0
0 0
0 0
0 0
0 0
0 0
0 0
0 0
0 0
0 0
0 0
0 0
0 0
0 0
0 0
0 0
0 0
0 0
0 0
0 0
0 0
0 0
0 0
0 0
0 0
0 0
0 0
0 0
0 0
0 0
0 0
0 0
0 0
0 0
0 0
0 0
0 0
0 0
0 0
0 0
0 0
0 0
0 0
0 0
0 0
0 0
0 0
0 0
0 0
0 0
0 0
0 0
0 0
0 0
0 0
0 0
0 0
0 0
0 0
0 0
0 0
0 0
0 0
0 0
0 0
0 0
0 0
0 0
0 0
0 0
0 0
0 0
0 0
0 0
0 0
0 0
0 0
0 0
0 0
0 0
0 0
0 0
0 0
0 0
0 0
0 0
0 0
0 0
0 0
0 0
0 0
0 0
0 0
0 0
0 0
0 0
0 0
0 0
0 0
0 0
0 0
0 0
0 0
0 0
0 0
0 0
0 0
0 0
0 0
0 0
0 0
0 0
0 0
0 0
0 0
0 0
0 0
0 0
0 0
0 0
0 0
0 0
0 0
0 0
0 0
0 0
0 0
0 0
0 0
0 0
0 0
0 0
0 0
0 0
0 0
0 0
0 0
0 0
0 0
0 0
0 0
0 0
0 0
0 0
0 0
0 0
0 0
0 0
0 0
0 0
0 0
0 0
0 0
0 0
0 0
0 0
0 0
0 0
0 0
0 0
0 0
0 0
0 0
0 0
0 0
0 0
0 0
0 0
0 0
0 0
0 0
0 0
0 0
0 0
0 0
0 0
0 0
0 0
0 0
0 0
0 0
0 0
0 0
0 0
0 0
0 0
0 0
0 0
0 0
0 0
0 0
0 0
0 0
0 0
0 0
0 0
0 0
0 0
0 0
0 0
0 0
0 0
0 0
0 0
0 0
0 0
0 0
0 0
0 0
0 0
0 0
0 0
0 0
0 0
0 0
0 0
0 0
0 0
0 0
0 0
0 0
0 0
0 0
0 0
0 0
0 0
0 0
0 0
0 0
0 0
0 0
0 0
0 0
0 0
0 0
0 0
0 0
0 0
0 0
0 0
0 0
0 0
0 0
0 0
0 0
0 0
0 0
0 0
0 0
0 0
0 0
0 0
0 0
0 0
0 0
0 0
0 0
0 0
0 0
0 0
0 0
0 0
0 0
0 0
0 0
0 0
0 0
0 0
0 0
0 0
0 0
0 0
0 0
0 0
0 0
0 0
0 0
0 0
0 0
0 0
0 0
0 0
0 0
0 0
0 0
0 0
0 0
0 0
0 0
0 0
0 0
0 0
0 0
0 0
0 0
0 0
0 0
0 0
0 0
0 0
0 0
0 0
0 0
0 0
0 0
0 0
0 0
0 0
0 0
0 0
0 0
0 0
0 0
0 0
0 0
0 0
0 0
0 0
0 0
0 0
0 0
0 0
0 0
0 0
0 0
0 0
0 0
0 0
0 0
0 0
0 0
0 0
0 0
0 0
0 0
0 0
0 0
0 0
0 0
0 0
0 0
0 0
0 0
0 0
0 0
0 0
0 0
0 0
0 0
0 0
0 0
0 0
0 0
0 0
0 0
0 0
0 0
0 0
0 0
0 0
0 0
0 0
0 0
0 0
0 0
0 0
0 0
0 0
0 0
0 0
0 0
0 0
0 0
0 0
0 0
0 0
0 0
0 0
0 0
0 0
0 0
0 0
0 0
0 0
0 0
0 0
0 0
0 0
0 0
0 0
0 0
0 0
0 0
0 0
0 0
0 0
0 0
0 0
0 0
0 0
0 0
0 0
0 0
0 0
0 0
0 0
0 0
0 0
0 0
0 0
0 0
0 0
0 0
0 0
0 0
0 0
0 0
0 0
0 0
0 0
0 0
0 0
0 0
0 0
0 0
0 0
0 0
0 0
0 0
0 0
0 0
0 0
0 0
0 0
0 0
0 0
0 0
0 0
0 0
0 0
0 0
0 0
0 0
0 0
0 0
0 0
0 0
0 0
0 0
0 0
0 0
0 0
0 0
0 0
0 0
0 0
0 0
0 0
0 0
0 0
0 0
0 0
0 0
0 0
0 0
0 0
0 0
0 0
0 0
0 0
0 0
0 0
0 0
0 0
0 0
0 0
0 0
0 0
0 0
0 0
0 0
0 0
0 0
0 0
0 0
0 0
0 0
0 0
0 0
0 0
0 0
0 0
0 0
0 0
0 0
0 0
0 0
0 0
0 0
0 0
0 0
0 0
0 0
0 0
0 0
0 0
0 0
0 0
0 0
0 0
0 0
0 0
0 0
0 0
0 0
0 0
0 0
0 0
0 0
0 0
0 0
0 0
0 0
0 0
0 0
0 0
0 0
0 0
0 0
0 0
0 0
0 0
0 0
0 0
0 0
0 0
0 0
0 0
0 0
0 0
0 0
0 0
0 0
0 0
0 0
0 0
0 0
0 0
0 0
0 0
0 0
0 0
0 0
0 0
0 0
0 0
0 0
0 0
0 0
0 0
0 0
0 0
0 0
0 0
0 0
0 0
0 0
0 0
0 0
0 0
0 0
0 0
0 0
0 0
0 0
0 0
0 0
0 0
0 0
0 0
0 0
0 0
0 0
0 0
0 0
0 0
0 0
0 0
0 0
0 0
0 0
0 0
0 0
0 0
0 0
0 0
0 0
0 0
0 0
0 0
0 0
0 0
0 0
0 0
0 0
0 0
0 0
0 0
0 0
0 0
0 0
0 0
0 0
0 0
0 0
0 0
0 0
0 0
0 0
0 0
0 0
0 0
0 0
0 0
0 0
0 0
0 0
0 0
0 0
0 0
0 0
0 0
0 0
0 0
0 0
0 0
0 0
0 0
0 0
0 0
0 0
0 0
0 0
0 0
0 0
0 0
0 0
0 0
0 0
0 0
0 0
0 0
0 0
0 0
0 0
0 0
0 0
0 0
0 0
0 0
0 0
0 0
0 0
0 0
0 0
0 0
0 0
0 0
0 0
0 0
0 0
0 0
0 0
0 0
0 0
0 0
0 0
0 0
0 0
0 0
0 0
0 0
0 0
0 0
0 0
0 0
0 0
0 0
0 0
0 0
0 0
0 0
0 0
0 0
0 0
0 0
0 0
0 0
0 0
0 0
0 0
0 0
0 0
0 0
0 0
0 0
0 0
0 0
0 0
0 0
0 0
0 0
0 0
0 0
0 0
0 0
0 0
0 0
0 0
0 0
0 0
0 0
0 0
0 0
0 0
0 0
0 0
0 0
0 0
0 0
0 0
0 0
0 0
0 0
0 0
0 0
0 0
0 0
0 0
0 0
0 0
0 0
0 0
0 0
0 0
0 0
0 0
0 0
0 0
0 0
0 0
0 0
0 0
0 0
0 0
0 0
0 0
0 0
0 0
0 0
0 0
0 0
0 0
0 0
0 0
0 0
0 0
0 0
0 0
0 0
0 0
0 0
0 0
0 0
0 0
0 0
0 0
0 0
0 0
0 0
0 0
0 0
0 0
0 0
0 0
0 0
0 0
0 0
0 0
0 0
0 0
0 0
0 0
0 0
0 0
0 0
0 0
0 0
0 0
0 0
0 0
0 0
0 0
0 0
0 0
0 0
0 0
0 0
0 0
0 0
0 0
0 0
0 0
0 0
0 0
0 0
0 0
0 0
0 0
0 0
0 0
0 0
0 0
0 0
2064
0 1
545 0
0 611
697 0
1 2
611 1
2 3
611 2
3 4
611 3
4 5
4 611
5 6
5 611
6 7
6 611
7 8
611 7
8 9
611 8
632 8
9 10
9 632
10 11
632 10
847 10
11 12
847 11
12 13
844 12
845 12
847 12
13 14
13 845
14 15
14 840
14 845
15 16
840 15
16 17
16 837
16 840
852 16
17 18
17 852
18 19
852 18
19 20
19 850
852 19
20 21
20 850
21 22
21 850
22 23
22 572
850 22
23 24
572 23
24 25
24 572
25 26
25 572
25 618
26 27
618 26
641 26
27 28
27 641
28 29
28 641
833 28
29 30
29 833
30 31
30 832
833 30
31 32
832 31
32 33
831 32
832 32
33 34
33 831
34 35
34 831
35 36
829 35
35 830
831 35
36 37
830 36
37 38
37 660
830 37
38 39
38 660
39 40
39 660
40 41
660 40
41 42
41 660
42 43
660 42
43 44
43 660
661 43
44 45
44 661
45 46
579 45
661 45
755 45
46 47
46 755
47 48
755 47
48 49
754 48
755 48
49 50
49 754
50 51
754 50
756 50
757 50
51 52
51 756
51 808
52 53
52 808
53 54
808 53
54 55
805 54
808 54
817 54
55 56
817 55
56 57
817 56
57 58
57 806
57 817
58 59
806 58
59 60
722 59
806 59
60 61
722 60
61 62
61 716
722 61
62 63
62 64
65 62
62 716
63 64
64 65
65 66
65 716
65 717
66 67
66 614
717 66
67 68
67 614
68 69
68 614
701 68
69 70
69 700
69 701
70 71
70 700
71 72
700 71
72 73
72 700
73 74
73 584
699 73
700 73
74 75
74 584
75 76
75 584
76 77
584 76
76 629
77 78
629 77
646 77
78 79
78 646
79 80
571 79
646 79
79 680
80 81
680 80
81 82
680 81
859 81
82 83
859 82
83 84
83 859
84 85
84 858
84 859
861 84
85 86
85 861
86 87
861 86
862 86
87 88
862 87
88 89
88 862
88 863
89 90
89 863
90 91
863 90
91 92
863 91
91 870
92 93
869 92
870 92
93 94
869 93
94 95
869 94
95 96
867 95
869 95
96 97
96 738
867 96
97 98
738 97
98 99
101 98
98 634
98 738
99 100
101 99
100 101
101 102
634 101
102 103
634 102
103 104
103 634
104 105
104 548
104 633
634 104
104 647
105 106
548 105
106 107
106 548
106 841
107 108
107 841
108 109
108 841
109 110
109 566
109 657
841 109
110 111
657 110
111 112
111 657
112 113
567 112
112 657
113 114
113 567
842 113
114 115
114 842
115 116
122 115
842 115
116 117
116 122
117 118
121 117
117 122
118 119
120 118
121 118
119 120
120 121
121 122
122 123
122 130
131 122
122 842
123 124
129 123
123 130
124 125
128 124
129 124
125 126
128 125
126 127
126 128
127 128
128 129
129 130
130 131
131 132
131 141
131 842
843 131
132 133
140 132
132 141
133 134
133 140
134 135
138 134
139 134
134 140
135 136
135 138
136 137
136 138
137 138
138 139
139 140
140 141
141 142
141 149
141 150
843 141
142 143
142 147
148 142
142 149
143 144
147 143
144 145
146 144
144 147
145 146
146 147
147 148
148 149
149 150
150 151
843 150
151 152
151 843
152 153
152 161
152 162
617 152
843 152
153 154
160 153
153 161
154 155
159 154
154 160
155 156
159 155
156 157
158 156
156 159
157 158
158 159
159 160
160 161
161 162
162 163
162 617
163 164
617 163
164 165
164 617
165 166
566 165
617 165
165 656
166 167
566 166
166 636
167 168
636 167
168 169
635 168
168 636
169 170
169 635
170 171
170 612
170 635
171 172
171 612
172 173
172 174
172 612
173 174
174 175
612 174
174 737
175 176
175 737
868 175
176 177
176 868
177 178
867 177
177 868
178 179
867 178
179 180
179 867
869 179
180 181
180 869
181 182
181 869
870 181
182 183
182 870
183 184
183 870
184 185
184 863
184 870
185 186
862 185
863 185
186 187
186 862
187 188
187 861
862 187
188 189
861 188
189 190
858 189
189 861
190 191
858 190
191 192
858 191
860 191
192 193
860 192
193 194
687 193
193 860
194 195
687 194
195 196
195 684
195 687
196 197
196 684
197 198
684 197
198 199
198 683
684 198
686 198
199 200
199 686
200 201
200 686
201 202
201 598
600 201
686 201
202 203
202 204
202 598
203 204
204 205
204 577
204 598
204 599
205 206
205 207
205 577
206 207
207 208
207 577
623 207
208 209
623 208
624 208
209 210
209 212
624 209
210 211
212 210
211 212
212 213
212 214
212 215
624 212
213 214
214 215
215 216
215 624
216 217
216 622
216 624
217 218
622 217
218 219
218 622
219 220
621 219
219 622
220 221
621 220
221 222
621 221
222 223
582 222
621 222
223 224
582 223
224 225
582 224
225 226
582 225
226 227
226 582
226 625
227 228
227 625
228 229
228 625
229 230
229 625
229 645
230 231
230 645
231 232
645 231
232 233
232 235
232 591
645 232
233 234
235 233
234 235
235 236
235 576
235 591
236 237
576 236
237 238
576 237
238 239
576 238
609 238
610 238
239 240
610 239
240 241
240 610
241 242
241 604
610 241
242 243
242 604
243 244
604 243
243 676
244 245
676 244
245 246
585 245
245 676
246 247
246 585
247 248
247 585
678 247
248 249
248 678
249 250
678 249
250 251
250 575
250 678
251 252
575 251
252 253
575 252
252 620
253 254
620 253
254 255
620 254
254 643
255 256
255 643
256 257
256 343
643 256
257 258
257 342
257 343
257 857
258 259
258 857
259 260
259 856
857 259
260 261
260 856
261 262
261 855
261 856
262 263
855 262
263 264
854 263
855 263
264 265
264 854
265 266
853 265
265 854
266 267
266 853
267 268
605 267
267 853
268 269
605 268
269 270
605 269
269 631
270 271
272 270
270 631
271 272
272 273
272 631
662 272
273 274
662 273
274 275
654 274
662 274
275 276
275 654
276 277
654 276
277 278
277 652
654 277
278 279
278 649
652 278
279 280
279 649
280 281
280 649
281 282
281 289
281 649
282 283
282 288
282 289
283 284
283 285
283 286
287 283
288 283
284 285
285 286
286 287
287 288
288 289
289 290
649 289
290 291
554 290
290 594
290 649
291 292
594 291
292 293
292 594
293 294
297 293
594 293
294 295
294 296
294 297
295 296
296 297
297 298
302 297
297 303
297 594
298 299
298 301
302 298
299 300
301 299
300 301
301 302
302 303
303 304
594 303
304 305
304 308
309 304
581 304
304 594
305 306
307 305
308 305
306 307
307 308
308 309
309 310
309 581
310 311
310 314
310 315
310 316
581 310
311 312
313 311
314 311
312 313
313 314
314 315
315 316
316 317
581 316
593 316
317 318
593 317
318 319
593 318
319 320
319 593
319 651
320 321
320 650
320 651
321 322
650 321
322 323
650 322
322 653
323 324
323 553
653 323
324 325
553 324
663 324
325 326
325 663
326 327
326 663
327 328
592 327
327 663
328 329
330 328
328 592
329 330
330 331
592 330
331 332
592 331
605 331
332 333
332 605
853 332
333 334
333 853
334 335
334 853
854 334
335 336
854 335
336 337
854 336
855 336
337 338
855 337
338 339
855 338
338 856
339 340
339 856
340 341
340 856
340 857
341 342
857 341
342 343
342 857
343 344
643 343
344 345
344 643
345 346
620 345
345 643
346 347
620 346
347 348
575 347
620 347
347 627
348 349
589 348
627 348
348 759
349 350
349 759
350 351
350 759
351 352
351 668
351 674
351 759
352 353
352 674
353 354
353 355
353 674
354 355
355 356
583 355
664 355
674 355
356 357
356 664
356 767
357 358
357 767
358 359
767 358
359 360
714 359
767 359
360 361
360 714
361 362
361 639
361 714
362 363
362 639
363 364
639 363
364 365
639 364
364 640
365 366
367 365
365 368
365 616
365 640
366 367
367 368
368 369
616 368
369 370
369 616
648 369
370 371
370 637
648 370
788 370
371 372
371 788
372 373
372 788
373 374
373 788
804 373
374 375
374 804
375 376
804 375
376 377
376 801
376 804
377 378
377 801
378 379
378 801
378 802
379 380
798 379
802 379
380 381
380 798
381 382
381 798
381 815
382 383
382 815
383 384
383 815
384 385
748 384
749 384
384 815
385 386
385 749
386 387
749 386
387 388
387 655
749 387
388 389
388 390
655 388
389 390
390 391
390 655
391 392
391 655
391 791
392 393
791 392
393 394
791 393
792 393
394 395
792 394
793 394
395 396
395 793
396 397
793 396
397 398
793 397
397 813
398 399
398 813
399 400
813 399
399 821
400 401
400 821
401 402
821 401
402 403
821 402
827 402
403 404
403 827
403 828
404 405
828 404
866 404
405 406
866 405
406 407
406 866
407 408
407 866
408 409
865 408
408 866
409 410
865 409
410 411
735 410
410 865
411 412
735 411
412 413
731 412
735 412
413 414
413 731
414 415
414 729
731 414
415 416
415 729
416 417
416 729
733 416
417 418
417 724
733 417
418 419
418 724
725 418
419 420
725 419
420 421
725 420
421 422
421 587
421 725
422 423
422 587
423 424
587 423
424 425
587 424
425 426
425 587
426 427
587 426
427 428
427 587
597 427
428 429
428 597
429 430
429 597
430 431
430 597
630 430
431 432
431 630
432 433
432 630
433 434
574 433
630 433
434 435
434 574
435 436
435 574
436 437
436 574
436 727
437 438
437 439
727 437
438 439
439 440
439 727
440 441
726 440
727 440
441 442
441 726
441 730
442 443
442 730
443 444
730 443
444 445
730 444
444 734
445 446
445 734
446 447
734 446
446 736
447 448
736 447
448 449
736 448
449 450
449 732
736 449
449 864
450 451
864 450
451 452
451 864
452 453
452 864
453 454
453 455
573 453
864 453
454 455
455 456
455 573
827 455
456 457
456 827
457 458
827 457
458 459
821 458
458 827
459 460
821 459
460 461
813 460
460 821
461 462
813 461
462 463
813 462
463 464
463 793
463 813
464 465
793 464
465 466
792 465
793 465
466 467
466 792
467 468
467 747
792 467
812 467
468 469
468 812
469 470
790 469
469 812
470 471
470 790
471 472
790 471
472 473
472 790
473 474
790 473
474 475
474 790
475 476
475 790
814 475
476 477
476 814
477 478
794 477
814 477
478 479
478 794
479 480
794 479
799 479
480 481
795 480
799 480
481 482
795 481
482 483
482 795
482 796
483 484
483 796
484 485
796 484
485 486
485 780
781 485
485 796
486 487
486 780
487 488
487 777
780 487
488 489
777 488
782 488
489 490
782 489
490 491
490 782
784 490
786 490
491 492
784 491
819 491
492 493
819 492
493 494
819 493
494 495
494 819
495 496
495 819
823 495
496 497
823 496
497 498
820 497
497 823
498 499
498 820
824 498
499 500
824 499
500 501
824 500
501 502
501 824
502 503
824 502
503 504
824 503
504 505
504 824
826 504
505 506
825 505
826 505
506 507
506 825
829 506
507 508
507 829
831 507
508 509
508 831
509 510
831 509
510 511
831 510
832 510
511 512
832 511
511 833
512 513
833 512
513 514
513 641
513 833
514 515
514 641
515 516
641 515
516 517
618 516
516 641
517 518
618 517
518 519
572 518
618 518
519 520
572 519
519 851
520 521
520 851
521 522
851 521
522 523
848 522
849 522
851 522
523 524
849 523
524 525
839 524
849 524
525 526
525 839
526 527
526 839
527 528
527 835
839 527
528 529
835 528
529 530
529 834
529 835
530 531
834 530
836 530
531 532
836 531
532 533
836 532
533 534
533 836
838 533
534 535
838 534
535 536
535 838
536 537
586 536
536 838
537 538
537 586
538 539
586 538
539 540
586 539
540 541
586 540
596 540
541 542
541 596
542 543
542 596
542 697
543 544
543 697
544 545
697 544
545 697
576 546
546 577
546 608
609 546
546 626
628 546
644 546
601 547
603 547
547 685
547 688
689 547
547 760
548 635
548 636
647 548
841 548
549 665
666 549
675 549
696 549
549 707
549 709
753 550
550 758
550 822
550 825
834 551
551 835
837 551
551 840
551 844
551 845
551 846
785 552
552 786
552 807
809 552
552 816
653 553
654 553
553 662
553 663
554 581
554 593
594 554
554 649
554 650
651 554
555 720
555 723
772 555
775 555
776 555
795 556
556 796
797 556
556 800
801 556
556 802
739 557
743 557
557 774
557 783
787 557
750 558
558 752
794 558
811 558
728 559
729 559
731 559
559 732
559 734
559 735
559 736
560 582
621 560
560 622
623 560
626 560
560 644
583 561
664 561
561 665
709 561
561 711
713 561
561 767
562 584
562 595
629 562
696 562
562 699
562 705
562 707
563 666
563 667
668 563
563 670
563 671
691 563
585 564
671 564
564 672
673 564
564 676
564 677
586 565
565 596
834 565
836 565
838 565
565 846
636 566
566 656
566 657
841 566
567 617
656 567
567 657
842 567
843 567
587 568
597 568
630 568
642 568
568 724
725 568
571 569
679 569
681 569
692 569
693 569
694 569
695 569
596 570
632 570
570 697
570 844
570 846
847 570
571 646
571 679
680 571
571 694
618 572
850 572
851 572
573 827
573 828
573 864
865 573
573 866
574 630
574 642
574 726
727 574
620 575
575 627
575 678
591 576
609 576
576 628
577 599
577 608
577 623
644 577
578 600
681 578
683 578
578 685
686 578
688 578
579 661
753 579
579 754
755 579
579 758
592 580
605 580
580 631
580 662
663 580
593 581
594 581
621 582
582 625
626 582
583 664
583 665
667 583
668 583
674 583
629 584
699 584
585 589
627 585
585 672
585 676
678 585
586 596
586 838
597 587
587 725
679 588
681 588
683 588
588 684
588 687
761 588
589 627
589 670
589 672
589 759
590 598
590 599
590 600
601 590
606 590
607 590
591 625
591 628
645 591
592 605
592 663
651 593
595 629
595 646
669 595
694 595
696 595
596 697
596 846
597 630
599 598
600 598
599 606
608 599
601 600
686 600
600 688
603 601
601 607
688 601
603 602
602 604
602 606
607 602
602 609
602 610
604 603
607 603
760 603
610 604
604 676
677 604
604 760
631 605
853 605
607 606
606 608
609 606
609 608
609 610
611 632
697 611
612 635
647 612
737 612
613 702
613 706
613 708
768 613
613 769
613 770
614 701
614 702
717 614
768 614
616 615
615 638
615 640
648 615
615 739
615 745
615 763
766 615
616 640
616 648
656 617
843 617
618 641
642 619
619 724
619 726
728 619
619 733
643 620
621 622
622 623
622 624
624 623
644 623
626 625
625 628
645 625
628 626
644 626
627 678
629 646
630 642
631 662
632 697
847 632
634 633
647 633
633 737
738 633
634 738
635 636
647 635
636 841
637 648
739 637
637 787
788 637
638 639
638 640
712 638
714 638
766 638
639 640
639 714
641 833
724 642
726 642
646 694
737 647
648 739
649 650
652 649
651 650
650 652
653 650
652 653
652 654
653 654
654 662
655 747
749 655
655 750
655 791
657 656
753 658
754 658
658 757
658 809
818 658
659 660
661 659
758 659
659 825
659 830
661 660
660 830
758 661
663 662
664 767
666 665
667 665
665 709
667 666
675 666
690 666
691 666
667 668
670 668
668 674
759 668
675 669
690 669
694 669
669 695
669 696
671 670
670 672
670 759
672 671
673 671
671 691
673 677
689 673
690 673
691 673
673 760
675 690
675 696
676 677
760 677
679 680
679 681
679 761
761 680
680 859
681 683
681 685
692 681
682 687
682 761
682 859
682 860
684 683
683 686
684 687
688 685
685 689
685 692
687 761
860 687
690 689
692 689
693 689
760 689
690 691
690 693
690 695
693 692
695 693
695 694
707 696
698 699
698 700
701 698
698 702
698 704
698 705
699 700
705 699
701 700
702 701
702 704
708 702
702 768
703 704
708 703
709 703
703 710
703 711
764 703
705 704
708 704
704 710
705 707
705 710
706 708
762 706
706 764
765 706
770 706
709 707
707 710
764 708
709 710
711 709
711 713
711 764
713 712
714 712
762 712
712 766
712 767
762 713
764 713
767 713
714 767
715 716
715 717
719 715
715 720
715 741
715 768
769 715
717 716
716 719
722 716
717 768
718 719
720 718
718 722
718 723
806 718
719 720
722 719
720 723
741 720
720 772
721 723
721 775
721 777
721 785
721 806
816 721
806 722
775 723
723 806
725 724
724 733
726 727
728 726
726 730
728 729
728 730
728 733
734 728
729 731
729 733
734 730
735 731
735 732
736 732
864 732
865 732
734 736
735 865
737 738
868 737
738 867
868 738
739 743
739 744
739 745
787 739
740 743
744 740
740 771
740 772
778 740
769 741
770 741
771 741
741 772
744 742
745 742
763 742
765 742
770 742
771 742
744 743
774 743
778 743
744 745
771 744
763 745
779 746
783 746
746 787
746 788
746 803
804 746
747 750
791 747
792 747
747 811
812 747
748 749
748 750
752 748
748 815
749 750
752 750
811 750
752 751
797 751
751 798
751 799
815 751
794 752
752 799
815 752
753 754
758 753
753 810
818 753
822 753
755 754
754 757
757 756
807 756
756 808
809 756
757 809
825 758
859 761
762 763
762 764
762 765
762 766
763 765
766 763
770 765
768 769
770 769
770 771
771 772
772 776
772 778
774 773
773 775
776 773
773 777
778 773
780 773
778 774
780 774
774 781
783 774
776 775
777 775
778 776
780 777
782 777
777 785
779 781
779 783
779 796
779 800
803 779
780 781
783 781
781 796
785 782
786 782
783 787
786 784
809 784
784 818
819 784
785 786
785 816
809 786
788 787
804 788
789 790
811 789
812 789
814 789
812 790
790 814
791 792
792 793
813 793
794 799
811 794
814 794
796 795
797 795
795 799
796 800
797 798
799 797
797 802
798 802
815 798
801 800
803 800
802 801
801 803
801 804
804 803
805 807
808 805
805 816
805 817
816 806
817 806
807 808
809 807
807 816
809 818
818 810
819 810
810 822
823 810
812 811
811 814
821 813
816 817
818 819
819 823
822 820
823 820
820 824
820 825
826 820
821 827
822 823
825 822
824 826
825 826
825 829
830 825
827 828
828 866
830 829
829 831
832 831
832 833
835 834
836 834
846 834
837 835
835 839
838 836
839 837
837 840
849 837
837 852
839 849
840 845
843 842
845 844
844 846
847 844
848 849
848 850
848 851
848 852
852 849
851 850
850 852
853 854
854 855
856 855
856 857
859 858
860 858
861 858
859 860
861 862
863 862
870 863
865 864
865 866
867 868
869 867
870 869
