697
213 506
208 504
205 504
203 499
202 494
201 489
201 484
201 479
203 474
203 469
204 464
205 459
206 454
206 449
206 444
206 439
207 434
207 429
206 424
205 419
204 414
204 409
203 404
202 399
201 394
201 389
202 384
202 379
202 374
203 369
203 364
205 359
207 354
207 349
207 344
207 339
207 334
207 329
207 324
207 319
208 314
208 309
208 304
209 299
209 294
208 289
207 284
206 279
204 274
203 269
203 264
202 259
202 254
201 249
201 244
202 239
201 234
203 229
206 224
210 219
213 214
217 210
220 206
224 201
228 197
229 192
230 187
230 182
229 177
228 172
228 167
227 162
226 157
224 152
220 147
217 142
216 137
217 132
221 128
224 123
225 118
224 113
219 112
214 113
209 113
204 113
199 113
194 113
189 113
184 113
179 113
174 113
169 113
164 114
159 113
154 113
149 113
144 114
139 114
134 114
129 114
124 115
119 115
114 116
109 116
104 116
99 115
94 114
89 113
84 112
79 111
74 110
69 109
64 108
59 108
54 107
49 108
44 109
39 111
34 113
29 115
24 117
19 119
14 121
9 119
8 115
8 110
8 105
12 100
17 100
22 99
27 97
32 96
33 92
31 87
33 85
35 90
39 95
44 98
49 99
54 99
59 99
64 99
69 99
74 98
79 97
84 97
89 97
94 97
99 97
104 97
109 97
114 96
119 96
124 96
129 97
134 98
139 96
144 97
149 96
154 95
159 93
164 92
169 92
174 90
179 89
184 88
189 88
194 87
199 87
204 87
209 87
214 86
219 86
224 86
225 81
225 76
225 71
227 66
229 61
234 56
232 53
233 48
234 43
234 38
231 36
233 31
234 26
235 21
238 16
242 12
247 11
252 8
257 5
262 4
267 5
272 7
277 8
280 12
284 15
288 19
291 24
292 29
292 34
292 39
291 44
288 49
284 53
282 57
287 60
291 65
292 70
292 75
290 80
294 83
299 84
304 84
309 85
314 85
319 86
324 87
329 88
334 89
339 91
344 92
349 92
354 93
359 95
364 96
369 97
374 97
379 98
384 97
389 96
394 95
399 95
404 96
409 95
414 95
419 95
424 96
429 96
434 96
439 96
444 96
449 98
454 99
459 100
464 100
469 98
474 96
479 93
480 88
484 90
482 95
483 97
488 98
493 98
498 99
503 101
505 106
503 111
500 116
496 119
491 119
486 119
481 115
476 112
471 111
466 110
461 110
456 110
451 110
446 110
441 111
436 111
431 113
426 114
421 114
416 115
411 116
406 116
401 116
396 115
391 113
386 112
381 112
376 112
371 112
366 112
361 111
356 111
351 111
346 111
341 110
336 110
331 109
326 109
321 109
316 108
311 107
306 107
301 107
296 108
292 111
292 116
295 121
298 126
301 131
301 136
300 141
298 146
293 151
292 156
292 161
290 166
289 171
289 176
288 181
289 186
289 191
291 196
295 199
297 204
301 208
305 212
309 216
311 221
314 226
315 231
316 236
316 241
316 246
315 251
314 256
313 261
313 266
311 271
311 276
310 281
310 286
309 291
308 296
308 301
309 306
309 311
309 316
310 321
310 326
311 331
311 336
312 341
313 346
313 351
314 356
315 361
316 366
316 371
316 376
317 381
317 386
317 391
316 396
316 401
316 406
316 411
315 416
315 421
315 426
315 431
314 436
314 441
314 446
314 451
314 456
314 461
315 466
316 471
317 476
317 481
318 486
318 491
317 496
314 501
310 504
305 504
300 504
295 504
290 503
286 501
285 496
282 491
285 486
287 481
288 476
289 471
290 466
290 461
290 456
289 451
288 446
288 441
288 436
287 431
287 426
286 421
285 416
283 411
284 406
283 401
283 396
283 391
283 386
282 381
282 376
282 371
283 366
283 361
283 356
281 351
279 346
278 341
277 336
275 331
273 326
271 321
270 316
269 311
268 306
264 304
259 304
254 304
250 306
249 311
248 316
247 321
246 326
245 331
244 336
243 341
240 346
239 351
237 356
236 361
236 366
237 371
238 376
238 381
238 386
238 391
238 396
238 401
236 406
236 411
234 416
233 421
233 426
232 431
231 436
230 441
231 446
231 451
230 456
229 461
230 466
231 471
232 476
233 481
234 486
234 491
234 496
233 501
229 503
224 505
219 506
214 506
259.909 43.4545
257.648 90.1296
258.809 127.362
238.547 275.091
228.671 306.5
258.864 173.627
259.276 232.276
288.134 304.573
272.939 30.0609
245.96 146.116
242.578 215.578
281.876 223.124
269.445 148.889
277.585 128.049
247.224 50.2845
219.463 367.093
216.952 481.99
225.532 334.413
220.048 408.01
299.849 409.465
244.909 74.7818
279.285 259.457
282.857 208.358
296.587 224.109
288.522 134.293
296.024 262.805
213.985 493.609
277.907 140.185
223.679 489.896
266.086 137.158
286.805 143.707
257.898 145.849
280.331 153.687
260.434 159.667
251.712 136.278
235.946 133.661
230.687 246.5
221.229 232.084
262.08 19.4002
247.884 36.3145
248.13 23.6333
262.659 63.7561
276.23 72.046
244.611 62.3956
254.011 58.0861
236.744 68.7812
265.273 214.605
289.726 216.23
288.013 241.821
273.575 168.213
244.583 164.953
234.017 145.465
239.48 155.111
226.635 138.199
272.62 19.5253
260.94 31.4224
272.952 62.1594
266.25 52.9327
272.026 42.2079
281.403 36.8046
275.254 89.6318
263.529 77.5843
275.414 215.279
270.013 226.311
278.588 234.559
276.454 247.078
255.503 258.382
261.5 280.865
268.244 239.237
267.543 255.629
256.438 245.191
269.532 269.447
243.82 250.926
288.722 231.233
271.452 185.138
270.348 158.799
281.226 162.938
253.733 165.982
280.191 81.0857
266.357 86.5612
253.56 80.5619
240.358 91.8601
280.849 285.942
257.885 269.788
249.885 278.527
246.508 266.212
253.412 291.026
232.259 261.443
265.264 292.161
242.248 233.893
251.159 237.262
268.136 176.126
272.12 279.802
283.795 272.479
239.087 295.638
241.646 285.29
224.763 286.606
240.892 259.32
217.696 255.421
276.296 297.17
239.261 242.758
287.07 264.053
296.959 276.552
239.337 306.303
228.752 296.153
219.406 301.253
225.107 273.01
219.216 243.715
210.749 248.567
211.947 236.467
226.61 254.483
278.331 307.083
216.718 279.6
222.836 263.611
222.199 352.01
226.451 360.571
215.326 358.552
219.401 421.607
213.33 414.504
254.165 220.689
245.436 224.79
231.971 223.918
221.361 221.109
230.918 211.663
245.115 180.169
238.197 172.794
257.274 188.004
266.994 199.585
243.901 195.406
239.558 205.251
253.947 205.718
277.898 195.038
239.268 187.37
253.189 196.406
268.871 109.298
266.003 98.1079
249.965 108.181
256.088 100.126
236.107 81.582
228.393 99.5
239.336 103.45
239.326 117.777
247.54 125.674
254.492 117.723
215.077 99.2736
233.153 110.609
294.482 290.816
301.063 284.612
297.68 300.635
285.793 295.15
289.717 282.642
213.729 269.292
217.737 342.051
229.504 344.279
219.107 433.714
268.446 120.896
279.61 115.498
280.185 102.101
286.743 92.2984
297.968 95.6767
309.047 96.0866
320.187 97.5712
330.448 98.6922
339.793 100.549
233.154 124.765
201.934 100
218.396 446.302
217.257 458.297
218.783 470.165
189.437 100.5
177.635 101.253
231.984 321.005
234.909 330.669
219.587 323.295
219.282 312.276
216.311 332.195
299.612 392.762
305.721 401.028
293.449 401.203
301 423.619
305.976 416.091
294.422 417.03
301 436.635
301.5 449.247
302 461.239
302.5 475.443
303.724 489.724
294.76 494.05
308.247 482.143
296.517 483.148
301.718 237.524
304.907 228.615
298.101 249.991
287.629 252.609
306.534 245.679
304.047 257.53
219.994 385.113
213.008 376.301
226.64 375.899
225.374 396.549
228.881 387.915
213.721 398.102
210.833 388.698
299 375.771
306.22 384.017
293.3 384.483
298.742 360
292.771 367.985
305.711 367.774
295.796 343.819
302.952 350.875
292.183 352.835
292.197 326.379
285.905 316.27
297.452 316.096
282.684 325.287
300.26 333.806
287.873 336.363
233.432 272
316.444 95.7776
200 94.4366
697
212.222 499.08
208.901 502.848
205.336 506.891
213.048 498.143
217.016 493.651
217.798 490.03
217.436 487.388
217.181 484.47
216.899 478.628
216.595 471.665
216.991 466.583
217.392 460.791
218.073 451.726
218.287 448.962
218.534 444.524
218.623 440.709
218.758 435.758
218.681 428.576
218.559 422.075
218.575 417.053
218.583 413.336
218.583 407.549
219.003 401.065
219.301 395.471
219.271 392.436
219.267 390.583
219.193 383.238
219.163 380.409
219.236 376.135
219.507 372.08
219.681 369.005
219.95 365.089
220.828 357.071
220.655 359.735
222.852 342.982
223.236 338.786
223.422 335.233
223.354 331.834
223.186 328.433
223.18 324.151
223.215 318.168
223.345 307.906
223.397 304.856
223.721 296.642
225.541 284.12
227.144 272.682
227.451 267.771
226.927 261.842
226.623 260.328
226.511 259.384
226.486 255.692
226.262 251.076
223.301 247.646
219.857 244.431
217.581 243.476
215.914 242.695
204.088 238.309
205.741 238.899
219.995 243.468
229.506 244.133
233.587 242.297
237.105 240.298
241.561 237.663
248.034 231.045
254.457 220.207
256.244 202.205
256.135 187.962
256.031 173.764
256.001 169.631
255.976 165.981
255.946 160.398
255.304 154.13
254.178 146.094
251.467 138.015
241.835 138.386
221.649 137.974
219.325 137.927
218.739 137.915
244.579 138.036
250.352 133.326
252.181 110.792
250.426 98.638
226.248 98.5479
211.002 99.1517
203.229 99.4768
200.602 99.5859
196.385 99.7521
192.56 99.8958
188.458 100.073
183.421 100.503
178.333 100.922
172.877 101.701
175.319 101.424
162.976 103.171
159.209 103.71
153.755 104.445
147.707 105.229
142.807 105.803
139.362 105.959
134.262 105.999
127.694 105.522
122.845 105.176
118.459 105.692
112.736 106.335
108.679 106.771
104.692 107.111
100.563 106.604
95.3844 105.826
82.7941 104.111
83.8118 104.171
79.211 103.703
74.5436 103.949
69.4324 104.02
51.6845 102.715
59.3655 103.248
54.3784 102.855
45.4634 102.297
42.342 101.679
37.0334 100.463
32.2251 102.835
24.572 106.178
17.3866 109.308
14.8385 110.236
11.3197 116.685
10.3017 118.77
11.0242 117.29
14.4902 110.227
14.8112 109.883
14.576 109.853
15.3548 109.92
15.7609 112.575
31.8912 102.984
36.7406 100.43
34.1907 92.5018
32.1634 86.1918
31.8276 85.1466
33.3293 89.8206
27.5556 104
41.8602 101.579
49.3071 103.025
54.4017 102.854
59.1151 103.229
63.4931 103.573
70.3325 104.015
74.5877 103.947
78.9123 103.693
83.0299 104.07
87.9517 104.722
100.623 106.584
99.541 106.451
104.339 107.112
109.267 106.72
115.107 106.075
119.094 105.618
122.838 105.176
127.276 105.493
119.843 105.902
139.744 105.944
141.344 105.86
148.991 105.063
155.801 104.171
117.333 104
164.818 102.898
170.225 102.095
176.682 101.132
180.878 100.718
182.932 100.544
189.463 100.001
193.193 99.872
196.414 99.751
201.023 99.568
204.546 99.422
214.76 99.0005
228.605 98.3683
258.667 98.6667
256.2 85.5275
258.934 76.9136
258.453 74.4146
258.502 74.4162
259.679 73.2132
260.873 54.2046
261.129 49.9308
261.527 43.2973
261.635 32.542
258.034 22.1931
233.739 24.5783
257.941 24.1391
256.403 23.2562
250.058 20.8992
249.11 20.5461
249.398 20.6536
260.061 24.5167
263.478 23.699
265.408 19.535
265.932 17.4962
265.568 18.8654
265.137 20.6243
265.116 20.4269
265.117 21.8738
267.641 24.2015
268.829 24.795
273.085 25.7696
276.373 26.3064
277.141 26.4253
279.864 26.8465
278.084 26.5696
269.008 26.7677
262.35 31.7335
260.622 60.2565
260.327 76.592
263.652 74.1473
263.687 74.1227
262.862 74.7575
259.454 85.8235
271.892 91.2521
292.887 93.3069
308.331 94.8409
312.784 95.2809
316.383 95.9498
319.11 96.6048
322.522 97.4232
326.5 98.3782
330.163 99.1763
336.356 100.043
343.67 101.061
348.485 101.723
352.039 102.213
356.57 102.913
391.111 103.111
367.733 104.827
372.032 105.056
381.548 104.56
385.495 104.345
390.578 104.046
394.142 103.952
396.12 104.457
404.282 106.133
409.434 106.122
414.054 105.595
418.508 105.291
446.221 104.085
429.518 104.545
435.169 103.266
440.143 102.713
443.361 102.849
447.363 103.477
453.088 104.509
459.409 105.258
468.485 104.547
471.86 104.01
477.632 102.932
480.328 94.0682
482.118 88.1759
481.997 88.5738
481.087 91.5715
489.052 102.055
496.084 107.741
493.194 110.337
500.355 105.798
502.143 104.657
501.117 105.312
495.327 109.006
493.794 110.306
494.202 111.324
493.872 110.879
492.739 110.089
490.908 109.109
478.929 102.669
472.228 103.948
465.776 105.003
460.522 105.278
456.269 105.035
459.959 104.333
446.011 103.257
440.692 102.662
437.952 102.96
429.312 104.584
425.245 104.83
402.41 105.204
414.11 105.59
409.533 106.12
405.635 106.184
402.31 105.95
398.851 105.121
393.888 103.912
388.362 104.175
380.342 104.666
375.363 104.953
370.988 105.061
367.145 104.748
362.099 103.886
356.38 102.881
351.913 102.195
347.37 101.57
342.399 100.887
337.136 100.155
331.285 99.3339
326.235 98.3182
323.098 97.5628
320.267 96.8802
316.64 96.0044
309.616 94.9703
303.4 94.353
271.685 91.2198
255.366 96.4009
253.265 124.864
261.486 138.594
281.556 138.387
299.156 136.37
299.271 136.357
293.661 136.996
283.604 138.142
261.475 141.644
255.201 145.933
255.65 150.037
255.941 152.861
255.929 158.874
255.995 167.482
256.037 172.338
256.068 191.599
255.906 207.406
259.528 223.932
262.263 232.322
270.165 235.109
283.787 238.682
293.763 239.73
300.805 237.17
303.611 236.129
306.88 234.68
305.662 235.258
302.911 236.575
300.368 237.777
298.863 238.403
293.532 242.174
291.496 243.77
287.819 248.199
286.68 252.47
285.879 255.261
285.751 265.966
288.886 274.639
291.347 280.54
292.002 282.341
292.531 289.54
292.929 300.61
292.465 310.694
292.349 313.683
292.095 321.065
292.393 325.525
292.483 328.154
293.455 334.066
294.771 338.754
293.333 358.222
297.526 348.481
298.553 353.185
299.577 362.321
299.828 364.473
300.27 368.008
300.286 371.612
300.211 375.581
300.09 382.017
299.993 385.415
299.832 389.336
299.528 396.82
299.327 401.69
299.599 406.65
299.713 408.705
300.086 415.424
300.415 421.365
300.632 426.298
300.771 430.518
300.94 435.503
301.214 443.64
301.295 446.061
301.581 450.801
302.068 455.94
302.659 462.283
303.52 472.681
303.777 475.769
304.122 480.581
304.288 485.921
305.362 489.868
305.71 491.099
307.195 494.278
308.02 495.714
306.427 492.642
306.657 493.335
302.434 490.594
296.185 494.234
289.973 497.872
287.075 499.568
289.093 498.382
291.115 497.166
297.757 493.388
303.271 489.165
304.19 482.278
303.748 475.415
303.441 471.721
302.505 460.546
301.904 454.205
301.365 448.47
301.257 444.888
301.193 443.003
300.951 435.821
300.767 430.404
300.588 424.807
300.241 418.289
299.955 413.049
299.775 409.873
299.729 409.05
299.326 401.359
299.54 396.71
299.632 394.345
300.03 384.479
300.131 379.731
300.198 376.216
300.28 372.873
300.281 368.427
299.483 361.534
298.611 353.705
296.7 345.211
295.367 340.618
294.196 337.098
292.783 329.89
292.367 327.369
292.004 323.952
292.047 321.34
292.22 317.195
292.687 308.164
292.115 285.171
278.001 261.058
256.691 252.58
236.977 260.007
260.444 183.111
223.461 305.266
223.345 315.295
223.114 323.937
223.303 328.677
223.551 332.04
223.49 333.996
223.449 334.841
223.252 339.2
222.614 344.62
221.673 351.121
220.319 360.667
219.507 372.272
219.288 375.606
219.123 379.506
219.182 382.744
219.247 386.877
219.299 391.005
219.339 394.721
219.224 397.215
219.072 399.605
218.606 407.035
218.589 412.69
218.565 420.089
218.628 425.515
218.665 427.621
218.772 434.723
218.605 441.435
218.476 446.727
218.261 449.293
218.113 451.203
217.415 460.464
216.848 468.617
216.739 475.453
217.057 481.895
217.449 487.682
217.916 491.342
221.922 493.973
225.554 496.181
232.49 500.407
225.444 496.117
219.829 492.701
216.899 493.771
212.343 498.943
262.114 32.4772
256.425 89.2657
253.269 130.482
232.673 258.67
223.418 304.239
255.988 165.344
257.11 236.615
292.744 305.627
267.411 24.8265
254.787 145.054
248.22 233.141
275.531 237.922
255.234 144.787
252.748 137.381
261.528 43.2992
219.603 370.505
217.325 485.188
223.473 334.269
218.996 400.886
299.78 409.929
260.073 75.4759
278.775 250.159
258.881 225.941
293.877 239.726
279.126 138.426
284.852 254.032
215.326 498.637
258.622 140.745
218.884 492.077
253.865 138.684
260.617 140.884
254.585 143.326
255.218 145.22
255.714 151.629
253.049 137.236
251.401 136.754
230.418 246.969
234.297 245.545
264.965 21.2678
262.625 26.6336
259.931 24.5241
260.498 62.6556
260.024 76.9552
260.606 58.6453
260.693 58.4258
259.348 73.8852
258.318 226.726
275.635 236.75
295.124 240.135
255.928 159.289
255.229 149.694
251.86 138.005
254.442 147.211
231.174 138.117
265.141 22.4176
262.961 25.1171
260.497 62.8601
258.667 33.7778
262.929 27.5487
273.515 26.0384
259.799 88.3456
259.381 79.1902
261.543 232.618
263.562 235.619
276.239 240.307
277.301 247.301
256.145 247.722
262.055 251.825
273.757 241.7
267.242 246.82
254.408 242.278
271.692 251.623
239.217 245.346
287.607 240.174
256.097 186.473
255.853 152.476
255.936 152.896
255.982 160.356
259.355 87.0786
258.181 86.5472
258.98 80.6363
255.018 91.1628
288.48 274.13
258.775 250.815
240.793 250.622
240.436 250.339
238.471 249.029
230.713 253.509
289.778 256.889
254.367 213.154
250.177 239.589
256.058 171.774
277.757 255.894
284.631 258.612
226.78 278.095
232.141 261.085
226.361 278.333
224.755 245.996
227.179 250.442
290.27 279.105
237.925 244.203
283.011 253.641
285.844 266.743
223.616 302.24
224.904 286.37
223.419 315.639
227.542 260.658
222.475 246.327
220.527 244.802
217.18 243.655
228.135 250.328
292.798 303.149
227.509 266.876
227.066 257.103
222.144 347.871
219.857 366.78
220.276 360.987
224.515 359.802
218.579 415.43
254.297 230.28
248.639 234.586
237.305 240.726
235.265 241.368
245.783 233.766
256.081 184.341
256.005 170.124
256.088 189.881
256.088 195.177
256.224 202.481
256.679 222.919
255.848 216.74
255.94 208.474
256.135 188.035
256.178 202.857
252.788 106.773
255.249 93.4562
252.176 106.039
253.639 96.9735
257.736 80.8986
248.618 97.6745
252.5 98.0534
252.269 118.289
253.211 129.872
252.471 118.709
217.144 98.982
252.4 103.888
292.134 283.256
290.006 277.333
292.513 317.956
292.328 285.032
289.301 275.763
226.651 258.168
223.106 341.226
223.304 328.425
216.612 481.527
252.849 124.588
0 0
255.334 94.2468
268.853 90.9527
304.902 94.5628
312.147 95.3434
324.93 98.0032
327.718 98.6131
295.642 94.1622
251.58 132.032
198.599 99.6598
218.29 448.637
218.036 452.097
217.114 477.339
186.135 100.274
180.136 100.794
223.281 319.808
223.5 333.487
223.263 329.975
223.203 320.321
223.441 334.679
299.69 392.835
299.327 401.718
299.328 401.722
300.598 425.282
300.132 416.253
299.556 480
302.903 465
301.346 446.667
302.776 464.058
303.87 478.122
299.019 493.619
293.183 495.999
304.296 486.022
303.83 488.709
301.035 237.305
302.416 236.577
290.793 244.4
287.86 245.466
295.847 240.457
288.135 247.197
219.233 386.048
219.19 380.109
219.331 375.883
219.193 397.602
219.23 386.044
219.29 396.134
219.29 382.261
300.185 377.121
300.048 372.067
300.049 383.971
299.402 360.819
300.325 368.829
299.946 365.477
296.298 343.59
298.373 351.944
299.011 357.34
292.466 328.239
292.082 320.365
292.347 315.403
292.416 327.331
293.724 335.412
293.888 335.897
228.444 256.889
316.444 95.1111
197.333 96.8889
1609
0 0
0 0
0 0
0 0
0 0
0 0
0 0
0 0
0 0
0 0
0 0
0 0
0 0
0 0
0 0
0 0
0 0
0 0
0 0
0 0
0 0
0 0
0 0
0 0
0 0
0 0
0 0
0 0
0 0
0 0
0 0
0 0
0 0
0 0
0 0
0 0
0 0
0 0
630 593
0 0
0 0
0 0
0 0
0 0
0 0
0 0
0 0
0 0
0 0
0 0
0 0
0 0
0 0
0 0
0 0
0 0
0 0
0 0
0 0
0 0
0 0
0 0
0 0
0 0
0 0
0 0
0 0
0 0
0 0
0 0
0 0
0 0
0 0
0 0
0 0
0 0
0 0
0 0
0 0
0 0
0 0
0 0
0 0
0 0
0 0
0 0
0 0
0 0
0 0
0 0
0 0
0 0
0 0
0 0
0 0
0 0
0 0
0 0
0 0
0 0
0 0
0 0
0 0
0 0
0 0
0 0
0 0
0 0
0 0
0 0
0 0
0 0
0 0
0 0
0 0
0 0
0 0
0 0
0 0
0 0
0 0
0 0
0 0
0 0
0 0
0 0
0 0
0 0
0 0
0 0
0 0
0 0
0 0
0 0
0 0
0 0
0 0
0 0
0 0
0 0
0 0
0 0
0 0
0 0
0 0
0 0
0 0
0 0
0 0
0 0
0 0
0 0
0 0
0 0
0 0
0 0
0 0
0 0
0 0
0 0
0 0
0 0
0 0
0 0
0 0
0 0
0 0
0 0
0 0
0 0
0 0
432 174
0 0
0 0
0 0
0 0
0 0
0 0
0 0
0 0
0 0
0 0
0 0
0 0
0 0
0 0
0 0
0 0
0 0
0 0
0 0
0 0
0 0
0 0
0 0
0 0
0 0
0 0
0 0
0 0
0 0
0 0
0 0
0 0
0 0
0 0
0 0
0 0
0 0
0 0
0 0
0 0
0 0
0 0
0 0
0 0
0 0
0 0
0 0
0 0
0 0
0 0
0 0
0 0
0 0
0 0
0 0
0 0
0 0
0 0
0 0
0 0
0 0
0 0
0 0
0 0
0 0
0 0
0 0
0 0
0 0
0 0
0 0
0 0
0 0
0 0
0 0
0 0
0 0
0 0
0 0
0 0
0 0
0 0
0 0
0 0
0 0
0 0
0 0
0 0
0 0
0 0
0 0
0 0
0 0
0 0
0 0
0 0
0 0
0 0
0 0
0 0
0 0
0 0
0 0
0 0
0 0
0 0
0 0
0 0
0 0
0 0
0 0
0 0
0 0
0 0
0 0
0 0
0 0
0 0
0 0
0 0
0 0
0 0
0 0
0 0
0 0
0 0
0 0
0 0
0 0
0 0
0 0
0 0
161 137
0 0
0 0
0 0
0 0
0 0
0 0
0 0
0 0
0 0
0 0
0 0
0 0
0 0
0 0
0 0
0 0
0 0
0 0
0 0
0 0
0 0
0 0
0 0
0 0
0 0
0 0
0 0
0 0
0 0
0 0
0 0
0 0
0 0
0 0
0 0
0 0
0 0
0 0
0 0
0 0
0 0
0 0
0 0
0 0
0 0
0 0
0 0
0 0
0 0
0 0
0 0
0 0
0 0
0 0
0 0
0 0
0 0
0 0
0 0
0 0
0 0
0 0
0 0
0 0
0 0
0 0
0 0
0 0
0 0
0 0
0 0
0 0
0 0
0 0
0 0
0 0
0 0
0 0
0 0
0 0
0 0
0 0
0 0
0 0
0 0
0 0
0 0
0 0
0 0
0 0
0 0
0 0
0 0
0 0
0 0
0 0
0 0
0 0
0 0
0 0
0 0
0 0
0 0
0 0
174 533
0 0
0 0
0 0
0 0
0 0
0 0
0 0
0 0
0 0
0 0
0 0
0 0
0 0
0 0
0 0
0 0
0 0
0 0
0 0
0 0
0 0
0 0
0 0
0 0
0 0
0 0
0 0
0 0
0 0
0 0
0 0
0 0
0 0
0 0
0 0
0 0
0 0
0 0
0 0
0 0
0 0
0 0
0 0
0 0
0 0
0 0
0 0
0 0
0 0
0 0
0 0
0 0
0 0
0 0
0 0
0 0
0 0
0 0
0 0
0 0
0 0
0 0
0 0
0 0
0 0
0 0
0 0
0 0
0 0
0 0
0 0
0 0
0 0
0 0
0 0
0 0
0 0
0 0
0 0
0 0
0 0
0 0
0 0
0 0
0 0
0 0
0 0
0 0
0 0
0 0
0 0
0 0
0 0
0 0
0 0
0 0
0 0
0 0
0 0
0 0
0 0
0 0
0 0
0 0
0 0
0 0
0 0
0 0
0 0
0 0
0 0
0 0
0 0
0 0
0 0
0 0
0 0
0 0
0 0
0 0
0 0
0 0
0 0
0 0
0 0
0 0
0 0
0 0
0 0
0 0
0 0
0 0
0 0
0 0
0 0
0 0
0 0
0 0
0 0
0 0
0 0
0 0
0 0
0 0
0 0
0 0
0 0
0 0
0 0
0 0
0 0
0 0
0 0
0 0
0 0
0 0
0 0
0 0
0 0
0 0
0 0
0 0
0 0
0 0
0 0
0 0
0 0
0 0
0 0
0 0
0 0
0 0
0 0
0 0
0 0
0 0
0 0
0 0
0 0
0 0
0 0
0 0
228 255
0 0
0 0
0 0
0 0
0 0
0 0
0 0
0 0
0 0
0 0
0 0
0 0
0 0
0 0
0 0
0 0
0 0
0 0
0 0
0 0
0 0
0 0
0 0
0 0
0 0
0 0
0 0
0 0
0 0
0 0
0 0
0 0
0 0
0 0
0 0
0 0
0 0
0 0
0 0
0 0
0 0
0 0
0 0
0 0
0 0
0 0
0 0
0 0
0 0
0 0
0 0
0 0
0 0
0 0
0 0
0 0
0 0
0 0
0 0
0 0
0 0
0 0
0 0
0 0
0 0
0 0
0 0
0 0
0 0
0 0
0 0
0 0
0 0
0 0
0 0
0 0
0 0
0 0
0 0
0 0
0 0
0 0
0 0
0 0
0 0
0 0
0 0
0 0
0 0
0 0
0 0
0 0
0 0
0 0
0 0
0 0
0 0
0 0
0 0
0 0
0 0
0 0
0 0
0 0
0 0
0 0
0 0
0 0
0 0
0 0
0 0
0 0
0 0
0 0
0 0
0 0
0 0
0 0
0 0
0 0
0 0
0 0
0 0
0 0
0 0
0 0
0 0
0 0
0 0
0 0
0 0
0 0
0 0
0 0
0 0
0 0
0 0
0 0
432 564
0 0
0 0
0 0
0 0
0 0
0 0
0 0
0 0
0 0
0 0
0 0
0 0
0 0
0 0
0 0
0 0
0 0
0 0
0 0
0 0
0 0
0 0
0 0
0 0
0 0
0 0
0 0
0 0
0 0
0 0
0 0
0 0
0 0
0 0
0 0
0 0
0 0
0 0
0 0
564 351
0 0
0 0
0 0
0 0
0 0
0 0
0 0
0 0
0 0
0 0
0 0
0 0
0 0
0 0
0 0
0 0
0 0
0 0
0 0
0 0
0 0
0 0
0 0
0 0
0 0
0 0
0 0
0 0
0 0
0 0
0 0
0 0
0 0
0 0
0 0
0 0
0 0
351 657
0 0
0 0
0 0
0 0
0 0
0 0
0 0
0 0
0 0
0 0
0 0
0 0
0 0
0 0
0 0
0 0
0 0
0 0
0 0
0 0
0 0
0 0
0 0
0 0
0 0
0 0
0 0
0 0
0 0
0 0
0 0
0 0
0 0
0 0
0 0
0 0
0 0
0 0
0 0
0 0
0 0
0 0
0 0
0 0
0 0
0 0
0 0
0 0
0 0
0 0
0 0
0 0
0 0
0 0
0 0
0 0
0 0
0 0
0 0
0 0
0 0
0 0
0 0
0 0
0 0
0 0
0 0
0 0
0 0
0 0
0 0
0 0
0 0
0 0
0 0
0 0
0 0
0 0
0 0
0 0
0 0
0 0
0 0
0 0
0 0
0 0
0 0
0 0
0 0
0 0
0 0
0 0
0 0
0 0
0 0
0 0
0 0
0 0
0 0
0 0
0 0
0 0
0 0
0 0
0 0
0 0
0 0
0 0
0 0
0 0
0 0
0 0
0 0
0 0
0 0
0 0
0 0
0 0
0 0
0 0
0 0
0 0
0 0
0 0
0 0
0 0
0 0
0 0
0 0
0 0
0 0
0 0
0 0
0 0
0 0
0 0
0 0
0 0
0 0
0 0
0 0
0 0
0 0
0 0
0 0
0 0
0 0
0 0
0 0
0 0
0 0
0 0
0 0
0 0
0 0
0 0
0 0
0 0
0 0
0 0
0 0
0 0
0 0
0 0
0 0
0 0
0 0
0 0
0 0
0 0
0 0
0 0
0 0
0 0
0 0
0 0
0 0
0 0
0 0
0 0
0 0
0 0
0 0
0 0
0 0
0 0
0 0
0 0
0 0
0 0
0 0
0 0
0 0
0 0
0 0
0 0
0 0
0 0
0 0
0 0
0 0
0 0
0 0
0 0
0 0
0 0
0 0
0 0
0 0
0 0
0 0
0 0
0 0
0 0
0 0
0 0
0 0
0 0
0 0
0 0
0 0
0 0
0 0
0 0
0 0
0 0
0 0
0 0
0 0
0 0
0 0
0 0
0 0
0 0
0 0
0 0
0 0
0 0
0 0
0 0
0 0
0 0
0 0
0 0
0 0
0 0
0 0
0 0
0 0
0 0
0 0
0 0
0 0
0 0
0 0
0 0
0 0
0 0
0 0
0 0
0 0
0 0
0 0
0 0
0 0
0 0
0 0
0 0
0 0
0 0
0 0
0 0
0 0
0 0
0 0
0 0
0 0
0 0
0 0
0 0
0 0
0 0
0 0
0 0
0 0
0 0
0 0
0 0
0 0
0 0
0 0
0 0
0 0
0 0
0 0
0 0
0 0
0 0
0 0
0 0
0 0
0 0
0 0
0 0
0 0
0 0
0 0
0 0
0 0
0 0
0 0
0 0
0 0
0 0
0 0
0 0
0 0
0 0
0 0
0 0
0 0
0 0
0 0
0 0
0 0
0 0
0 0
0 0
0 0
0 0
0 0
0 0
0 0
0 0
0 0
0 0
0 0
0 0
0 0
0 0
0 0
0 0
0 0
0 0
0 0
0 0
0 0
0 0
0 0
0 0
0 0
0 0
0 0
0 0
0 0
0 0
0 0
0 0
0 0
0 0
0 0
0 0
0 0
0 0
0 0
0 0
0 0
0 0
0 0
0 0
0 0
0 0
0 0
0 0
0 0
0 0
0 0
0 0
0 0
0 0
0 0
0 0
0 0
0 0
0 0
0 0
0 0
0 0
0 0
0 0
0 0
0 0
0 0
0 0
0 0
0 0
0 0
0 0
0 0
0 0
0 0
0 0
0 0
0 0
0 0
0 0
0 0
0 0
0 0
0 0
0 0
0 0
0 0
0 0
0 0
0 0
0 0
0 0
0 0
0 0
0 0
0 0
0 0
0 0
0 0
0 0
0 0
0 0
0 0
0 0
0 0
0 0
0 0
0 0
0 0
0 0
0 0
0 0
0 0
0 0
0 0
0 0
0 0
0 0
0 0
0 0
0 0
0 0
0 0
0 0
0 0
0 0
0 0
0 0
0 0
0 0
0 0
0 0
0 0
0 0
0 0
0 0
0 0
0 0
0 0
0 0
0 0
0 0
0 0
0 0
0 0
0 0
0 0
0 0
0 0
0 0
0 0
0 0
0 0
0 0
0 0
0 0
0 0
0 0
0 0
0 0
0 0
0 0
0 0
0 0
0 0
0 0
0 0
0 0
0 0
0 0
0 0
0 0
0 0
0 0
0 0
0 0
0 0
0 0
0 0
0 0
0 0
0 0
0 0
0 0
0 0
0 0
0 0
0 0
0 0
0 0
0 0
0 0
0 0
0 0
0 0
0 0
0 0
0 0
0 0
0 0
0 0
0 0
0 0
0 0
0 0
0 0
0 0
0 0
0 0
0 0
0 0
0 0
0 0
0 0
0 0
0 0
0 0
0 0
0 0
0 0
0 0
0 0
0 0
0 0
0 0
0 0
0 0
0 0
0 0
0 0
0 0
0 0
0 0
0 0
0 0
0 0
0 0
0 0
0 0
0 0
0 0
0 0
0 0
0 0
0 0
0 0
0 0
0 0
0 0
0 0
0 0
0 0
0 0
0 0
0 0
0 0
0 0
0 0
0 0
0 0
0 0
0 0
0 0
0 0
0 0
0 0
0 0
0 0
0 0
0 0
0 0
0 0
0 0
0 0
0 0
0 0
0 0
0 0
0 0
0 0
0 0
0 0
0 0
0 0
0 0
0 0
0 0
0 0
0 0
0 0
0 0
0 0
0 0
0 0
0 0
0 0
0 0
0 0
0 0
0 0
0 0
0 0
0 0
0 0
0 0
0 0
0 0
0 0
0 0
0 0
0 0
0 0
0 0
0 0
0 0
0 0
0 0
0 0
0 0
0 0
0 0
0 0
0 0
0 0
0 0
0 0
0 0
0 0
0 0
0 0
0 0
0 0
0 0
0 0
0 0
0 0
0 0
0 0
0 0
0 0
0 0
0 0
0 0
0 0
0 0
0 0
0 0
0 0
0 0
0 0
0 0
0 0
0 0
0 0
0 0
0 0
0 0
0 0
0 0
0 0
0 0
0 0
0 0
0 0
0 0
0 0
0 0
0 0
0 0
0 0
0 0
0 0
0 0
0 0
0 0
0 0
0 0
0 0
0 0
0 0
0 0
0 0
0 0
0 0
0 0
0 0
0 0
0 0
0 0
0 0
0 0
0 0
0 0
0 0
0 0
0 0
0 0
0 0
0 0
0 0
0 0
0 0
0 0
0 0
0 0
0 0
0 0
0 0
0 0
0 0
0 0
0 0
0 0
0 0
0 0
0 0
0 0
0 0
0 0
0 0
0 0
0 0
0 0
0 0
0 0
0 0
0 0
0 0
0 0
0 0
0 0
0 0
0 0
0 0
0 0
0 0
0 0
0 0
0 0
0 0
0 0
0 0
0 0
0 0
0 0
0 0
0 0
0 0
0 0
0 0
0 0
0 0
0 0
0 0
0 0
0 0
0 0
0 0
0 0
0 0
0 0
0 0
0 0
0 0
0 0
0 0
0 0
432 694
694 593
174 695
695 228
174 696
696 161
1603
0 1
475 0
0 502
1 2
1 3
1 502
2 3
3 4
3 502
4 5
4 502
5 6
5 502
6 7
6 492
502 6
7 8
7 492
8 9
8 492
8 644
9 10
644 9
10 11
10 643
644 10
11 12
643 11
12 13
642 12
12 643
13 14
642 13
14 15
642 14
15 16
630 15
642 15
16 17
630 16
17 18
593 17
630 17
18 19
593 18
594 18
19 20
594 19
20 21
594 20
21 22
21 494
21 594
677 21
22 23
22 677
23 24
677 23
24 25
24 677
678 24
25 26
25 678
26 27
26 673
678 26
27 28
673 27
28 29
28 673
29 30
491 29
673 29
30 31
491 30
592 30
31 32
31 592
32 33
32 592
33 34
33 590
592 33
33 628
34 35
34 628
35 36
35 628
651 35
36 37
651 36
37 38
37 651
38 39
38 649
38 651
39 40
649 39
650 39
40 41
650 40
41 42
581 41
650 41
42 43
42 581
43 44
43 581
44 45
44 572
581 44
45 46
572 45
45 588
46 47
46 588
47 48
588 47
627 47
48 49
627 48
49 50
49 627
50 51
50 574
627 50
51 52
51 574
584 51
52 53
52 584
53 54
584 53
54 55
584 54
55 56
55 584
585 55
56 57
585 56
57 58
57 585
58 59
513 58
58 585
59 60
513 59
59 598
60 61
598 60
61 62
61 598
61 599
62 63
62 599
63 64
63 599
64 65
599 64
64 604
605 64
65 66
65 604
608 65
66 67
66 608
67 68
601 67
608 67
68 69
68 601
69 70
601 69
70 71
526 70
70 528
601 70
71 72
71 528
72 73
72 527
72 528
73 74
527 73
74 75
527 74
529 74
75 76
529 75
76 77
76 529
77 78
529 77
78 79
78 529
78 640
79 80
640 79
80 81
80 621
640 80
81 82
81 615
81 621
82 83
615 82
620 82
83 84
620 83
84 85
620 84
641 84
85 86
85 641
86 87
86 641
87 88
87 641
87 645
88 89
645 88
89 90
645 89
89 646
90 91
646 90
91 92
646 91
92 93
92 162
92 163
92 646
93 94
93 161
162 93
94 95
160 94
161 94
95 96
159 95
95 160
96 97
158 96
96 159
97 98
97 158
98 99
98 156
157 98
98 158
99 100
156 99
100 101
100 154
100 155
100 156
101 102
153 101
154 101
102 103
152 102
102 153
103 104
151 103
103 152
104 105
104 150
104 151
105 106
105 150
106 107
149 106
150 106
107 108
107 148
149 107
108 109
108 147
108 148
109 110
146 109
109 147
110 111
144 110
145 110
146 110
111 112
143 111
111 144
112 113
143 112
113 114
141 113
142 113
113 143
114 115
114 141
115 116
139 115
140 115
141 115
116 117
138 116
116 139
117 118
138 117
118 119
118 132
137 118
138 118
119 120
119 131
119 132
120 121
120 130
131 120
121 122
121 129
121 130
122 123
125 122
122 126
129 122
123 124
125 123
124 125
125 126
126 127
129 126
127 128
129 127
128 129
129 130
130 131
131 132
132 133
137 132
133 134
133 136
137 133
134 135
134 136
135 136
136 137
137 138
138 139
139 140
140 141
141 142
142 143
143 144
144 145
145 146
146 147
147 148
148 149
149 150
150 151
151 152
152 153
153 154
154 155
155 156
156 157
157 158
158 159
159 160
160 161
161 162
162 163
163 164
163 646
164 165
164 646
165 166
165 646
166 167
645 166
166 646
167 168
645 167
168 169
168 641
168 645
169 170
641 169
170 171
641 170
171 172
171 620
641 171
172 173
172 620
173 174
620 173
174 175
174 557
174 614
174 615
620 174
175 176
175 614
176 177
521 176
614 176
177 178
521 177
178 179
521 178
179 180
179 521
180 181
182 180
180 490
519 180
521 180
181 182
182 183
490 182
183 184
183 490
183 515
184 185
184 186
515 184
185 186
186 187
186 515
187 188
187 515
516 187
188 189
188 516
189 190
189 516
190 191
516 190
191 192
191 514
191 516
192 193
514 192
193 194
193 514
194 195
194 514
195 196
514 195
196 197
196 514
530 196
197 198
197 530
198 199
198 530
199 200
199 530
200 201
484 200
200 530
201 202
484 201
535 201
202 203
202 535
203 204
535 203
204 205
535 204
205 206
205 535
206 207
535 206
207 208
207 533
207 534
535 207
208 209
532 208
533 208
209 210
209 518
209 532
210 211
210 518
211 212
518 211
212 213
212 518
212 554
213 214
554 213
634 213
214 215
634 214
214 635
215 216
635 215
216 217
635 216
636 216
217 218
217 636
218 219
218 636
219 220
636 219
219 637
220 221
220 637
221 222
221 637
638 221
222 223
638 222
223 224
223 638
639 223
224 225
639 224
225 226
225 292
225 639
226 227
226 292
227 228
290 227
291 227
292 227
228 229
289 228
228 290
229 230
229 288
229 289
230 231
230 287
230 288
231 232
231 286
287 231
232 233
232 285
232 286
233 234
284 233
233 285
234 235
284 234
235 236
235 283
235 284
236 237
236 280
281 236
236 282
283 236
237 238
279 237
237 280
238 239
279 238
239 240
239 278
279 239
240 241
277 240
278 240
241 242
275 241
241 276
241 277
242 243
275 242
243 244
274 243
243 275
244 245
244 273
244 274
245 246
272 245
245 273
246 247
271 246
272 246
247 248
270 247
271 247
248 249
248 269
270 248
249 250
249 268
249 269
250 251
254 250
250 255
250 267
268 250
251 252
251 253
254 251
252 253
253 254
254 255
255 256
266 255
267 255
256 257
264 256
266 256
257 258
261 257
262 257
257 264
258 259
260 258
261 258
259 260
260 261
261 262
262 263
264 262
263 264
264 265
264 266
265 266
266 267
267 268
268 269
269 270
270 271
271 272
272 273
273 274
274 275
275 276
276 277
277 278
278 279
279 280
280 281
281 282
282 283
283 284
284 285
285 286
286 287
287 288
288 289
289 290
290 291
291 292
292 293
292 639
293 294
639 293
294 295
639 294
295 296
639 295
296 297
296 638
296 639
297 298
637 297
297 638
298 299
298 637
299 300
299 637
300 301
636 300
637 300
301 302
301 636
302 303
635 302
302 636
303 304
303 633
303 634
303 635
304 305
304 632
304 633
305 306
489 305
305 632
306 307
306 489
306 500
307 308
307 500
308 309
500 308
309 310
500 309
310 311
310 500
310 506
311 312
506 311
312 313
506 312
312 508
313 314
508 313
552 313
314 315
314 552
315 316
552 315
316 317
525 316
316 552
317 318
317 525
318 319
318 525
318 550
567 318
319 320
319 550
607 319
320 321
607 320
321 322
321 498
607 321
322 323
322 498
323 324
498 323
523 323
324 325
523 324
325 326
499 325
325 523
326 327
499 326
327 328
327 499
667 327
328 329
328 667
329 330
667 329
330 331
330 666
330 667
331 332
666 331
331 670
332 333
332 670
333 334
333 670
333 671
334 335
334 671
335 336
335 671
336 337
336 671
337 338
501 337
578 337
671 337
338 339
338 578
339 340
578 339
339 623
340 341
340 623
341 342
622 341
623 341
342 343
622 342
342 624
343 344
343 624
344 345
624 344
690 344
345 346
690 345
346 347
346 690
347 348
690 347
348 349
348 688
348 690
348 692
349 350
349 692
350 351
350 692
351 352
685 351
686 351
351 692
352 353
686 352
353 354
686 353
354 355
682 354
354 684
354 686
355 356
684 355
356 357
356 684
357 358
357 684
358 359
680 358
358 684
359 360
680 359
360 361
680 360
361 362
361 680
362 363
652 362
362 653
680 362
363 364
653 363
364 365
653 364
365 366
365 653
365 656
366 367
366 656
367 368
655 367
367 656
368 369
368 655
369 370
655 369
658 369
370 371
370 658
371 372
658 371
371 659
372 373
372 659
373 374
373 659
374 375
659 374
374 660
375 376
375 660
376 377
376 660
661 376
377 378
377 661
378 379
378 661
378 664
379 380
664 379
380 381
380 664
381 382
381 662
664 381
382 383
382 662
383 384
383 662
384 385
662 384
385 386
662 385
386 387
662 386
663 386
387 388
663 387
388 389
390 388
663 388
389 390
390 391
392 390
390 663
391 392
392 393
663 392
392 665
393 394
393 665
394 395
661 394
665 394
395 396
395 661
396 397
396 660
396 661
397 398
660 397
398 399
659 398
398 660
399 400
659 399
400 401
400 659
401 402
401 658
401 659
402 403
402 658
403 404
655 403
658 403
404 405
404 655
657 404
405 406
657 405
406 407
657 406
407 408
407 657
408 409
408 495
654 408
408 657
409 410
409 654
410 411
654 410
411 412
652 411
654 411
681 411
412 413
412 681
413 414
681 413
414 415
679 414
414 681
414 683
415 416
683 415
416 417
416 683
417 418
683 417
687 417
418 419
418 687
419 420
685 419
687 419
420 421
420 685
420 693
421 422
421 693
422 423
422 691
693 422
423 424
423 691
424 425
424 691
425 426
689 425
425 691
426 427
426 587
426 689
427 428
587 427
428 429
428 575
428 587
429 430
429 564
575 429
430 431
562 430
564 430
431 432
562 431
432 433
562 432
570 432
579 432
433 434
433 579
434 435
434 579
434 647
435 436
647 435
436 437
647 436
436 648
437 438
437 648
438 439
438 648
439 440
629 439
648 439
440 441
629 440
441 442
441 629
442 443
442 590
591 442
442 629
443 444
443 591
444 445
591 444
674 444
445 446
674 445
446 447
446 674
447 448
447 674
447 676
448 449
448 676
449 450
676 449
450 451
675 450
676 450
451 452
675 451
452 453
452 494
675 452
453 454
494 453
454 455
454 494
454 593
455 456
593 455
456 457
593 456
457 458
457 593
630 457
458 459
458 630
459 460
459 630
459 642
460 461
460 642
461 462
642 461
462 463
462 642
462 643
463 464
463 643
463 644
464 465
644 464
465 466
644 465
466 467
466 492
466 644
467 468
492 467
504 467
468 469
504 468
469 470
504 469
470 471
470 472
470 504
471 472
472 473
472 504
473 474
473 502
504 473
474 475
502 474
502 475
490 476
515 476
520 476
476 531
476 533
476 534
537 477
555 477
477 556
477 557
477 611
477 613
505 478
510 478
478 618
619 478
631 478
479 560
479 561
563 479
479 571
572 479
479 573
479 582
579 480
480 580
581 480
480 647
650 480
481 509
481 525
481 553
481 567
600 481
481 602
482 539
482 544
546 482
566 482
482 595
482 596
575 483
587 483
483 624
483 625
689 483
483 690
484 514
484 530
484 531
534 484
535 484
507 485
485 509
510 485
485 511
485 526
485 527
528 485
485 553
595 486
596 486
597 486
486 599
486 605
606 486
487 499
523 487
538 487
487 539
540 487
487 549
488 503
505 488
507 488
508 488
488 509
551 488
500 489
489 503
505 489
631 489
489 632
490 515
519 490
520 490
591 491
491 592
673 491
491 674
502 492
504 492
644 492
628 493
493 629
493 647
648 493
649 493
651 493
593 494
594 494
494 675
677 494
653 495
495 654
656 495
657 495
517 496
519 496
496 520
521 496
556 496
496 557
614 496
541 497
545 497
497 547
569 497
577 497
669 497
498 523
538 498
603 498
498 607
499 523
549 499
499 666
667 499
503 500
500 506
501 577
501 578
501 668
669 501
501 671
504 502
503 505
503 506
508 503
507 505
510 505
505 631
508 506
507 509
507 510
551 508
552 508
525 509
509 551
553 509
511 510
618 510
527 511
511 529
618 511
511 640
512 513
512 548
512 563
512 573
576 512
583 512
586 512
565 513
513 576
513 583
513 585
597 513
598 513
516 514
514 530
531 514
515 516
531 515
516 531
518 517
520 517
517 532
533 517
517 537
517 556
518 532
518 537
518 554
519 520
521 519
533 520
521 614
538 522
522 539
522 595
603 522
606 522
538 523
524 540
524 541
549 524
666 524
668 524
669 524
525 551
525 552
525 567
528 526
526 553
526 600
526 601
527 528
527 529
640 529
531 534
532 533
533 534
535 534
554 536
555 536
611 536
536 633
634 536
554 537
555 537
537 556
539 538
538 603
540 539
539 544
539 595
540 541
540 544
540 549
544 541
541 545
541 669
545 542
546 542
548 542
559 542
561 542
573 542
543 547
543 559
560 543
562 543
564 543
543 568
545 544
546 544
546 545
547 545
559 545
548 546
546 566
547 559
568 547
569 547
566 548
573 548
548 576
666 549
550 567
602 550
550 603
550 607
552 551
600 553
555 554
554 634
611 555
557 556
557 613
557 614
615 557
557 616
558 564
558 568
558 569
575 558
625 558
626 558
559 560
561 559
560 561
560 562
560 571
561 573
562 564
562 570
562 571
573 563
582 563
563 586
589 563
564 568
564 575
565 566
576 565
565 596
565 597
576 566
596 566
602 567
569 568
577 569
578 569
626 569
570 571
579 570
570 580
571 572
580 571
572 580
572 581
572 582
572 588
583 574
584 574
574 586
589 574
627 574
575 587
575 625
578 577
669 577
578 623
578 626
579 580
579 647
580 581
581 650
582 588
582 589
582 627
584 583
583 585
586 583
585 584
589 586
689 587
588 627
589 627
591 590
590 592
590 628
590 629
592 591
591 674
593 594
593 630
596 595
606 595
597 596
598 597
599 597
599 598
605 599
600 601
600 602
604 600
608 600
601 608
602 603
604 602
602 609
606 603
603 607
609 603
604 605
606 604
608 604
604 609
605 606
609 606
610 611
610 612
610 613
619 610
610 631
610 632
610 633
611 613
633 611
612 613
616 612
612 617
612 619
613 616
615 616
620 615
621 615
616 617
621 616
618 617
619 617
621 617
617 640
619 618
640 618
619 631
641 620
621 640
623 622
622 624
625 622
622 626
623 626
624 625
624 690
626 625
628 629
628 651
648 629
630 642
631 632
633 632
633 634
634 635
636 635
636 637
638 637
639 638
645 641
643 642
644 643
645 646
647 648
649 647
647 650
650 649
651 649
652 653
652 654
652 680
681 652
654 653
653 656
656 655
655 657
658 655
657 656
659 658
659 660
660 661
661 664
665 661
663 662
664 662
662 665
665 663
665 664
667 666
666 668
670 666
668 669
670 668
671 668
671 670
672 673
674 672
672 675
676 672
672 677
678 672
673 674
678 673
674 676
675 676
675 677
677 678
680 679
681 679
683 679
684 679
680 681
684 680
683 682
682 684
682 686
687 682
684 683
683 687
685 686
685 687
685 692
693 685
686 687
689 688
688 690
688 691
688 692
688 693
689 690
691 689
693 691
692 693
