897
296 504
294 500
295 495
299 490
301 485
297 485
296 481
298 476
299 471
301 466
301 461
301 456
301 451
301 446
299 441
298 436
296 431
294 426
294 421
293 416
292 411
291 406
291 401
291 396
290 391
289 386
289 381
288 376
286 371
283 366
282 361
282 356
282 351
282 346
282 341
281 336
281 331
280 326
280 321
278 316
278 311
276 306
275 301
274 296
274 291
274 286
274 281
274 276
274 271
269 271
269 276
269 281
269 286
269 291
267 296
266 301
265 306
264 311
263 316
262 321
262 326
261 331
261 336
260 341
259 346
259 351
258 356
257 361
257 366
256 371
254 376
252 381
250 386
250 391
250 396
250 401
250 406
250 411
250 416
248 421
246 426
245 431
243 436
242 441
241 446
240 451
240 456
241 461
242 466
243 471
245 476
246 481
245 485
241 485
243 490
246 495
248 500
246 503
241 503
236 503
231 503
226 503
221 503
216 503
211 503
206 503
201 501
200 497
200 492
205 488
210 485
207 481
210 476
212 472
214 467
215 462
215 457
211 455
206 454
206 451
211 448
212 443
210 438
208 433
208 428
206 423
204 418
200 416
196 415
195 412
199 408
201 403
202 398
203 393
204 388
204 383
200 383
196 388
193 392
192 387
194 382
197 377
200 372
204 368
204 363
203 358
200 353
196 348
194 343
191 338
190 333
192 332
195 337
199 342
204 344
203 339
202 334
201 329
200 324
200 319
200 314
200 309
200 304
200 299
199 294
198 289
198 284
199 279
202 275
202 270
204 265
204 260
199 262
194 262
189 261
188 257
190 252
192 247
193 242
196 237
198 232
196 228
199 223
204 219
207 215
205 211
208 207
209 203
210 199
215 195
213 191
216 187
220 182
222 177
219 172
217 167
215 162
213 157
211 152
210 147
210 142
209 137
204 134
199 136
196 139
192 143
187 146
182 149
177 150
172 150
167 152
162 155
157 156
153 159
149 163
144 164
139 165
134 167
129 167
124 168
119 172
114 176
109 177
104 177
99 178
94 178
89 178
84 180
80 185
76 188
72 190
67 193
62 192
60 188
57 187
52 189
47 191
42 194
37 195
32 196
27 198
22 198
18 196
17 192
20 187
24 184
29 181
34 179
39 175
43 171
48 169
53 168
58 168
63 166
68 163
73 160
78 158
83 155
87 151
91 148
96 144
100 142
105 144
110 143
114 140
109 136
109 133
114 134
119 135
124 135
129 135
134 132
138 128
143 124
148 120
151 116
156 112
161 110
164 107
167 103
170 100
174 96
179 94
184 91
189 89
194 87
199 85
204 81
209 78
214 78
218 83
223 82
228 81
231 76
234 78
239 81
243 78
247 75
244 70
242 65
237 62
234 57
232 52
232 47
229 42
230 38
235 36
238 31
241 26
245 22
249 18
254 17
259 15
264 13
269 13
274 13
279 14
284 17
289 18
293 21
298 24
303 29
305 33
309 38
311 43
309 48
308 53
306 58
302 62
299 67
296 72
297 77
300 81
305 81
309 78
313 83
318 83
323 83
327 79
332 80
337 81
342 83
347 87
352 89
357 92
362 95
367 97
368 102
373 105
378 106
383 111
383 116
387 114
391 117
394 121
398 125
402 130
407 131
412 132
417 134
422 134
427 134
432 135
435 136
430 137
425 139
428 142
432 144
437 144
442 142
446 146
450 150
454 153
458 156
463 159
468 160
472 162
477 165
482 166
487 166
492 168
496 172
499 177
500 182
500 187
497 190
492 193
487 193
482 192
477 194
472 191
467 188
463 184
459 179
454 178
449 177
444 176
439 176
434 176
429 176
424 175
419 172
417 168
412 168
407 167
402 166
397 164
392 163
388 160
386 156
381 156
376 155
371 152
366 150
361 148
356 146
352 144
347 141
348 138
344 135
339 134
334 135
331 140
330 145
331 150
330 155
328 160
326 165
324 170
321 175
320 180
323 185
327 189
328 194
331 198
334 203
334 208
337 213
336 216
339 221
341 226
343 231
345 236
347 241
348 246
351 251
354 256
355 260
350 261
345 261
340 260
336 262
336 267
339 272
341 277
344 281
343 286
343 291
343 296
343 301
342 306
341 311
341 316
342 321
342 326
340 330
338 335
337 340
336 345
341 342
344 337
348 332
350 332
348 337
345 342
342 347
340 352
339 357
338 362
340 367
342 372
343 377
346 382
348 387
348 392
344 388
341 383
338 378
338 381
337 386
337 391
337 396
337 401
337 406
342 408
347 410
345 414
340 415
337 420
336 425
334 430
332 435
331 440
329 445
334 450
336 454
331 455
328 459
330 464
331 469
331 474
332 479
332 484
335 488
340 491
342 496
341 501
337 504
332 504
327 504
322 504
317 504
312 504
307 504
302 503
297 503
195.265 111.912
226.431 112.155
268.556 46.1389
270.365 199.246
237.008 262.5
232.608 301.5
231.645 335.871
225.452 405.29
230.04 365.5
271.863 79.4274
320.5 110.692
345.974 112.132
366.118 127.956
307.145 283.5
308.963 343.5
313.137 373.573
314 398.5
288.801 46.5602
245.619 189.348
287.958 170.992
271.5 235.158
228.787 234.465
296.012 300.895
253.578 149.469
318.946 303.989
237.038 161.885
151.259 139.449
333.577 98.6532
412.21 150.564
304.456 100.176
356.427 105.848
325.036 285.27
302.156 220.211
300.202 195.279
318.821 216.045
125.804 151.109
107 160.5
226.051 429.59
478.25 179
314.777 422.044
181.737 107.855
179.37 127.617
233.5 96.8941
250.358 48.6423
267.109 29.5471
221.254 273.651
247.922 286.984
236.481 413.496
382.762 137.094
300.2 359.52
326.557 370.238
282.541 32.4069
299.206 43
314.154 195.803
296.835 53.0542
67.8556 177.867
225.5 480.731
357.065 118.747
345.74 99.9065
241.548 43.6949
384.832 126.569
375.145 122.805
355.203 129.631
345.426 123.604
332.907 117.257
225.902 447.342
437.485 160.032
315.661 451.083
314.681 475.903
212.824 408.435
216.281 395.391
221.796 417.538
217.28 425.909
217.86 375.5
219.191 352.121
230.559 193.523
303.478 149.097
317.195 150
213.549 231.292
323.549 321.789
398.502 150.373
325.151 413
191.256 100.696
185.952 118.383
196.768 124.012
210.816 116.123
237.324 400.848
235.38 424.209
322.86 384.028
316.342 357.802
327.533 353.492
322.706 340.211
278.758 42.5414
276.099 24.1022
293.301 33.8854
307.597 184.395
294.054 183.148
306.736 207.309
234.871 476.982
329.951 107.837
319.828 126.968
221.058 438.425
316.377 463.54
208.901 375.5
233.485 382.113
214.157 385.214
224.573 388.351
228.973 396.615
218.454 363.806
209.784 351.449
235.11 180.687
244.52 214.636
225.745 213.281
309.397 163.811
217.878 248.674
405.264 157.064
388.913 145.771
393.331 136.121
405.476 141.882
325.35 423.699
313.664 410.296
304.612 417.081
303.101 404.092
303.208 390.884
313.258 388.098
189.172 131.136
318.491 366.45
317.358 348.223
313.127 330.542
285.028 195.345
317.027 205.8
324.049 118.991
311.12 137.639
227.406 374.71
230.832 170.748
250.463 172.762
240.966 201.814
255.636 200.188
235.4 210.261
234.843 223.114
251.944 232.872
245.08 225.037
223.541 202.278
222.913 224.498
216.63 216.945
318.044 159.586
301.77 173.514
311.296 175.413
296.368 160.505
275.619 152.481
284.722 159.781
269.139 170.352
288.878 145.273
278.653 167.605
278.604 182.219
219.906 238.939
297.089 332.536
309.697 315.876
291.552 209.183
321.272 137.035
300.62 120.183
244.486 180.016
261.283 184.922
264.132 217.417
255.314 222.996
262.095 230.823
276.167 191.547
318.901 313.496
329.56 308.792
328.602 296.78
304.279 324.877
292.453 320.979
307.214 304.403
299.215 312.14
304.334 293.961
290.317 285.599
288.743 309.044
292.636 200.215
285.717 225.405
280.052 206.148
283.727 215.529
270.419 209.419
309.005 127.025
297.712 134.793
310.898 116.146
254.577 191.119
269.367 179.878
319.789 96.7975
313.358 104.092
310.833 92.6351
317.669 268.424
138.523 145.261
148.186 149.576
135.395 155.212
114.928 152.852
468.625 172.89
488.908 182.073
172.418 116.762
163.8 129.935
162.846 119.905
172.944 137.906
153.295 129.11
182.4 137.737
162.319 141.725
217.753 98.8679
204.673 102.225
224.868 91.831
226.243 102.801
217.237 108.682
209.742 90.8075
258.176 117.592
279.116 123.498
290.472 125.758
282.741 134.949
264.754 134.343
273.855 131.463
261.669 63.476
258.258 38.6775
254.329 28.1923
247.143 35.2879
370.883 139.004
295.656 346.628
291.573 355.314
290.805 339.016
76.9992 170.825
88.0498 165.965
230.955 491.197
219.445 491.589
367.469 114.698
231.722 438.514
227.767 460.113
224.183 470.152
424.359 156.602
428.98 165.751
316.809 436.515
310.141 443.319
307.564 430.435
314.213 490.035
306.595 494.946
321.816 483.213
325.612 493.306
234.398 350.878
227.219 356.699
226.232 344.62
216.955 332.831
245.25 341.132
243.223 361.468
227.568 318.558
244.613 351.337
239.31 372.242
244.134 323.793
225.581 328.162
240.683 332.72
325.329 401.326
327.633 392.172
222.048 127.617
307.691 353.211
328.181 331.232
239.55 390.631
204.99 247.048
206.037 237.414
232.492 248.601
240.724 238.89
255.7 253.345
259.097 242.141
244.25 250.223
225.235 258.642
214.584 258.804
301.393 378.34
304.322 368.706
249.097 160.725
262.08 159.373
259.448 168.824
255.01 211.206
315.967 292.67
285.53 296.09
293.265 251.648
274.083 223.685
327.341 274.228
316.632 278.912
243.039 110.58
265.226 146.384
274.802 141.966
245.879 132.088
251.469 59.5243
260.209 52.8598
278.393 60.0822
289.434 61.3443
282.592 72.2741
259.647 76.0008
260.388 96.8485
263.345 86.3065
250.613 88.4209
248.954 100.228
257.17 106.995
274.431 106.885
275.719 92.9158
288.887 110.851
241.04 90.6047
269.202 99.3589
286.395 85.0053
287.698 97.9228
295.448 103.729
280.189 114.229
269.453 117.684
361.112 137.547
96.0305 158.051
213.794 319.399
209.816 327.423
219.952 307.034
210.159 309.873
220.184 290.326
210.009 283.948
210.208 294.935
223.86 298.733
238.581 312.538
246.686 301.017
250.906 313.455
255.442 304.981
256.239 294.079
211.55 126.641
219.761 118.617
285.126 239.782
297.181 233.077
276.619 254.342
266.322 250.448
268.355 260.634
284.307 249.069
300.32 267.524
255.922 128.144
255.01 138.835
247.304 120.958
234.87 125.022
235.14 115.644
238.018 145.966
230.497 136.387
224.48 148.854
219.948 138.096
232.574 153.62
225.889 161.593
271.394 68.4945
297.053 91.7905
233.347 282.799
224.281 282.217
231.957 272.069
245.798 273.257
256.857 266.552
247.714 260.698
238.488 292.367
314.781 246.487
312.277 231.519
305.559 240.337
311.471 222.057
327.729 236.627
318.657 238.145
297.914 277.998
287.262 270.038
280.117 263.427
292.397 261.539
283.406 278.875
256.98 278.776
309.495 258.342
322.441 226.697
334.872 247.784
324.88 246.316
321.077 257.306
329.898 255.331
303.334 250.256
449.034 164.586
458.717 168.543
135.111 139.419
897
294.289 504.062
295.058 503.522
299.829 500.158
310.436 492.681
0 0
300.726 483.155
302.762 483.662
314.638 486.412
314.829 481.357
314.823 471.879
314.818 462.43
314.816 456.706
314.748 451.118
314 443.853
313.211 434.41
312.985 431.687
312.793 426.768
312.869 423.944
312.934 420.911
313.279 415.76
313.527 413.55
314.12 408.243
314.587 404.161
315.416 396.957
316.212 389.418
316.593 384.493
317.254 378.492
314.459 367.429
308.954 356.296
306.203 354.14
303.969 355.239
304.232 355.082
306.426 352.991
306.478 350.358
307.003 344.126
307.517 338.741
308.079 332.995
308.885 326.288
310.233 315.298
310.623 312.171
311.307 306.716
311.959 302.004
312.165 299.242
312.159 299.01
312.754 296.143
312.739 295.749
313.007 278.191
307.719 255.91
0 0
228.444 232
232.845 254.848
225.896 275.835
225.162 287.195
225.024 289.489
224.741 292.884
225.322 298.062
225.914 302.626
226.461 306.275
227.191 310.932
228.059 318.359
228.792 324.784
229.498 333.763
229.686 336.391
230.025 341.069
230.407 347.094
230.7 351.963
230.822 355.593
230.871 357.869
230.869 362.625
230.721 363.808
230.433 366.61
229.703 373.107
228.587 382.742
227.816 394.194
227.554 401.041
227.399 406.824
227.695 411.895
227.789 413.366
227.875 414.297
227.754 415.714
227.556 420.423
227.275 425.89
227.119 428.855
226.628 438.172
226.32 443.625
226.405 450.284
226.984 457.692
227.612 465.871
228.202 473.696
228.589 479.842
231.145 483.722
239.225 482.189
241.324 481.791
229.727 483.992
229.115 488.91
242.364 499.829
247.279 501.897
247.259 501.888
244.855 500.891
231.701 490.623
229.785 488.958
226.299 488.046
223.247 489.748
216.333 493.367
209.785 496.794
204.408 498.109
200.436 499.096
202.942 498.473
202.117 498.678
211.358 495.495
223.55 489.593
225.114 488.276
225.725 487.762
228.492 483.757
228.379 476.087
227.454 463.789
226.551 452.142
219.488 452.25
205.273 453.055
212.803 452.628
226.074 452.023
226.357 443.214
226.955 431.921
227.059 429.947
227.313 425.16
227.715 415.407
223.898 411.233
208.829 412.64
194.617 413.968
194.897 413.942
218.774 411.713
223.792 411.245
227.426 406.199
227.587 399.598
228.164 387.438
229.075 376.989
197.799 384.195
192.484 388.905
192.93 391.876
192.049 386.137
196.126 384.635
0 0
221.168 378.944
229.384 373.77
230.587 363.68
230.534 354.736
228.018 347.218
200.996 343.549
194.913 341.343
192.613 337.302
191.07 332.661
191.029 332.539
191.905 335.131
0 0
230.222 332.444
229.618 335.854
229.32 331.817
228.822 325.314
228.574 322.917
228.292 319.97
227.697 315.627
227.02 310.766
225.372 300.522
224.774 296.799
222.667 292.245
221.418 291.019
220.635 291.609
221.162 291.219
224.397 283.307
226.831 269.032
227.266 251.947
215.801 243.518
202.677 250.365
192.542 256.94
187.202 260.681
188.291 259.918
204.513 249.091
211.851 244.224
216.025 241.532
222.653 236.976
219.181 235.955
0 0
216.746 235.782
228.843 233.372
235.581 225.828
235.08 223.795
236.541 223.502
237.04 223.325
237.65 223.01
244.903 218.968
238.968 217.832
246.725 217.431
259.455 200.345
266.298 173.006
262.984 151.589
260.677 142.687
259.036 140.402
257.299 137.575
256.972 137.178
256.852 134.283
251.618 127.298
232.93 113.997
205.399 106.15
181.41 113.78
174.607 120.721
170.758 125.876
169.516 129.088
169.438 129.863
169.525 128.779
167.093 130.595
161.193 137.868
154.212 141.677
151.351 143.223
141.685 148.435
139.535 149.097
139.072 149.164
135.879 150.013
132.401 150.555
129.72 150.915
116.408 153.575
105.128 158.158
101.956 159.524
101.896 159.56
100.944 159.734
98.4505 160.614
94.5428 162.484
87.3692 165.966
75.5935 171.787
68.4883 177.843
66.3931 179.972
65.8034 181.097
66.4547 188.204
66.4832 188.514
65.715 180.131
55.9821 178.259
43.4057 182.518
42.5027 182.414
37.3994 186.677
33.963 187.958
28.7081 190.12
21.4942 193.24
20.5669 193.692
18.5879 194.679
19.7727 194.088
22.8369 192.56
24.4784 191.936
28.5487 190.224
34.6367 187.062
43.8906 181.254
47.7054 178.064
48.7138 177.574
52.7619 177.956
59.697 178.609
66.9837 179.164
72.7476 174.136
77.1694 170.932
83.2433 168.01
94.4825 162.509
97.212 161.207
99.6428 160.093
100.077 159.835
99.5544 159.958
102.228 159.32
115.844 153.756
82.309 165.588
112.241 138.257
108.434 132.72
115.154 142.495
121.493 151.716
123.846 151.735
131.407 150.561
142.706 147.601
150.303 143.788
157.477 139.746
163.972 134.535
166.615 131.162
168.707 128.505
172.63 123.534
177.496 117.458
181.555 112.809
182.301 111.943
183.244 110.83
187.596 107.967
189.613 106.664
193.475 105.323
200.875 105.175
207.851 104.482
208.791 90.0942
208.976 84.8226
209.163 79.4519
208.593 102.759
222.944 108.204
235.686 112.542
232.435 85.6253
233.787 96.8199
243.321 115.741
268.53 118.739
268.665 46.2368
269.924 53.1749
262.717 35.6396
249.454 36.767
245.853 38.987
242.629 39.8098
242.151 39.9271
229.45 40.3311
228.608 40.3523
244.35 39.4158
257.014 35.859
261.439 33.8917
262.052 33.0298
260.692 32.2716
263.3 33.5738
267.704 33.5768
270.215 32.981
270.806 32.5292
270.889 32.4208
271.207 32.8544
273.397 34.7596
275.485 35.9889
277.62 36.3599
281.617 36.9249
287.795 38.0329
289.765 38.405
304.294 41.6792
306.687 42.2438
300.052 40.696
297.583 40.1314
296.488 39.8799
286.254 38.3313
275.109 39.384
271.633 61.8051
271.611 100.497
282.747 119.961
306.309 110.27
315.981 92.0791
304.071 111.412
322.873 101.997
336.517 96.7911
337.396 85.9002
337.135 88.8648
336.977 90.8057
336.712 93.4264
338.604 99.7681
344.097 102.475
349.047 105.409
354.218 108.307
354.117 108.08
356.483 110.926
365.888 119.848
370.32 124.31
371.724 125.72
375.628 129.754
376.838 131.134
376.56 130.806
377.47 131.442
383.824 136.475
394.666 144.385
404.217 150.629
408.965 152.194
413.08 153.438
416.169 152.443
425.667 143.553
431.835 137.781
435.259 134.577
0 0
415.709 152.872
416.046 154.87
428.454 159.012
437.104 161.326
444.572 154.389
437.908 160.66
440.522 162.508
445.513 163.629
451.438 165.514
460.079 168.534
464.7 170.937
467.824 172.503
475.317 176.265
482.81 179.718
487.06 180.566
487.769 180.722
488.823 180.899
491.249 182.321
492.794 183.227
498.049 186.316
495.781 184.983
492.926 183.304
489.691 181.276
483.426 179.743
480.646 179.121
480.717 179.128
476.549 176.883
474.576 175.892
465.648 171.411
456.586 167.282
450.432 165.156
443.853 163.278
436.285 161.465
434.281 160.904
432.317 160.621
432.338 160.659
431.036 159.939
427.516 158.752
412.73 153.679
409.985 152.676
405.923 151.168
402.33 149.747
400.813 149.111
400.184 148.584
397.598 146.788
387.707 139.692
384.311 137.162
380.141 133.591
375.479 129.332
372.45 126.364
369.057 127.519
368.375 128.071
361.106 135.73
371.726 125.648
359.816 114.232
384 136
330.156 103.93
288.209 127.046
288.597 142.217
301.725 149.012
302.624 149.244
301.919 149.078
296.688 148.026
288.502 149.57
280.897 165.313
279.162 185.896
289.741 207.113
297.361 215.814
298.576 216.732
302.184 218.944
303.398 219.841
304.425 221.271
305.685 223.113
305.739 223.594
308.658 229.888
313.827 235.249
320.147 239.671
326.688 242.35
332.806 244.499
338.187 246.121
350.842 256.619
353.272 258.611
355.199 260.193
354.01 259.217
348.248 254.487
342.136 250.608
314.306 239.647
312.446 261.529
313.213 281.529
313.994 290.397
325.715 296.076
314.512 290.73
313.53 291.813
313.103 295.133
312.692 298.05
312.008 302.675
310.868 310.78
309.919 318.921
309.82 322.015
309.807 322.233
309.504 323.916
308.631 328.755
306.788 344.795
309.509 353.875
0 0
346.309 333.588
348.919 331.972
349.403 331.671
344.661 334.614
338.053 338.394
326.49 344.603
309.367 354.116
309.848 357.216
314.576 367.387
320.209 375.466
321.749 376.163
330.719 379.672
343.55 384.855
346.429 388.296
348.179 391.81
347.224 389.897
337.844 383.421
319.828 378.846
321.525 377.683
318.384 380.082
316.545 389.041
315.392 397.183
314.632 406.505
316.362 413.91
334.558 412.344
349.176 411.086
346.666 411.302
0 0
315.113 414.1
313.442 419.403
312.889 423.671
312.976 426.726
313.314 436.708
314.419 448.065
324.958 450.734
337.897 453.713
321.454 449.927
314.815 456.936
314.821 468.463
314.823 471.489
314.826 481.202
314.821 485.901
318.472 490.243
328.868 494.97
337.651 498.724
339.527 499.523
340.306 499.854
338.911 499.26
330.019 495.459
327.018 494.174
320.698 491.476
316.891 489.953
312.826 490.829
309.309 493.472
298.272 501.256
295.147 503.46
192.514 105.423
228.622 110.472
271.282 35.6084
272.242 196.265
230.228 247.025
225.746 302.432
230.191 344.006
227.353 408.748
230.544 366.067
271.389 84.4026
318.679 103.246
349.862 106.013
370.673 124.623
313.752 280.721
306.684 347.209
317.318 373.54
314.936 401.247
292.578 39.2401
265.355 191.499
278.747 165.329
270.605 205.854
233.012 230.545
310.968 309.769
267.151 142.917
311.613 305.168
266.978 154.229
141.284 147.532
337.476 98.7421
456.889 162.667
297.737 114.853
355.125 109.522
313.716 290.095
298.562 221.381
284.1 204.892
305.067 222.694
127.124 151.276
103.201 158.886
227.218 426.943
482.663 179.599
312.789 422.089
182.553 111.721
175.351 120.082
235.311 112.935
260.602 34.1468
268.858 33.4492
225.722 275.487
224.286 292.866
227.768 413.025
381.249 134.587
308.573 355.618
327.747 378.836
275.357 36.0448
301.337 41.0052
294.918 213.817
287.423 38.2093
54.977 183.166
0 0
358.685 112.98
346.458 103.883
246.378 38.8661
379.426 133.066
373.882 127.756
366.247 120.124
352.394 107.727
336.478 94.061
219.904 453.412
433.49 160.308
327.161 456.434
314.824 483.761
227.545 411.85
229.333 435.556
227.749 414.464
227.328 424.826
228.931 376.657
230.591 353.341
257.751 204.656
284.941 143.693
286.82 143.832
227.923 234.585
309.66 322.248
402.692 149.879
313.411 414.274
192.609 105.425
182.543 111.858
206.522 94.8834
214.498 105.719
227.366 407.556
227.637 418.437
317.737 380.659
310.618 359.326
316.444 328
306.605 348.122
274.228 35.597
271.162 32.8949
279.977 36.696
275.965 181.922
277.619 182.973
295.465 216.075
228.679 481.264
332.936 99.3508
297.391 117.016
226.628 438.19
314.821 468.468
228.847 377.138
229.038 379.14
228.229 386.043
228.128 387.959
227.554 400.627
230.722 362.339
230.673 358.342
268.444 186.667
251.17 216.201
239.632 223.295
292.385 147.905
226.115 238.692
404.355 150.547
387.835 139.771
399.001 147.092
404.689 150.676
313.138 420.391
315.332 413.867
313.249 428.95
314.678 404.138
320.366 440.937
316.46 387.698
179.039 115.774
315.106 368.539
307.703 351.172
309.974 318.404
279.395 201.798
302.358 219.229
318.346 103.335
283.102 123.917
229.269 374.756
264.089 156.23
267.56 169.148
256.254 209.166
264.864 195.617
246.53 218.373
239.974 224.044
248.702 221.821
247.086 221.475
243.787 217.516
233.475 229.065
236.046 224.767
298.55 148.394
279.987 169.287
280.184 169.838
281.445 153.473
281.408 148.033
277.862 154.922
272.256 166.612
276.124 136.868
275.449 163.635
273.505 178.608
227.161 236.149
307.928 334.325
311.095 309.054
286.34 208.321
288.013 127.215
291.518 121.8
267.547 179.324
269.655 183.215
265.874 210.383
256.706 216.076
253.811 219.321
274.707 189.376
310.385 314.695
310.439 314.464
312.946 296.263
308.838 326.746
309.012 325.27
311.552 305.567
310.549 312.765
312.862 294.716
313.637 282.523
311.612 304.536
283.238 201.586
287.362 214.792
278.183 202.542
284.526 208.798
274.931 203.334
293.292 121.469
282.57 131.732
302.083 113.632
266.394 191.072
272.172 177.301
323.392 101.739
310.663 108.021
308.881 108.965
312.027 260.248
134.752 150.027
147.044 145.548
137.173 149.647
115.56 153.86
485.004 180.18
491.982 182.912
176.727 118.395
169.026 128.31
168.748 128.455
167.768 129.765
161.599 137.423
170.22 126.993
212.444 107.556
216.237 105.782
207.154 104.734
223.524 108.423
224.572 108.795
216.656 105.943
207.811 103.789
263.268 124.307
276.142 127.48
281.894 127.584
275.335 133.121
260.711 134.658
273.108 132.12
270.149 49.7526
262.293 32.988
262.628 33.3116
261.11 34.3377
375.753 129.586
306.488 350.332
305.295 354.278
307.292 341.082
74.5236 172.77
92.0314 164.153
227.028 487.62
224.711 488.638
365.728 119.695
227.362 423.935
227.561 465.336
228.301 475.047
429.73 159.547
432.16 160.442
313.501 436.743
313.946 443.257
313 431.188
314.856 488.747
304.849 496.577
314.845 488.35
324.21 492.967
230.69 355.54
230.662 358.531
230.332 346.633
228.748 326.537
230.255 344.642
230.884 359.888
228.304 319.841
230.756 353.208
230.511 365.823
228.418 321.481
229.217 329.821
229.541 334.238
314.546 405.978
316.289 390.306
233.936 114.048
308.376 354.351
309.366 324.273
227.698 397.36
222.557 237.123
222.762 236.792
229.715 240.204
240.74 221.698
245.861 229.372
250.043 226.046
237.228 233.88
227.118 246.478
227.239 242.26
317.219 377.608
314.626 367.535
265.947 153.121
269.476 154.499
269.179 167.4
262.678 201.383
312.982 295.252
312.362 298.691
302.442 231.095
274.69 212.576
312 232
313.202 276.337
256.138 127.851
269.425 142.574
273.835 139.615
259.405 127.881
265.384 37.3262
269.742 34.369
273.668 38.3738
274.596 39.5412
270.678 55.8631
271.824 76.5189
270.042 119.235
270.478 100.567
267.556 122.667
256.713 119.855
263.416 122.968
272.706 118.901
271.749 111.581
281.652 122.419
225.915 94.5591
271.76 117.602
271.361 102.723
278.74 117.965
285.686 121.948
276.539 125.373
273.49 125.085
371.556 125.495
100.32 159.883
227.835 316.371
228.72 324.353
226.675 308.478
226.201 305.724
224.109 291.146
222.243 290.429
223.99 292.087
225.307 299.539
227.395 312.869
224.947 297.729
227.308 312.019
225.764 301.349
224.942 290.191
226.695 110.677
223.708 108.346
291.716 219.08
299.13 223.42
282.252 222.717
260.777 221.997
254.374 221.824
290.239 217.403
310.677 259.726
262.065 128.4
263.35 134.818
254.27 122.761
238.372 115.82
240.494 115.945
258.88 138.334
250.736 123.881
257.319 136.265
244.364 120.444
259.867 140.131
259.667 140.894
271.039 59.4929
280.871 119.477
225.218 279.279
225.107 279.94
227.873 261.599
0 0
236.816 235.687
235.091 238.872
224.495 291.119
312.885 236.434
307.562 229.445
306.82 231.462
303.447 221.219
318.464 238.948
313.37 235.652
312.547 270.135
306.29 248.272
297.768 225.044
311.08 235.77
310.262 265.005
229.536 263.28
310.127 243.661
310.624 232.888
328.94 243.177
318.538 239.465
310.841 242.28
314.573 237.958
307.713 236.062
442.81 163.031
442.587 158.39
150.222 138.667
2161
0 0
0 0
0 0
0 0
0 0
0 0
0 0
0 0
0 0
0 0
0 0
0 0
0 0
0 0
0 0
0 0
0 0
0 0
0 0
0 0
0 0
0 0
0 0
0 0
0 0
0 0
0 0
0 0
0 0
0 0
0 0
0 0
0 0
0 0
0 0
0 0
0 0
0 0
0 0
0 0
0 0
0 0
0 0
0 0
0 0
0 0
0 0
0 0
0 0
0 0
0 0
0 0
0 0
0 0
0 0
0 0
0 0
0 0
0 0
0 0
0 0
649 616
0 0
0 0
0 0
0 0
0 0
0 0
0 0
0 0
0 0
0 0
0 0
0 0
0 0
0 0
0 0
0 0
0 0
0 0
0 0
0 0
616 804
0 0
0 0
0 0
0 0
0 0
0 0
0 0
0 0
0 0
0 0
0 0
0 0
0 0
0 0
0 0
0 0
0 0
0 0
0 0
0 0
0 0
0 0
0 0
0 0
0 0
0 0
0 0
0 0
0 0
0 0
0 0
0 0
0 0
0 0
804 636
0 0
636 49
0 0
0 0
0 0
0 0
0 0
0 0
0 0
0 0
0 0
0 0
0 0
0 0
0 0
0 0
0 0
0 0
0 0
0 0
0 0
0 0
0 0
0 0
0 0
0 0
49 154
0 0
0 0
0 0
0 0
0 0
0 0
0 0
0 0
0 0
0 0
0 0
0 0
0 0
0 0
0 0
0 0
0 0
0 0
0 0
0 0
0 0
0 0
0 0
0 0
0 0
0 0
0 0
0 0
0 0
0 0
0 0
0 0
0 0
0 0
0 0
0 0
154 596
0 0
0 0
0 0
0 0
0 0
0 0
0 0
0 0
0 0
0 0
0 0
0 0
0 0
0 0
0 0
0 0
0 0
0 0
0 0
0 0
0 0
0 0
0 0
0 0
0 0
0 0
0 0
0 0
0 0
0 0
0 0
0 0
0 0
0 0
0 0
0 0
0 0
0 0
0 0
0 0
0 0
0 0
0 0
0 0
0 0
0 0
0 0
0 0
0 0
0 0
0 0
0 0
0 0
0 0
0 0
0 0
0 0
0 0
0 0
0 0
0 0
0 0
0 0
0 0
0 0
0 0
0 0
0 0
0 0
0 0
0 0
0 0
0 0
0 0
0 0
0 0
0 0
0 0
0 0
0 0
0 0
0 0
0 0
0 0
0 0
0 0
0 0
0 0
0 0
0 0
0 0
0 0
0 0
0 0
0 0
0 0
0 0
0 0
0 0
0 0
0 0
0 0
0 0
0 0
0 0
0 0
0 0
0 0
0 0
0 0
0 0
0 0
0 0
0 0
0 0
0 0
0 0
0 0
0 0
0 0
0 0
0 0
0 0
0 0
0 0
0 0
0 0
0 0
0 0
0 0
0 0
0 0
0 0
0 0
0 0
0 0
0 0
0 0
0 0
0 0
0 0
0 0
0 0
0 0
0 0
0 0
0 0
0 0
0 0
0 0
0 0
0 0
0 0
0 0
0 0
0 0
0 0
0 0
0 0
0 0
0 0
0 0
0 0
0 0
0 0
0 0
0 0
0 0
0 0
0 0
0 0
0 0
0 0
0 0
0 0
0 0
0 0
0 0
0 0
0 0
0 0
0 0
0 0
0 0
0 0
0 0
0 0
0 0
0 0
0 0
0 0
0 0
0 0
0 0
0 0
0 0
0 0
0 0
0 0
0 0
0 0
0 0
0 0
0 0
0 0
0 0
0 0
0 0
0 0
0 0
0 0
0 0
0 0
0 0
0 0
0 0
0 0
0 0
0 0
0 0
0 0
0 0
0 0
0 0
0 0
0 0
0 0
0 0
0 0
0 0
0 0
0 0
0 0
0 0
0 0
0 0
0 0
0 0
0 0
0 0
0 0
0 0
0 0
0 0
0 0
0 0
0 0
0 0
0 0
0 0
0 0
0 0
0 0
0 0
0 0
0 0
0 0
0 0
0 0
0 0
0 0
0 0
0 0
0 0
0 0
0 0
0 0
0 0
0 0
0 0
0 0
0 0
0 0
0 0
0 0
0 0
0 0
0 0
0 0
0 0
0 0
0 0
0 0
0 0
636 818
0 0
0 0
0 0
0 0
0 0
0 0
0 0
0 0
0 0
0 0
0 0
0 0
0 0
0 0
818 729
0 0
0 0
0 0
0 0
0 0
0 0
0 0
0 0
0 0
0 0
0 0
0 0
0 0
0 0
0 0
0 0
0 0
0 0
0 0
0 0
0 0
0 0
0 0
0 0
0 0
0 0
0 0
0 0
0 0
0 0
0 0
0 0
0 0
0 0
0 0
0 0
0 0
0 0
0 0
0 0
0 0
0 0
0 0
0 0
0 0
0 0
0 0
0 0
0 0
0 0
0 0
0 0
0 0
0 0
0 0
0 0
0 0
0 0
0 0
0 0
0 0
0 0
0 0
0 0
0 0
0 0
0 0
0 0
0 0
0 0
0 0
0 0
0 0
0 0
0 0
0 0
0 0
0 0
0 0
0 0
0 0
0 0
0 0
0 0
0 0
0 0
0 0
0 0
0 0
0 0
0 0
0 0
0 0
0 0
0 0
0 0
0 0
0 0
0 0
0 0
0 0
0 0
0 0
0 0
0 0
0 0
0 0
0 0
0 0
0 0
0 0
0 0
0 0
0 0
0 0
0 0
0 0
0 0
0 0
0 0
0 0
0 0
0 0
0 0
0 0
0 0
0 0
0 0
0 0
0 0
0 0
0 0
0 0
0 0
0 0
0 0
0 0
0 0
0 0
0 0
0 0
0 0
0 0
0 0
0 0
0 0
0 0
0 0
0 0
0 0
0 0
0 0
0 0
0 0
0 0
0 0
0 0
0 0
0 0
0 0
0 0
0 0
0 0
0 0
0 0
0 0
0 0
0 0
0 0
0 0
0 0
0 0
0 0
0 0
0 0
0 0
0 0
0 0
0 0
0 0
0 0
0 0
0 0
0 0
0 0
0 0
0 0
0 0
0 0
0 0
0 0
0 0
0 0
0 0
0 0
0 0
0 0
0 0
0 0
0 0
0 0
0 0
0 0
0 0
0 0
0 0
0 0
0 0
0 0
0 0
0 0
0 0
0 0
0 0
0 0
0 0
0 0
0 0
0 0
0 0
0 0
0 0
0 0
0 0
818 297
0 0
0 0
0 0
0 0
0 0
0 0
0 0
0 0
0 0
0 0
0 0
0 0
0 0
0 0
0 0
0 0
0 0
0 0
0 0
0 0
0 0
0 0
0 0
0 0
0 0
0 0
0 0
0 0
0 0
0 0
0 0
0 0
0 0
0 0
0 0
0 0
0 0
0 0
0 0
0 0
0 0
0 0
0 0
0 0
0 0
0 0
0 0
0 0
0 0
0 0
0 0
0 0
0 0
0 0
0 0
0 0
0 0
0 0
0 0
0 0
0 0
0 0
0 0
0 0
0 0
0 0
0 0
0 0
0 0
0 0
0 0
0 0
0 0
0 0
0 0
0 0
0 0
0 0
0 0
0 0
0 0
0 0
0 0
0 0
0 0
0 0
0 0
818 421
0 0
0 0
0 0
0 0
0 0
0 0
0 0
0 0
0 0
0 0
0 0
0 0
0 0
0 0
0 0
0 0
0 0
0 0
0 0
0 0
0 0
0 0
0 0
421 420
0 0
0 0
0 0
0 0
0 0
0 0
0 0
0 0
0 0
0 0
0 0
0 0
0 0
0 0
0 0
0 0
0 0
0 0
0 0
0 0
0 0
0 0
0 0
0 0
0 0
0 0
0 0
0 0
420 554
0 0
0 0
0 0
0 0
0 0
0 0
0 0
0 0
0 0
0 0
0 0
0 0
0 0
0 0
0 0
0 0
0 0
0 0
0 0
0 0
0 0
0 0
0 0
0 0
0 0
0 0
0 0
0 0
0 0
0 0
0 0
0 0
0 0
0 0
0 0
0 0
0 0
0 0
0 0
0 0
0 0
0 0
0 0
0 0
0 0
0 0
0 0
0 0
0 0
0 0
0 0
0 0
0 0
0 0
0 0
0 0
0 0
0 0
0 0
0 0
0 0
0 0
0 0
0 0
0 0
0 0
0 0
0 0
0 0
0 0
0 0
0 0
0 0
0 0
0 0
0 0
0 0
0 0
0 0
0 0
0 0
0 0
0 0
0 0
0 0
0 0
0 0
0 0
0 0
0 0
0 0
0 0
0 0
0 0
0 0
0 0
0 0
0 0
0 0
0 0
0 0
0 0
0 0
0 0
0 0
0 0
0 0
0 0
0 0
0 0
0 0
0 0
0 0
0 0
0 0
0 0
0 0
0 0
0 0
0 0
0 0
0 0
0 0
0 0
0 0
0 0
0 0
0 0
0 0
0 0
0 0
0 0
0 0
0 0
0 0
0 0
0 0
0 0
0 0
0 0
0 0
0 0
0 0
0 0
0 0
0 0
0 0
0 0
0 0
0 0
0 0
0 0
0 0
0 0
0 0
0 0
0 0
0 0
0 0
0 0
0 0
0 0
0 0
0 0
0 0
0 0
0 0
0 0
0 0
0 0
0 0
0 0
0 0
0 0
0 0
0 0
0 0
0 0
0 0
0 0
0 0
0 0
0 0
0 0
0 0
0 0
0 0
0 0
0 0
0 0
0 0
0 0
0 0
0 0
0 0
0 0
0 0
0 0
0 0
0 0
0 0
0 0
0 0
0 0
0 0
0 0
0 0
0 0
0 0
0 0
0 0
0 0
0 0
0 0
0 0
0 0
0 0
0 0
0 0
0 0
0 0
0 0
0 0
0 0
0 0
0 0
0 0
0 0
0 0
0 0
0 0
0 0
0 0
0 0
0 0
0 0
0 0
0 0
0 0
0 0
0 0
0 0
0 0
0 0
0 0
0 0
0 0
0 0
0 0
0 0
0 0
0 0
0 0
0 0
0 0
0 0
0 0
0 0
0 0
0 0
0 0
0 0
0 0
0 0
0 0
0 0
0 0
0 0
0 0
0 0
0 0
0 0
0 0
0 0
0 0
0 0
0 0
0 0
0 0
0 0
0 0
0 0
0 0
0 0
0 0
0 0
0 0
0 0
0 0
0 0
0 0
0 0
0 0
0 0
0 0
0 0
0 0
0 0
0 0
0 0
0 0
0 0
0 0
0 0
0 0
0 0
0 0
0 0
0 0
0 0
0 0
0 0
0 0
0 0
0 0
0 0
0 0
0 0
0 0
0 0
0 0
0 0
0 0
0 0
0 0
0 0
0 0
0 0
0 0
0 0
0 0
0 0
0 0
0 0
0 0
0 0
0 0
0 0
0 0
0 0
0 0
0 0
0 0
0 0
0 0
0 0
0 0
0 0
0 0
0 0
0 0
0 0
0 0
0 0
0 0
0 0
0 0
0 0
0 0
0 0
0 0
0 0
0 0
0 0
0 0
0 0
0 0
0 0
0 0
0 0
0 0
0 0
0 0
0 0
0 0
0 0
0 0
0 0
0 0
0 0
0 0
0 0
0 0
0 0
0 0
0 0
0 0
0 0
0 0
0 0
0 0
0 0
0 0
0 0
0 0
0 0
0 0
0 0
0 0
0 0
0 0
0 0
0 0
0 0
0 0
0 0
0 0
0 0
0 0
0 0
0 0
0 0
0 0
0 0
0 0
0 0
0 0
0 0
0 0
0 0
0 0
0 0
0 0
0 0
0 0
0 0
0 0
0 0
0 0
0 0
0 0
0 0
0 0
0 0
0 0
0 0
0 0
0 0
0 0
0 0
0 0
0 0
0 0
0 0
0 0
0 0
0 0
0 0
0 0
0 0
0 0
0 0
0 0
0 0
0 0
0 0
0 0
0 0
0 0
0 0
0 0
0 0
0 0
0 0
0 0
0 0
0 0
0 0
0 0
0 0
0 0
0 0
0 0
0 0
0 0
0 0
0 0
0 0
0 0
0 0
0 0
0 0
0 0
0 0
0 0
0 0
0 0
0 0
0 0
0 0
0 0
0 0
0 0
0 0
0 0
0 0
0 0
0 0
0 0
0 0
0 0
0 0
0 0
0 0
0 0
0 0
0 0
0 0
0 0
0 0
0 0
0 0
0 0
0 0
0 0
0 0
0 0
0 0
0 0
0 0
0 0
0 0
0 0
0 0
0 0
0 0
0 0
0 0
0 0
0 0
0 0
0 0
0 0
0 0
0 0
0 0
0 0
0 0
0 0
0 0
0 0
0 0
0 0
0 0
0 0
0 0
0 0
0 0
0 0
0 0
0 0
0 0
0 0
0 0
0 0
0 0
0 0
0 0
0 0
0 0
0 0
0 0
0 0
0 0
0 0
0 0
0 0
0 0
0 0
0 0
0 0
0 0
0 0
0 0
0 0
0 0
0 0
0 0
0 0
0 0
0 0
0 0
0 0
0 0
0 0
0 0
0 0
0 0
0 0
0 0
0 0
0 0
0 0
0 0
0 0
0 0
0 0
0 0
0 0
0 0
0 0
0 0
0 0
0 0
0 0
0 0
0 0
0 0
0 0
0 0
0 0
0 0
0 0
0 0
0 0
0 0
0 0
0 0
0 0
0 0
0 0
0 0
0 0
0 0
0 0
0 0
0 0
0 0
0 0
0 0
0 0
0 0
0 0
0 0
0 0
0 0
0 0
0 0
0 0
0 0
0 0
0 0
0 0
0 0
0 0
0 0
0 0
0 0
0 0
0 0
0 0
0 0
0 0
0 0
0 0
0 0
0 0
0 0
0 0
0 0
0 0
0 0
0 0
0 0
0 0
0 0
0 0
0 0
0 0
0 0
0 0
0 0
0 0
0 0
0 0
0 0
0 0
0 0
0 0
0 0
0 0
0 0
0 0
0 0
0 0
0 0
0 0
0 0
0 0
0 0
0 0
0 0
0 0
0 0
0 0
0 0
0 0
0 0
0 0
0 0
0 0
0 0
0 0
0 0
0 0
0 0
0 0
0 0
0 0
0 0
0 0
0 0
0 0
0 0
0 0
0 0
0 0
0 0
0 0
0 0
0 0
0 0
0 0
0 0
0 0
0 0
0 0
0 0
0 0
0 0
0 0
0 0
0 0
0 0
0 0
0 0
0 0
0 0
0 0
0 0
0 0
0 0
0 0
0 0
0 0
0 0
0 0
0 0
0 0
0 0
0 0
0 0
0 0
0 0
0 0
0 0
0 0
0 0
0 0
0 0
0 0
0 0
0 0
0 0
0 0
0 0
0 0
0 0
0 0
0 0
0 0
0 0
0 0
0 0
0 0
0 0
0 0
0 0
0 0
0 0
0 0
0 0
0 0
0 0
0 0
0 0
0 0
0 0
0 0
0 0
0 0
0 0
0 0
0 0
0 0
0 0
0 0
0 0
0 0
0 0
0 0
0 0
0 0
0 0
0 0
0 0
0 0
0 0
0 0
0 0
0 0
0 0
0 0
0 0
0 0
0 0
0 0
0 0
0 0
0 0
0 0
0 0
0 0
0 0
0 0
0 0
0 0
0 0
0 0
0 0
0 0
0 0
0 0
0 0
0 0
0 0
0 0
0 0
0 0
0 0
0 0
0 0
0 0
0 0
0 0
0 0
0 0
0 0
0 0
0 0
0 0
0 0
0 0
0 0
0 0
0 0
0 0
0 0
0 0
0 0
0 0
0 0
0 0
0 0
0 0
0 0
0 0
0 0
0 0
0 0
0 0
0 0
0 0
0 0
0 0
0 0
0 0
0 0
0 0
0 0
0 0
0 0
0 0
0 0
0 0
0 0
0 0
0 0
0 0
0 0
0 0
0 0
0 0
0 0
0 0
0 0
0 0
0 0
0 0
0 0
0 0
0 0
0 0
0 0
0 0
0 0
0 0
0 0
0 0
0 0
0 0
0 0
0 0
0 0
0 0
0 0
0 0
0 0
0 0
0 0
0 0
0 0
0 0
0 0
0 0
0 0
0 0
0 0
0 0
0 0
0 0
0 0
0 0
0 0
0 0
0 0
0 0
0 0
0 0
0 0
0 0
0 0
0 0
0 0
0 0
0 0
0 0
0 0
0 0
0 0
0 0
0 0
0 0
0 0
0 0
0 0
0 0
0 0
0 0
0 0
0 0
0 0
0 0
0 0
0 0
0 0
0 0
0 0
0 0
0 0
0 0
0 0
0 0
0 0
0 0
0 0
0 0
0 0
0 0
0 0
0 0
0 0
0 0
0 0
0 0
0 0
0 0
0 0
0 0
0 0
0 0
0 0
0 0
0 0
0 0
0 0
0 0
0 0
0 0
0 0
0 0
0 0
0 0
0 0
0 0
0 0
0 0
0 0
0 0
0 0
0 0
0 0
0 0
0 0
0 0
0 0
0 0
0 0
0 0
0 0
0 0
0 0
0 0
0 0
0 0
0 0
0 0
0 0
0 0
0 0
0 0
0 0
0 0
0 0
0 0
0 0
0 0
0 0
0 0
0 0
0 0
0 0
0 0
0 0
0 0
0 0
0 0
0 0
0 0
0 0
0 0
0 0
0 0
0 0
0 0
0 0
0 0
0 0
0 0
0 0
0 0
0 0
0 0
0 0
0 0
0 0
0 0
0 0
0 0
0 0
0 0
0 0
0 0
0 0
0 0
0 0
0 0
0 0
0 0
0 0
0 0
0 0
0 0
0 0
0 0
0 0
0 0
0 0
0 0
0 0
0 0
0 0
0 0
0 0
0 0
0 0
0 0
0 0
0 0
0 0
0 0
0 0
0 0
0 0
0 0
0 0
0 0
0 0
0 0
0 0
0 0
0 0
0 0
0 0
0 0
0 0
0 0
0 0
0 0
0 0
0 0
0 0
0 0
0 0
0 0
0 0
0 0
0 0
0 0
0 0
0 0
0 0
0 0
0 0
0 0
0 0
0 0
0 0
0 0
0 0
0 0
0 0
0 0
0 0
0 0
0 0
0 0
0 0
0 0
0 0
0 0
0 0
0 0
0 0
0 0
0 0
0 0
0 0
0 0
0 0
0 0
0 0
0 0
0 0
0 0
0 0
0 0
0 0
0 0
0 0
0 0
0 0
0 0
0 0
0 0
0 0
0 0
0 0
0 0
0 0
0 0
0 0
0 0
0 0
0 0
0 0
0 0
0 0
0 0
0 0
0 0
0 0
0 0
0 0
0 0
0 0
0 0
0 0
0 0
0 0
0 0
0 0
0 0
0 0
0 0
0 0
0 0
0 0
0 0
0 0
0 0
0 0
0 0
0 0
0 0
0 0
0 0
0 0
0 0
0 0
0 0
0 0
0 0
0 0
0 0
0 0
0 0
0 0
0 0
0 0
0 0
0 0
0 0
0 0
0 0
0 0
0 0
0 0
0 0
0 0
0 0
0 0
0 0
0 0
0 0
0 0
0 0
0 0
0 0
0 0
0 0
0 0
0 0
0 0
0 0
0 0
0 0
0 0
0 0
0 0
0 0
0 0
0 0
0 0
0 0
0 0
0 0
0 0
0 0
0 0
0 0
0 0
0 0
0 0
0 0
0 0
0 0
0 0
0 0
0 0
0 0
0 0
0 0
0 0
0 0
0 0
0 0
0 0
0 0
0 0
0 0
0 0
0 0
0 0
0 0
0 0
0 0
0 0
0 0
0 0
0 0
0 0
0 0
0 0
0 0
0 0
0 0
0 0
0 0
0 0
0 0
729 896
896 264
2159
0 1
525 0
1 2
1 525
2 3
2 524
2 525
764 2
3 4
3 764
4 5
4 6
7 4
594 4
763 4
764 4
5 6
6 7
7 8
594 7
8 9
8 594
9 10
9 594
628 9
10 11
10 628
11 12
11 593
11 628
12 13
593 12
12 761
13 14
761 13
14 15
761 14
762 14
15 16
762 15
16 17
16 762
17 18
17 647
762 17
18 19
647 18
19 20
19 647
20 21
647 20
20 648
21 22
21 648
22 23
22 648
23 24
648 23
23 649
24 25
24 649
25 26
649 25
25 794
26 27
26 794
27 28
794 27
795 27
28 29
575 28
748 28
28 795
29 30
748 29
30 31
30 748
31 32
31 748
32 33
747 32
748 32
33 34
747 33
749 33
34 35
34 749
35 36
749 35
36 37
36 682
36 697
749 36
37 38
697 37
38 39
697 38
702 38
39 40
702 39
40 41
40 702
41 42
41 702
801 41
42 43
42 801
43 44
801 43
44 45
801 44
45 46
45 701
801 45
45 885
46 47
885 46
47 48
885 47
48 49
852 48
882 48
883 48
48 885
49 50
49 852
872 49
49 886
50 51
886 50
51 52
886 51
52 53
52 845
886 52
53 54
53 845
54 55
845 54
55 56
55 844
55 845
56 57
56 844
57 58
843 57
57 844
58 59
843 58
59 60
776 59
843 59
60 61
60 776
61 62
771 61
61 776
61 778
62 63
62 771
63 64
771 63
64 65
64 771
774 64
65 66
65 774
66 67
774 66
67 68
772 67
774 67
68 69
772 68
69 70
772 69
69 775
70 71
70 775
71 72
71 775
72 73
72 630
775 72
784 72
73 74
73 784
74 75
74 612
784 74
75 76
612 75
76 77
76 573
76 612
77 78
573 77
78 79
573 78
79 80
573 79
79 613
80 81
80 613
81 82
81 613
82 83
82 613
755 82
83 84
755 83
84 85
591 84
755 84
85 86
85 591
756 85
86 87
86 756
87 88
756 87
88 89
88 624
88 756
88 757
89 90
624 89
90 91
93 90
90 624
91 92
93 91
92 93
93 94
624 93
752 93
94 95
98 94
94 99
752 94
95 96
95 98
96 97
96 98
97 98
98 99
99 100
752 99
100 101
100 752
101 102
101 752
101 753
102 103
102 753
103 104
753 103
104 105
109 104
753 104
105 106
105 107
109 105
106 107
107 108
109 107
108 109
109 110
753 109
110 111
112 110
110 582
110 753
111 112
112 113
582 112
113 114
113 582
757 113
114 115
114 757
115 116
115 756
115 757
116 117
120 116
591 116
116 756
117 118
117 119
120 117
118 119
119 120
120 121
120 591
121 122
591 121
627 121
122 123
598 122
627 122
123 124
598 123
124 125
598 124
125 126
595 125
125 597
125 598
126 127
130 126
595 126
127 128
129 127
130 127
128 129
129 130
130 131
130 595
131 132
595 131
132 133
132 595
596 132
133 134
596 133
134 135
596 134
631 134
135 136
135 141
135 142
135 629
631 135
136 137
140 136
141 136
137 138
139 137
140 137
138 139
139 140
140 141
141 142
142 143
629 142
143 144
143 629
634 143
144 145
634 144
144 635
145 146
145 635
146 147
154 146
635 146
147 148
147 153
154 147
148 149
148 152
153 148
149 150
149 151
149 152
150 151
151 152
152 153
153 154
154 155
154 635
154 770
155 156
770 155
155 834
156 157
156 834
157 158
157 834
158 159
834 158
159 160
159 833
159 834
159 836
160 161
160 836
161 162
161 836
162 163
836 162
839 162
163 164
163 839
164 165
164 839
165 166
165 838
165 839
166 167
166 838
167 168
838 167
168 169
571 168
168 838
169 170
169 571
170 171
170 571
170 793
171 172
171 176
171 785
793 171
172 173
176 172
173 174
175 173
176 173
174 175
175 176
176 177
785 176
177 178
177 785
178 179
785 178
179 180
179 785
786 179
180 181
182 180
604 180
786 180
181 182
182 183
182 604
183 184
183 604
670 183
184 185
186 184
184 670
185 186
186 187
186 668
186 670
187 188
187 668
188 189
668 188
189 190
191 189
601 189
668 189
190 191
191 192
191 601
192 193
192 601
192 636
193 194
193 636
193 660
194 195
660 194
865 194
195 196
865 195
196 197
196 865
197 198
862 197
865 197
198 199
198 862
199 200
199 862
863 199
200 201
863 200
201 202
846 201
201 863
202 203
610 202
846 202
203 204
610 203
651 203
204 205
204 651
205 206
651 205
728 205
206 207
206 728
207 208
207 728
208 209
726 208
208 728
209 210
209 726
209 729
210 211
729 210
211 212
729 211
212 213
212 718
729 212
213 214
213 718
214 215
214 718
215 216
215 718
719 215
216 217
216 719
217 218
719 217
218 219
218 561
719 218
219 220
561 219
219 562
219 720
220 221
562 220
221 222
562 221
222 223
562 222
223 224
562 223
832 223
224 225
751 224
832 224
225 226
751 225
226 227
226 750
226 751
227 228
750 227
228 229
581 228
228 750
229 230
229 581
230 231
230 233
581 230
231 232
231 233
232 233
233 234
581 233
234 235
234 250
234 251
234 252
234 581
235 236
235 248
249 235
250 235
236 237
236 247
236 248
237 238
237 247
238 239
246 238
247 238
239 240
239 245
239 246
240 241
244 240
245 240
241 242
243 241
244 241
242 243
243 244
244 245
245 246
246 247
247 248
248 249
249 250
250 251
251 252
252 253
252 581
253 254
253 581
254 255
254 581
254 750
255 256
750 255
256 257
750 256
256 751
257 258
751 257
257 832
258 259
258 832
259 260
259 832
260 261
260 262
260 832
261 262
262 263
562 262
262 720
832 262
263 264
720 263
264 265
267 264
268 264
264 269
264 561
264 720
265 266
267 265
266 267
267 268
268 269
269 270
561 269
270 271
270 561
270 717
271 272
552 271
271 717
272 273
272 552
272 727
273 274
273 727
274 275
727 274
275 276
275 725
727 275
276 277
276 725
277 278
723 277
725 277
278 279
723 278
279 280
566 279
279 723
280 281
566 280
281 282
566 281
282 283
282 566
282 608
283 284
283 608
284 285
284 608
285 286
608 285
731 285
286 287
286 731
286 735
287 288
735 287
288 289
290 288
735 288
289 290
290 291
290 732
735 290
291 292
291 732
292 293
292 294
295 292
292 732
292 824
293 294
294 295
295 296
295 818
295 824
296 297
296 818
297 298
297 742
810 297
815 297
818 297
298 299
810 298
299 300
299 810
300 301
300 569
810 300
301 302
301 569
585 301
302 303
302 585
303 304
303 306
585 303
304 305
304 306
305 306
306 307
306 585
745 306
307 308
307 745
308 309
745 308
309 310
309 744
309 745
310 311
744 310
311 312
311 744
312 313
570 312
744 312
313 314
313 570
314 315
314 570
619 314
315 316
619 315
316 317
619 316
317 318
317 577
619 317
318 319
577 318
319 320
319 577
319 620
320 321
620 320
321 322
620 321
322 323
322 578
620 322
323 324
578 323
324 325
324 578
325 326
325 578
325 580
326 327
580 326
327 328
580 327
328 329
328 580
813 328
329 330
329 813
330 331
330 813
330 814
331 332
331 814
826 331
332 333
332 826
332 867
333 334
335 333
333 715
333 867
334 335
335 336
335 715
336 337
336 713
336 715
337 338
337 339
553 337
337 713
338 339
339 340
339 553
340 341
340 553
341 342
341 553
342 343
342 553
342 584
343 344
343 584
344 345
344 556
344 584
345 346
345 347
556 345
346 347
347 348
347 556
754 347
348 349
348 754
349 350
351 349
349 754
350 351
351 352
351 353
586 351
587 351
351 754
352 353
353 354
586 353
354 355
354 586
355 356
355 586
643 355
356 357
356 643
644 356
357 358
644 357
358 359
358 644
359 360
359 365
359 554
644 359
360 361
365 360
361 362
361 364
365 361
362 363
362 364
363 364
364 365
365 366
365 554
366 367
554 366
366 758
367 368
592 367
758 367
368 369
368 370
592 368
369 370
370 371
592 370
371 372
592 371
371 894
372 373
894 372
373 374
373 894
895 373
374 375
895 374
375 376
721 375
375 895
376 377
721 376
377 378
564 377
721 377
378 379
378 564
379 380
564 379
379 722
380 381
380 722
381 382
381 722
382 383
722 382
383 384
385 383
722 383
384 385
385 386
385 722
386 387
386 722
387 388
722 387
388 389
390 388
388 564
388 722
389 390
390 391
564 390
391 392
564 391
391 721
392 393
392 721
393 394
393 721
393 895
394 395
394 895
395 396
395 894
395 895
396 397
894 396
397 398
397 592
759 397
894 397
398 399
759 398
399 400
759 399
400 401
759 400
401 402
759 401
402 403
554 402
402 758
402 759
403 404
403 554
403 641
404 405
404 641
405 406
641 405
406 407
606 406
641 406
407 408
407 606
408 409
408 606
409 410
409 606
409 642
410 411
642 410
411 412
411 574
642 411
412 413
574 412
746 412
413 414
746 413
414 415
746 414
831 414
415 416
415 831
416 417
418 416
831 416
417 418
418 419
588 418
831 418
419 420
588 419
589 419
420 421
420 589
420 590
421 422
421 590
421 626
421 657
421 685
422 423
422 685
423 424
603 423
423 685
424 425
424 603
425 426
603 425
425 671
426 427
671 426
427 428
427 671
428 429
428 639
671 428
429 430
429 639
429 673
430 431
430 621
673 430
431 432
579 431
431 621
432 433
432 579
433 434
433 579
433 656
434 435
656 434
435 436
656 435
436 437
438 436
560 436
656 436
437 438
438 439
438 560
438 888
439 440
888 439
440 441
440 879
888 440
441 442
441 879
442 443
442 879
889 442
443 444
889 443
444 445
444 450
444 889
445 446
445 448
449 445
450 445
446 447
448 446
447 448
448 449
449 450
450 451
450 889
892 450
451 452
891 451
451 892
452 453
452 804
452 891
453 454
453 804
454 455
454 456
557 454
454 804
455 456
456 457
557 456
457 458
557 457
457 695
458 459
695 458
459 460
459 695
460 461
694 460
695 460
461 462
461 694
462 463
605 462
694 462
463 464
463 605
783 463
464 465
464 783
465 466
465 783
466 467
466 783
467 468
617 467
467 783
468 469
475 468
468 476
616 468
617 468
469 470
474 469
475 469
470 471
470 473
470 474
471 472
471 473
472 473
473 474
474 475
475 476
476 477
476 616
477 478
477 616
478 479
576 478
616 478
479 480
487 479
479 576
480 481
487 480
481 482
486 481
481 487
482 483
482 485
486 482
483 484
485 483
484 485
485 486
486 487
487 488
576 487
614 487
488 489
614 488
489 490
614 489
489 780
490 491
780 490
491 492
491 779
491 780
492 493
779 492
493 494
497 493
607 493
493 779
494 495
494 496
494 497
495 496
496 497
497 498
607 497
498 499
607 498
645 498
499 500
645 499
500 501
645 500
501 502
501 645
760 501
502 503
502 760
503 504
506 503
593 503
760 503
504 505
504 506
505 506
506 507
506 593
507 508
593 507
628 507
508 509
628 508
509 510
594 509
509 628
510 511
510 594
765 510
511 512
765 511
512 513
512 765
766 512
513 514
513 518
513 766
514 515
518 514
515 516
517 515
518 515
516 517
517 518
518 519
518 766
519 520
766 519
520 521
520 766
521 522
521 763
766 521
522 523
763 522
522 764
523 524
523 764
524 525
524 764
526 566
608 526
526 609
610 526
526 611
526 731
733 527
527 734
527 847
527 858
527 859
570 528
528 618
528 743
528 811
528 812
663 529
529 688
529 692
529 705
529 707
711 529
787 530
530 791
792 530
870 530
871 530
530 873
773 531
531 835
531 840
531 841
842 531
531 874
767 532
532 769
770 532
771 532
532 777
778 532
573 533
533 595
596 533
597 533
612 533
633 533
534 634
659 534
534 767
768 534
772 534
775 534
535 814
535 815
535 817
535 822
826 535
866 535
536 625
536 657
536 710
713 536
536 714
537 556
583 537
584 537
537 589
590 537
625 537
538 583
538 587
588 538
538 746
754 538
538 831
700 539
539 701
539 800
805 539
854 539
539 881
617 540
540 653
654 540
682 540
747 540
782 540
541 576
541 614
541 650
541 652
794 541
541 795
646 542
542 648
542 649
650 542
779 542
542 780
543 577
543 578
543 580
618 543
543 620
543 812
813 543
544 601
636 544
662 544
544 663
687 544
544 711
545 622
545 672
674 545
545 676
545 679
545 680
546 691
704 546
546 790
803 546
848 546
850 546
546 851
546 853
547 665
547 669
681 547
787 547
547 788
698 548
699 548
548 700
548 701
702 548
548 801
796 549
549 797
549 807
856 549
549 860
550 693
694 550
550 695
550 698
550 800
660 551
661 551
551 687
551 796
860 551
551 864
865 551
552 717
718 552
552 727
552 729
584 553
625 553
713 553
554 606
554 641
554 644
554 758
710 555
555 714
715 555
555 828
555 867
556 583
584 556
556 754
695 557
557 800
557 804
805 557
623 558
558 684
558 704
706 558
558 849
558 876
558 878
559 579
621 559
559 622
559 623
559 655
703 559
560 623
656 560
878 560
560 888
717 561
719 561
561 720
720 562
562 832
597 563
598 563
613 563
563 627
755 563
721 564
722 564
607 565
645 565
646 565
565 647
760 565
565 762
566 608
609 566
566 723
609 567
651 567
723 567
567 724
726 567
567 728
732 568
568 733
806 568
568 819
568 824
569 585
569 743
569 745
569 810
811 569
577 570
618 570
619 570
570 743
744 570
792 571
793 571
571 838
869 571
571 870
842 572
572 845
868 572
572 871
874 572
886 572
573 597
612 573
573 613
586 574
587 574
642 574
574 643
746 574
747 575
575 748
782 575
795 575
576 614
576 616
576 652
577 618
577 619
620 577
578 580
578 620
579 621
579 623
579 656
813 580
750 581
582 624
752 582
753 582
757 582
588 583
583 589
754 583
625 584
745 585
586 587
586 643
746 587
587 754
589 588
831 588
590 589
590 625
657 590
627 591
591 755
756 591
592 758
592 759
894 592
628 593
760 593
761 593
628 594
594 763
765 594
596 595
597 595
631 596
632 596
633 596
598 597
613 597
627 598
629 599
631 599
599 632
599 634
659 599
634 600
635 600
600 768
769 600
600 770
636 601
601 662
601 668
603 602
639 602
602 658
602 674
602 678
602 709
603 639
658 603
603 671
685 603
669 604
604 670
681 604
786 604
654 605
683 605
605 693
694 605
605 783
641 606
606 642
606 643
644 606
645 607
646 607
607 779
608 731
610 609
651 609
723 609
610 611
651 610
610 846
611 731
734 611
611 846
611 847
633 612
612 784
755 613
650 614
614 780
616 615
652 615
615 653
615 782
615 795
617 616
616 652
616 653
653 617
617 654
617 783
618 812
622 621
672 621
621 673
622 655
672 622
622 680
656 623
684 623
623 703
623 878
624 752
757 624
625 657
625 713
657 626
626 658
685 626
626 708
626 710
755 627
629 631
629 634
632 630
659 630
630 775
784 630
631 632
632 633
659 632
632 784
633 784
635 634
659 634
768 634
635 770
660 636
636 687
662 637
664 637
665 637
667 637
690 637
799 637
638 664
665 638
638 668
669 638
638 670
639 671
672 639
673 639
639 674
640 681
785 640
786 640
787 640
640 792
793 640
642 643
643 644
645 760
646 647
646 648
646 779
647 648
647 762
649 648
649 650
794 649
650 780
794 650
651 728
795 652
653 782
682 654
654 683
654 696
654 783
680 655
692 655
703 655
655 705
657 710
685 658
658 708
709 658
775 659
660 687
865 660
687 661
661 688
661 796
798 661
663 662
664 662
662 668
799 662
663 707
711 663
663 799
665 664
664 668
667 665
669 665
665 788
666 667
666 690
691 666
788 666
666 790
667 690
788 667
670 668
670 669
681 669
673 672
672 674
674 676
674 678
675 676
675 677
678 675
679 675
797 675
675 807
675 808
678 676
679 676
677 679
680 677
677 712
797 677
798 677
709 678
678 739
808 678
679 680
680 692
712 680
681 786
681 787
682 696
697 682
747 682
682 749
683 693
683 696
683 698
683 699
703 684
705 684
684 706
686 708
686 709
686 710
686 738
686 823
828 686
688 687
711 687
688 692
688 711
712 688
798 688
690 689
689 691
707 689
689 799
689 803
691 690
799 690
790 691
803 691
692 705
712 692
694 693
693 698
694 695
800 695
696 697
696 699
697 699
697 702
699 698
698 700
800 698
702 699
701 700
700 800
801 701
701 881
885 701
801 702
705 703
704 706
704 803
848 704
704 849
705 706
705 707
706 707
803 706
799 707
803 707
708 709
708 710
738 709
709 739
714 710
710 828
798 712
714 713
715 713
715 714
867 715
716 804
805 716
716 854
716 887
891 716
717 718
719 717
718 719
718 729
895 721
723 724
723 725
724 725
724 726
724 727
724 729
725 727
728 726
729 726
727 729
730 731
732 730
733 730
734 730
735 730
731 734
731 735
733 732
735 732
732 824
733 734
733 806
733 859
734 847
806 736
736 820
736 830
855 736
736 857
738 737
737 739
737 741
829 737
830 737
738 739
738 823
829 738
739 741
739 808
741 740
740 807
740 808
740 830
855 740
856 740
808 741
830 741
810 742
742 811
742 812
742 815
742 866
744 743
743 745
743 811
744 745
831 746
747 748
747 749
747 782
750 751
751 832
752 753
756 757
759 758
760 761
760 762
762 761
764 763
765 763
766 763
766 765
767 768
767 769
771 767
767 772
774 767
768 769
769 770
770 777
833 770
770 834
771 774
778 771
774 772
772 775
776 773
773 777
773 833
773 835
773 841
777 776
776 778
841 776
843 776
778 777
777 833
779 780
846 781
847 781
858 781
861 781
863 781
795 782
785 786
793 785
787 788
787 791
787 792
790 788
788 791
790 789
789 791
851 789
789 852
872 789
873 789
791 790
851 790
791 873
792 793
870 792
794 795
797 796
798 796
860 796
798 797
797 807
805 800
802 848
802 849
802 853
877 802
884 802
802 893
804 805
891 804
805 854
806 819
806 820
806 857
806 859
807 808
807 856
855 809
809 856
809 857
858 809
809 860
809 861
811 810
812 811
813 812
812 814
812 866
813 814
826 814
814 866
815 817
818 815
815 866
817 816
816 818
819 816
816 820
816 825
817 818
817 822
825 817
819 818
824 818
819 820
824 819
821 820
820 825
830 820
821 822
821 823
825 821
821 827
821 829
821 830
822 825
822 826
822 827
827 823
828 823
823 829
827 826
867 826
827 828
867 827
867 828
830 829
830 855
833 834
835 833
836 833
835 836
835 839
840 835
836 839
837 838
837 839
837 840
868 837
837 869
837 874
839 838
869 838
839 840
874 840
842 841
843 841
843 842
842 844
845 842
842 874
843 844
844 845
886 845
847 846
846 863
858 847
848 849
848 853
876 849
849 877
850 851
852 850
853 850
850 883
851 852
852 872
883 852
853 883
853 884
854 881
882 854
884 854
887 854
856 855
857 855
856 860
858 857
857 859
858 859
861 858
861 860
862 860
860 864
862 861
863 861
863 862
862 864
862 865
864 865
869 868
870 868
868 871
874 868
870 869
870 871
871 872
873 871
886 871
872 873
886 872
875 877
875 880
887 875
875 890
891 875
875 893
877 876
876 878
880 876
888 876
877 880
893 877
888 878
880 879
888 879
889 879
890 879
888 880
890 880
882 881
881 885
883 882
884 882
882 885
884 883
887 884
893 884
891 887
893 887
890 889
889 892
890 891
892 890
891 892
895 894
