954
144 501
139 499
134 496
131 493
131 488
135 484
138 480
142 476
145 472
148 468
152 463
154 459
152 455
152 450
154 446
154 441
154 436
155 431
157 427
159 422
154 419
150 416
151 411
154 407
156 402
154 397
151 393
150 388
150 383
151 378
154 374
156 369
159 365
159 360
159 355
162 351
163 346
165 341
166 336
168 332
168 327
168 322
169 317
170 312
172 308
172 303
174 299
175 294
178 290
179 285
181 281
181 276
181 271
182 266
182 261
183 256
183 251
185 247
186 242
186 237
189 232
189 229
191 226
193 221
196 217
196 212
195 207
195 202
197 197
196 192
200 189
202 184
202 179
201 174
198 170
196 165
193 161
189 157
187 152
184 148
180 151
177 155
172 157
167 160
162 161
158 163
153 166
150 170
148 175
144 179
140 182
135 185
130 188
125 190
120 192
115 193
110 196
105 199
100 202
95 205
90 209
85 212
80 215
75 218
71 221
73 226
75 230
75 235
75 240
75 245
73 248
68 248
64 247
63 242
60 239
56 237
51 240
47 243
43 247
40 251
37 256
34 260
29 260
27 257
29 253
31 248
33 244
35 239
38 235
40 230
43 226
46 221
49 217
54 213
58 209
61 206
64 201
68 197
72 194
76 190
80 186
83 181
87 177
90 174
94 171
98 167
103 164
108 161
113 157
118 155
122 151
126 148
131 145
134 141
137 137
141 134
146 131
149 128
151 123
154 119
156 114
159 110
162 106
167 102
172 101
177 99
182 97
187 96
192 96
197 93
201 91
206 90
211 88
216 86
221 85
226 82
231 81
235 77
237 73
237 68
234 65
229 63
225 59
224 54
221 50
216 48
217 46
219 42
215 39
216 36
219 33
216 29
219 27
224 26
228 22
226 19
230 18
235 17
237 13
241 12
246 12
251 11
256 11
261 11
266 9
270 11
275 11
279 14
284 14
289 16
294 17
298 18
301 21
303 24
305 28
306 33
305 38
307 43
305 46
301 49
301 54
299 58
298 63
298 68
295 70
290 70
288 67
288 72
288 77
293 80
298 82
303 85
308 86
313 89
318 90
323 91
328 92
333 93
338 95
343 96
348 98
353 101
358 105
362 109
365 113
367 118
370 122
373 126
376 123
378 118
383 116
387 113
391 113
391 118
391 123
389 128
392 131
396 135
397 139
395 143
397 147
401 152
406 154
411 156
416 160
421 163
426 166
430 170
433 175
437 178
441 182
444 186
447 191
450 194
455 198
460 201
462 205
464 210
467 213
472 216
475 221
479 224
483 228
487 232
491 236
493 241
496 245
499 249
499 254
498 258
494 260
489 260
485 257
483 253
482 248
479 244
474 240
469 239
464 238
462 243
460 247
455 249
451 248
451 243
450 238
449 233
449 228
450 223
450 218
446 215
441 212
436 209
431 206
426 203
421 200
416 198
411 195
406 193
401 191
396 190
391 187
386 184
381 180
377 177
374 172
372 168
368 165
363 163
358 160
353 157
348 155
343 154
340 150
341 145
338 146
336 150
334 155
331 159
328 164
325 168
323 173
321 177
320 182
320 187
325 189
329 192
327 195
326 200
328 204
329 209
325 213
326 218
328 222
332 226
334 230
335 234
339 238
339 243
340 248
342 252
343 257
343 262
344 267
346 271
347 276
348 281
349 286
350 291
351 295
352 300
352 305
352 310
352 315
353 320
354 325
356 329
356 334
357 339
358 344
360 348
360 353
362 358
363 363
366 367
367 372
369 377
371 381
374 385
377 389
377 394
375 399
371 402
367 406
367 411
369 416
370 420
367 424
367 429
367 434
368 439
368 444
368 449
371 452
371 457
371 462
374 466
377 471
381 475
384 479
388 483
390 488
390 493
386 496
381 498
376 500
371 501
366 501
361 501
356 501
351 501
346 501
341 500
337 497
335 493
336 488
338 484
338 479
336 475
335 470
332 466
330 461
330 456
334 452
335 447
334 442
333 437
332 433
330 428
325 426
321 424
320 419
320 414
320 409
318 405
314 401
309 398
307 393
307 388
307 383
307 378
307 373
308 368
308 363
308 358
307 353
307 348
306 343
303 339
301 334
299 330
298 325
297 320
294 316
291 311
289 307
287 302
285 298
282 293
279 289
275 285
271 281
269 276
266 272
264 267
260 270
256 274
252 278
250 283
247 287
246 292
243 296
241 301
239 305
237 310
234 314
231 319
228 323
225 327
223 332
220 336
220 341
220 346
219 351
219 356
218 361
218 366
218 371
217 376
215 380
215 385
215 390
214 395
211 398
207 401
204 406
204 411
204 416
204 421
202 425
197 426
193 430
191 435
191 440
191 445
191 450
191 455
190 460
187 464
188 469
190 473
190 478
191 483
194 487
195 492
194 496
190 499
185 501
180 501
175 501
170 501
165 501
160 501
155 501
150 501
145 501
258.5 43.5
261.5 87.75
211.714 288.857
299.131 129.065
291.318 237.841
318.399 294.801
260.975 181.5
183.716 123.041
234.382 133.088
194.346 329.5
181.25 389
228.858 242.858
335.553 120.237
372.783 145.793
331.365 340.527
337.55 380.5
343.564 408.5
239.736 37.7356
285.562 105.845
311.236 110.822
307.37 151.652
314.059 250.588
231.434 181.5
290.464 184.5
214.391 148.082
218.075 112.938
243.498 257.498
207.3 248.86
295.315 268.685
121.361 172.576
166.993 479.094
402.121 172.223
386.309 159.653
358.285 478.829
172.545 437.182
265.5 27.6923
327.505 277.498
193.469 308.049
319.268 322.911
342.369 332.307
343.418 351.963
219.44 200.852
195.637 254.086
178.369 475.862
160.429 142.571
462.821 225.179
229.175 284.467
172.646 114.791
165.692 386.415
351.483 373.507
318.754 235.184
200.608 149.428
232.949 100.373
198.32 240.246
135.266 166.677
174.884 453.226
185.887 298.894
351.802 459.584
383.283 139.554
354.455 417.5
245.504 25.5096
302.779 204.752
284.249 36.6815
209.27 268.885
175.757 488.307
214.362 232.509
169.326 465.668
163.443 452.5
199.4 295.419
386.781 149.305
374.014 135.909
357.056 138.816
315.069 205.698
294.431 40.3841
284.424 52.0511
204.932 259.202
221.324 257.514
195.442 269.267
164.817 489.94
153.931 482.115
185.097 490.699
207.783 239.368
202.981 228.178
217.738 244.633
350.521 145.785
307.665 221.597
309.764 194.3
158.473 472.001
211.825 214.885
308.383 212.257
297.835 193.888
271.475 212.439
281.702 198.968
291.886 203.152
184.965 363.242
172.257 359.419
183.617 344.692
174.706 374.311
180.749 354.225
323.123 387.703
237.743 51.5519
330.631 328.069
332.573 308.695
340.252 319.796
328.325 318.054
317.582 308.894
341.206 342.225
458.849 217.235
184.91 109.885
200.889 117.967
191.296 117.097
197.073 106.729
207.707 109.385
216.772 99.8351
224.676 105.665
237.476 116.564
169.826 130.128
171.31 400.714
182.271 415.271
193.129 415.84
188.417 401.877
352.058 392.03
338.952 365.916
208.624 160.268
130.923 175.778
125.374 162.699
341.044 460.149
355.108 405.62
341.792 421.735
331.465 416.265
352.313 432.147
235.818 28.4132
250.709 35.4392
247.616 46.2239
258.044 64.7836
247.781 58.3408
257.58 54.127
270.757 49.9146
177.899 462.035
163.963 442.446
214.26 308.47
190.307 288.073
190.884 261.617
202.653 279.83
145.091 489.342
207.447 203.427
236.361 219.117
188.616 376.916
174.197 383.34
164.325 375.989
230.094 43.3968
342.228 310.223
324.991 302.253
337.081 295.706
308.707 317.071
309.701 327.742
319.671 335.596
320.749 349.371
303.75 301.023
206.033 133.745
194.556 129.058
197.025 139.409
183.878 135.52
225.058 94.1766
172.357 141.81
159.131 131.821
164.291 121.183
163.357 395.585
165.438 411.521
174.709 409.56
171.794 422.643
182.337 426.495
180.081 398.083
347.477 382.902
359.025 382.82
363.434 393.395
350.029 361.77
324.224 371.859
228.22 162.084
342.129 431.916
268.855 38.6316
278.615 44.4316
209.29 299.143
223.485 297.567
190.767 278.094
224.809 212.849
238.733 199.417
225.303 225.717
234.433 208.892
236.723 232.287
223.505 235.029
216.193 223.251
255.705 225.176
250.198 210.333
241.96 244.395
244.992 225.47
250.644 236.081
270.899 238.854
261.198 234.352
267.881 224.119
259.39 250.951
284.385 222.805
295.67 215.906
249.754 250.122
297.442 227.657
307.531 233.024
201.351 366.19
331.931 352
324.062 360.371
301.799 310.415
304.93 283.446
312.614 301.536
206.921 142.832
165.991 430.232
333.133 372.716
317.181 379.33
218.753 157.604
229.231 147.044
220.952 288.681
219.687 276.083
218.527 266.624
232.417 265.904
229.177 274.903
240.915 274.046
233.013 293.919
224.983 308.189
253.675 195.202
260.483 214.96
263.496 202.87
273.048 203.015
268.447 191.452
276.247 177.815
276.653 229.998
192.466 368.563
221.008 136.079
260.057 150.495
248.435 266.744
238.461 283.105
247.453 201.737
243.325 187.101
244.409 169.378
252.644 185.857
240.336 178.024
280.089 188.104
291.34 164.177
215.054 125.077
226.517 121.485
265.28 165.856
245.07 144.962
256.322 260.519
286.648 174.155
278.252 164.115
270.495 155.514
275.354 132.049
270.002 143.177
256.517 129.84
288.834 145.383
265.555 134.187
284.837 155.48
279.798 141.037
287.385 131.693
280.993 119.156
266.802 120.025
267.455 174.869
236.603 141.837
249.035 157.286
258.136 159.717
238.767 160.289
255.157 140.704
245.762 133.592
247.778 122.081
277.652 149.886
294.332 116.295
299.408 103.13
304.76 119.663
320.079 124.091
290.273 93.208
310.026 99.7421
325.079 111.177
330.689 133.697
275.078 94.7405
299.635 93.7541
320.604 101.443
337.271 107.666
348.834 115.65
316.216 139.021
272.329 107.837
255.848 107.71
264.06 111.434
264.154 99.2844
273.915 80.3171
329.95 101.843
346.267 107.002
346.225 129.617
326.314 144.139
304.194 140.015
310.305 129.527
282.689 86.0081
262.786 75.8133
249.24 80.3913
273.1 64.8449
247.992 69.4004
356.938 124.391
339.581 135.939
319.451 154.472
310.437 165.803
300.303 174.994
304.11 185.1
310.564 176.898
294.812 137.829
248.842 94.9463
278.684 72.3081
266.17 58.2833
281.305 60.6992
364.333 131.543
301.281 160.38
243.758 106.042
240.345 87.4311
397.058 162.361
390.106 172.161
382.096 167.762
326.254 245.888
325.365 261.753
313.812 271.341
332.017 254.168
333.474 268.669
322.578 270.15
316.853 282.883
304.063 273.499
305.518 260.498
291.513 253.497
315.484 260.452
301.947 245.537
279.991 264.45
281.478 245.793
270.903 250.381
288.851 262.233
284.901 276.524
295.151 279.304
143.653 153.768
143.824 163.058
133.262 155.672
180.446 444.223
255.999 22.0501
361.854 149.215
232.408 253.947
317.775 224.664
201.632 346.03
192.752 354.108
181.258 331.641
175.242 339.468
185.925 319.101
177.368 323.055
172.425 348.925
336.015 395.475
332.034 387.501
345.139 398.887
333.269 405.767
325.768 397.894
199.83 387.415
197.514 397.322
190.375 386.275
328.051 288.833
337.161 282.714
283.178 211.087
255.514 171.583
271.117 260.213
295.639 291.673
154.769 152.257
147.869 143.14
193.026 339.953
206.897 333.839
204.833 319.487
195.416 317.478
203.847 309.102
216.236 319.702
214.465 328.685
182.587 309.004
204.165 377.059
58.9563 224.74
107.38 179.424
117.336 182.054
111.6 170.344
375.502 156.669
371.095 486.108
380.266 488.464
360.52 489.807
349.402 486.353
368.211 476.272
360.577 467.342
348.081 471.552
277.724 26.2434
354.238 445.906
344.472 442.124
358.998 438.226
217.259 173.872
209.095 169.512
227.292 172.212
219.176 187.296
229.287 192.82
211.372 181.562
210.016 192.965
207.344 356.192
96.0286 187.977
105.149 188.272
98.2406 179.103
86.9069 195.968
78.384 203.084
70.4614 209.128
416.741 179.643
412.458 169.969
406.036 163.579
406.403 181.901
427.614 187.992
418.276 188.899
436.349 195.672
444.088 202.294
404.444 171.933
90.6667 200.376
954
140.176 492.728
140.613 492.229
134.037 491.944
130.477 492.045
131.308 492.024
138.391 491.799
143.863 491.711
152.688 488.562
160.514 485.61
164.875 483.349
168.652 473.348
169.143 468.086
170.439 453.624
170.567 452.256
170.684 450.999
171.421 443.051
171.902 437.879
172.038 436.419
172.492 431.543
174.06 414.776
161.447 412.577
152.943 414.133
159.099 413.013
172.132 410.607
176.163 397.339
170.24 388.88
166.498 386.137
163.671 385.632
163.405 385.574
166.758 386.069
169.409 386.401
177.238 385.696
180.899 376.633
184.668 367.389
185.368 364.672
185.567 362.215
186.303 355.307
187.082 347.994
187.733 341.98
188.612 335.128
190.133 327.225
191.088 323.604
192.067 321.962
192.717 320.775
194.914 316.731
196.456 314.464
197.099 313.641
199.417 310.663
202.623 304.912
206.576 297.452
208.472 289.054
209.863 278.858
209.964 272.429
209.422 266.722
208.769 262.389
208.799 260.184
208.761 259.035
210.389 253.921
211.031 251.43
211.46 248.41
211.918 247.004
201.809 251.352
212.527 246.448
218.306 240.627
226.211 226.54
232.71 211.563
232.339 205.609
229.959 206.056
229.614 206.145
199.675 215.206
231.996 205.5
240.078 191.154
242.818 174.037
242.892 158.157
241.162 146.855
237.356 136.677
228.469 128.943
221.559 122.791
207.136 117.963
177.944 113.259
163.952 125.807
159.506 132.291
157.396 135.476
153.276 141.652
151.939 143.652
147.877 149.177
141.498 157.056
135.453 164.367
132.76 167.499
131.202 168.655
130.506 169.204
127.92 171.107
121.3 174.098
119.307 175.007
115.615 176.692
109.475 179.461
101.465 183.062
96.5903 186.222
91.9013 190.106
86.7687 194.482
81.8154 198.753
78.1152 201.931
74.0888 205.547
68.2628 211.367
64 221.333
60.059 226.173
62.9485 230.888
64.2768 233.077
69.6914 242.102
72.1361 246.819
72.2958 247.129
71.8805 246.297
72.0236 246.548
67.4093 238.425
63.9357 232.62
56.8957 224.104
45.7502 232.392
41.0433 237.875
37.4814 245.554
36.0681 247.565
32.4943 254.794
31.0704 257.012
29.5738 258.604
29.4347 258.765
30.549 257.512
32.246 254.688
36.7187 246.249
38.7866 242.1
41.3207 237.536
45.2901 232.87
52.5878 227.414
55.0296 225.695
56.3295 224.786
60.4178 220.822
65.4611 214.739
67.4299 212.371
71.1482 208.011
74.0826 205.552
77.4363 202.532
82.6064 198.07
91.244 190.666
93.7695 188.512
97.2274 185.671
97.8949 185.179
100.375 183.558
108.039 180.111
110.142 179.164
116.889 176.097
122.956 173.28
128.737 170.625
133.456 166.408
135.994 163.724
141.093 157.552
146.518 150.868
147.503 149.656
149.187 147.66
154.398 139.947
159.752 131.987
164.525 124.877
167.543 120.373
169.07 117.612
169.198 116.91
169.035 116.876
169.147 116.832
170.837 116.315
174.099 114.364
176.527 112.783
181.456 113.376
186.444 114.033
201.822 116.218
205.734 116.833
210.17 117.941
216.533 119.604
222.362 120.757
230.697 122.009
241.041 120.659
246.582 119.451
267.586 106.442
274.574 82.3611
273.082 53.2472
230.008 33.2254
243.954 33.3543
242.059 32.8628
243.22 33.1749
233.163 31.3456
217.995 44.8938
221.255 41.9824
220.007 37.9717
217.119 36.0866
219.795 35.2788
232.982 31.0757
215.335 27.8138
218.906 28.474
238.12 32.0877
243.235 32.1435
232.256 22.8246
240.764 30.0466
243.541 32.2313
234.574 27.1017
236.388 28.0935
245.886 32.986
253.778 36.8192
261.918 40.7709
269.852 44.5907
272.072 45.0313
272.165 45.2542
274.455 45.166
276.018 44.9549
284.233 41.1076
287.284 38.8951
297.3 30.8012
301.85 26.9596
301.476 27.2776
297.624 30.5503
298.915 29.4468
296.302 31.6866
293.249 36.6047
304.425 35.6514
302.485 35.8165
288.082 38.5838
282.033 44.0567
277.79 49.4219
282.73 56.8263
300.923 72.0222
288.631 61.7552
289.612 62.574
277.763 50.892
275.666 69.6281
272.945 95.4015
275.326 114.507
283.681 118.53
293.906 118.264
300.734 116.896
309.845 115.166
321.434 112.975
329.925 111.398
334.793 110.681
338.061 110.235
341.206 110.319
343.68 110.383
344.558 110.269
344.35 110.689
343.812 112.404
344.331 114.035
344.75 114.971
347.808 120.448
357.41 131.443
371.621 144.649
379.709 136.292
385.358 122.681
386.372 120.262
389.641 112.643
389.888 112.102
389.23 113.547
386.122 120.84
383.629 128.37
377.828 139.652
383.115 134.72
383.8 134.068
374.11 143.3
381.344 154.433
340.444 114.667
400.798 173.006
402.862 173.987
407.129 175.97
412.326 178.862
415.656 180.833
418.071 182.297
420.688 183.863
428.829 188.831
432.315 191.594
435.198 193.835
439.968 197.451
444.802 201.08
452.372 206.963
453.489 208.027
472.932 232.538
457.723 214.502
461.411 220.759
463.867 224.948
465.281 225.067
472.252 228.658
479.478 232.556
484.076 236.112
487.001 238.795
491.911 252.683
491.619 252.859
491.924 253.783
493.313 255.874
494.186 256.484
492.652 255.625
492.391 255.238
492.301 254.945
491.718 253.157
489.829 247.431
486.893 243.807
476.872 231.404
461.842 230.504
458.996 236.016
456.003 242.746
454.591 245.916
453.891 247.5
453.475 248.437
454.206 246.787
458.915 236.196
461.621 230.112
462.104 229.05
463.612 224.507
458.038 215.028
452.666 207.089
447.295 202.953
442.724 199.52
438.231 196.153
433.413 192.445
428.127 188.332
423.431 185.504
417.844 182.185
412.069 178.774
406.468 175.713
403.276 174.184
401.455 173.312
394.832 170.186
390.897 167.792
390.263 166.902
389.466 165.695
384.944 159.384
378.533 150.87
373.275 146.185
368.541 141.938
361.727 135.963
355.745 136.563
354.493 141.529
355.205 138.706
354.725 133.36
337.578 111.491
314.311 114.838
302.973 120.188
295.626 123.61
287.065 130.706
283.285 134.882
271.91 151.148
269.531 163.29
271.881 183.892
274.445 197.557
297.589 205.87
358.706 192.355
326.972 198.908
292.407 205.06
297.077 204.197
298.598 203.803
310.222 271.111
288.753 222.196
299.568 237.563
308.568 248.016
310.71 250.312
313.731 253.523
314.671 254.432
314.914 254.966
316.737 259.137
318.021 261.697
318.251 263.252
318.87 265.664
321.182 275.161
321.992 281.9
322.255 284.057
322.874 289.222
323.419 294.861
323.926 300.109
324.251 302.498
324.822 306.011
325.062 307.455
325.611 310.8
327.271 317.353
329.247 325.188
330.718 331.371
331.338 333.913
331.878 336.829
333.111 343.535
334.205 350.943
334.789 354.559
335.232 360.204
335.92 369.509
336.245 376.845
336.429 381.699
338.46 385.658
342.084 391.998
347.306 393.532
364.686 392.631
376.382 392.031
376.379 392.031
361.817 392.778
354.306 393.162
344.657 397.372
347.276 410.149
349.719 421.046
351.501 424.467
350.396 422.336
349.733 427.24
350.151 435.478
350.457 441.694
350.673 447.534
350.797 457.286
350.765 458.846
350.696 462.106
354.114 470.973
358.891 479.386
364.2 485.35
370.262 488.659
377.855 489.764
384.494 490.733
386.311 490.97
387.387 491.11
386.784 491.031
380.046 490.139
373.888 489.07
369.616 488.464
366.187 486.816
362.361 484.231
358.227 485.287
356.486 485.929
346.558 491.854
343.844 493.604
342.288 494.607
337.421 497.745
343.603 493.759
353.706 487.248
356.97 478.979
355.032 473.348
352.204 466.461
339.7 460.712
336.868 460.109
336.755 460.085
350.648 462.064
350.642 451.478
350.38 441.499
349.918 432.694
349.153 423.738
347.646 410.856
326.171 420.286
316.305 425.998
335.048 415.146
343.366 410.347
345.346 401.562
339.176 388.497
327.535 385.413
318.97 386.925
315.485 387.533
322.079 386.377
324.802 385.847
331.131 384.616
334.144 381.968
336.245 377.726
335.795 369.705
335.092 360.144
334.329 351.982
332.89 342.812
331.556 372.444
329.181 325.352
328.173 321.593
328.084 321.432
327.473 318.6
325.776 311.524
324.221 304.55
323.953 301.694
323.771 299.535
323.3 294.651
322.577 288.356
319.699 272.394
318.716 268.032
316.685 259.926
313.76 256.007
311.103 252.251
296.239 233.828
269.192 222.586
240.532 221.901
221.06 240.48
212.629 261.245
210.393 275.572
210.086 283.961
210.561 286.827
210.722 288.12
210.529 292.473
209.424 295.144
209.061 296.026
208.316 297.56
204.054 303.71
202.732 305.618
198.99 311.188
195.035 317.659
190.58 326.663
188.41 338.221
187.415 345.425
186.699 351.73
186.091 357.358
185.281 363.03
184.395 369.032
183.166 373.549
182.825 374.757
183.485 378.604
189.12 383.303
194.968 385.411
201.67 387.828
199.632 387.093
181.438 380.908
176.149 395.804
174.836 408.181
189.885 416.231
188.712 415.692
203.686 422.582
181.658 412.445
173.958 416.445
172.621 430.184
171.673 440.368
171.024 447.34
170.666 451.201
170.443 453.569
170.15 456.875
169.456 464.698
168.401 476.92
168.477 482.767
173.232 485.223
184.817 491.245
189.283 493.568
193.315 495.666
191.681 494.816
189.757 493.814
185.708 491.708
181.338 489.435
175.579 486.439
170.788 484.518
166.651 483.141
160.785 485.441
157.969 486.543
145.628 491.204
140.244 492.713
270.773 45.2806
272.151 101.352
209.967 281.02
294.85 121.172
287.226 224.759
323.565 296.854
256.802 176.269
175.465 113.172
243.764 129.661
189.978 328.104
177.491 388.106
222.876 235.09
341.479 110.693
372.353 145.257
333.1 343.811
336.6 383.259
345.724 403.303
246.746 33.4132
278.364 119.693
313.949 114.408
288.073 122.019
313.766 254.086
244.76 178.26
253.986 165.494
230.268 129.206
218.701 120.198
224.573 234.587
211.648 252.615
316.504 259.97
122.207 173.658
167.825 482.668
401.922 173.538
386.418 161.446
360.313 482.899
171.541 441.769
272.171 45.5313
321.935 281.686
203.949 303.188
327.795 319.667
331.173 333.421
334.848 355.208
236.805 203.241
209.701 256.417
160 472.889
152.21 142.652
463.754 224.752
210.153 284.951
169.931 116.667
169.747 387.607
349.685 390.728
308.286 247.701
224.143 125.271
242.393 122.358
211.771 247.801
132.83 167.402
170.401 454.047
201.197 307.526
350.968 463.555
373.682 143.7
336.436 431.021
245.208 32.8575
278.737 206.482
297.693 35.2966
210.167 269.709
172.777 485.268
220.368 237.534
169.087 468.84
170.411 453.942
207.785 296.986
378.931 151.121
371.817 144.809
358.695 132.94
283.89 206.513
290.851 37.4337
280.358 45.3674
209.51 258.758
210.914 257.869
209.715 268.945
166.676 483.134
147.161 489.613
175.671 486.632
214.499 245.958
208.766 266.068
215.431 245.564
359.773 134.167
287.489 222.715
276.51 203.472
166.379 482.47
233.772 212.81
280.73 210.607
273.47 196.197
267.55 201.08
266.651 196.824
274.433 202.471
184.736 367.495
182.689 372.638
187.272 346.129
179.491 380.683
185.966 358.501
332.219 384.521
250.509 35.1675
329.895 327.541
323.735 298.249
327.257 317.473
327.527 318.403
325.11 308.82
333.681 347.386
458.646 216.064
176.66 112.774
189.896 114.551
184.366 113.816
198.253 115.672
208.211 117.468
217.646 119.902
229.482 123.161
242.514 123.558
171.714 116.768
173.519 389.319
174.463 411.49
174.696 409.227
176.284 394.98
342.893 393.258
336.088 372.063
238.397 137.661
129.679 169.82
142.918 154.233
345.581 462.568
343.152 393.473
348.203 414.277
346.831 408.308
350.332 431.769
243.754 32.4229
257.981 38.9064
258.757 39.3102
275.828 61.8937
275.193 46.1239
274.256 48.6029
278.604 45.8002
169.104 468.83
171.025 447.322
201.682 307.17
206.806 297.008
208.808 261.366
209.156 285.525
138.41 491.883
232.947 205.543
237.821 213.254
180.334 379.626
176.859 386.755
178.37 386.143
239.74 30.4342
325.694 311.231
324.491 304.716
324.03 300.941
326.72 315.484
328.134 321.435
330.562 330.551
334.331 354.157
323.601 297.385
200.142 116.382
187.59 114.275
204.132 117.177
175.56 113.739
238.069 124.385
163.761 125.983
157.947 134.669
168.917 118.082
172.214 390.213
174.533 410.076
174.599 409.731
173.703 418.559
178.296 414.179
176.411 394.182
339.141 387.291
342.412 392.602
346.113 393.589
336.089 372.676
335.207 379.971
243.819 151.107
349.799 430.471
274.949 46.7673
279.22 45.7691
206.343 299.863
209.5 294.099
209.824 280.521
235.156 211.798
244.022 196.571
230.174 224.46
229.719 222.189
232.838 222.447
223.243 233.84
227.005 225.748
253.717 208.21
248.764 203.149
232.284 224.079
241.927 214.191
243.087 215.33
271.031 216.409
256.565 214.169
263.277 210.621
254.837 215.744
278.122 213.675
279.836 212.905
238.758 220.597
287.217 223.398
296.306 233.777
184.384 369.025
334.991 357.412
335.405 363.39
324.231 304.593
322.177 284.823
324.088 301.884
218.665 120.885
172.201 434.665
336.346 378.037
333.001 384.252
240.452 136.968
241.131 134.608
209.922 289.427
210.302 274.237
210.779 265.396
212.299 260.467
210.161 272.905
211.809 263.284
210.713 289.874
209.124 295.309
252.283 190.247
256.123 205.283
264 178.667
264.545 197.713
260.812 186.548
263.848 172.369
272.623 215.747
184.111 370.327
226.718 126.234
258.063 144.046
221.979 237.618
210.246 279.826
247.403 199.922
247.877 183.229
249.316 162.938
250.082 182.163
246.128 175.707
266.186 184.499
270.185 153.273
214 118.9
229.887 123.699
259.696 159.169
245.633 128.835
240.411 217.362
266.742 167.93
268.516 145.176
260.958 146.019
278.335 127.394
266.271 141.176
257.449 128.763
275.637 133.57
269.533 128.619
270.908 144.822
273.388 133.408
284.729 126.13
277.559 120.827
269.168 119.065
255.631 168.872
242.456 133.865
253.798 151.456
256.24 152.911
246.607 156.396
255.351 135.905
248.571 130.601
247.152 122.491
269.211 141.214
290.97 120.087
282.877 119.849
304.203 116.889
329.447 111.638
277.919 119.121
313.479 114.482
332.794 111.048
341.536 111.57
270.059 112.029
293.308 118.349
335.117 110.673
342.701 110.371
344.313 112.153
331.165 112.482
271.387 117.248
262.423 118.332
266.765 118.865
268.869 112.61
273.931 86.066
337.853 110.268
344.439 110.467
347.171 119.911
314.346 114.827
294.403 122.284
307.755 116.116
271.802 111.437
274.404 81.6916
264 104.889
276.039 58.6683
263.539 41.17
348.258 121.137
345.743 118.28
298.362 122.36
277.661 141.439
267.327 168.163
272.769 191.373
269.99 175.699
287.211 126.293
264.643 115.291
273.795 87.2411
276.051 55.394
277.695 52.0373
361.102 135.429
273.956 143.294
252.318 119.871
269.236 121.675
393.927 169.726
392.884 169.196
388.382 164.22
314.291 254.28
318.964 266.141
320.311 272.068
318.072 262.966
321.011 274.254
320.757 273.146
322.076 283.163
319.608 270.272
315.422 257.722
301.166 238.304
318.097 263.638
302.514 240.463
294.942 232.922
284.849 226.088
271.481 219.09
306.168 245.289
316.689 260.144
306.434 249.162
141.946 156.501
137.699 161.577
136.385 163.299
174.361 434.15
258.043 38.9045
372.541 144.076
219.207 243.021
302.362 240.761
188.444 368
185.799 359.574
189.486 330.391
187.381 345.212
192.167 321.664
191.857 322.339
185.942 358.7
340.877 390.499
336.753 385.098
343.579 395.572
344.885 399.627
338.779 387.751
181.917 377.973
179.156 387.066
179.504 385.061
323.23 293.159
322.877 290.835
272.32 206.219
251.867 164.243
275.139 223.707
322.463 287.361
146.285 150.931
149.426 147.321
187.644 343.07
213.333 274.667
194.749 317.579
194.418 317.907
200.38 309.046
201.725 307.113
194.483 318.614
196.129 314.984
182.99 375.79
59.3629 222.096
106.841 180.649
106.39 180.845
115.884 176.564
382.546 156.101
374.907 488.978
381.935 490.315
362.123 484.084
355.631 486.124
361.781 483.847
355.488 474.481
352 477.333
277.809 44.7093
350.65 450.118
350.552 447.324
350.285 438.167
243.634 161.397
242.03 151.868
244.741 165.385
245.946 184.914
242.326 192.425
241.437 184.552
217.069 209.572
186.033 357.825
96.6765 186.116
100.619 183.458
100.037 183.73
93.4399 188.835
190.222 114.667
70.3169 209.208
410.957 178.37
409.205 177.076
402.618 173.872
404.025 174.543
428.429 188.548
416.115 181.167
433.61 192.597
448 208.889
396.444 161.778
121.778 167.111
2322
0 0
0 0
0 0
0 0
0 0
0 0
0 0
0 0
0 0
0 0
0 0
0 0
0 0
0 0
0 0
0 0
0 0
0 0
0 0
0 0
0 0
578 882
0 0
0 0
0 0
0 0
0 0
0 0
0 0
0 0
0 0
0 0
0 0
0 0
0 0
0 0
0 0
0 0
0 0
0 0
0 0
0 0
0 0
0 0
0 0
0 0
0 0
0 0
0 0
0 0
0 0
0 0
0 0
0 0
0 0
0 0
0 0
0 0
0 0
0 0
0 0
0 0
0 0
0 0
0 0
0 0
0 0
0 0
0 0
0 0
0 0
0 0
0 0
0 0
0 0
0 0
0 0
0 0
0 0
0 0
0 0
0 0
0 0
0 0
0 0
0 0
0 0
0 0
0 0
0 0
0 0
0 0
882 906
0 0
0 0
0 0
0 0
0 0
0 0
0 0
0 0
0 0
0 0
0 0
0 0
0 0
0 0
0 0
0 0
0 0
0 0
0 0
0 0
0 0
0 0
0 0
0 0
0 0
0 0
0 0
0 0
0 0
0 0
0 0
0 0
0 0
0 0
0 0
0 0
0 0
0 0
0 0
0 0
0 0
0 0
0 0
0 0
0 0
0 0
0 0
0 0
0 0
0 0
0 0
0 0
0 0
0 0
0 0
0 0
0 0
0 0
0 0
0 0
906 763
0 0
0 0
0 0
0 0
0 0
0 0
0 0
0 0
0 0
0 0
0 0
0 0
0 0
0 0
0 0
0 0
0 0
0 0
0 0
0 0
0 0
0 0
0 0
0 0
0 0
0 0
763 834
0 0
0 0
0 0
0 0
0 0
0 0
0 0
0 0
0 0
834 942
0 0
0 0
0 0
0 0
0 0
0 0
0 0
0 0
0 0
0 0
0 0
0 0
0 0
0 0
0 0
0 0
0 0
0 0
0 0
0 0
0 0
0 0
0 0
0 0
0 0
0 0
0 0
0 0
0 0
0 0
0 0
0 0
0 0
0 0
0 0
0 0
0 0
0 0
0 0
0 0
0 0
0 0
0 0
0 0
0 0
0 0
0 0
0 0
0 0
0 0
0 0
0 0
0 0
0 0
0 0
0 0
0 0
0 0
0 0
0 0
0 0
0 0
0 0
0 0
0 0
0 0
0 0
0 0
0 0
0 0
0 0
0 0
0 0
0 0
0 0
0 0
0 0
0 0
0 0
0 0
0 0
0 0
0 0
0 0
0 0
0 0
0 0
0 0
0 0
0 0
0 0
0 0
0 0
0 0
0 0
0 0
0 0
0 0
0 0
0 0
0 0
0 0
0 0
0 0
0 0
0 0
0 0
0 0
0 0
0 0
0 0
0 0
0 0
0 0
0 0
0 0
0 0
0 0
0 0
0 0
0 0
0 0
0 0
0 0
0 0
0 0
0 0
0 0
0 0
0 0
0 0
0 0
0 0
0 0
0 0
0 0
0 0
0 0
0 0
0 0
0 0
0 0
0 0
0 0
0 0
0 0
0 0
0 0
0 0
0 0
0 0
0 0
0 0
0 0
0 0
0 0
0 0
0 0
0 0
0 0
0 0
0 0
0 0
0 0
0 0
0 0
0 0
0 0
0 0
0 0
0 0
0 0
0 0
0 0
0 0
0 0
0 0
0 0
0 0
0 0
0 0
0 0
0 0
0 0
0 0
0 0
0 0
0 0
0 0
0 0
0 0
0 0
0 0
0 0
0 0
0 0
0 0
0 0
0 0
0 0
0 0
0 0
0 0
0 0
0 0
0 0
0 0
0 0
0 0
0 0
0 0
0 0
0 0
0 0
0 0
0 0
0 0
0 0
0 0
0 0
0 0
0 0
0 0
0 0
0 0
0 0
0 0
0 0
0 0
0 0
0 0
0 0
0 0
0 0
0 0
0 0
834 836
0 0
0 0
0 0
0 0
0 0
0 0
0 0
0 0
0 0
0 0
0 0
0 0
0 0
0 0
0 0
0 0
0 0
0 0
0 0
0 0
0 0
0 0
0 0
0 0
0 0
0 0
0 0
0 0
0 0
0 0
0 0
0 0
0 0
0 0
0 0
0 0
0 0
0 0
0 0
0 0
0 0
0 0
0 0
0 0
0 0
0 0
0 0
0 0
0 0
0 0
0 0
0 0
0 0
0 0
0 0
0 0
0 0
0 0
0 0
0 0
0 0
0 0
0 0
0 0
0 0
0 0
0 0
0 0
0 0
0 0
0 0
0 0
0 0
0 0
0 0
0 0
0 0
0 0
0 0
0 0
0 0
0 0
0 0
0 0
0 0
0 0
0 0
0 0
0 0
0 0
0 0
0 0
0 0
0 0
0 0
0 0
0 0
0 0
0 0
0 0
0 0
0 0
0 0
0 0
0 0
0 0
0 0
0 0
0 0
0 0
0 0
0 0
0 0
0 0
0 0
0 0
0 0
0 0
0 0
0 0
0 0
0 0
834 261
0 0
0 0
0 0
0 0
0 0
0 0
0 0
0 0
0 0
0 0
0 0
0 0
0 0
0 0
0 0
0 0
0 0
0 0
0 0
0 0
0 0
0 0
0 0
0 0
0 0
0 0
0 0
0 0
0 0
0 0
0 0
0 0
0 0
0 0
0 0
0 0
0 0
0 0
0 0
0 0
0 0
0 0
0 0
0 0
0 0
0 0
0 0
0 0
0 0
0 0
0 0
0 0
0 0
0 0
0 0
0 0
0 0
0 0
0 0
0 0
0 0
0 0
0 0
0 0
0 0
0 0
0 0
0 0
0 0
0 0
0 0
0 0
0 0
0 0
0 0
0 0
0 0
0 0
0 0
0 0
0 0
0 0
0 0
0 0
0 0
0 0
0 0
0 0
0 0
0 0
0 0
0 0
0 0
0 0
0 0
0 0
0 0
0 0
0 0
0 0
0 0
0 0
0 0
0 0
0 0
0 0
0 0
0 0
0 0
0 0
0 0
0 0
0 0
0 0
0 0
0 0
0 0
0 0
0 0
0 0
0 0
0 0
0 0
0 0
0 0
0 0
0 0
0 0
0 0
0 0
0 0
0 0
0 0
0 0
0 0
0 0
0 0
0 0
0 0
0 0
0 0
0 0
0 0
0 0
0 0
0 0
0 0
0 0
0 0
0 0
0 0
0 0
0 0
0 0
0 0
0 0
0 0
0 0
0 0
0 0
0 0
0 0
0 0
0 0
0 0
0 0
0 0
0 0
0 0
0 0
0 0
0 0
0 0
0 0
0 0
0 0
0 0
0 0
0 0
0 0
0 0
0 0
0 0
0 0
0 0
0 0
0 0
0 0
0 0
0 0
0 0
0 0
0 0
0 0
0 0
0 0
0 0
0 0
0 0
0 0
0 0
0 0
0 0
0 0
0 0
0 0
0 0
0 0
0 0
0 0
0 0
0 0
0 0
0 0
0 0
0 0
0 0
0 0
0 0
0 0
0 0
0 0
0 0
0 0
0 0
0 0
0 0
0 0
0 0
0 0
0 0
0 0
0 0
0 0
0 0
0 0
0 0
0 0
0 0
0 0
0 0
0 0
0 0
0 0
0 0
0 0
0 0
0 0
0 0
0 0
0 0
0 0
0 0
0 0
0 0
0 0
0 0
0 0
0 0
0 0
0 0
763 350
0 0
0 0
0 0
0 0
0 0
0 0
0 0
0 0
0 0
0 0
0 0
0 0
0 0
0 0
0 0
0 0
0 0
0 0
0 0
0 0
0 0
0 0
0 0
0 0
0 0
0 0
0 0
0 0
0 0
0 0
0 0
0 0
0 0
0 0
0 0
0 0
0 0
0 0
0 0
0 0
0 0
0 0
0 0
0 0
0 0
0 0
0 0
0 0
350 456
0 0
0 0
0 0
0 0
0 0
0 0
0 0
0 0
0 0
0 0
0 0
0 0
0 0
0 0
0 0
0 0
0 0
0 0
0 0
0 0
0 0
0 0
0 0
0 0
0 0
0 0
0 0
0 0
0 0
0 0
0 0
0 0
0 0
0 0
0 0
0 0
0 0
0 0
0 0
0 0
0 0
0 0
0 0
0 0
0 0
0 0
0 0
0 0
0 0
0 0
0 0
0 0
0 0
0 0
0 0
0 0
0 0
0 0
0 0
0 0
0 0
0 0
0 0
0 0
0 0
0 0
0 0
0 0
0 0
0 0
0 0
0 0
0 0
0 0
0 0
0 0
0 0
0 0
0 0
0 0
0 0
0 0
0 0
0 0
0 0
0 0
0 0
0 0
0 0
0 0
0 0
0 0
0 0
0 0
0 0
0 0
0 0
0 0
456 925
0 0
0 0
0 0
0 0
0 0
0 0
0 0
0 0
0 0
0 0
0 0
0 0
0 0
0 0
0 0
0 0
0 0
0 0
0 0
0 0
0 0
0 0
0 0
0 0
0 0
0 0
0 0
0 0
0 0
0 0
0 0
0 0
0 0
0 0
0 0
0 0
0 0
0 0
0 0
0 0
0 0
0 0
0 0
0 0
0 0
0 0
0 0
0 0
0 0
0 0
0 0
0 0
0 0
0 0
0 0
0 0
0 0
0 0
0 0
0 0
0 0
0 0
0 0
0 0
0 0
0 0
0 0
0 0
0 0
0 0
0 0
0 0
0 0
0 0
0 0
0 0
0 0
0 0
0 0
0 0
0 0
0 0
0 0
0 0
0 0
0 0
0 0
0 0
0 0
0 0
0 0
0 0
0 0
0 0
0 0
0 0
0 0
0 0
0 0
0 0
0 0
0 0
0 0
0 0
0 0
0 0
0 0
0 0
0 0
0 0
0 0
0 0
0 0
0 0
0 0
0 0
0 0
0 0
0 0
0 0
0 0
0 0
0 0
0 0
0 0
0 0
0 0
0 0
0 0
0 0
0 0
0 0
0 0
0 0
0 0
0 0
0 0
0 0
0 0
0 0
0 0
0 0
0 0
0 0
0 0
0 0
0 0
0 0
0 0
0 0
0 0
0 0
0 0
0 0
0 0
0 0
0 0
0 0
0 0
0 0
0 0
0 0
0 0
0 0
0 0
0 0
0 0
0 0
0 0
0 0
0 0
0 0
0 0
0 0
0 0
0 0
0 0
0 0
0 0
0 0
0 0
0 0
0 0
0 0
0 0
0 0
0 0
0 0
0 0
0 0
0 0
0 0
0 0
0 0
0 0
0 0
0 0
0 0
0 0
0 0
0 0
0 0
0 0
0 0
0 0
0 0
0 0
0 0
0 0
0 0
0 0
0 0
0 0
0 0
0 0
0 0
0 0
0 0
0 0
0 0
0 0
0 0
0 0
0 0
0 0
0 0
0 0
0 0
0 0
0 0
0 0
0 0
0 0
0 0
0 0
0 0
0 0
0 0
0 0
0 0
0 0
0 0
0 0
0 0
0 0
0 0
0 0
0 0
0 0
0 0
0 0
0 0
0 0
0 0
0 0
0 0
0 0
0 0
0 0
0 0
0 0
0 0
0 0
0 0
0 0
0 0
0 0
0 0
0 0
0 0
0 0
0 0
0 0
0 0
0 0
0 0
0 0
0 0
0 0
0 0
0 0
0 0
0 0
0 0
0 0
0 0
0 0
0 0
0 0
0 0
0 0
0 0
0 0
0 0
0 0
0 0
0 0
0 0
0 0
0 0
0 0
0 0
0 0
0 0
0 0
0 0
0 0
0 0
0 0
0 0
0 0
0 0
0 0
0 0
0 0
0 0
0 0
0 0
0 0
0 0
0 0
0 0
0 0
0 0
0 0
0 0
0 0
0 0
0 0
0 0
0 0
0 0
0 0
0 0
0 0
0 0
0 0
0 0
0 0
0 0
0 0
0 0
0 0
0 0
0 0
0 0
0 0
0 0
0 0
0 0
0 0
0 0
0 0
0 0
0 0
0 0
0 0
0 0
0 0
0 0
0 0
0 0
0 0
0 0
0 0
0 0
0 0
0 0
0 0
0 0
0 0
0 0
0 0
0 0
0 0
0 0
0 0
0 0
0 0
0 0
0 0
0 0
0 0
0 0
0 0
0 0
0 0
0 0
0 0
0 0
0 0
0 0
0 0
0 0
0 0
0 0
0 0
0 0
0 0
0 0
0 0
0 0
0 0
0 0
0 0
0 0
0 0
0 0
0 0
0 0
0 0
0 0
0 0
0 0
0 0
0 0
0 0
0 0
0 0
0 0
0 0
0 0
0 0
0 0
0 0
0 0
0 0
0 0
0 0
0 0
0 0
0 0
0 0
0 0
0 0
0 0
0 0
0 0
0 0
0 0
0 0
0 0
0 0
0 0
0 0
0 0
0 0
0 0
0 0
0 0
0 0
0 0
0 0
0 0
0 0
0 0
0 0
0 0
0 0
0 0
0 0
0 0
0 0
0 0
0 0
0 0
0 0
0 0
0 0
0 0
0 0
0 0
0 0
0 0
0 0
0 0
0 0
0 0
0 0
0 0
0 0
0 0
0 0
0 0
0 0
0 0
0 0
0 0
0 0
0 0
0 0
0 0
0 0
0 0
0 0
0 0
0 0
0 0
0 0
0 0
0 0
0 0
0 0
0 0
0 0
0 0
0 0
0 0
0 0
0 0
0 0
0 0
0 0
0 0
0 0
0 0
0 0
0 0
0 0
0 0
0 0
0 0
0 0
0 0
0 0
0 0
0 0
0 0
0 0
0 0
0 0
0 0
0 0
0 0
0 0
0 0
0 0
0 0
0 0
0 0
0 0
0 0
0 0
0 0
0 0
0 0
0 0
0 0
0 0
0 0
0 0
0 0
0 0
0 0
0 0
0 0
0 0
0 0
0 0
0 0
0 0
0 0
0 0
0 0
0 0
0 0
0 0
0 0
0 0
0 0
0 0
0 0
0 0
0 0
0 0
0 0
0 0
0 0
0 0
0 0
0 0
0 0
0 0
0 0
0 0
0 0
0 0
0 0
0 0
0 0
0 0
0 0
0 0
0 0
0 0
0 0
0 0
0 0
0 0
0 0
0 0
0 0
0 0
0 0
0 0
0 0
0 0
0 0
0 0
0 0
0 0
0 0
0 0
0 0
0 0
0 0
0 0
0 0
0 0
0 0
0 0
0 0
0 0
0 0
0 0
0 0
0 0
0 0
0 0
0 0
0 0
0 0
0 0
0 0
0 0
0 0
0 0
0 0
0 0
0 0
0 0
0 0
0 0
0 0
0 0
0 0
0 0
0 0
0 0
0 0
0 0
0 0
0 0
0 0
0 0
0 0
0 0
0 0
0 0
0 0
0 0
0 0
0 0
0 0
0 0
0 0
0 0
0 0
0 0
0 0
0 0
0 0
0 0
0 0
0 0
0 0
0 0
0 0
0 0
0 0
0 0
0 0
0 0
0 0
0 0
0 0
0 0
0 0
0 0
0 0
0 0
0 0
0 0
0 0
0 0
0 0
0 0
0 0
0 0
0 0
0 0
0 0
0 0
0 0
0 0
0 0
0 0
0 0
0 0
0 0
0 0
0 0
0 0
0 0
0 0
0 0
0 0
0 0
0 0
0 0
0 0
0 0
0 0
0 0
0 0
0 0
0 0
0 0
0 0
0 0
0 0
0 0
0 0
0 0
0 0
0 0
0 0
0 0
0 0
0 0
0 0
0 0
0 0
0 0
0 0
0 0
0 0
0 0
0 0
0 0
0 0
0 0
0 0
0 0
0 0
0 0
0 0
0 0
0 0
0 0
0 0
0 0
0 0
0 0
0 0
0 0
0 0
0 0
0 0
0 0
0 0
0 0
0 0
0 0
0 0
0 0
0 0
0 0
0 0
0 0
0 0
0 0
0 0
0 0
0 0
0 0
0 0
0 0
0 0
0 0
0 0
0 0
0 0
0 0
0 0
0 0
0 0
0 0
0 0
0 0
0 0
0 0
0 0
0 0
0 0
0 0
0 0
0 0
0 0
0 0
0 0
0 0
0 0
0 0
0 0
0 0
0 0
0 0
0 0
0 0
0 0
0 0
0 0
0 0
0 0
0 0
0 0
0 0
0 0
0 0
0 0
0 0
0 0
0 0
0 0
0 0
0 0
0 0
0 0
0 0
0 0
0 0
0 0
0 0
0 0
0 0
0 0
0 0
0 0
0 0
0 0
0 0
0 0
0 0
0 0
0 0
0 0
0 0
0 0
0 0
0 0
0 0
0 0
0 0
0 0
0 0
0 0
0 0
0 0
0 0
0 0
0 0
0 0
0 0
0 0
0 0
0 0
0 0
0 0
0 0
0 0
0 0
0 0
0 0
0 0
0 0
0 0
0 0
0 0
0 0
0 0
0 0
0 0
0 0
0 0
0 0
0 0
0 0
0 0
0 0
0 0
0 0
0 0
0 0
0 0
0 0
0 0
0 0
0 0
0 0
0 0
0 0
0 0
0 0
0 0
0 0
0 0
0 0
0 0
0 0
0 0
0 0
0 0
0 0
0 0
0 0
0 0
0 0
0 0
0 0
0 0
0 0
0 0
0 0
0 0
0 0
0 0
0 0
0 0
0 0
0 0
0 0
0 0
0 0
0 0
0 0
0 0
0 0
0 0
0 0
0 0
0 0
0 0
0 0
0 0
0 0
0 0
0 0
0 0
0 0
0 0
0 0
0 0
0 0
0 0
0 0
0 0
0 0
0 0
0 0
0 0
0 0
0 0
0 0
0 0
0 0
0 0
0 0
0 0
0 0
0 0
0 0
0 0
0 0
0 0
0 0
0 0
0 0
0 0
0 0
0 0
0 0
0 0
0 0
0 0
0 0
0 0
0 0
0 0
0 0
0 0
0 0
0 0
0 0
0 0
0 0
0 0
0 0
0 0
0 0
0 0
0 0
0 0
0 0
0 0
0 0
0 0
0 0
0 0
0 0
0 0
0 0
0 0
0 0
0 0
0 0
0 0
0 0
0 0
0 0
0 0
0 0
0 0
0 0
0 0
0 0
0 0
0 0
0 0
0 0
0 0
0 0
0 0
0 0
0 0
0 0
0 0
0 0
0 0
0 0
0 0
0 0
0 0
0 0
0 0
0 0
0 0
0 0
0 0
0 0
0 0
0 0
0 0
0 0
0 0
0 0
0 0
0 0
0 0
0 0
0 0
0 0
0 0
0 0
0 0
0 0
0 0
0 0
0 0
0 0
0 0
0 0
0 0
0 0
0 0
0 0
0 0
0 0
0 0
0 0
0 0
0 0
0 0
0 0
0 0
0 0
0 0
0 0
0 0
0 0
0 0
0 0
0 0
0 0
0 0
0 0
0 0
0 0
0 0
0 0
0 0
0 0
0 0
0 0
0 0
0 0
0 0
0 0
0 0
0 0
0 0
0 0
0 0
0 0
0 0
0 0
0 0
0 0
0 0
0 0
0 0
0 0
0 0
0 0
0 0
0 0
0 0
0 0
0 0
0 0
0 0
0 0
0 0
0 0
0 0
0 0
0 0
0 0
0 0
0 0
0 0
0 0
0 0
0 0
0 0
0 0
0 0
0 0
0 0
0 0
0 0
0 0
0 0
0 0
0 0
0 0
0 0
0 0
0 0
0 0
0 0
0 0
0 0
0 0
0 0
0 0
0 0
0 0
0 0
0 0
0 0
0 0
0 0
0 0
0 0
0 0
0 0
0 0
0 0
0 0
0 0
0 0
0 0
0 0
0 0
0 0
0 0
0 0
0 0
0 0
0 0
0 0
0 0
0 0
0 0
0 0
0 0
0 0
0 0
0 0
0 0
0 0
0 0
0 0
0 0
0 0
0 0
0 0
0 0
0 0
0 0
0 0
0 0
0 0
0 0
0 0
0 0
0 0
0 0
0 0
0 0
0 0
0 0
0 0
0 0
0 0
0 0
0 0
0 0
0 0
0 0
0 0
0 0
0 0
0 0
0 0
0 0
0 0
0 0
0 0
0 0
0 0
0 0
0 0
0 0
0 0
0 0
0 0
0 0
0 0
0 0
0 0
0 0
0 0
0 0
0 0
0 0
0 0
0 0
0 0
0 0
0 0
0 0
0 0
0 0
0 0
0 0
0 0
0 0
0 0
0 0
0 0
0 0
0 0
0 0
0 0
0 0
0 0
0 0
0 0
0 0
0 0
0 0
0 0
0 0
0 0
0 0
0 0
0 0
0 0
0 0
0 0
0 0
0 0
0 0
0 0
0 0
0 0
0 0
0 0
0 0
0 0
0 0
0 0
0 0
0 0
0 0
0 0
0 0
0 0
0 0
0 0
0 0
0 0
0 0
0 0
0 0
0 0
0 0
0 0
0 0
0 0
0 0
0 0
0 0
0 0
0 0
0 0
0 0
0 0
0 0
0 0
0 0
0 0
0 0
0 0
0 0
0 0
0 0
0 0
0 0
0 0
0 0
0 0
0 0
0 0
0 0
261 952
952 951
942 953
953 104
2318
0 1
534 0
0 679
1 2
679 1
2 3
2 4
5 2
2 679
3 4
4 5
5 6
679 5
6 7
679 6
7 8
7 614
7 679
8 9
614 8
622 8
9 10
622 9
10 11
10 622
11 12
601 11
11 602
11 622
12 13
12 602
13 14
602 13
14 15
602 14
14 674
15 16
15 674
16 17
16 674
748 16
17 18
17 748
18 19
18 748
19 20
19 703
705 19
748 19
20 21
22 20
20 23
703 20
21 22
22 23
23 24
703 23
24 25
24 652
24 702
24 703
25 26
25 702
26 27
26 583
702 26
27 28
27 583
28 29
583 28
29 30
29 583
684 29
30 31
684 30
31 32
684 31
32 33
630 32
684 32
33 34
630 33
34 35
630 34
35 36
630 35
35 888
36 37
888 36
37 38
37 885
37 888
38 39
885 38
39 40
884 39
39 885
40 41
40 884
40 887
41 42
41 887
42 43
42 887
43 44
43 887
43 912
44 45
912 44
45 46
912 45
46 47
591 46
46 912
47 48
47 591
48 49
48 591
48 676
49 50
49 676
50 51
50 676
50 719
51 52
719 51
52 53
52 612
719 52
53 54
53 612
677 53
54 55
54 677
55 56
577 55
55 677
56 57
56 577
57 58
577 57
57 588
58 59
588 58
59 60
588 59
60 61
60 62
588 60
60 617
61 62
62 63
62 617
63 64
617 63
64 65
64 617
64 623
65 66
65 623
680 65
66 67
680 66
67 68
67 680
68 69
68 70
68 680
936 68
69 70
70 71
936 70
71 72
71 935
71 936
72 73
931 72
935 72
73 74
73 931
74 75
74 658
74 931
75 76
658 75
76 77
586 76
76 658
77 78
586 77
78 79
586 78
78 696
79 80
696 79
697 79
79 699
80 81
699 80
81 82
699 81
82 83
82 579
82 699
83 84
83 579
903 83
84 85
84 903
85 86
903 85
86 87
875 86
903 86
87 88
87 875
88 89
589 88
875 88
89 90
89 589
659 89
90 91
659 90
91 92
91 659
92 93
92 659
916 92
93 94
916 93
94 95
916 94
95 96
916 95
95 939
96 97
96 939
97 98
97 938
97 939
98 99
938 98
98 941
99 100
99 941
100 101
100 941
100 942
101 102
942 101
102 103
102 942
102 943
103 104
943 103
104 105
134 104
104 914
943 104
105 106
114 105
105 914
106 107
114 106
107 108
107 113
114 107
108 109
111 108
113 108
109 110
111 109
110 111
111 112
113 111
112 113
113 114
114 115
914 114
115 116
130 115
115 914
116 117
128 116
129 116
130 116
117 118
127 117
128 117
118 119
126 118
118 127
119 120
125 119
126 119
120 121
124 120
125 120
121 122
124 121
122 123
124 122
123 124
124 125
125 126
126 127
127 128
128 129
129 130
130 131
130 914
131 132
131 914
132 133
132 914
133 134
914 133
134 135
914 134
134 943
135 136
943 135
136 137
136 943
137 138
942 137
137 943
138 139
942 138
139 140
941 139
139 942
140 141
938 140
140 941
141 142
141 938
142 143
938 142
940 142
143 144
940 143
144 145
940 144
145 146
145 915
917 145
145 940
146 147
146 917
147 148
917 147
148 149
148 660
917 148
149 150
660 149
150 151
660 150
150 876
151 152
151 876
152 153
152 874
876 152
153 154
153 874
904 153
154 155
904 154
155 156
904 155
156 157
700 156
904 156
157 158
157 700
158 159
700 158
159 160
159 700
159 701
160 161
160 701
161 162
582 161
161 701
162 163
582 162
163 164
582 163
164 165
582 164
164 643
165 166
165 643
166 167
643 166
167 168
643 167
168 169
643 168
168 646
169 170
646 169
170 171
170 646
647 170
171 172
647 171
648 171
172 173
172 648
173 174
173 648
698 173
174 175
698 174
175 176
175 698
176 177
698 176
852 176
177 178
834 177
177 852
178 179
834 178
836 178
179 180
670 179
179 836
180 181
635 180
670 180
181 182
181 635
182 183
635 182
183 184
635 183
685 183
184 185
184 186
184 187
685 184
185 186
186 187
187 188
189 187
187 190
187 685
188 189
189 190
190 191
192 190
193 190
685 190
191 192
192 193
193 194
666 193
193 685
194 195
194 196
197 194
194 666
195 196
196 197
197 198
197 199
595 197
197 666
198 199
199 200
199 595
200 201
200 595
200 878
201 202
201 878
202 203
202 878
203 204
203 205
570 203
878 203
204 205
205 206
207 205
570 205
205 926
206 207
207 208
207 926
208 209
926 208
209 210
209 597
209 926
210 211
210 212
210 597
211 212
212 213
212 597
213 214
597 213
213 608
214 215
608 214
215 216
215 608
216 217
216 218
216 608
217 218
218 219
608 218
219 220
608 219
609 219
220 221
609 220
221 222
226 221
221 609
222 223
224 222
222 226
223 224
224 225
224 226
225 226
226 227
609 226
226 846
848 226
227 228
227 846
228 229
228 832
228 846
229 230
811 229
229 832
230 231
811 230
230 816
231 232
231 816
232 233
812 232
232 816
233 234
233 812
234 235
812 234
817 234
235 236
817 235
236 237
817 236
236 826
237 238
826 237
238 239
818 238
826 238
239 240
818 239
239 827
240 241
827 240
241 242
827 241
242 243
242 819
242 827
243 244
819 243
244 245
819 244
244 837
245 246
837 245
246 247
837 246
246 849
247 248
605 247
247 849
248 249
250 248
248 255
248 605
249 250
250 251
250 253
250 254
255 250
251 252
251 253
252 253
253 254
254 255
255 256
593 255
255 605
256 257
256 593
257 258
259 257
593 257
258 259
259 260
593 259
259 604
260 261
604 260
261 262
261 567
261 604
261 853
262 263
853 262
946 262
263 264
946 263
264 265
264 945
264 946
265 266
945 265
266 267
944 266
945 266
267 268
944 267
268 269
944 268
948 268
269 270
948 269
270 271
948 270
950 270
271 272
271 950
272 273
272 950
272 951
273 274
273 951
274 275
274 276
309 274
951 274
275 276
276 277
308 276
276 309
642 276
277 278
277 642
278 279
580 278
278 642
279 280
580 279
280 281
280 297
280 580
281 282
296 281
281 297
282 283
296 282
283 284
295 283
283 296
284 285
295 284
285 286
294 285
295 285
286 287
286 288
286 292
293 286
286 294
287 288
288 289
290 288
291 288
288 292
289 290
290 291
291 292
292 293
293 294
294 295
295 296
296 297
297 298
580 297
298 299
304 298
305 298
580 298
299 300
303 299
299 304
300 301
303 300
301 302
303 301
302 303
303 304
304 305
305 306
580 305
306 307
580 306
307 308
307 580
307 642
308 309
642 308
309 310
951 309
310 311
310 951
311 312
311 950
311 951
312 313
950 312
313 314
948 313
313 950
314 315
948 314
314 949
315 316
315 949
316 317
316 949
317 318
947 317
317 949
318 319
947 318
319 320
319 947
320 321
320 566
320 854
320 947
321 322
854 321
322 323
322 854
855 322
323 324
323 855
324 325
324 855
325 326
325 855
918 325
326 327
326 918
327 328
327 879
327 918
328 329
328 879
329 330
329 619
879 329
330 331
619 330
331 332
331 619
332 333
332 619
333 334
333 619
333 838
334 335
814 334
829 334
838 334
335 336
335 829
336 337
829 336
336 839
337 338
337 839
338 339
839 338
339 340
839 339
339 840
340 341
340 840
843 340
341 342
843 341
342 343
342 843
343 344
343 346
343 621
343 842
343 843
344 345
346 344
345 346
346 347
346 621
347 348
347 607
621 347
348 349
350 348
348 607
349 350
350 351
607 350
624 350
350 881
351 352
881 351
352 353
585 352
352 881
353 354
353 585
354 355
354 585
355 356
357 355
585 355
355 856
356 357
357 358
856 357
358 359
358 856
358 859
359 360
859 359
360 361
859 360
361 362
361 859
361 860
362 363
860 362
363 364
363 860
898 363
364 365
898 364
365 366
365 898
366 367
366 688
898 366
367 368
688 367
368 369
368 688
369 370
686 369
369 688
370 371
686 370
371 372
371 686
372 373
372 638
372 686
373 374
373 638
374 375
374 574
638 374
375 376
375 574
376 377
376 574
376 641
377 378
377 641
378 379
378 575
378 641
379 380
575 379
380 381
575 380
711 380
381 382
711 381
382 383
382 584
711 382
383 384
584 383
384 385
584 384
709 384
385 386
385 709
386 387
709 386
386 710
387 388
710 387
388 389
388 710
389 390
710 389
390 391
710 390
391 392
710 391
392 393
392 662
710 392
393 394
393 594
393 662
394 395
394 396
394 594
395 396
396 397
594 396
396 665
397 398
665 397
397 929
398 399
398 929
399 400
929 399
400 401
927 400
929 400
401 402
403 401
592 401
401 927
402 403
403 404
403 592
924 403
404 405
404 924
405 406
923 405
405 924
406 407
923 406
407 408
919 407
923 407
408 409
408 919
408 920
409 410
920 409
410 411
410 920
411 412
411 920
412 413
412 920
413 414
920 413
414 415
919 414
920 414
415 416
919 415
416 417
919 416
921 416
417 418
921 417
418 419
418 921
419 420
419 921
922 419
420 421
420 922
421 422
922 421
422 423
424 422
922 422
423 424
424 425
424 922
425 426
922 425
426 427
922 426
426 925
427 428
925 427
428 429
428 661
428 925
429 430
661 429
430 431
430 661
431 432
431 661
432 433
432 661
433 434
433 661
433 928
434 435
928 434
435 436
714 435
435 928
436 437
436 714
437 438
437 663
437 664
437 714
438 439
440 438
438 664
439 440
440 441
664 440
441 442
441 664
442 443
442 664
442 892
893 442
443 444
443 893
444 445
444 634
893 444
445 446
445 634
446 447
446 634
447 448
447 634
447 750
448 449
448 750
449 450
449 750
450 451
750 450
451 452
451 712
743 451
750 451
452 453
452 743
453 454
453 692
453 743
454 455
692 454
455 456
692 455
456 457
456 690
456 691
456 692
457 458
457 690
458 459
458 690
459 460
690 459
460 461
689 460
460 690
461 462
461 689
744 461
462 463
744 462
463 464
744 463
464 465
464 693
464 744
465 466
465 693
465 902
466 467
902 466
467 468
467 872
467 873
902 467
468 469
872 468
469 470
872 469
470 471
872 470
471 472
471 868
872 471
472 473
472 868
472 901
473 474
473 784
473 901
474 475
771 474
784 474
475 476
475 771
476 477
476 758
771 476
477 478
758 477
772 477
478 479
772 478
479 480
479 772
480 481
480 759
772 480
481 482
481 759
482 483
759 482
760 482
483 484
760 483
484 485
760 484
485 486
485 760
485 910
486 487
486 910
487 488
910 487
487 911
488 489
911 488
489 490
489 906
489 911
490 491
882 490
490 906
491 492
882 491
492 493
882 492
492 937
493 494
493 937
494 495
937 494
495 496
741 495
495 937
496 497
741 496
496 913
497 498
497 913
498 499
498 913
499 500
499 894
913 499
500 501
894 500
501 502
894 501
502 503
502 894
503 504
894 503
503 895
504 505
654 504
655 504
895 504
505 506
654 505
506 507
506 654
507 508
507 509
507 654
508 509
509 510
509 654
510 511
654 510
510 706
511 512
511 706
877 511
512 513
877 512
513 514
513 877
514 515
514 590
514 877
515 516
590 515
515 673
516 517
673 516
517 518
673 517
518 519
578 518
518 673
519 520
519 578
520 521
520 578
521 522
578 521
615 521
522 523
522 615
523 524
523 615
524 525
524 615
525 526
525 615
526 527
615 526
527 528
527 599
527 615
528 529
599 528
529 530
529 599
613 529
530 531
613 530
531 532
531 613
532 533
613 532
532 614
679 532
533 534
679 533
679 534
570 535
535 667
535 668
671 535
535 672
715 535
815 536
536 824
825 536
536 833
536 834
845 536
537 603
678 537
717 537
718 537
753 537
754 537
795 538
807 538
809 538
538 830
538 831
538 844
736 539
539 739
539 740
767 539
539 865
867 539
869 539
687 540
745 540
540 746
862 540
540 897
761 541
541 765
541 776
798 541
900 541
582 542
643 542
645 542
651 542
542 695
542 697
650 543
543 752
543 769
543 781
543 799
543 804
543 805
884 544
886 544
544 905
544 906
907 544
908 544
545 652
655 545
682 545
545 683
545 707
896 545
611 546
618 546
724 546
725 546
546 729
546 880
547 810
813 547
547 814
818 547
547 819
547 828
838 547
593 548
604 548
548 605
548 606
849 548
879 548
918 548
574 549
636 549
549 641
691 549
692 549
742 549
584 550
550 657
550 708
749 550
889 550
550 890
551 594
662 551
551 663
551 664
891 551
551 892
595 552
552 635
552 666
667 552
552 668
552 685
553 796
807 553
553 808
553 811
553 815
553 821
554 808
809 554
810 554
554 812
554 813
817 554
791 555
820 555
555 830
839 555
840 555
850 555
556 585
740 556
556 856
857 556
864 556
556 866
556 867
774 557
777 557
930 557
932 557
933 557
557 934
625 558
627 558
778 558
785 558
558 841
842 558
559 586
559 658
747 559
559 751
752 559
559 769
560 647
560 648
649 560
780 560
560 781
729 561
561 738
756 561
771 561
784 561
561 880
562 577
562 588
562 610
562 611
616 562
618 562
563 863
563 864
871 563
563 872
563 873
564 659
564 660
564 916
917 564
565 578
599 565
565 601
565 613
565 614
565 622
566 853
566 854
945 566
566 946
566 947
567 604
567 853
854 567
855 567
567 918
919 568
921 568
568 922
568 923
568 924
568 925
569 590
674 569
569 705
569 706
748 569
569 877
570 667
715 570
878 570
570 926
571 860
571 861
571 862
897 571
571 898
572 591
603 572
572 886
908 572
909 572
572 912
636 573
573 639
640 573
573 689
573 690
573 691
574 636
638 574
574 641
575 641
575 657
575 711
742 575
623 576
680 576
576 720
576 723
933 576
934 576
576 936
588 577
610 577
577 677
599 578
578 601
615 578
673 578
651 579
699 579
700 579
579 903
904 579
642 580
581 753
581 754
581 757
759 581
581 772
582 643
651 582
701 582
652 583
683 583
583 684
702 583
657 584
708 584
584 709
584 711
740 585
856 585
585 881
658 586
586 696
747 586
649 587
587 650
587 698
845 587
851 587
852 587
588 616
617 588
659 589
660 589
875 589
876 589
590 601
590 602
673 590
674 590
877 590
603 591
591 676
591 912
592 661
924 592
925 592
927 592
592 928
604 593
605 593
594 662
663 594
665 594
666 595
667 595
595 878
596 607
596 621
624 596
596 625
628 596
737 596
597 608
609 597
597 715
597 716
926 597
610 598
598 612
678 598
598 754
598 755
613 599
599 615
616 600
600 617
600 618
722 600
600 725
600 726
601 602
622 601
601 673
602 674
676 603
678 603
603 717
603 909
604 918
849 605
619 606
828 606
606 837
606 849
606 879
621 607
607 624
608 609
672 609
609 716
609 848
610 611
610 612
610 677
610 755
611 618
755 611
756 611
880 611
677 612
612 678
612 719
613 614
622 614
679 614
616 617
618 616
623 617
617 726
725 618
619 828
838 619
619 879
620 624
737 620
620 739
620 740
881 620
621 625
621 842
680 623
720 623
623 726
624 737
881 624
627 625
625 628
625 842
734 626
626 736
762 626
763 626
626 764
626 899
627 628
764 627
765 627
778 627
627 899
737 628
899 628
629 630
629 632
633 629
682 629
629 768
629 883
630 632
630 633
630 684
888 630
631 633
631 883
884 631
885 631
888 631
905 631
632 682
683 632
632 684
633 883
888 633
634 712
750 634
890 634
893 634
668 635
670 635
685 635
636 638
636 639
691 636
637 638
637 639
637 640
637 686
637 687
688 637
639 638
686 638
640 639
640 687
689 640
744 640
640 746
641 742
645 643
646 643
644 645
644 646
644 647
694 644
695 644
780 644
646 645
695 645
646 647
647 648
647 780
648 649
698 648
650 649
649 698
781 649
781 650
805 650
851 650
697 651
699 651
651 700
651 701
683 652
702 652
652 703
652 704
652 707
653 654
653 655
704 653
653 705
706 653
654 655
706 654
704 655
707 655
655 895
655 896
662 656
656 708
709 656
656 710
891 656
711 657
657 742
743 657
657 749
658 751
931 658
659 660
916 659
876 660
917 660
925 661
928 661
662 710
891 662
663 664
663 665
714 663
892 664
665 714
665 927
928 665
665 929
685 666
667 668
667 878
670 668
671 668
669 670
669 671
833 669
835 669
836 669
847 669
670 671
836 670
671 672
671 847
715 672
716 672
835 672
672 847
672 848
674 748
675 717
675 718
760 675
907 675
675 909
675 910
678 676
676 719
719 678
678 754
936 680
720 681
681 722
681 723
681 724
728 681
730 681
683 682
682 768
894 682
896 682
682 913
684 683
686 688
688 687
746 687
897 687
688 897
688 898
689 690
689 744
690 691
691 692
742 692
692 743
693 744
745 693
693 746
693 902
694 695
696 694
694 747
694 769
694 780
696 695
695 697
696 697
696 747
697 699
698 852
700 701
904 700
703 704
703 705
704 705
704 707
705 706
748 705
877 706
709 708
708 889
708 891
709 710
712 743
749 712
750 712
712 890
751 713
713 752
713 802
930 713
713 932
714 928
715 716
715 926
717 718
717 909
718 753
718 759
718 760
722 720
723 720
726 720
721 723
773 721
774 721
721 934
722 724
722 725
726 722
728 723
773 723
723 934
725 724
729 724
724 730
731 724
728 727
730 727
731 727
733 727
727 734
727 762
730 728
762 728
728 763
728 773
731 729
738 729
880 729
730 731
731 733
735 731
731 738
732 733
734 732
735 732
732 767
869 732
870 732
733 734
733 735
734 736
734 762
734 767
735 738
784 735
735 870
901 735
737 736
739 736
767 736
899 736
737 739
737 899
784 738
739 740
867 740
740 881
741 768
883 741
913 741
937 741
743 742
749 743
744 746
746 745
858 745
862 745
863 745
745 873
745 902
769 747
749 890
752 751
930 751
751 931
752 769
799 752
752 802
753 754
759 753
755 754
754 757
755 756
755 757
757 756
758 756
771 756
880 756
757 758
772 757
771 758
758 772
760 759
772 759
760 910
761 763
765 761
761 773
774 761
776 761
763 762
764 763
765 763
773 763
765 764
899 764
765 766
778 765
765 798
778 766
785 766
766 786
766 798
767 869
883 768
913 768
769 780
781 769
783 770
770 787
789 770
770 800
770 801
770 803
784 771
774 773
774 776
777 774
774 934
775 777
800 775
775 802
775 900
775 932
777 776
776 900
900 777
932 777
778 785
785 779
779 786
779 793
779 841
850 779
780 781
782 786
782 787
782 798
801 782
900 782
783 799
800 783
783 802
803 783
804 783
901 784
786 785
785 841
786 787
786 793
798 786
786 806
787 789
801 787
787 806
788 789
788 792
788 794
788 795
796 788
788 797
792 789
789 794
803 789
789 806
790 792
797 790
803 790
804 790
805 790
793 791
791 794
791 795
791 806
830 791
844 791
791 850
797 792
803 792
793 806
850 793
795 794
806 794
795 796
795 807
795 844
796 797
807 796
796 821
797 805
821 797
797 823
798 900
802 799
804 799
801 800
800 802
900 800
900 801
932 802
804 803
805 804
805 822
805 823
851 805
808 807
809 807
808 809
808 811
808 812
816 808
810 809
809 831
810 813
814 810
810 820
831 810
811 815
811 816
832 811
816 812
812 817
813 817
813 818
813 826
820 814
814 829
814 838
821 815
815 824
825 815
815 832
826 817
818 819
818 826
827 818
827 819
828 819
837 819
820 829
830 820
831 820
839 820
823 821
824 821
822 823
822 824
845 822
851 822
823 824
824 845
832 825
825 833
825 846
837 828
838 828
839 829
830 831
844 830
846 832
834 833
835 833
836 833
833 846
834 836
845 834
852 834
846 835
835 847
848 835
837 849
839 840
840 841
840 843
850 840
841 842
841 843
841 850
843 842
845 851
845 852
848 846
853 854
946 853
855 854
855 918
856 857
859 856
857 859
860 857
861 857
866 857
861 858
862 858
858 863
864 858
866 858
859 860
860 861
860 898
862 861
861 866
862 897
864 863
873 863
865 864
864 866
867 864
871 864
865 867
865 868
865 869
865 871
868 869
868 870
868 871
872 868
901 868
869 870
901 870
872 871
872 873
873 902
874 875
874 876
874 903
874 904
875 876
875 903
918 879
882 883
905 882
882 906
937 882
905 883
883 937
885 884
886 884
884 887
884 905
885 888
886 887
908 886
886 912
887 912
890 889
889 891
892 889
889 893
890 893
891 892
893 892
894 895
894 896
913 894
896 895
898 897
903 904
905 906
907 906
906 911
907 908
907 909
910 907
907 911
909 908
910 911
915 916
917 915
915 939
940 915
917 916
939 916
919 920
919 921
919 923
922 921
925 922
924 923
925 924
928 927
927 929
930 931
930 932
930 933
930 935
931 935
933 934
935 933
933 936
935 936
938 939
938 940
941 938
939 940
941 942
942 943
945 944
947 944
944 948
949 944
946 945
947 945
949 947
949 948
948 950
951 950
