787
168 510
163 508
162 503
163 498
166 493
168 489
170 486
173 484
174 480
177 475
176 470
175 465
174 460
174 455
175 450
178 445
177 440
178 435
178 430
179 425
179 420
180 415
181 410
181 405
182 400
182 395
182 390
182 385
182 380
181 375
181 370
182 365
183 360
186 356
187 351
186 346
189 341
190 336
189 331
189 326
190 321
190 316
191 311
192 306
192 301
193 296
193 291
194 286
194 281
195 276
195 271
196 266
197 261
198 256
198 251
197 246
198 242
199 237
200 232
201 228
203 224
205 219
204 214
202 210
202 205
202 200
202 195
204 190
206 185
205 180
208 176
210 171
212 166
211 161
211 156
210 151
208 146
207 141
207 136
206 131
206 126
205 121
200 119
195 120
190 120
185 121
180 121
175 121
170 121
165 121
160 120
155 121
150 122
145 123
140 123
135 124
130 124
125 125
120 125
115 125
110 126
105 126
100 126
95 126
90 126
85 127
80 127
75 127
70 127
65 127
60 125
55 128
50 129
45 131
40 131
35 132
31 134
26 133
21 130
20 125
19 120
22 116
27 114
32 111
37 110
42 109
47 109
52 109
57 108
62 106
67 104
72 103
77 102
82 103
87 101
92 101
97 101
102 102
107 102
112 102
117 101
122 101
127 101
132 101
137 100
142 99
147 99
152 99
157 99
162 98
167 97
172 97
177 97
182 96
187 96
192 95
197 94
202 92
207 91
212 89
217 88
222 87
227 87
231 83
234 78
239 77
242 72
239 69
237 72
232 67
229 63
224 62
226 67
223 67
221 68
219 68
219 63
217 58
214 53
211 48
210 43
210 38
211 33
213 28
215 23
217 18
220 13
224 8
229 5
234 4
239 2
244 2
249 2
254 2
259 2
264 2
269 2
274 3
279 4
284 7
289 11
292 15
296 20
296 25
296 30
297 35
298 40
302 43
307 45
312 49
314 54
310 55
305 52
300 49
296 52
294 57
291 62
289 67
287 72
285 72
285 67
284 62
279 62
275 67
271 71
267 72
268 77
273 77
277 81
280 85
285 87
290 88
295 90
300 90
305 91
310 93
315 94
320 95
325 95
330 95
335 95
340 95
345 95
350 97
355 97
360 97
365 97
370 97
375 97
380 97
385 97
390 97
395 97
400 97
405 97
409 95
414 96
419 96
424 96
429 97
434 96
439 99
444 100
448 102
453 102
458 101
463 101
468 101
473 103
478 105
483 107
486 110
486 115
485 120
481 124
476 126
472 124
467 124
462 123
457 121
452 121
447 118
443 120
438 120
433 121
428 121
423 121
418 121
413 121
408 121
403 121
398 121
393 121
388 121
383 121
378 121
373 121
368 119
363 119
358 118
353 117
348 117
343 118
338 117
333 117
328 118
323 118
318 119
313 119
308 119
306 124
303 129
303 134
302 139
300 144
298 149
298 154
298 159
299 164
300 169
301 174
304 179
304 184
305 189
307 194
307 199
308 204
308 209
308 214
303 216
305 221
307 226
309 231
310 236
312 241
312 246
311 251
311 256
312 261
313 266
314 271
314 276
314 281
315 286
316 291
316 296
317 301
317 306
318 311
319 316
319 321
319 326
319 331
319 336
320 341
322 345
322 350
323 355
325 360
327 365
328 370
327 375
327 380
327 385
327 390
327 395
327 400
327 405
328 410
328 415
329 420
330 425
330 430
331 435
333 440
333 445
334 450
335 455
333 460
334 465
334 470
333 475
336 480
340 485
345 488
350 491
355 493
359 497
358 502
354 505
349 507
344 508
339 508
334 508
329 507
324 505
319 504
314 501
309 498
304 497
300 494
299 489
299 484
300 479
302 474
301 470
300 466
300 461
298 456
297 451
298 446
297 441
297 436
296 431
296 426
296 421
295 416
294 411
292 406
291 401
290 396
288 391
286 386
285 381
285 376
284 371
285 366
285 361
285 356
282 351
280 346
278 341
279 336
280 331
279 326
277 321
277 316
274 313
274 308
273 303
271 298
269 293
268 288
267 283
265 279
263 274
263 269
262 264
261 259
260 254
259 250
257 245
253 242
250 246
250 251
248 255
247 260
246 265
244 270
243 275
242 280
241 285
240 290
239 295
237 300
235 305
234 310
232 315
231 319
230 324
229 329
229 334
230 339
230 344
227 349
224 354
223 359
222 364
221 369
221 374
221 379
221 383
220 388
219 393
217 398
216 403
215 408
214 413
213 418
212 423
212 428
214 433
212 437
211 442
211 447
212 452
209 457
209 462
208 467
207 472
209 476
209 481
208 486
208 491
205 496
203 500
200 504
196 508
191 510
186 510
181 510
176 510
171 510
169 510
288.284 269.858
251.5 36.5984
255.051 186.12
254.422 110.422
208.98 329.604
200.978 373.604
218.883 273.5
213.429 303.5
224.841 239.568
273.035 219.453
294.784 301.243
299.523 341.091
306.182 380.827
230.827 39.5653
274.29 36.942
231.238 182.395
262.645 151.5
277.007 176.199
241.632 97.6321
236.35 148.33
277.944 131.5
229.325 118.735
283.098 109.508
262.169 52.635
195.206 432.5
192.641 479.913
410.821 108.393
236.176 247.65
211.938 246.5
225.048 204.6
218.554 183.068
213.565 207.152
205.739 349.548
191.489 456.196
431.828 108.862
315.657 451
242.488 20.4398
216.733 340.47
193.554 364.746
293.578 317.884
288.886 340.061
297.281 371
314.376 370
273.008 19.9807
289.712 182.836
295.245 329.822
284.191 23.9236
29.8224 123.523
475.986 114.811
242.253 52.2445
285.423 44.0705
224.279 171.077
225.427 192.741
222.906 222.072
219.03 330.632
215.321 317.254
205.766 362.053
295.596 381.471
305.946 322.243
274.174 49.3803
283.993 34.0468
243.81 166.866
241.472 194.949
213.543 355.784
210.908 370.952
303.231 310.22
234.787 172.414
231.018 160.077
245.076 179.035
305.613 299.515
221.055 161.538
286.895 245.074
264.606 95.0904
187.684 494.595
398.792 108.983
239.802 230.575
213.171 233.32
421.283 110.472
196.72 354.801
316.582 380.184
287.93 170.769
275.918 160.307
273.851 197.718
214.576 216.903
202.569 318.509
222.728 309.227
307.906 333.429
239.472 186.131
223.045 148.382
229.642 134.291
196.812 489.5
183.451 484.988
242.276 240.023
261.033 169.31
254.43 176.43
265.762 180.569
274.674 186.848
264.668 191.567
260.253 208.09
275.962 145.835
286.965 159.75
218.512 137.67
245.717 126.182
270.794 168.641
287.616 140.142
290.199 127.517
285.153 149.875
281.197 120.662
265.404 121.829
235.737 126.385
241.272 137.356
256.826 137.072
267.967 108.371
254.888 120.963
249.688 148.338
253.785 159.676
243.014 156.417
266.98 132.751
272.934 116.29
266.707 142.564
226.564 102.985
232.263 95.1418
237.266 109.226
246.114 105.939
253.165 96.7723
246.602 86.5142
216.51 112.864
254.5 76.0235
252.032 62.2627
257.613 86.5856
218.621 125.177
214.602 100.866
205.481 108.468
262.272 62.8943
192.909 107.571
270.401 58.0556
211.601 260.98
206.962 272.056
211.129 287.586
223.728 254.019
203.736 281.246
234.611 259.941
224.982 264.674
230.861 275.257
190.325 443.874
200.534 441.521
195.377 467.893
186.475 472.188
184.396 462.754
441.699 109.637
240.325 32.2387
242.922 42.0842
252.302 47.8035
228.152 26.2778
221.493 34.5311
221.677 45.36
232.236 15.7848
286.193 308.985
305.012 356.541
295.44 360.72
293.924 350.165
263.008 29.2659
263.293 40.9757
252.489 25.4541
252.147 13.6563
262.13 18.2932
465.017 112.114
214.176 195.568
277.374 97.7817
288.675 99.5257
296.913 110.677
299.109 100.436
386.697 108.975
229.399 230.209
237.081 214.943
227.617 213.783
235.858 204.195
248.182 205.351
255.226 197.025
251.328 220.515
242.514 222.05
262.126 218.854
266.802 233.346
250.653 231.375
281.336 231.522
259.288 227.77
275.261 241.93
277.158 258.007
288.051 218.015
295.215 233.745
279.593 208.816
269.859 210.154
288.333 197.26
296.273 206.155
299.446 245.572
292.7 257.179
301.726 254.661
289.178 226.998
283.44 189.514
295.444 190.662
300.518 267.136
297.708 283.356
203.024 307.405
204.157 296.302
180.674 108.728
224.04 293.843
223.588 283.133
200.474 451.608
230.944 51.8526
305.573 366.138
309.784 346.146
314.37 360.017
296.915 120.436
310.707 106.237
322.334 106.391
333.387 105.944
374.681 109.012
363.68 107.971
269.812 250.723
265.816 242.466
275.602 270.616
304.255 276.137
305.616 289.5
284.16 290.324
282.488 279.338
293.512 291.853
282.331 299.965
168.583 108.99
157.979 109.574
146.219 110.797
344.423 106.542
134.666 112.348
122.56 113.117
110.631 113.874
98.2859 113.774
86.1284 114.455
74.0326 114.933
64.0417 115.82
201.449 338.615
176.514 498.257
317.239 482.576
308.913 488.041
316.478 466.787
311.504 474.94
309.882 459.215
322.748 458.546
323.003 474.385
200.029 391.687
208.748 383.078
209.401 392.46
193.331 382.269
190.212 373.467
308.95 398.71
316.311 390.907
300.295 391.623
311.486 415.028
316.572 405.882
303.934 407.846
196.547 415.978
201.893 424.728
189.433 423.716
194.444 403.282
205.213 402.418
204.798 411.702
313.734 434.289
308.278 443.383
307.132 425.298
318.407 423.982
321.985 441.806
327.785 491.628
318.113 492.226
337.855 496.757
301.333 105.809
787
165.012 507.775
165.228 507.657
167.059 506.654
171.094 504.447
178.898 500.175
180.193 499.466
181.532 498.727
185.375 496.535
190.972 493.416
191.882 481.039
192.594 461.668
192.622 460.557
192.691 459.037
192.758 458.231
192.905 456.639
193.637 449.082
194.532 441.014
195.161 436.042
195.774 431.212
196.32 426.974
196.946 423.293
197.35 421.301
199.476 410.579
200.023 407.799
201.177 401.622
202.348 394.735
202.709 388.323
201.555 382.329
200.346 376.085
199.56 371.627
199.582 371.448
200.157 371.176
200.594 370.416
202.326 365.358
205.767 354.101
206.338 352.227
207.947 346.95
210.413 336.627
210.741 330.707
210.502 324.805
210.424 322.709
210.371 318.713
210.793 314.618
211.344 308.706
212.107 303.422
212.844 298.226
213.566 293.514
213.919 291.218
214.947 284.541
215.56 280.577
216.131 276.919
216.417 272.874
216.588 269.862
217.632 253.09
217.926 248.592
218.05 245.769
218.256 244.804
219.219 239.586
219.777 236.494
220.037 234.414
223.466 226.873
229.357 214.401
231.875 204.232
226.266 203.126
225.937 203.162
226.387 203.111
226.621 203.078
232.931 202.076
239.16 197.89
236.708 198.248
240.228 197.385
247.978 186.054
253.883 169.932
254.931 154.958
253.888 145.251
252.248 132.969
250.074 126.945
249.624 126.226
249.72 124.578
248.38 119.904
244.541 113.222
224.619 106.651
201.886 104.302
189.619 104.516
183.247 107.223
181.346 108.005
178.594 108.816
174.571 108.887
170.357 108.994
166.224 109.097
160.095 109.248
152.733 109.864
147.373 110.431
143.368 110.958
141.14 111.289
134.081 112.316
129.084 112.877
124.138 113.443
119.851 113.647
117.049 113.684
109.27 113.773
102.6 113.779
100.11 113.782
94.5603 113.835
88.5944 113.925
83.227 114.036
78.9857 114.155
74.295 114.283
70.138 114.856
66.8823 115.349
59.1715 116.571
50.4106 117.968
45.73 118.718
41.0858 119.836
36.3178 121.492
28.8628 124.079
26.7439 124.577
26.7269 124.492
26.2512 124.083
26.2299 124.227
23.1951 123.11
23.5686 123.215
27.9921 124.386
34.1421 122.247
38.6469 120.686
41.5834 119.67
45.977 118.674
56.5292 116.993
59.2563 116.558
66.1825 115.457
70.1494 114.854
73.3161 114.346
76.5287 114.223
79.4504 114.142
88.5142 113.922
91.8582 113.875
95.4639 113.818
103.677 113.778
106.796 113.773
113.335 113.734
118.372 113.667
122.366 113.627
127.347 113.075
133.46 112.383
141.516 111.233
143.545 110.932
146.998 110.469
151.858 109.958
157.974 109.311
164.056 109.155
168.156 109.049
171.941 108.955
177.002 108.83
181.761 107.843
183.913 106.954
192.026 104.414
200.7 104.322
207.092 103.984
211.964 104.607
215.787 104.999
220.67 105.895
225.108 106.796
242.656 110.375
250.851 106.714
252.392 101.952
253.347 99.0073
253.407 55.4345
251.835 31.5566
252.497 31.851
248.767 30.305
231.397 31.8251
225.826 47.1487
219.662 69.8328
221.682 62.3988
220.219 67.7884
219.907 68.9384
220.779 65.7206
0 0
225.418 36.5111
218.392 40.316
217.848 40.6156
223.017 37.7303
222.59 37.783
229.137 33.6961
233.872 30.5799
236.078 28.012
235.8 26.506
232.341 19.6099
232.148 19.2342
235.11 25.1144
237.406 27.2898
239.937 28.9607
245.467 29.7594
252.516 30.5021
260.1 30.6979
267.296 30.2838
271.661 29.6386
274.434 28.7502
275.383 28.2943
275.623 28.2204
278.118 26.9533
280.235 25.4125
282.557 23.7268
283.392 23.1184
275.421 29.042
275.578 32.4495
283.838 37.6543
301.947 46.9295
309.662 51.7875
311.997 53.4418
313.046 54.2148
311.66 53.1934
308.134 50.6178
305.406 49.1542
282.759 37.0995
283.991 37.8528
285.386 43.5722
285.806 55.4491
285.869 71.9749
285.845 72.2002
286.133 69.4883
0 0
274.83 32.9399
259.671 31.8032
253.044 32.9958
253.434 52.9108
254.384 97.8717
254.573 102.088
254.791 108.208
261.392 110.697
274.194 109.614
284.201 107.723
294.06 106.073
302.082 104.752
304.341 104.526
308.813 103.976
314.654 103.93
320.908 104.744
326.838 105.314
331.516 105.554
335.916 105.775
339.909 105.959
342.744 106.067
347.948 106.502
352.558 106.906
359.899 107.55
364.897 108.017
369.696 108.696
374.585 109.379
379.492 109.419
384.359 109.448
389.522 109.312
392.227 109.203
401.018 108.84
407.568 108.543
410.369 108.377
413.269 108.414
416.08 108.469
423.933 108.639
429.339 108.786
432.196 108.872
435.423 109.13
440.833 109.542
446.56 109.981
473.832 114.284
461.902 111.304
463.766 111.486
466.209 111.629
470.501 113.47
477.509 116.499
482.457 113.552
481.36 114.207
479.792 115.141
478.536 115.891
478.184 117.024
478.267 117.09
477.265 116.403
471.38 113.852
466.46 111.746
460.422 111.16
455.532 110.674
436.136 109.237
441.322 109.579
437.109 109.258
432.56 108.908
428.496 108.763
423.725 108.633
418.615 108.518
416.027 108.467
408.142 108.516
402.988 108.75
397.833 108.98
392.533 109.191
387.217 109.411
380.06 109.422
377.853 109.411
374.931 109.421
370.103 108.752
364.529 107.973
359.804 107.542
350.395 106.716
347.109 106.428
343.084 106.101
339.231 105.928
333.284 105.647
328.617 105.4
324.508 105.202
320.17 104.648
314.991 103.812
300.826 105.07
283.087 107.924
267.98 112.306
263.794 117.279
263.022 118.676
260.212 123.447
258.641 135.625
258.427 150.204
259.259 162.83
261.672 172.971
264.61 181.873
270.024 189.635
275.059 195.291
275.723 195.858
278.543 198.55
279.552 199.72
279.828 200.176
285.052 201.225
289.654 201.011
292.219 200.737
277.348 205.569
280.414 215.293
285.484 229.051
288.894 237.859
291.035 243.16
292.493 246.366
292.493 246.392
292.874 248.879
293.989 257.849
293.555 265.909
293.418 272.235
293.697 275.675
293.929 278.551
294.576 284.236
295.25 290.105
295.748 294.062
296.042 296.266
296.978 303.358
297.66 308.657
298.522 316.684
298.718 318.705
299.049 321.903
299.341 326.189
299.701 331.626
300.528 339.142
301.557 346.671
302.063 349.926
302.799 354.088
304.174 361.864
305.41 369.237
305.872 371.951
305.949 372.216
306.053 374.141
306.52 378.87
307.255 384.231
307.963 389.257
308.764 394.576
309.183 397.342
310.581 406.567
311.34 412.137
296.889 324.444
312.865 423.363
313.436 427.676
314.158 433.222
315.04 440.129
315.638 444.907
315.767 447.535
315.896 449.724
316.077 452.781
316.304 456.134
314.888 468.256
314.501 471.566
314.404 483.397
319.996 490.326
330.244 497.507
341.159 500.704
352.622 500.197
355.111 499.58
358.14 498.834
357.655 498.953
356.042 499.351
349.222 501.043
342.051 500.719
339.611 500.608
335.703 500.251
331.59 498.14
325.271 495.509
322.743 493.096
319.367 489.871
315.989 486.895
304.332 491.534
302.749 492.214
308.11 489.911
312.146 488.178
314.931 485.339
313.427 481.847
314.506 471.606
315.174 465.996
316.207 457.368
315.975 452.328
315.908 450.979
315.673 446.145
315.103 440.492
314.414 435.2
313.774 430.277
313.255 426.269
312.435 420.195
311.502 413.325
310.555 406.396
309.702 400.754
309.342 398.375
307.994 389.499
307.083 383.177
306.564 379.564
306.463 378.777
306.224 376.448
305.976 374.179
305.426 370.204
304.352 362.962
302.361 351.572
300.567 341.707
297.382 339.419
296.811 339.6
298.071 339.216
299.757 332.876
299.042 322.414
298.383 314.637
297.68 309.106
297.457 307.303
297.346 306.427
296.372 298.785
295.391 291.318
294.793 286.582
294.32 282.367
293.517 275.216
293.337 273.581
293.123 272.405
293.27 269.983
293.557 266.511
294.01 255.425
291.239 246.189
286.875 234.038
272.742 212.287
252.444 181.333
224.302 222.578
218.123 242.332
217.974 248.494
217.364 256.614
217.047 261.535
216.607 270.038
216.45 273.133
215.973 277.945
215.35 282.032
214.526 287.326
214.282 288.904
213.693 292.765
212.735 299.263
211.908 304.847
211.188 310.186
210.579 315.03
210.486 321.843
210.668 329.55
210.689 336.922
212.595 338.731
212.707 338.764
210.594 338.486
207.829 347.31
205.28 355.706
203.329 362.208
201.208 369.271
200.799 376.305
201.077 378.501
201.59 382.495
202.066 384.513
202.899 387.849
202.595 393.021
201.591 399.402
200.555 405.011
199.552 410.182
197.753 419.325
197.072 422.78
195.941 429.96
195.558 432.897
195.479 433.499
194.592 440.418
193.834 446.953
193.622 448.646
193.287 452.93
193.073 456.461
192.464 466.319
191.914 480.12
191.812 483.06
191.741 485.729
191.771 490.238
191.804 491.323
191.366 492.556
190.405 493.477
189.551 494.352
189.244 494.728
189.156 494.742
187.584 495.35
183.501 497.632
175.698 501.927
172.332 503.769
166.108 507.175
293.539 268.139
251.973 30.9401
253.775 187.601
257.084 115.714
210.711 330.686
199.785 373.134
216.3 275.666
212.084 303.344
220.156 234.689
283.379 201.505
295.226 289.391
300.391 340.678
306.312 376.775
231.844 31.3766
271.44 30.4766
248.392 187.271
256.86 145.206
263.403 181.416
250.471 108.293
253.881 139.61
261.27 119.099
245.87 112.591
278.35 108.789
258.214 31.6453
194.565 441.03
191.913 480.946
414.417 108.463
218.36 241.336
217.854 249.471
235.623 202.156
234.067 201.874
231.887 202.907
206.929 350.278
192.909 456.631
432.271 108.885
315.923 450.645
235.894 23.8741
210.645 337.625
200.491 370.567
295.063 284.337
299.988 338.6
305.748 372.623
305.891 372.119
272.732 29.3556
271.688 191.987
299.072 337.893
279.217 26.116
25.2536 123.672
479.593 115.489
257.778 35.5556
275.188 31.9087
252.597 184.063
240.616 197.76
229.467 214.048
210.694 330.679
211.556 326.222
202.888 363.548
306.504 379.09
299.072 322.874
276.721 29.0327
273.902 30.5648
255.605 165.01
249.404 190.952
205.957 353.467
200.796 375.539
297.824 309.978
253.858 174.76
255.618 159.892
254.633 178.871
296.677 301.056
255.064 156.634
290.359 241.554
254.427 108.129
189.879 493.999
418.878 109.048
234.376 211.189
221.253 232.997
429.846 108.809
204.518 358.179
306.561 379.239
265.6 185.67
0 0
269.935 196.986
230.013 212.95
210.424 322.015
211.88 305.035
299.805 333.111
249.449 188.889
253.211 139.613
249.231 122.159
191.541 492.314
0 0
224.889 224.889
258.489 168.098
256.082 177.077
261.518 180.9
267.597 188.905
268.598 190.311
262.481 194.436
255.898 142.592
259.11 162.11
249.978 125.876
252.145 124.377
259.207 168.695
261.398 120.206
263.938 112.127
258.332 138.49
267.541 111.823
259.411 116.726
249.322 118.272
252.605 127.857
254.263 128.199
262.07 111.727
255.172 116.928
255.279 140.709
256.059 153.202
255.441 150.858
256.704 119.918
264.163 112.73
257.324 133.699
236.575 109.11
246.746 112.369
248.284 112.02
250.935 109.311
254.012 107.105
249.926 109.922
222.136 106.737
253.685 104.436
252.846 33.6427
254.365 98.4226
245.676 113.065
214.502 104.916
208.817 104.586
252.389 32.3963
187.408 105.704
261.245 31.1561
216.739 267.217
216.178 276.593
214.308 288.69
217.541 253.429
215.274 282.428
219.483 242.229
216.822 265.733
216.561 270.288
193.758 447.686
194.192 443.856
192.349 470.103
191.992 477.932
192.696 459.268
437.68 109.302
240.833 29.4589
244.434 29.7918
252.6 31.3046
236.145 28.5237
231.22 32.3253
225.466 36.4537
236.283 27.5194
297.527 307.876
302.276 350.578
304.29 362.564
302.012 349.598
263.518 30.8896
262.321 31.1781
251.484 30.5931
251.351 30.4664
262.62 30.6708
469.905 113.216
229.264 203.241
263.85 110.894
278.855 108.714
296.846 105.614
288.267 107.12
382.493 109.43
226.824 218.839
238.464 203.052
235.285 204.024
242.625 198.269
252.769 192.467
258.114 189.407
254.64 193.577
242.882 201.91
266.746 196.776
275.629 211.621
253.424 193.149
283.249 223.274
263.992 198.959
286.114 229.776
291.806 247.08
277.048 207.479
291.262 243.984
274.566 201.415
269.765 199.145
278.488 199.512
279.362 200.606
292.598 247.522
294.273 257.814
294.018 256.575
281.28 218.793
273.015 194.561
278.211 198.277
293.372 271.494
294.61 284.898
211.064 311.71
212.293 302
192.889 105.778
0 0
215.26 282.585
193.534 449.493
0 0
303.977 361.048
301.135 343.527
303.861 360.19
282.06 108.096
314.196 103.795
321.714 104.822
320.649 104.502
377.427 109.413
373.028 108.979
290.612 244.172
279.634 223.261
293.152 271.815
293.819 277.18
294.304 281.721
294.618 284.982
293.7 276.845
295.498 292.177
295.854 294.843
161.365 109.345
155.445 109.619
154.915 109.853
385.778 110.222
127.048 113.095
123.325 113.531
109.857 113.737
136.697 112.119
81.3551 114.096
73.9222 114.303
37.583 120.87
211.538 338.285
178.685 500.258
315.804 485.648
315.587 485.856
314.902 468.249
313.405 482.101
316.214 457.289
315.208 464.974
318.582 490.842
202.846 388.671
201.211 379.816
203.074 389.87
200.86 378.736
199.611 372.092
309.234 397.674
306.966 381.769
307.903 388.891
312.041 417.29
310.568 406.476
308.457 392.074
197.77 419.207
192 456.889
196.554 425.341
0 0
201.441 400.291
200.016 407.791
317.994 464.741
315.613 445.057
313.217 425.982
313.31 426.708
315.837 449.36
325.743 494.59
320.909 491.344
0 0
315.556 106.667
1843
0 0
0 0
0 0
0 0
0 0
0 0
0 0
0 0
0 0
0 0
0 0
0 0
0 0
0 0
0 0
0 0
0 0
0 0
0 0
0 0
0 0
0 0
0 0
0 0
0 0
0 0
0 0
0 0
0 0
0 0
0 0
0 0
0 0
0 0
0 0
0 0
0 0
0 0
0 0
0 0
0 0
0 0
0 0
0 0
0 0
0 0
0 0
0 0
0 0
0 0
773 569
0 0
0 0
0 0
0 0
0 0
0 0
0 0
0 0
0 0
0 0
0 0
0 0
0 0
0 0
0 0
0 0
0 0
0 0
0 0
0 0
0 0
0 0
0 0
0 0
0 0
0 0
0 0
0 0
0 0
0 0
0 0
0 0
0 0
0 0
0 0
0 0
0 0
0 0
0 0
0 0
0 0
0 0
0 0
0 0
0 0
0 0
0 0
0 0
0 0
0 0
0 0
0 0
0 0
0 0
569 606
0 0
0 0
0 0
0 0
0 0
0 0
0 0
0 0
0 0
0 0
0 0
0 0
0 0
0 0
0 0
0 0
0 0
0 0
0 0
0 0
0 0
0 0
0 0
0 0
0 0
0 0
0 0
0 0
0 0
0 0
0 0
0 0
0 0
0 0
0 0
0 0
0 0
0 0
0 0
0 0
0 0
0 0
0 0
0 0
0 0
0 0
0 0
0 0
0 0
0 0
0 0
0 0
0 0
0 0
0 0
0 0
0 0
0 0
0 0
0 0
0 0
0 0
0 0
606 452
0 0
0 0
0 0
0 0
0 0
0 0
0 0
0 0
0 0
0 0
0 0
0 0
452 641
0 0
0 0
0 0
0 0
0 0
0 0
0 0
0 0
0 0
0 0
0 0
641 718
0 0
0 0
0 0
0 0
0 0
0 0
0 0
0 0
0 0
0 0
0 0
0 0
0 0
0 0
0 0
718 748
0 0
0 0
0 0
0 0
0 0
0 0
0 0
0 0
0 0
0 0
0 0
0 0
0 0
0 0
0 0
0 0
0 0
0 0
0 0
0 0
0 0
0 0
0 0
0 0
0 0
0 0
0 0
0 0
0 0
0 0
0 0
0 0
0 0
0 0
0 0
0 0
0 0
0 0
0 0
0 0
0 0
0 0
0 0
0 0
0 0
0 0
0 0
748 751
0 0
0 0
0 0
0 0
0 0
0 0
0 0
0 0
0 0
0 0
0 0
0 0
0 0
0 0
0 0
0 0
0 0
0 0
0 0
0 0
0 0
0 0
0 0
0 0
0 0
0 0
0 0
0 0
0 0
0 0
0 0
0 0
0 0
0 0
0 0
0 0
0 0
0 0
0 0
0 0
0 0
0 0
0 0
0 0
0 0
0 0
0 0
0 0
0 0
0 0
0 0
0 0
0 0
0 0
0 0
0 0
0 0
0 0
0 0
0 0
0 0
0 0
0 0
0 0
0 0
0 0
0 0
0 0
0 0
0 0
0 0
0 0
0 0
0 0
0 0
0 0
0 0
0 0
0 0
0 0
0 0
0 0
0 0
0 0
0 0
0 0
0 0
0 0
0 0
0 0
0 0
0 0
0 0
0 0
0 0
0 0
0 0
0 0
0 0
0 0
0 0
0 0
0 0
0 0
0 0
0 0
0 0
0 0
0 0
0 0
0 0
0 0
0 0
0 0
0 0
0 0
0 0
0 0
0 0
0 0
0 0
0 0
0 0
0 0
0 0
0 0
0 0
0 0
0 0
0 0
0 0
0 0
0 0
0 0
0 0
0 0
0 0
0 0
0 0
0 0
0 0
641 563
0 0
0 0
0 0
0 0
0 0
0 0
0 0
0 0
0 0
0 0
0 0
0 0
0 0
0 0
0 0
0 0
0 0
0 0
0 0
0 0
0 0
0 0
0 0
0 0
0 0
0 0
0 0
0 0
0 0
0 0
0 0
0 0
0 0
0 0
0 0
0 0
0 0
0 0
0 0
0 0
0 0
0 0
0 0
0 0
0 0
0 0
0 0
0 0
0 0
0 0
0 0
0 0
0 0
0 0
0 0
0 0
0 0
0 0
0 0
0 0
0 0
0 0
0 0
0 0
0 0
0 0
0 0
0 0
0 0
0 0
0 0
0 0
0 0
0 0
0 0
0 0
0 0
0 0
0 0
0 0
0 0
0 0
0 0
0 0
0 0
0 0
0 0
0 0
0 0
0 0
0 0
0 0
0 0
0 0
0 0
0 0
0 0
0 0
0 0
0 0
0 0
0 0
0 0
0 0
0 0
0 0
0 0
0 0
0 0
0 0
0 0
0 0
0 0
0 0
0 0
0 0
0 0
0 0
0 0
0 0
0 0
0 0
0 0
0 0
0 0
0 0
0 0
0 0
0 0
0 0
0 0
0 0
0 0
0 0
0 0
0 0
0 0
0 0
0 0
0 0
0 0
0 0
0 0
0 0
0 0
0 0
0 0
0 0
0 0
0 0
0 0
0 0
0 0
0 0
0 0
0 0
0 0
0 0
0 0
0 0
0 0
0 0
0 0
0 0
0 0
0 0
0 0
0 0
0 0
0 0
0 0
0 0
0 0
0 0
0 0
0 0
0 0
0 0
0 0
0 0
0 0
0 0
0 0
0 0
0 0
0 0
0 0
0 0
0 0
0 0
0 0
0 0
0 0
0 0
0 0
0 0
0 0
0 0
0 0
0 0
0 0
0 0
0 0
0 0
0 0
0 0
0 0
0 0
0 0
0 0
0 0
0 0
0 0
0 0
0 0
0 0
0 0
0 0
0 0
0 0
0 0
0 0
0 0
0 0
0 0
0 0
0 0
0 0
744 264
0 0
0 0
0 0
0 0
0 0
0 0
0 0
0 0
0 0
0 0
0 0
0 0
0 0
0 0
0 0
0 0
0 0
0 0
0 0
0 0
0 0
0 0
0 0
0 0
0 0
0 0
0 0
0 0
0 0
0 0
0 0
0 0
0 0
0 0
0 0
0 0
0 0
0 0
0 0
0 0
0 0
0 0
0 0
0 0
0 0
0 0
0 0
0 0
0 0
0 0
0 0
0 0
0 0
0 0
0 0
0 0
0 0
0 0
0 0
0 0
0 0
0 0
0 0
0 0
0 0
0 0
0 0
0 0
0 0
0 0
0 0
0 0
0 0
0 0
0 0
0 0
0 0
0 0
0 0
0 0
0 0
0 0
0 0
0 0
0 0
0 0
0 0
0 0
0 0
0 0
0 0
0 0
0 0
0 0
0 0
0 0
0 0
0 0
0 0
0 0
0 0
0 0
0 0
0 0
0 0
0 0
0 0
0 0
0 0
0 0
0 0
0 0
0 0
0 0
0 0
0 0
0 0
0 0
0 0
0 0
0 0
0 0
0 0
0 0
0 0
0 0
0 0
0 0
0 0
0 0
0 0
0 0
0 0
0 0
0 0
0 0
0 0
0 0
0 0
0 0
0 0
452 733
0 0
0 0
0 0
0 0
0 0
0 0
0 0
0 0
0 0
0 0
0 0
0 0
0 0
0 0
0 0
0 0
0 0
0 0
0 0
0 0
0 0
0 0
0 0
0 0
0 0
0 0
0 0
0 0
0 0
0 0
0 0
0 0
0 0
0 0
0 0
0 0
733 369
0 0
0 0
0 0
0 0
0 0
0 0
0 0
0 0
0 0
0 0
0 0
0 0
0 0
0 0
0 0
0 0
0 0
0 0
0 0
0 0
0 0
0 0
0 0
0 0
0 0
0 0
0 0
0 0
0 0
0 0
0 0
0 0
0 0
0 0
0 0
0 0
0 0
0 0
0 0
0 0
0 0
0 0
0 0
0 0
0 0
0 0
0 0
0 0
0 0
0 0
0 0
0 0
0 0
0 0
0 0
0 0
0 0
0 0
0 0
0 0
0 0
0 0
0 0
0 0
0 0
0 0
0 0
0 0
0 0
0 0
0 0
0 0
0 0
0 0
0 0
0 0
0 0
0 0
0 0
0 0
0 0
0 0
369 778
0 0
0 0
0 0
0 0
0 0
0 0
0 0
0 0
0 0
0 0
0 0
0 0
0 0
0 0
0 0
0 0
0 0
0 0
0 0
0 0
0 0
0 0
0 0
0 0
0 0
0 0
0 0
0 0
0 0
0 0
0 0
0 0
0 0
0 0
0 0
0 0
0 0
0 0
0 0
0 0
0 0
0 0
0 0
0 0
0 0
0 0
0 0
0 0
0 0
0 0
0 0
0 0
0 0
0 0
0 0
0 0
0 0
0 0
0 0
0 0
0 0
0 0
0 0
0 0
0 0
0 0
0 0
0 0
0 0
0 0
0 0
0 0
0 0
0 0
0 0
0 0
0 0
0 0
0 0
0 0
0 0
0 0
0 0
0 0
0 0
0 0
0 0
0 0
0 0
0 0
0 0
0 0
0 0
0 0
0 0
0 0
0 0
0 0
0 0
0 0
0 0
0 0
0 0
0 0
0 0
0 0
0 0
0 0
0 0
0 0
0 0
0 0
0 0
0 0
0 0
0 0
0 0
0 0
0 0
0 0
0 0
0 0
0 0
0 0
0 0
0 0
0 0
0 0
0 0
0 0
0 0
0 0
0 0
0 0
0 0
0 0
0 0
0 0
0 0
0 0
0 0
0 0
0 0
0 0
0 0
0 0
0 0
0 0
0 0
0 0
0 0
0 0
0 0
0 0
0 0
0 0
0 0
0 0
0 0
0 0
0 0
0 0
0 0
0 0
0 0
0 0
0 0
0 0
0 0
0 0
0 0
0 0
0 0
0 0
0 0
0 0
0 0
0 0
0 0
0 0
0 0
0 0
0 0
0 0
0 0
0 0
0 0
0 0
0 0
0 0
0 0
0 0
0 0
0 0
0 0
0 0
0 0
0 0
0 0
0 0
0 0
0 0
0 0
0 0
0 0
0 0
0 0
0 0
0 0
0 0
0 0
0 0
0 0
0 0
0 0
0 0
0 0
0 0
0 0
0 0
0 0
0 0
0 0
0 0
0 0
0 0
0 0
0 0
0 0
0 0
0 0
0 0
0 0
0 0
0 0
0 0
0 0
0 0
0 0
0 0
0 0
0 0
0 0
0 0
0 0
0 0
0 0
0 0
0 0
0 0
0 0
0 0
0 0
0 0
0 0
0 0
0 0
0 0
0 0
0 0
0 0
0 0
0 0
0 0
0 0
0 0
0 0
0 0
0 0
0 0
0 0
0 0
0 0
0 0
0 0
0 0
0 0
0 0
0 0
0 0
0 0
0 0
0 0
0 0
0 0
0 0
0 0
0 0
0 0
0 0
0 0
0 0
0 0
0 0
0 0
0 0
0 0
0 0
0 0
0 0
0 0
0 0
0 0
0 0
0 0
0 0
0 0
0 0
0 0
0 0
0 0
0 0
0 0
0 0
0 0
0 0
0 0
0 0
0 0
0 0
0 0
0 0
0 0
0 0
0 0
0 0
0 0
0 0
0 0
0 0
0 0
0 0
0 0
0 0
0 0
0 0
0 0
0 0
0 0
0 0
0 0
0 0
0 0
0 0
0 0
0 0
0 0
0 0
0 0
0 0
0 0
0 0
0 0
0 0
0 0
0 0
0 0
0 0
0 0
0 0
0 0
0 0
0 0
0 0
0 0
0 0
0 0
0 0
0 0
0 0
0 0
0 0
0 0
0 0
0 0
0 0
0 0
0 0
0 0
0 0
0 0
0 0
0 0
0 0
0 0
0 0
0 0
0 0
0 0
0 0
0 0
0 0
0 0
0 0
0 0
0 0
0 0
0 0
0 0
0 0
0 0
0 0
0 0
0 0
0 0
0 0
0 0
0 0
0 0
0 0
0 0
0 0
0 0
0 0
0 0
0 0
0 0
0 0
0 0
0 0
0 0
0 0
0 0
0 0
0 0
0 0
0 0
0 0
0 0
0 0
0 0
0 0
0 0
0 0
0 0
0 0
0 0
0 0
0 0
0 0
0 0
0 0
0 0
0 0
0 0
0 0
0 0
0 0
0 0
0 0
0 0
0 0
0 0
0 0
0 0
0 0
0 0
0 0
0 0
0 0
0 0
0 0
0 0
0 0
0 0
0 0
0 0
0 0
0 0
0 0
0 0
0 0
0 0
0 0
0 0
0 0
0 0
0 0
0 0
0 0
0 0
0 0
0 0
0 0
0 0
0 0
0 0
0 0
0 0
0 0
0 0
0 0
0 0
0 0
0 0
0 0
0 0
0 0
0 0
0 0
0 0
0 0
0 0
0 0
0 0
0 0
0 0
0 0
0 0
0 0
0 0
0 0
0 0
0 0
0 0
0 0
0 0
0 0
0 0
0 0
0 0
0 0
0 0
0 0
0 0
0 0
0 0
0 0
0 0
0 0
0 0
0 0
0 0
0 0
0 0
0 0
0 0
0 0
0 0
0 0
0 0
0 0
0 0
0 0
0 0
0 0
0 0
0 0
0 0
0 0
0 0
0 0
0 0
0 0
0 0
0 0
0 0
0 0
0 0
0 0
0 0
0 0
0 0
0 0
0 0
0 0
0 0
0 0
0 0
0 0
0 0
0 0
0 0
0 0
0 0
0 0
0 0
0 0
0 0
0 0
0 0
0 0
0 0
0 0
0 0
0 0
0 0
0 0
0 0
0 0
0 0
0 0
0 0
0 0
0 0
0 0
0 0
0 0
0 0
0 0
0 0
0 0
0 0
0 0
0 0
0 0
0 0
0 0
0 0
0 0
0 0
0 0
0 0
0 0
0 0
0 0
0 0
0 0
0 0
0 0
0 0
0 0
0 0
0 0
0 0
0 0
0 0
0 0
0 0
0 0
0 0
0 0
0 0
0 0
0 0
0 0
0 0
0 0
0 0
0 0
0 0
0 0
0 0
0 0
0 0
0 0
0 0
0 0
0 0
0 0
0 0
0 0
0 0
0 0
0 0
0 0
0 0
0 0
0 0
0 0
0 0
0 0
0 0
0 0
0 0
0 0
0 0
0 0
0 0
0 0
0 0
0 0
0 0
0 0
0 0
0 0
0 0
0 0
0 0
0 0
0 0
0 0
0 0
0 0
0 0
0 0
0 0
0 0
0 0
0 0
0 0
0 0
0 0
0 0
0 0
0 0
0 0
0 0
0 0
0 0
0 0
0 0
0 0
0 0
0 0
0 0
0 0
0 0
0 0
0 0
0 0
0 0
0 0
0 0
0 0
0 0
0 0
0 0
0 0
0 0
0 0
0 0
0 0
0 0
0 0
0 0
0 0
0 0
0 0
0 0
0 0
0 0
0 0
0 0
0 0
0 0
0 0
0 0
0 0
0 0
0 0
0 0
0 0
0 0
0 0
0 0
0 0
0 0
0 0
0 0
0 0
0 0
0 0
0 0
0 0
0 0
0 0
0 0
0 0
0 0
0 0
0 0
0 0
0 0
0 0
0 0
0 0
0 0
0 0
0 0
0 0
0 0
0 0
0 0
0 0
0 0
0 0
0 0
0 0
0 0
0 0
0 0
0 0
0 0
0 0
0 0
0 0
0 0
0 0
0 0
0 0
0 0
0 0
0 0
0 0
0 0
0 0
0 0
0 0
0 0
0 0
0 0
0 0
0 0
0 0
0 0
0 0
0 0
0 0
0 0
0 0
0 0
0 0
0 0
0 0
0 0
0 0
0 0
0 0
0 0
0 0
0 0
0 0
0 0
0 0
0 0
0 0
0 0
0 0
0 0
0 0
0 0
0 0
0 0
0 0
0 0
0 0
0 0
0 0
0 0
0 0
0 0
0 0
0 0
0 0
0 0
0 0
0 0
0 0
0 0
0 0
0 0
0 0
0 0
0 0
0 0
0 0
0 0
0 0
0 0
0 0
0 0
0 0
0 0
0 0
0 0
0 0
0 0
0 0
0 0
0 0
0 0
0 0
0 0
0 0
0 0
0 0
0 0
0 0
0 0
0 0
0 0
0 0
0 0
0 0
0 0
0 0
0 0
0 0
0 0
0 0
0 0
0 0
0 0
0 0
0 0
0 0
0 0
0 0
0 0
0 0
0 0
0 0
0 0
0 0
0 0
0 0
0 0
0 0
0 0
0 0
0 0
0 0
0 0
0 0
0 0
0 0
0 0
0 0
0 0
0 0
0 0
0 0
0 0
0 0
0 0
0 0
0 0
0 0
0 0
0 0
0 0
0 0
0 0
0 0
0 0
0 0
0 0
0 0
0 0
0 0
0 0
0 0
0 0
0 0
0 0
0 0
0 0
0 0
641 786
786 744
1841
0 1
2 0
513 0
1 2
2 3
513 2
753 2
3 4
3 753
4 5
753 4
5 6
5 753
6 7
6 753
7 8
7 605
7 753
8 9
8 605
9 10
9 605
661 9
10 11
661 10
662 10
11 12
662 11
12 13
662 12
13 14
662 13
14 15
547 14
662 14
15 16
547 15
658 15
16 17
658 16
17 18
17 538
658 17
18 19
538 18
774 18
19 20
19 774
20 21
20 774
21 22
772 21
774 21
22 23
22 772
22 775
23 24
775 23
24 25
775 24
25 26
761 25
25 775
26 27
26 761
26 764
27 28
764 27
28 29
28 764
765 28
29 30
765 29
30 31
765 30
31 32
552 31
31 765
32 33
552 32
33 34
552 33
592 33
34 35
36 34
592 34
35 36
36 37
592 36
36 752
37 38
37 752
38 39
38 518
752 38
39 40
518 39
39 598
40 41
40 598
41 42
41 598
42 43
42 598
716 42
43 44
43 716
44 45
44 716
44 717
45 46
45 717
46 47
46 717
47 48
654 47
717 47
48 49
654 48
49 50
49 651
49 654
50 51
651 50
51 52
51 651
52 53
650 52
651 52
53 54
542 53
650 53
54 55
54 542
55 56
542 55
56 57
542 56
57 58
57 542
57 590
58 59
590 58
59 60
59 590
60 61
60 590
597 60
61 62
597 61
62 63
62 545
62 597
63 64
63 545
64 65
545 64
65 66
65 545
65 681
66 67
681 66
67 68
681 67
68 69
68 70
544 68
68 681
69 70
70 71
544 70
71 72
71 544
71 565
72 73
72 565
584 72
73 74
73 584
74 75
584 74
602 74
75 76
602 75
76 77
76 602
76 615
77 78
77 615
78 79
78 615
79 80
79 615
79 644
80 81
644 80
81 82
640 81
81 644
81 646
82 83
82 646
648 82
83 84
648 83
84 85
648 84
84 718
85 86
718 85
86 87
86 718
87 88
718 87
87 741
88 89
741 88
89 90
89 741
90 91
90 741
90 742
91 92
742 91
743 91
92 93
92 743
93 94
743 93
94 95
94 743
94 745
95 96
745 95
96 97
745 96
746 96
97 98
746 97
98 99
746 98
99 100
746 99
747 99
100 101
747 100
101 102
747 101
101 748
102 103
748 102
103 104
748 103
104 105
104 748
749 104
105 106
749 105
106 107
106 749
750 106
107 108
750 107
108 109
750 108
108 751
109 110
751 109
110 111
127 110
110 751
111 112
111 127
112 113
112 125
126 112
127 112
113 114
113 125
114 115
124 114
114 125
561 114
115 116
115 561
116 117
116 561
117 118
117 561
118 119
118 561
119 120
119 561
120 121
120 561
121 122
121 561
122 123
561 122
123 124
561 123
124 125
124 561
125 126
126 127
127 128
127 751
128 129
128 751
129 130
129 751
130 131
130 750
130 751
131 132
131 750
132 133
132 750
133 134
749 133
133 750
134 135
749 134
135 136
135 748
749 135
136 137
748 136
137 138
747 137
137 748
138 139
747 138
139 140
139 747
140 141
746 140
140 747
141 142
746 141
142 143
745 142
746 142
143 144
745 143
144 145
144 743
144 745
145 146
145 743
146 147
146 743
147 148
742 147
147 743
148 149
148 742
149 150
149 741
149 742
150 151
150 741
151 152
151 741
152 153
718 152
152 741
153 154
153 718
154 155
648 154
154 718
155 156
155 648
156 157
646 156
648 156
157 158
157 645
646 157
158 159
158 645
159 160
159 645
160 161
160 645
161 162
634 161
161 635
161 645
162 163
162 635
163 164
163 165
163 635
639 163
164 165
165 166
639 165
641 165
166 167
166 641
166 642
167 168
169 167
167 563
642 167
168 169
169 170
563 169
170 171
563 170
722 170
171 172
173 171
171 176
177 171
722 171
172 173
173 174
173 176
174 175
174 176
175 176
176 177
177 178
177 669
722 177
178 179
669 178
179 180
179 669
180 181
669 180
181 182
668 181
669 181
182 183
182 668
183 184
668 183
184 185
184 667
184 668
185 186
185 667
186 187
186 667
670 186
187 188
670 187
188 189
188 670
189 190
189 670
190 191
550 190
670 190
191 192
550 191
191 678
192 193
192 678
193 194
678 193
194 195
678 194
194 679
195 196
679 195
196 197
557 196
679 196
197 198
197 557
198 199
557 198
199 200
557 199
199 560
200 201
200 560
201 202
560 201
202 203
202 560
203 204
203 560
204 205
204 560
574 204
205 206
205 564
574 205
206 207
213 206
214 206
564 206
207 208
213 207
208 209
208 212
208 213
209 210
211 209
209 212
210 211
211 212
212 213
213 214
214 215
214 564
215 216
215 221
564 215
216 217
216 221
217 218
220 217
217 221
218 219
218 220
219 220
220 221
221 222
221 564
221 573
222 223
222 573
649 222
223 224
647 223
649 223
224 225
224 647
225 226
641 225
647 225
226 227
228 226
226 586
641 226
643 226
227 228
228 229
228 586
229 230
229 586
682 229
230 231
230 682
230 683
231 232
683 231
232 233
232 683
232 685
233 234
233 685
234 235
234 685
235 236
685 235
727 235
236 237
727 236
237 238
237 727
237 728
238 239
728 238
239 240
239 728
729 239
240 241
729 240
241 242
729 241
744 241
242 243
242 744
243 244
243 744
244 245
244 731
744 244
245 246
731 245
246 247
246 731
247 248
730 247
247 731
248 249
730 248
249 250
249 686
730 249
250 251
250 686
251 252
686 251
252 253
252 588
252 686
253 254
588 253
254 255
540 254
254 588
255 256
255 540
256 257
540 256
257 258
257 540
257 591
258 259
591 258
259 260
548 259
591 259
260 261
548 260
261 262
548 261
663 261
262 263
262 663
263 264
263 281
663 263
264 265
264 279
280 264
281 264
264 680
265 266
265 680
266 267
680 266
267 268
267 680
268 269
268 562
680 268
269 270
269 562
270 271
562 270
271 272
562 271
272 273
562 272
273 274
273 562
274 275
274 562
275 276
275 562
276 277
276 562
680 276
277 278
680 277
278 279
680 278
279 280
279 680
280 281
281 282
281 663
282 283
663 282
283 284
548 283
283 663
284 285
284 548
285 286
548 285
285 591
286 287
286 591
287 288
287 591
288 289
288 540
288 591
289 290
289 540
290 291
290 540
588 290
291 292
291 588
292 293
292 588
292 686
293 294
293 686
294 295
686 294
294 730
295 296
730 295
296 297
296 730
297 298
730 297
731 297
298 299
298 731
299 300
731 299
300 301
731 300
744 300
301 302
301 744
302 303
302 744
303 304
303 729
303 744
304 305
729 304
305 306
305 728
729 305
306 307
306 728
307 308
727 307
728 307
308 309
727 308
309 310
684 309
309 726
727 309
310 311
726 310
311 312
311 619
726 311
312 313
619 312
313 314
313 618
313 619
314 315
314 618
315 316
618 315
620 315
316 317
614 316
620 316
317 318
614 317
318 319
594 318
614 318
319 320
594 319
320 321
558 320
594 320
321 322
558 321
322 323
322 558
322 713
323 324
713 323
324 325
324 713
325 326
707 325
325 713
326 327
326 707
327 328
327 329
707 327
328 329
329 330
329 702
329 707
711 329
330 331
703 330
330 711
331 332
331 703
332 333
703 332
333 334
703 333
333 708
334 335
708 334
335 336
708 335
336 337
336 708
336 710
337 338
710 337
338 339
710 338
338 714
339 340
714 339
339 735
340 341
340 735
341 342
735 341
342 343
342 735
342 736
343 344
736 343
344 345
344 736
345 346
345 583
736 345
346 347
583 346
347 348
347 579
583 347
348 349
572 348
348 579
349 350
572 349
350 351
350 572
351 352
351 572
351 600
352 353
600 352
353 354
353 600
353 724
354 355
354 724
355 356
724 355
356 357
724 356
725 356
357 358
725 357
358 359
358 556
725 358
359 360
556 359
360 361
556 360
361 362
556 361
593 361
362 363
593 362
363 364
363 593
767 363
364 365
767 364
365 366
767 365
366 367
767 366
770 366
367 368
367 770
368 369
368 770
369 370
769 369
770 369
369 781
370 371
781 370
371 372
781 371
372 373
372 778
781 372
372 782
373 374
373 782
374 375
374 782
375 376
375 782
376 377
376 759
782 376
377 378
759 377
378 379
759 378
379 380
379 759
760 379
380 381
760 380
381 382
381 760
382 383
760 382
783 382
383 384
383 783
383 785
384 385
785 384
385 386
385 389
390 385
785 385
386 387
386 388
386 389
387 388
388 389
389 390
390 391
785 390
391 392
785 391
392 393
392 785
393 394
785 393
394 395
394 783
785 394
395 396
395 783
395 784
396 397
396 784
397 398
784 397
398 399
755 398
784 398
399 400
399 755
400 401
755 400
401 402
755 401
402 403
755 402
403 404
755 403
403 757
404 405
404 757
405 406
756 405
405 757
758 405
406 407
406 758
407 408
407 758
408 409
408 758
409 410
409 758
409 779
410 411
410 779
411 412
779 411
412 413
412 778
412 779
412 780
413 414
780 413
414 415
780 414
415 416
769 415
780 415
416 417
416 769
416 771
417 418
771 417
418 419
418 771
419 420
419 768
771 419
420 421
768 420
421 422
421 571
768 421
422 423
422 571
423 424
571 423
424 425
424 555
571 424
425 426
555 425
426 427
426 555
673 426
427 428
427 673
428 429
428 673
428 674
429 430
554 429
429 674
430 431
554 430
431 432
554 431
432 433
432 554
433 434
554 433
433 559
434 435
553 434
559 434
435 436
553 435
436 437
436 438
553 436
671 436
437 438
438 439
671 438
740 438
439 440
740 439
440 441
737 440
740 440
441 442
737 441
442 443
442 737
738 442
443 444
443 734
738 443
444 445
734 444
445 446
445 734
446 447
734 446
447 448
447 701
734 447
448 449
448 701
448 732
449 450
732 449
450 451
450 732
450 733
451 452
451 733
452 453
606 452
696 452
697 452
452 699
452 733
453 454
453 541
606 453
454 455
541 454
455 456
541 455
455 655
456 457
655 456
457 458
457 655
458 459
458 655
657 458
459 460
459 657
460 461
460 657
461 462
461 657
720 461
462 463
719 462
720 462
463 464
719 463
464 465
464 719
465 466
465 599
465 719
466 467
466 599
467 468
599 467
468 469
569 468
599 468
469 470
469 568
569 469
470 471
470 568
471 472
471 551
568 471
472 473
472 551
473 474
473 551
474 475
551 474
475 476
475 551
475 577
476 477
476 577
477 478
477 577
578 477
478 479
478 578
479 480
479 578
480 481
578 480
762 480
481 482
762 481
482 483
762 482
763 482
483 484
763 483
484 485
763 484
484 776
485 486
776 485
486 487
776 486
486 777
487 488
487 777
488 489
488 773
488 777
489 490
489 773
490 491
490 492
490 773
491 492
492 493
538 492
659 492
492 773
493 494
493 659
494 495
659 494
494 721
495 496
721 495
496 497
496 721
497 498
497 660
721 497
498 499
660 498
499 500
539 499
660 499
500 501
500 539
501 502
539 501
502 503
539 502
604 502
503 504
604 503
504 505
504 604
505 506
505 604
506 507
587 506
506 604
507 508
587 507
508 509
587 508
509 510
509 587
753 509
510 511
753 510
511 512
753 511
512 513
512 753
753 513
701 514
709 514
514 714
715 514
514 734
514 735
514 738
664 515
665 515
666 515
515 675
515 676
515 677
576 516
582 516
516 601
608 516
609 516
611 516
516 692
586 517
517 616
517 622
517 626
627 517
517 637
638 517
518 551
568 518
518 569
598 518
518 752
552 519
519 570
519 578
762 519
519 764
765 519
520 650
520 651
652 520
520 656
657 520
520 720
521 569
599 521
652 521
716 521
521 717
521 719
541 522
522 542
590 522
522 606
522 653
522 687
695 523
523 696
523 698
523 702
523 704
705 523
524 553
579 524
583 524
671 524
739 524
740 524
525 554
525 559
600 525
525 672
674 525
724 525
526 555
526 556
571 526
593 526
723 526
767 526
768 526
664 527
527 665
527 667
668 527
527 669
527 722
557 528
560 528
528 564
573 528
574 528
528 675
528 676
544 529
565 529
529 566
529 580
601 529
530 595
530 607
530 613
617 530
625 530
530 628
530 629
530 633
531 558
594 531
595 531
531 609
610 531
617 531
712 531
635 532
532 636
532 637
532 638
532 639
533 581
602 533
603 533
624 533
628 533
630 533
534 613
618 534
619 534
621 534
622 534
631 534
632 534
633 534
535 603
623 535
535 634
636 535
640 535
644 535
536 621
536 626
536 632
682 536
683 536
536 684
726 536
537 573
642 537
537 647
537 649
666 537
537 676
658 538
659 538
538 773
774 538
604 539
539 605
539 660
661 539
588 540
591 540
606 541
541 653
541 655
590 542
542 650
653 542
543 545
566 543
681 543
689 543
690 543
565 544
544 566
544 681
545 597
681 545
689 545
551 546
570 546
546 577
592 546
752 546
547 658
547 660
547 662
721 547
591 548
663 548
549 758
759 549
779 549
549 782
550 664
667 550
670 550
550 677
550 678
568 551
551 577
752 551
552 570
592 552
765 552
559 553
572 553
553 579
553 671
554 559
674 554
571 555
673 555
555 723
556 593
556 723
556 725
557 560
557 675
679 557
594 558
712 558
713 558
572 559
600 559
560 574
680 562
642 563
563 665
666 563
563 722
564 573
574 564
580 565
581 565
584 565
576 566
601 566
566 681
566 690
590 567
597 567
687 567
688 567
689 567
569 568
569 598
569 599
716 569
570 577
578 570
570 592
571 768
579 572
600 572
573 649
676 573
580 575
581 575
582 575
608 575
575 629
630 575
601 576
576 690
691 576
576 692
578 577
578 762
579 583
581 580
580 582
580 601
581 584
602 581
630 581
601 582
608 582
583 736
739 583
584 602
585 698
585 700
701 585
703 585
708 585
709 585
586 626
586 638
586 643
586 682
587 604
605 587
753 587
588 686
606 589
687 589
694 589
589 697
590 597
590 687
752 592
767 593
595 594
594 614
613 595
595 614
595 617
620 595
610 596
596 611
596 612
596 704
705 596
706 596
712 596
597 689
598 716
719 599
600 724
603 602
602 615
603 615
603 623
603 624
603 644
604 605
661 605
605 753
687 606
606 697
608 607
609 607
607 617
607 629
608 609
608 629
610 609
611 609
617 609
610 611
712 610
611 612
611 692
691 612
692 612
693 612
695 612
705 612
618 613
620 613
633 613
614 620
615 644
616 623
624 616
625 616
616 627
616 636
616 637
618 619
620 618
619 621
726 619
621 632
726 621
622 626
622 627
631 622
632 622
623 624
636 623
625 624
624 628
627 625
625 628
631 625
633 625
632 626
626 682
627 631
629 628
630 628
630 629
631 633
634 635
634 636
640 634
645 634
636 635
639 635
636 637
638 637
639 638
638 643
641 639
639 643
640 644
640 645
646 640
641 642
643 641
647 641
647 642
642 666
646 645
648 646
649 647
648 718
651 650
653 650
656 650
651 652
654 651
654 652
652 717
652 719
652 720
655 653
653 656
654 717
656 655
657 655
657 656
657 720
658 659
658 721
721 659
660 661
660 662
721 660
662 661
664 665
667 664
664 677
665 666
665 722
676 666
667 668
670 667
669 668
722 669
740 671
672 673
672 674
723 672
724 672
725 672
673 674
723 673
675 676
675 677
675 679
677 678
679 677
678 679
682 683
683 684
683 685
685 684
726 684
684 727
685 727
686 730
687 688
694 687
688 689
690 688
691 688
688 693
688 694
690 689
690 691
691 692
691 693
694 693
695 693
693 697
699 693
694 697
695 696
699 695
705 695
696 698
696 699
700 696
696 733
699 697
698 700
698 702
698 703
711 698
700 701
732 700
700 733
701 709
732 701
734 701
702 704
702 707
711 702
708 703
703 711
704 705
706 704
704 707
706 707
712 706
706 713
713 707
708 709
708 710
710 709
709 714
710 714
712 713
735 714
735 715
736 715
715 737
738 715
739 715
717 716
741 718
720 719
723 725
724 725
728 727
729 728
729 744
730 731
744 731
733 732
738 734
736 735
739 736
738 737
737 739
740 737
740 739
741 742
742 743
745 743
745 746
746 747
747 748
749 748
750 749
750 751
755 754
757 754
760 754
783 754
784 754
757 755
784 755
757 756
758 756
759 756
756 760
760 757
759 758
779 758
759 760
759 782
760 783
762 761
763 761
761 764
775 761
761 776
763 762
762 764
763 776
765 764
766 767
766 768
770 766
771 766
768 767
770 767
768 771
770 769
771 769
769 780
781 769
771 770
772 773
772 774
772 775
772 777
773 774
777 773
776 775
775 777
777 776
778 779
780 778
778 781
778 782
782 779
780 781
783 784
785 783
