724
280 498
276 495
275 490
276 485
279 480
280 475
280 470
280 465
280 460
280 455
280 450
278 445
278 440
277 435
277 430
276 425
276 420
275 415
275 410
273 405
271 400
269 395
268 390
267 385
266 380
264 375
263 370
263 365
262 360
261 355
261 350
259 345
258 340
258 335
258 330
257 325
258 320
257 315
257 310
258 305
253 303
252 308
252 313
252 318
251 323
250 328
250 333
250 338
249 343
249 348
248 353
247 358
246 363
245 368
244 373
242 378
241 383
240 388
239 393
238 398
235 403
234 408
233 413
233 418
232 423
231 428
231 433
230 438
230 443
229 448
229 453
228 458
228 463
228 468
228 473
228 478
231 483
233 488
233 493
229 497
224 497
219 497
214 497
209 496
204 495
202 491
202 486
204 481
206 476
205 471
204 466
204 461
203 456
203 451
202 446
201 441
200 436
200 431
199 426
200 421
200 416
200 411
200 406
200 401
200 396
201 391
201 386
202 381
201 376
201 371
200 366
199 361
199 356
199 351
198 346
198 341
198 336
198 331
198 326
198 321
198 316
197 311
198 306
198 301
198 296
198 291
197 286
197 281
197 276
195 271
194 267
195 262
196 257
197 252
200 247
201 242
203 237
203 232
204 227
205 222
205 217
205 212
205 207
205 202
205 197
206 192
206 187
205 182
204 177
203 172
202 167
197 163
192 161
187 161
182 160
177 161
172 162
167 163
162 163
157 163
152 162
152 157
150 152
145 150
140 149
135 147
130 146
125 145
120 143
115 143
110 142
105 141
100 141
95 140
90 138
85 136
80 134
75 132
70 130
65 128
60 127
55 127
50 128
45 127
40 126
35 125
30 125
25 123
20 122
15 122
10 122
5 120
3 116
8 114
13 113
18 111
23 111
28 111
33 110
38 111
43 110
48 110
53 111
58 112
63 114
68 114
73 115
78 116
83 117
88 117
93 117
98 118
103 117
107 119
112 119
117 120
122 121
127 121
132 122
137 122
142 123
147 123
152 122
157 121
162 121
167 122
172 122
177 122
182 122
187 122
192 121
197 120
202 118
207 119
212 119
217 120
222 120
227 119
232 115
236 110
236 105
231 101
227 96
225 91
220 89
215 85
212 80
209 75
209 70
209 65
210 60
214 57
216 54
217 49
218 44
219 39
221 34
223 29
226 24
230 19
235 15
240 12
245 11
250 10
255 11
260 11
265 12
270 14
275 18
280 23
283 28
286 33
287 38
289 43
290 48
290 53
291 58
296 59
297 64
297 69
297 74
295 79
292 84
288 88
283 90
280 95
276 100
271 104
270 109
272 114
277 118
282 121
287 121
292 120
297 120
302 120
307 119
312 121
317 122
322 123
327 123
332 123
337 122
342 122
347 122
352 122
357 123
362 123
367 123
372 123
377 122
382 122
387 121
392 121
397 120
402 120
407 118
412 118
417 118
422 118
427 118
432 117
437 116
442 115
447 113
452 113
457 111
462 111
467 111
472 111
477 111
482 112
487 112
492 113
497 114
502 115
505 119
501 122
496 123
491 123
486 123
481 124
476 125
471 126
466 128
461 128
456 129
451 128
446 128
441 130
436 132
431 134
426 136
421 137
416 139
411 141
406 142
401 142
396 143
391 144
386 144
381 146
376 147
371 149
366 150
361 152
357 155
357 160
354 163
349 164
344 164
339 163
334 163
329 162
324 161
319 161
314 163
309 164
306 169
305 174
304 179
303 184
302 189
303 194
303 199
303 204
303 209
303 214
303 219
304 224
305 229
305 234
305 239
307 244
309 249
311 254
312 259
313 264
314 269
312 273
311 278
311 283
311 288
310 293
310 298
310 303
310 308
311 313
310 318
310 323
310 328
310 333
310 338
310 343
310 348
309 353
309 358
309 363
308 368
307 373
307 378
307 383
307 388
307 393
308 398
308 403
308 408
308 413
308 418
308 423
309 428
309 433
307 438
307 443
305 448
305 453
304 458
304 463
304 468
303 473
303 478
304 483
306 488
306 493
303 496
298 497
293 498
288 498
283 498
281 498
253.354 53.6707
202.7 141.5
226.264 293.5
254.049 164.39
223.942 328.5
222.633 358.873
253.969 214.5
294.5 144.318
339.5 142.427
283.942 332.5
285.228 368.154
287.794 390.382
267.987 262.505
283.192 295.5
237.404 43.4616
257.5 32.4636
228.713 169.457
280.05 166.41
229.421 214.5
276.825 201.5
288.072 254.471
263.547 283.883
229.435 144.175
259.229 79.1373
257.514 137.232
244.49 89.2625
247.33 123.164
101.3 129.3
297.626 266.847
215.161 426
220.041 391.216
291.972 442.406
203.04 129.904
225.774 263.11
210.245 266.5
216.392 311
305.607 134.428
271.573 325
291.35 313
216.741 136.109
345.593 152.412
90.9616 127.326
112.775 130.769
299.522 255.508
282.19 268.889
215.106 251.505
220.974 278.386
293.598 132.123
276.244 139.537
286.191 138.802
283.026 152.585
308.668 149.048
271.694 338.75
282.566 320.82
272.16 309.996
212.071 128.192
228.543 131.556
242.212 136.931
278.17 258.84
264.708 237.414
282.635 225.673
269.094 249.6
246.757 254.185
278.721 239.253
258.604 255.201
254.029 270.756
253.636 243.555
232.251 237.257
252.81 229.016
242.011 243.573
234.072 253.491
242.267 232.478
232.851 225.628
218.635 230.725
241.695 216.809
240.045 191.806
237.653 204.52
221.604 199.667
251.317 200.509
228.614 205.449
289.315 263.387
291.757 281.853
271.211 274.325
275.69 285.767
270.656 297.406
217.052 260.421
206.327 256.945
295.953 158.43
267.739 156.527
320.878 138.861
285.307 350.301
266.704 317.296
238.016 127.537
249.964 131.978
249.609 150.024
291.661 235.629
293.334 225.043
287.187 211.794
294.615 245.955
221.637 241.925
211.619 242.111
256.067 182.706
263.901 205.37
290.551 272.73
260.177 294.285
243.362 287.751
266.654 170.487
273.954 149.014
312.063 140.707
314.768 131.39
319.745 149.914
329.296 145.308
331.117 134.211
273.145 350.838
279.607 359.203
274.099 368.902
280.432 379.97
277.909 389.563
280.911 341.685
260.579 147.965
240.159 160.814
239.526 147.084
289.776 198.826
279.983 184.097
281.911 193.435
249.962 190.612
261.772 193.42
268.036 183.209
271.842 192.571
273.753 215.074
257.529 173.276
335.594 153.105
242.512 175.83
228.133 156.789
215.773 163.702
275.418 175.236
270.552 226.779
263.749 218.629
245.812 167.62
231.173 182.258
229.524 192.686
218.24 187.867
213.951 149.825
218.203 175.662
202.861 153.048
231.522 70.1106
220.475 66.6097
223.13 77.4104
234.529 82.0407
245.965 72.8139
249.98 81.4644
240.914 59.8668
228.523 56.6545
257.267 66.1788
271.704 54.7953
277.692 72.2884
262.314 57.7333
262.9 44.5283
268.161 66.9575
286.798 67.4281
270.861 33.7241
265.029 24.0979
244.068 50.6139
248.473 39.8287
238.995 29.6287
227.781 46.5692
230.944 35.7107
291.074 485.054
291.457 473.506
258.932 94.4956
269.651 87.0206
268.971 77.0887
248.244 101.447
258.838 106.043
249.79 112.39
260.367 120.473
277.799 81.9074
292.232 454.64
294.312 464.175
212.341 289.89
217.173 299.906
208.189 304.848
209.011 278.399
282.545 306.454
239.858 267.094
248.384 263.352
244.891 276.866
253.022 283.558
233.132 280.764
231.074 271.261
217.404 211.356
221.346 220.829
300.735 276.714
296.611 294.41
301.595 286.243
299.158 305.17
282.476 278.69
292.292 170.971
295.847 340.54
296.392 326.899
297.065 352.426
289.762 359.248
296.612 368.341
292.288 379.396
297.228 387.829
300.087 317.695
238.473 301.511
227.409 306.201
237.969 315.718
225.714 317.357
235.514 292.711
246.321 296.551
276.764 44.0406
249.52 22.7393
270.067 128.539
291.485 182.549
236.98 328.72
230.202 343.985
230.355 334.915
214.112 345.174
234.717 355.648
239.354 347.147
231.66 368.443
216.658 373.552
240.439 337.641
211.456 362.879
227.443 380.642
229.709 390.106
222.517 349.446
212.494 383.506
208.604 353.399
216.591 484.227
216.799 473.029
216.086 460.963
215.8 447.764
211.778 436.99
221.091 433.842
216.662 409.321
222.396 418.244
210.127 417.14
211.42 398.975
224.175 401.355
292.505 426.524
286.675 434.278
297.859 434.653
211.326 323.564
214.461 334.144
207.531 314.731
167.717 142.223
161.918 151.803
153.365 137.158
163.164 132.26
140.739 135.653
128.885 133.617
354.285 138.15
344.712 132.75
367.4 136.246
379.293 133.903
390.739 132.467
401.655 131.007
412.267 128.83
291.36 406.689
297.554 398.273
296.981 416.315
286.145 416.188
282.714 400.036
185.161 139.551
194.494 135.456
193.166 147.408
177.66 148.86
175.302 133.462
226.861 296
384.889 133.569
118.222 131.96
724
278.145 497.031
278.989 496.256
282.179 493.327
284.603 491.335
290.647 486.438
291.48 478.81
292.166 471.455
292.639 465.68
292.747 460.595
292.796 455.255
292.863 447.938
292.901 442.356
293.035 438.887
293.2 435.038
293.265 430.74
293.093 423.153
292.993 420.549
292.67 414.697
292.115 407.434
289.973 399.008
288.133 391.785
287.688 390.045
287.131 387.654
286.198 382.845
285.183 373.976
284.967 371.46
284.773 369.313
284.741 364.912
284.723 362.378
284.717 354.024
284.923 344.996
285.023 342.247
285.085 340.331
285.662 338.075
286.176 335.942
287.474 330.665
288.807 324.18
290.426 315.916
292.501 304.191
290.619 284.402
243.335 259.798
217.153 286.375
216.137 309.816
216.974 320.306
218.532 326.095
220.713 334.635
222.976 340.673
224.192 343.818
224.739 345.659
225.341 347.54
225.238 349.78
225.036 353.378
224.296 360.993
224.054 363.421
223.616 367.661
222.862 374.045
221.994 381.398
221.096 386.548
220.465 390.159
220.083 392.26
219.583 395.03
217.589 405.943
216.46 412.016
215.432 418.024
215.264 422.181
215.271 424.976
215.289 432.772
215.353 437.597
215.395 439.96
215.523 447.194
215.679 452.165
215.762 454.752
216.045 463.468
216.245 469.399
216.462 475.85
216.643 484.1
223.111 489.328
229.597 492.995
231.286 493.949
230.589 493.556
223.996 489.829
219.811 487.462
214.549 486.93
205.479 491.962
203.229 493.172
204.742 492.357
210.297 489.382
214.539 488.62
216.565 479.976
216.295 470.886
216.106 465.277
215.936 460.204
215.779 455.284
215.611 450.072
215.4 441.444
215.347 438.925
215.299 435.204
215.285 431.1
215.27 427.538
215.274 423.628
215.38 417.903
216.387 412.433
217.705 405.262
218.119 403.053
218.725 399.78
219.994 392.752
220.439 390.29
221.631 383.057
222.726 375.406
223.498 368.661
224.207 362.106
224.479 359.059
224.727 356.26
225.062 351.704
225.358 347.309
223.991 343.641
222.365 339.333
220.354 333.282
218.227 326.831
216.763 320.285
215.598 313.817
215.593 310.806
215.599 308.771
216.268 298.361
216.669 293.823
217.949 278.63
219.741 273.321
221.372 268.998
219.829 265.155
206.95 265.34
205.228 265.496
206.292 265.426
208.889 265.251
213.304 264.914
227.232 257.877
230.709 255.09
237.384 248.149
241.81 242.058
245.477 236.085
247.116 226.349
247.879 217.136
247.915 210.987
248.301 207.578
248.575 205.803
249.471 201.106
250.858 194.141
252.457 183.413
252.239 173.509
252.133 164.945
248.455 157.073
236.084 145.861
212.385 136.89
193.64 133.424
183.148 135.458
178.989 136.491
167.234 139.129
163.962 139.629
161.539 144.487
160.722 147.418
158.54 155.24
153.87 171.983
159.541 151.651
161.664 139.17
153.141 137.275
143.835 135.419
134.217 133.851
131.377 133.432
127.035 132.805
118.299 131.639
115.533 131.269
110.908 130.652
105.06 129.879
100.398 129.262
97.481 128.799
93.3858 128.167
88.2506 127.02
82.8992 125.595
74.3258 122.87
71.8795 122.061
73.6501 122.553
57.7018 119.484
53.6813 119.079
49.8882 118.749
53.2109 119.078
39.6809 118.063
36.6575 117.859
30.9037 117.458
19.7131 116.865
14.8144 116.816
13.9994 116.936
9.56888 117.176
5.75293 117.319
3.07521 117.391
7.25165 117.259
10.5267 117.104
18.5096 116.566
22.145 116.7
27.8744 117.196
32.0693 117.648
37.9312 117.945
43.8065 118.34
47.3814 118.581
50.4679 118.79
54.5126 119.161
61.5992 119.879
67.127 120.453
71.125 121.81
75.809 123.363
80.2394 124.66
87.0617 126.687
91.6851 127.891
97.308 128.77
100.941 129.338
103.866 129.722
109.264 130.435
114.132 131.082
122.348 132.18
124.839 132.513
129.71 133.184
134.751 133.93
140.611 134.788
150.147 136.68
158.327 138.302
159.085 138.438
160.221 138.643
163.168 138.911
165.199 138.858
171.981 138.238
178.727 136.555
187.214 134.564
195.852 132.743
200.311 132.921
199.801 132.435
200.284 132.603
204.966 134.285
213.947 137.529
226.177 141.953
242.453 147.572
251.268 146.895
252.85 122.791
254.777 83.7581
254.998 65.5912
250.338 63.4431
242.59 63.4383
231.468 67.0847
222.396 70.0167
220.267 70.7021
216.502 71.9109
213.415 72.9068
212.114 73.315
212.083 73.3247
226.643 68.7616
239.007 63.5377
248.413 55.7344
250.119 49.0871
250.89 43.5082
251.138 41.6985
251.341 39.753
251.668 37.4537
252.277 33.601
253.034 29.067
253.232 24.6732
253.235 24.0203
253.247 24.363
253.636 26.5831
253.886 26.1932
254.883 23.5019
254.833 23.6883
253.433 29.315
252.659 35.2951
252.286 38.7097
251.886 43.2427
251.739 44.9899
252.632 50.0344
255.91 54.588
258.407 58.1335
294.306 77.6257
303.314 81.4319
294.313 77.5639
289.167 75.5077
288.972 75.442
285.661 74.1771
281.971 72.5443
280.459 71.8798
271.051 67.7473
261.257 64.8897
257.362 68.8768
255.774 73.2196
253.398 111.78
252.04 143.51
257.073 151.369
268.877 150.252
287.434 141.962
298.523 136.932
302.795 135.004
307.838 132.727
308.92 132.902
309.275 133.079
313.826 134.63
322.373 136.42
330.077 138.181
337.545 139.736
342.952 140.458
344.43 140.658
346.783 140.671
348.455 140.48
353.108 139.038
356.965 137.817
367.964 134.46
374.048 133.883
379.444 133.315
384.073 132.872
388.821 132.424
396.374 131.585
399.061 131.263
405.156 130.414
410.137 129.565
413.067 129.06
417.542 128.255
419.286 127.942
432.215 124.914
433.534 124.433
436.046 123.525
444.101 120.91
448.69 120.437
455.152 120.056
458.643 119.852
462.353 119.518
467.127 118.856
472.412 118.121
477.034 117.589
481.994 117.367
487.028 117.422
495.825 118.136
499.872 118.401
501.685 118.462
504.407 118.543
502.856 118.497
496.609 118.29
491.827 117.875
491.211 117.766
486.194 117.572
476 117.681
479.649 117.813
463.272 119.392
465.037 119.088
456.469 119.979
451.177 120.291
444.561 120.783
438.34 122.691
433.165 124.567
428.419 126.294
423.915 127.11
418.822 128.025
412.65 129.135
406.864 130.122
405.296 130.39
400.97 131.035
395.123 131.734
390.589 132.258
385.122 132.773
379.065 133.354
373.777 133.911
368.274 134.385
359.673 136.961
347.678 140.976
344.023 142.858
351.572 161.239
350.151 157.778
348.544 153.865
347.136 150.437
343.753 142.194
342.908 141.298
338.854 140.189
335.302 139.372
321.03 136.155
308.912 133.607
289.586 140.967
267.917 152.114
258.657 160.192
257.957 168.301
257.293 175.764
257.916 190.044
258.11 194.367
258.387 198.96
258.422 203.577
258.472 209.256
259.949 220.624
260.63 224.45
262.113 232.077
262.922 235.366
263.732 239.483
269.732 248.409
279.011 258.911
286.566 266.04
291.968 268.772
293.56 269.352
299.86 270.244
307.324 270.755
302.68 270.425
291.442 270.784
290.844 275.063
290.699 277.601
290.721 281.296
291.46 290.016
292.657 299.914
292.058 307.602
291.228 312.118
290.53 315.898
289.178 322.448
287.841 328.924
286.194 337.156
285.661 339.813
285.024 344.51
284.878 348.254
284.669 352.861
284.703 360.218
284.716 362.195
284.728 366.043
285.106 372.676
285.712 379.498
286.793 385.675
287.92 391.102
289.352 396.577
290.516 401.096
291.304 404.415
292.352 408.781
292.692 414.311
293.016 420.267
293.271 426.646
293.236 431.511
293.231 432.42
293.176 435.599
292.991 439.945
292.882 445.763
292.824 452.183
292.772 457.891
292.727 463.427
292.478 467.573
292.232 470.591
291.438 481.498
294.733 488.053
297.922 489.936
305.433 494.372
304.279 493.691
296.688 489.207
292.061 486.46
286.163 490.058
284.289 491.639
278.622 496.593
252.263 39.0639
202.509 133.442
218.053 278.653
253.754 160.189
220.133 332.748
224.573 358.562
253.892 212.667
292.908 139.478
342.461 140.939
286.45 335.208
284.779 369.29
287.294 388.095
267.674 255.275
290.603 280.421
250.597 46.6853
252.681 33.6288
252.328 158.76
259.054 157.128
248.351 212.595
257.611 199.22
279.005 260.041
269.125 261.185
241.548 147.594
256.115 63.8741
255.785 152.88
255.678 64.794
251.697 146.184
95.3065 128.459
293.145 269.445
215.276 426.429
220.046 392.487
292.67 471.833
200.568 132.784
228.276 260.312
219.284 264.72
215.613 311.856
307.879 132.714
290.198 317.117
291.233 311.694
220.024 139.712
313.778 146.667
92.4138 128.007
107.311 130.178
286.83 266.518
285.175 265.877
222.328 262.461
222.72 267.709
299.84 136.339
263.432 152.492
283.283 143.844
267.419 150.895
318.406 135.534
285.007 342.704
289.25 322.129
291.022 295.231
218.307 139.107
241.373 147.423
249.889 149.5
273.109 253.361
258.492 236.813
259.916 227.751
262.105 244.686
250.575 253.666
263.713 241.245
257.376 248.84
253.19 256.976
249.778 226.667
245.169 238.318
247.86 233.58
246.137 240.204
239.211 248.515
249.263 232.316
247.883 223.789
245.352 236.706
250.011 208.494
255.435 200.724
249.672 203.567
249.106 203.312
253.905 196.75
249.477 205.067
286.457 266.423
290.325 274.862
275.259 261.647
286.152 268.573
286.594 270.074
221.047 263.339
215.677 264.22
302.348 139.036
256.926 154.156
323.711 136.71
284.71 351.694
289.483 320.791
249.865 149.346
251.602 147.951
252.143 152.767
264.017 240.435
261.183 226.997
258.442 207.245
277.975 258.508
238.183 248.176
239.445 245.588
255.109 175.777
254.971 199.668
291.854 269.787
271.473 255.89
235.405 259.648
257.37 164.752
262.917 152.77
312.771 134.415
311.333 133.814
327.1 137.515
334.334 139.152
335.498 139.381
284.718 352.706
284.703 360.384
284.774 369.254
287.277 387.4
287.677 389.941
284.967 343.669
255.655 152.878
250.8 155.614
248.453 150.239
257.497 191.603
257.053 177.106
257.719 189.648
254.209 185.044
257.063 188.774
256.785 176.555
257.007 187.598
254.424 214.127
255.445 166.15
343.63 140.87
254.419 167.081
247.352 150.033
252.644 157.097
257.739 166.373
258.815 227.504
256.329 217.745
252.993 160.82
253.007 174.972
252.008 189.828
251.542 190.569
220.403 139.852
252.917 164.163
226.231 142.113
241.697 64.1593
230.377 66.9082
236.519 65.4282
248.734 62.7008
251.934 61.0901
255.397 63.8911
249.843 57.9449
248.424 57.3722
253.226 60.7021
252.208 58.0286
0 0
253.547 57.4642
251.381 46.2205
250.354 50.8822
285.823 74.1752
252.58 35.213
253.511 28.7842
250.848 50.6104
253.162 30.748
252.057 35.0112
250.029 49.6563
251.116 41.8783
292.899 488.856
292.377 468.244
255.325 73.0733
259.914 64.5018
262.432 64.7353
255.244 79.2126
253.67 106.318
255.111 69.3333
251.821 144.69
271.057 67.7488
292.858 448.45
292.686 464.009
218.888 275.887
216.724 293.449
216.196 299.989
221.652 268.212
292.756 301.313
238.902 256.097
247.981 252.518
240.108 256.627
252.586 258.823
224.539 267.795
229.696 261.718
247.988 210.925
247.665 220.767
291.297 270.823
290.744 282.53
290.752 276.191
292.718 301.282
287 268.754
255.517 162.958
288.889 371.556
287.048 332.889
284.754 356.483
284.705 360.466
284.812 361.224
285.875 381.129
287.849 390.811
291.337 311.315
217.187 292.67
216.367 298.196
216.217 305.298
216.333 318.191
223.735 272.628
233.941 259.393
251.809 45.4772
254.125 24.8768
256.776 151.385
257.014 172.087
219.494 329.954
225.318 347.198
222.668 340.092
225.356 347.289
225.032 352.395
225.347 347.636
224.627 357.105
223.165 371.642
223.706 342.672
224.462 359.539
223.715 365.872
220.81 388.185
225.133 350.856
220.592 389.382
224.934 353.492
219.359 487.621
216.472 476.676
215.867 457.963
215.988 458.901
215.353 438.795
215.292 428.901
216.567 411.412
215.366 418.218
215.292 418.934
218.617 400.376
216.889 468.444
293.275 428.108
293.202 434.977
293.214 433.366
217.778 365.333
221.901 337.685
215.611 313.882
164.966 139.394
163.404 139.715
197.333 146.667
161.063 138.791
149.683 136.587
53.3333 119.111
352.564 139.261
344.566 140.598
363.788 135.711
363.335 136.768
392.518 132.027
400.568 131.027
455.111 121.778
292.222 408.034
288.575 393.33
289.899 399.918
292.93 419.562
289.867 398.593
183.72 135.374
195.243 132.815
210.97 137.971
173.026 137.793
170.001 138.724
218.667 281.778
384.889 133.569
120.889 133.333
1716
0 0
0 0
0 0
0 0
0 0
0 0
0 0
0 0
0 0
0 0
0 0
0 0
0 0
0 0
0 0
0 0
0 0
0 0
0 0
0 0
0 0
0 0
0 0
0 0
0 0
0 0
0 0
0 0
0 0
0 0
0 0
0 0
0 0
0 0
0 0
481 648
0 0
0 0
0 0
0 0
0 0
0 0
0 0
0 0
0 0
0 0
0 0
0 0
0 0
0 0
0 0
0 0
0 0
0 0
0 0
0 0
0 0
0 0
0 0
0 0
0 0
0 0
0 0
0 0
0 0
0 0
0 0
0 0
0 0
0 0
0 0
0 0
0 0
0 0
0 0
0 0
0 0
0 0
0 0
0 0
0 0
648 39
0 0
0 0
0 0
0 0
0 0
0 0
0 0
0 0
0 0
0 0
0 0
0 0
0 0
0 0
0 0
0 0
39 516
0 0
0 0
0 0
0 0
0 0
0 0
0 0
0 0
0 0
0 0
0 0
0 0
0 0
0 0
0 0
0 0
0 0
0 0
0 0
0 0
0 0
0 0
0 0
0 0
0 0
0 0
0 0
695 691
0 0
0 0
0 0
0 0
0 0
0 0
0 0
0 0
0 0
0 0
0 0
0 0
0 0
0 0
0 0
0 0
0 0
0 0
0 0
0 0
0 0
0 0
0 0
0 0
0 0
0 0
0 0
0 0
0 0
0 0
0 0
0 0
0 0
0 0
0 0
0 0
0 0
0 0
0 0
0 0
0 0
0 0
0 0
0 0
0 0
0 0
0 0
0 0
0 0
0 0
0 0
0 0
0 0
0 0
0 0
0 0
0 0
0 0
0 0
0 0
0 0
0 0
0 0
0 0
0 0
0 0
0 0
0 0
0 0
0 0
0 0
0 0
0 0
0 0
0 0
0 0
0 0
0 0
0 0
0 0
0 0
0 0
0 0
0 0
0 0
0 0
0 0
0 0
0 0
0 0
0 0
0 0
0 0
0 0
0 0
0 0
0 0
0 0
0 0
0 0
0 0
0 0
0 0
0 0
0 0
0 0
0 0
0 0
0 0
0 0
0 0
0 0
0 0
0 0
0 0
0 0
0 0
0 0
0 0
0 0
0 0
0 0
0 0
0 0
0 0
0 0
0 0
0 0
0 0
0 0
0 0
0 0
0 0
0 0
0 0
0 0
0 0
0 0
0 0
0 0
0 0
0 0
0 0
0 0
0 0
0 0
0 0
0 0
0 0
0 0
0 0
0 0
0 0
0 0
0 0
0 0
0 0
0 0
0 0
0 0
0 0
0 0
0 0
0 0
0 0
0 0
0 0
0 0
0 0
0 0
0 0
0 0
0 0
0 0
0 0
0 0
0 0
0 0
0 0
0 0
0 0
0 0
0 0
0 0
0 0
0 0
0 0
0 0
0 0
0 0
0 0
0 0
0 0
0 0
0 0
0 0
0 0
0 0
0 0
0 0
0 0
0 0
0 0
0 0
0 0
0 0
0 0
0 0
0 0
0 0
0 0
0 0
0 0
0 0
0 0
0 0
0 0
0 0
0 0
0 0
0 0
0 0
0 0
0 0
0 0
0 0
0 0
0 0
0 0
0 0
0 0
0 0
0 0
516 584
0 0
0 0
0 0
0 0
0 0
0 0
584 700
0 0
0 0
0 0
0 0
0 0
0 0
0 0
0 0
0 0
0 0
0 0
0 0
0 0
0 0
0 0
0 0
0 0
0 0
0 0
0 0
0 0
0 0
0 0
0 0
0 0
0 0
0 0
0 0
0 0
0 0
0 0
0 0
0 0
0 0
0 0
0 0
0 0
0 0
0 0
0 0
0 0
0 0
0 0
0 0
0 0
0 0
0 0
0 0
0 0
0 0
0 0
0 0
0 0
0 0
0 0
0 0
0 0
0 0
0 0
0 0
0 0
0 0
0 0
0 0
0 0
0 0
0 0
0 0
0 0
0 0
0 0
0 0
0 0
0 0
0 0
0 0
0 0
0 0
0 0
0 0
0 0
0 0
0 0
0 0
0 0
0 0
0 0
0 0
0 0
0 0
0 0
0 0
0 0
0 0
0 0
0 0
0 0
0 0
0 0
0 0
0 0
0 0
0 0
0 0
0 0
0 0
0 0
0 0
0 0
0 0
0 0
0 0
0 0
0 0
0 0
0 0
0 0
0 0
0 0
0 0
0 0
0 0
0 0
0 0
0 0
0 0
0 0
0 0
0 0
0 0
0 0
0 0
0 0
0 0
0 0
0 0
0 0
0 0
0 0
0 0
0 0
0 0
0 0
0 0
0 0
0 0
0 0
0 0
0 0
0 0
0 0
0 0
0 0
0 0
0 0
0 0
0 0
0 0
0 0
0 0
0 0
0 0
0 0
0 0
0 0
0 0
0 0
0 0
0 0
0 0
0 0
0 0
0 0
0 0
0 0
0 0
0 0
0 0
0 0
0 0
0 0
0 0
0 0
0 0
0 0
0 0
0 0
0 0
0 0
0 0
0 0
0 0
0 0
0 0
0 0
0 0
0 0
0 0
0 0
0 0
0 0
584 624
0 0
0 0
0 0
0 0
0 0
0 0
0 0
0 0
0 0
0 0
0 0
0 0
0 0
0 0
0 0
0 0
0 0
0 0
0 0
0 0
0 0
0 0
0 0
0 0
0 0
0 0
0 0
0 0
0 0
0 0
0 0
0 0
0 0
0 0
0 0
0 0
0 0
0 0
0 0
0 0
0 0
0 0
0 0
0 0
0 0
0 0
0 0
0 0
0 0
0 0
0 0
0 0
0 0
0 0
0 0
0 0
0 0
0 0
0 0
0 0
0 0
0 0
0 0
0 0
0 0
0 0
0 0
0 0
0 0
0 0
0 0
0 0
0 0
0 0
0 0
0 0
0 0
0 0
0 0
0 0
0 0
0 0
0 0
0 0
0 0
0 0
0 0
0 0
0 0
0 0
0 0
0 0
0 0
0 0
0 0
0 0
0 0
0 0
0 0
0 0
0 0
0 0
0 0
0 0
0 0
0 0
0 0
0 0
0 0
0 0
0 0
0 0
0 0
0 0
0 0
0 0
0 0
0 0
0 0
0 0
0 0
0 0
0 0
0 0
0 0
0 0
0 0
584 490
0 0
0 0
0 0
0 0
0 0
0 0
0 0
0 0
0 0
0 0
0 0
0 0
0 0
0 0
0 0
0 0
0 0
0 0
0 0
0 0
0 0
0 0
0 0
0 0
0 0
0 0
0 0
0 0
0 0
0 0
0 0
0 0
0 0
0 0
0 0
0 0
0 0
0 0
0 0
0 0
0 0
0 0
0 0
0 0
0 0
0 0
0 0
0 0
0 0
0 0
0 0
0 0
0 0
0 0
0 0
0 0
0 0
0 0
0 0
0 0
0 0
0 0
0 0
0 0
0 0
0 0
0 0
0 0
0 0
0 0
0 0
0 0
0 0
0 0
0 0
0 0
0 0
0 0
0 0
0 0
0 0
0 0
0 0
0 0
0 0
0 0
0 0
0 0
0 0
0 0
0 0
0 0
0 0
0 0
0 0
0 0
0 0
0 0
0 0
0 0
0 0
0 0
0 0
0 0
0 0
0 0
0 0
0 0
0 0
0 0
0 0
0 0
0 0
0 0
0 0
0 0
0 0
0 0
0 0
0 0
0 0
0 0
0 0
0 0
0 0
0 0
0 0
0 0
0 0
0 0
0 0
0 0
0 0
0 0
0 0
0 0
0 0
0 0
0 0
0 0
0 0
0 0
0 0
0 0
0 0
0 0
0 0
0 0
0 0
0 0
0 0
0 0
0 0
0 0
0 0
0 0
0 0
0 0
0 0
0 0
0 0
0 0
0 0
0 0
0 0
0 0
0 0
0 0
0 0
0 0
0 0
0 0
0 0
0 0
0 0
0 0
0 0
0 0
0 0
0 0
0 0
0 0
0 0
0 0
0 0
0 0
0 0
0 0
0 0
0 0
0 0
0 0
0 0
0 0
0 0
0 0
0 0
0 0
0 0
0 0
0 0
0 0
0 0
0 0
0 0
0 0
0 0
0 0
0 0
0 0
0 0
0 0
0 0
0 0
0 0
0 0
0 0
0 0
0 0
0 0
0 0
0 0
0 0
0 0
0 0
0 0
0 0
0 0
0 0
0 0
0 0
0 0
0 0
0 0
0 0
0 0
0 0
0 0
0 0
0 0
0 0
0 0
0 0
0 0
0 0
0 0
0 0
0 0
0 0
0 0
0 0
0 0
0 0
0 0
0 0
0 0
0 0
0 0
0 0
0 0
0 0
0 0
0 0
0 0
0 0
0 0
0 0
0 0
0 0
0 0
0 0
0 0
0 0
0 0
0 0
0 0
0 0
0 0
0 0
0 0
0 0
0 0
0 0
0 0
0 0
0 0
0 0
0 0
0 0
0 0
0 0
0 0
0 0
0 0
0 0
0 0
0 0
0 0
0 0
0 0
0 0
0 0
0 0
0 0
0 0
0 0
0 0
0 0
0 0
0 0
0 0
0 0
0 0
0 0
0 0
0 0
0 0
0 0
0 0
0 0
0 0
0 0
0 0
0 0
0 0
0 0
0 0
0 0
0 0
0 0
0 0
0 0
0 0
0 0
0 0
0 0
0 0
0 0
0 0
0 0
0 0
0 0
0 0
0 0
0 0
0 0
0 0
0 0
0 0
0 0
0 0
0 0
0 0
0 0
0 0
0 0
0 0
0 0
0 0
0 0
0 0
0 0
0 0
0 0
0 0
0 0
0 0
0 0
0 0
0 0
0 0
0 0
0 0
0 0
0 0
0 0
0 0
0 0
0 0
0 0
0 0
0 0
0 0
0 0
0 0
0 0
0 0
0 0
0 0
0 0
0 0
0 0
0 0
0 0
0 0
0 0
0 0
0 0
0 0
0 0
0 0
0 0
0 0
0 0
0 0
0 0
0 0
0 0
0 0
0 0
0 0
0 0
0 0
0 0
0 0
0 0
0 0
0 0
0 0
0 0
0 0
0 0
0 0
0 0
0 0
0 0
0 0
0 0
0 0
0 0
0 0
0 0
0 0
0 0
0 0
0 0
0 0
0 0
0 0
0 0
0 0
0 0
0 0
0 0
0 0
0 0
0 0
0 0
0 0
0 0
0 0
0 0
0 0
0 0
0 0
0 0
0 0
0 0
0 0
0 0
0 0
0 0
0 0
0 0
0 0
0 0
0 0
0 0
0 0
0 0
0 0
0 0
0 0
0 0
0 0
0 0
0 0
0 0
0 0
0 0
0 0
0 0
0 0
0 0
0 0
0 0
0 0
0 0
0 0
0 0
0 0
0 0
0 0
0 0
0 0
0 0
0 0
0 0
0 0
0 0
0 0
0 0
0 0
0 0
0 0
0 0
0 0
0 0
0 0
0 0
0 0
0 0
0 0
0 0
0 0
0 0
0 0
0 0
0 0
0 0
0 0
0 0
0 0
0 0
0 0
0 0
0 0
0 0
0 0
0 0
0 0
0 0
0 0
0 0
0 0
0 0
0 0
0 0
0 0
0 0
0 0
0 0
0 0
0 0
0 0
0 0
0 0
0 0
0 0
0 0
0 0
0 0
0 0
0 0
0 0
0 0
0 0
0 0
0 0
0 0
0 0
0 0
0 0
0 0
0 0
0 0
0 0
0 0
0 0
0 0
0 0
0 0
0 0
0 0
0 0
0 0
0 0
0 0
0 0
0 0
0 0
0 0
0 0
0 0
0 0
0 0
0 0
0 0
0 0
0 0
0 0
0 0
0 0
0 0
0 0
0 0
0 0
0 0
0 0
0 0
0 0
0 0
0 0
0 0
0 0
0 0
0 0
0 0
0 0
0 0
0 0
0 0
0 0
0 0
0 0
0 0
0 0
0 0
0 0
0 0
0 0
0 0
0 0
0 0
0 0
0 0
0 0
0 0
0 0
0 0
0 0
0 0
0 0
0 0
0 0
0 0
0 0
0 0
0 0
0 0
0 0
0 0
0 0
0 0
0 0
0 0
0 0
0 0
0 0
0 0
0 0
0 0
0 0
0 0
0 0
0 0
0 0
0 0
0 0
0 0
0 0
0 0
0 0
0 0
0 0
0 0
0 0
0 0
0 0
0 0
0 0
0 0
0 0
0 0
0 0
0 0
0 0
0 0
0 0
0 0
0 0
0 0
0 0
0 0
0 0
0 0
0 0
0 0
0 0
0 0
0 0
0 0
0 0
0 0
0 0
0 0
0 0
0 0
0 0
0 0
0 0
0 0
0 0
0 0
0 0
0 0
0 0
0 0
0 0
0 0
0 0
0 0
0 0
0 0
0 0
0 0
0 0
0 0
0 0
0 0
0 0
0 0
0 0
0 0
0 0
0 0
0 0
0 0
0 0
0 0
0 0
0 0
0 0
0 0
0 0
0 0
0 0
0 0
0 0
0 0
0 0
0 0
0 0
0 0
0 0
0 0
0 0
0 0
0 0
0 0
0 0
0 0
0 0
0 0
0 0
0 0
0 0
0 0
0 0
0 0
0 0
0 0
0 0
0 0
0 0
0 0
0 0
0 0
0 0
0 0
0 0
0 0
0 0
0 0
0 0
0 0
0 0
0 0
0 0
0 0
0 0
0 0
0 0
0 0
0 0
0 0
0 0
0 0
0 0
0 0
0 0
0 0
0 0
0 0
0 0
0 0
0 0
0 0
0 0
0 0
0 0
0 0
0 0
0 0
0 0
0 0
0 0
0 0
0 0
0 0
0 0
0 0
0 0
0 0
0 0
0 0
0 0
0 0
0 0
0 0
0 0
0 0
0 0
0 0
0 0
0 0
0 0
0 0
0 0
0 0
0 0
0 0
0 0
0 0
0 0
0 0
0 0
0 0
0 0
0 0
0 0
0 0
0 0
0 0
0 0
0 0
0 0
0 0
0 0
0 0
0 0
0 0
0 0
0 0
0 0
0 0
0 0
0 0
0 0
0 0
0 0
0 0
0 0
0 0
0 0
0 0
0 0
0 0
0 0
0 0
0 0
0 0
0 0
0 0
0 0
0 0
0 0
0 0
0 0
0 0
0 0
0 0
0 0
0 0
0 0
0 0
0 0
0 0
0 0
0 0
0 0
0 0
0 0
0 0
0 0
0 0
0 0
0 0
0 0
0 0
0 0
0 0
0 0
0 0
0 0
0 0
0 0
0 0
0 0
0 0
0 0
0 0
0 0
0 0
0 0
0 0
0 0
0 0
0 0
0 0
0 0
0 0
0 0
0 0
0 0
0 0
0 0
0 0
0 0
0 0
0 0
0 0
0 0
0 0
0 0
0 0
0 0
0 0
0 0
0 0
0 0
0 0
0 0
0 0
0 0
0 0
0 0
0 0
0 0
0 0
0 0
0 0
0 0
0 0
0 0
0 0
0 0
0 0
0 0
0 0
0 0
0 0
0 0
0 0
0 0
0 0
0 0
0 0
0 0
0 0
0 0
0 0
0 0
0 0
0 0
0 0
0 0
0 0
0 0
0 0
0 0
0 0
0 0
0 0
0 0
0 0
0 0
0 0
0 0
0 0
0 0
0 0
0 0
0 0
0 0
0 0
0 0
0 0
0 0
0 0
0 0
0 0
0 0
0 0
0 0
0 0
0 0
0 0
0 0
0 0
0 0
0 0
516 721
721 695
490 722
722 710
700 723
723 703
1710
0 1
449 0
1 2
449 1
2 3
448 2
2 449
2 617
3 4
617 3
4 5
4 617
618 4
5 6
618 5
6 7
618 6
7 8
7 618
628 7
8 9
627 8
628 8
9 10
627 9
10 11
10 481
10 627
11 12
481 11
12 13
12 481
693 12
13 14
693 13
14 15
692 14
693 14
15 16
15 692
714 15
16 17
714 16
17 18
17 714
18 19
711 18
714 18
715 18
19 20
19 715
20 21
567 20
20 715
21 22
21 567
22 23
22 567
23 24
566 23
23 567
24 25
565 24
24 566
25 26
565 25
26 27
26 565
27 28
27 565
28 29
563 28
564 28
28 565
29 30
563 29
30 31
30 502
563 30
31 32
31 502
32 33
502 32
33 34
502 33
34 35
34 487
34 502
35 36
35 487
35 541
36 37
36 541
37 38
37 541
38 39
504 38
541 38
39 40
504 39
534 39
554 39
40 41
40 554
656 40
661 40
41 42
41 656
658 41
42 43
658 42
43 44
658 43
44 45
658 44
44 666
45 46
666 45
46 47
666 46
46 674
47 48
674 47
48 49
48 671
48 674
49 50
671 49
50 51
670 50
50 671
51 52
51 670
52 53
52 670
672 52
53 54
672 53
54 55
672 54
55 56
672 55
55 676
56 57
676 56
56 677
57 58
677 57
58 59
58 677
59 60
677 59
60 61
677 60
60 691
61 62
61 691
62 63
62 687
688 62
62 691
63 64
688 63
64 65
64 688
65 66
686 65
688 65
66 67
686 66
67 68
67 686
68 69
684 68
68 686
69 70
684 69
70 71
684 70
71 72
71 683
71 684
72 73
683 72
73 74
682 73
73 683
74 75
682 74
75 76
75 681
682 75
76 77
76 80
76 681
77 78
79 77
80 77
78 79
79 80
80 81
681 80
81 82
681 81
82 83
82 681
83 84
85 83
86 83
681 83
84 85
85 86
86 87
681 86
87 88
87 681
88 89
88 681
682 88
89 90
682 89
89 683
90 91
90 683
91 92
91 683
92 93
683 92
684 92
93 94
93 684
94 95
94 684
685 94
95 96
685 95
96 97
685 96
97 98
97 479
685 97
98 99
98 479
99 100
99 479
689 99
100 101
689 100
101 102
101 687
101 689
102 103
687 102
102 690
103 104
690 103
104 105
104 690
105 106
679 105
105 690
106 107
106 679
107 108
679 107
108 109
108 673
108 679
109 110
109 673
109 675
110 111
110 675
111 112
675 111
680 111
112 113
112 680
113 114
680 113
114 115
669 114
680 114
115 116
115 669
115 696
116 117
116 696
117 118
695 117
117 696
118 119
118 695
119 120
695 119
119 697
120 121
120 697
121 122
697 121
122 123
122 631
697 122
123 124
123 631
124 125
629 124
631 124
125 126
629 125
126 127
126 629
126 632
127 128
632 127
128 129
128 484
128 632
129 130
484 129
130 131
484 130
131 132
484 131
131 536
132 133
536 132
133 134
133 536
134 135
134 495
536 134
134 550
135 136
135 550
136 137
550 136
137 138
137 523
137 550
138 139
523 138
139 140
523 139
641 139
140 141
640 140
140 641
141 142
640 141
142 143
640 142
143 144
143 527
143 640
144 145
144 527
145 146
145 527
591 145
146 147
146 591
147 148
147 591
147 593
148 149
593 148
149 150
584 149
149 593
150 151
584 150
594 150
151 152
594 151
152 153
152 594
152 718
153 154
153 718
154 155
718 154
719 154
155 156
719 155
156 157
156 699
719 156
157 158
157 699
158 159
699 158
159 160
159 161
159 699
160 161
161 162
699 161
162 163
162 699
700 162
163 164
163 700
163 702
164 165
702 164
165 166
165 702
703 165
166 167
166 703
167 168
703 167
168 169
168 492
703 168
169 170
169 492
170 171
170 492
171 172
171 477
171 492
172 173
477 172
173 174
173 477
173 491
174 175
174 491
175 176
175 491
176 177
176 208
176 491
177 178
177 207
208 177
178 179
178 206
207 178
179 180
179 204
205 179
206 179
180 181
180 203
204 180
181 182
181 202
181 203
182 183
202 182
183 184
200 183
183 201
202 183
184 185
184 199
200 184
185 186
198 185
185 199
186 187
197 186
198 186
187 188
187 196
187 197
188 189
195 188
188 196
189 190
189 194
195 189
190 191
190 193
190 194
191 192
191 193
192 193
193 194
194 195
195 196
196 197
197 198
198 199
199 200
200 201
201 202
202 203
203 204
204 205
205 206
206 207
207 208
208 209
208 491
209 210
209 491
210 211
210 491
211 212
211 477
211 491
212 213
477 212
213 214
213 477
492 213
214 215
214 492
215 216
492 215
216 217
216 492
703 216
217 218
217 703
218 219
703 218
219 220
702 219
703 219
220 221
702 220
221 222
700 221
702 221
222 223
222 700
701 222
223 224
223 701
224 225
701 224
225 226
701 225
226 227
226 701
226 720
227 228
227 720
228 229
716 228
228 720
229 230
229 716
229 717
230 231
482 230
717 230
231 232
231 482
232 233
482 232
233 234
233 482
505 233
234 235
505 234
235 236
235 505
236 237
505 236
236 506
237 238
237 506
237 542
238 239
238 476
238 542
239 240
476 239
622 239
239 624
240 241
475 240
240 622
241 242
241 475
242 243
475 242
242 598
243 244
243 597
598 243
244 245
244 597
245 246
245 597
246 247
246 597
247 248
247 596
597 247
248 249
596 248
249 250
249 596
250 251
596 250
251 252
596 251
252 253
252 596
602 252
253 254
253 602
615 253
254 255
254 615
255 256
255 615
255 616
256 257
616 256
257 258
616 257
258 259
258 614
258 616
259 260
614 259
260 261
260 614
663 260
261 262
663 261
262 263
663 262
263 264
263 663
264 265
663 264
265 266
611 265
663 265
266 267
266 611
267 268
611 267
268 269
268 611
269 270
610 269
269 611
270 271
610 270
271 272
610 271
271 662
272 273
662 272
273 274
273 662
274 275
662 274
275 276
604 275
662 275
276 277
276 278
604 276
276 609
277 278
278 279
609 278
279 280
609 279
280 281
609 280
281 282
605 281
281 609
282 283
282 605
282 626
283 284
283 626
284 285
284 620
284 626
285 286
620 285
286 287
620 286
287 288
619 287
287 620
623 287
288 289
623 288
625 288
289 290
625 289
289 664
290 291
664 290
291 292
291 498
499 291
291 664
292 293
497 292
292 499
293 294
497 293
294 295
294 497
295 296
295 486
295 497
296 297
486 296
297 298
297 486
297 559
298 299
559 298
299 300
539 299
559 299
562 299
300 301
300 562
301 302
562 301
302 303
302 562
705 302
303 304
303 705
304 305
705 304
305 306
305 704
305 705
306 307
704 306
307 308
307 704
706 307
308 309
308 706
309 310
309 706
309 707
310 311
707 310
311 312
311 707
708 311
312 313
312 708
313 314
313 708
313 709
314 315
709 314
315 316
315 709
710 315
316 317
316 710
317 318
317 710
318 319
710 318
319 320
352 319
353 319
710 319
320 321
320 350
320 351
320 352
321 322
321 349
321 350
322 323
348 322
322 349
323 324
348 323
324 325
324 347
348 324
325 326
345 325
346 325
325 347
326 327
345 326
327 328
327 344
327 345
328 329
328 343
328 344
329 330
329 342
343 329
330 331
341 330
342 330
331 332
331 340
331 341
332 333
340 332
333 334
333 338
339 333
340 333
334 335
337 334
334 338
335 336
337 335
336 337
337 338
338 339
339 340
340 341
341 342
342 343
343 344
344 345
345 346
346 347
347 348
348 349
349 350
350 351
351 352
352 353
353 354
353 710
354 355
710 354
355 356
355 709
710 355
356 357
356 709
357 358
357 709
358 359
708 358
709 358
359 360
708 359
360 361
360 707
360 708
361 362
707 361
362 363
706 362
362 707
363 364
706 363
364 365
704 364
706 364
365 366
365 704
366 367
366 368
490 366
704 366
367 368
368 369
490 368
369 370
369 490
370 371
370 490
371 372
490 371
371 581
372 373
581 372
373 374
373 581
374 375
374 560
374 581
375 376
375 501
375 560
376 377
501 376
377 378
377 501
537 377
378 379
378 537
647 378
379 380
647 379
380 381
380 647
380 665
381 382
381 665
382 383
382 572
665 382
383 384
572 383
384 385
572 384
385 386
547 385
385 572
386 387
386 547
387 388
546 387
547 387
388 389
388 546
389 390
389 546
390 391
390 545
390 546
391 392
391 545
392 393
392 545
548 392
393 394
393 493
548 393
394 395
493 394
395 396
395 493
396 397
478 396
493 396
397 398
399 397
397 478
398 399
399 400
399 478
399 642
400 401
642 400
401 402
642 401
401 644
402 403
644 402
403 404
403 643
644 403
404 405
404 643
404 645
405 406
645 405
406 407
645 406
655 406
407 408
407 655
408 409
408 655
409 410
649 409
409 655
410 411
649 410
411 412
411 648
411 649
412 413
648 412
413 414
413 648
414 415
648 414
414 650
415 416
650 415
416 417
416 650
416 652
417 418
652 417
418 419
418 652
419 420
419 652
420 421
652 420
653 420
421 422
421 653
654 421
422 423
422 654
423 424
654 423
712 423
424 425
424 712
425 426
425 712
426 427
711 426
712 426
713 426
427 428
713 427
428 429
428 713
429 430
429 692
694 429
713 429
430 431
430 694
431 432
694 431
432 433
694 432
433 434
481 433
433 694
434 435
481 434
434 627
435 436
627 435
436 437
627 436
628 436
437 438
437 628
438 439
438 628
439 440
439 618
439 628
440 441
617 440
618 440
441 442
617 441
442 443
442 444
445 442
442 617
443 444
444 445
445 446
617 445
446 447
446 617
447 448
447 617
448 449
448 617
450 601
450 603
450 606
607 450
612 450
613 450
482 451
451 489
451 592
594 451
451 717
451 718
496 452
629 452
630 452
638 452
656 452
452 657
452 660
538 453
544 453
556 453
569 453
453 570
580 453
588 453
659 454
454 666
668 454
454 695
454 696
670 455
672 455
455 673
675 455
455 678
680 455
518 456
456 524
528 456
456 552
456 587
486 457
457 497
499 457
457 500
501 457
537 457
490 458
458 561
562 458
458 581
458 704
705 458
459 487
502 459
503 459
459 568
648 459
649 459
460 564
460 565
566 460
651 460
652 460
653 460
461 566
567 461
461 653
654 461
712 461
461 715
494 462
462 508
511 462
514 462
515 462
462 532
531 463
463 533
534 463
633 463
643 463
646 463
602 464
612 464
464 613
614 464
615 464
616 464
607 465
465 610
611 465
465 613
663 465
570 466
582 466
583 466
466 584
466 588
589 466
466 593
467 500
537 467
467 538
556 467
585 467
467 647
468 522
468 524
468 526
529 468
640 468
468 641
547 469
552 469
469 572
574 469
469 578
469 579
470 493
508 470
513 470
530 470
548 470
471 515
532 471
533 471
471 534
554 471
471 637
472 489
472 506
507 472
472 571
583 472
592 472
599 473
600 473
603 473
473 608
619 473
620 473
473 621
474 498
507 474
474 543
474 544
569 474
625 474
664 474
475 598
475 600
475 619
475 622
542 476
476 543
624 476
625 476
491 477
492 477
478 493
478 530
553 478
642 478
685 479
686 479
479 688
479 689
676 480
677 480
480 679
690 480
480 691
481 627
693 481
481 694
489 482
482 505
717 482
483 495
496 483
520 483
535 483
634 483
483 639
484 496
535 484
536 484
484 632
485 630
631 485
657 485
485 659
485 695
697 485
486 497
501 486
486 558
486 559
502 487
487 503
504 487
541 487
503 488
488 633
645 488
488 649
488 655
505 489
489 506
489 592
490 581
490 704
492 703
493 530
548 493
508 494
494 530
532 494
553 494
494 646
520 495
535 495
536 495
495 549
495 550
496 535
629 496
496 632
496 638
639 496
497 499
498 499
500 498
557 498
498 569
498 664
500 499
500 537
538 500
557 500
501 537
501 558
560 501
563 502
502 568
504 503
633 503
649 503
534 504
504 541
633 504
506 505
506 507
506 542
507 542
507 543
544 507
571 507
508 511
508 513
530 508
509 511
513 509
509 516
509 518
509 586
513 510
545 510
546 510
510 547
579 510
510 586
513 511
514 511
516 511
512 514
516 512
512 519
520 512
512 634
635 512
545 513
513 548
513 586
515 514
514 516
514 635
532 515
515 635
515 636
637 515
518 516
516 519
516 521
517 519
520 517
517 521
522 517
523 517
517 549
521 518
518 524
586 518
518 587
520 519
519 521
520 549
520 634
521 522
521 524
523 522
524 522
522 641
523 549
523 550
641 523
526 524
528 524
526 525
525 528
525 575
582 525
525 589
590 525
526 528
526 529
590 526
527 529
590 527
527 591
527 640
552 528
575 528
576 528
590 529
640 529
553 530
553 531
642 531
531 643
644 531
531 646
533 532
532 646
534 533
533 646
554 534
534 633
535 536
537 647
538 556
557 538
538 569
558 539
539 559
560 539
539 561
539 562
563 540
564 540
568 540
540 648
650 540
540 651
543 542
543 625
544 569
570 544
571 544
546 545
545 548
546 547
572 547
547 579
550 549
575 551
551 576
551 577
580 551
582 551
576 552
578 552
552 579
552 587
553 642
553 646
637 554
554 661
555 636
637 555
638 555
555 660
661 555
556 577
580 556
585 556
557 569
558 559
560 558
560 561
581 560
562 561
581 561
562 705
564 563
568 563
565 564
564 651
566 565
567 566
566 653
567 715
648 568
571 570
570 583
588 570
571 583
574 572
665 572
574 573
577 573
578 573
585 573
573 647
665 573
574 578
574 665
576 575
582 575
576 577
576 578
577 578
577 580
585 577
579 586
579 587
582 580
580 588
582 588
582 589
583 584
592 583
592 584
584 593
584 594
647 585
586 587
589 590
591 589
589 593
590 591
593 591
594 592
718 594
595 596
597 595
595 598
595 599
595 601
595 602
597 596
602 596
598 597
599 598
598 600
600 599
601 599
599 603
600 619
601 602
603 601
612 601
602 612
602 615
603 606
608 603
605 604
606 604
604 607
608 604
609 604
604 662
608 605
609 605
621 605
626 605
606 607
608 606
610 607
607 613
607 662
608 621
610 611
662 610
663 611
612 613
614 613
663 613
616 614
614 663
616 615
618 617
628 618
619 620
622 619
619 623
621 620
620 626
621 626
622 623
624 622
624 623
623 625
625 624
664 625
628 627
629 630
629 631
629 632
631 630
630 657
697 631
633 643
633 645
634 635
634 636
639 634
636 635
636 637
636 638
639 636
661 637
638 639
660 638
641 640
642 644
643 644
645 643
655 645
647 665
648 649
650 648
649 655
651 650
650 652
652 651
653 652
654 653
654 712
657 656
656 658
656 660
661 656
658 657
659 657
658 659
658 666
659 666
695 659
660 661
666 668
674 666
668 667
669 667
667 670
667 671
674 667
678 667
696 667
668 674
696 668
669 678
680 669
669 696
671 670
670 672
678 670
671 674
673 672
672 676
673 675
673 676
673 679
680 675
676 677
679 676
691 677
680 678
679 690
681 682
683 682
684 683
685 684
686 684
685 686
686 688
688 687
687 689
690 687
687 691
689 688
691 690
693 692
692 694
692 713
692 714
693 694
695 696
695 697
699 698
698 700
701 698
719 698
720 698
699 700
719 699
700 701
700 702
720 701
703 702
705 704
704 706
707 706
707 708
709 708
709 710
712 711
711 713
714 711
715 711
712 715
714 713
716 717
716 718
719 716
720 716
718 717
718 719
719 720
