713
215 498
213 494
213 489
216 484
215 479
215 474
214 469
213 464
212 459
212 454
211 449
210 444
209 439
208 434
207 429
206 424
206 419
206 414
205 409
206 404
206 399
206 394
207 389
207 384
207 379
208 374
207 369
207 364
206 359
204 354
203 349
203 344
202 339
201 334
200 329
198 324
196 319
195 314
194 309
193 304
192 299
191 294
191 289
191 284
192 279
193 274
192 269
193 264
193 259
195 254
198 249
200 244
202 239
203 234
205 229
206 224
206 219
207 214
206 209
206 204
205 199
205 194
205 189
204 184
204 179
203 174
200 169
196 164
191 163
186 164
181 165
176 167
171 167
166 167
161 166
156 166
151 166
148 163
145 159
140 158
135 158
130 157
125 157
120 157
115 156
110 155
105 155
100 154
95 153
90 152
85 151
80 149
75 148
70 147
65 145
60 145
55 147
50 149
45 150
40 151
35 150
30 149
25 150
20 149
15 149
11 147
15 144
20 142
25 140
30 139
35 137
40 136
45 135
50 135
55 135
60 134
65 134
70 134
75 135
80 135
85 135
90 135
95 136
100 135
105 135
110 135
115 134
120 135
125 136
130 136
135 137
140 137
145 137
150 136
155 136
160 136
165 135
170 135
175 134
180 133
185 133
190 131
195 131
200 131
205 131
210 131
215 131
220 130
225 128
230 125
234 121
237 116
236 111
231 107
227 103
224 98
220 95
215 93
211 88
208 83
207 78
207 73
208 68
211 64
214 61
215 56
216 51
217 46
219 41
221 36
225 31
229 26
234 23
239 20
244 18
249 18
254 18
259 18
264 19
269 21
274 23
279 27
283 32
286 37
288 42
290 47
291 52
292 57
292 62
296 64
299 68
299 73
300 78
299 83
295 88
291 93
286 95
282 99
279 104
274 109
270 113
270 118
274 122
278 126
283 128
288 129
293 130
298 131
303 131
308 130
313 131
318 131
323 132
328 133
333 133
338 134
343 135
348 135
353 135
358 136
363 136
368 136
373 136
378 136
383 135
388 135
393 134
398 134
403 134
408 135
413 135
418 135
423 135
428 135
433 134
438 134
443 133
448 133
453 134
458 135
463 135
468 135
473 137
478 138
483 140
488 142
493 144
496 148
491 148
486 148
481 149
476 149
471 149
466 150
461 149
456 148
451 146
446 144
441 145
436 147
431 148
426 149
421 150
416 152
411 152
406 153
401 154
396 155
391 156
386 156
381 156
376 157
371 157
366 158
361 159
359 164
355 166
350 166
345 166
340 166
335 166
330 166
325 165
320 163
315 162
310 165
306 170
304 175
303 180
302 185
302 190
302 195
302 200
301 205
301 210
300 215
301 220
301 225
303 230
305 235
306 240
308 245
310 250
313 255
314 260
315 265
315 270
315 275
315 280
316 285
316 290
316 295
315 300
314 305
313 310
312 315
311 320
309 325
307 330
306 335
305 340
304 345
304 350
303 355
301 360
301 365
300 370
300 375
300 380
300 385
301 390
301 395
302 400
302 405
302 410
302 415
301 420
301 425
300 430
299 435
298 440
297 445
296 450
296 455
295 460
294 465
293 470
293 475
292 480
292 485
295 490
294 495
290 498
285 498
280 498
275 497
270 497
265 495
266 490
266 485
267 480
267 475
267 470
267 465
267 460
266 455
266 450
266 445
265 440
264 435
264 430
264 425
263 420
263 415
262 410
262 405
262 400
261 395
261 390
262 385
261 380
260 375
259 370
259 365
258 361
258 356
257 351
257 346
257 341
257 336
257 331
257 326
257 321
257 316
257 311
257 306
256 301
253 298
251 302
251 307
251 312
250 317
250 322
250 327
250 332
250 337
250 342
250 347
250 352
249 357
249 362
248 367
248 372
246 377
245 382
246 387
246 392
246 397
246 402
245 407
245 412
244 417
244 422
244 427
243 432
243 437
242 442
242 447
241 452
241 457
240 462
240 467
240 472
240 477
240 482
241 487
242 492
241 497
236 498
231 498
226 499
221 498
216 498
223.376 285.688
279.535 274.465
253.339 61.0678
253.479 191.5
223.489 316.704
226.454 346.909
227.476 367.505
226.007 395.401
284.827 308.5
281.375 333.5
279.5 367.5
225.499 257.1
269.236 240.606
289.273 255.391
236.295 50.8182
256.5 39.5773
267.307 80.3074
236.197 77.5701
232.411 170.718
267.532 159.421
277.639 187.5
229.465 196.707
221.744 151.719
286.643 165.157
249.935 140.935
172.984 150.922
193 147
308 146.887
220 409
211.044 269
221.772 74.1765
157.832 150.978
347.908 150.57
282.893 75.5227
216.376 399.273
232.367 406.337
235.945 396.939
229.045 420.956
227.809 61.7355
226.816 85.0929
241.394 93.6617
231.986 92.9816
147.047 148
165.386 144.77
165.431 157.197
359.113 147.551
235.394 414.712
217.496 420.294
222.512 433.854
226.155 51.6924
240.614 62.9326
136.458 147.5
369.666 146.476
232.567 430.844
125.962 146.5
115.064 145
105.064 145
228.243 485.918
279.058 484.708
183.815 153.159
180.183 143.406
206.718 153.344
215.646 165.613
197.652 154.944
203.474 142.355
206.816 162.655
225.951 161.851
237.648 151.054
229.248 140.666
218.376 141.358
239.59 140.893
244.812 128.694
260.027 129.519
252.289 156.313
265.07 144.146
246.534 149.325
256.666 173.778
241.74 162.673
250.902 165.942
260.976 152.642
258.411 138.259
270.269 134.171
283.11 147.204
273.244 150.665
277.809 159.884
275.566 173.679
279.802 137.621
266.16 182.156
298.268 157.129
296.475 166.963
288.532 155.461
295.526 144.778
288.988 138.291
211.299 254.58
203.365 261.652
221.473 238.514
217.324 261.899
228.575 271.701
219.678 248.632
218.927 276.075
207.188 287.343
251.303 259.289
241.288 284.386
238.072 262.076
232.034 280.947
237.664 244.735
247.105 272.161
243.129 253.282
253.207 240.817
263.527 270.396
255.763 283.777
254.92 267.589
248.766 289.798
268.972 282.499
283.935 291.21
263.254 292.287
278.261 283.75
271.189 304.189
273.707 293.914
273.782 319.713
276.445 311.289
286.825 321.514
298.085 313.126
293.829 331.931
269.299 331.167
272.613 346.43
266.653 312.925
295.479 299.282
266.154 339.841
288.368 347.673
298.439 282.756
303.899 304.865
280.844 342.574
295.317 341.265
279.805 355.74
290.313 358.315
269.846 361.365
293.14 290.335
289.765 368.627
277.687 86.3397
265.168 95.9332
254.078 86.4557
252.87 99.0964
261.267 106.255
249.367 111.71
243.09 103.698
244.217 83.8651
252.13 73.8077
263.405 68.45
267.592 52.1866
273.22 71.7907
258.649 118.249
243.223 71.7049
227.531 473.392
280 471.639
220.057 181.21
243.49 180.557
252.671 182.207
241.169 192.706
249.679 216.139
231.876 184.639
248.424 203.333
268.082 204.734
235.071 211.105
257.908 208.868
269.433 222.645
267.92 193.377
237.478 227.835
220.653 208.428
259.83 199.129
240.573 218.851
217.115 196.595
225.78 220.98
214.044 188.034
227.887 230.794
216.739 228.057
266.094 169.623
216.786 301.22
203.546 277.001
261.357 250.992
275.286 253.376
281.011 263.195
294.255 268.94
270.581 262.698
289.257 277.996
301.194 258.698
304.675 268.529
261.306 260.519
306.096 277.632
299.019 323.221
304.731 292.411
256.7 50.5845
246.525 53.1026
270.508 38.4385
262.798 30.3207
251.323 29.2847
243.36 39.7382
231.877 40.2085
241.296 29.9063
277.837 47.1762
277.708 59.8923
284.04 66.4672
226.238 459.457
281 457.442
212.751 174.854
222.863 171.994
261.1 231.535
249.316 229.512
258.966 221.184
283.161 212.603
284.622 231.793
283.743 244.224
293.976 238.701
297.545 248.714
215.806 291.64
233.353 299.085
242.727 297.209
209.41 313.606
213.865 326.903
204.882 302.521
228.871 331.424
200.5 294.092
218.772 337.779
214.812 348.907
222.268 357.44
235.625 356.651
238.234 345.007
236.562 320.268
237.725 366.714
232.318 310.077
241.365 306.751
239.469 330.501
223.753 446.746
231.636 451.803
231.976 440.909
273.175 213.356
280.081 200.122
289.512 191.75
289.307 178.321
290.145 204.259
279.867 222.504
290.343 220.49
274.34 231.68
323.502 147.867
316.158 140.932
315.419 152.628
281.5 441.577
286.492 449.675
275.677 449.334
336.013 146.436
339.376 155.939
329.363 155.987
221.693 381.187
218.01 371.567
216.715 389.548
233.468 378.114
236.365 387.309
281 386.5
289.194 379.433
272.841 377.585
267.942 370.103
282.5 422.995
288.118 432.615
275.305 431.926
280.318 404.806
273.005 395.368
288.787 395.956
289.75 412.9
292.828 404.226
274.5 414.73
713
213.695 498.326
217.656 495.362
221.086 492.795
226.83 488.497
227.465 481.006
227.493 474.385
227.529 465.24
227.54 462.576
227.546 458.548
227.51 453.697
227.471 447.582
227.356 441.712
227.243 436.067
226.993 430.658
226.76 427.408
226.399 422.374
226.236 418.997
226.201 413.548
226.17 409.504
226.285 405.744
226.44 400.714
226.68 397.185
226.966 392.769
227.471 387.237
227.902 382.542
228.524 375.762
229.199 368.355
229.78 361.934
230.063 354.159
229.667 349.668
229.322 348.111
227.986 344.525
224.249 334.269
222.822 330.319
219.305 320.46
216.138 311.376
213.966 305.224
212.163 299.485
211.479 297.244
210.204 293.259
209.808 291.997
209.298 291.888
210.229 290.181
210.851 288.761
213.249 282.597
214.483 276.509
213.861 274.114
210.816 272.373
208.983 272.386
211.769 272.448
220.582 269.049
231.05 261.743
240.173 254.332
246.869 246.932
249.47 238.06
251.389 226.471
251.373 217.272
251.378 212.281
249.999 195.912
247.776 189.594
245.831 184.39
245.066 182.011
243.956 178.095
241.943 171.199
241.153 168.638
234.179 160.893
221.678 153.992
203.025 145.436
188.424 144.039
179.134 145.54
172.442 148.357
168.655 149.924
166.72 150.731
164.571 151.848
160.861 151.673
145.778 148.444
153.278 154.446
156.962 151.43
152.898 150.419
141.938 148.354
134.913 147.068
129.679 146.414
124.279 145.726
120.612 145.504
116.547 145.215
110.534 145.115
105.281 145.118
100.991 144.84
98.4754 144.666
90.9917 144.035
86.5817 143.416
79.36 141.788
73.6009 140.497
70.1164 139.673
65.3094 138.655
60.0558 139.335
52.2192 141.034
47.3254 142.128
43.2057 143.027
39.8274 143.586
31.0127 144.612
25.5255 145.271
23.9591 145.439
19.6894 146.032
14.5683 146.787
11.1148 147.297
13.0592 147.01
16.644 146.481
20.711 145.905
31.1142 144.545
36.8321 143.917
35.7938 144.047
44.4398 142.757
41.173 143.17
51.1698 141.245
60.8903 139.189
64.8105 138.692
68.5978 139.301
73.769 140.567
79.3103 141.825
84.0603 142.88
87.4656 143.561
63.1111 143.111
100.097 144.773
104.885 145.11
110.674 145.115
114.544 145.1
117.601 145.3
122.838 145.65
127.96 146.185
133.208 146.85
143.078 148.564
146.45 149.198
151.105 150.077
155.109 150.838
160.537 151.562
165.311 151.364
173.274 147.99
176.133 146.791
180.688 145.283
186.378 144.342
190.827 143.563
194.579 143.416
196.275 143.381
199.977 143.324
206.866 146.698
215.231 150.757
226.507 155.618
238.85 159.899
251.842 159.069
258.281 148.763
254.679 119.36
250.641 86.3282
247.558 73.1111
247.02 71.3931
242.648 69.9588
233.36 72.939
225.02 75.7593
222.829 76.4989
220.611 77.256
210.986 80.4511
211.076 80.4213
213.519 79.6094
223.38 76.3474
238.692 69.9087
248.512 62.1132
250.135 54.3923
250.268 50.8666
250.308 49.4811
250.458 45.9054
250.662 42.4857
250.708 40.5052
250.856 35.5159
250.312 32.8908
250.452 33.0783
250.651 33.5095
251.796 35.553
252.552 35.8622
253.089 35.9635
253.208 36.1778
253.283 37.7498
253.292 40.1606
253.317 43.2787
253.375 46.1969
253.385 48.7298
253.358 51.9624
253.431 56.4471
255.4 62.9051
271.759 70.2806
289.492 76.2621
296.556 78.6452
293.096 77.4775
298.429 79.2741
297.609 78.9984
281.711 73.6431
273.853 70.9954
268.718 69.2633
254.372 68.1442
252.136 68.7213
249.58 75.9433
252.038 97.776
256.047 130.562
258.957 150.023
264.284 152.509
274.955 149.53
284.239 146.957
290.102 145.543
296.62 144.226
305.23 143.182
312.636 142.188
314.661 141.904
318.233 141.465
321.775 143.38
327.933 146.46
331.782 148.368
336.249 150.595
342.706 152.237
348.819 153.347
352.792 151.846
356.725 150.44
363.034 148.205
368.933 146.01
374.016 145.583
377.479 145.512
385.899 145.335
442.244 141.686
394.622 144.545
398.529 144.039
402.497 143.826
407.555 143.632
414.422 143.361
418.677 143.159
423.781 142.533
429.775 141.655
434.332 140.524
438.946 138.836
443.903 137.828
446.924 137.461
451.509 139.083
458.11 141.355
463.074 142.454
466.509 142.654
473.67 143.319
477.146 143.297
486.181 144.783
490.56 145.551
492.349 145.8
496.263 146.712
494.163 146.23
486.349 144.77
481.464 143.959
481.549 144.029
470.466 142.883
466.119 142.632
462.846 142.433
458.562 141.486
455.352 140.408
462.346 141.11
441.515 138.306
437.887 139.428
430.165 141.579
432.518 140.735
419.165 143.129
415.215 143.324
415.476 143.298
400.205 144.026
396.803 144.268
394.645 144.542
390.675 145.107
386.718 145.315
381.528 145.428
376.305 145.537
370.915 145.547
362.372 148.44
351.579 152.674
351.769 153.123
351.194 153.205
350.624 153.271
347.607 153.362
342 152.17
336.703 150.5
335.549 150.119
334.051 149.608
327.505 146.294
314.802 141.857
297.032 144.373
276.636 149.103
264.573 159.089
257.245 167.888
257.564 178.176
257.839 187.623
258.84 191.959
259.138 193.505
259.849 198.08
260.247 204.155
260.549 208.029
261.642 220.559
266.02 233.885
270.466 241.925
274.26 249.056
278.995 253.225
285.747 259.251
292.616 265.184
297.695 269.088
299.067 270.04
299.31 270.208
298.405 270.796
297.923 274.305
297.724 279.4
297.797 281.641
298.033 287.497
298.069 289.838
298 291.391
297.848 297.197
297.691 301.844
297.524 306.498
296.078 310.559
293.501 316.029
289.474 324.268
285.371 332.597
282.609 338.375
280.524 343.778
279.623 347.363
279.188 350.606
278.486 356.81
278.102 363.55
277.886 369.475
278.988 375.836
279.991 381.765
281.677 391.416
282.195 394.384
283.153 399.885
283.862 404.049
284.223 406.603
283.999 409.9
283.807 413.161
283.361 418.093
282.924 422.994
282.506 427.542
282.057 432.496
281.826 437.792
281.574 443.492
281.288 450.08
281.038 454.301
280.814 457.989
280.456 463.487
280.028 470.091
279.626 476.288
279.206 482.719
285.38 491.803
290.434 494.708
293.151 495.772
291.761 495.219
283.895 490.343
280.718 488.157
273.461 490.659
270.446 492.708
264.534 496.724
271.535 491.968
275.184 489.489
279.074 484.827
279.493 478.348
279.894 472.158
280.283 466.165
280.857 457.211
281.001 454.861
281.237 451.124
281.522 444.7
281.879 436.518
281.966 434.51
282.213 430.728
283.015 421.997
283.267 419.245
283.722 414.018
283.925 409.393
284.119 405.148
283.146 399.734
282.307 395.051
281.715 391.619
281.154 388.401
279.081 376.489
278.084 370.877
277.667 367.57
277.863 364.186
278.007 361.497
278.749 354.28
278.998 351.804
279.382 347.946
279.807 344.668
281.13 341.494
282.749 337.864
285.25 332.887
288.643 325.999
290.706 321.743
293.817 314.165
297.314 294.174
286.675 265.16
0 0
220.529 279.262
212.768 300.46
215.714 308.864
216.957 312.9
221.295 326.207
223.771 333.019
225.635 338.052
227.928 344.024
228.717 346.068
229.657 349.626
229.87 352.555
230.251 356.2
229.892 360.708
229.52 364.843
229.253 367.772
229.004 370.485
227.864 382.994
227.193 390.432
226.895 393.89
226.581 397.499
226.44 400.813
226.252 405.485
226.268 410.771
226.295 416.32
226.365 422.356
226.718 426.887
227.084 431.759
227.233 436.858
227.389 441.984
227.442 446.862
227.501 451.723
227.525 456.492
227.55 461.753
227.517 468.208
227.494 474.001
227.468 480.142
227.435 487.136
232.532 491.121
237.434 494.178
242.012 497.034
233.39 491.656
230.92 490.116
225.685 489.287
219.017 494.343
215.957 496.633
216.414 279.67
290.043 263.963
251.524 57.7326
252.673 183.754
0 0
229.557 349.07
229.757 359.5
226.476 399.922
297.654 305.875
283.253 336.846
277.687 367.964
234.829 259.465
265.347 238.881
287.631 261.719
250.616 52.6697
252.783 41.0252
255.15 66.6449
245.158 68.3375
242.291 165.331
260.938 154.817
250.46 178.592
246.913 185.213
235.186 159.307
269.85 152.186
255.808 153.944
170.251 149.265
189.608 143.908
307.973 142.82
226.248 411.662
215.669 273.76
230.049 73.9526
159.58 151.534
349.82 153.032
272.587 70.5777
226.436 400.801
226.243 405.941
226.573 397.61
226.421 422.713
248.94 63.8778
235.144 72.3392
248.003 73.7805
246.009 68.7319
147.916 149.477
162.702 151.684
164.17 151.879
360.65 149.052
226.277 413.158
226.502 423.512
226.738 427.354
250.201 54.0595
249.403 61.3551
142.438 148.503
376 146.667
226.895 429.211
133.748 147.199
110.73 145.144
107.816 145.115
223.663 492.164
279.005 485.884
179.694 145.344
180.905 146.008
209.693 148.068
229.412 157.674
201.932 147.933
199.937 143.321
216.134 151.163
235.159 160.118
246.039 162.98
238.456 159.912
212.144 149.182
254.593 161.895
254.915 161.76
258.528 148.703
253.819 159.869
259.765 154.04
252.493 159.328
253.228 168.216
246.932 164.002
252.307 166.329
258.212 156.133
258.306 151.399
262.193 153.158
277.591 148.631
266.637 152.521
268.457 152.474
257.516 163.424
273.785 149.857
255.408 174.394
318.673 146.519
272.515 150.763
278.199 148.592
295.018 144.479
286.36 146.426
222.37 268.187
211.128 272.824
247.389 246.098
222.651 268.355
226.986 266.828
234.987 258.682
213.207 275.632
211.442 287.89
255.896 249.22
0 0
242.399 256.1
224.324 268.158
249.89 246.493
244.95 252.094
250.66 248.04
255.111 226.667
270.617 245.543
261.353 256.591
261.096 249.062
245.256 260.449
284.625 259.739
295.681 282.389
283.396 276.632
292.236 271.681
284.723 298.518
295.979 281.194
292.626 317.206
294.527 312.672
290.745 321.796
297.417 307.115
0 0
282.041 339.473
279.053 351.245
293.662 315.007
297.763 297.152
279.965 344.251
279.373 349.113
297.597 279.169
297.755 299.926
280.394 343.453
280.854 342.582
278.976 352.769
278.447 357.218
277.925 362.987
297.636 285.741
277.772 368.584
254.222 72
248.164 66.4737
248.623 69.2415
249.699 78.6436
251.462 93.066
0 0
248.236 74.9181
247.531 69.4262
249.093 65.3954
253.097 63.2418
0 0
258.205 65.5693
255.532 126.346
248.149 65.3911
227.477 478.15
279.422 479.425
242.207 171.088
252.693 174.32
251.658 174.978
248.97 184.502
253.401 221.976
246.002 179.198
253.048 198.107
257.667 199.233
250.586 198.549
256.857 201.165
260.418 220.172
256.185 186.329
253.175 225.898
249.067 193.35
255.241 192.251
253.411 214.135
245.941 184.267
252.045 214.2
244.492 179.893
251.513 232.14
250.44 233.608
257.026 163.09
210.134 292.611
213.968 279.973
264.587 247.251
274.239 251.31
284.868 259.694
296.538 268.621
274.919 254.354
293.819 272.565
296.43 268.243
298.713 270.327
265.683 249.914
297.785 278.512
291.953 319.152
297.989 289.706
252.17 49.0793
251.28 51.468
253.271 41.5155
252.87 36.3168
251.644 35.6112
251.834 38.4932
250.569 43.9293
251.862 35.2948
253.352 49.8422
254.378 62.7577
0 0
227.508 470.507
279.973 470.898
0 0
239.501 163.466
259.965 228.677
252.548 229.798
257.882 217.256
260.472 209.305
266.704 235.858
276.521 251.659
274.1 248.9
285.369 258.93
212.3 287.217
220.904 300.395
221.055 277.994
213.029 302.229
219.11 319.807
210.344 293.542
225.832 338.661
209.564 291.788
227.147 342.246
229.589 348.882
230.011 353.983
230.247 356.471
228.74 346.491
218.748 318.515
229.69 362.953
214.141 304.991
213.445 302.388
224.517 335.047
226.667 396.444
227.478 450.566
227.309 439.328
260.069 209.452
258.561 194.848
257.807 187.692
259.711 162.472
256.487 201.843
261.643 221.538
261.01 220.538
266.534 238.137
325.753 145.409
317.951 141.442
316.443 141.656
0 0
281.268 450.51
281.258 450.699
336.667 150.778
341.594 152.069
330.925 147.697
228.717 372.51
229.36 366.574
226.836 394.832
228.536 375.621
227.069 391.877
280.803 386.386
280.563 384.992
278.582 361.982
277.683 368.121
283.037 421.694
282.065 432.378
282.523 427.866
284.16 405.64
280 399.111
283.815 403.691
283.912 411.42
284.215 406.345
283.439 416.826
1693
0 0
0 0
0 0
0 0
0 0
0 0
0 0
500 675
0 0
0 0
0 0
0 0
0 0
0 0
0 0
0 0
0 0
0 0
0 0
0 0
0 0
0 0
0 0
0 0
0 0
0 0
0 0
0 0
0 0
0 0
0 0
0 0
0 0
0 0
0 0
0 0
0 0
0 0
0 0
0 0
0 0
0 0
0 0
0 0
0 0
0 0
0 0
0 0
0 0
0 0
0 0
0 0
0 0
0 0
0 0
0 0
0 0
0 0
0 0
0 0
0 0
0 0
0 0
0 0
0 0
0 0
0 0
0 0
0 0
675 658
0 0
0 0
0 0
0 0
0 0
0 0
0 0
0 0
0 0
0 0
0 0
0 0
0 0
0 0
0 0
0 0
0 0
0 0
0 0
0 0
0 0
0 0
0 0
0 0
0 0
0 0
0 0
0 0
0 0
0 0
0 0
0 0
0 0
0 0
0 0
0 0
0 0
0 0
0 0
0 0
0 0
0 0
0 0
0 0
0 0
0 0
0 0
0 0
0 0
0 0
0 0
0 0
658 551
0 0
0 0
0 0
0 0
0 0
0 0
0 0
0 0
0 0
0 0
0 0
0 0
0 0
0 0
0 0
0 0
0 0
0 0
0 0
0 0
0 0
0 0
0 0
551 514
0 0
0 0
0 0
0 0
0 0
0 0
0 0
0 0
0 0
0 0
0 0
0 0
0 0
0 0
514 506
0 0
0 0
0 0
0 0
506 75
0 0
0 0
0 0
0 0
0 0
0 0
0 0
0 0
0 0
0 0
0 0
0 0
0 0
0 0
0 0
0 0
0 0
0 0
0 0
0 0
0 0
0 0
0 0
0 0
75 122
0 0
0 0
0 0
0 0
0 0
0 0
0 0
0 0
0 0
0 0
0 0
0 0
0 0
0 0
0 0
0 0
0 0
0 0
0 0
0 0
0 0
0 0
0 0
0 0
0 0
0 0
0 0
0 0
0 0
0 0
0 0
0 0
0 0
0 0
0 0
0 0
0 0
0 0
0 0
0 0
0 0
0 0
0 0
0 0
0 0
0 0
0 0
0 0
0 0
0 0
0 0
0 0
0 0
0 0
0 0
0 0
0 0
0 0
0 0
0 0
0 0
0 0
0 0
0 0
0 0
0 0
0 0
0 0
0 0
0 0
0 0
0 0
0 0
0 0
0 0
0 0
0 0
0 0
0 0
0 0
0 0
0 0
0 0
0 0
0 0
0 0
0 0
0 0
0 0
0 0
0 0
0 0
0 0
0 0
0 0
0 0
0 0
0 0
0 0
0 0
0 0
0 0
0 0
0 0
0 0
0 0
0 0
0 0
0 0
0 0
0 0
0 0
0 0
0 0
0 0
0 0
0 0
0 0
0 0
0 0
0 0
0 0
0 0
0 0
0 0
0 0
0 0
0 0
0 0
0 0
0 0
0 0
0 0
0 0
0 0
0 0
0 0
0 0
0 0
0 0
0 0
0 0
0 0
0 0
0 0
0 0
0 0
0 0
0 0
0 0
0 0
0 0
0 0
0 0
0 0
0 0
0 0
0 0
0 0
0 0
0 0
0 0
0 0
0 0
0 0
0 0
0 0
0 0
0 0
0 0
0 0
0 0
582 514
0 0
0 0
0 0
0 0
0 0
0 0
0 0
0 0
0 0
0 0
0 0
0 0
0 0
0 0
0 0
0 0
0 0
0 0
0 0
0 0
0 0
0 0
0 0
0 0
0 0
0 0
0 0
0 0
0 0
0 0
0 0
0 0
0 0
0 0
0 0
0 0
0 0
0 0
0 0
0 0
0 0
0 0
0 0
0 0
0 0
0 0
0 0
0 0
0 0
0 0
0 0
0 0
0 0
0 0
0 0
0 0
0 0
0 0
0 0
0 0
0 0
0 0
0 0
0 0
0 0
0 0
0 0
0 0
0 0
0 0
0 0
0 0
0 0
0 0
0 0
0 0
0 0
0 0
0 0
0 0
0 0
0 0
0 0
0 0
0 0
0 0
0 0
0 0
0 0
0 0
0 0
0 0
0 0
0 0
0 0
0 0
0 0
0 0
0 0
0 0
0 0
0 0
0 0
0 0
0 0
0 0
0 0
0 0
0 0
0 0
0 0
0 0
0 0
0 0
0 0
0 0
0 0
0 0
0 0
0 0
0 0
0 0
0 0
0 0
0 0
0 0
514 531
0 0
0 0
0 0
0 0
0 0
0 0
0 0
0 0
0 0
0 0
0 0
0 0
0 0
0 0
0 0
0 0
0 0
0 0
0 0
0 0
0 0
0 0
0 0
0 0
531 495
0 0
0 0
0 0
0 0
0 0
0 0
0 0
0 0
0 0
0 0
0 0
0 0
495 225
0 0
0 0
0 0
0 0
0 0
0 0
0 0
0 0
0 0
0 0
0 0
0 0
0 0
0 0
0 0
0 0
0 0
0 0
0 0
0 0
0 0
0 0
0 0
0 0
0 0
0 0
0 0
0 0
0 0
0 0
0 0
0 0
0 0
0 0
0 0
0 0
0 0
0 0
0 0
0 0
0 0
0 0
0 0
0 0
0 0
0 0
0 0
0 0
0 0
0 0
0 0
0 0
0 0
0 0
0 0
0 0
0 0
0 0
0 0
0 0
0 0
0 0
0 0
0 0
0 0
0 0
0 0
0 0
0 0
0 0
0 0
0 0
0 0
0 0
0 0
0 0
0 0
0 0
0 0
0 0
0 0
0 0
0 0
0 0
0 0
0 0
0 0
0 0
0 0
0 0
0 0
0 0
0 0
0 0
0 0
0 0
0 0
0 0
0 0
0 0
0 0
0 0
0 0
0 0
0 0
0 0
0 0
0 0
0 0
0 0
0 0
0 0
0 0
0 0
0 0
0 0
0 0
0 0
0 0
0 0
0 0
0 0
0 0
0 0
0 0
0 0
0 0
0 0
0 0
0 0
0 0
0 0
0 0
0 0
0 0
0 0
0 0
0 0
0 0
0 0
0 0
0 0
0 0
0 0
0 0
0 0
0 0
0 0
0 0
0 0
0 0
0 0
0 0
0 0
0 0
0 0
0 0
0 0
0 0
0 0
0 0
0 0
0 0
0 0
0 0
0 0
0 0
0 0
0 0
0 0
0 0
0 0
0 0
0 0
0 0
0 0
0 0
0 0
0 0
0 0
0 0
0 0
0 0
0 0
0 0
551 560
0 0
0 0
0 0
0 0
0 0
0 0
0 0
0 0
0 0
0 0
0 0
0 0
0 0
0 0
0 0
0 0
0 0
0 0
0 0
0 0
0 0
0 0
0 0
0 0
0 0
0 0
0 0
0 0
0 0
0 0
0 0
0 0
0 0
0 0
0 0
0 0
560 708
0 0
0 0
0 0
0 0
0 0
0 0
0 0
0 0
0 0
0 0
0 0
0 0
0 0
0 0
0 0
0 0
0 0
0 0
0 0
0 0
0 0
0 0
0 0
0 0
0 0
0 0
0 0
0 0
0 0
708 349
0 0
0 0
0 0
0 0
0 0
0 0
0 0
0 0
0 0
0 0
0 0
0 0
0 0
0 0
0 0
0 0
0 0
0 0
0 0
0 0
0 0
0 0
0 0
0 0
0 0
0 0
0 0
0 0
0 0
0 0
0 0
0 0
0 0
0 0
0 0
0 0
0 0
0 0
0 0
0 0
0 0
0 0
0 0
0 0
0 0
0 0
0 0
0 0
0 0
0 0
0 0
0 0
0 0
0 0
0 0
0 0
0 0
0 0
0 0
0 0
0 0
0 0
0 0
0 0
0 0
0 0
0 0
0 0
0 0
0 0
0 0
0 0
0 0
0 0
0 0
0 0
0 0
0 0
0 0
0 0
0 0
0 0
0 0
0 0
0 0
0 0
0 0
0 0
0 0
0 0
0 0
0 0
0 0
0 0
0 0
0 0
0 0
0 0
0 0
0 0
0 0
0 0
0 0
0 0
0 0
0 0
0 0
0 0
0 0
0 0
0 0
0 0
0 0
0 0
0 0
0 0
0 0
0 0
0 0
0 0
0 0
0 0
0 0
0 0
0 0
0 0
0 0
0 0
0 0
0 0
0 0
0 0
0 0
0 0
0 0
0 0
0 0
0 0
0 0
0 0
0 0
0 0
0 0
0 0
0 0
0 0
0 0
0 0
0 0
0 0
0 0
0 0
0 0
0 0
0 0
0 0
0 0
0 0
0 0
0 0
0 0
0 0
0 0
0 0
0 0
0 0
0 0
0 0
0 0
0 0
0 0
0 0
0 0
0 0
0 0
0 0
0 0
0 0
0 0
0 0
0 0
0 0
0 0
0 0
0 0
0 0
0 0
0 0
0 0
0 0
0 0
0 0
0 0
0 0
0 0
0 0
0 0
0 0
0 0
0 0
0 0
0 0
0 0
0 0
0 0
0 0
0 0
0 0
0 0
0 0
0 0
0 0
0 0
0 0
0 0
0 0
0 0
0 0
0 0
0 0
0 0
0 0
0 0
0 0
0 0
0 0
0 0
0 0
0 0
0 0
0 0
0 0
0 0
0 0
0 0
0 0
0 0
0 0
0 0
0 0
0 0
0 0
0 0
0 0
0 0
0 0
0 0
0 0
0 0
0 0
0 0
0 0
0 0
0 0
0 0
0 0
0 0
0 0
0 0
0 0
0 0
0 0
0 0
0 0
0 0
0 0
0 0
0 0
0 0
0 0
0 0
0 0
0 0
0 0
0 0
0 0
0 0
0 0
0 0
0 0
0 0
0 0
0 0
0 0
0 0
0 0
0 0
0 0
0 0
0 0
0 0
0 0
0 0
0 0
0 0
0 0
0 0
0 0
0 0
0 0
0 0
0 0
0 0
0 0
0 0
0 0
0 0
0 0
0 0
0 0
0 0
0 0
0 0
0 0
0 0
0 0
0 0
0 0
0 0
0 0
0 0
0 0
0 0
0 0
0 0
0 0
0 0
0 0
0 0
0 0
0 0
0 0
0 0
0 0
0 0
0 0
0 0
0 0
0 0
0 0
0 0
0 0
0 0
0 0
0 0
0 0
0 0
0 0
0 0
0 0
0 0
0 0
0 0
0 0
0 0
0 0
0 0
0 0
0 0
0 0
0 0
0 0
0 0
0 0
0 0
0 0
0 0
0 0
0 0
0 0
0 0
0 0
0 0
0 0
0 0
0 0
0 0
0 0
0 0
0 0
0 0
0 0
0 0
0 0
0 0
0 0
0 0
0 0
0 0
0 0
0 0
0 0
0 0
0 0
0 0
0 0
0 0
0 0
0 0
0 0
0 0
0 0
0 0
0 0
0 0
0 0
0 0
0 0
0 0
0 0
0 0
0 0
0 0
0 0
0 0
0 0
0 0
0 0
0 0
0 0
0 0
0 0
0 0
0 0
0 0
0 0
0 0
0 0
0 0
0 0
0 0
0 0
0 0
0 0
0 0
0 0
0 0
0 0
0 0
0 0
0 0
0 0
0 0
0 0
0 0
0 0
0 0
0 0
0 0
0 0
0 0
0 0
0 0
0 0
0 0
0 0
0 0
0 0
0 0
0 0
0 0
0 0
0 0
0 0
0 0
0 0
0 0
0 0
0 0
0 0
0 0
0 0
0 0
0 0
0 0
0 0
0 0
0 0
0 0
0 0
0 0
0 0
0 0
0 0
0 0
0 0
0 0
0 0
0 0
0 0
0 0
0 0
0 0
0 0
0 0
0 0
0 0
0 0
0 0
0 0
0 0
0 0
0 0
0 0
0 0
0 0
0 0
0 0
0 0
0 0
0 0
0 0
0 0
0 0
0 0
0 0
0 0
0 0
0 0
0 0
0 0
0 0
0 0
0 0
0 0
0 0
0 0
0 0
0 0
0 0
0 0
0 0
0 0
0 0
0 0
0 0
0 0
0 0
0 0
0 0
0 0
0 0
0 0
0 0
0 0
0 0
0 0
0 0
0 0
0 0
0 0
0 0
0 0
0 0
0 0
0 0
0 0
0 0
0 0
0 0
0 0
0 0
0 0
0 0
0 0
0 0
0 0
0 0
0 0
0 0
0 0
0 0
0 0
0 0
0 0
0 0
0 0
0 0
0 0
0 0
0 0
0 0
0 0
0 0
0 0
0 0
0 0
0 0
0 0
0 0
0 0
0 0
0 0
0 0
0 0
0 0
0 0
0 0
0 0
0 0
0 0
0 0
0 0
0 0
0 0
0 0
0 0
0 0
0 0
0 0
0 0
0 0
0 0
0 0
0 0
0 0
0 0
0 0
0 0
0 0
0 0
0 0
0 0
0 0
0 0
0 0
0 0
0 0
0 0
0 0
0 0
0 0
0 0
0 0
0 0
0 0
0 0
0 0
0 0
0 0
0 0
0 0
0 0
0 0
0 0
0 0
0 0
0 0
0 0
0 0
0 0
0 0
0 0
0 0
0 0
0 0
0 0
0 0
0 0
0 0
0 0
0 0
0 0
0 0
0 0
0 0
0 0
0 0
0 0
0 0
0 0
0 0
0 0
0 0
0 0
0 0
0 0
0 0
0 0
0 0
0 0
0 0
0 0
0 0
0 0
0 0
0 0
0 0
0 0
0 0
0 0
0 0
0 0
0 0
0 0
0 0
0 0
0 0
0 0
0 0
0 0
0 0
0 0
0 0
0 0
0 0
0 0
0 0
0 0
0 0
0 0
0 0
0 0
0 0
0 0
0 0
0 0
0 0
0 0
0 0
0 0
0 0
0 0
0 0
0 0
0 0
0 0
0 0
0 0
0 0
0 0
0 0
0 0
0 0
0 0
0 0
0 0
0 0
0 0
0 0
0 0
0 0
0 0
0 0
0 0
0 0
0 0
0 0
0 0
0 0
0 0
0 0
0 0
0 0
0 0
0 0
0 0
0 0
0 0
0 0
0 0
0 0
0 0
0 0
0 0
0 0
0 0
0 0
0 0
0 0
0 0
0 0
0 0
0 0
0 0
0 0
0 0
0 0
0 0
0 0
0 0
0 0
0 0
0 0
0 0
0 0
0 0
0 0
0 0
0 0
0 0
0 0
0 0
0 0
0 0
0 0
0 0
0 0
0 0
0 0
0 0
0 0
0 0
0 0
0 0
0 0
0 0
0 0
0 0
0 0
0 0
0 0
0 0
0 0
0 0
0 0
0 0
0 0
0 0
0 0
0 0
0 0
0 0
0 0
0 0
0 0
0 0
0 0
0 0
0 0
0 0
0 0
0 0
0 0
0 0
0 0
0 0
0 0
0 0
0 0
0 0
0 0
0 0
0 0
0 0
0 0
0 0
0 0
0 0
0 0
0 0
0 0
0 0
0 0
0 0
0 0
0 0
0 0
0 0
0 0
0 0
0 0
0 0
0 0
0 0
0 0
0 0
0 0
0 0
0 0
0 0
0 0
0 0
0 0
0 0
0 0
0 0
0 0
0 0
0 0
0 0
0 0
0 0
0 0
0 0
0 0
0 0
0 0
0 0
0 0
0 0
0 0
0 0
0 0
0 0
0 0
0 0
0 0
0 0
0 0
0 0
0 0
0 0
0 0
0 0
0 0
0 0
0 0
0 0
0 0
1693
0 1
442 0
1 2
441 1
1 442
2 3
441 2
3 4
441 3
500 3
4 5
500 4
4 596
5 6
596 5
6 7
6 596
645 6
7 8
645 7
8 9
8 645
9 10
645 9
675 9
10 11
10 675
11 12
11 491
11 675
12 13
491 12
13 14
491 13
14 15
490 14
14 491
15 16
490 15
16 17
490 16
17 18
17 471
490 17
18 19
18 471
19 20
19 471
477 19
20 21
477 20
21 22
477 21
697 21
22 23
697 22
23 24
23 695
697 23
24 25
24 695
24 696
25 26
25 696
26 27
696 26
27 28
27 667
27 696
28 29
666 28
667 28
29 30
29 666
30 31
30 666
31 32
31 665
31 666
32 33
661 32
665 32
33 34
33 661
34 35
34 661
35 36
35 660
661 35
36 37
36 660
37 38
37 660
37 662
38 39
662 38
39 40
39 662
664 39
40 41
40 664
41 42
664 41
42 43
664 42
43 44
543 43
621 43
664 43
44 45
621 44
45 46
45 621
46 47
537 46
621 46
47 48
47 537
48 49
48 537
49 50
49 537
50 51
536 50
537 50
51 52
51 536
52 53
536 52
52 538
541 52
53 54
53 538
53 618
54 55
54 618
55 56
55 618
56 57
618 56
57 58
57 611
615 57
57 618
58 59
611 58
59 60
611 59
614 59
60 61
60 614
61 62
614 61
61 616
62 63
616 62
63 64
616 63
647 63
64 65
64 647
65 66
508 65
647 65
66 67
66 508
67 68
506 67
508 67
68 69
68 502
506 68
69 70
502 69
70 71
70 468
70 502
71 72
468 71
72 73
468 72
72 487
73 74
487 73
74 75
74 487
75 76
75 77
75 474
75 487
76 77
77 78
474 77
78 79
78 474
485 78
79 80
79 485
494 79
80 81
494 80
81 82
81 494
497 81
82 83
497 82
83 84
497 83
83 498
84 85
84 498
85 86
85 498
499 85
86 87
499 86
87 88
87 499
88 89
122 88
88 499
89 90
121 89
122 89
90 91
120 90
121 90
91 92
91 119
91 120
92 93
92 118
119 92
93 94
93 117
118 93
94 95
94 115
94 116
94 117
95 96
114 95
95 115
96 97
113 96
114 96
97 98
97 112
113 97
98 99
111 98
112 98
99 100
99 110
99 111
100 101
109 100
100 110
101 102
108 101
101 109
102 103
102 107
108 102
103 104
106 103
107 103
104 105
104 106
105 106
106 107
107 108
108 109
109 110
110 111
111 112
112 113
113 114
114 115
115 116
116 117
117 118
118 119
119 120
120 121
121 122
122 123
122 499
123 124
499 123
124 125
124 499
125 126
125 498
125 499
126 127
498 126
127 128
497 127
127 498
128 129
497 128
129 130
129 497
130 131
130 494
497 130
131 132
131 485
131 494
132 133
485 132
133 134
485 133
134 135
474 134
485 134
135 136
474 135
135 486
136 137
136 486
137 138
486 137
137 503
138 139
138 503
139 140
139 503
140 141
140 469
503 140
141 142
141 469
142 143
142 469
507 142
143 144
507 143
144 145
507 144
145 146
145 507
145 512
146 147
146 512
147 148
511 147
512 147
148 149
511 148
149 150
511 149
513 149
149 514
150 151
514 150
151 152
514 151
151 587
152 153
587 152
152 588
153 154
484 153
588 153
154 155
154 484
155 156
484 155
156 157
156 482
156 484
157 158
482 157
158 159
473 158
158 482
159 160
473 159
160 161
473 160
161 162
161 473
162 163
162 473
163 164
163 473
164 165
164 473
481 164
165 166
165 481
165 492
166 167
492 166
167 168
167 492
168 169
492 168
640 168
169 170
169 640
170 171
640 170
171 172
640 171
171 641
172 173
641 172
173 174
641 173
174 175
638 174
641 174
175 176
175 638
176 177
638 176
177 178
177 637
177 638
178 179
637 178
179 180
179 637
180 181
180 636
180 637
181 182
636 181
182 183
182 636
183 184
636 183
183 642
184 185
184 642
185 186
642 185
186 187
642 186
186 643
187 188
187 643
187 644
188 189
644 188
189 190
191 189
189 644
190 191
191 192
191 476
644 191
192 193
192 476
193 194
476 193
194 195
194 476
194 582
195 196
582 195
196 197
582 196
197 198
582 197
583 197
198 199
198 583
199 200
199 583
199 586
200 201
586 200
594 200
201 202
515 201
594 201
202 203
202 515
202 524
203 204
203 524
203 529
204 205
204 529
205 206
205 529
535 205
206 207
206 535
207 208
207 534
207 535
208 209
470 208
208 534
209 210
470 209
209 687
210 211
210 687
211 212
687 211
212 213
212 687
213 214
686 213
687 213
692 213
214 215
214 692
215 216
692 215
216 217
475 216
692 216
217 218
475 217
218 219
475 218
488 218
219 220
488 219
220 221
488 220
220 495
221 222
495 221
222 223
495 222
223 224
223 270
495 223
224 225
224 269
270 224
225 226
225 267
268 225
225 269
226 227
267 226
227 228
227 266
227 267
228 229
265 228
228 266
229 230
229 264
229 265
230 231
230 262
263 230
230 264
231 232
231 262
232 233
232 261
262 232
233 234
260 233
233 261
234 235
259 234
234 260
235 236
235 258
259 235
236 237
257 236
258 236
237 238
237 257
238 239
256 238
257 238
239 240
254 239
239 255
256 239
240 241
240 253
240 254
241 242
241 252
253 241
242 243
251 242
252 242
243 244
243 250
243 251
244 245
249 244
250 244
245 246
248 245
245 249
246 247
246 248
247 248
248 249
249 250
250 251
251 252
252 253
253 254
254 255
255 256
256 257
257 258
258 259
259 260
260 261
261 262
262 263
263 264
264 265
265 266
266 267
267 268
268 269
269 270
270 271
270 495
271 272
271 495
272 273
495 272
273 274
273 488
273 495
274 275
274 276
475 274
274 488
275 276
276 277
475 276
277 278
277 475
278 279
475 278
693 278
279 280
279 693
280 281
693 280
280 694
281 282
281 694
282 283
282 694
283 284
283 688
283 694
284 285
688 284
285 286
531 285
532 285
688 285
286 287
286 532
287 288
532 287
287 681
288 289
681 288
289 290
680 289
289 681
290 291
680 290
291 292
680 291
292 293
680 292
682 292
293 294
682 293
294 295
682 294
295 296
295 682
295 684
296 297
296 684
297 298
297 653
297 655
297 684
298 299
655 298
299 300
655 299
300 301
655 300
300 656
301 302
656 301
302 303
628 302
302 656
303 304
628 303
304 305
304 628
629 304
305 306
305 629
306 307
629 306
306 631
307 308
631 307
308 309
308 631
309 310
631 309
633 309
310 311
633 310
311 312
633 311
312 313
312 574
633 312
313 314
313 574
314 315
314 574
315 316
565 315
574 315
316 317
565 316
632 316
317 318
632 317
318 319
566 318
632 318
319 320
319 566
576 319
320 321
576 320
321 322
321 576
322 323
322 572
322 576
323 324
572 323
578 323
324 325
578 324
325 326
578 325
325 581
326 327
581 326
327 328
581 327
327 701
328 329
701 328
329 330
701 329
709 329
330 331
330 709
331 332
709 331
331 711
332 333
711 332
333 334
711 333
334 335
710 334
334 711
335 336
710 335
336 337
336 704
336 710
337 338
704 337
705 337
338 339
705 338
339 340
705 339
340 341
340 689
705 340
341 342
689 341
690 341
342 343
690 342
343 344
343 690
344 345
646 344
690 344
345 346
597 345
646 345
346 347
346 597
347 348
347 597
348 349
348 501
597 348
349 350
349 352
349 353
349 501
350 351
352 350
351 352
352 353
353 354
501 353
354 355
501 354
355 356
358 355
501 355
356 357
356 358
357 358
358 359
358 501
359 360
501 359
360 361
501 360
597 360
361 362
597 361
362 363
362 597
363 364
363 597
646 363
364 365
364 646
364 691
365 366
691 365
366 367
691 366
367 368
367 689
367 691
368 369
368 689
706 368
369 370
369 706
370 371
706 370
371 372
706 371
371 712
372 373
712 372
373 374
373 712
374 375
374 712
375 376
707 375
375 708
375 712
376 377
708 376
377 378
377 708
378 379
378 708
379 380
702 379
379 708
380 381
380 702
380 703
381 382
381 703
382 383
703 382
383 384
383 579
383 703
384 385
384 579
385 386
385 568
385 579
386 387
386 568
387 388
387 568
387 571
388 389
571 388
389 390
389 567
571 389
390 391
567 390
391 392
391 567
392 393
392 562
392 567
392 569
393 394
393 569
394 395
569 394
395 396
395 560
569 395
396 397
396 558
560 396
397 398
555 397
397 558
659 397
398 399
398 659
398 673
399 400
399 673
400 401
673 400
401 402
401 670
673 401
402 403
670 402
402 674
403 404
403 674
404 405
404 674
405 406
405 669
405 674
406 407
406 669
407 408
407 669
408 409
408 668
408 669
409 410
409 668
410 411
410 668
410 671
411 412
411 671
412 413
671 412
413 414
671 413
698 413
414 415
414 698
414 699
415 416
699 415
416 417
479 416
699 416
417 418
417 479
418 419
479 418
419 420
478 419
479 419
489 419
420 421
420 489
421 422
489 421
422 423
422 480
489 422
496 422
423 424
496 423
424 425
424 496
425 426
496 425
425 677
426 427
426 677
427 428
676 427
427 677
428 429
676 428
429 430
429 676
430 431
645 430
430 676
431 432
431 596
645 431
432 433
596 432
433 434
500 433
433 596
434 435
500 434
435 436
435 438
500 435
436 437
436 438
437 438
438 439
500 438
439 440
500 439
440 441
440 500
441 442
500 441
542 443
547 443
657 443
443 658
444 552
444 556
559 444
624 444
444 625
444 626
444 627
445 493
445 590
445 591
445 592
445 595
445 634
635 445
446 530
599 446
600 446
446 601
604 446
609 446
446 612
447 620
660 447
661 447
447 663
670 447
672 447
663 448
448 665
666 448
448 667
668 448
669 448
667 449
668 449
671 449
695 449
696 449
698 449
450 471
477 450
478 450
479 450
450 695
450 697
699 450
557 451
451 560
451 561
451 563
564 451
565 451
570 451
562 452
564 452
452 566
452 567
452 575
452 576
577 453
578 453
453 579
581 453
453 701
702 453
453 703
539 454
540 454
454 541
546 454
454 548
550 454
551 455
622 455
455 623
649 455
455 654
685 455
456 623
456 624
625 456
628 456
654 456
656 456
481 457
492 457
457 493
635 457
457 639
640 457
592 458
634 458
458 636
458 637
638 458
458 639
459 582
459 583
584 459
590 459
591 459
593 459
473 460
460 481
460 482
484 460
460 493
589 460
460 595
461 509
520 461
461 599
461 603
461 648
516 462
462 521
462 522
526 462
462 527
619 462
528 463
530 463
609 463
679 463
463 680
463 681
464 598
601 464
603 464
606 464
464 611
614 464
504 465
505 465
465 509
465 510
511 465
512 465
466 527
528 466
466 532
466 533
466 681
467 513
467 514
518 467
467 522
467 523
486 468
468 487
468 502
503 468
469 502
469 503
469 506
469 507
470 531
534 470
470 687
688 470
471 477
471 478
480 471
471 490
537 472
472 539
542 472
621 472
481 473
473 482
474 485
474 486
487 474
488 475
692 475
693 475
476 582
593 476
476 644
477 697
479 478
478 480
489 478
479 699
489 480
490 480
480 491
480 496
492 481
481 493
484 482
484 483
584 483
585 483
588 483
483 589
588 484
589 484
485 494
486 487
486 503
495 488
491 490
496 491
491 675
491 677
492 640
595 493
635 493
494 497
677 496
497 498
498 499
596 500
597 501
502 503
506 502
505 504
506 504
507 504
504 508
512 504
508 505
509 505
505 647
648 505
506 507
508 506
512 507
647 508
510 509
509 520
648 509
511 510
510 513
518 510
520 510
511 512
511 513
513 514
518 513
515 514
523 514
587 514
594 514
523 515
524 515
515 594
516 518
516 520
521 516
522 516
522 517
517 523
524 517
517 526
517 529
518 520
522 518
519 521
530 519
519 599
600 519
619 519
520 521
599 520
599 521
619 521
522 523
526 522
524 523
524 529
525 526
527 525
529 525
533 525
534 525
525 535
526 527
529 526
527 528
527 533
527 619
530 528
528 619
528 681
535 529
600 530
609 530
530 619
531 532
531 533
531 534
688 531
532 533
681 532
533 534
534 535
536 537
539 536
541 536
539 537
621 537
538 541
538 548
617 538
618 538
540 539
541 539
539 542
542 540
546 540
547 540
540 549
548 541
543 542
547 542
621 542
542 657
543 621
543 657
543 662
543 664
546 544
544 549
550 544
544 551
554 544
544 622
630 544
547 545
549 545
553 545
555 545
545 658
659 545
549 546
550 546
547 549
658 547
550 548
551 548
610 548
548 617
548 650
553 549
549 554
550 551
622 551
551 649
650 551
553 552
554 552
552 556
552 626
630 552
554 553
555 553
553 556
553 558
630 554
555 558
659 555
556 558
556 559
556 561
559 557
557 561
557 570
580 557
557 627
558 560
561 558
559 561
627 559
560 561
560 563
560 569
562 563
564 562
562 567
562 569
563 564
569 563
565 564
566 564
564 632
570 565
565 574
565 632
576 566
632 566
571 567
567 575
568 571
568 575
577 568
579 568
574 570
580 570
633 570
571 575
572 575
576 572
572 577
578 572
573 580
625 573
573 627
573 631
573 633
574 633
576 575
577 575
577 578
577 579
581 578
579 703
627 580
633 580
701 581
583 582
582 593
583 584
585 583
586 583
584 585
584 589
590 584
585 586
587 585
588 585
586 587
586 594
588 587
594 587
589 590
589 595
591 590
595 590
592 591
593 591
643 591
634 592
592 636
592 642
592 643
643 593
644 593
645 596
597 646
598 603
614 598
598 616
647 598
648 598
600 599
599 601
603 599
603 601
601 604
601 606
602 604
606 602
607 602
602 613
650 602
651 602
603 648
604 606
607 604
612 604
607 605
605 609
612 605
605 678
605 679
611 606
613 606
615 606
612 607
607 651
678 607
608 649
651 608
678 608
608 683
608 685
612 609
679 609
613 610
610 615
610 617
610 650
614 611
615 611
615 613
650 613
616 614
617 615
615 618
647 616
617 618
657 620
620 658
620 660
662 620
672 620
622 623
626 622
622 630
624 623
623 626
623 654
625 624
626 624
625 627
628 625
625 629
625 631
626 630
628 629
656 628
631 629
633 631
635 634
639 634
635 639
636 637
636 642
638 637
638 639
638 641
640 639
639 641
640 641
643 642
644 643
645 675
645 676
646 690
646 691
647 648
650 649
649 651
649 685
650 651
651 678
652 678
679 652
652 682
683 652
652 684
654 653
653 655
653 683
653 684
685 653
655 654
654 656
654 685
656 655
657 658
657 662
658 659
658 672
658 673
659 673
660 661
660 662
663 661
665 661
664 662
663 665
669 663
670 663
674 663
665 666
666 667
667 668
696 667
668 669
668 671
669 674
672 670
670 673
674 670
671 698
672 673
676 675
675 677
677 676
679 678
683 678
680 679
682 679
680 681
682 680
684 682
683 684
683 685
687 686
688 686
686 692
694 686
687 688
688 694
690 689
691 689
705 689
706 689
691 690
692 693
692 694
693 694
695 696
697 695
698 695
699 695
699 698
701 700
700 702
700 708
709 700
702 701
709 701
702 703
708 702
705 704
706 704
710 704
704 712
705 706
706 712
707 708
709 707
707 710
711 707
707 712
708 709
709 711
711 710
710 712
