745
160 499
156 496
155 492
155 487
157 483
161 479
163 475
167 472
171 469
176 468
177 463
180 462
178 458
178 453
175 453
172 451
173 448
172 444
174 440
175 435
174 430
174 425
174 420
172 416
174 412
175 407
178 403
180 399
181 394
182 390
183 385
185 381
185 376
186 371
186 366
186 361
186 356
186 351
188 347
186 343
186 338
188 334
189 329
189 324
189 319
191 315
192 310
194 306
194 301
194 296
195 291
196 287
197 282
198 277
200 273
203 269
203 264
205 260
208 256
212 252
214 248
214 245
213 242
216 238
219 234
220 229
222 225
225 221
226 216
226 211
226 208
226 203
226 198
224 193
223 189
222 184
220 180
219 175
217 171
216 166
216 161
216 156
214 152
214 147
215 143
213 139
209 137
208 135
204 136
200 133
197 130
192 128
188 126
183 125
178 125
173 125
169 123
164 122
159 122
154 122
150 120
145 119
140 119
135 119
130 120
126 122
121 122
118 119
113 119
108 119
103 119
98 119
93 120
88 120
83 120
78 120
73 120
69 122
64 122
59 122
54 123
52 126
48 128
43 130
39 131
35 133
30 134
25 134
21 136
19 131
21 127
26 127
23 125
18 126
13 127
9 129
5 127
7 123
5 120
5 115
9 113
14 113
19 112
24 112
29 112
34 112
39 112
43 110
48 109
52 107
56 104
61 103
66 103
71 103
75 101
79 99
84 98
89 98
93 96
98 96
103 95
108 95
113 96
118 96
122 98
127 99
132 98
136 96
140 98
145 99
150 99
155 99
160 99
165 99
170 99
175 98
180 98
185 98
190 98
194 96
199 95
203 98
208 97
212 96
217 95
220 92
222 88
226 85
228 81
227 78
228 73
223 71
225 67
226 62
227 58
228 53
225 49
223 45
220 41
219 36
223 38
228 37
228 32
229 27
232 24
234 19
239 17
242 14
246 11
251 11
256 11
260 14
265 14
264 17
269 18
272 21
275 24
276 29
278 33
278 38
283 38
287 36
289 39
286 43
283 47
283 52
281 56
280 60
280 65
282 69
279 71
279 76
276 77
276 82
279 85
282 89
284 93
288 95
293 95
297 93
302 93
307 93
312 93
316 95
321 95
326 96
331 96
336 96
340 98
345 99
350 99
355 99
360 98
364 96
369 96
373 99
378 98
383 98
387 96
392 95
397 95
402 95
407 95
412 95
417 96
421 98
426 99
430 101
434 99
438 101
442 102
445 106
450 107
455 107
459 109
464 110
468 112
473 113
478 113
483 113
488 112
493 113
498 113
502 114
503 117
500 120
499 124
499 128
494 129
490 127
487 126
487 129
486 133
482 136
478 134
473 133
469 131
465 129
460 128
455 128
452 124
449 121
444 119
441 119
437 117
433 119
429 117
424 117
419 117
414 118
410 119
405 119
400 119
395 119
390 119
386 117
381 116
376 116
372 119
368 117
363 117
358 117
354 119
349 120
344 120
339 120
334 120
329 120
324 120
319 120
315 122
310 124
308 128
304 132
301 136
298 140
298 145
296 149
296 154
296 159
295 164
295 169
293 173
291 177
289 182
287 186
286 191
286 196
286 201
287 206
287 211
289 215
287 219
289 223
290 228
293 232
291 236
293 239
295 243
295 246
298 250
300 254
302 259
304 263
307 267
309 271
310 276
312 280
314 284
314 289
315 294
315 299
317 303
317 308
317 313
317 318
318 323
319 328
319 331
318 336
320 340
321 345
323 349
321 353
321 358
323 362
324 367
326 371
326 376
327 381
329 385
331 389
332 394
332 399
333 402
334 406
334 411
335 416
334 421
335 426
335 431
335 436
335 441
337 445
337 450
337 453
336 457
334 460
332 464
335 466
339 468
343 471
344 475
348 477
352 480
356 482
358 486
358 491
358 496
354 499
349 499
344 499
339 499
334 499
329 499
324 499
319 498
316 494
313 490
310 487
307 483
308 478
310 474
311 469
314 466
315 461
315 456
313 452
311 448
312 444
312 441
311 437
311 432
310 427
308 423
305 419
304 414
303 409
301 405
301 400
299 396
299 391
299 386
297 382
296 377
296 372
296 367
296 362
296 357
294 353
291 349
290 344
288 340
286 335
283 331
280 328
278 323
276 319
274 315
272 310
269 306
267 302
264 298
262 294
261 289
259 285
257 281
253 283
250 287
247 291
245 295
242 299
240 303
238 308
236 312
233 316
232 321
229 324
227 329
225 333
224 338
221 342
219 346
218 351
216 355
213 359
212 363
211 368
211 373
211 378
211 383
213 387
213 392
211 396
211 401
210 406
208 410
207 415
207 420
205 424
204 429
204 434
202 438
205 442
207 446
204 449
200 451
197 455
199 459
199 464
201 468
204 472
204 477
206 482
204 486
201 490
197 492
194 496
191 499
186 499
181 499
176 499
171 499
166 499
161 499
252.293 121.854
254.716 183.196
236.752 261.876
219.692 290.346
254.667 51.5419
280.384 271.808
256.149 224.63
210.043 319.317
252.042 79.5
293.454 304.319
262.061 100.829
278.57 122.303
264.163 151.5
240.525 158.5
225.72 117.975
190.273 416
270.331 215
95.8333 107.5
115.167 107.5
176.272 111.525
199.849 354.355
174.5 484.5
188.5 477.167
301.008 109.788
333.071 107.929
392.929 107.071
314.84 392.202
310.938 374.625
324.75 448
261.758 36.8871
272.282 234.277
239.193 235.731
305.27 305.884
292.664 319.398
297.268 287.996
279.64 140.642
276.776 164.672
304.803 342.81
319.021 412.713
243.175 64.5591
246.445 31.4452
196.5 112.536
188.253 442.539
197.423 389.5
365.868 106.713
328.192 481.808
229.16 148.449
34.6586 121.985
476.929 123.357
220.471 268.258
84.8498 109.061
125.845 109.879
136.563 108.277
105.5 109.459
185.173 487.846
179.292 476.617
343.518 109.453
322.984 436.114
284.694 311.42
280.717 297.561
304.631 295.436
240.468 45
186.239 114.966
187.686 452.238
189.639 461.682
228.369 160.795
237.492 175.776
235.754 166.566
246.559 140.225
353.196 108.551
321.574 424.316
290.256 294.964
282.328 284.662
272.462 289.98
237.657 35.6652
250.721 41.426
244.756 54.3734
239.623 148.069
251.626 151.694
258.133 166.959
246.9 169.231
269.317 277.797
258.02 259.639
260.839 270.479
248.147 267.993
271.234 261.989
234.969 278.868
266.914 247.95
280.906 246.241
239.335 270.737
284.181 259.097
292.615 268.539
251.472 245.429
274.662 253.25
281.495 236.726
291.409 279.112
258.523 250.794
246.901 256.149
235.959 248.616
225.027 255.923
228.662 239.936
250.334 234.247
261.308 234.316
223.033 247.063
252.511 204.014
164.802 110.513
153.93 109.84
198.514 366.825
165.312 488.856
320.526 107.542
310.249 104.163
405.01 106.918
317.118 382.474
269.106 48.7324
264.505 63.5951
262.819 54.9299
253.761 62.3232
266.824 225.092
277.748 224.815
304.796 318.079
300.002 330.446
288.491 130.925
290.933 118.096
280.494 107.687
300.839 119.846
267.855 113.458
273.51 98.2584
265.34 127.417
256.497 111.025
238.228 101.552
250.137 100.938
244.159 112.466
243.579 89.5514
256.006 90.6556
238.132 125.905
233.993 137.315
233.703 111.08
222.42 106.085
233.501 92.2513
239.871 77.8407
263.937 81.5551
211.037 115.648
259.39 72.4222
266.075 91.4246
274.613 131.735
265.361 139.488
256.078 142.874
247.048 130.297
205.141 107.679
216.847 126.474
227.459 128.671
223.897 138.155
202.266 121.11
256.817 132.813
276.368 152.438
285.833 148.712
285.587 159.122
308.487 354.921
312.792 364.39
312.76 403.308
321.961 399.284
256.908 26.2704
248.147 21.7226
187.409 429.128
182.942 421.277
195.459 424.008
195.85 403.29
198.427 412
186.864 406.925
190.286 395.671
339.63 486.611
323.727 471.542
240.88 191.611
266.923 161.482
268.912 177.705
260.029 175.836
279.895 175.443
267.47 195.073
263.976 186.039
223.434 279.42
210.444 281.076
207.417 293.344
216.89 305.505
211.873 271.862
205.504 308.464
227.953 299.712
230.642 289.014
225.911 309.271
220.397 318.116
258.956 213.506
265.796 205.482
275.559 201.713
278.031 210.358
199.543 378.238
415.556 107.032
291.072 105.607
232.703 185.08
244.81 182.49
251.429 193.374
239.205 204.837
246.014 216.157
243.605 226.293
235.983 219.127
275.406 186.988
204.198 338.198
197.425 345.039
208.041 347.896
200.727 326.778
213.373 330.693
384.889 113.217
745
156.357 495.626
158.951 493.725
159.984 492.966
160.625 492.477
162.308 491.198
169.579 487.186
171.099 486.475
174.651 484.866
178.992 483.275
188.441 479.51
188.139 470.529
187.736 461.209
187.406 454.062
186.837 445.892
179.616 448.296
169.495 451.233
175.914 449.167
184.082 446.705
186.292 444.882
188.534 436.895
188.821 428.196
189.066 422.13
189.255 417.261
186.938 415.482
189.262 416.842
189.786 414.357
190.488 411.681
193.144 404.455
195.962 397.148
197.34 393.387
198.827 389.316
198.728 384.528
198.618 378.363
198.262 372.085
197.973 365.636
198.7 358.093
198.909 355.744
199.311 352.436
200.421 348.064
201.251 345.086
201.615 344.059
206.088 332.268
205.373 334.102
207.774 327.922
208.71 325.565
209.225 324.282
211.196 317.999
213.066 311.577
214.063 300.207
214.302 297.454
214.541 293.798
214.682 290.716
214.804 288.412
214.92 283.321
215.464 281.561
217.079 275.612
217.984 272.711
218.278 272.224
221.343 268.5
229.763 258.886
234.874 250.319
224.815 247.218
219.056 245.676
234.274 249.828
241.545 246.14
246.502 242.046
249.462 239.525
253.659 232.137
257.074 220.449
257.458 211.419
257.502 209.981
257.484 202.849
255.599 191.003
252.191 182.306
250.492 178.519
248.916 173.917
248.239 172.002
245.894 166.354
244.541 163.482
244.406 162.702
245.149 159.814
245.349 150.233
245.174 148.22
245.313 144.652
243.161 135.998
232.189 124.605
220.957 119.389
218.752 118.363
211.247 116.046
210.89 115.931
205.791 114.554
195.825 112.077
189.116 111.454
181.578 111.407
176.177 111.539
173.63 111.511
171.004 111.344
164.437 111.004
158.532 110.486
155.704 110.255
153.142 109.98
149.697 109.572
139.87 108.411
132.59 108.634
125.437 110.128
124.831 111.163
124.973 111.304
123.718 110.327
114.679 107.701
108.355 106.984
102.469 106.734
96.4918 106.93
91.2908 107.681
87.2103 108.341
82.5375 109.128
79.8382 109.597
70.7088 111.135
66.6656 111.622
62.1595 111.893
57.5429 112.371
48.5082 117.485
46.4766 118.648
45.5443 119.003
36.8757 122.577
34.9059 123.254
32.6856 123.251
31.0435 122.524
20.9672 132.753
19.1012 134.663
21.7072 131.996
21.9326 131.763
30.9644 122.577
21.0602 120.522
15.6386 119.849
9.6761 119.565
7.06707 126.453
6.70925 127.414
7.70538 123.091
9.06327 119.338
6.70231 116.554
7.79661 117.846
11.7031 119.505
18.2793 120.112
24.8724 120.845
29.2886 121.95
33.4898 123.517
40.4415 121.372
45.8963 119.013
51.0989 115.994
56.6701 112.724
59.063 111.947
61.267 111.924
64.0571 111.795
21.3302 122.548
79.952 109.577
81.6782 109.277
85.0873 108.686
90.8039 107.76
94.8481 107.087
101.215 106.783
103.611 106.695
107.019 106.824
111.751 107.391
115.219 107.785
118.755 108.604
127.089 109.834
135.401 108.091
137.306 107.156
136.649 107.983
146.273 109.167
149.343 109.528
154.626 110.144
159.315 110.553
164.213 110.989
169.862 111.282
174.696 111.536
178.677 111.473
183.767 111.346
189.708 111.436
191.029 111.144
190.654 111.056
196.225 112.201
210.217 115.689
219.078 117.912
234.858 121.179
243.793 111.584
245.699 109.537
250.035 101.16
252.261 85.3625
253.636 75.1536
253.837 65.8267
0 0
245.09 66.1107
254.36 62.7234
254.517 55.179
253.106 41.61
249.599 34.427
235.021 36.9278
217.835 39.6648
216.597 39.6699
0 0
251.108 27.6122
249.787 29.6583
249.229 27.9621
249.317 27.792
249.685 26.4564
249.647 26.8395
249.834 19.4546
249.739 18.8088
249.887 19.7549
250.52 22.5918
253.024 26.1018
0 0
253.912 24.0116
254.007 23.8683
253.34 24.8765
253.326 25.5254
253.12 27.3593
252.804 34.7375
254.934 41.7767
0 0
288.555 37.2601
288.366 37.5444
285.628 41.3021
259.583 42.2644
257.869 42.8468
255.127 45.6092
254.779 49.8993
256.572 59.7942
0 0
256.831 60.4642
256.668 60.8876
254.669 65.5501
253 85.6707
253.097 102.839
256.315 110.958
263.876 118.102
279.431 118.476
297.983 110.789
305.21 107.106
310.124 104.519
311.929 103.559
313.418 103.155
315.673 103.56
320.63 104.227
329.113 106.069
331.858 106.679
334.387 107.249
337.231 108.299
343.894 110.704
350.38 109.636
357.442 108.237
360.915 107.475
366.177 106.123
366.196 106.132
369.421 106.299
377.904 106.557
387.836 106.851
390.062 106.911
393.076 107.005
397.074 106.934
402.181 106.813
407.423 106.631
411.319 106.431
414.143 106.272
418.215 106.591
421.674 106.865
432.231 107.781
434.678 108.581
435.053 108.698
437.064 109.37
438.086 109.722
475.556 125.333
453.468 115.069
456.353 116.744
459.711 118.692
471.191 122.582
471.814 122.789
479.259 124.955
484.152 123.87
489.388 121.652
491.722 120.64
498.456 117.276
502.557 114.772
502.513 114.799
499.979 116.345
493.58 120.049
496.924 124.889
495.149 122.317
496.613 121.62
484.28 123.84
480.459 124.728
481.726 130.377
482.164 132.312
480.534 125.085
478.057 124.896
473.528 123.361
467.293 121.284
459.263 118.391
458.885 118.172
458.451 117.946
464.148 119.87
445.482 112.286
442.274 111.153
435.647 108.89
435.178 108.723
432.76 107.904
421.603 106.858
417.788 106.556
411.529 106.39
408.723 106.556
405.168 106.739
397.526 106.926
395.065 106.987
392.336 106.996
389.235 106.888
384.681 106.721
362.135 107.372
370.248 106.287
369.455 106.267
363.306 106.95
356.117 108.527
351.13 109.563
348.187 110.027
344.881 110.729
340.759 109.572
336.204 107.914
328.635 105.956
325.953 105.361
318.385 103.899
311.308 103.877
300.746 109.388
290.949 114.298
283.295 118.669
274.151 123.74
269.152 137.837
268.86 141.574
268.276 147.307
270.678 155.095
272.983 159.979
274.191 161.911
274.489 162.568
274.047 163.001
271.21 164.966
267.008 168.256
263.72 175.446
260.704 186.506
260.846 196.356
261.147 206.069
262.572 212.868
263.985 218.663
264.231 219.214
263.875 220.562
264.616 230.157
268.392 238.016
269.41 239.107
268.859 239.971
270.3 244.298
271.803 247.126
272.422 248.432
276.256 255.216
281.549 264.017
283.815 267.701
288.118 275.139
290.146 279.811
291.353 282.662
293.148 288.122
293.801 289.949
294.284 291.315
294.614 293.5
295.598 298.284
296.626 304.411
297.223 307.607
297.427 309.373
297.767 311.731
299.375 320.969
301.321 327.777
302.618 332.002
303.076 333.402
303.92 336.008
306.863 345.409
308.09 349.744
308.545 351.021
308.683 351.545
309.988 359.911
310.832 366.439
311.197 370.772
311.415 373.528
312.243 377.762
314.164 385.996
315.555 391.849
316.256 394.877
316.938 398.044
317.858 402.389
318.35 404.786
318.589 405.947
319.652 411.087
320.36 415.807
320.75 418.418
321.93 427.286
322.494 432.35
323.234 438.349
325.113 444.553
326.165 448.683
326.306 450.58
326.315 450.898
326.227 451.034
326.119 452.63
324.547 470.368
323.797 481.79
327.28 483.184
330.367 484.214
332.051 484.776
341.881 488.193
345.299 489.402
353.659 492.344
353.645 492.34
354.095 492.507
357.05 494.653
356.727 494.394
354.113 492.753
345.412 489.441
338.287 486.919
331.853 484.729
326.665 482.98
324.243 483.101
324.036 484.584
324.034 483.783
321.518 482.359
315.519 482.079
311.725 481.993
319.004 482.143
321.476 482.013
322.2 481.845
323.813 478.823
330.667 485.333
325.852 449.059
325.647 446.168
325.11 444.636
324.63 443.027
324.245 441.739
323.262 438.74
322.463 432.072
321.398 422.737
320.41 416.165
319.898 412.646
319.33 409.506
318.309 404.562
317.662 401.459
316.824 397.564
316.089 394.115
315.177 390.245
313.473 383.086
312.288 377.976
311.596 375.095
311.327 372.196
311.145 370.085
310.274 362.116
309.101 353.624
307.389 347.441
306.441 343.913
305.191 339.967
303.497 334.708
300.193 323.736
299.34 320.688
298.727 318.728
297.986 314.459
297.749 312.83
297.215 309.025
295.745 301.374
294.469 294.873
293.4 291.391
292.675 289.175
292.564 288.674
289.324 280.334
283.197 266.325
265.488 247.128
240.739 250.413
226.169 264.318
218.143 276.525
215.309 283.87
214.858 290.313
214.55 297.036
214.441 302.706
214.42 305.633
213.17 311.904
212.746 313.679
212.07 316.02
209.627 322.719
207.673 328.136
206.109 332.223
205.317 334.23
202.317 342.122
200.801 346.57
200.382 348.257
199.265 352.747
198.612 359.179
197.955 366.635
198.362 373.881
198.714 380.392
198.82 387.438
198.872 388.389
198.935 389.15
198.092 391.71
196.117 396.761
194.657 400.486
192.86 405.158
190.456 412.55
189.91 416.014
189.442 419.059
188.862 426.91
188.749 430.182
0 0
203.073 445.721
208.873 447.01
198.87 444.788
188.64 442.496
187.206 450.136
187.816 462.261
188.143 470.455
188.553 478.366
191.638 480.591
194.199 481.88
198.531 482.964
195.779 482.456
194.239 482.183
189.896 481.614
188.038 483.703
190.152 490.657
187.849 483.32
183.802 481.974
177.484 483.735
169.664 487.242
162.034 491.541
157.801 494.566
251.427 128.105
257.147 181.31
233.684 252.862
219.907 274.514
254.545 44.543
284.12 267.894
259.413 225.882
210.833 319.28
253.542 77.3495
296.49 305.09
253.35 113.023
268.874 125.037
261.843 151.392
247.157 159.377
234.825 122.468
189.936 415.559
263.252 218.385
95.8587 106.983
116.062 108.087
175.233 111.534
198.973 355.456
167.707 488.821
178.239 487.283
299.427 109.969
333.805 107.411
396.141 106.949
314.339 386.694
311.495 374.233
325.545 446.131
252.259 35.1796
265.015 235.322
252.444 215.111
296.914 306.112
281.778 265.778
294.111 291.33
267.619 139.989
268.366 161.93
306.367 343.911
319.554 410.695
255.868 28.3462
250.09 24.7971
193.501 111.81
188.478 442.805
202.667 363.556
364.84 106.568
319.595 482.543
245.624 147.743
23.9977 127.202
489.339 124.996
223.738 266.605
112.721 109.384
124.981 110.154
134.589 108.114
109.709 107.433
186.775 481.163
186.308 482.447
344.39 110.717
323.925 440.727
297.22 309.028
292.669 288.316
295.116 295.974
251.851 36.9591
185.234 111.431
187.084 448.405
187.975 466.414
245.03 161.505
249.028 171.751
246.852 165.149
256.552 139.237
356.918 108.31
324.427 441.964
294.765 295.216
291.203 283.292
290.981 283.559
250.067 30.4474
251.942 36.1659
257.04 42.6519
247.205 147.237
0 0
268.251 163.304
248.522 162.815
279.265 260.918
273.113 252.464
266.277 247.251
224.874 267.168
274.173 253.161
221.428 268.982
264.979 242.85
269.891 242.829
233.085 256.709
276.776 256.319
285.2 270.479
255.064 240.448
270.85 248.409
268.442 238.925
291.181 282.64
260.037 242.409
248.278 245.555
242.213 246.507
231.327 257.056
241.893 246.045
256.021 231.626
263.018 234.46
235.488 250.241
258.822 204.803
185.601 111.936
132.448 109.364
198.287 362.636
160.314 492.752
336.524 108.445
312.196 103.519
324.444 110.222
312.835 380.301
254.989 44.5822
255.05 56.6165
254.679 48.1878
255.67 59.542
262.183 230.736
264.278 229.342
299.152 320.139
307.141 347.645
268.527 134.021
289.419 115.018
275.143 119.941
287.725 116.148
0 0
260.543 115.537
263.821 130.871
254.069 117.022
247.453 111.432
251.073 107.915
244.523 118.608
252.21 98.6564
251.95 95.7275
240.832 126.76
246.759 129.287
241.233 119.071
254.044 134.857
245.811 114.029
252.51 90.5972
253.13 83.0149
214.271 116.789
254.422 66.656
252.765 101.612
266.341 132.002
259.326 141.514
256.782 143.085
250.112 131.237
204.107 114.324
227.248 121.914
237.537 126.525
242.208 133.74
201.982 113.633
256.514 134.03
268.403 141.452
268.156 147.911
272.812 160.192
309.459 356.333
310.779 366.936
317.757 401.903
305.778 361.778
251.742 26.5359
250.172 21.3562
188.736 431.095
189.178 419.353
190.271 415.696
192.024 407.811
190.769 410.76
190.169 413.098
196.677 395.199
348.231 490.562
322.582 481.815
253.785 185.82
263.61 160.367
260.781 173.912
259.18 173.936
266.252 169.78
260.248 195.032
259.539 184.024
217.209 277.326
215.272 282.438
214.557 292.788
0 0
217.146 275.56
213.064 311.575
214.671 295.194
216.685 280.338
214.311 306.461
211.13 318.312
260.15 215.457
260.694 207.665
259.937 210.438
262.774 214.12
198.341 368.811
419.457 106.73
293.402 112.952
250.596 178.133
250.99 177.002
258.821 193.54
257.862 207.917
257.956 218.631
255.793 229.094
261.025 218.166
0 0
202.714 340.996
200.837 346.405
202.926 341.895
207.066 329.756
207.573 328.437
390.222 108.444
1696
0 0
0 0
0 0
0 0
0 0
0 0
0 0
0 0
0 0
0 0
0 0
0 0
0 0
0 0
0 0
0 0
0 0
0 0
0 0
0 0
0 0
0 0
0 0
0 0
0 0
0 0
0 0
0 0
0 0
0 0
0 0
0 0
0 0
0 0
0 0
0 0
0 0
0 0
0 0
0 0
0 0
0 0
0 0
557 578
0 0
0 0
0 0
0 0
0 0
0 0
0 0
0 0
0 0
0 0
0 0
0 0
0 0
0 0
0 0
0 0
0 0
0 0
0 0
0 0
0 0
0 0
0 0
0 0
0 0
0 0
0 0
0 0
0 0
0 0
0 0
0 0
0 0
0 0
0 0
0 0
0 0
0 0
578 619
0 0
0 0
0 0
0 0
0 0
0 0
0 0
0 0
0 0
0 0
0 0
0 0
0 0
0 0
0 0
0 0
0 0
0 0
0 0
0 0
0 0
0 0
0 0
0 0
0 0
0 0
0 0
0 0
0 0
0 0
0 0
0 0
0 0
0 0
0 0
0 0
0 0
0 0
0 0
0 0
0 0
0 0
0 0
0 0
0 0
0 0
0 0
0 0
0 0
0 0
0 0
0 0
0 0
0 0
0 0
0 0
0 0
0 0
0 0
0 0
0 0
0 0
0 0
0 0
0 0
0 0
0 0
0 0
0 0
0 0
0 0
0 0
619 566
0 0
0 0
0 0
0 0
0 0
0 0
0 0
0 0
0 0
0 0
0 0
0 0
0 0
0 0
0 0
0 0
566 672
0 0
0 0
0 0
0 0
0 0
0 0
0 0
0 0
0 0
0 0
0 0
0 0
0 0
0 0
0 0
0 0
0 0
0 0
0 0
0 0
0 0
0 0
0 0
0 0
0 0
0 0
0 0
0 0
0 0
0 0
0 0
0 0
0 0
0 0
0 0
0 0
0 0
0 0
0 0
672 640
0 0
0 0
0 0
0 0
0 0
0 0
0 0
0 0
0 0
0 0
0 0
0 0
0 0
0 0
0 0
0 0
0 0
0 0
0 0
0 0
0 0
0 0
0 0
0 0
640 585
0 0
0 0
0 0
0 0
0 0
0 0
0 0
0 0
0 0
0 0
0 0
0 0
0 0
0 0
0 0
0 0
0 0
0 0
0 0
0 0
0 0
0 0
0 0
0 0
0 0
0 0
0 0
0 0
0 0
0 0
0 0
0 0
0 0
0 0
0 0
0 0
0 0
0 0
0 0
0 0
0 0
0 0
585 153
0 0
0 0
0 0
0 0
0 0
0 0
0 0
0 0
0 0
0 0
0 0
0 0
0 0
0 0
0 0
0 0
0 0
0 0
0 0
0 0
0 0
0 0
0 0
0 0
0 0
0 0
0 0
0 0
0 0
0 0
0 0
0 0
0 0
0 0
0 0
0 0
0 0
0 0
0 0
0 0
0 0
0 0
0 0
0 0
0 0
0 0
0 0
0 0
0 0
0 0
0 0
0 0
0 0
0 0
0 0
0 0
0 0
0 0
0 0
0 0
0 0
0 0
0 0
0 0
0 0
0 0
0 0
0 0
0 0
0 0
0 0
0 0
0 0
0 0
0 0
0 0
0 0
0 0
0 0
0 0
0 0
0 0
0 0
0 0
0 0
0 0
0 0
0 0
0 0
0 0
0 0
0 0
0 0
0 0
0 0
0 0
0 0
0 0
0 0
0 0
0 0
0 0
0 0
0 0
0 0
0 0
0 0
0 0
0 0
0 0
0 0
0 0
0 0
0 0
0 0
0 0
0 0
0 0
0 0
0 0
0 0
0 0
0 0
0 0
0 0
0 0
0 0
0 0
0 0
0 0
0 0
0 0
0 0
0 0
0 0
0 0
0 0
0 0
0 0
0 0
0 0
0 0
0 0
0 0
0 0
0 0
0 0
0 0
0 0
0 0
0 0
0 0
0 0
0 0
0 0
0 0
0 0
0 0
0 0
0 0
0 0
0 0
0 0
0 0
672 574
0 0
0 0
0 0
0 0
0 0
0 0
0 0
0 0
0 0
0 0
0 0
0 0
0 0
0 0
0 0
0 0
0 0
0 0
0 0
0 0
0 0
0 0
0 0
0 0
0 0
0 0
0 0
0 0
0 0
0 0
0 0
0 0
0 0
0 0
0 0
0 0
0 0
0 0
0 0
0 0
0 0
0 0
0 0
0 0
0 0
0 0
0 0
0 0
0 0
0 0
0 0
0 0
0 0
0 0
0 0
0 0
0 0
0 0
0 0
0 0
0 0
0 0
0 0
0 0
0 0
0 0
0 0
0 0
0 0
0 0
0 0
0 0
0 0
0 0
0 0
0 0
0 0
0 0
0 0
0 0
0 0
0 0
0 0
0 0
0 0
0 0
0 0
0 0
0 0
0 0
0 0
0 0
0 0
0 0
0 0
0 0
0 0
0 0
0 0
0 0
0 0
0 0
0 0
0 0
0 0
0 0
0 0
0 0
0 0
0 0
0 0
672 646
0 0
0 0
0 0
0 0
0 0
0 0
0 0
0 0
0 0
0 0
0 0
0 0
0 0
0 0
0 0
0 0
0 0
0 0
0 0
0 0
0 0
0 0
0 0
0 0
0 0
0 0
0 0
0 0
0 0
0 0
0 0
0 0
0 0
0 0
0 0
0 0
0 0
0 0
0 0
0 0
0 0
0 0
0 0
0 0
0 0
0 0
0 0
0 0
0 0
0 0
0 0
0 0
0 0
0 0
0 0
0 0
0 0
0 0
0 0
0 0
0 0
0 0
0 0
0 0
0 0
0 0
0 0
0 0
0 0
0 0
0 0
0 0
0 0
0 0
0 0
0 0
0 0
0 0
0 0
0 0
0 0
0 0
0 0
0 0
0 0
0 0
0 0
0 0
0 0
0 0
0 0
0 0
0 0
0 0
0 0
0 0
0 0
0 0
0 0
0 0
0 0
0 0
0 0
0 0
0 0
0 0
0 0
0 0
0 0
0 0
0 0
0 0
0 0
0 0
0 0
0 0
0 0
0 0
0 0
0 0
0 0
0 0
0 0
0 0
0 0
0 0
0 0
0 0
0 0
0 0
0 0
0 0
0 0
0 0
0 0
0 0
0 0
0 0
0 0
0 0
0 0
0 0
0 0
0 0
0 0
0 0
0 0
0 0
0 0
0 0
0 0
0 0
0 0
0 0
0 0
0 0
0 0
0 0
0 0
0 0
0 0
0 0
0 0
0 0
0 0
0 0
0 0
0 0
0 0
0 0
0 0
0 0
0 0
0 0
0 0
0 0
0 0
0 0
0 0
0 0
0 0
0 0
0 0
0 0
0 0
0 0
0 0
0 0
0 0
0 0
0 0
0 0
0 0
0 0
0 0
0 0
0 0
0 0
0 0
0 0
0 0
0 0
0 0
0 0
0 0
0 0
0 0
0 0
0 0
0 0
0 0
0 0
0 0
0 0
0 0
0 0
0 0
0 0
0 0
0 0
0 0
0 0
0 0
0 0
0 0
0 0
0 0
0 0
0 0
0 0
0 0
0 0
0 0
0 0
0 0
0 0
0 0
0 0
0 0
0 0
0 0
0 0
0 0
0 0
0 0
0 0
0 0
0 0
0 0
0 0
0 0
0 0
0 0
0 0
0 0
0 0
0 0
0 0
0 0
0 0
0 0
0 0
0 0
0 0
0 0
0 0
0 0
0 0
0 0
0 0
0 0
0 0
0 0
0 0
0 0
0 0
0 0
0 0
0 0
0 0
0 0
0 0
0 0
0 0
0 0
0 0
0 0
0 0
0 0
0 0
566 568
0 0
0 0
0 0
0 0
0 0
0 0
0 0
0 0
0 0
0 0
0 0
0 0
0 0
0 0
0 0
0 0
0 0
0 0
0 0
0 0
0 0
0 0
0 0
0 0
0 0
0 0
568 695
0 0
0 0
0 0
0 0
0 0
0 0
0 0
0 0
0 0
0 0
0 0
0 0
0 0
0 0
0 0
0 0
0 0
0 0
0 0
0 0
0 0
0 0
0 0
0 0
0 0
0 0
0 0
0 0
0 0
0 0
0 0
0 0
0 0
0 0
0 0
0 0
0 0
0 0
0 0
0 0
0 0
0 0
0 0
0 0
0 0
0 0
0 0
0 0
0 0
0 0
0 0
0 0
0 0
0 0
0 0
0 0
0 0
0 0
0 0
0 0
0 0
0 0
0 0
0 0
0 0
0 0
0 0
0 0
0 0
0 0
0 0
0 0
0 0
0 0
0 0
695 435
0 0
0 0
0 0
0 0
0 0
0 0
0 0
0 0
0 0
0 0
0 0
0 0
0 0
0 0
0 0
0 0
0 0
0 0
0 0
0 0
0 0
0 0
0 0
0 0
0 0
0 0
0 0
0 0
0 0
0 0
0 0
0 0
0 0
0 0
0 0
0 0
0 0
0 0
0 0
0 0
0 0
0 0
0 0
0 0
0 0
0 0
0 0
0 0
0 0
0 0
0 0
0 0
0 0
0 0
0 0
0 0
0 0
0 0
0 0
0 0
0 0
0 0
0 0
0 0
0 0
0 0
0 0
0 0
0 0
0 0
0 0
0 0
0 0
0 0
0 0
0 0
0 0
0 0
0 0
0 0
0 0
0 0
0 0
0 0
0 0
0 0
0 0
0 0
0 0
0 0
0 0
0 0
0 0
0 0
0 0
0 0
0 0
0 0
0 0
0 0
0 0
0 0
0 0
0 0
0 0
0 0
0 0
0 0
0 0
0 0
0 0
0 0
0 0
0 0
0 0
0 0
0 0
0 0
0 0
0 0
0 0
0 0
0 0
0 0
0 0
0 0
0 0
0 0
0 0
0 0
0 0
0 0
0 0
0 0
0 0
0 0
0 0
0 0
0 0
0 0
0 0
0 0
0 0
0 0
0 0
0 0
0 0
0 0
0 0
0 0
0 0
0 0
0 0
0 0
0 0
0 0
0 0
0 0
0 0
0 0
0 0
0 0
0 0
0 0
0 0
0 0
0 0
0 0
0 0
0 0
0 0
0 0
0 0
0 0
0 0
0 0
0 0
0 0
0 0
0 0
0 0
0 0
0 0
0 0
0 0
0 0
0 0
0 0
0 0
0 0
0 0
0 0
0 0
0 0
0 0
0 0
0 0
0 0
0 0
0 0
0 0
0 0
0 0
0 0
0 0
0 0
0 0
0 0
0 0
0 0
0 0
0 0
0 0
0 0
0 0
0 0
0 0
0 0
0 0
0 0
0 0
0 0
0 0
0 0
0 0
0 0
0 0
0 0
0 0
0 0
0 0
0 0
0 0
0 0
0 0
0 0
0 0
0 0
0 0
0 0
0 0
0 0
0 0
0 0
0 0
0 0
0 0
0 0
0 0
0 0
0 0
0 0
0 0
0 0
0 0
0 0
0 0
0 0
0 0
0 0
0 0
0 0
0 0
0 0
0 0
0 0
0 0
0 0
0 0
0 0
0 0
0 0
0 0
0 0
0 0
0 0
0 0
0 0
0 0
0 0
0 0
0 0
0 0
0 0
0 0
0 0
0 0
0 0
0 0
0 0
0 0
0 0
0 0
0 0
0 0
0 0
0 0
0 0
0 0
0 0
0 0
0 0
0 0
0 0
0 0
0 0
0 0
0 0
0 0
0 0
0 0
0 0
0 0
0 0
0 0
0 0
0 0
0 0
0 0
0 0
0 0
0 0
0 0
0 0
0 0
0 0
0 0
0 0
0 0
0 0
0 0
0 0
0 0
0 0
0 0
0 0
0 0
0 0
0 0
0 0
0 0
0 0
0 0
0 0
0 0
0 0
0 0
0 0
0 0
0 0
0 0
0 0
0 0
0 0
0 0
0 0
0 0
0 0
0 0
0 0
0 0
0 0
0 0
0 0
0 0
0 0
0 0
0 0
0 0
0 0
0 0
0 0
0 0
0 0
0 0
0 0
0 0
0 0
0 0
0 0
0 0
0 0
0 0
0 0
0 0
0 0
0 0
0 0
0 0
0 0
0 0
0 0
0 0
0 0
0 0
0 0
0 0
0 0
0 0
0 0
0 0
0 0
0 0
0 0
0 0
0 0
0 0
0 0
0 0
0 0
0 0
0 0
0 0
0 0
0 0
0 0
0 0
0 0
0 0
0 0
0 0
0 0
0 0
0 0
0 0
0 0
0 0
0 0
0 0
0 0
0 0
0 0
0 0
0 0
0 0
0 0
0 0
0 0
0 0
0 0
0 0
0 0
0 0
0 0
0 0
0 0
0 0
0 0
0 0
0 0
0 0
0 0
0 0
0 0
0 0
0 0
0 0
0 0
0 0
0 0
0 0
0 0
0 0
0 0
0 0
0 0
0 0
0 0
0 0
0 0
0 0
0 0
0 0
0 0
0 0
0 0
0 0
0 0
0 0
0 0
0 0
0 0
0 0
0 0
0 0
0 0
0 0
0 0
0 0
0 0
0 0
0 0
0 0
0 0
0 0
0 0
0 0
0 0
0 0
0 0
0 0
0 0
0 0
0 0
0 0
0 0
0 0
0 0
0 0
0 0
0 0
0 0
0 0
0 0
0 0
0 0
0 0
0 0
0 0
0 0
0 0
0 0
0 0
0 0
0 0
0 0
0 0
0 0
0 0
0 0
0 0
0 0
0 0
0 0
0 0
0 0
0 0
0 0
0 0
0 0
0 0
0 0
0 0
0 0
0 0
0 0
0 0
0 0
0 0
0 0
0 0
0 0
0 0
0 0
0 0
0 0
0 0
0 0
0 0
0 0
0 0
0 0
0 0
0 0
0 0
0 0
0 0
0 0
0 0
0 0
0 0
0 0
0 0
0 0
0 0
0 0
0 0
0 0
0 0
0 0
0 0
0 0
0 0
0 0
0 0
0 0
0 0
0 0
0 0
0 0
0 0
0 0
0 0
0 0
0 0
0 0
0 0
0 0
0 0
0 0
0 0
0 0
0 0
0 0
0 0
0 0
0 0
0 0
0 0
0 0
0 0
0 0
0 0
0 0
0 0
0 0
0 0
0 0
0 0
0 0
0 0
0 0
0 0
0 0
0 0
0 0
0 0
0 0
0 0
0 0
0 0
0 0
0 0
0 0
0 0
0 0
0 0
0 0
0 0
0 0
0 0
0 0
0 0
0 0
0 0
0 0
0 0
0 0
0 0
0 0
0 0
0 0
0 0
0 0
0 0
0 0
0 0
0 0
0 0
0 0
0 0
0 0
0 0
0 0
0 0
0 0
0 0
0 0
0 0
0 0
0 0
0 0
0 0
0 0
0 0
0 0
0 0
0 0
0 0
0 0
0 0
0 0
0 0
0 0
0 0
0 0
0 0
0 0
0 0
0 0
0 0
0 0
0 0
0 0
0 0
0 0
0 0
0 0
0 0
0 0
0 0
0 0
0 0
0 0
0 0
0 0
0 0
0 0
0 0
0 0
0 0
0 0
0 0
0 0
0 0
0 0
0 0
0 0
0 0
0 0
0 0
0 0
0 0
0 0
0 0
0 0
0 0
0 0
0 0
0 0
0 0
0 0
0 0
0 0
0 0
0 0
0 0
0 0
0 0
0 0
0 0
0 0
646 744
744 272
1694
0 1
534 0
1 2
534 1
643 1
2 3
643 2
3 4
3 643
4 5
643 4
5 6
5 556
5 643
6 7
6 556
7 8
556 7
590 7
8 9
8 590
9 10
9 11
557 9
9 590
10 11
11 12
557 11
11 598
11 599
12 13
598 12
13 14
16 13
13 577
598 13
14 15
16 14
15 16
16 17
18 16
577 16
17 18
18 19
577 18
19 20
19 577
698 19
20 21
698 20
699 20
21 22
21 699
22 23
24 22
22 699
23 24
24 25
699 24
24 703
25 26
703 25
26 27
703 26
27 28
703 27
27 704
28 29
704 28
29 30
704 29
30 31
578 30
30 704
31 32
31 578
728 31
32 33
728 32
33 34
642 33
728 33
34 35
642 34
35 36
35 555
642 35
36 37
555 36
37 38
37 555
38 39
38 555
38 740
39 40
740 39
40 41
740 40
41 42
41 739
41 740
41 742
42 43
42 742
43 44
742 43
44 45
44 742
45 46
542 45
719 45
45 742
46 47
46 719
47 48
719 47
48 49
716 48
719 48
49 50
716 49
50 51
716 50
51 52
716 51
52 53
715 52
716 52
53 54
53 715
54 55
715 54
54 718
55 56
718 55
56 57
718 56
57 58
57 584
718 57
58 59
58 584
59 60
59 584
59 634
60 61
634 60
638 60
61 62
63 61
638 61
62 63
63 64
635 63
63 638
64 65
635 64
65 66
635 65
66 67
566 66
66 635
67 68
67 566
737 67
68 69
737 68
69 70
734 69
69 737
70 71
734 70
71 72
734 71
72 73
72 707
731 72
734 72
73 74
731 73
74 75
731 74
75 76
75 731
76 77
601 76
731 76
77 78
77 600
77 601
77 602
78 79
600 78
79 80
600 79
80 81
600 80
81 82
581 81
600 81
82 83
82 581
83 84
581 83
84 85
581 84
686 84
85 86
85 87
684 85
686 85
86 87
87 88
89 87
684 87
687 87
88 89
89 90
89 687
90 91
90 687
91 92
91 576
91 687
92 93
576 92
597 92
93 94
93 597
94 95
554 94
94 597
95 96
95 554
96 97
96 554
640 96
97 98
97 640
98 99
98 640
98 641
99 100
99 641
100 101
100 641
101 102
101 587
641 101
102 103
102 587
103 104
103 586
587 103
104 105
586 104
105 106
105 107
586 105
106 107
107 108
553 107
586 107
108 109
108 553
108 588
109 110
588 109
110 111
588 110
111 112
552 111
588 111
112 113
112 552
585 112
113 114
585 113
114 115
114 585
115 116
153 115
115 585
116 117
116 152
153 116
117 118
152 117
118 119
118 151
118 152
119 120
149 119
150 119
119 151
120 121
120 122
147 120
120 148
149 120
121 122
122 123
146 122
147 122
122 582
123 124
123 582
124 125
124 582
125 126
131 125
582 125
126 127
131 126
127 128
127 129
127 130
131 127
128 129
129 130
130 131
131 132
131 582
132 133
132 142
132 143
144 132
582 132
133 134
133 141
133 142
134 135
134 137
134 141
135 136
137 135
136 137
137 138
140 137
141 137
138 139
138 140
139 140
140 141
141 142
142 143
143 144
144 145
144 582
145 146
145 582
146 147
146 582
147 148
148 149
149 150
150 151
151 152
152 153
153 154
153 585
154 155
585 154
155 156
155 585
156 157
156 585
157 158
552 157
585 157
158 159
158 552
159 160
552 159
159 588
160 161
160 588
161 162
588 161
162 163
553 162
588 162
163 164
163 553
164 165
164 553
164 586
165 166
586 165
587 165
166 167
166 168
166 587
167 168
168 169
168 587
169 170
169 587
169 641
170 171
641 170
171 172
171 641
172 173
640 172
641 172
173 174
640 173
174 175
554 174
640 174
175 176
175 554
176 177
176 554
177 178
177 554
597 177
178 179
178 576
178 597
179 180
179 181
576 179
180 181
181 182
181 576
181 683
182 183
182 683
183 184
672 183
683 183
184 185
672 184
185 186
672 185
673 185
186 187
186 673
187 188
673 187
188 189
673 188
674 188
189 190
189 674
190 191
190 192
193 190
574 190
190 674
191 192
192 193
193 194
193 574
194 195
574 194
611 194
195 196
195 596
195 611
196 197
196 201
596 196
197 198
197 200
197 201
198 199
200 198
199 200
200 201
201 202
596 201
609 201
202 203
202 609
203 204
203 609
204 205
204 206
204 575
204 609
205 206
206 207
575 206
206 697
207 208
207 697
208 209
208 697
209 210
209 697
210 211
210 697
211 212
213 211
211 696
697 211
212 213
213 214
215 213
213 696
214 215
215 216
217 215
215 564
696 215
216 217
217 218
564 217
218 219
218 564
219 220
219 224
564 219
648 219
220 221
220 222
220 223
224 220
221 222
222 223
223 224
224 225
648 224
225 226
648 225
226 227
226 648
227 228
227 648
649 227
227 650
228 229
228 230
228 649
229 230
230 231
230 232
649 230
231 232
232 233
232 649
232 675
232 677
233 234
675 233
233 678
234 235
661 234
234 678
235 236
661 235
236 237
658 236
236 661
237 238
237 658
237 730
238 239
238 558
730 238
239 240
558 239
240 241
240 558
645 240
241 242
241 645
242 243
645 242
243 244
644 243
243 645
244 245
244 644
245 246
245 559
644 245
246 247
246 559
247 248
559 247
248 249
248 559
591 248
249 250
249 591
250 251
591 250
250 604
251 252
604 251
252 253
579 252
604 252
253 254
253 579
254 255
254 579
255 256
317 255
255 579
256 257
256 316
256 317
257 258
316 257
560 257
258 259
258 560
259 260
560 259
260 261
260 560
646 260
261 262
646 261
262 263
646 262
263 264
646 263
729 263
264 265
264 729
265 266
265 729
266 267
266 729
267 268
269 267
304 267
267 306
267 307
267 729
268 269
269 270
271 269
304 269
270 271
271 272
302 271
271 303
271 304
272 273
301 272
302 272
273 274
301 273
274 275
274 300
274 301
275 276
275 298
300 275
276 277
297 276
298 276
276 583
277 278
583 277
278 279
278 583
279 280
290 279
583 279
280 281
280 290
281 282
285 281
289 281
281 290
282 283
285 282
283 284
283 285
284 285
285 286
289 285
286 287
288 286
289 286
287 288
288 289
289 290
290 291
583 290
291 292
294 291
291 583
292 293
292 294
293 294
294 295
583 294
295 296
295 583
296 297
583 296
297 298
583 297
298 299
298 300
299 300
300 301
301 302
302 303
303 304
304 305
306 304
305 306
306 307
307 308
307 729
308 309
729 308
309 310
309 729
310 311
646 310
729 310
311 312
646 311
312 313
560 312
646 312
313 314
313 560
314 315
560 314
315 316
315 560
316 317
560 316
317 318
319 317
317 579
318 319
319 320
319 579
320 321
320 579
321 322
321 579
604 321
322 323
322 604
323 324
323 591
323 604
324 325
324 591
325 326
559 325
325 591
326 327
559 326
327 328
327 559
327 644
328 329
644 328
329 330
644 329
329 645
330 331
558 330
330 645
331 332
558 331
659 331
332 333
659 332
333 334
333 656
659 333
334 335
656 334
335 336
335 656
690 335
336 337
690 336
337 338
337 690
338 339
690 338
691 338
339 340
691 339
340 341
340 691
341 342
341 691
342 343
691 342
711 342
343 344
711 343
344 345
344 711
345 346
711 345
345 738
346 347
738 346
347 348
347 726
738 347
348 349
348 726
349 350
349 726
727 349
350 351
350 352
727 350
351 352
352 353
352 653
352 727
353 354
353 653
354 355
354 356
354 629
653 354
355 356
356 357
356 629
357 358
623 357
629 357
358 359
358 623
359 360
623 359
359 625
360 361
625 360
361 362
625 361
361 626
362 363
362 626
363 364
363 626
364 365
626 364
365 366
365 626
630 365
366 367
366 569
630 366
367 368
569 367
368 369
368 569
369 370
369 569
595 369
370 371
370 595
371 372
371 567
595 371
372 373
567 372
373 374
373 567
374 375
374 567
654 374
375 376
654 375
376 377
376 654
376 655
377 378
655 377
378 379
378 655
379 380
379 572
655 379
380 381
380 572
381 382
383 381
572 381
692 381
382 383
383 384
692 383
384 385
692 384
384 693
385 386
385 693
386 387
386 562
386 693
387 388
562 387
388 389
562 388
647 388
389 390
389 647
390 391
561 390
647 390
391 392
391 561
695 391
392 393
695 392
393 394
695 393
394 395
394 695
395 396
395 573
395 695
396 397
573 396
397 398
397 573
398 399
398 573
398 605
399 400
605 399
400 401
400 592
605 400
401 402
401 592
402 403
402 563
402 592
403 404
563 403
404 405
563 404
405 406
563 405
406 407
406 563
407 408
407 436
563 407
408 409
435 408
436 408
706 408
409 410
409 580
706 409
410 411
410 412
410 580
411 412
412 413
580 412
705 412
413 414
413 705
414 415
416 414
417 414
705 414
415 416
416 417
417 418
417 419
420 417
705 417
418 419
419 420
420 421
705 420
421 422
421 705
422 423
422 705
423 424
705 423
424 425
580 424
424 705
425 426
427 425
425 580
426 427
427 428
580 427
428 429
428 580
429 430
431 429
429 580
430 431
431 432
580 431
432 433
432 580
706 432
433 434
433 706
434 435
706 434
435 436
706 435
436 437
436 563
437 438
439 437
563 437
438 439
439 440
563 439
439 592
440 441
592 440
441 442
441 592
442 443
592 442
605 442
443 444
443 605
444 445
444 573
605 444
445 446
445 573
446 447
446 573
694 446
447 448
694 447
448 449
694 448
449 450
449 561
694 449
450 451
450 561
451 452
561 451
452 453
561 452
562 452
452 647
453 454
453 562
454 455
454 562
455 456
562 455
456 457
562 456
693 456
457 458
457 692
693 457
458 459
692 458
459 460
572 459
692 459
460 461
572 460
461 462
461 572
655 461
462 463
655 462
463 464
568 463
463 655
464 465
568 464
465 466
465 568
466 467
466 568
593 466
467 468
467 593
468 469
593 468
469 470
469 593
594 469
470 471
594 470
471 472
471 594
608 471
472 473
472 608
473 474
473 608
474 475
474 608
474 616
475 476
475 616
476 477
476 616
618 476
619 476
477 478
477 619
477 621
624 477
478 479
478 621
479 480
479 621
721 479
480 481
721 480
481 482
481 720
721 481
482 483
720 482
483 484
483 720
483 722
484 485
484 722
485 486
485 722
485 723
486 487
723 486
487 488
723 487
488 489
723 488
743 488
489 490
743 489
490 491
490 743
491 492
491 739
743 491
492 493
492 739
741 492
493 494
741 493
494 495
741 494
495 496
495 555
741 495
496 497
555 496
496 642
497 498
497 642
498 499
642 498
728 498
499 500
728 499
500 501
578 500
500 728
501 502
578 501
502 503
578 502
503 504
578 503
701 503
504 505
504 701
505 506
701 505
506 507
506 701
506 702
507 508
507 702
508 509
700 508
702 508
509 510
509 700
510 511
700 510
511 512
700 511
512 513
512 516
512 577
698 512
700 512
513 514
513 515
513 516
514 515
515 516
516 517
577 516
516 598
517 518
517 598
517 599
518 519
599 518
519 520
557 519
519 599
520 521
522 520
520 557
521 522
522 523
522 524
522 557
523 524
524 525
524 557
525 526
557 525
526 527
526 557
589 526
527 528
527 529
589 527
528 529
529 530
589 529
530 531
530 589
531 532
556 531
531 589
532 533
532 556
532 643
533 534
533 643
643 534
660 535
535 662
663 535
666 535
669 535
682 535
535 688
536 615
710 536
536 713
536 732
733 536
584 537
537 619
624 537
537 632
633 537
634 537
714 538
715 538
716 538
717 538
720 538
538 721
539 564
610 539
611 539
539 648
539 650
539 651
540 607
616 540
620 540
540 625
540 626
540 630
636 541
541 637
652 541
724 541
735 541
541 736
542 717
542 719
723 542
542 742
542 743
543 574
543 651
667 543
543 668
543 674
543 675
543 677
567 544
544 568
593 544
594 544
544 595
544 606
654 544
545 660
545 661
663 545
545 665
668 545
545 678
546 656
657 546
546 658
546 660
662 546
546 679
547 613
614 547
680 547
547 681
547 689
547 708
581 548
548 600
602 548
548 612
613 548
548 615
549 669
549 671
672 549
549 676
684 549
685 549
550 699
550 700
702 550
703 550
652 551
551 653
724 551
551 725
727 551
552 585
588 552
553 586
553 588
597 554
554 640
555 642
555 740
741 555
589 556
590 556
643 556
589 557
590 557
599 557
558 645
657 558
659 558
558 730
591 559
559 644
560 646
561 647
561 694
695 561
562 647
693 562
563 592
575 564
610 564
648 564
696 564
565 622
565 623
629 565
637 565
565 652
565 653
566 627
566 633
635 566
566 636
736 566
566 737
567 595
654 567
593 568
654 568
568 655
569 595
606 569
569 607
569 630
656 570
570 679
570 680
570 689
690 570
571 689
691 571
571 708
709 571
571 711
572 655
692 572
605 573
573 694
573 695
611 574
651 574
574 674
575 609
575 610
696 575
575 697
597 576
683 576
687 576
577 598
577 698
578 701
578 704
578 728
604 579
580 705
706 580
600 581
612 581
670 581
581 686
584 621
584 624
634 584
714 584
584 718
586 587
587 641
590 589
591 604
605 592
593 594
606 594
594 607
594 608
595 606
609 596
610 596
611 596
599 598
602 600
602 601
601 615
601 731
732 601
615 602
612 603
603 613
670 603
603 681
682 603
603 688
606 607
607 608
607 616
630 607
608 616
609 610
610 611
611 651
613 612
612 670
614 613
615 613
613 681
614 615
708 614
709 614
710 614
710 615
615 732
616 618
616 620
617 618
619 617
617 620
617 622
617 631
632 617
619 618
618 620
624 619
619 632
620 622
620 625
620 628
624 621
621 714
621 721
622 623
628 622
622 631
622 637
623 625
623 628
629 623
626 625
628 625
626 630
631 627
632 627
633 627
627 636
627 637
629 653
631 632
637 631
632 633
634 633
633 635
638 633
638 634
635 638
637 636
736 636
652 637
639 712
639 724
639 725
639 733
734 639
735 639
640 641
642 728
644 645
729 646
648 650
650 649
649 651
649 677
651 650
677 651
653 652
652 724
653 727
654 655
656 657
659 656
679 656
656 690
658 657
659 657
730 657
658 660
658 661
658 730
660 661
662 660
660 663
678 661
679 662
680 662
662 688
663 665
666 663
664 665
664 666
664 667
671 664
672 664
664 673
666 665
665 667
668 665
666 669
666 671
668 667
673 667
674 667
668 675
668 678
669 670
669 671
682 669
685 669
682 670
685 670
686 670
671 672
673 672
672 676
683 672
674 673
677 675
678 675
676 683
676 684
676 687
679 680
680 681
688 680
680 689
681 688
682 688
687 683
684 685
684 686
684 687
686 685
690 689
689 691
708 689
690 691
711 691
693 692
695 694
696 697
699 698
698 700
700 699
703 699
702 700
701 702
703 701
701 704
703 702
704 703
707 731
732 707
707 733
707 734
709 708
710 709
709 711
713 709
738 709
713 710
711 738
713 712
725 712
726 712
712 733
712 738
733 713
713 738
715 714
718 714
721 714
715 716
718 715
717 716
719 716
717 719
717 720
717 722
723 717
721 720
720 722
722 723
723 743
724 725
724 735
725 726
727 725
727 726
738 726
732 731
732 733
733 734
734 735
734 737
735 736
737 735
737 736
739 740
741 739
742 739
739 743
741 740
742 743
