696
224 503
219 502
214 502
209 501
205 499
202 495
202 490
202 485
203 480
203 475
205 471
205 466
205 463
205 458
206 453
206 448
207 443
207 438
209 434
209 430
209 425
207 421
207 416
207 411
207 406
207 401
206 396
206 391
205 386
206 381
207 376
207 371
209 367
210 362
210 357
210 352
209 347
209 342
207 338
206 333
206 328
206 323
203 319
202 314
203 309
202 304
202 299
202 294
202 289
201 284
202 279
202 274
201 269
201 264
202 259
201 254
201 249
201 244
201 239
203 234
203 229
205 225
207 220
209 216
209 211
210 206
213 202
216 199
220 195
222 190
225 186
228 182
231 178
233 173
235 169
236 164
235 159
233 155
232 150
230 146
228 141
224 137
222 133
222 128
222 123
218 119
213 119
208 119
203 119
198 119
193 120
188 121
183 121
178 121
173 121
168 121
163 121
158 121
153 119
148 120
143 120
138 120
133 120
128 120
123 120
118 120
113 119
108 119
103 120
98 120
93 120
88 119
83 119
78 120
73 119
68 119
63 119
58 120
53 120
48 119
44 116
39 116
34 116
29 116
24 115
19 113
17 109
22 108
27 108
32 108
37 107
42 107
47 107
52 107
57 107
62 107
67 108
72 108
75 105
80 105
84 107
89 107
94 107
99 107
103 105
108 105
113 105
118 105
123 104
128 104
133 104
138 104
143 105
148 105
153 105
156 102
161 102
165 100
170 100
175 100
180 100
185 100
190 99
195 100
200 100
205 100
210 100
215 100
219 97
220 92
221 87
221 82
221 77
220 72
218 68
218 63
221 59
222 54
224 50
224 45
224 40
225 35
228 31
229 26
232 22
236 19
240 16
245 13
250 13
255 13
260 13
265 13
270 14
275 16
279 19
283 22
285 27
287 30
291 32
290 37
290 42
291 47
292 52
294 56
295 61
295 66
295 71
295 76
294 81
294 86
295 91
298 95
301 99
306 100
311 100
316 100
321 100
326 100
331 100
336 100
341 100
346 100
351 100
356 100
360 101
364 104
369 104
374 104
379 104
384 104
389 104
394 104
399 104
404 104
409 104
414 105
419 105
424 103
429 103
434 103
439 104
442 108
447 108
452 107
457 107
462 107
467 107
472 107
477 107
482 108
487 108
492 108
497 108
495 112
490 114
485 114
480 114
475 115
470 115
467 118
464 120
459 119
454 119
449 118
445 116
440 116
439 121
438 126
435 128
430 127
425 128
420 127
421 122
419 118
414 119
409 119
404 119
399 120
394 120
389 120
384 120
379 120
374 120
369 119
364 119
360 121
355 121
350 121
345 121
340 121
335 120
330 120
325 120
320 120
315 120
310 120
305 120
300 120
295 120
291 122
291 127
291 132
290 137
287 141
284 145
282 150
280 154
280 159
279 164
279 169
281 174
283 178
287 182
290 186
292 191
295 195
298 198
302 201
303 206
305 210
306 215
307 220
310 224
311 229
313 233
313 238
313 243
313 248
313 253
313 258
313 263
313 268
313 273
313 278
313 283
313 288
311 292
311 297
311 302
311 307
310 312
310 317
309 322
309 327
307 331
307 336
306 341
306 346
305 351
305 356
305 361
306 366
306 371
307 376
309 380
309 385
309 390
309 395
307 398
307 403
307 408
307 413
307 418
307 423
306 428
306 433
307 438
307 443
309 447
309 452
310 457
310 462
311 467
309 471
310 476
310 481
311 486
313 490
313 495
309 499
305 501
300 502
295 502
290 502
285 502
281 500
276 498
275 493
275 488
275 483
276 478
277 473
278 469
279 464
280 459
281 454
280 449
280 444
280 439
280 434
280 429
281 424
281 419
280 414
280 409
279 404
279 399
277 395
277 390
277 385
277 380
277 375
277 370
277 365
276 360
275 355
275 350
275 345
273 341
273 336
273 331
273 326
272 321
272 316
272 311
271 306
271 301
271 296
269 292
269 287
268 282
267 277
267 272
266 267
265 263
264 258
264 253
260 249
256 246
253 250
252 255
251 260
251 265
249 269
248 274
248 279
247 284
245 288
245 293
245 298
244 303
243 308
243 313
243 318
243 323
241 327
241 332
241 337
241 342
241 347
241 352
239 357
239 362
239 367
239 372
239 377
239 382
239 387
237 391
237 396
236 401
236 406
236 411
235 416
235 421
235 426
235 431
235 436
235 441
235 446
235 451
236 456
236 461
237 466
237 469
237 474
237 479
239 483
240 488
240 493
238 497
234 501
229 502
225 503
256.807 135.096
232.863 230.431
257 188.5
257.473 79.5
225 266.5
223.453 291.5
257.5 166.5
281.592 231.408
288.5 255.7
290.509 280.098
261.653 50.2693
250.08 33.6065
221 417.611
223.052 374.845
220.956 441.379
219.987 479.053
224.237 318.553
289.726 337.005
292.74 391.224
294.816 450.43
217.978 232.606
237.625 261.75
296.842 236.868
284.408 212.058
301.294 285.121
281.487 288.947
276.192 62.2694
242.747 61.2491
225.433 349.087
273.549 129.633
239.987 200.215
247.644 23.3126
268.127 33.4049
238.031 40.8473
231.232 66.3256
233.384 55.6077
242.574 76.4545
240.235 127.468
226.799 213.514
235.161 274.355
223.489 278.954
213.315 285.198
213.899 271.472
213.219 296.659
223.854 305.026
225.516 248.719
239.199 30.085
249.531 46.3383
252.826 56.8358
263.84 62.4266
252.06 68.8013
270.171 74.5117
231.797 77.1081
245.086 102.13
237.979 89.8648
224.315 223.95
214.389 312.062
233.253 297.979
232.369 311.554
228.901 257.715
226.436 238.469
240.277 242.948
282.625 73.0351
272.215 98.3722
277.832 85.8731
248.395 85.9417
260.019 92.7049
250.963 94.8991
231.614 101.745
242.198 252.807
284.098 96.2005
280.653 110.945
267.197 84.7812
238.008 113.908
291.217 105.639
280.407 121.546
261.806 114.475
257.922 103.836
231.943 121.868
270.471 108.66
249.794 118.935
250.619 109.642
258.75 124.651
249.783 128.542
243.966 141.819
226.729 111.889
256.85 150.805
236.252 136.164
252.744 142.962
268.622 142.919
267.245 158.235
268.092 169.111
260.388 177.571
246.055 179.117
271.519 187.012
247.482 159.054
247.75 169.155
277.052 138.488
245.817 190.47
234.909 190.561
272.26 177.592
266.093 205.643
253.322 201.576
253.427 223.331
245.471 212.492
256.902 212.441
241.948 223.416
235.937 209.387
229.134 200.903
270.153 220.745
247.765 233.751
241.866 151.224
265.025 195.226
274.312 211.53
280.049 198.589
280.289 221.338
293.698 221.735
294.548 211.62
267.022 235.572
257.612 232.353
289.043 203.118
280.758 189.135
301.124 228.086
290.602 230.271
273.053 229.101
277.774 245.622
286.951 240.467
276.347 257.887
284.497 268.311
298.723 265.887
268.47 244.799
278.599 277.989
300.678 253.701
303.044 275.098
429.212 113.975
220.874 429.495
220.79 456.6
215.355 448.929
226.021 449.046
227.369 489.397
215.422 490.116
293.294 405.075
293.26 437.129
293.76 424.372
290.279 414.802
276.196 47.458
282.622 54.8654
270.084 54.8621
267.781 42.9467
257.852 40.3192
285.647 63.9497
225.953 362.124
218.191 367.045
219.164 355.866
222.228 333.922
218.47 342.637
216.227 325.322
230.402 327.174
230.715 340.049
259.538 25.0049
269.163 23.7545
233.594 285.855
215.271 257.32
213.546 244.863
303.282 244.254
216.702 467.694
226.683 470.962
278.483 36.8015
221.5 402.984
215.978 410.118
226.818 410.488
289.947 352.097
284.333 344.631
296.23 344.458
291.463 366.565
285.163 359.912
296.166 358.759
294.69 378.761
286.547 383.871
286.364 374.439
294.37 465.912
300.407 458.338
289.409 458.022
294 300.545
291.767 290.405
301.657 294.729
282.493 300.411
220.089 388.794
215.119 396.454
215.464 380.522
228.812 383.358
227.333 395.239
292.663 483.32
285.1 490.45
299.344 475.188
287.552 474.031
300.952 490.681
290.926 318.665
288.149 308.873
299.088 310.34
296.356 328.23
284.046 327.425
696
227.454 492.565
221.778 488.937
216.317 491.218
212.853 493.029
206.718 496.236
209.22 494.928
211.652 493.657
218.531 490.065
221.334 485.968
221.334 481.677
221.094 475.769
220.751 467.168
220.644 464.331
220.471 459.786
220.452 454.074
220.58 448.495
220.75 443.935
220.887 440.193
221.033 436.176
221.274 430.191
221.075 422.439
220.958 418.403
220.878 415.736
220.757 411.786
220.752 406.101
220.767 402.893
220.818 393.788
220.942 387.306
220.984 385.925
221.033 383.373
221.409 378.837
221.578 377.119
222.043 372.368
222.758 365.031
223.475 357.652
224.358 348.1
224.622 345.225
224.778 339.144
224.554 334.933
224.343 331.757
224.038 327.196
223.354 316.698
223.205 314.46
223.142 313.743
223.013 310.388
222.907 307.66
222.636 300.678
222.44 295.542
222.222 289.804
222.05 285.93
221.756 281.44
221.296 274.267
220.832 268.439
220.648 266.285
219.839 257.006
219.095 246.682
218.926 244.143
218.671 240.591
219.109 238.354
219.701 235.173
220.547 230.477
221.36 227.879
226.172 221.164
230.983 214.593
229.797 212.865
228.298 213.225
229.239 212.984
232.71 211.989
241.577 206.011
248.747 200.532
250.1 199.47
253.25 196.721
256.101 192.871
259.293 188.648
258.512 179.177
256.769 163.382
255.214 148.89
254.563 142.76
253.968 137.916
252.824 132.399
249.176 128.741
244.311 128.999
243.948 129.015
249.585 127.9
251.232 121.253
240.619 116.622
219.487 112.502
206.498 109.981
198.667 108.944
192.379 109.592
190.341 109.845
186.947 110.25
182.964 110.46
177.924 110.619
172.461 110.781
167.267 110.953
162.73 111.116
159.222 111.569
154.108 112.239
147.013 113.092
142.463 112.961
137.776 112.456
132.883 111.91
134.428 112.296
123.37 112.04
118.755 112.198
91.6261 112.805
105.742 111.914
101.79 112.658
97.764 113.447
93.7567 114.091
88.4806 113.407
81.6313 112.447
78.032 112.398
74.388 112.655
79.4877 112.808
49.7778 112.889
56.7705 113.979
53.2981 113.598
50.5797 113.209
47.6349 112.777
37.9395 111.631
33.4489 111.597
28.9355 111.558
24.5594 111.252
19.8547 110.534
16.8888 110.068
21.6639 110.808
24.6991 111.169
30.0255 111.391
37.2838 111.613
41.5282 111.955
46.5197 112.522
51.5518 113.356
56.6341 113.979
60.9425 113.651
66.6123 113.232
77.0387 112.468
77.1933 112.461
78.2942 112.386
85.024 112.923
88.515 113.412
96.731 113.614
99.4454 113.118
104.347 112.153
107.458 111.683
112.633 111.914
118.694 112.197
123.697 112.03
127.996 111.889
132.727 111.899
137.252 112.399
139.667 112.66
147.522 113.044
151.872 112.504
158.91 111.611
162.632 111.12
165.864 111.004
164.871 111.04
130.773 112.095
202.667 110.222
186.448 110.301
189.922 109.894
193.399 109.466
197.476 109.008
200.244 109.029
225.597 113.694
237.017 115.917
250.651 118.166
256.494 102.096
258.849 86.1137
258.559 73.5454
253.789 64.344
249.559 62.8704
234.044 62.3106
233.988 62.3155
0 0
254.355 56.9288
258.334 49.2178
258.017 44.6684
256.209 33.2514
254.16 31.5115
252.949 30.3829
244.826 23.9784
244.447 23.7088
247.717 25.9607
248.616 26.6376
247.234 25.5622
250.266 27.9108
255.345 30.6347
260.427 32.4523
263.264 29.8578
265.54 27.482
265.726 27.2378
265.494 27.5502
264.913 28.4557
264.136 29.9167
267.411 28.2325
0 0
0 0
261.831 36.2339
262.037 47.2107
264.562 56.0418
266.818 58.7054
270.149 59.0405
269.089 58.9067
265.215 59.7103
263.154 61.0181
261.318 70.4147
259.092 85.3702
258.127 105.34
264.96 109.827
288.025 110.684
362.667 110.222
313.426 110.784
317.655 110.546
321.782 110.311
326.133 110.098
330.992 109.992
336.337 110.011
341.646 110.216
347.146 110.252
352.028 110.277
355.157 110.282
356.663 110.517
360.568 111.13
368.772 111.73
377.233 112.225
379.412 112.326
405.328 111.854
389.179 112.213
394.09 112.101
399.116 111.641
403.821 111.205
407.967 110.79
418.542 111.695
426.099 112.445
427.79 112.632
430.573 112.83
433.547 112.737
434.159 112.718
433.539 112.713
0 0
452.915 112.968
458.357 113.217
462.976 113.312
467.231 112.535
472.43 111.614
476.905 111
486.3 110.536
491.697 110.259
495.314 110.047
497.413 109.913
493.947 110.136
489.779 110.386
485.399 110.602
479.947 110.857
481.139 110.807
475.618 111.417
463.509 113.226
463.363 113.23
460.494 113.317
455.026 113.062
467.357 112.305
444.719 112.736
432.764 112.71
429.891 113.172
435.433 126.657
435.377 126.522
430.222 113.778
427.139 118.986
424.141 123.985
430.226 113.838
426.127 112.447
414.059 111.122
408.118 110.792
397.537 111.784
398.598 111.689
393.94 112.108
389.136 112.213
384.178 112.27
379.45 112.327
375.366 112.144
365.756 111.38
361.661 111.252
358.552 110.848
358.269 110.767
351.564 110.274
340.8 110.124
341.519 110.213
336.228 110.008
330.505 109.995
323.551 110.261
319.09 110.464
317.049 110.581
312.97 110.788
307.194 110.794
292.887 110.712
271.553 110.572
258.028 112.037
256.69 125.112
256.062 129.483
258.593 130.678
258.223 130.49
255.405 129.526
253.815 134.292
254.767 143.967
255.636 152.829
256.719 162.967
258.384 176.989
260.444 188.725
263.036 193.372
265.53 197.962
266.744 199.334
270.292 203.089
279.969 209.403
287.875 211.117
289.369 210.532
288.72 210.767
285.642 211.863
285.617 216.058
289.647 224.379
293.792 231.227
295.046 233.117
295.829 234.614
295.723 234.722
296.592 237.393
298.327 241.851
300.684 247.036
299.494 254.661
298.69 258.659
296.367 270.064
295.118 275.966
294.252 280.69
293.924 282.652
293.318 286.376
293.106 289.553
292.671 296.617
292.399 304.332
292.32 306.528
292.128 311.462
291.705 316.55
290.786 327.15
290.986 325.21
290.679 328.764
289.866 337.392
289.615 340.054
289.215 345.029
289.416 350.219
289.626 356.059
289.95 362.46
290.321 368.303
290.788 374.643
291.322 381.887
291.54 384.284
291.633 385.338
292.023 389.575
292.112 391.941
292.156 393.123
292.426 401.005
292.624 407.696
292.777 413.385
292.863 418.023
292.922 421.893
293.003 426.99
293.112 433.793
293.63 440.043
294.616 445.681
295.349 449.38
295.439 452.726
295.576 457.068
294.726 463.896
294.479 465.851
294.253 467.639
292.58 481.368
292.74 484.71
301.104 491.973
303.544 493.282
310.28 496.9
306.696 494.975
299.186 490.942
295.511 488.968
292.209 487.871
291.471 488.302
286.391 491.73
283.022 494.015
275.963 498.793
282.747 494.199
288.523 490.284
291.706 485.491
291.945 484.165
292.477 481.344
293.066 476.99
294.432 466.221
295.001 461.808
295.547 453.081
294.824 446.865
294.454 444.731
293.299 438.293
293.118 434.186
293.087 432.184
292.972 425.072
292.869 418.464
292.766 413.053
292.617 407.466
292.438 401.369
292.181 393.72
292.122 391.949
291.981 389.306
291.656 385.705
291.285 381.106
290.906 376.33
290.496 370.665
290.033 364.246
289.672 357.744
289.537 353.654
289.379 349.254
289.236 343.066
289.6 340.158
289.868 337.372
290.298 332.81
290.85 326.759
291.28 321.632
291.478 319.28
292.176 310.718
292.373 305.146
292.549 300.182
292.792 293.678
292.898 290.181
293.468 284.95
293.732 282.642
294.279 279.01
295.577 273.291
298.227 262.355
298.968 259.367
301.205 250.251
292.998 234.372
275.633 213.15
256 182.222
226.964 221.07
218.664 247.604
219.979 259.753
220.443 264.243
220.656 266.622
221.315 273.552
221.67 278.667
221.755 280.214
222.087 286.143
222.358 293.35
222.525 297.794
222.694 301.93
222.827 305.107
223.271 315
223.626 320.615
223.713 322.027
223.903 325.124
224.568 335.101
224.77 338.059
224.846 342.804
224.524 346.362
224.306 348.948
223.785 354.364
223.053 362
222.459 368.098
222.193 370.828
221.435 378.681
221.069 382.624
220.996 384.286
220.967 385.844
220.827 392.975
220.768 402.84
220.753 405.995
220.727 410.383
220.852 414.81
221.023 420.629
221.179 425.966
221.24 430.934
221.046 435.811
220.868 440.711
220.691 445.537
220.514 451.663
220.39 457.739
220.729 466.396
220.819 468.834
220.875 470.481
221.209 476.886
221.778 485.832
224.007 490.447
229.382 493.762
229.573 493.882
231.684 495.196
228.492 493.21
227.207 492.41
227.841 492.807
253.678 131.444
229.795 215.462
259.779 191.405
259.106 70.361
220.697 266.863
222.348 293.063
257.921 173.671
288.211 222.268
300.926 249.285
293.557 284.331
260.48 44.0408
255.765 31.8122
220.775 443.69
221.782 375.056
220.98 437.63
221.565 485.066
223.531 319.381
289.726 338.853
292.096 391.663
295.046 448.926
221.249 228.079
220.293 262.295
294.763 232.825
280.637 209.939
293.332 286.26
292.924 289.844
263.647 56.6703
258.593 56.7327
224.422 347.583
257.284 129.258
250.822 199.183
250.557 28.1224
262.231 31.5508
254.449 31.0811
254.59 60.698
255.111 56
259.083 67.933
251.761 125.452
231.531 212.291
221.386 274.373
221.089 272.509
221.919 283.952
221.236 273.379
0 0
222.855 306.527
218.804 243.385
252.637 29.2763
259.681 42.182
259.634 50.7571
265.173 58.8053
259.812 62.2042
261.373 66.7774
258.721 66.9594
255.659 106.854
259.046 86.6221
228.831 217.475
223.728 322.254
222.452 295.843
223.217 314.063
219.723 255.544
220.361 231.961
230.222 232.889
262.979 61.2369
257.434 109.065
0 0
259.209 84.3336
258.671 91.5275
258.059 98.1844
253.621 114.149
218.715 244.923
258.093 106.09
258.072 111.139
259.32 81.616
254.222 119.111
299.556 106.667
256.717 122.051
255.915 118.888
256.635 108.777
251.501 121.763
257.576 111.247
253.326 121.318
254.601 114.63
0 0
252.365 126.224
253.148 133.232
249.653 118.439
254.881 145.825
249.809 128.507
253.944 137.014
253.739 132.796
0 0
258.124 175.247
259.618 186.091
262.554 193.079
263.225 195.043
256.172 157.829
258.162 176.102
255.471 129.324
256.365 193.588
250.84 198.836
260.235 188.255
264.436 198.656
256.884 194.415
257.29 197.02
255.14 195.23
258.865 196.822
242.574 205.838
243.45 204.902
242.424 205.477
265.498 198.149
236.942 210.347
253.682 134.37
261.847 194.738
272.298 204.65
269.718 202.701
281.265 211.56
287.917 221.086
286.457 211.611
285.244 214.283
260.197 198.934
281.278 210.244
264.608 196.055
294.335 232.108
290.223 225.644
279.663 212.524
296.21 236.488
293.726 231.237
300.912 248.651
296.427 269.639
0 0
285.333 232
293.808 282.329
300.754 247.53
294.425 279.772
430.197 112.92
221.258 430.367
220.431 458.648
220.571 448.831
220.472 455.187
225.509 491.738
219.84 489.378
292.305 397.478
293.943 441.828
0 0
291.849 391.67
257.557 34.3321
263.829 55.9756
261.677 49.4004
260.084 34.7251
259.281 36.2843
267.526 59.0509
224 352.889
222.023 372.563
223.547 356.912
224.525 334.488
224.921 341.94
224.149 328.86
224.155 328.9
224.531 342.951
260.111 32.6852
264.169 29.4307
221.924 283.251
220.041 258.853
218.691 240.618
297.549 239.892
218.333 489.882
220.833 469.21
263.261 30.4712
220.768 402.799
220.836 418.528
220.731 410.693
289.445 351.079
289.209 344.427
289.545 340.642
291.214 380.067
289.755 359.47
289.516 346.422
291.817 387.982
291.612 385.198
290.791 374.628
294.242 467.726
295.263 459.66
295.468 458.027
292.513 301.168
292.897 290.563
292.902 291.584
292.516 301.18
220.914 388.234
220.81 394.557
221 385.035
221.044 382.898
220.829 396.393
292.161 485.062
289.912 489.346
292.599 480.933
289.149 491.663
292.544 487.713
291.461 319.525
292.201 310.235
288 352
290.129 334.561
290.678 328.785
1591
0 0
0 0
0 0
0 0
0 0
0 0
0 0
0 0
0 0
0 0
0 0
0 0
0 0
0 0
0 0
0 0
0 0
0 0
0 0
0 0
0 0
0 0
0 0
0 0
0 0
0 0
0 0
0 0
659 645
0 0
0 0
0 0
0 0
0 0
0 0
0 0
0 0
0 0
0 0
0 0
0 0
0 0
0 0
0 0
0 0
0 0
0 0
0 0
0 0
0 0
0 0
0 0
0 0
0 0
0 0
0 0
0 0
0 0
0 0
0 0
0 0
0 0
0 0
0 0
0 0
0 0
0 0
0 0
0 0
0 0
0 0
0 0
0 0
0 0
0 0
0 0
0 0
0 0
0 0
0 0
0 0
0 0
0 0
0 0
0 0
0 0
0 0
0 0
0 0
0 0
645 555
0 0
0 0
0 0
0 0
0 0
0 0
0 0
0 0
0 0
0 0
0 0
0 0
0 0
0 0
0 0
0 0
0 0
0 0
0 0
0 0
0 0
0 0
0 0
0 0
0 0
0 0
0 0
0 0
0 0
0 0
0 0
0 0
0 0
0 0
0 0
0 0
0 0
0 0
0 0
0 0
0 0
0 0
0 0
0 0
0 0
0 0
0 0
0 0
0 0
0 0
0 0
0 0
0 0
0 0
0 0
0 0
0 0
0 0
0 0
0 0
0 0
0 0
0 0
0 0
0 0
0 0
0 0
0 0
0 0
0 0
0 0
0 0
0 0
555 438
0 0
0 0
0 0
0 0
0 0
0 0
0 0
0 0
0 0
0 0
0 0
0 0
0 0
0 0
0 0
0 0
0 0
0 0
0 0
0 0
0 0
0 0
0 0
0 0
0 0
0 0
0 0
438 567
0 0
0 0
0 0
0 0
0 0
0 0
0 0
0 0
0 0
0 0
0 0
567 160
0 0
0 0
0 0
0 0
0 0
0 0
0 0
0 0
0 0
0 0
0 0
0 0
0 0
0 0
0 0
0 0
0 0
0 0
0 0
0 0
0 0
0 0
0 0
0 0
0 0
0 0
160 159
0 0
0 0
0 0
0 0
0 0
0 0
0 0
0 0
0 0
0 0
0 0
0 0
0 0
0 0
0 0
0 0
0 0
0 0
0 0
0 0
0 0
0 0
0 0
0 0
0 0
0 0
0 0
0 0
0 0
0 0
0 0
0 0
0 0
0 0
0 0
0 0
0 0
0 0
0 0
0 0
0 0
0 0
0 0
0 0
0 0
0 0
0 0
0 0
0 0
0 0
0 0
0 0
0 0
0 0
0 0
0 0
0 0
0 0
0 0
0 0
0 0
0 0
0 0
159 116
0 0
0 0
0 0
0 0
0 0
0 0
0 0
0 0
0 0
0 0
0 0
0 0
0 0
0 0
0 0
0 0
0 0
0 0
0 0
0 0
0 0
0 0
0 0
0 0
0 0
0 0
0 0
0 0
0 0
0 0
0 0
0 0
0 0
0 0
0 0
0 0
0 0
0 0
0 0
0 0
0 0
0 0
0 0
0 0
0 0
0 0
0 0
0 0
0 0
0 0
0 0
0 0
0 0
0 0
0 0
0 0
0 0
0 0
0 0
0 0
0 0
0 0
0 0
0 0
0 0
0 0
0 0
0 0
0 0
0 0
0 0
0 0
0 0
0 0
0 0
0 0
0 0
0 0
0 0
0 0
567 529
0 0
0 0
0 0
0 0
0 0
0 0
0 0
0 0
0 0
0 0
0 0
0 0
0 0
0 0
0 0
0 0
0 0
0 0
0 0
0 0
0 0
0 0
0 0
0 0
0 0
0 0
0 0
0 0
0 0
0 0
0 0
0 0
0 0
0 0
0 0
0 0
0 0
0 0
0 0
0 0
0 0
0 0
0 0
0 0
0 0
0 0
0 0
0 0
0 0
0 0
0 0
0 0
0 0
0 0
0 0
0 0
0 0
0 0
0 0
0 0
0 0
0 0
0 0
0 0
0 0
0 0
0 0
0 0
0 0
0 0
0 0
0 0
0 0
0 0
0 0
0 0
0 0
0 0
0 0
0 0
0 0
0 0
0 0
0 0
0 0
0 0
0 0
0 0
0 0
0 0
0 0
0 0
0 0
0 0
0 0
0 0
0 0
567 568
0 0
568 213
0 0
0 0
0 0
0 0
0 0
0 0
0 0
0 0
0 0
0 0
0 0
0 0
0 0
0 0
0 0
0 0
0 0
0 0
0 0
0 0
0 0
0 0
0 0
0 0
0 0
0 0
0 0
0 0
0 0
0 0
0 0
0 0
0 0
0 0
0 0
0 0
0 0
0 0
0 0
0 0
0 0
0 0
0 0
0 0
0 0
0 0
0 0
0 0
0 0
0 0
0 0
0 0
0 0
0 0
0 0
0 0
0 0
0 0
0 0
0 0
0 0
0 0
0 0
0 0
0 0
0 0
0 0
0 0
0 0
0 0
0 0
0 0
0 0
0 0
0 0
0 0
0 0
213 269
0 0
0 0
0 0
0 0
0 0
0 0
0 0
0 0
0 0
0 0
0 0
0 0
0 0
0 0
0 0
0 0
0 0
0 0
0 0
0 0
0 0
0 0
0 0
0 0
0 0
0 0
0 0
0 0
0 0
0 0
0 0
0 0
0 0
0 0
0 0
0 0
0 0
0 0
0 0
0 0
0 0
0 0
0 0
0 0
0 0
0 0
0 0
0 0
0 0
0 0
0 0
0 0
0 0
0 0
0 0
0 0
0 0
0 0
0 0
0 0
0 0
0 0
0 0
0 0
0 0
0 0
0 0
0 0
0 0
0 0
0 0
0 0
0 0
0 0
0 0
0 0
0 0
0 0
0 0
0 0
0 0
0 0
0 0
0 0
0 0
0 0
0 0
0 0
0 0
0 0
0 0
0 0
0 0
0 0
0 0
0 0
0 0
0 0
0 0
0 0
0 0
0 0
0 0
0 0
0 0
0 0
0 0
0 0
0 0
0 0
0 0
0 0
0 0
0 0
0 0
0 0
0 0
0 0
0 0
0 0
0 0
0 0
0 0
0 0
0 0
0 0
0 0
0 0
0 0
0 0
0 0
0 0
0 0
0 0
0 0
0 0
0 0
0 0
0 0
0 0
438 624
0 0
0 0
0 0
0 0
0 0
0 0
0 0
0 0
0 0
0 0
0 0
0 0
0 0
0 0
0 0
0 0
0 0
0 0
0 0
0 0
0 0
0 0
0 0
0 0
0 0
0 0
0 0
0 0
0 0
0 0
0 0
0 0
0 0
0 0
0 0
0 0
0 0
0 0
0 0
0 0
0 0
0 0
0 0
0 0
0 0
0 0
0 0
0 0
0 0
0 0
0 0
0 0
624 693
0 0
0 0
0 0
0 0
0 0
0 0
0 0
0 0
0 0
0 0
0 0
0 0
0 0
0 0
0 0
0 0
0 0
0 0
0 0
0 0
0 0
0 0
0 0
0 0
0 0
0 0
0 0
0 0
0 0
0 0
0 0
0 0
0 0
0 0
0 0
0 0
0 0
0 0
0 0
0 0
0 0
0 0
0 0
0 0
0 0
0 0
0 0
0 0
0 0
0 0
0 0
0 0
0 0
0 0
0 0
0 0
0 0
0 0
0 0
0 0
0 0
693 689
0 0
0 0
0 0
0 0
0 0
0 0
0 0
0 0
0 0
0 0
0 0
0 0
0 0
0 0
0 0
0 0
0 0
0 0
0 0
0 0
0 0
0 0
0 0
0 0
0 0
0 0
0 0
0 0
0 0
0 0
0 0
0 0
0 0
0 0
0 0
0 0
0 0
0 0
0 0
0 0
0 0
0 0
0 0
0 0
0 0
0 0
0 0
0 0
0 0
0 0
0 0
0 0
0 0
0 0
0 0
0 0
0 0
0 0
0 0
0 0
0 0
0 0
0 0
0 0
0 0
0 0
0 0
0 0
0 0
0 0
0 0
0 0
0 0
0 0
0 0
0 0
0 0
0 0
0 0
0 0
0 0
0 0
0 0
0 0
0 0
0 0
0 0
0 0
0 0
0 0
0 0
0 0
0 0
0 0
0 0
0 0
0 0
0 0
0 0
0 0
0 0
0 0
0 0
0 0
0 0
0 0
0 0
0 0
0 0
0 0
0 0
0 0
0 0
0 0
0 0
0 0
0 0
0 0
0 0
0 0
0 0
0 0
0 0
0 0
0 0
0 0
0 0
0 0
0 0
0 0
0 0
0 0
0 0
0 0
0 0
0 0
0 0
0 0
0 0
0 0
0 0
0 0
0 0
0 0
0 0
0 0
0 0
0 0
0 0
0 0
0 0
0 0
0 0
0 0
0 0
0 0
0 0
0 0
0 0
0 0
0 0
0 0
0 0
0 0
0 0
0 0
0 0
0 0
0 0
0 0
0 0
0 0
0 0
0 0
0 0
0 0
0 0
0 0
0 0
0 0
0 0
0 0
0 0
0 0
0 0
0 0
0 0
0 0
0 0
0 0
0 0
0 0
0 0
0 0
0 0
0 0
0 0
0 0
0 0
0 0
0 0
0 0
0 0
0 0
0 0
0 0
0 0
0 0
0 0
0 0
0 0
0 0
0 0
0 0
0 0
0 0
0 0
0 0
0 0
0 0
0 0
0 0
0 0
0 0
0 0
0 0
0 0
0 0
0 0
0 0
0 0
0 0
0 0
0 0
0 0
0 0
0 0
0 0
0 0
0 0
0 0
0 0
0 0
0 0
0 0
0 0
0 0
0 0
0 0
0 0
0 0
0 0
0 0
0 0
0 0
0 0
0 0
0 0
0 0
0 0
0 0
0 0
0 0
0 0
0 0
0 0
0 0
0 0
0 0
0 0
0 0
0 0
0 0
0 0
0 0
0 0
0 0
0 0
0 0
0 0
0 0
0 0
0 0
0 0
0 0
0 0
0 0
0 0
0 0
0 0
0 0
0 0
0 0
0 0
0 0
0 0
0 0
0 0
0 0
0 0
0 0
0 0
0 0
0 0
0 0
0 0
0 0
0 0
0 0
0 0
0 0
0 0
0 0
0 0
0 0
0 0
0 0
0 0
0 0
0 0
0 0
0 0
0 0
0 0
0 0
0 0
0 0
0 0
0 0
0 0
0 0
0 0
0 0
0 0
0 0
0 0
0 0
0 0
0 0
0 0
0 0
0 0
0 0
0 0
0 0
0 0
0 0
0 0
0 0
0 0
0 0
0 0
0 0
0 0
0 0
0 0
0 0
0 0
0 0
0 0
0 0
0 0
0 0
0 0
0 0
0 0
0 0
0 0
0 0
0 0
0 0
0 0
0 0
0 0
0 0
0 0
0 0
0 0
0 0
0 0
0 0
0 0
0 0
0 0
0 0
0 0
0 0
0 0
0 0
0 0
0 0
0 0
0 0
0 0
0 0
0 0
0 0
0 0
0 0
0 0
0 0
0 0
0 0
0 0
0 0
0 0
0 0
0 0
0 0
0 0
0 0
0 0
0 0
0 0
0 0
0 0
0 0
0 0
0 0
0 0
0 0
0 0
0 0
0 0
0 0
0 0
0 0
0 0
0 0
0 0
0 0
0 0
0 0
0 0
0 0
0 0
0 0
0 0
0 0
0 0
0 0
0 0
0 0
0 0
0 0
0 0
0 0
0 0
0 0
0 0
0 0
0 0
0 0
0 0
0 0
0 0
0 0
0 0
0 0
0 0
0 0
0 0
0 0
0 0
0 0
0 0
0 0
0 0
0 0
0 0
0 0
0 0
0 0
0 0
0 0
0 0
0 0
0 0
0 0
0 0
0 0
0 0
0 0
0 0
0 0
0 0
0 0
0 0
0 0
0 0
0 0
0 0
0 0
0 0
0 0
0 0
0 0
0 0
0 0
0 0
0 0
0 0
0 0
0 0
0 0
0 0
0 0
0 0
0 0
0 0
0 0
0 0
0 0
0 0
0 0
0 0
0 0
0 0
0 0
0 0
0 0
0 0
0 0
0 0
0 0
0 0
0 0
0 0
0 0
0 0
0 0
0 0
0 0
0 0
0 0
0 0
0 0
0 0
0 0
0 0
0 0
0 0
0 0
0 0
0 0
0 0
0 0
0 0
0 0
0 0
0 0
0 0
0 0
0 0
0 0
0 0
0 0
0 0
0 0
0 0
0 0
0 0
0 0
0 0
0 0
0 0
0 0
0 0
0 0
0 0
0 0
0 0
0 0
0 0
0 0
0 0
0 0
0 0
0 0
0 0
0 0
0 0
0 0
0 0
0 0
0 0
0 0
0 0
0 0
0 0
0 0
0 0
0 0
0 0
0 0
0 0
0 0
0 0
0 0
0 0
0 0
0 0
0 0
0 0
0 0
0 0
0 0
0 0
0 0
0 0
0 0
0 0
0 0
0 0
0 0
0 0
0 0
0 0
0 0
0 0
0 0
0 0
0 0
0 0
0 0
0 0
0 0
0 0
0 0
0 0
0 0
0 0
0 0
0 0
0 0
0 0
0 0
0 0
0 0
0 0
0 0
0 0
0 0
0 0
0 0
0 0
0 0
0 0
0 0
0 0
0 0
0 0
0 0
0 0
0 0
0 0
0 0
0 0
0 0
0 0
0 0
0 0
0 0
0 0
0 0
0 0
0 0
0 0
0 0
0 0
0 0
0 0
0 0
0 0
0 0
0 0
0 0
0 0
0 0
0 0
0 0
0 0
0 0
0 0
0 0
0 0
0 0
0 0
0 0
0 0
0 0
0 0
0 0
0 0
0 0
0 0
0 0
0 0
0 0
0 0
0 0
0 0
0 0
0 0
0 0
0 0
0 0
0 0
0 0
0 0
0 0
0 0
0 0
0 0
0 0
0 0
0 0
0 0
0 0
0 0
0 0
0 0
0 0
0 0
0 0
0 0
0 0
0 0
0 0
0 0
0 0
0 0
0 0
0 0
0 0
0 0
0 0
0 0
0 0
0 0
0 0
0 0
0 0
0 0
0 0
0 0
0 0
0 0
0 0
0 0
0 0
0 0
0 0
0 0
0 0
0 0
0 0
0 0
0 0
0 0
0 0
0 0
0 0
0 0
0 0
0 0
0 0
0 0
0 0
0 0
0 0
0 0
0 0
0 0
0 0
0 0
0 0
0 0
0 0
0 0
1591
0 1
493 0
0 633
1 2
1 633
1 634
2 3
634 2
3 4
634 3
4 5
4 634
5 6
5 634
6 7
634 6
7 8
7 634
8 9
8 509
8 634
9 10
9 509
10 11
10 509
10 659
11 12
659 11
12 13
659 12
13 14
630 13
659 13
14 15
630 14
631 14
15 16
631 15
16 17
16 508
16 631
17 18
508 17
18 19
18 508
629 18
19 20
629 19
20 21
506 20
629 20
21 22
506 21
22 23
506 22
663 22
23 24
663 23
24 25
24 663
25 26
25 663
682 25
26 27
682 26
27 28
27 681
682 27
683 27
28 29
28 683
29 30
683 29
30 31
30 683
31 32
646 31
31 683
32 33
646 32
33 34
646 33
33 647
34 35
647 34
35 36
647 35
35 649
36 37
649 36
37 38
649 37
38 39
648 38
649 38
39 40
648 39
650 39
40 41
650 40
41 42
550 41
41 650
42 43
550 42
43 44
43 550
44 45
550 44
45 46
45 537
550 45
46 47
46 537
47 48
537 47
48 49
535 48
48 537
49 50
535 49
50 51
50 535
536 50
51 52
51 536
52 53
536 52
53 54
53 536
656 53
54 55
656 54
55 56
55 656
55 657
56 57
657 56
57 58
657 57
58 59
657 58
59 60
514 59
59 657
60 61
60 514
61 62
514 61
62 63
62 514
62 549
63 64
63 532
63 549
64 65
64 532
65 66
532 65
66 67
66 532
67 68
67 532
67 602
68 69
602 68
69 70
69 593
602 69
70 71
593 70
71 72
593 71
72 73
72 587
72 593
73 74
73 587
74 75
587 74
590 74
75 76
75 589
590 75
76 77
589 76
76 605
77 78
77 605
78 79
78 578
605 78
79 80
578 79
581 79
80 81
80 581
81 82
81 581
82 83
581 82
83 84
572 83
83 581
84 85
572 84
579 84
85 86
85 167
579 85
86 87
86 166
86 167
87 88
165 87
87 166
88 89
164 88
88 165
89 90
163 89
89 164
90 91
161 90
162 90
90 163
91 92
91 161
92 93
92 160
92 161
93 94
93 159
160 93
94 95
158 94
159 94
95 96
156 95
95 158
96 97
156 96
97 98
154 97
97 156
98 99
153 98
98 154
99 100
152 99
99 153
100 101
100 152
101 102
150 101
151 101
101 152
102 103
149 102
102 150
103 104
103 148
103 149
104 105
147 104
104 148
105 106
105 147
106 107
145 106
106 146
147 106
107 108
107 143
144 107
107 145
108 109
108 143
109 110
109 142
143 109
110 111
142 110
111 112
140 111
111 141
142 111
112 113
140 112
113 114
113 137
139 113
113 140
114 115
114 137
115 116
115 136
115 137
116 117
134 116
135 116
116 136
117 118
117 134
118 119
133 118
134 118
119 120
119 132
133 119
120 121
120 131
120 132
121 122
121 130
121 131
122 123
122 129
130 122
123 124
128 123
123 129
124 125
127 124
128 124
125 126
125 127
126 127
127 128
128 129
129 130
130 131
131 132
132 133
133 134
134 135
135 136
136 137
137 138
137 139
138 139
139 140
140 141
141 142
142 143
143 144
144 145
145 146
146 147
147 148
148 149
149 150
150 151
151 152
152 153
153 154
154 155
156 154
155 156
156 157
158 156
157 158
158 159
159 160
160 161
161 162
162 163
163 164
164 165
165 166
166 167
167 168
579 167
168 169
168 562
168 579
169 170
169 548
169 562
170 171
170 546
548 170
171 172
171 546
172 173
172 546
173 174
173 528
546 173
174 175
528 174
175 176
528 175
176 177
528 176
529 176
177 178
177 529
178 179
529 178
179 180
527 179
529 179
180 181
180 527
181 182
527 181
182 183
527 182
540 182
183 184
183 540
184 185
540 184
185 186
525 185
540 185
186 187
525 186
187 188
525 187
188 189
525 188
189 190
525 189
189 653
190 191
653 190
191 192
191 653
654 191
192 193
654 192
193 194
654 193
194 195
654 194
195 196
654 195
196 197
654 196
661 196
197 198
199 197
197 661
198 199
199 200
199 661
200 201
639 200
200 661
201 202
201 639
640 201
202 203
640 202
203 204
203 640
203 644
204 205
204 644
205 206
205 644
206 207
206 556
644 206
207 208
207 556
208 209
208 556
208 558
209 210
209 558
564 209
210 211
210 564
211 212
564 211
211 568
212 213
297 212
568 212
213 214
213 295
213 296
297 213
214 215
214 294
214 295
215 216
215 293
215 294
216 217
216 292
293 216
217 218
217 291
217 292
218 219
290 218
291 218
219 220
219 290
220 221
288 220
289 220
290 220
221 222
287 221
221 288
222 223
286 222
222 287
223 224
223 286
224 225
286 224
225 226
283 225
225 284
225 285
225 286
226 227
226 283
227 228
227 281
227 282
227 283
228 229
228 280
281 228
229 230
279 229
229 280
230 231
230 278
279 230
231 232
277 231
278 231
232 233
276 232
277 232
233 234
233 275
233 276
234 235
234 275
235 236
273 235
235 274
275 235
236 237
273 236
236 628
237 238
628 237
238 239
238 628
239 240
241 239
628 239
240 241
241 242
264 241
265 241
628 241
242 243
263 242
242 264
243 244
243 262
243 263
244 245
261 244
262 244
245 246
258 245
245 259
261 245
246 247
246 258
247 248
247 257
258 247
248 249
256 248
257 248
249 250
255 249
256 249
250 251
250 254
250 255
251 252
251 253
254 251
252 253
253 254
254 255
255 256
256 257
257 258
258 259
259 260
261 259
260 261
261 262
262 263
263 264
264 265
265 266
265 628
266 267
266 269
266 628
267 268
269 267
268 269
269 270
272 269
269 628
270 271
272 270
271 272
272 273
628 272
273 274
628 273
274 275
275 276
276 277
277 278
278 279
279 280
280 281
281 282
282 283
283 284
284 285
285 286
286 287
287 288
288 289
289 290
290 291
291 292
292 293
293 294
294 295
295 296
296 297
297 298
568 297
298 299
298 568
299 300
565 299
568 299
569 299
300 301
300 569
301 302
301 523
301 569
591 301
302 303
302 591
303 304
591 303
304 305
591 304
305 306
583 305
305 591
306 307
583 306
584 306
307 308
307 584
308 309
308 584
308 585
309 310
309 585
309 594
310 311
310 594
311 312
594 311
311 615
312 313
615 312
313 314
313 615
314 315
608 314
314 614
314 615
315 316
315 614
316 317
316 611
614 316
317 318
317 611
318 319
318 611
319 320
319 611
320 321
320 610
611 320
321 322
321 610
616 321
322 323
616 322
323 324
616 323
324 325
516 324
324 616
325 326
325 516
325 658
326 327
326 658
327 328
626 327
327 658
328 329
626 328
329 330
329 626
330 331
330 623
330 626
331 332
331 623
627 331
332 333
332 627
333 334
333 627
334 335
334 518
334 627
335 336
518 335
336 337
336 518
679 336
337 338
679 337
338 339
338 679
338 693
339 340
693 339
340 341
693 340
341 342
341 693
342 343
691 342
693 342
694 342
343 344
694 343
344 345
694 344
345 346
667 345
694 345
346 347
346 667
347 348
667 347
348 349
348 667
670 348
349 350
670 349
350 351
670 350
351 352
351 668
351 670
352 353
352 668
352 671
353 354
671 353
354 355
354 671
355 356
355 512
355 671
356 357
358 356
356 512
357 358
358 359
512 358
358 635
359 360
635 359
360 361
360 635
361 362
361 635
361 638
362 363
637 362
362 638
363 364
637 363
364 365
637 364
365 366
365 636
637 365
366 367
636 366
367 368
367 513
367 636
368 369
368 513
369 370
513 369
369 675
370 371
370 675
371 372
373 371
371 675
372 373
373 374
373 674
373 675
688 373
374 375
374 688
375 376
375 688
690 375
376 377
376 690
377 378
377 690
378 379
378 690
379 380
690 379
380 381
690 380
381 382
381 690
382 383
382 687
382 690
383 384
383 687
384 385
687 384
385 386
385 387
385 687
386 387
387 388
687 387
388 389
388 687
389 390
687 389
390 391
687 390
689 390
391 392
391 689
392 393
689 392
393 394
674 393
676 393
393 689
394 395
676 394
395 396
395 513
676 395
396 397
513 396
397 398
397 513
636 397
398 399
636 398
399 400
399 636
400 401
400 636
637 400
401 402
401 637
402 403
637 402
402 638
403 404
638 403
404 405
404 635
404 638
405 406
635 405
406 407
512 406
406 635
407 408
407 512
408 409
408 512
672 408
409 410
672 409
410 411
410 672
410 673
411 412
411 673
412 413
673 412
413 414
413 668
413 669
673 413
414 415
414 669
415 416
665 415
415 669
416 417
416 665
666 416
417 418
417 666
418 419
418 666
419 420
419 511
419 666
419 695
420 421
695 420
421 422
695 421
422 423
695 422
423 424
423 691
692 423
423 695
424 425
680 424
424 692
425 426
680 425
426 427
680 426
427 428
427 519
680 427
428 429
519 428
429 430
519 429
625 429
430 431
625 430
431 432
625 431
432 433
432 622
432 625
433 434
621 433
622 433
434 435
621 434
435 436
621 435
436 437
436 621
624 436
437 438
437 624
438 439
438 555
438 604
438 612
613 438
438 624
439 440
555 439
439 563
440 441
563 440
441 442
441 515
563 441
442 443
515 442
443 444
515 443
533 443
444 445
533 444
445 446
533 445
446 447
533 446
446 655
447 448
447 655
448 449
551 448
655 448
449 450
449 551
450 451
551 450
451 452
451 551
552 451
452 453
552 452
453 454
453 552
453 651
454 455
651 454
455 456
651 455
456 457
651 456
456 652
457 458
457 652
458 459
458 652
459 460
522 459
459 652
460 461
522 460
461 462
461 522
645 461
462 463
645 462
463 464
463 645
464 465
464 507
464 645
465 466
465 507
684 465
466 467
684 466
467 468
684 467
468 469
684 468
468 685
469 470
469 685
470 471
470 662
470 664
470 685
471 472
664 471
472 473
664 472
473 474
473 506
664 473
474 475
506 474
475 476
475 506
629 475
476 477
629 476
477 478
508 477
629 477
478 479
478 508
478 632
479 480
479 632
480 481
480 632
481 482
630 481
481 632
482 483
630 482
660 482
483 484
483 660
484 485
660 484
485 486
660 485
486 487
486 509
486 633
660 486
487 488
487 633
488 489
488 633
489 490
633 489
490 491
633 490
491 492
633 491
492 493
492 633
493 633
494 523
494 576
577 494
582 494
583 494
495 549
554 495
555 495
495 600
604 495
496 586
496 587
496 588
496 592
496 596
496 606
497 530
543 497
497 544
497 545
559 497
497 560
566 497
515 498
498 533
534 498
498 536
553 498
656 498
499 534
499 535
537 499
538 499
499 551
499 655
500 580
500 584
585 500
586 500
589 500
590 500
609 501
501 612
501 617
501 618
501 619
620 501
619 502
620 502
502 621
502 622
623 502
502 626
518 503
503 519
622 503
503 623
625 503
627 503
503 678
504 541
542 504
504 543
504 641
504 642
643 504
505 525
527 505
505 540
505 541
505 643
653 505
506 629
506 663
664 506
507 645
646 507
683 507
684 507
508 629
508 631
632 508
633 509
634 509
509 659
509 660
510 538
550 510
552 510
650 510
651 510
511 666
511 667
511 694
511 695
512 635
671 512
512 672
636 513
513 675
513 676
514 549
514 554
514 657
533 515
553 515
563 515
616 516
617 516
516 620
658 516
607 517
608 517
517 609
610 517
517 611
614 517
627 518
678 518
518 679
625 519
519 678
680 519
543 520
545 520
520 556
520 640
520 641
520 644
528 521
521 529
530 521
541 521
542 521
544 521
645 522
522 647
522 649
522 652
523 569
570 523
576 523
583 523
591 523
592 524
524 593
596 524
524 598
524 601
602 524
540 525
525 653
526 642
526 643
526 653
526 654
661 526
529 527
527 540
541 527
529 528
528 530
546 528
541 529
544 530
530 546
530 548
530 559
567 531
572 531
531 574
531 577
578 531
531 581
532 549
532 600
532 601
602 532
533 534
533 655
534 535
534 536
655 534
536 535
535 537
656 536
537 538
537 550
550 538
551 538
552 538
553 539
554 539
539 555
563 539
656 539
657 539
542 541
541 643
543 542
544 542
544 543
543 545
543 641
545 556
545 558
566 545
546 548
547 548
547 561
547 562
547 567
571 547
575 547
559 548
548 561
562 548
549 554
549 600
650 550
552 551
655 551
552 651
563 553
553 656
554 555
554 657
555 563
555 604
558 556
644 556
558 557
560 557
564 557
565 557
566 557
557 571
557 573
558 564
566 558
560 559
559 561
560 561
566 560
571 560
571 561
567 562
562 579
565 564
568 564
568 565
569 565
573 565
572 567
574 567
575 567
567 579
569 570
573 569
570 571
570 573
570 574
570 575
576 570
573 571
575 571
579 572
581 572
574 575
576 574
574 577
576 577
578 577
577 582
578 581
578 582
578 605
580 582
580 583
584 580
589 580
580 605
583 582
582 605
583 584
583 591
585 584
585 586
594 585
586 587
588 586
586 590
586 594
587 590
592 587
587 593
588 594
606 588
608 588
615 588
590 589
605 589
593 592
596 592
602 593
615 594
595 596
599 595
595 603
595 606
607 595
595 608
596 598
599 596
596 606
598 597
597 599
600 597
597 603
597 604
613 597
598 599
598 600
598 601
599 603
600 601
604 600
601 602
603 607
609 603
603 612
603 613
603 618
604 613
608 606
608 607
607 609
608 614
608 615
609 610
617 609
618 609
610 611
610 616
617 610
614 611
613 612
618 612
619 612
612 624
617 616
620 617
619 620
621 619
624 619
620 626
620 658
621 622
624 621
622 623
625 622
623 626
627 623
626 658
631 630
630 632
659 630
630 660
631 632
634 633
638 635
636 637
638 637
640 639
639 641
639 642
661 639
640 641
644 640
641 642
642 643
642 661
653 643
645 646
647 645
647 646
683 646
647 649
648 649
648 650
648 651
648 652
649 652
650 651
652 651
654 653
661 654
656 657
659 660
662 663
664 662
682 662
685 662
663 664
663 682
665 666
667 665
665 669
665 670
667 666
670 667
694 667
669 668
668 670
671 668
673 668
669 670
672 671
673 671
672 673
674 675
676 674
674 688
674 689
675 676
678 677
677 679
677 680
677 692
677 693
679 678
678 680
679 693
692 680
682 681
681 683
681 684
685 681
685 682
683 684
684 685
686 687
686 688
686 689
686 690
687 689
687 690
689 688
690 688
692 691
693 691
691 694
691 695
692 693
695 694
