669
216 482
211 481
206 481
202 479
200 475
200 470
203 466
207 462
211 458
214 454
217 449
217 444
217 439
217 434
214 429
214 424
214 419
212 414
211 409
211 404
211 399
209 394
209 389
208 384
207 379
206 374
206 369
205 364
207 359
208 354
209 349
210 344
210 339
210 334
211 329
210 324
211 319
210 314
208 309
207 304
206 299
204 294
203 289
200 285
198 281
199 277
198 272
198 267
197 262
196 257
194 252
194 247
196 242
198 238
199 233
200 228
201 223
204 218
206 213
209 208
211 203
213 199
216 194
212 191
212 186
215 182
220 181
224 178
224 173
224 168
221 164
219 159
217 154
215 149
212 144
211 139
212 134
211 129
209 124
206 120
204 115
199 113
194 112
189 112
184 113
179 114
174 115
169 116
164 116
159 116
154 117
149 117
144 117
139 117
134 117
129 117
124 120
119 121
114 121
109 121
104 121
99 121
94 121
89 121
84 121
79 121
74 121
69 121
64 123
59 123
54 124
50 128
45 130
40 131
35 131
30 132
25 132
23 128
18 128
13 129
8 129
3 127
6 125
11 125
16 124
21 124
25 122
30 120
35 118
40 117
45 117
50 115
55 113
60 110
65 107
70 105
75 105
80 105
85 104
90 103
95 102
100 101
105 100
110 99
115 97
120 96
125 98
129 100
134 100
139 100
144 100
149 99
154 98
159 98
164 97
169 97
174 97
179 94
184 93
189 91
194 90
199 89
204 89
209 90
214 91
219 93
224 88
226 83
227 78
227 73
227 68
228 63
228 58
228 53
229 48
230 43
231 38
236 33
241 30
246 28
251 28
256 28
261 28
266 28
271 29
276 33
279 37
282 42
282 47
281 52
282 57
285 62
285 67
286 72
289 77
290 82
291 87
293 91
298 90
303 89
308 89
313 90
318 91
323 92
328 94
333 96
338 97
343 97
348 98
353 98
358 99
363 100
368 100
373 101
378 100
383 100
386 97
391 97
396 98
401 100
406 101
411 101
416 102
421 103
426 104
431 105
436 104
441 107
446 109
451 111
456 114
461 115
466 117
471 118
476 120
481 121
486 124
491 124
496 125
501 125
506 126
502 129
497 128
492 128
487 128
485 131
480 133
476 131
471 131
466 130
461 129
456 127
452 124
447 123
442 123
437 121
432 122
427 121
422 121
417 122
412 122
407 122
402 122
397 122
392 121
387 120
382 119
377 117
372 117
367 117
362 117
357 117
352 116
347 116
342 116
337 116
332 114
327 114
322 113
317 112
312 113
307 114
304 118
303 123
301 127
298 132
298 137
298 142
295 147
294 151
293 156
293 161
290 166
288 171
286 176
287 181
292 181
296 184
299 189
295 193
297 198
298 202
300 206
303 211
305 216
307 221
309 226
310 231
311 236
312 241
315 245
315 250
315 255
314 260
314 265
313 270
311 275
309 280
308 285
306 290
306 295
304 300
303 305
301 310
300 315
298 320
299 325
298 330
300 335
300 340
300 345
301 350
303 355
303 360
303 365
303 370
303 375
303 380
302 385
301 390
301 395
299 400
298 405
298 410
297 415
295 420
295 425
295 430
292 434
291 439
292 444
293 449
295 453
298 458
302 462
307 466
309 471
309 476
306 480
301 481
296 481
291 481
286 481
281 481
277 477
273 472
272 467
272 462
267 459
264 456
264 451
265 447
267 442
270 437
270 432
269 427
270 422
270 417
270 412
269 407
269 402
267 397
267 392
266 387
266 382
265 377
265 372
264 367
266 362
266 357
266 352
264 347
265 342
264 337
263 332
265 328
267 323
265 318
264 313
264 308
265 303
264 298
264 293
263 288
262 283
261 278
260 273
260 268
260 263
260 258
258 253
253 253
250 256
250 261
249 266
249 271
249 276
248 281
247 286
246 291
245 296
245 301
245 306
245 311
245 316
242 321
243 326
246 331
246 336
245 341
245 346
244 351
243 356
243 361
245 366
245 371
244 376
244 381
245 386
244 391
242 396
242 401
240 406
240 411
239 416
239 421
239 426
239 431
240 436
242 441
244 445
245 450
245 455
243 459
238 461
237 466
236 471
234 476
230 480
226 482
221 482
217 482
230.167 233.167
257.778 106.111
267.878 219.561
256.551 75.5
254.952 175.5
223.359 259.328
224.722 288.611
284.612 245.255
285.134 275.773
243.185 92.7739
247.688 138.825
253.5 51.7822
272.72 134.5
286.046 217.772
281.176 334.353
282.231 425.744
299.405 250.198
282.943 115.981
118.881 108.686
226.242 324
224.677 365.818
225.854 390.829
226.443 425.717
283.886 368.839
283.526 393.895
286.904 466.841
269.286 66.2643
289.431 291.886
264.94 42.6192
285.081 138.574
272.276 155.233
282.538 158.312
280.052 147.959
213.682 278.773
243.014 44.0085
281.886 127.479
241.324 57.2467
291.326 122.549
251.7 64.0688
261.239 59.1909
241.707 75.0537
273.792 198.472
210.417 249.5
229.591 138.282
280.661 436.311
295.996 235.794
287.752 260.465
108.235 110.265
225.835 411.96
296.466 470.7
282.401 455.341
272.293 83.808
213.922 289.617
228.031 273.784
237.304 66.2409
248.886 83.377
255.579 93.8652
269.283 97.7243
283.442 192.039
285.031 204.876
270.017 182.356
273.736 169.01
276.311 212.051
302.902 241.765
282.701 231.377
300.748 263.47
292.585 269.169
296.351 280.922
274.371 266.055
290.598 251.949
98.4574 111.193
229.728 401.398
276.789 446.259
266.468 75.7767
218.306 268.944
236.037 263.214
233.746 248.064
238.661 273.518
264.245 89.3515
280.378 92.8397
288.4 103.663
270.299 111.203
271.102 122.894
259.135 130.478
264.852 173.725
268.757 240.367
277.374 222.853
301.662 272.98
273.191 278.182
280.888 285.535
277.766 298.654
277.468 254.659
222.013 247.665
214.034 234.797
246.831 237.041
240.528 254.787
245.725 246.641
235.547 284.625
294.815 112.339
302.426 102.028
277.86 103.856
262.328 144.649
242.148 119.203
259.754 118.222
251.242 123.936
250.66 113.49
239.365 105.859
277.823 239.119
289.141 304.823
277.693 312.362
206.904 240.84
222.549 238.425
237.529 239.277
271.656 143.806
256.951 159.671
248.633 101.465
224.744 115.87
232.041 96.6208
229.066 106.501
288.053 315.632
279.943 323.277
263.479 153.534
240.944 165.69
251.955 149.41
250.535 166.901
230.824 449.184
225.043 460.782
241.074 196.537
228.981 190.879
240.84 181.286
252.138 188.74
231.891 182.351
233.899 172.651
260.372 183.571
256.119 206.137
266.19 209.177
250.563 198.254
283.648 412.168
228.454 437.145
253.731 39.4308
269.972 52.4422
236.574 84.4034
295.789 224.151
208.978 261.406
207.704 271.071
268.007 250.625
220.684 219.967
228.991 206.609
224.007 198.747
242.63 210.687
219.166 209.761
253.409 220.372
232.92 218.315
261.221 230.264
271.192 230.689
240.299 227.364
244.498 219.45
257.361 241.56
313.612 101.315
323.543 103.04
238.874 130.72
228.033 126.889
216.583 469.709
226.197 470.348
262.205 195.413
279.117 403.061
211.653 224.824
225.949 306.285
234.334 313.25
217.095 300.001
220.677 315.232
233.186 296.903
220.419 378.552
215.766 369.917
232.001 375.345
234.482 365.859
234.619 385.346
279.273 381.303
275.654 389.54
274.802 372.562
291.022 378.566
291.443 388.269
214.759 106.222
214.949 116.016
219.072 124.363
203.341 101.383
192.499 101.262
182.772 103.165
237.101 151.226
245.319 156.785
231.598 160.431
226.513 148.718
238.544 141.739
227.419 341.551
235.218 333.784
229.629 354.089
218.805 356.429
235.497 346.591
219.27 346.766
220.812 333.179
283.307 351.535
276.858 360.412
275.724 343.752
289.113 342.091
291.366 359.927
369.778 108.932
131.556 109.47
669
219.077 474.106
216.018 474.246
205.649 474.788
201.454 474.926
201.454 474.927
202.549 474.883
212.715 474.402
215.396 474.261
223.369 471.228
227.845 465.406
233.164 454.318
232.562 444.907
230.259 438.698
227.358 430.82
225.396 425.508
225.368 423.462
225.354 420.65
225.312 412.402
225.772 409.305
226.106 407.076
227.407 397.548
228.177 391.278
227.66 386.005
226.646 379.569
224.982 372.299
224.477 370.511
224.135 368.288
224.188 367.013
224.331 365.883
224.779 359.966
225.837 353.328
227.054 345.965
228.049 340.252
228.817 336.011
228.886 330.6
228.606 325.597
228.169 319.535
227.264 310.754
226.508 304.935
225.976 300.594
224.512 294.218
222.646 287.133
219.673 280.116
217.502 277.982
214.385 281.622
217.662 277.65
216.994 273.007
214.891 264.571
212.289 254.701
210.481 247.985
207.508 247.617
207.799 246.863
208.257 246.134
210.45 243.577
213.44 237.275
215.324 232.176
215.726 231.279
218.455 228.256
222.948 223.03
227.192 217.082
230.742 211.795
233.599 207.703
256 186.667
214.288 187.186
213.043 186.524
214.02 187.044
236.828 199.198
245.034 190.158
249.427 173.265
247.915 157.945
245.212 148.038
242.495 144.322
239.43 139.974
236.615 137.471
235.695 136.528
234.792 135.336
237.33 132.31
235.471 125.33
231.062 118.582
226.847 114.709
217.802 109.205
199.381 98.0287
193.616 98.2026
186.719 100.768
180.742 103.349
176.088 105.077
173.556 106.043
167.966 107.566
164.143 107.373
165.043 107.5
153.201 108.016
149.122 108.414
144.616 108.788
139.722 108.759
133.937 108.287
124.909 107.562
119.621 108.005
117.313 108.403
115.751 108.787
109.664 110.292
104.044 110.982
98.3888 111.671
93.3476 112.114
89.7815 112.432
83.4628 112.591
78.228 112.511
72.6835 112.536
67.6509 113.266
62.6591 115.458
55.9014 118.362
51.5972 120.189
46.1618 123.227
43.2349 123.851
41.689 124.112
36.4634 123.619
23.8401 126.083
25.9143 126.101
18.0256 126.363
12.6299 126.518
8.45526 126.571
5.06223 126.553
3.10145 126.537
5.89349 126.56
11.0901 126.601
16.0645 126.488
21.3268 126.294
25.9483 126.105
31.3635 125.601
36.726 124.882
40.7883 124.274
46.0171 123.3
51.7209 120.127
57.3911 117.765
63.3932 115.135
68.0234 113.103
70.5995 112.763
69.7556 112.947
79.5992 112.544
84.6324 112.589
91.1353 112.318
96.2048 111.869
101.71 111.269
107.814 110.542
114.404 109.124
119.219 107.963
120.069 107.852
120.897 107.89
114.632 109.17
136.646 108.51
139.615 108.754
144.982 108.774
64 116.444
154.159 107.924
159.681 107.482
164.508 107.381
168.539 107.552
175.637 105.248
182.45 102.646
187.036 100.628
192.112 98.3609
194.564 98.183
195.739 98.1599
198.181 98.0147
200.86 98.8267
210.727 104.899
230.459 115.576
249.215 108.34
255.416 90.8501
254.86 74.3338
253.587 63.9714
252.821 58.9817
252.085 54.4
251.064 48.8725
249.293 45.3476
247.923 42.7383
244.835 40.1331
244.419 39.8418
245.124 40.2337
248.166 41.4976
248.123 41.4177
249.948 42.2367
254.449 42.9511
259.127 41.8799
265.126 38.561
267.353 37.2022
267.613 37.0294
268.066 36.7031
266.154 37.9425
265.87 38.1484
258.576 43.0995
254.776 53.9582
253.966 60.2338
254.441 65.669
255.708 76.8149
257.424 87.4331
259.838 93.975
264.577 105.1
280.372 109.588
298.126 103.565
307.393 100.575
311.144 99.4496
314.746 98.2651
317.803 98.7439
319.419 99.4963
324.9 101.984
330.936 104.669
338.012 107.235
342.414 107.476
341.422 107.318
352.088 107.522
357.073 108.153
359.403 108.473
366.679 109.163
372.948 108.782
380.496 108.305
387.919 107.999
388.033 107.912
388.805 107.951
391.523 108.882
391.498 109.052
403.182 111.808
406.109 112.028
414.796 112.363
419.821 112.373
425.554 112.518
436.444 120
435.262 113.173
438.215 113.56
446.01 116.139
448.251 116.875
454.258 119.289
459.336 121.708
463.617 123.203
469.698 124.692
473.497 125.596
485.338 126.765
485.407 126.97
491.121 126.549
500.113 126.637
503.656 126.704
505.86 126.758
501.842 126.656
497.234 126.582
495.888 126.582
490.898 126.757
482.544 126.925
481.562 126.864
478.307 126.661
472.04 125.271
467.117 124.112
463.032 123.015
459.383 121.73
472.952 124.138
448.204 116.859
444.016 115.485
438.173 113.551
433.48 112.927
427.033 112.569
420.756 112.389
414.361 112.251
412.026 112.355
406.999 112.162
402.085 111.654
397.92 111.021
392.659 109.283
389.192 108.077
385.887 107.939
352.513 107.881
372.285 108.824
366.484 109.169
361.838 108.804
357.803 108.253
355.919 108.011
347.102 107.323
342.43 107.476
338.844 107.359
332.643 105.428
329.627 104.087
325.525 102.263
319.816 99.6867
311.545 99.3939
297.945 103.676
282.168 109.564
278.656 113.381
276.644 115.186
270.529 124.867
270.091 133.694
270.8 135.592
270.019 136.792
267.726 142.42
266.905 146.184
267.317 146.656
264.128 149.179
258.931 158.749
254.901 178.454
262.106 197.377
278.186 194.483
287.082 190.607
300.733 184.661
269.144 201.371
269.097 204.344
270.636 209.958
275.457 215.915
283.867 224.631
286.211 226.828
289.809 230.689
291.79 234.029
293.596 237.576
296.195 242.613
299.521 248.399
301.012 250.673
301.008 250.988
299.92 252.516
299.237 256.555
298.956 260.503
298.264 262.639
296.858 266.319
294.289 272.828
291.794 279.188
288.662 286.376
286.382 291.585
284.53 298.238
283.896 300.56
282.668 305.701
281.833 311.151
280.977 319.356
280.634 326.229
280.797 333.816
281.311 338.517
281.593 341.654
282.35 347.98
282.795 351.533
283.852 359.747
284.097 361.721
283.916 365.759
283.722 370.567
283.353 375.349
283.089 378.927
282.983 382.723
282.845 388.066
282.879 391.722
282.897 394.124
283.052 403.59
283.197 409.37
283.283 413.247
283.109 419.011
282.955 424.708
282.742 426.283
281.768 429.408
278.752 439.436
275.994 448.5
277.926 453.358
281.208 460.595
286.514 470.633
295.436 472.8
303.1 474.541
305.876 475.173
307.506 475.544
303.891 474.721
302.963 474.51
296.667 473.082
290.324 471.542
286.628 470.948
285.225 473.418
286.552 470.999
285.541 469.759
283.774 465.984
291.153 470.187
269.3 451.281
266.066 451.916
271.645 450.825
272.127 450.736
274.885 450.373
278.147 441.494
281.676 429.729
282.342 427.526
282.992 423.517
283.134 418.122
283.264 412.02
283.11 405.94
282.932 397.137
282.894 394.614
282.826 390.891
282.858 386.285
282.934 381.088
283.355 376.024
283.632 372.264
283.723 370.192
283.916 366.06
283.52 357.631
282.563 349.72
281.884 344.082
281.434 340.425
280.848 335.683
280.767 334.44
280.781 333.879
280.621 324.687
281.207 315.64
281.391 312.784
281.819 310.604
282.323 307.982
284.139 299.026
286.106 293.031
288.123 286.689
290.188 282.198
291.405 279.307
293.677 274.238
294.631 271.977
296.53 262.452
292.164 246.001
273.4 223.918
241.604 218.718
220.113 236.658
214.735 255.869
216.05 267.882
219.159 277.146
220.441 279.651
220.716 280.472
222.056 284.172
223.371 289.352
225.062 295.942
226.22 302.83
227.175 309.634
227.437 311.483
227.65 312.874
228.238 320.614
228.91 331.94
229.129 336.358
229.111 336.416
228.5 338.629
227.785 342.115
226.924 346.792
225.436 355.561
224.648 364.471
224.607 370.192
225.028 371.789
225.976 375.864
227.437 383.115
228.133 386.736
228.054 387.637
228.21 392.325
227.443 397.946
226.545 404.11
225.609 410.28
225.324 415.889
225.339 418.616
225.775 426.633
228.207 433.128
231.264 441.428
233.845 448.441
236.01 450.877
237.165 450.812
237.263 451.019
237.109 451.238
235.161 452.737
227.519 466.029
224.081 470.57
223.26 472.411
223.092 472.987
223.028 472.942
221.789 473.717
219.195 474.11
223.745 225.889
255.513 108.194
266.023 211.99
254.615 70.6898
252.27 175.1
0 0
219.889 280.636
292.97 241.439
294.511 271.962
253.911 99.0363
253.333 125.333
250.661 44.5488
267.744 133.816
276.533 220.63
280.816 334.761
284.192 456.492
300.214 251.178
275.899 114.469
117.963 108.363
227.098 326.885
224.476 369.379
226.667 341.333
225.468 423.353
283.829 367.965
282.881 393.838
285.797 472.035
254.341 57.2199
287.499 289.045
259.222 41.9701
269.842 135.481
261.756 149.466
265.9 147.499
267.149 142.308
218.113 277.568
248.131 42.0174
270.256 124.394
251.138 48.7564
277.47 114.422
252.839 56.0699
254.037 62.9394
254.413 70.3623
262.282 201.141
209.3 245.996
236.973 135.076
280.193 434.66
295.126 241.798
298.41 258.473
107.794 110.378
225.4 414.977
298.516 473.476
278.792 455.51
258.272 92.2133
222.51 286.705
218.426 277.021
252.397 56.1616
256.107 83.7941
255.214 98.3851
263.332 104.691
263.648 203.133
269.239 205.623
252.251 176.43
252.842 167.96
268.939 210.704
297.433 244.888
286.008 227.704
298.883 259.047
296.291 267.192
293.102 275.869
281.778 239.111
297.173 249.863
97.1299 111.728
225.741 416.283
272.456 450.325
254.964 70.5702
216.287 268.896
214.901 260.161
212.729 241.225
219.188 277.352
257.888 93.3537
264.55 105.215
272.072 110.062
265.639 108.091
265.245 130.21
257.383 129.94
253.366 173.77
278.536 225.958
276.026 219.293
296.477 267.222
292.224 277.579
285.025 297.35
283.076 304.276
297.856 249.955
214.155 242.564
215.345 233.455
239.466 217.615
218.289 239.755
227.944 237.224
222.399 285.932
282.434 109.326
300.916 102.715
269.912 109.451
0 0
0 0
255.632 118.225
252.032 125.029
252.628 116.866
247.241 114.881
286.942 231.034
283.661 301.602
281.512 313.48
210.801 243.169
216.737 234.602
225.047 225.351
265.618 141.301
251.978 154.965
253.414 106.639
231.847 117.944
251.933 109.563
224.366 112.573
281.083 317.386
283.047 308.4
262.907 148.635
250.017 162.639
252.241 146.766
250.253 168.203
234.715 452.665
219.021 471.681
246.732 197.322
240.215 197.773
248.871 188.102
250.777 189.122
245.314 189.792
249.581 172.594
253.187 184.376
252.873 202.293
261.256 205.885
249.237 197.065
283.156 417.165
226.487 460.81
250.796 42.6022
256.447 42.4989
255.35 60.2228
286.451 227.278
212.695 256.093
215.733 267.595
291.601 241.013
226.178 218.695
235.023 206.815
235.038 205.646
241.666 209.068
228.622 215.05
246.282 209.574
235.798 211.732
262.282 213.698
276.757 223.506
234.942 216.618
241.431 211.429
282.042 230.296
317.624 98.9197
313.135 100.877
243.179 130.235
238.366 131.38
222.907 472.302
223.383 472.078
254.174 198.822
283.146 412.052
216.674 230.537
226.743 306.696
227.681 313.228
226.168 302.276
227.07 309.037
225.961 301.075
227.054 382.177
224.596 370.624
226.464 378.444
224.469 369.144
228.039 386.885
283.432 374.317
283.224 388.484
283.793 368.461
283.222 377.075
282.916 385.258
215.691 107.924
229.279 116.847
235.08 123.909
197.189 98.3306
194.344 98.2069
192.756 101.71
245.026 145.304
249.808 152.935
249.357 153.804
241.017 142.024
243.685 138.352
227.846 341.578
229.105 336.022
225.065 359.81
224.816 361.322
227.938 341.257
225.695 355.148
227.36 345.369
282.917 352.612
281.294 338.483
281.808 343.455
282.317 347.422
284.083 361.717
373.333 111.111
133.333 109.333
1540
0 0
0 0
0 0
0 0
0 0
0 0
0 0
0 0
0 0
0 0
0 0
0 0
0 0
0 0
0 0
0 0
0 0
0 0
0 0
0 0
0 0
0 0
0 0
0 0
0 0
0 0
0 0
0 0
0 0
0 0
600 483
0 0
0 0
0 0
0 0
0 0
0 0
0 0
0 0
0 0
0 0
0 0
0 0
0 0
0 0
0 0
0 0
0 0
0 0
0 0
0 0
0 0
0 0
0 0
0 0
0 0
0 0
0 0
0 0
0 0
0 0
0 0
0 0
0 0
0 0
0 0
0 0
0 0
0 0
0 0
0 0
0 0
0 0
0 0
0 0
0 0
0 0
0 0
0 0
0 0
0 0
0 0
0 0
0 0
0 0
0 0
0 0
0 0
0 0
0 0
0 0
0 0
0 0
0 0
483 558
0 0
0 0
0 0
0 0
0 0
0 0
0 0
0 0
0 0
0 0
0 0
0 0
0 0
0 0
0 0
0 0
0 0
0 0
0 0
0 0
0 0
0 0
0 0
0 0
0 0
0 0
0 0
0 0
0 0
0 0
0 0
0 0
0 0
0 0
0 0
0 0
0 0
0 0
0 0
0 0
0 0
0 0
0 0
0 0
0 0
0 0
0 0
0 0
0 0
0 0
0 0
0 0
0 0
558 62
0 0
0 0
0 0
0 0
0 0
0 0
0 0
0 0
0 0
0 0
0 0
0 0
0 0
0 0
0 0
0 0
0 0
0 0
0 0
0 0
0 0
0 0
62 472
0 0
0 0
0 0
0 0
0 0
0 0
0 0
0 0
0 0
0 0
0 0
0 0
0 0
0 0
0 0
0 0
0 0
0 0
0 0
0 0
0 0
0 0
0 0
0 0
472 649
0 0
0 0
0 0
0 0
0 0
0 0
0 0
0 0
0 0
0 0
0 0
0 0
0 0
0 0
0 0
0 0
0 0
0 0
0 0
0 0
0 0
0 0
0 0
0 0
0 0
0 0
0 0
0 0
0 0
0 0
0 0
0 0
0 0
0 0
0 0
0 0
0 0
0 0
0 0
0 0
0 0
0 0
0 0
0 0
0 0
0 0
0 0
0 0
0 0
0 0
0 0
0 0
0 0
0 0
0 0
0 0
0 0
0 0
0 0
0 0
0 0
0 0
0 0
0 0
0 0
0 0
0 0
0 0
0 0
0 0
0 0
0 0
0 0
0 0
0 0
0 0
0 0
0 0
0 0
0 0
0 0
0 0
0 0
0 0
0 0
0 0
0 0
0 0
0 0
0 0
0 0
0 0
0 0
0 0
0 0
0 0
0 0
0 0
0 0
0 0
0 0
0 0
0 0
0 0
0 0
0 0
0 0
0 0
0 0
0 0
0 0
0 0
0 0
0 0
0 0
0 0
0 0
0 0
0 0
0 0
0 0
0 0
0 0
0 0
0 0
0 0
0 0
0 0
0 0
0 0
0 0
0 0
0 0
0 0
0 0
0 0
0 0
0 0
0 0
0 0
0 0
0 0
0 0
0 0
0 0
0 0
0 0
0 0
0 0
0 0
0 0
0 0
0 0
0 0
0 0
0 0
0 0
0 0
0 0
0 0
0 0
0 0
0 0
0 0
0 0
0 0
0 0
0 0
0 0
0 0
0 0
0 0
0 0
0 0
0 0
0 0
0 0
0 0
0 0
0 0
0 0
0 0
0 0
0 0
0 0
0 0
0 0
472 603
0 0
0 0
0 0
0 0
0 0
0 0
0 0
0 0
0 0
0 0
0 0
0 0
0 0
0 0
0 0
0 0
0 0
0 0
0 0
0 0
0 0
0 0
0 0
0 0
0 0
0 0
0 0
0 0
0 0
0 0
0 0
0 0
0 0
0 0
0 0
0 0
0 0
0 0
0 0
0 0
0 0
0 0
0 0
0 0
0 0
0 0
0 0
0 0
0 0
0 0
0 0
0 0
0 0
0 0
0 0
0 0
0 0
0 0
0 0
0 0
0 0
0 0
0 0
0 0
0 0
0 0
0 0
0 0
0 0
0 0
0 0
0 0
0 0
472 621
0 0
0 0
0 0
0 0
0 0
0 0
0 0
0 0
0 0
0 0
0 0
0 0
0 0
0 0
0 0
0 0
0 0
0 0
0 0
0 0
0 0
0 0
0 0
0 0
0 0
0 0
0 0
0 0
0 0
0 0
0 0
0 0
0 0
0 0
0 0
0 0
0 0
0 0
0 0
0 0
0 0
0 0
0 0
0 0
0 0
0 0
0 0
0 0
0 0
0 0
0 0
0 0
0 0
0 0
0 0
0 0
0 0
0 0
0 0
0 0
0 0
0 0
0 0
0 0
0 0
0 0
0 0
0 0
0 0
0 0
0 0
0 0
0 0
0 0
0 0
0 0
0 0
0 0
0 0
0 0
0 0
0 0
0 0
0 0
0 0
0 0
0 0
0 0
0 0
0 0
0 0
0 0
0 0
0 0
0 0
0 0
0 0
0 0
0 0
0 0
0 0
0 0
0 0
0 0
0 0
0 0
0 0
0 0
0 0
0 0
0 0
0 0
0 0
0 0
0 0
0 0
0 0
0 0
0 0
0 0
0 0
0 0
0 0
0 0
0 0
0 0
0 0
0 0
0 0
0 0
0 0
0 0
0 0
0 0
0 0
0 0
0 0
0 0
0 0
0 0
0 0
0 0
0 0
0 0
0 0
0 0
0 0
0 0
0 0
0 0
0 0
0 0
0 0
0 0
0 0
0 0
0 0
0 0
0 0
0 0
0 0
0 0
0 0
0 0
0 0
0 0
0 0
0 0
0 0
0 0
0 0
0 0
0 0
0 0
0 0
0 0
0 0
0 0
0 0
0 0
0 0
0 0
0 0
0 0
0 0
0 0
0 0
0 0
0 0
0 0
0 0
0 0
0 0
0 0
0 0
0 0
0 0
0 0
0 0
0 0
0 0
0 0
0 0
0 0
0 0
0 0
0 0
0 0
0 0
0 0
0 0
0 0
0 0
0 0
0 0
0 0
0 0
0 0
0 0
0 0
0 0
0 0
0 0
0 0
0 0
0 0
0 0
0 0
0 0
0 0
0 0
0 0
0 0
0 0
0 0
0 0
0 0
0 0
0 0
0 0
0 0
0 0
0 0
62 530
0 0
0 0
0 0
0 0
0 0
0 0
0 0
0 0
0 0
0 0
0 0
0 0
0 0
0 0
0 0
0 0
0 0
0 0
0 0
0 0
0 0
530 663
0 0
0 0
0 0
0 0
0 0
0 0
0 0
0 0
0 0
0 0
0 0
0 0
0 0
0 0
0 0
0 0
0 0
0 0
0 0
0 0
0 0
0 0
0 0
0 0
0 0
0 0
0 0
0 0
0 0
0 0
0 0
0 0
0 0
0 0
0 0
0 0
0 0
0 0
0 0
0 0
0 0
0 0
0 0
0 0
0 0
0 0
0 0
0 0
0 0
0 0
0 0
0 0
0 0
0 0
0 0
0 0
0 0
0 0
0 0
0 0
0 0
0 0
0 0
0 0
0 0
0 0
0 0
663 477
0 0
0 0
0 0
0 0
0 0
0 0
0 0
0 0
0 0
0 0
0 0
0 0
0 0
0 0
0 0
0 0
0 0
0 0
0 0
0 0
0 0
0 0
0 0
0 0
0 0
0 0
0 0
0 0
0 0
0 0
0 0
0 0
0 0
0 0
0 0
0 0
0 0
0 0
0 0
0 0
0 0
0 0
0 0
0 0
0 0
0 0
0 0
0 0
0 0
0 0
0 0
0 0
0 0
0 0
0 0
0 0
0 0
0 0
0 0
0 0
0 0
0 0
0 0
0 0
0 0
0 0
0 0
0 0
0 0
0 0
0 0
0 0
0 0
0 0
0 0
0 0
0 0
0 0
0 0
0 0
0 0
0 0
0 0
0 0
0 0
0 0
0 0
0 0
0 0
0 0
0 0
0 0
0 0
0 0
0 0
0 0
0 0
0 0
0 0
0 0
0 0
0 0
0 0
0 0
0 0
0 0
0 0
0 0
0 0
0 0
0 0
0 0
0 0
0 0
0 0
0 0
0 0
0 0
0 0
0 0
0 0
0 0
0 0
0 0
0 0
0 0
0 0
0 0
0 0
0 0
0 0
0 0
0 0
0 0
0 0
0 0
0 0
0 0
0 0
0 0
0 0
0 0
0 0
0 0
0 0
0 0
0 0
0 0
0 0
0 0
0 0
0 0
0 0
0 0
0 0
0 0
0 0
0 0
0 0
0 0
0 0
0 0
0 0
0 0
0 0
0 0
0 0
0 0
0 0
0 0
0 0
0 0
0 0
0 0
0 0
0 0
0 0
0 0
0 0
0 0
0 0
0 0
0 0
0 0
0 0
0 0
0 0
0 0
0 0
0 0
0 0
0 0
0 0
0 0
0 0
0 0
0 0
0 0
0 0
0 0
0 0
0 0
0 0
0 0
0 0
0 0
0 0
0 0
0 0
0 0
0 0
0 0
0 0
0 0
0 0
0 0
0 0
0 0
0 0
0 0
0 0
0 0
0 0
0 0
0 0
0 0
0 0
0 0
0 0
0 0
0 0
0 0
0 0
0 0
0 0
0 0
0 0
0 0
0 0
0 0
0 0
0 0
0 0
0 0
0 0
0 0
0 0
0 0
0 0
0 0
0 0
0 0
0 0
0 0
0 0
0 0
0 0
0 0
0 0
0 0
0 0
0 0
0 0
0 0
0 0
0 0
0 0
0 0
0 0
0 0
0 0
0 0
0 0
0 0
0 0
0 0
0 0
0 0
0 0
0 0
0 0
0 0
0 0
0 0
0 0
0 0
0 0
0 0
0 0
0 0
0 0
0 0
0 0
0 0
0 0
0 0
0 0
0 0
0 0
0 0
0 0
0 0
0 0
0 0
0 0
0 0
0 0
0 0
0 0
0 0
0 0
0 0
0 0
0 0
0 0
0 0
0 0
0 0
0 0
0 0
0 0
0 0
0 0
0 0
0 0
0 0
0 0
0 0
0 0
0 0
0 0
0 0
0 0
0 0
0 0
0 0
0 0
0 0
0 0
0 0
0 0
0 0
0 0
0 0
0 0
0 0
0 0
0 0
0 0
0 0
0 0
0 0
0 0
0 0
0 0
0 0
0 0
0 0
0 0
0 0
0 0
0 0
0 0
0 0
0 0
0 0
0 0
0 0
0 0
0 0
0 0
0 0
0 0
0 0
0 0
0 0
0 0
0 0
0 0
0 0
0 0
0 0
0 0
0 0
0 0
0 0
0 0
0 0
0 0
0 0
0 0
0 0
0 0
0 0
0 0
0 0
0 0
0 0
0 0
0 0
0 0
0 0
0 0
0 0
0 0
0 0
0 0
0 0
0 0
0 0
0 0
0 0
0 0
0 0
0 0
0 0
0 0
0 0
0 0
0 0
0 0
0 0
0 0
0 0
0 0
0 0
0 0
0 0
0 0
0 0
0 0
0 0
0 0
0 0
0 0
0 0
0 0
0 0
0 0
0 0
0 0
0 0
0 0
0 0
0 0
0 0
0 0
0 0
0 0
0 0
0 0
0 0
0 0
0 0
0 0
0 0
0 0
0 0
0 0
0 0
0 0
0 0
0 0
0 0
0 0
0 0
0 0
0 0
0 0
0 0
0 0
0 0
0 0
0 0
0 0
0 0
0 0
0 0
0 0
0 0
0 0
0 0
0 0
0 0
0 0
0 0
0 0
0 0
0 0
0 0
0 0
0 0
0 0
0 0
0 0
0 0
0 0
0 0
0 0
0 0
0 0
0 0
0 0
0 0
0 0
0 0
0 0
0 0
0 0
0 0
0 0
0 0
0 0
0 0
0 0
0 0
0 0
0 0
0 0
0 0
0 0
0 0
0 0
0 0
0 0
0 0
0 0
0 0
0 0
0 0
0 0
0 0
0 0
0 0
0 0
0 0
0 0
0 0
0 0
0 0
0 0
0 0
0 0
0 0
0 0
0 0
0 0
0 0
0 0
0 0
0 0
0 0
0 0
0 0
0 0
0 0
0 0
0 0
0 0
0 0
0 0
0 0
0 0
0 0
0 0
0 0
0 0
0 0
0 0
0 0
0 0
0 0
0 0
0 0
0 0
0 0
0 0
0 0
0 0
0 0
0 0
0 0
0 0
0 0
0 0
0 0
0 0
0 0
0 0
0 0
0 0
0 0
0 0
0 0
0 0
0 0
0 0
0 0
0 0
0 0
0 0
0 0
0 0
0 0
0 0
0 0
0 0
0 0
0 0
0 0
0 0
0 0
0 0
0 0
0 0
0 0
0 0
0 0
0 0
0 0
0 0
0 0
0 0
0 0
0 0
0 0
0 0
0 0
0 0
0 0
0 0
0 0
0 0
0 0
0 0
0 0
0 0
0 0
0 0
0 0
0 0
0 0
0 0
0 0
0 0
0 0
0 0
0 0
0 0
0 0
0 0
0 0
0 0
0 0
0 0
0 0
0 0
0 0
0 0
0 0
0 0
0 0
0 0
0 0
0 0
0 0
0 0
0 0
0 0
0 0
0 0
0 0
0 0
0 0
0 0
0 0
0 0
0 0
0 0
0 0
0 0
0 0
0 0
0 0
0 0
0 0
0 0
0 0
0 0
0 0
0 0
0 0
0 0
0 0
0 0
0 0
0 0
0 0
0 0
0 0
0 0
0 0
0 0
0 0
0 0
0 0
0 0
0 0
0 0
0 0
0 0
0 0
0 0
0 0
0 0
0 0
0 0
0 0
0 0
0 0
0 0
0 0
0 0
0 0
0 0
0 0
0 0
0 0
0 0
0 0
0 0
0 0
0 0
0 0
0 0
0 0
0 0
0 0
0 0
0 0
0 0
0 0
0 0
621 667
667 225
649 668
668 151
1536
0 1
461 0
624 0
1 2
1 624
2 3
4 2
2 6
624 2
3 4
4 5
4 6
5 6
6 7
6 624
7 8
7 624
8 9
588 8
624 8
9 10
9 588
10 11
10 587
588 10
11 12
11 587
600 11
12 13
12 600
13 14
13 484
600 13
14 15
14 484
15 16
484 15
16 17
484 16
510 16
17 18
17 510
18 19
18 510
19 20
19 510
533 19
20 21
483 20
20 533
21 22
483 21
22 23
22 483
634 22
23 24
634 23
24 25
24 634
635 24
25 26
635 25
26 27
26 635
27 28
635 27
28 29
28 635
658 28
29 30
29 658
30 31
30 658
660 30
31 32
31 660
32 33
32 660
661 32
33 34
33 661
34 35
34 481
34 661
35 36
35 481
36 37
481 36
36 632
37 38
632 37
38 39
631 38
632 38
39 40
39 631
40 41
40 514
40 631
41 42
514 41
42 43
495 42
42 514
43 44
45 43
43 495
44 45
45 46
45 495
45 606
46 47
46 606
47 48
605 47
47 606
48 49
605 48
49 50
49 504
605 49
50 51
504 50
51 52
51 504
572 51
52 53
52 572
53 54
572 53
54 55
555 54
54 572
55 56
55 555
628 55
56 57
56 628
57 58
57 628
58 59
58 608
612 58
628 58
59 60
612 59
60 61
60 612
61 62
61 610
612 61
62 63
64 62
62 65
62 66
590 62
610 62
63 64
64 65
65 66
66 67
66 590
593 66
67 68
593 67
594 67
68 69
594 68
69 70
69 594
652 69
70 71
652 70
71 72
71 652
653 71
72 73
653 72
73 74
73 653
74 75
505 74
653 74
75 76
75 505
76 77
76 505
623 76
76 646
77 78
77 646
78 79
645 78
78 646
79 80
645 79
80 81
80 644
645 80
80 647
81 82
647 81
648 81
82 83
648 82
83 84
648 83
83 649
84 85
84 649
85 86
85 649
86 87
86 155
156 86
86 649
87 88
87 154
155 87
88 89
88 153
154 88
89 90
152 89
153 89
90 91
151 90
152 90
91 92
150 91
91 151
92 93
150 92
93 94
149 93
150 93
94 95
94 147
94 148
94 149
95 96
147 95
480 95
96 97
96 480
97 98
480 97
98 99
98 480
509 98
99 100
509 99
100 101
509 100
100 532
101 102
101 532
102 103
532 102
103 104
103 138
103 139
532 103
104 105
137 104
104 138
105 106
105 136
105 137
106 107
106 135
136 106
107 108
107 133
134 107
107 135
108 109
108 133
109 110
109 132
109 133
110 111
130 110
110 131
110 132
111 112
130 111
112 113
129 112
130 112
113 114
128 113
129 113
114 115
114 127
114 128
115 116
117 115
115 126
127 115
116 117
117 118
125 117
126 117
118 119
124 118
125 118
119 120
119 123
124 119
120 121
120 122
120 123
121 122
122 123
123 124
124 125
125 126
126 127
127 128
128 129
129 130
130 131
131 132
132 133
133 134
134 135
135 136
136 137
137 138
138 139
139 140
139 532
140 141
532 140
141 142
141 509
141 532
142 143
509 142
143 144
480 143
509 143
144 145
144 480
145 146
145 480
146 147
146 480
147 148
480 147
148 149
149 150
150 151
151 152
152 153
153 154
154 155
155 156
156 157
156 649
157 158
649 157
158 159
158 648
158 649
159 160
648 159
160 161
160 648
161 162
161 647
648 161
162 163
162 647
163 164
647 163
164 165
644 164
164 647
165 166
165 579
580 165
644 165
166 167
166 579
603 166
167 168
167 603
168 169
168 502
603 168
169 170
502 169
516 169
170 171
170 516
171 172
516 171
172 173
498 172
172 516
173 174
173 498
174 175
496 174
498 174
175 176
496 175
176 177
176 496
177 178
177 496
178 179
178 496
601 178
179 180
601 179
180 181
180 601
181 182
181 601
182 183
490 182
601 182
183 184
490 183
184 185
490 184
185 186
490 185
186 187
490 186
187 188
490 187
187 602
188 189
602 188
189 190
189 602
190 191
488 190
190 602
191 192
488 191
192 193
488 192
193 194
488 193
193 513
535 193
194 195
194 513
195 196
195 513
195 541
196 197
196 541
197 198
197 541
542 197
197 561
198 199
198 561
199 200
199 561
200 201
561 200
200 620
201 202
201 620
202 203
202 620
203 204
620 203
203 621
204 205
204 621
205 206
205 276
621 205
206 207
274 206
275 206
206 276
207 208
274 207
208 209
208 272
273 208
208 274
209 210
272 209
210 211
271 210
272 210
211 212
269 211
211 270
211 271
212 213
212 269
213 214
267 213
268 213
213 269
214 215
214 267
215 216
215 217
265 215
266 215
267 215
216 217
217 218
217 265
218 219
264 218
218 265
219 220
219 262
219 263
264 219
220 221
261 220
262 220
221 222
260 221
261 221
222 223
222 259
260 222
223 224
223 258
259 223
224 225
257 224
224 258
225 226
227 225
255 225
256 225
257 225
226 227
227 228
255 227
228 229
253 228
228 254
228 255
229 230
253 229
230 231
230 252
253 230
231 232
250 231
251 231
231 252
232 233
249 232
250 232
233 234
248 233
233 249
234 235
247 234
234 248
235 236
245 235
247 235
236 237
244 236
245 236
237 238
237 243
237 244
238 239
238 242
238 243
239 240
241 239
242 239
240 241
241 242
242 243
243 244
244 245
245 246
247 245
246 247
247 248
248 249
249 250
250 251
251 252
252 253
253 254
254 255
255 256
256 257
257 258
258 259
259 260
260 261
261 262
262 263
263 264
264 265
265 266
266 267
267 268
268 269
269 270
270 271
271 272
272 273
273 274
274 275
275 276
276 277
276 621
277 278
277 621
278 279
621 278
279 280
279 620
621 279
280 281
280 561
280 620
281 282
281 560
281 561
282 283
499 282
560 282
283 284
499 283
284 285
284 499
285 286
491 285
285 497
285 499
286 287
286 491
287 288
491 287
288 289
288 491
494 288
289 290
493 289
289 494
290 291
493 290
291 292
493 291
292 293
292 493
293 294
293 493
293 523
294 295
522 294
294 523
295 296
295 520
522 295
296 297
299 296
296 520
297 298
297 299
298 299
299 300
299 520
299 521
300 301
300 521
301 302
521 301
302 303
302 475
521 302
303 304
303 475
604 303
304 305
304 604
305 306
305 604
306 307
306 507
604 306
307 308
307 507
307 525
308 309
308 525
309 310
525 309
310 311
310 525
311 312
311 478
525 311
312 313
312 478
313 314
313 478
313 527
314 315
527 314
315 316
527 315
549 315
316 317
316 549
317 318
317 529
317 549
318 319
529 318
319 320
319 489
529 319
320 321
489 320
321 322
489 321
570 321
322 323
570 322
323 324
323 570
581 323
324 325
324 581
325 326
325 581
326 327
326 581
326 582
327 328
476 327
582 327
327 665
328 329
665 328
329 330
329 665
330 331
330 665
331 332
331 662
665 331
666 331
332 333
332 666
333 334
666 333
334 335
666 334
335 336
335 485
335 642
666 335
336 337
336 642
337 338
337 642
338 339
338 642
338 643
339 340
339 643
340 341
643 340
341 342
486 341
341 643
342 343
342 486
342 599
342 627
343 344
599 343
344 345
344 599
345 346
477 345
599 345
346 347
346 477
347 348
477 347
348 349
477 348
506 348
349 350
506 349
350 351
506 350
512 350
534 350
351 352
512 351
352 353
487 352
512 352
353 354
487 353
353 511
354 355
354 511
355 356
355 511
356 357
356 511
357 358
511 357
358 359
358 511
359 360
359 511
360 361
511 360
361 362
487 361
361 511
362 363
362 364
487 362
363 364
364 365
364 487
365 366
487 365
366 367
366 487
367 368
487 367
367 512
367 534
368 369
370 368
368 534
369 370
370 371
370 534
371 372
534 371
372 373
534 372
373 374
506 373
373 534
374 375
477 374
374 506
375 376
477 375
376 377
477 376
377 378
377 477
599 377
378 379
599 378
378 627
379 380
627 379
380 381
627 380
640 380
381 382
640 381
382 383
382 640
383 384
383 640
384 385
639 384
640 384
641 384
385 386
641 385
386 387
641 386
387 388
641 387
388 389
641 388
388 663
389 390
663 389
390 391
663 390
390 664
391 392
664 391
392 393
392 664
393 394
393 395
476 393
393 664
394 395
395 396
476 395
395 582
396 397
396 571
396 582
397 398
397 571
398 399
571 398
399 400
399 571
400 401
400 552
571 400
401 402
552 401
402 403
402 551
402 552
403 404
550 403
551 403
404 405
550 404
405 406
550 405
406 407
530 406
406 550
407 408
407 530
408 409
530 408
409 410
409 530
409 607
410 411
410 607
619 410
411 412
558 411
411 619
412 413
412 557
558 412
413 414
537 413
413 557
414 415
537 414
414 539
415 416
415 539
416 417
416 539
417 418
539 417
559 417
418 419
418 559
419 420
419 559
419 633
420 421
633 420
421 422
633 421
422 423
422 630
422 633
423 424
423 630
424 425
424 630
425 426
425 481
630 425
426 427
481 426
656 426
427 428
427 656
428 429
656 428
429 430
429 656
429 659
430 431
659 430
431 432
431 659
432 433
432 637
657 432
659 432
433 434
433 637
434 435
637 434
435 436
435 636
637 435
436 437
436 636
437 438
437 636
437 638
438 439
438 638
439 440
439 638
440 441
440 483
440 533
638 440
441 442
441 533
442 443
510 442
533 442
443 444
443 510
444 445
510 444
445 446
445 484
510 445
446 447
446 484
447 448
447 484
600 447
448 449
448 600
449 450
449 587
449 600
450 451
450 587
451 452
451 587
452 453
454 452
452 587
453 454
454 455
587 454
588 454
455 456
455 588
625 455
456 457
625 456
457 458
457 625
458 459
625 458
459 460
625 459
460 461
460 624
625 460
461 624
573 462
462 574
462 608
462 614
617 462
518 463
519 463
543 463
463 565
463 567
577 463
464 524
548 464
464 597
464 613
464 615
616 464
465 488
465 500
465 501
465 502
465 517
465 535
465 540
546 466
586 466
466 591
466 592
595 466
504 467
515 467
467 536
537 467
467 538
467 554
605 467
495 468
514 468
515 468
468 559
468 631
633 468
469 507
526 469
531 469
553 469
569 469
470 508
528 470
470 529
470 530
470 550
470 551
517 471
518 471
568 471
471 577
471 579
471 603
472 545
472 563
472 566
585 472
472 622
654 472
473 490
473 496
498 473
500 473
473 501
473 601
473 602
474 491
474 497
474 544
545 474
474 563
575 474
521 475
524 475
475 526
475 548
475 604
476 582
664 476
476 665
477 506
599 477
507 478
525 478
478 527
478 531
479 497
479 499
542 479
479 543
479 544
560 479
479 562
480 509
481 630
481 632
481 656
481 661
634 482
482 635
482 636
637 482
657 482
658 482
533 483
483 634
638 483
484 510
600 484
639 485
485 641
642 485
485 663
666 485
486 627
486 639
640 486
643 486
487 511
487 512
501 488
488 535
488 602
529 489
551 489
489 552
489 570
490 601
602 490
491 494
497 491
575 491
492 493
494 492
523 492
575 492
492 583
494 493
493 523
494 575
495 514
495 515
495 536
606 495
496 498
496 601
499 497
497 544
498 500
516 498
499 560
501 500
500 502
500 516
501 602
516 502
517 502
502 603
503 520
521 503
503 522
503 524
503 597
503 626
554 504
504 555
504 572
605 504
505 622
623 505
505 653
505 654
534 506
507 525
526 507
531 507
604 507
508 527
508 528
508 530
531 508
553 508
532 509
533 510
512 534
513 519
513 535
513 540
541 513
631 514
515 536
515 537
515 539
515 559
517 518
517 540
517 603
518 519
540 518
518 577
540 519
541 519
519 543
519 562
521 520
522 520
524 521
522 523
546 522
522 595
626 522
523 546
576 523
583 523
548 524
524 597
526 548
526 569
604 526
616 526
527 528
527 531
527 549
528 529
549 528
529 549
551 529
550 530
553 530
530 607
553 531
540 535
605 536
606 536
537 538
537 539
557 537
554 538
557 538
538 558
573 538
574 538
559 539
542 541
562 541
560 542
542 561
542 562
543 544
562 543
543 565
545 544
565 544
563 545
545 565
566 545
576 546
546 586
546 595
547 569
607 547
615 547
616 547
547 619
548 616
551 550
551 552
552 570
552 571
553 569
553 607
554 555
573 554
572 555
555 573
608 555
628 555
558 556
556 574
556 613
615 556
617 556
619 556
558 557
558 574
558 619
633 559
560 561
561 620
563 575
563 583
585 563
566 564
567 564
568 564
578 564
564 580
564 622
623 564
566 565
567 565
567 566
566 622
568 567
567 577
568 577
568 579
580 568
569 607
616 569
571 570
581 570
571 581
571 582
573 574
608 573
617 574
575 583
583 576
585 576
586 576
576 651
578 580
623 578
644 578
578 645
578 646
580 579
603 579
580 644
581 582
583 585
584 586
584 591
594 584
584 651
584 652
650 585
651 585
585 654
591 586
651 586
588 587
600 587
624 588
588 625
589 590
591 589
592 589
598 589
589 609
610 589
589 611
591 590
593 590
610 590
591 592
591 593
591 594
592 595
598 592
592 626
594 593
594 652
595 626
596 597
596 598
611 596
596 613
626 596
613 597
597 626
611 598
626 598
599 627
605 606
619 607
608 609
608 612
614 608
628 608
609 610
609 611
609 612
614 609
612 610
611 613
611 614
618 611
613 615
613 617
613 618
617 614
614 618
615 616
619 615
617 618
621 620
622 623
622 654
623 646
625 624
640 627
629 630
629 631
629 632
633 629
630 632
633 630
631 632
631 633
634 635
634 636
638 634
658 635
637 636
638 636
637 657
640 639
639 641
642 639
639 643
663 641
643 642
644 645
644 647
646 645
648 647
649 648
650 651
650 652
653 650
650 654
651 652
653 652
654 653
655 656
655 657
655 659
660 655
655 661
656 659
661 656
657 658
659 657
657 660
658 660
660 661
663 662
664 662
662 665
662 666
663 664
666 663
664 665
