751
183 474
178 473
174 470
173 465
174 460
178 456
181 452
183 448
184 445
184 442
186 438
190 434
189 430
192 427
193 422
192 417
193 412
192 407
193 402
192 397
191 392
191 389
190 386
191 381
189 377
189 373
189 370
191 365
187 361
186 356
184 352
184 347
184 342
184 337
184 332
186 328
186 323
186 318
186 313
187 308
188 303
188 298
188 293
188 288
188 283
188 278
188 273
189 268
191 264
190 259
188 255
192 251
193 246
194 241
196 237
197 232
198 227
198 222
199 217
201 213
203 208
203 203
198 199
194 195
194 190
194 185
194 180
195 176
197 175
198 170
201 166
197 162
194 158
191 153
188 149
186 144
183 140
179 136
177 131
175 126
172 122
170 117
168 114
167 109
162 108
157 109
152 110
147 109
142 110
137 112
134 111
131 114
126 113
122 112
119 108
115 106
110 105
105 105
100 104
95 104
90 101
85 99
80 99
75 99
70 102
65 104
61 106
56 107
51 108
46 108
41 108
36 107
32 107
29 105
24 102
19 99
16 94
17 91
14 87
18 84
23 83
28 84
33 87
38 87
41 88
42 84
37 82
35 78
39 75
44 74
49 75
54 76
59 76
64 77
69 79
73 82
78 84
83 84
88 84
93 84
95 80
99 82
104 82
108 80
113 79
118 80
123 80
128 79
133 80
138 79
143 79
148 79
153 79
158 79
163 79
167 81
171 80
176 79
181 78
186 77
191 75
196 75
201 76
204 72
208 68
211 64
214 59
214 54
214 49
214 44
214 39
214 34
215 29
219 25
222 21
226 18
229 13
234 11
238 9
243 7
248 6
253 8
258 10
263 14
267 18
269 23
271 28
272 32
274 37
274 42
274 47
274 52
276 57
278 61
282 64
282 67
286 71
291 72
296 71
301 71
306 73
311 74
316 75
321 77
326 77
331 77
336 78
341 78
346 77
351 77
356 77
361 77
366 78
371 78
376 76
379 73
384 73
388 73
392 77
397 77
402 78
407 78
412 79
417 79
422 80
426 82
431 83
436 83
440 80
445 79
448 76
450 77
455 75
460 74
465 73
469 71
474 71
478 74
478 79
474 82
471 84
476 84
481 86
486 86
491 86
496 86
500 88
503 92
499 95
496 94
495 98
499 100
497 105
492 107
487 109
482 109
478 109
473 109
468 109
463 107
458 105
453 104
448 103
444 100
439 98
435 98
430 98
426 99
421 100
417 102
413 102
408 104
403 104
398 105
395 109
391 110
386 110
381 108
378 110
374 106
369 107
364 107
359 106
354 106
351 107
349 111
347 113
345 118
342 122
339 127
337 131
333 136
329 140
325 144
322 148
320 153
315 156
313 161
312 165
311 170
307 171
302 172
297 173
292 173
289 176
288 181
288 186
287 191
285 195
285 200
287 204
287 209
288 214
293 216
298 219
298 224
297 229
302 232
303 235
304 240
305 245
306 250
306 255
306 260
309 264
309 269
309 274
310 279
310 284
310 289
310 294
310 299
310 304
310 309
310 314
310 319
310 324
310 329
310 334
310 339
310 344
310 349
306 350
301 350
296 350
292 353
289 357
289 362
287 367
284 371
285 376
285 381
285 386
287 390
287 395
287 400
288 405
289 410
290 415
291 420
292 424
292 429
293 434
294 439
297 443
300 448
303 451
307 456
311 460
315 464
311 468
306 470
301 471
296 472
291 471
286 468
281 465
278 460
275 456
277 452
279 447
280 442
281 437
281 432
281 427
279 422
278 417
276 413
276 408
274 403
272 398
268 394
265 390
263 385
260 381
258 376
255 372
255 367
253 362
253 357
250 353
250 348
250 343
250 338
249 333
248 328
248 323
248 318
248 313
247 309
242 307
237 305
236 310
236 315
237 320
237 325
236 330
236 335
234 339
234 344
232 349
231 354
228 358
225 362
221 367
219 371
215 374
216 378
213 382
213 386
211 391
210 396
207 400
206 405
205 410
203 414
202 419
202 424
202 429
202 434
202 439
202 444
202 449
202 454
202 459
204 464
205 468
202 472
197 473
192 474
187 474
184 474
278.247 303.313
245.54 74.7302
249.286 133.286
269.92 153.92
210.94 315.5
208 344.5
218.561 280.5
244.34 227.436
245.793 35.1829
300.75 112.25
272.786 340.5
220.383 142.617
221.104 234.221
229.414 205.5
264.734 216.053
267.891 257.5
304.641 92.7944
316.981 123.981
254.825 282.187
227.852 70.711
331.816 98.5437
381.939 91.4626
264.505 74.3303
159.484 93.5711
136.114 95.4157
194.048 103.419
201.981 374.005
269.765 367.078
218.76 330.891
196.337 348.981
262.862 348.713
274.158 207.132
180.961 108.327
113 92.18
453.721 90.2533
290.059 455.941
219.601 348.878
238.229 23.9045
259.635 39.673
222.121 180.776
303.921 139.244
193.623 89.1134
196.894 124.238
209.135 188.662
210.123 175.443
311.759 146.102
314.493 135.07
212.638 259.126
284.098 244.938
197.753 335.246
207.144 359.692
261.627 337.118
275.576 353.974
263.161 359.08
252.256 193.434
269.083 184.694
216.318 340.018
217.074 159.6
272.465 321.458
261.43 203.125
210.35 166.096
269.564 331.031
260.28 322.992
249.667 213.018
262.617 192.813
264.707 308.992
251.537 203.302
240.659 206.245
234.214 218.28
286.104 271.585
297.282 267.906
295.78 282.165
287.845 258.055
127.951 102.244
125.568 91.1012
173.387 96.3438
101.847 92.9721
443.79 89.242
461.151 83.7842
465.83 95.093
288.38 446.708
252.135 22.7543
229.96 37.6252
247.025 54.9652
296.227 155.227
218.597 94.5315
190.731 114.476
185.886 124.361
221.504 194.396
200.013 365.207
216.46 357.842
283.305 345.347
278.364 363.051
255.427 223.339
270.559 233.081
264.687 225.58
276.884 220.878
273.896 311.921
291.798 315.566
257.146 314.301
266.072 293.265
232.563 230.283
244.03 251.935
241.059 239.646
257.123 242.266
227.698 249.38
249.981 235.498
231.159 240.094
217.339 217.327
225.472 223.193
277.706 263.627
271.702 278.372
277.455 253.103
294.537 249.049
292.609 238.636
285.135 229.412
184.864 96.5334
244.624 16.5838
254.536 31.8118
250.312 44.8309
260.542 53.7494
238.262 46.5223
234.472 59.2256
226.295 49.3668
243.303 64.6238
224.215 60.9646
205.219 95.9277
203.297 85.9241
213.851 113.845
202.287 114.007
212.754 103.336
179.923 117.419
236.703 188.261
212.124 198.423
212.968 208.361
294.468 334.535
282.12 332.041
289.865 325.51
255.85 300.301
269.52 301.487
283.154 283.998
291.397 296.373
274.17 287.816
264.107 284.012
279.249 236.816
266.614 63.2521
255.128 66.8044
227.701 187.853
220.581 203.423
301.056 340.864
300.146 291.292
288.094 306.043
298.986 304.365
281.789 294.096
56.1076 91.3249
50.829 84.2435
46.9063 97.1484
189.5 461.5
192.224 451.874
483.355 97.4194
474.148 99.6065
255.633 103.482
147.537 91.1757
151.968 100.066
201.484 385.159
200.398 394.008
223.54 318.78
220.971 302.807
227.214 327.229
226.729 310.074
298.511 461.304
199.297 322.001
199.775 309.181
209.203 326.064
209.879 304.351
213.854 292.292
200.984 294.734
207.11 335.185
206.239 148.675
215.37 150.454
208.276 133.891
208.196 123.071
224.306 126.599
197.595 139.952
217.765 133.487
190.275 133.257
240.448 155.34
273.629 195.748
229.159 27.7905
282.734 161.407
291.894 163.586
275.839 173.01
255.664 169.141
256.909 181.633
265.093 174.509
265.04 163.636
254.042 155.641
246.626 184.396
247.47 145.356
233.992 143.338
261.857 141.349
228.167 154.209
232.972 169.274
238.443 178.059
244.313 168.308
227.563 135.886
237.537 127.174
240.281 136.246
249.862 117.831
261.511 150.442
282.717 136.842
221.85 169.651
232.79 108.112
222.313 107.65
231.281 118.61
285.269 149.123
275.479 144.752
292.971 141.116
293.362 125.74
305.345 127.194
271.562 118.224
244.526 107.35
237.56 90.808
246.999 96.571
260.188 88.9426
261.739 127.7
271.53 133.872
260.787 113.89
285.646 112.747
281.436 124.959
249.364 85.4438
255.082 77.3635
277.328 86.0619
293.345 116.963
292.805 100.544
268.056 83.3229
273.339 101.944
302.534 102.49
317.186 100.597
291.915 86.2713
283.206 103.114
276.684 110.546
264.089 98.1484
316.124 88.3186
326.297 112.37
301.803 82.6557
284.706 80.2824
284.522 93.1213
327.391 88.1814
314.272 112.264
336.775 108.537
328.265 123.491
275.195 75.303
307.504 118.352
323.638 131.968
256.019 254.47
258.768 268.472
268.899 268.636
239.882 270.467
248.045 262.564
249.729 273.298
214.809 245.972
203.944 250.935
208.857 235.222
201.88 261.834
209.999 271.365
214.338 226.862
205.429 283.026
199.122 273.828
268.776 244.894
216.498 79.8088
218.236 70.344
228.291 82.8922
235.832 76.5218
212.242 87.9265
242.638 196.383
243.745 291.9
242.15 281.123
230.155 288.405
253.079 291.372
229.733 276.57
221.583 267.458
222.366 257.65
234.413 259.564
235.466 295.924
67.1191 91.3095
229.082 97.7803
345.924 92.5262
337.257 87.794
343.221 101.601
360.431 91.5297
353.527 97.126
352.775 86.1732
371.177 89.0317
396.02 91.0528
273.202 378.614
275.549 387.98
408.277 90.6836
418.654 89.8577
751
181.029 466.922
179.728 467.678
177.889 468.734
181.061 466.902
180.405 467.285
182.966 465.797
190.019 458.728
192.056 451.278
193.379 445.514
193.654 444.319
194.222 441.857
196.629 432.106
196.973 430.731
197.438 428.791
197.677 420.401
197.784 417.147
198.106 412.604
194.693 452.618
199.772 400.901
200.032 396.075
200.082 392.085
200.043 390.502
199.909 389.019
200.603 380.186
200.809 377.976
200.899 376.874
201.116 375.11
204.394 362.846
206.479 355.147
207.548 351.212
207.63 350.919
208.063 349.397
208.692 344.689
208.875 343.236
209.054 341.355
208.382 336.93
207.155 328.654
206.675 320.77
206.574 317.889
206.139 309.504
207.623 295.365
208.136 290.647
208.945 283.344
209.659 278.372
210.053 273.756
209.696 271.605
209.468 271.298
210.793 269.584
213.09 265.771
207.955 262.529
195.316 260.416
211.821 269.238
219.567 258.621
222.701 254.827
224.274 252.984
230.911 245.045
233.989 238.354
235.052 234.813
235.707 232.919
236.39 228.764
236.584 214.147
234.281 187.005
215.456 184.849
190.805 187.964
205.124 186.155
207.807 185.841
0 0
174.926 189.998
214.224 185.056
228.9 180.514
239.232 157.987
231.541 139.593
228.504 127.648
219.604 122.528
214.065 119.613
208.05 117.25
199.925 114.747
197.404 114.039
196.953 113.72
193.338 111.135
190.241 108.984
187.651 106.819
185.599 105.009
175.376 98.0241
161.199 91.5809
152.784 91.4484
149.099 91.52
143.18 93.0866
133.491 95.6357
130.699 98.5337
130.213 99.039
128.104 105.919
128.486 104.416
128.327 105.043
129.148 96.3289
120.542 94.1836
110.896 92.3333
103.643 92.1471
98.8569 92.0219
96.931 91.9646
94.5169 91.8932
88.7737 91.6075
85.3818 91.4348
71.5674 90.7259
63.4224 90.3178
58.1331 90.1762
54.7543 90.0638
52.885 91.8691
51.6182 93.9713
47.4425 94.9665
44.4005 95.6781
0 0
31.9285 98.572
31.8371 98.5926
28.3155 97.2857
21.8092 91.3484
20.1473 89.8319
19.2637 89.0809
15.1499 85.4548
17.4044 87.4065
19.2724 89.0295
24.5954 93.9048
30.8998 98.6822
39.8694 96.7413
51.7159 93.0513
47.6736 85.9612
36.0525 76.2935
34.3298 75.112
42.2321 80.5344
46.431 83.4164
53.6751 88.3664
53.5767 90.2071
56.2307 90.1217
59.8144 90.2216
63.0362 90.3014
67.1889 90.5005
75.3638 90.9423
83.7204 91.3512
89.718 91.6526
65.5964 89.6307
93.9877 85.9693
95.8164 91.9355
104.02 92.1642
109.839 92.3301
112.222 92.1897
119.939 94.0348
123.315 94.8777
127.744 95.6209
131.554 95.7432
140.152 93.8618
142.639 93.1967
147.566 91.9781
152.11 91.2041
156.295 90.1426
158.747 90.571
166.237 93.6547
169.212 94.7947
174.528 97.3888
181.974 102.618
184.157 104.208
186.003 105.667
190.719 108.146
209.036 112.726
223.711 107.786
234.144 100.069
237.994 87.4656
240.748 67.6217
241.436 47.4497
241.437 35.1259
240.745 29.5394
234.765 28.2311
233.694 27.9964
231.067 27.9605
234.362 27.8993
238.474 27.8441
242.614 25.8598
244.721 22.9676
245.439 20.6752
246.416 17.7097
247.575 12.808
247.742 12.0951
246.657 16.6144
246.292 18.0137
245.677 20.7401
245.588 21.1911
245.056 21.9792
244.412 23.0211
243.984 24.8771
243.843 25.4487
243.223 27.6124
242.411 36.7433
241.22 52.5296
241.468 76.0667
246.974 96.0316
246.954 95.899
247.827 98.8488
273.261 114.39
295.576 118.536
305.149 111.964
308.013 110.42
307.947 110.994
314.43 108.829
316.489 108.087
323.672 104.576
331.252 99.6403
335.467 97.2944
339.71 95.1161
345.686 92.1133
350.152 89.9532
353.039 88.4243
355.792 88.2212
357.511 88.2267
366.936 88.8703
378.923 89.7028
384.131 87.5663
383.674 84.8557
383.795 85.6031
383.889 86.264
385.464 91.4626
391.072 92.5529
399.908 91.8289
407.592 91.1724
415.427 90.5211
417.665 90.3344
419.939 90.2874
423.283 90.3575
418.5 90.8485
438.867 90.0242
445.511 89.7113
449.856 89.4969
450.939 81.9985
451.21 85.6781
454.421 89.8828
459.895 88.8666
462.431 86.6669
471.268 77.7697
475.227 73.5568
476.319 72.3952
476.026 72.7069
466.956 82.1047
449.778 92.4444
468.446 95.9003
479.37 100.868
487.603 98.2859
495.103 93.8174
497.575 92.3294
501.266 90.0421
502.216 89.4252
500.569 90.4963
493.308 99.3747
488.31 97.8683
496.465 101.985
494.812 101.081
488.007 98.0456
484.658 100.037
482.102 101.148
479.119 100.362
475.393 99.53
472.298 97.9128
469.515 96.4567
457.309 90.8894
455.029 90.03
452.208 89.5542
449.228 89.6059
441.227 89.913
443.035 89.8453
428.351 90.5147
424.266 90.4099
419.07 90.2726
416.293 90.4531
414.72 90.5821
407.272 91.1999
398.927 91.9127
389 93.0062
389.136 93.3276
389.118 93.2755
388.27 92.8549
387.883 92.5932
388.345 92.7105
385.497 91.7612
374.754 89.5097
368.235 88.9736
360.295 88.3216
351.059 89.5234
343.692 93.1069
336.565 96.8742
333.467 98.5832
328.045 102.23
324.763 104.701
318.899 109.133
317.838 110.262
315.783 111.654
311.364 113.695
303.227 117.015
295.787 120.982
292.398 122.816
287.352 125.307
294.167 142.724
304 156.823
323.327 184.609
306.149 159.838
0 0
290.9 140.489
274.011 128.556
254.585 140.917
241.851 160.711
237.337 172.994
236.994 180.896
237.364 190.685
239.66 209.348
241.261 219.64
247.186 229.147
257.693 245.477
276.27 254.086
0 0
276.705 246.051
274.52 250.373
285.471 247.145
291.318 244.751
280.661 249.535
278.637 251.1
276.025 254.526
277.469 259.258
278.362 262.265
282.42 270.203
282.504 270.354
284.525 273.965
287.15 278.006
288.093 282.034
288.475 286.841
288.495 291.234
288.383 293.617
288.081 300.734
287.412 306.436
287.044 309.491
285.778 319.572
284.997 325.82
285.102 328.755
290.127 333.312
296.503 338.54
300.81 341.724
313.734 351.277
305.95 345.523
300.724 341.595
284.364 328.849
278.539 336.78
269.122 351.8
267.656 360.298
267.036 363.925
267.755 371.219
270.922 379.146
273.549 384.557
276.586 390.648
278.298 394.09
280.889 352
281.617 400.812
282.113 406.869
282.546 412.087
283.878 415.876
284.702 418.302
286.838 424.306
287.047 428.254
287.053 434.209
287.059 442.198
287.062 450.043
287.462 456.529
292.642 460.067
301.147 463.865
310.83 465.436
315.789 465.782
310.025 465.933
302.487 464.243
299.944 463.522
297.649 462.943
296.132 462.211
290.955 459.028
287.063 456.483
287.304 454.889
276.802 455.742
287.221 454.893
287.086 451.742
287.06 444.532
287.061 442.602
287.049 429.667
285.574 429.121
285.26 419.942
283.619 415.115
282.565 412.271
282.351 409.737
281.616 400.81
278.473 394.44
275.841 389.15
274.47 386.404
272.018 381.497
270.031 376.901
268.134 372.148
267.222 370.132
266.774 367.015
267.188 361.109
267.979 354.774
267.967 353.889
268.025 352.794
270.966 348.251
275.333 341.553
280.092 334.871
281.158 333.38
283.262 330.742
285.209 322.859
285.607 304.193
283.834 277.632
253.522 259.301
216.547 268.374
208.472 297.146
206.503 322.126
207.63 331.221
208.148 334.182
208.374 335.566
208.479 336.412
208.852 339.513
209.262 343.295
209.095 345.932
209.311 346.788
209.008 346.723
207.737 350.782
206.163 356.193
204.549 362.238
203.449 366.362
201.347 376.196
200.926 378.59
200.078 385.686
200.039 390.259
200.132 393.907
199.93 398.086
199.541 404.622
198.899 409.096
198.082 412.73
197.755 417.875
197.57 423.947
197.448 428.697
196.397 433.069
195.225 437.836
193.138 446.553
192.552 449.095
191.201 456.076
190.486 463.181
201.538 468.569
204.646 470.085
201.208 468.408
194.511 465.139
189.693 462.756
183.66 465.392
182.402 466.123
287.171 299.234
241.077 85.2348
250.141 133.311
255.829 133.023
207.045 324.541
209.032 346.067
213.275 267.538
241.518 232.478
243.778 24.4133
304.475 114.022
277.924 337.906
231.599 128.793
234.652 239.451
237.485 208.341
247.593 234.601
269.834 256.164
306.963 111.449
310.425 112.5
264.287 262.405
239.09 87.5174
302.222 104.889
385.926 89.8747
244.45 91.8047
159.504 90.9865
132.429 95.7162
190.645 108.835
200.988 376.738
267.263 364.576
208.053 333.99
207.827 350.203
268.179 353.505
244.444 189.333
188.354 107.371
116.768 93.7608
452.961 89.5468
284.444 453.333
209.09 346.306
243.555 24.7081
240.134 28.518
233.957 178.494
294.064 121.708
187.307 106.54
200.379 114.471
227.839 183.292
229.428 181.48
292.133 122.898
303.446 116.875
218.123 260.882
275.028 253.165
208.009 334.631
204.899 361.011
275.568 341.214
268.557 352.767
267.005 363.819
237.165 191.605
236.946 174.745
209.242 343.065
233.704 142.148
0 0
238.325 208.374
236.711 159.809
280.479 334.39
283.903 329.689
240.166 218.718
237.263 191.078
287.01 299.329
238.019 207.668
237.85 208.574
238.794 229.411
281.511 269.676
281.905 269.672
287.101 278.316
277.401 261.118
129.774 100.892
123.417 94.8125
180.491 102.175
100.968 92.0756
447.56 89.6496
457.778 90.7014
460.123 91.9533
287.068 447.737
245.327 21.4887
236.92 28.2358
241.274 50.3933
285.791 125.389
226.849 111.508
195.345 112.42
194.353 111.819
235.8 187.843
205.33 359.391
207.408 351.837
271.961 347.238
267.346 362.105
244.602 232.039
259.213 246.968
250.663 238.896
251.25 243.938
287.03 306.392
286.548 313.419
285.644 310.904
285.584 275.786
239.62 233.749
245.431 239.388
243.246 240.501
252.365 245.815
231.047 249.219
245.696 239.804
235.517 242.774
236.786 229.421
237.219 229.94
272.708 258.958
278.924 269.618
272.412 255.911
275.856 253.954
279.819 249.466
272.012 250.902
182.063 102.642
245.81 19.5632
244.249 23.1333
242.257 34.3014
241.232 51.4759
241.716 35.7438
241.007 63.853
241.945 35.1721
240.836 68.7721
241.811 45.324
205.977 113.411
189.806 104.229
213.549 114.322
201.299 113.947
213.091 113.451
190.157 108.889
235.738 183.969
234.877 187.251
236.599 212.628
284.846 328.485
281.516 332.677
285.009 325.764
279.111 256
287.772 290.672
286.815 278.062
287.868 291.208
286.36 277.255
279.507 269.532
269.075 251.452
243.556 49.7778
240.623 76.9568
235.434 183.267
236.401 201.941
291.789 334.798
288.337 289.275
287.555 303.769
287.482 300.839
287.525 289.045
55.408 90.0955
53.3964 90.2119
51.2525 94.0639
193.98 466.452
191.994 451.251
483.539 100.598
484.264 98.927
253.507 110.591
147.816 92.0949
141.624 96.3636
208.38 351.496
200.052 393.871
206.497 323.064
207.833 296.53
208.321 335.416
207.753 299.754
302.099 462.881
207.731 332.513
206.389 313.311
207.753 332.701
207.36 297.702
209.788 280.121
208.571 288.048
209.011 340.613
230.772 133.828
231.541 136.237
220.344 121.203
210.515 116.431
224.898 122.301
210.495 118.134
223.466 123.073
200.062 114.764
236.926 144.265
0 0
239.597 27.8107
258.409 134.186
275.178 120.093
240.535 148.557
242.065 157.95
237.445 173.072
242.239 158.962
247.659 145.309
245.708 143.276
236.617 176.103
244.145 136.579
238.399 132.627
255.917 130.864
236.385 145.225
237.896 163.135
236.777 172.878
240.87 158.853
231.837 127.676
237.008 123.854
239.841 130.106
246.951 118.557
252.742 136.226
277.759 124.125
237.479 163.983
232.332 113.204
222.631 113.858
226.913 115.82
272.838 124.832
267.995 128.27
285.411 124.03
292.89 120.544
302.611 116.898
277.992 117.076
244.791 113.796
238.754 102.781
243.426 105.751
249.006 104.153
243.556 118.222
267.561 126.66
256.885 116.821
286.21 117.267
279.467 120.708
243.879 94.4852
243.431 90.6254
267.16 112.065
295.171 116.37
295.573 115.621
250.803 104.943
268.667 113.738
308.284 111.823
319.447 107.831
293.059 116.003
282.407 115.742
274.757 116.718
256.517 110.174
320.56 106.592
323.579 105.346
307.84 110.803
274.004 112.779
284.054 116.257
331.922 99.2107
316.45 109.471
332.395 99.1853
321.318 107.364
250.944 105.4
306.81 112.585
313.397 112.79
253.648 248.572
262.534 258.259
272.18 262.704
238.452 253.254
250.314 254.164
252.476 256.122
226.321 251.568
218.634 260.008
227.535 249.135
213.923 264.372
212.892 267.102
234.533 236.95
210.207 272.269
210.145 270.816
263.491 251.387
227.442 107.278
237.718 89.3814
237.949 101.523
240.672 87.1544
218.822 109.987
236.919 195.761
254.188 251.422
239.977 253.54
217.205 264.12
264.142 260.968
221.352 260.59
219.741 260.911
224.172 256.059
232.023 245.243
216 256.889
60.3147 90.2348
231.752 110.897
342.72 93.6354
339.285 95.3511
341.322 94.3334
363.028 88.581
352.277 88.9447
353.481 88.3344
371.556 94.2222
390.085 92.783
269.346 375.186
271.289 379.555
403.027 91.5718
417.406 90.3995
1798
0 0
0 0
0 0
0 0
0 0
0 0
0 0
0 0
0 0
0 0
0 0
0 0
0 0
0 0
0 0
0 0
0 0
0 0
0 0
0 0
0 0
0 0
0 0
0 0
0 0
0 0
0 0
0 0
0 0
0 0
0 0
0 0
0 0
0 0
0 0
0 0
0 0
0 0
0 0
0 0
0 0
0 0
0 0
0 0
0 0
0 0
0 0
17 616
0 0
0 0
0 0
0 0
0 0
0 0
0 0
0 0
0 0
0 0
0 0
0 0
0 0
0 0
0 0
0 0
0 0
0 0
0 0
0 0
0 0
0 0
0 0
0 0
0 0
0 0
0 0
0 0
0 0
0 0
0 0
0 0
0 0
0 0
0 0
0 0
0 0
0 0
0 0
0 0
0 0
0 0
0 0
0 0
0 0
0 0
0 0
0 0
0 0
0 0
616 736
0 0
0 0
0 0
0 0
0 0
0 0
0 0
0 0
0 0
0 0
0 0
0 0
0 0
0 0
0 0
0 0
0 0
0 0
0 0
0 0
0 0
0 0
0 0
0 0
0 0
0 0
0 0
0 0
0 0
0 0
736 483
0 0
0 0
0 0
0 0
0 0
0 0
0 0
0 0
0 0
0 0
0 0
0 0
0 0
0 0
0 0
0 0
0 0
0 0
0 0
483 677
0 0
0 0
0 0
0 0
0 0
0 0
0 0
0 0
0 0
0 0
0 0
0 0
0 0
0 0
0 0
0 0
0 0
0 0
0 0
0 0
0 0
0 0
0 0
0 0
0 0
0 0
0 0
0 0
0 0
0 0
0 0
0 0
0 0
0 0
0 0
677 579
0 0
0 0
0 0
0 0
0 0
0 0
0 0
0 0
0 0
0 0
0 0
0 0
0 0
0 0
0 0
0 0
0 0
0 0
0 0
579 615
0 0
0 0
0 0
0 0
0 0
0 0
0 0
0 0
0 0
0 0
0 0
0 0
0 0
0 0
0 0
0 0
0 0
0 0
0 0
0 0
0 0
0 0
0 0
0 0
0 0
0 0
615 139
0 0
0 0
0 0
0 0
0 0
0 0
0 0
0 0
0 0
0 0
0 0
0 0
0 0
0 0
0 0
0 0
0 0
0 0
0 0
0 0
0 0
0 0
0 0
0 0
0 0
0 0
0 0
0 0
0 0
0 0
0 0
0 0
0 0
0 0
0 0
0 0
0 0
0 0
0 0
0 0
0 0
0 0
0 0
0 0
0 0
0 0
0 0
0 0
0 0
0 0
0 0
0 0
0 0
0 0
0 0
0 0
0 0
0 0
0 0
0 0
0 0
0 0
0 0
0 0
0 0
0 0
0 0
0 0
0 0
0 0
0 0
0 0
0 0
0 0
0 0
0 0
0 0
0 0
0 0
0 0
0 0
0 0
0 0
0 0
0 0
0 0
0 0
0 0
0 0
0 0
0 0
0 0
0 0
0 0
0 0
0 0
0 0
0 0
0 0
0 0
0 0
0 0
0 0
0 0
0 0
0 0
0 0
0 0
0 0
0 0
0 0
0 0
0 0
0 0
0 0
0 0
0 0
0 0
0 0
0 0
0 0
0 0
0 0
0 0
0 0
0 0
0 0
0 0
0 0
0 0
0 0
0 0
0 0
0 0
0 0
0 0
0 0
0 0
0 0
0 0
0 0
0 0
0 0
0 0
0 0
0 0
0 0
0 0
0 0
0 0
0 0
0 0
0 0
0 0
0 0
0 0
0 0
0 0
0 0
677 597
0 0
0 0
0 0
0 0
0 0
0 0
0 0
0 0
0 0
0 0
0 0
0 0
0 0
0 0
0 0
0 0
0 0
0 0
0 0
0 0
0 0
0 0
0 0
0 0
0 0
0 0
0 0
0 0
0 0
0 0
0 0
0 0
0 0
0 0
0 0
0 0
0 0
0 0
0 0
0 0
0 0
0 0
0 0
0 0
0 0
0 0
0 0
0 0
0 0
0 0
0 0
0 0
0 0
0 0
0 0
0 0
0 0
0 0
0 0
0 0
0 0
0 0
0 0
0 0
0 0
0 0
0 0
0 0
0 0
0 0
0 0
0 0
0 0
0 0
677 472
0 0
0 0
0 0
0 0
0 0
0 0
0 0
0 0
0 0
0 0
0 0
0 0
0 0
0 0
0 0
0 0
0 0
0 0
0 0
0 0
0 0
0 0
0 0
0 0
0 0
0 0
0 0
0 0
0 0
0 0
0 0
0 0
472 745
0 0
0 0
0 0
0 0
0 0
0 0
0 0
0 0
0 0
0 0
0 0
0 0
0 0
0 0
0 0
0 0
0 0
0 0
0 0
0 0
0 0
0 0
0 0
0 0
0 0
0 0
0 0
0 0
0 0
0 0
0 0
0 0
0 0
0 0
0 0
0 0
0 0
0 0
0 0
0 0
0 0
0 0
0 0
0 0
0 0
0 0
0 0
0 0
0 0
745 240
0 0
0 0
0 0
0 0
0 0
0 0
0 0
0 0
0 0
0 0
0 0
0 0
0 0
0 0
0 0
0 0
0 0
0 0
0 0
0 0
0 0
0 0
0 0
0 0
0 0
0 0
0 0
0 0
0 0
0 0
0 0
0 0
0 0
0 0
0 0
0 0
0 0
0 0
0 0
0 0
0 0
0 0
0 0
0 0
0 0
0 0
0 0
0 0
0 0
0 0
0 0
0 0
0 0
0 0
0 0
0 0
0 0
0 0
0 0
0 0
0 0
0 0
0 0
0 0
0 0
0 0
0 0
0 0
0 0
0 0
0 0
0 0
0 0
0 0
0 0
0 0
0 0
0 0
0 0
0 0
0 0
0 0
0 0
0 0
0 0
0 0
0 0
0 0
0 0
0 0
0 0
0 0
0 0
0 0
0 0
0 0
0 0
0 0
0 0
0 0
0 0
0 0
0 0
0 0
0 0
0 0
0 0
0 0
0 0
0 0
0 0
0 0
0 0
0 0
0 0
0 0
0 0
0 0
0 0
0 0
0 0
0 0
0 0
0 0
0 0
0 0
0 0
0 0
0 0
0 0
0 0
0 0
0 0
0 0
0 0
0 0
0 0
0 0
0 0
0 0
0 0
0 0
0 0
0 0
0 0
0 0
0 0
0 0
0 0
0 0
0 0
0 0
0 0
0 0
0 0
0 0
0 0
0 0
0 0
0 0
0 0
0 0
0 0
0 0
0 0
0 0
0 0
0 0
0 0
0 0
0 0
0 0
0 0
0 0
0 0
0 0
0 0
0 0
0 0
0 0
0 0
0 0
0 0
0 0
0 0
0 0
0 0
0 0
0 0
0 0
0 0
0 0
0 0
0 0
0 0
483 590
0 0
0 0
0 0
0 0
0 0
0 0
0 0
0 0
0 0
0 0
0 0
0 0
0 0
0 0
0 0
0 0
0 0
0 0
0 0
0 0
0 0
0 0
0 0
0 0
0 0
0 0
0 0
0 0
0 0
0 0
0 0
0 0
0 0
0 0
0 0
0 0
590 354
0 0
0 0
0 0
0 0
0 0
0 0
0 0
0 0
0 0
0 0
0 0
0 0
0 0
0 0
0 0
0 0
0 0
0 0
0 0
0 0
0 0
0 0
0 0
0 0
0 0
0 0
0 0
0 0
0 0
0 0
0 0
0 0
0 0
0 0
0 0
0 0
0 0
0 0
0 0
0 0
0 0
0 0
0 0
0 0
0 0
0 0
0 0
0 0
0 0
0 0
0 0
0 0
0 0
0 0
0 0
0 0
0 0
0 0
0 0
0 0
0 0
0 0
0 0
0 0
0 0
0 0
0 0
0 0
0 0
0 0
0 0
0 0
0 0
0 0
0 0
0 0
0 0
0 0
0 0
0 0
0 0
0 0
0 0
0 0
0 0
0 0
0 0
0 0
0 0
0 0
0 0
0 0
0 0
0 0
0 0
0 0
354 487
0 0
0 0
0 0
0 0
0 0
0 0
0 0
0 0
0 0
0 0
0 0
0 0
0 0
0 0
0 0
0 0
0 0
0 0
0 0
0 0
0 0
0 0
0 0
0 0
0 0
0 0
0 0
0 0
0 0
0 0
0 0
0 0
0 0
0 0
0 0
0 0
0 0
0 0
0 0
0 0
0 0
0 0
0 0
0 0
0 0
0 0
0 0
0 0
0 0
0 0
0 0
0 0
0 0
0 0
0 0
0 0
0 0
0 0
0 0
0 0
0 0
0 0
0 0
0 0
0 0
0 0
0 0
0 0
0 0
0 0
0 0
0 0
0 0
0 0
0 0
0 0
0 0
0 0
0 0
0 0
0 0
0 0
0 0
0 0
0 0
0 0
0 0
0 0
0 0
0 0
0 0
0 0
0 0
0 0
0 0
0 0
0 0
0 0
0 0
0 0
0 0
0 0
0 0
0 0
0 0
0 0
0 0
0 0
0 0
0 0
0 0
0 0
0 0
0 0
0 0
0 0
0 0
0 0
0 0
0 0
0 0
0 0
0 0
0 0
0 0
0 0
0 0
0 0
0 0
0 0
0 0
0 0
0 0
0 0
0 0
0 0
0 0
0 0
0 0
0 0
0 0
0 0
0 0
0 0
0 0
0 0
0 0
0 0
0 0
0 0
0 0
0 0
0 0
0 0
0 0
0 0
0 0
0 0
0 0
0 0
0 0
0 0
0 0
0 0
0 0
0 0
0 0
0 0
0 0
0 0
0 0
0 0
0 0
0 0
0 0
0 0
0 0
0 0
0 0
0 0
0 0
0 0
0 0
0 0
0 0
0 0
0 0
0 0
0 0
0 0
0 0
0 0
0 0
0 0
0 0
0 0
0 0
0 0
0 0
0 0
0 0
0 0
0 0
0 0
0 0
0 0
0 0
0 0
0 0
0 0
0 0
0 0
0 0
0 0
0 0
0 0
0 0
0 0
0 0
0 0
0 0
0 0
0 0
0 0
0 0
0 0
0 0
0 0
0 0
0 0
0 0
0 0
0 0
0 0
0 0
0 0
0 0
0 0
0 0
0 0
0 0
0 0
0 0
0 0
0 0
0 0
0 0
0 0
0 0
0 0
0 0
0 0
0 0
0 0
0 0
0 0
0 0
0 0
0 0
0 0
0 0
0 0
0 0
0 0
0 0
0 0
0 0
0 0
0 0
0 0
0 0
0 0
0 0
0 0
0 0
0 0
0 0
0 0
0 0
0 0
0 0
0 0
0 0
0 0
0 0
0 0
0 0
0 0
0 0
0 0
0 0
0 0
0 0
0 0
0 0
0 0
0 0
0 0
0 0
0 0
0 0
0 0
0 0
0 0
0 0
0 0
0 0
0 0
0 0
0 0
0 0
0 0
0 0
0 0
0 0
0 0
0 0
0 0
0 0
0 0
0 0
0 0
0 0
0 0
0 0
0 0
0 0
0 0
0 0
0 0
0 0
0 0
0 0
0 0
0 0
0 0
0 0
0 0
0 0
0 0
0 0
0 0
0 0
0 0
0 0
0 0
0 0
0 0
0 0
0 0
0 0
0 0
0 0
0 0
0 0
0 0
0 0
0 0
0 0
0 0
0 0
0 0
0 0
0 0
0 0
0 0
0 0
0 0
0 0
0 0
0 0
0 0
0 0
0 0
0 0
0 0
0 0
0 0
0 0
0 0
0 0
0 0
0 0
0 0
0 0
0 0
0 0
0 0
0 0
0 0
0 0
0 0
0 0
0 0
0 0
0 0
0 0
0 0
0 0
0 0
0 0
0 0
0 0
0 0
0 0
0 0
0 0
0 0
0 0
0 0
0 0
0 0
0 0
0 0
0 0
0 0
0 0
0 0
0 0
0 0
0 0
0 0
0 0
0 0
0 0
0 0
0 0
0 0
0 0
0 0
0 0
0 0
0 0
0 0
0 0
0 0
0 0
0 0
0 0
0 0
0 0
0 0
0 0
0 0
0 0
0 0
0 0
0 0
0 0
0 0
0 0
0 0
0 0
0 0
0 0
0 0
0 0
0 0
0 0
0 0
0 0
0 0
0 0
0 0
0 0
0 0
0 0
0 0
0 0
0 0
0 0
0 0
0 0
0 0
0 0
0 0
0 0
0 0
0 0
0 0
0 0
0 0
0 0
0 0
0 0
0 0
0 0
0 0
0 0
0 0
0 0
0 0
0 0
0 0
0 0
0 0
0 0
0 0
0 0
0 0
0 0
0 0
0 0
0 0
0 0
0 0
0 0
0 0
0 0
0 0
0 0
0 0
0 0
0 0
0 0
0 0
0 0
0 0
0 0
0 0
0 0
0 0
0 0
0 0
0 0
0 0
0 0
0 0
0 0
0 0
0 0
0 0
0 0
0 0
0 0
0 0
0 0
0 0
0 0
0 0
0 0
0 0
0 0
0 0
0 0
0 0
0 0
0 0
0 0
0 0
0 0
0 0
0 0
0 0
0 0
0 0
0 0
0 0
0 0
0 0
0 0
0 0
0 0
0 0
0 0
0 0
0 0
0 0
0 0
0 0
0 0
0 0
0 0
0 0
0 0
0 0
0 0
0 0
0 0
0 0
0 0
0 0
0 0
0 0
0 0
0 0
0 0
0 0
0 0
0 0
0 0
0 0
0 0
0 0
0 0
0 0
0 0
0 0
0 0
0 0
0 0
0 0
0 0
0 0
0 0
0 0
0 0
0 0
0 0
0 0
0 0
0 0
0 0
0 0
0 0
0 0
0 0
0 0
0 0
0 0
0 0
0 0
0 0
0 0
0 0
0 0
0 0
0 0
0 0
0 0
0 0
0 0
0 0
0 0
0 0
0 0
0 0
0 0
0 0
0 0
0 0
0 0
0 0
0 0
0 0
0 0
0 0
0 0
0 0
0 0
0 0
0 0
0 0
0 0
0 0
0 0
0 0
0 0
0 0
0 0
0 0
0 0
0 0
0 0
0 0
0 0
0 0
0 0
0 0
0 0
0 0
0 0
0 0
0 0
0 0
0 0
0 0
0 0
0 0
0 0
0 0
0 0
0 0
0 0
0 0
0 0
0 0
0 0
0 0
0 0
0 0
0 0
0 0
0 0
0 0
0 0
0 0
0 0
0 0
0 0
0 0
0 0
0 0
0 0
0 0
0 0
0 0
0 0
0 0
0 0
0 0
0 0
0 0
0 0
0 0
0 0
0 0
0 0
0 0
0 0
0 0
0 0
0 0
0 0
0 0
0 0
0 0
0 0
0 0
0 0
0 0
0 0
0 0
0 0
0 0
0 0
0 0
0 0
0 0
0 0
0 0
0 0
0 0
0 0
0 0
0 0
0 0
0 0
0 0
0 0
0 0
0 0
0 0
0 0
0 0
0 0
0 0
0 0
0 0
0 0
0 0
0 0
0 0
0 0
0 0
0 0
0 0
0 0
0 0
0 0
0 0
0 0
0 0
0 0
0 0
0 0
0 0
0 0
0 0
0 0
0 0
0 0
0 0
0 0
0 0
0 0
0 0
0 0
0 0
0 0
0 0
0 0
0 0
0 0
0 0
0 0
0 0
0 0
0 0
0 0
0 0
0 0
0 0
0 0
0 0
0 0
0 0
0 0
0 0
0 0
0 0
0 0
0 0
0 0
0 0
0 0
0 0
0 0
0 0
0 0
0 0
0 0
0 0
0 0
0 0
0 0
0 0
0 0
0 0
0 0
0 0
0 0
0 0
0 0
0 0
0 0
0 0
0 0
0 0
0 0
0 0
0 0
0 0
0 0
0 0
0 0
0 0
0 0
0 0
0 0
0 0
0 0
0 0
0 0
0 0
0 0
0 0
0 0
0 0
0 0
0 0
0 0
0 0
0 0
0 0
0 0
0 0
0 0
0 0
0 0
0 0
0 0
0 0
0 0
0 0
0 0
0 0
0 0
0 0
0 0
0 0
0 0
0 0
0 0
0 0
0 0
0 0
0 0
0 0
0 0
0 0
0 0
0 0
0 0
0 0
0 0
0 0
0 0
0 0
0 0
0 0
0 0
0 0
0 0
0 0
0 0
0 0
0 0
0 0
0 0
0 0
0 0
0 0
0 0
0 0
0 0
0 0
1798
0 1
451 0
609 0
1 2
1 3
1 609
2 3
3 4
609 3
4 5
609 4
5 6
5 609
6 7
609 6
610 6
7 8
610 7
8 9
10 8
610 8
9 10
10 11
441 10
610 10
11 12
13 11
11 439
11 440
11 441
12 13
13 14
437 13
13 438
439 13
14 15
436 14
437 14
15 16
435 15
15 436
16 17
434 16
16 435
17 18
433 17
434 17
18 19
432 18
433 18
18 617
19 20
19 617
20 21
617 20
21 22
616 21
617 21
22 23
616 22
23 24
23 478
616 23
24 25
24 478
25 26
25 478
26 27
478 26
541 26
27 28
27 481
27 541
28 29
481 28
29 30
481 29
30 31
481 30
31 32
31 481
32 33
481 32
32 501
33 34
33 501
34 35
501 34
35 36
501 35
35 623
36 37
36 623
37 38
37 623
38 39
38 623
624 38
39 40
39 624
40 41
40 624
40 628
41 42
628 41
42 43
628 42
43 44
628 43
43 719
44 45
719 44
44 720
45 46
45 720
46 47
720 46
47 48
47 720
48 49
716 48
720 48
49 50
49 51
716 49
50 51
51 52
51 714
51 716
52 53
52 714
53 54
53 714
54 55
714 54
715 54
55 56
715 55
56 57
715 56
718 56
57 58
57 718
58 59
58 560
58 718
59 60
59 560
59 586
60 61
586 60
61 62
61 585
61 586
62 63
64 62
62 495
585 62
63 64
64 65
495 64
65 66
65 495
66 67
66 68
66 495
67 68
68 69
68 495
68 496
69 70
496 69
70 71
496 70
512 70
630 70
71 72
71 630
72 73
72 630
73 74
73 630
635 73
74 75
635 74
75 76
635 75
75 637
76 77
76 637
77 78
637 77
78 79
539 78
78 637
79 80
79 539
583 79
80 81
583 80
81 82
484 81
583 81
82 83
484 82
83 84
484 83
83 527
84 85
475 84
527 84
615 84
85 86
85 615
86 87
86 615
87 88
87 476
87 615
88 89
88 90
476 88
89 90
90 91
90 92
476 90
525 90
91 92
92 93
525 92
93 94
93 525
94 95
525 94
95 96
95 485
95 525
96 97
485 96
528 96
97 98
528 97
98 99
98 528
99 100
528 99
100 101
139 100
100 528
101 102
137 101
138 101
139 101
102 103
136 102
137 102
103 104
103 136
103 737
104 105
104 737
105 106
105 606
105 737
106 107
606 106
107 108
606 107
107 608
108 109
108 608
109 110
608 109
110 111
608 110
111 112
111 113
111 122
111 123
111 124
111 608
112 113
113 114
122 113
114 115
114 117
121 114
114 122
115 116
115 117
116 117
117 118
117 119
120 117
117 121
118 119
119 120
120 121
121 122
122 123
123 124
124 125
124 607
124 608
125 126
125 128
129 125
125 130
607 125
126 127
126 128
127 128
128 129
129 130
130 131
130 607
131 132
131 607
132 133
606 132
132 607
133 134
606 133
133 737
134 135
134 737
135 136
737 135
136 137
136 737
137 138
138 139
139 140
141 139
139 528
140 141
141 142
141 528
142 143
142 485
142 528
143 144
143 485
144 145
144 485
145 146
485 145
145 526
146 147
146 526
147 148
147 526
148 149
476 148
148 526
149 150
476 149
614 149
150 151
614 150
151 152
151 614
152 153
475 152
614 152
153 154
475 153
154 155
475 154
155 156
475 155
527 155
156 157
156 527
157 158
527 157
157 568
158 159
158 493
568 158
159 160
159 493
160 161
493 160
161 162
493 161
579 161
162 163
579 162
722 162
163 164
722 163
164 165
164 722
164 723
165 166
723 165
166 167
577 166
166 723
167 168
575 167
577 167
168 169
168 575
169 170
169 534
169 575
170 171
534 170
171 172
171 534
171 640
172 173
640 172
173 174
640 173
174 175
174 640
175 176
489 175
175 640
176 177
489 176
177 178
177 489
177 569
178 179
569 178
179 180
179 569
180 181
569 180
181 182
181 533
569 181
182 183
182 533
183 184
183 533
184 185
184 533
185 186
185 533
185 570
186 187
490 186
570 186
187 188
187 490
188 189
490 188
189 190
490 189
190 191
490 190
190 572
191 192
191 572
597 191
192 193
597 192
193 194
195 193
597 193
193 704
194 195
195 196
704 195
196 197
698 196
704 196
197 198
197 691
697 197
698 197
198 199
697 198
199 200
697 199
200 201
697 200
201 202
201 695
697 201
202 203
695 202
203 204
203 695
700 203
204 205
204 700
205 206
205 700
740 205
206 207
740 206
207 208
207 739
740 207
208 209
739 208
744 208
209 210
209 744
210 211
744 210
211 212
742 211
744 211
212 213
212 742
745 212
213 214
745 213
214 215
216 214
214 473
745 214
215 216
216 217
218 216
216 473
217 218
218 219
218 473
746 218
219 220
746 219
220 221
746 220
220 749
221 222
221 749
222 223
222 749
222 750
223 224
750 223
224 225
750 224
225 226
225 750
226 227
265 226
226 266
750 226
227 228
227 265
227 529
228 229
529 228
229 230
231 229
229 486
529 229
230 231
231 232
231 486
530 231
232 233
232 530
233 234
233 530
234 235
234 239
240 234
234 530
235 236
235 239
236 237
238 236
236 239
237 238
238 239
239 240
240 241
240 530
531 240
612 240
241 242
612 241
242 243
611 242
612 242
243 244
611 243
244 245
249 244
244 611
245 246
245 249
246 247
246 248
246 249
247 248
248 249
249 250
249 611
250 251
252 250
250 253
611 250
251 252
252 253
253 254
611 253
254 255
254 611
255 256
611 255
256 257
611 256
612 256
257 258
257 612
258 259
258 612
259 260
531 259
612 259
260 261
260 486
531 260
261 262
261 486
262 263
486 262
263 264
486 263
529 263
264 265
264 529
265 266
265 529
266 267
266 750
267 268
267 750
268 269
268 750
269 270
269 750
270 271
270 749
750 270
271 272
271 749
272 273
272 746
272 749
273 274
275 273
273 473
273 746
274 275
275 276
473 275
276 277
473 276
277 278
277 279
277 473
278 279
279 280
473 279
745 279
280 281
280 742
745 280
281 282
281 742
282 283
742 282
743 282
283 284
283 743
284 285
284 741
743 284
285 286
285 741
286 287
286 702
741 286
287 288
702 287
288 289
702 288
288 703
289 290
289 703
290 291
703 290
291 292
703 291
291 706
292 293
706 292
293 294
293 497
498 293
706 293
294 295
497 294
295 296
497 295
296 297
497 296
536 296
297 298
297 536
298 299
300 298
298 536
299 300
300 301
536 300
301 302
301 536
301 642
302 303
642 302
303 304
303 641
642 303
304 305
641 304
643 304
305 306
507 305
305 643
306 307
507 306
307 308
507 307
307 639
308 309
308 639
309 310
309 483
309 639
310 311
310 483
311 312
311 483
312 313
483 312
548 312
567 312
313 314
315 313
567 313
314 315
315 316
567 315
316 317
566 316
316 567
317 318
566 317
318 319
566 318
319 320
319 565
319 566
320 321
565 320
321 322
565 321
322 323
322 565
323 324
522 323
323 524
323 565
324 325
522 324
325 326
325 522
326 327
522 326
523 326
327 328
523 327
328 329
523 328
328 602
329 330
329 602
330 331
330 602
331 332
331 602
604 331
332 333
604 332
333 334
333 604
334 335
550 334
334 604
335 336
550 335
336 337
550 336
336 587
336 589
337 338
587 337
338 339
338 587
338 601
339 340
601 339
340 341
340 342
601 340
341 342
342 343
342 601
343 344
601 343
344 345
543 344
344 587
344 601
345 346
543 345
346 347
346 504
543 346
346 544
347 348
347 544
348 349
544 348
349 350
479 349
349 544
349 747
350 351
350 747
351 352
351 747
351 748
352 353
352 748
353 354
353 748
354 355
390 354
354 748
355 356
355 388
389 355
355 390
356 357
356 388
357 358
386 357
387 357
357 388
358 359
385 358
386 358
359 360
359 384
359 385
360 361
384 360
361 362
383 361
384 361
362 363
382 362
383 362
363 364
382 363
363 532
364 365
364 532
365 366
365 487
365 532
366 367
487 366
366 622
367 368
622 367
368 369
368 370
371 368
622 368
369 370
370 371
371 372
371 622
372 373
372 622
373 374
373 622
374 375
622 374
375 376
375 487
375 622
376 377
376 487
377 378
377 379
487 377
378 379
379 380
379 487
532 379
380 381
380 532
381 382
381 532
382 383
532 382
383 384
384 385
385 386
386 387
387 388
388 389
389 390
390 391
748 390
391 392
391 748
392 393
392 748
393 394
747 393
748 393
394 395
747 394
395 396
395 479
395 747
396 397
479 396
397 398
397 479
505 397
398 399
505 398
399 400
399 482
505 399
400 401
482 400
401 402
401 482
402 403
402 482
402 503
403 404
503 403
404 405
404 503
514 404
405 406
514 405
406 407
514 406
407 408
514 407
407 551
408 409
408 551
409 410
409 551
409 590
410 411
410 590
410 728
410 736
411 412
411 619
411 621
736 411
412 413
621 412
413 414
413 618
413 621
414 415
618 414
620 414
415 416
620 415
416 417
620 416
417 418
620 417
418 419
480 418
508 418
620 418
419 420
488 419
419 508
420 421
488 420
421 422
488 421
422 423
422 488
542 422
423 424
542 423
424 425
424 502
542 424
425 426
425 502
426 427
428 426
478 426
502 426
427 428
428 429
478 428
428 616
429 430
429 616
430 431
430 616
617 430
431 432
617 431
432 433
432 617
433 434
434 435
435 436
436 437
437 438
438 439
439 440
440 441
441 442
610 441
442 443
442 610
443 444
610 443
444 445
444 609
444 610
445 446
447 445
445 448
445 609
446 447
447 448
448 449
609 448
449 450
609 449
450 451
609 450
451 609
549 452
591 452
603 452
605 452
576 453
598 453
453 682
683 453
453 725
454 650
454 652
658 454
659 454
660 454
677 454
641 455
455 647
661 455
455 667
455 668
618 456
456 619
621 456
623 456
624 456
456 625
456 626
457 481
488 457
457 501
502 457
457 508
542 457
457 629
458 627
458 717
719 458
730 458
458 732
458 733
459 515
459 520
545 459
459 553
555 459
558 459
460 489
533 460
534 460
570 460
571 460
460 573
685 461
686 461
461 689
461 701
461 705
482 462
503 462
462 504
462 513
543 462
588 462
630 463
463 631
463 632
463 636
651 463
653 463
463 657
464 553
464 557
464 559
561 464
713 464
715 464
718 464
519 465
520 465
465 540
465 560
465 561
465 584
599 465
600 465
727 465
483 466
511 466
466 515
545 466
547 466
548 466
467 562
564 467
467 707
467 708
709 467
721 467
468 686
468 689
468 690
468 691
468 695
468 697
498 469
671 469
696 469
469 701
703 469
469 705
469 706
595 470
470 708
712 470
470 729
731 470
471 574
471 576
577 471
471 722
723 471
724 471
471 725
472 690
696 472
472 700
702 472
739 472
740 472
472 741
745 473
746 473
474 597
474 598
474 683
687 474
474 704
475 527
614 475
615 475
476 525
526 476
476 614
476 615
484 477
493 477
477 538
477 568
578 477
581 477
478 502
541 478
616 478
479 504
505 479
544 479
479 747
480 508
480 618
480 620
480 625
480 629
481 501
481 502
541 481
482 503
504 482
482 505
483 511
548 483
483 639
484 527
538 484
568 484
583 484
485 525
526 485
485 528
486 529
530 486
486 531
532 487
487 622
508 488
488 542
489 533
534 489
489 569
489 640
490 570
490 571
572 490
495 491
491 496
540 491
599 491
491 654
655 491
663 491
492 497
498 492
492 536
492 669
670 492
492 671
493 568
493 578
493 579
538 494
539 494
581 494
494 632
494 633
494 635
637 494
495 496
495 540
495 585
512 496
663 496
497 498
536 497
498 671
498 706
499 713
499 714
716 499
499 717
499 733
734 499
500 524
500 564
565 500
500 566
500 596
721 500
501 623
501 625
629 501
502 541
502 542
503 513
514 503
504 505
543 504
544 504
506 511
506 516
518 506
506 645
506 649
506 727
507 516
639 507
507 643
507 645
646 507
508 629
512 509
509 630
631 509
509 653
509 663
510 513
514 510
517 510
549 510
510 550
588 510
510 589
511 515
516 511
518 511
639 511
512 630
663 512
513 514
513 588
517 514
551 514
518 515
519 515
515 520
545 515
639 516
516 645
549 517
551 517
517 590
591 517
519 518
727 518
519 520
727 519
520 553
520 561
522 521
523 521
524 521
521 562
563 521
592 521
523 522
524 522
523 592
523 593
523 602
562 524
524 564
565 524
526 525
527 568
531 530
612 531
533 569
533 570
573 534
534 575
534 640
571 535
572 535
573 535
535 574
535 576
535 598
536 641
536 642
667 536
669 536
578 537
582 537
537 665
537 722
537 724
726 537
537 738
538 539
538 581
538 583
539 583
637 539
585 540
599 540
540 600
543 587
543 588
547 545
558 545
546 547
546 548
546 556
567 546
596 546
721 546
548 547
547 556
547 558
567 548
549 550
549 591
603 549
589 550
550 603
550 604
590 551
590 552
591 552
552 594
552 595
552 731
553 555
559 553
553 561
555 554
556 554
554 557
554 559
707 554
554 711
554 735
555 556
558 555
555 559
558 556
556 707
721 556
559 557
557 713
557 734
557 735
560 561
560 586
600 560
718 560
561 718
563 562
564 562
709 562
563 592
563 594
595 563
708 563
563 709
721 564
566 565
566 567
566 596
567 596
571 570
572 571
571 573
572 597
598 572
573 574
573 575
575 574
576 574
577 574
577 575
598 576
576 725
723 577
579 578
578 581
582 578
578 726
579 722
726 579
581 580
582 580
580 633
634 580
665 580
666 580
581 582
633 581
665 582
599 584
649 584
655 584
727 584
585 586
600 585
586 600
588 587
587 589
601 587
588 589
591 590
728 590
590 731
591 594
591 605
592 593
592 594
592 605
602 593
593 603
604 593
605 593
595 594
605 594
595 708
731 595
596 721
598 597
704 597
683 598
655 599
604 602
604 603
605 603
606 607
606 608
606 737
608 607
610 609
611 612
613 660
673 613
613 675
613 676
613 679
694 613
614 615
616 617
620 618
618 621
618 625
619 621
619 626
619 627
619 730
619 736
623 624
625 623
624 626
624 628
629 625
627 626
626 628
628 627
719 627
627 730
719 628
630 631
630 632
635 630
631 653
632 633
635 632
632 636
633 634
633 636
636 634
657 634
634 658
666 634
637 635
657 636
638 648
650 638
651 638
653 638
638 654
656 638
641 642
641 643
647 641
667 641
643 646
643 647
644 645
644 646
647 644
648 644
649 644
644 656
646 645
649 645
646 647
647 648
661 647
648 650
656 648
648 661
649 655
649 656
727 649
650 651
652 650
659 650
661 650
651 653
651 657
659 651
652 661
652 668
677 652
678 652
654 653
653 663
655 654
656 654
654 663
655 656
657 658
659 657
658 659
658 660
666 658
660 666
660 673
660 677
660 679
668 661
662 667
662 668
669 662
670 662
678 662
681 662
665 664
666 664
673 664
664 738
666 665
665 738
673 666
667 668
667 669
678 668
670 669
671 670
670 681
670 685
671 685
705 671
677 672
672 678
679 672
672 681
693 672
673 674
675 673
673 738
675 674
682 674
724 674
674 725
674 738
676 675
675 682
676 682
683 676
676 687
676 694
677 678
677 679
681 678
688 679
693 679
679 694
681 680
680 685
680 686
680 692
693 680
685 681
693 681
683 682
682 725
683 687
684 687
684 688
694 684
698 684
699 684
704 684
685 686
705 685
689 686
686 691
692 686
699 686
694 687
704 687
692 688
688 693
694 688
699 688
690 689
689 701
690 695
696 690
690 700
701 690
697 691
698 691
699 691
693 692
692 699
695 697
695 700
696 701
696 702
703 696
698 699
698 704
700 740
705 701
703 702
702 741
706 703
708 707
707 711
707 721
708 709
711 708
712 708
710 711
712 710
710 729
710 732
735 710
712 711
711 735
729 712
713 714
715 713
713 734
714 715
714 716
718 715
716 717
720 716
719 717
717 720
733 717
720 719
723 722
722 724
726 722
725 724
738 724
728 729
730 728
731 728
736 728
730 729
731 729
732 729
730 732
730 736
733 732
735 732
734 733
733 735
735 734
740 739
739 741
743 739
739 744
743 741
743 742
742 744
742 745
743 744
746 749
748 747
750 749
