746
233 499
228 497
228 492
233 490
237 487
241 484
245 480
249 476
253 471
254 466
254 461
249 460
244 459
239 459
234 457
229 454
228 450
227 445
228 440
230 435
230 430
230 425
232 420
232 415
232 410
231 405
230 400
233 396
231 392
232 387
233 382
234 377
233 372
233 367
233 362
233 357
233 352
233 347
233 342
233 337
233 332
234 327
234 322
230 320
228 316
226 311
227 306
228 301
230 296
230 291
230 286
232 281
233 276
233 271
235 267
235 262
234 257
234 252
234 247
234 242
233 237
233 232
232 227
233 222
233 217
232 212
233 207
233 202
228 199
223 200
218 202
213 202
208 204
203 204
198 206
193 208
188 209
183 209
178 209
173 209
170 212
165 214
160 215
155 216
150 216
145 213
143 209
138 209
133 209
128 210
123 210
118 210
113 210
108 210
104 214
101 218
96 217
91 215
86 215
81 216
77 219
72 220
67 220
63 216
58 216
53 217
48 219
43 219
38 219
33 219
29 214
24 213
19 212
15 208
18 205
23 203
28 202
33 202
38 202
43 201
48 201
53 200
58 200
61 197
63 194
68 193
72 196
77 196
82 195
87 195
92 193
96 189
100 191
104 193
109 193
114 193
119 193
124 193
129 191
134 191
139 189
140 185
145 184
150 183
155 183
160 183
165 183
169 184
174 184
179 183
184 182
189 182
194 181
199 181
204 179
209 178
214 177
219 174
224 174
229 174
234 173
238 171
239 167
234 168
229 169
224 167
220 165
221 163
226 161
226 156
225 151
222 146
220 141
215 141
210 139
205 137
202 134
201 129
200 124
201 119
202 114
202 109
206 104
205 100
201 103
198 106
195 111
191 116
190 121
187 119
182 116
180 112
180 107
180 102
182 97
184 93
188 88
192 84
196 80
200 76
205 74
210 73
215 71
219 70
224 69
229 69
234 68
239 66
244 66
249 66
254 64
258 61
263 58
268 55
273 54
277 53
282 53
287 54
292 55
297 56
302 56
307 54
312 52
317 49
320 50
317 54
314 59
315 62
320 65
324 68
328 72
331 76
333 81
335 86
338 90
342 94
347 95
352 96
355 99
353 103
349 106
344 107
339 109
334 109
329 109
324 107
324 112
324 117
322 122
321 127
317 132
312 134
307 136
302 138
301 143
305 148
307 153
312 154
316 152
318 154
315 158
310 161
305 162
300 162
295 163
296 168
301 168
306 168
311 169
315 171
320 173
325 174
330 174
335 174
340 174
345 174
350 174
355 174
359 171
364 170
369 170
374 170
379 170
384 170
388 172
392 176
397 177
402 177
407 177
412 177
417 177
422 175
426 174
431 176
435 179
440 180
445 178
450 177
454 180
459 181
464 182
469 183
474 184
479 186
484 186
489 187
494 189
494 194
490 196
485 197
480 196
475 195
470 195
465 197
460 198
455 197
451 201
446 201
443 198
438 198
433 198
428 201
423 201
419 198
415 196
410 196
405 196
400 196
395 196
391 195
386 195
384 200
379 200
374 200
369 200
364 199
359 196
354 196
349 197
344 197
339 197
334 196
329 194
324 194
319 193
314 193
310 196
309 201
308 206
307 211
306 215
305 220
305 225
305 230
304 235
304 240
305 245
306 250
306 255
307 260
308 265
309 270
310 275
310 280
312 285
313 290
317 293
319 298
322 303
322 308
320 313
315 316
317 320
317 325
318 330
319 335
319 340
320 345
320 350
320 355
320 360
320 365
320 370
319 375
320 380
320 385
321 390
323 394
325 399
325 404
327 409
328 414
328 419
330 424
330 429
332 434
333 439
336 444
340 447
336 451
331 454
326 456
321 458
316 459
311 461
308 464
310 469
312 474
314 478
319 480
324 484
329 486
334 486
339 488
342 492
340 497
335 497
330 497
325 497
320 496
315 495
310 495
305 495
300 494
295 492
291 489
291 484
290 479
288 475
286 470
285 465
284 460
282 455
280 452
280 447
280 442
280 437
280 432
280 427
280 422
280 417
280 412
280 407
280 402
280 397
280 392
280 387
280 382
280 377
280 372
280 367
280 362
280 357
275 355
274 360
274 365
274 370
273 375
273 380
273 385
273 390
274 395
274 400
275 405
275 410
275 415
275 420
275 425
275 430
275 435
275 440
275 445
276 450
276 455
274 460
275 465
274 470
273 474
274 479
276 484
276 489
273 493
268 494
263 495
258 497
253 499
248 499
243 499
238 499
234 499
267.347 176.212
268.393 107.232
268.958 219.5
252.5 432.5
256.786 339.5
271.073 286.215
252.5 388.5
253.427 364.5
300.671 394.5
304.25 424.5
288.244 329.141
299.993 368.599
285.18 193.636
259.917 86.0419
296.206 109.5
249.709 132.016
251.706 282.341
281.323 262.535
291.674 290.23
289.072 82.6383
275.814 135.363
258.248 254.75
161.024 198.738
380.841 182.964
425.21 187.114
298.873 446.532
302.12 323.585
67.3578 205.936
225.719 117.688
222.438 186.959
364.659 183.607
251.414 212
242.333 83.6651
309.779 114.356
311.237 87.2017
274.414 72.0355
213.66 124
98 203.382
448.28 188.866
302.859 482.377
390.132 185.428
237.22 187.435
302.237 72.5708
173.332 196.493
153.011 205.624
144.937 198.213
301.207 341.41
288.45 309.553
303.557 303.332
77.6438 206.271
353.702 184.964
372.581 179.036
298.736 123.825
307.048 100.593
215.059 111.997
229.206 98.3227
224.338 107.442
217 97.6663
208.698 87
223.842 84.2556
224.327 129.704
237.539 125.145
239.683 109.774
88.0157 205.076
298.911 471.675
296.416 459.502
399.724 186.366
247.005 198.165
306.087 64.2288
297.554 332.287
292.389 319.39
300.779 313.312
342.042 185.493
308.821 124.412
289.23 133.477
293.963 95.7177
318.195 96.7292
322.698 86.1358
329.393 97.1762
316.026 76.5423
314.598 106.247
199.298 91.3517
215.351 80.558
233.24 88.7281
233.428 78.3681
243.803 97.0031
250.495 89.5156
259.202 98.6179
254.429 112.921
248.303 105.505
236.761 140.736
242.857 207.107
252.757 183.093
266.527 199.564
331.849 184.117
286.068 149.42
280.37 119.116
282.603 104.641
299.925 86.0343
192.289 98.1123
247.686 121.385
254.085 152.487
232.761 132.722
246.083 189.179
256.487 202.763
258.64 192.166
264.307 209.951
279.828 208.298
291.844 142.281
295.827 152.617
281.653 128.238
266.081 121.54
290.469 117.899
273.147 93.0401
247.784 143.131
261.97 139.864
241.302 154.296
276.551 198.794
270.682 188.019
293.744 205.07
286.466 225.614
270.346 82.3305
261.441 73.8176
251.938 78.8395
267.029 66.3826
283.855 92.043
259.799 129.754
272.457 148.579
233.837 149.255
297.749 193.146
290.981 180.983
279.025 179.289
276.891 163.688
279.13 218.496
289.514 215.133
263.006 149.285
262.933 163.11
304.49 181.431
278.898 154.894
285.402 170.47
256.684 172.51
247.082 174.967
315.075 182.423
210.668 190.055
199.177 192.817
373.005 189.709
288.092 68.5602
279.404 63.0199
296.682 65.2134
153.168 192.723
286.642 343.816
295.938 354.796
272.695 334.869
307.84 351.751
290.457 363.903
281.895 335.873
293.546 300.473
279.131 298.354
281.396 288.106
278.403 275.329
263.592 273.267
293.597 272.067
287.347 279.973
269.861 315.545
280.992 318.246
277.453 308.544
273.488 324.883
258.972 325.148
248.704 306.382
237.785 309.971
263.563 301.024
261.639 283.031
249.853 267.592
293.781 259.161
282.974 243.946
285.574 253.545
271.841 252.551
293.907 246.136
290.284 235.84
263.578 333.192
246.825 330.64
245.089 342.62
246.613 318.421
253.809 351.826
265.207 348.056
244.267 357.881
258.248 313.352
252.886 294.696
241.55 297.23
270.59 295.279
243.466 275.885
241.305 286.45
246.135 255.997
259.165 264.515
270.319 264.369
262.307 236.731
250.985 243.648
249.075 227.795
262.981 358.903
272.221 241.539
271.509 230.384
257.927 221.035
243.398 236.52
243.397 218.884
302.362 292.476
249.88 163.213
186.282 194.853
276.259 344.659
309.252 362.66
298.999 281.823
260.98 481.83
252.181 487.979
259.458 376.751
264.449 368.465
262.728 386.622
246.732 377.149
242.34 386.522
243 367.835
315.615 441.309
325.027 445.57
309.2 450.192
304.874 436.325
292.416 435.867
289.392 444.985
316.869 428.215
314.04 414.534
322.797 435.39
299.329 409.874
309.592 403.024
310.933 392.69
303.662 381.462
292.172 385.688
309.108 372.953
290.358 395.941
292.425 420.338
290.727 374.842
290.025 406.01
259.488 446.422
263.536 435.675
261.459 422.127
263.793 456.365
245.33 444.813
246.906 418.613
264.271 466.645
251.764 451.295
241.303 434.224
257.79 405.43
244.426 403.261
239.977 424.937
265.08 412.579
255.558 414.672
263.798 396.955
252.154 397.899
240.961 411.698
301.333 194.508
258.751 340.444
746
232.094 495.767
229.053 495.123
228.706 495.057
230.857 495.537
237.657 494.508
245.567 491.943
251.972 489.838
259.057 487.027
266.177 478.761
270.053 468.298
263.912 451.652
253.764 441.25
247.208 441.812
239.292 446.987
237.097 448.422
228.132 454.28
241.951 445.22
239.884 446.484
244.696 443.224
248.218 440.69
253.173 434.892
253.25 432.016
253.47 421.026
253.553 416.579
253.571 407.618
253.454 401.187
253.171 399.572
252.572 395.851
252.202 393.423
251.912 391.215
250.808 386.319
248.597 378.298
248.224 370.505
248.185 366.213
249.224 361.337
250.272 356.124
254.344 346.693
255.712 343.5
258.266 337.446
261.229 331.554
264.353 325.455
267.644 315.869
263.956 305.686
0 0
232.959 310.108
235.889 309.804
240.471 309.328
259.604 306.917
265.202 303.248
267.366 297.701
267.599 295.677
268.238 292.197
268.882 285.731
269.118 282.005
269.248 279.15
269.135 263.158
268.719 253.699
268.016 249.107
266.971 241.713
266.357 237.308
265.657 232.316
265.335 229.562
265.113 227.601
265.205 224.629
265.465 219.857
266.035 214.941
266.877 207.551
266.56 190.295
243.566 187.881
216.305 187.96
212.975 188.378
208.294 189.128
204.058 190.643
199.71 192.207
191.707 194.548
189.789 195.098
187.527 195.785
183.77 196.177
180.42 196.518
159.967 198.604
160.275 198.572
156.293 198.997
153.038 199.763
153.231 204.908
153.265 205.557
153.209 204.478
151.062 198.031
141.992 198.923
125.62 200.884
126.151 201.227
122.598 201.58
120.681 201.665
116.582 201.784
102.523 202.216
98.1359 203.122
99.4252 217.179
98.2698 204.597
95.6721 203.055
85.494 205.84
74.0399 208.951
72.2155 208.305
71.7621 208.144
71.1447 207.934
67.2971 206.809
41.4656 208.774
47.9546 209.91
44.0543 210.562
40.9743 210.955
38.0733 211.26
36.7497 210.678
28.0496 208.765
21.1899 207.657
16.9366 207.733
15.3596 207.867
18.0256 207.64
23.0769 207.214
27.4759 207.93
32.481 208.807
37.2709 210.912
41.5341 210.918
43.6231 210.605
55.1573 208.745
63.8244 207.329
66.8093 203.623
64.4296 196.372
65.8061 200.566
67.8171 206.65
74.4196 208.875
83.1168 206.491
91.9258 204.042
98.29 202.082
98.4991 195.713
98.3868 199.142
100.673 202.278
102.43 202.219
113.144 201.884
119.107 201.742
125.415 201.319
130.69 200.56
140.935 199.075
148.859 197.617
145.046 192.22
148.918 197.268
149.839 197.796
152.542 199.015
156.55 198.917
161.072 198.491
163.314 198.262
173.94 197.178
181.479 196.41
186.699 195.882
193.264 194.103
195.511 193.46
200.822 191.784
206.346 189.836
211.086 188.637
218.491 187.796
222.206 187.26
225.242 187.198
240.088 187.756
262.14 187.622
265.002 177.663
258.738 144.308
244.271 148.907
235.312 155.592
229.463 158.826
219.522 164.962
225.073 161.536
243.069 149.548
248.487 145.667
255.98 129.567
250.147 114.808
240.338 105.366
225.823 111.687
211.865 123.544
207.645 127.091
199.563 133.883
206.501 128.052
217.826 118.534
222.777 114.373
231.095 107.394
234.401 104.651
229.688 96.3937
0 0
193.71 91.13
187.021 99.5038
0 0
186.431 116.793
188.362 119.747
186.745 117.706
184.303 114.482
184.415 112.766
183.606 108.188
186.055 102.006
186.866 99.9574
187.46 96.7121
193.57 91.3503
200.141 85.7286
204.491 81.6182
205.14 80.7481
206.36 78.783
209.449 80.6322
212.587 82.5429
214.922 84.4957
219.796 88.3555
225.176 92.1537
232.666 96.1616
237.604 97.6521
242.438 99.0869
255.146 97.9654
271.687 89.4544
279.203 80.7652
281.554 72.3521
280.403 65.9185
280.135 64.2091
279.422 60.2545
280.251 64.7869
283.053 73.4714
287.166 80.3118
296 79.4765
303.605 76.7419
311.512 59.8632
315.232 54.3956
318.741 49.7608
319.165 49.2038
316.489 52.7313
314.165 55.9587
303.718 77.7434
305.493 79.5322
309.088 80.3037
310.456 80.2824
312.056 80.2681
310.493 80.3665
314.45 83.9802
323.567 90.3595
346.309 102.043
350.065 100.922
352.913 99.7881
354.572 98.9058
353.488 99.4823
348.67 102.148
344.837 102.507
343.248 103.632
336.234 98.9018
326.478 92.3135
307.263 80.4243
291.293 89.226
293.57 98.6999
296.967 102.428
316.548 121.876
317.913 123.204
0 0
0 0
268.194 103.381
258.905 133.737
274.689 148.704
0 0
317.53 156.083
317.14 153.164
317.122 153.098
318.731 159.167
309.931 157.351
302.546 156.025
280.408 150.208
260.48 148.582
268.108 183.126
286.151 183.624
301.76 182.564
308.459 181.593
310.327 181.321
318.435 181.058
328.22 182.96
331.167 183.526
335.362 184.557
338.76 185.724
343.578 186.021
346.768 185.66
362.577 183.874
365.462 183.548
367.537 183.271
370.898 183.344
375.482 183.457
378.818 183.563
379.903 183.666
379.797 183.683
383.806 184.399
394.783 186.113
402.495 186.903
408.076 186.953
414.606 186.972
422.944 186.933
424.665 184.99
424.494 184.305
424.767 185.398
439.111 192
441.752 188.834
450.034 189.487
450.377 189.471
451.558 189.451
453.317 189.395
461.332 189.483
468.657 188.933
472.865 189.497
478.777 190.471
488.227 191.635
491.189 191.778
492.881 191.775
492.796 191.775
489.975 191.791
486.098 191.583
482.846 190.945
474.517 189.769
475.943 189.938
463.789 189.062
459.341 189.203
452.58 189.419
449.602 189.55
449.802 189.58
448.153 189.339
440.211 188.713
425.713 187.57
425.198 189.147
425.201 189.273
425.169 187.823
422.112 186.937
408.69 186.952
405.452 186.925
400.061 186.907
395.327 186.197
389.19 185.239
378.713 183.599
377.119 184.183
377.496 184.022
376.138 183.602
374.161 183.41
371.637 183.347
363.985 183.713
352.523 185.009
343.8 185.998
341.722 186.237
339.607 186.042
337.501 185.289
333.219 183.918
327.498 182.821
321.813 181.713
306.983 181.74
281.655 185.992
270.334 192.582
268.004 198.709
267.345 203.46
267.114 205.32
266.259 214.653
265.877 222.286
266.097 228.041
266.589 234.526
267.716 243.631
268.691 251.021
269.086 254.861
269.333 257.284
270.133 266.754
270.538 273.238
271.005 279.114
272.158 284.486
273.804 291.985
278.091 300.929
283.237 309.545
300.712 307.967
305.971 307.268
322.348 305.091
0 0
312.467 306.398
285.671 310.819
286.016 315.275
287.877 321.357
289.741 324.433
294.874 333.833
298.769 342.373
300.036 345.193
301.716 348.957
303.083 355.663
303.62 358.224
304.217 362.516
304.329 366.756
304.186 373.657
302.759 381.457
301.015 388.124
299.073 395.805
299.87 400.912
300.331 404.39
301.476 412.92
301.924 416.261
302.49 420.439
303.381 426.899
304.328 433.931
308.151 437.936
314.528 441.642
321.687 443.691
336.674 449.059
341.69 451.009
334.724 448.406
329.992 446.679
322.002 443.825
312.476 441.245
309.238 440.405
299.014 444.236
293.017 457.395
295.633 476.124
299.644 483.674
306.265 487.235
314.037 489.249
328.612 491.769
335.438 492.295
334.954 492.185
337.873 492.451
339.802 492.81
340.061 492.853
338.593 492.6
331.195 491.909
326.678 491.58
321.943 491.272
319.559 490.051
306.552 487.308
304.651 486.812
301.12 485.889
299.471 486.906
298.197 488.056
300.754 485.747
297.549 479.631
294.82 474.102
293.717 463.248
293.299 459.465
292.518 451.977
293.601 451.061
293.424 451.265
294.264 450.24
297.962 445.697
301.609 440.982
303.429 435.415
303.178 430.033
302.969 424.581
302.228 418.224
301.807 415.175
300.571 406.228
299.839 401.26
299.028 396.392
299.859 392.49
300.982 388.561
302.52 382.228
303.039 380.034
303.765 375.386
303.756 368.233
301.821 354.958
303.111 329.778
269.89 317.532
254.858 346.38
249.159 364.255
248.039 371.021
248.41 376.186
249.692 382.448
251.268 387.888
252.34 393.572
253.198 398.403
253.395 402.758
253.478 404.95
253.71 410.631
253.721 414.967
253.613 417.897
253.441 426.991
253.545 432.519
253.658 438.129
256.483 442.344
258.958 445.667
263.636 451.534
265.308 453.562
268.348 462.915
269.745 467.059
270.163 471.048
267.026 476.97
263.468 485.448
268.284 487.517
273.355 489.686
273.143 489.595
270.413 488.429
261.572 485.953
254.905 488.772
250.315 490.385
248.659 490.928
241.942 493.117
235.697 495.131
232.099 495.987
265.064 176.816
266.077 100.12
265.897 220.254
253.38 436.92
264.346 325.665
271.334 289.944
251.838 390.306
248.639 366.123
305.778 384
303.517 428.169
283.076 318.979
304.64 368.735
268.723 196.182
264.624 94.245
284.009 90.3892
253.941 115.529
268.828 288.602
269.852 265.162
276.12 298.266
286.872 83.7587
257.538 122.92
274.667 269.333
156.558 198.952
387.953 185.195
425.159 187.367
299.624 443.498
285.934 316.639
67.5978 206.743
238.261 103.13
224.889 187.556
367.675 183.638
266.394 211.583
239.293 98.3768
289.378 90.604
305.276 80.4591
280.857 73.172
0 0
87.1111 201.778
449.068 189.42
0 0
402.892 186.659
271.111 196.444
298.63 79.3191
168.775 197.705
152.62 199.305
154.667 193.778
295.122 334.361
279.882 306.558
282.276 308.448
0 0
357.012 184.502
374.792 183.436
278.971 92.3895
318.966 77.7697
236.864 102.574
231.611 96.9357
234.422 99.8783
225.085 92.1621
207.197 78.9758
219.703 88.102
239.926 91.2574
245.295 107.52
242.903 102.693
86.299 205.617
295.063 470.351
0 0
401.174 186.896
267.926 191.656
301.096 78.2293
289.586 323.728
283.829 317.294
284.981 311.786
349.315 185.241
295.257 100.953
0 0
286.107 86.0447
308.295 80.3944
310.201 80.3236
0 0
305.884 79.9405
296.974 85.6983
198.117 87.3109
210.818 81.4628
230.594 95.9308
231.478 96.3963
241.744 100.167
250.952 99.2604
257.555 97.5009
255.26 100.889
247.923 101.877
250.629 112.147
266.635 209.199
265.896 183.587
267.89 198.405
329.797 183.345
259.494 139.329
267.742 101.335
276.311 93.3617
297.263 81.8515
190.546 94.5935
249.878 108.143
258.278 139.191
247.665 108.279
264.651 188.261
267.576 199.909
269.456 190.687
266.565 209.793
266.876 206.795
272 129.778
262.497 145.494
262.673 108.279
258.84 107.83
275.986 94.679
274.501 90.1166
256.123 126.594
256.642 126.156
257.605 134.57
268.457 196.499
267.97 187.739
267.929 198.912
265.848 223.194
277.412 86.0707
281.742 87.2575
253.22 98.5887
281.764 74.12
282.923 86.5028
255.01 115.234
258.37 137.172
256.337 130.48
270.961 187.968
269.662 188.068
267.677 185.129
260.105 151.369
266.049 216.304
266.738 209.014
258.255 137.203
260.632 154.482
288.724 184.402
259.074 144.409
266.192 179.061
263.971 170.263
265.46 180.54
376 185.778
208.119 189.326
204.228 190.598
375.078 183.474
287.024 80.3502
281.153 68.0265
296.269 79.4478
152.247 199.011
289.919 324.413
297.554 339.721
273.576 316.154
301.67 348.875
302.859 358.79
281.684 319.084
280.307 306.538
275.512 299.513
273.306 293.081
270.662 279.612
269.801 276.874
269.809 270.75
272.136 286.35
0 0
276.761 313.037
275.989 306.884
274.898 313.627
269.291 316.855
265.948 303.979
259.064 307.184
266.489 305.425
269.731 288.65
269.372 275.799
269.723 265.783
267.508 243.05
269.138 255.708
268.72 252.802
268.961 253.757
266.143 230.648
268.897 318.899
265.71 322.782
257.117 340.447
268.386 311.97
256.033 342.675
265.093 324.182
249.734 358.787
269.719 307.869
268.003 297.348
265.849 302.811
272.018 297.36
268.605 288.572
267.597 296.355
268.752 254.058
269.395 266.717
269.52 266.566
266.507 235.035
266.219 236.216
265.2 226.015
249.778 384.889
267.207 241.22
265.903 229.556
266.121 215.51
265.535 231.169
265.408 220.565
279.201 303.494
259.18 146.668
179.076 196.45
267.882 320.555
303.6 358.608
271.904 291.15
0 0
239.938 493.105
248.87 373.006
248.028 369.986
251.88 391.034
248.624 378.645
251.419 389.179
248.177 368.631
309.835 439.352
315.07 441.495
300.182 442.696
304.745 436.649
303.477 436.93
295.672 448.52
308.87 440.467
302.657 421.61
313.18 441.244
302.046 417.411
300.134 402.904
299.096 394.967
302.152 383.436
300.509 390.187
304.326 369.747
299.018 396
302.971 424.573
303.138 379.217
300.185 403.597
255.926 442.826
253.652 438.115
253.481 429.026
0 0
249.768 444.274
253.482 420.845
268.149 471.541
254.238 441.312
253.066 436.086
253.54 406.084
252.946 407.197
253.278 430.983
253.594 412.566
253.52 419.686
253.162 398.578
253.102 398.505
253.539 415.341
314.667 184
249.778 331.556
1743
0 0
0 0
0 0
0 0
0 0
0 0
0 0
0 0
0 0
0 0
0 0
0 0
0 0
0 0
0 0
0 0
0 0
0 0
0 0
0 0
0 0
0 0
0 0
0 0
0 0
0 0
0 0
0 0
0 0
0 0
0 0
0 0
0 0
0 0
0 0
0 0
0 0
0 0
0 0
0 0
0 0
0 0
0 0
0 0
0 0
0 0
0 0
0 0
0 0
731 688
0 0
0 0
0 0
0 0
0 0
0 0
0 0
0 0
0 0
0 0
0 0
0 0
0 0
0 0
0 0
0 0
0 0
0 0
0 0
0 0
0 0
0 0
0 0
0 0
0 0
0 0
0 0
0 0
0 0
0 0
0 0
0 0
0 0
0 0
0 0
0 0
0 0
0 0
0 0
0 0
0 0
0 0
0 0
0 0
0 0
0 0
0 0
0 0
0 0
0 0
0 0
0 0
0 0
0 0
0 0
0 0
0 0
0 0
0 0
0 0
0 0
0 0
0 0
0 0
0 0
0 0
0 0
0 0
0 0
0 0
0 0
0 0
0 0
0 0
0 0
0 0
0 0
0 0
0 0
0 0
0 0
0 0
0 0
0 0
0 0
0 0
0 0
0 0
0 0
0 0
0 0
0 0
0 0
0 0
0 0
0 0
0 0
0 0
0 0
511 531
0 0
0 0
0 0
0 0
0 0
0 0
0 0
0 0
0 0
0 0
0 0
0 0
0 0
0 0
531 519
0 0
0 0
0 0
0 0
0 0
0 0
0 0
0 0
0 0
0 0
0 0
0 0
0 0
0 0
0 0
0 0
0 0
0 0
0 0
0 0
0 0
0 0
0 0
0 0
0 0
0 0
0 0
0 0
0 0
0 0
0 0
0 0
0 0
0 0
0 0
519 535
0 0
0 0
0 0
0 0
0 0
0 0
0 0
0 0
0 0
0 0
535 527
0 0
0 0
0 0
0 0
0 0
0 0
0 0
0 0
0 0
0 0
0 0
0 0
0 0
0 0
0 0
0 0
0 0
0 0
0 0
0 0
0 0
0 0
0 0
0 0
0 0
0 0
0 0
0 0
0 0
0 0
0 0
0 0
0 0
0 0
0 0
0 0
0 0
0 0
0 0
0 0
0 0
0 0
0 0
0 0
0 0
0 0
0 0
0 0
0 0
0 0
0 0
0 0
0 0
0 0
0 0
0 0
0 0
0 0
0 0
0 0
0 0
0 0
0 0
0 0
0 0
0 0
0 0
0 0
0 0
0 0
0 0
0 0
0 0
0 0
0 0
0 0
0 0
0 0
0 0
0 0
0 0
0 0
0 0
0 0
0 0
0 0
0 0
0 0
0 0
0 0
0 0
0 0
0 0
0 0
0 0
0 0
0 0
0 0
0 0
0 0
0 0
0 0
0 0
0 0
0 0
0 0
0 0
0 0
0 0
0 0
0 0
0 0
0 0
0 0
0 0
0 0
0 0
0 0
0 0
0 0
0 0
0 0
0 0
0 0
0 0
0 0
0 0
0 0
0 0
0 0
0 0
0 0
0 0
0 0
0 0
0 0
0 0
0 0
0 0
0 0
0 0
0 0
0 0
0 0
0 0
0 0
0 0
0 0
0 0
0 0
0 0
0 0
0 0
0 0
0 0
0 0
0 0
0 0
0 0
0 0
0 0
0 0
0 0
0 0
0 0
0 0
0 0
531 598
0 0
0 0
0 0
0 0
0 0
0 0
0 0
0 0
0 0
0 0
0 0
0 0
0 0
0 0
0 0
0 0
0 0
0 0
0 0
0 0
0 0
0 0
0 0
0 0
0 0
0 0
0 0
0 0
0 0
0 0
0 0
0 0
0 0
0 0
0 0
0 0
0 0
0 0
0 0
0 0
0 0
0 0
0 0
0 0
0 0
0 0
0 0
0 0
0 0
0 0
0 0
0 0
0 0
0 0
0 0
0 0
0 0
0 0
0 0
0 0
0 0
0 0
0 0
0 0
0 0
0 0
0 0
0 0
0 0
0 0
0 0
0 0
0 0
0 0
0 0
0 0
0 0
0 0
0 0
0 0
0 0
0 0
0 0
0 0
0 0
0 0
0 0
0 0
0 0
0 0
0 0
0 0
0 0
0 0
0 0
0 0
0 0
0 0
0 0
0 0
0 0
0 0
0 0
0 0
0 0
0 0
0 0
0 0
0 0
0 0
0 0
0 0
0 0
0 0
0 0
0 0
0 0
0 0
0 0
0 0
0 0
0 0
0 0
0 0
0 0
0 0
0 0
0 0
0 0
0 0
0 0
0 0
0 0
0 0
0 0
0 0
0 0
0 0
0 0
0 0
0 0
0 0
0 0
0 0
0 0
0 0
0 0
0 0
0 0
0 0
0 0
0 0
0 0
0 0
0 0
0 0
0 0
0 0
0 0
0 0
0 0
0 0
0 0
0 0
0 0
0 0
0 0
0 0
0 0
0 0
0 0
0 0
0 0
0 0
0 0
0 0
0 0
0 0
0 0
0 0
0 0
0 0
0 0
0 0
0 0
0 0
0 0
0 0
0 0
0 0
0 0
0 0
0 0
0 0
0 0
0 0
0 0
0 0
0 0
0 0
0 0
0 0
0 0
0 0
0 0
0 0
0 0
0 0
0 0
0 0
0 0
0 0
0 0
0 0
0 0
0 0
0 0
0 0
0 0
0 0
0 0
0 0
0 0
0 0
0 0
0 0
0 0
0 0
0 0
0 0
0 0
0 0
0 0
0 0
0 0
0 0
0 0
0 0
0 0
0 0
0 0
0 0
0 0
0 0
0 0
0 0
0 0
0 0
0 0
0 0
0 0
0 0
0 0
0 0
0 0
0 0
0 0
0 0
0 0
0 0
0 0
0 0
0 0
0 0
0 0
0 0
0 0
0 0
0 0
0 0
0 0
0 0
0 0
0 0
0 0
0 0
0 0
0 0
0 0
0 0
0 0
0 0
0 0
0 0
0 0
0 0
0 0
0 0
0 0
0 0
0 0
0 0
0 0
0 0
0 0
0 0
0 0
0 0
0 0
0 0
0 0
0 0
0 0
0 0
0 0
0 0
0 0
0 0
632 294
0 0
0 0
0 0
0 0
0 0
0 0
0 0
0 0
0 0
0 0
0 0
0 0
0 0
0 0
0 0
0 0
0 0
0 0
0 0
0 0
0 0
0 0
0 0
0 0
0 0
0 0
0 0
0 0
0 0
0 0
0 0
0 0
0 0
0 0
0 0
0 0
0 0
0 0
0 0
0 0
0 0
0 0
0 0
0 0
0 0
0 0
0 0
0 0
0 0
0 0
0 0
0 0
0 0
0 0
0 0
0 0
0 0
0 0
0 0
0 0
0 0
0 0
0 0
0 0
0 0
0 0
0 0
0 0
0 0
0 0
0 0
0 0
0 0
0 0
0 0
0 0
0 0
0 0
0 0
0 0
0 0
0 0
0 0
0 0
0 0
0 0
0 0
0 0
0 0
0 0
0 0
0 0
0 0
0 0
0 0
0 0
0 0
0 0
0 0
0 0
0 0
0 0
0 0
0 0
0 0
0 0
0 0
0 0
0 0
0 0
0 0
0 0
0 0
0 0
0 0
0 0
0 0
0 0
0 0
0 0
0 0
0 0
0 0
0 0
0 0
0 0
0 0
0 0
0 0
0 0
0 0
0 0
0 0
0 0
0 0
0 0
0 0
0 0
0 0
0 0
0 0
0 0
0 0
0 0
0 0
0 0
0 0
0 0
0 0
0 0
0 0
0 0
0 0
0 0
0 0
0 0
0 0
0 0
0 0
0 0
0 0
0 0
0 0
0 0
0 0
0 0
0 0
0 0
0 0
0 0
0 0
0 0
0 0
0 0
0 0
0 0
0 0
0 0
0 0
0 0
0 0
0 0
0 0
0 0
0 0
0 0
0 0
0 0
0 0
0 0
0 0
0 0
511 452
0 0
0 0
0 0
0 0
0 0
0 0
0 0
0 0
0 0
0 0
0 0
0 0
0 0
0 0
0 0
0 0
0 0
0 0
0 0
0 0
0 0
0 0
0 0
0 0
0 0
0 0
452 498
0 0
0 0
0 0
0 0
0 0
0 0
0 0
0 0
0 0
0 0
0 0
0 0
0 0
0 0
0 0
0 0
0 0
0 0
0 0
0 0
0 0
498 714
0 0
0 0
0 0
0 0
0 0
0 0
0 0
0 0
0 0
0 0
0 0
0 0
0 0
0 0
0 0
0 0
0 0
0 0
0 0
0 0
0 0
0 0
0 0
0 0
0 0
0 0
0 0
0 0
0 0
0 0
0 0
0 0
0 0
0 0
0 0
0 0
0 0
0 0
0 0
0 0
0 0
0 0
0 0
0 0
0 0
0 0
0 0
0 0
0 0
0 0
0 0
0 0
0 0
0 0
0 0
0 0
0 0
0 0
0 0
0 0
0 0
0 0
0 0
0 0
0 0
0 0
0 0
0 0
0 0
0 0
0 0
0 0
0 0
0 0
0 0
0 0
0 0
0 0
0 0
0 0
0 0
0 0
0 0
0 0
0 0
0 0
0 0
0 0
0 0
0 0
0 0
0 0
0 0
0 0
0 0
0 0
0 0
0 0
0 0
0 0
0 0
0 0
0 0
0 0
0 0
0 0
0 0
0 0
0 0
0 0
0 0
0 0
0 0
0 0
0 0
0 0
0 0
0 0
0 0
0 0
0 0
0 0
0 0
0 0
0 0
0 0
0 0
0 0
0 0
0 0
0 0
0 0
0 0
0 0
0 0
0 0
0 0
0 0
0 0
0 0
0 0
0 0
0 0
0 0
0 0
0 0
0 0
0 0
0 0
0 0
0 0
0 0
0 0
0 0
0 0
0 0
0 0
0 0
0 0
0 0
0 0
0 0
0 0
0 0
0 0
0 0
0 0
0 0
0 0
0 0
0 0
0 0
0 0
0 0
0 0
0 0
0 0
0 0
0 0
0 0
0 0
0 0
0 0
0 0
0 0
0 0
0 0
0 0
0 0
0 0
0 0
0 0
0 0
0 0
0 0
0 0
0 0
0 0
0 0
0 0
0 0
0 0
0 0
0 0
0 0
0 0
0 0
0 0
0 0
0 0
0 0
0 0
0 0
0 0
0 0
0 0
0 0
0 0
0 0
0 0
0 0
0 0
0 0
0 0
0 0
0 0
0 0
0 0
0 0
0 0
0 0
0 0
0 0
0 0
0 0
0 0
0 0
0 0
0 0
0 0
0 0
0 0
0 0
0 0
0 0
0 0
0 0
0 0
0 0
0 0
0 0
0 0
0 0
0 0
0 0
0 0
0 0
0 0
0 0
0 0
0 0
0 0
0 0
0 0
0 0
0 0
0 0
0 0
0 0
0 0
0 0
0 0
0 0
0 0
0 0
0 0
0 0
0 0
0 0
0 0
0 0
0 0
0 0
0 0
0 0
0 0
0 0
0 0
0 0
0 0
0 0
0 0
0 0
0 0
0 0
0 0
0 0
0 0
0 0
0 0
0 0
0 0
0 0
0 0
0 0
0 0
0 0
0 0
0 0
0 0
0 0
0 0
0 0
0 0
0 0
0 0
0 0
0 0
0 0
0 0
0 0
0 0
0 0
0 0
0 0
0 0
0 0
0 0
0 0
0 0
0 0
0 0
0 0
0 0
0 0
0 0
0 0
0 0
0 0
0 0
0 0
0 0
0 0
0 0
0 0
0 0
0 0
0 0
0 0
0 0
0 0
0 0
0 0
0 0
0 0
0 0
0 0
0 0
0 0
0 0
0 0
0 0
0 0
0 0
0 0
0 0
0 0
0 0
0 0
0 0
0 0
0 0
0 0
0 0
0 0
0 0
0 0
0 0
0 0
0 0
0 0
0 0
0 0
0 0
0 0
0 0
0 0
0 0
0 0
0 0
0 0
0 0
0 0
0 0
0 0
0 0
0 0
0 0
0 0
0 0
0 0
0 0
0 0
0 0
0 0
0 0
0 0
0 0
0 0
0 0
0 0
0 0
0 0
0 0
0 0
0 0
0 0
0 0
0 0
0 0
0 0
0 0
0 0
0 0
0 0
0 0
0 0
0 0
0 0
0 0
0 0
0 0
0 0
0 0
0 0
0 0
0 0
0 0
0 0
0 0
0 0
0 0
0 0
0 0
0 0
0 0
0 0
0 0
0 0
0 0
0 0
0 0
0 0
0 0
0 0
0 0
0 0
0 0
0 0
0 0
0 0
0 0
0 0
0 0
0 0
0 0
0 0
0 0
0 0
0 0
0 0
0 0
0 0
0 0
0 0
0 0
0 0
0 0
0 0
0 0
0 0
0 0
0 0
0 0
0 0
0 0
0 0
0 0
0 0
0 0
0 0
0 0
0 0
0 0
0 0
0 0
0 0
0 0
0 0
0 0
0 0
0 0
0 0
0 0
0 0
0 0
0 0
0 0
0 0
0 0
0 0
0 0
0 0
0 0
0 0
0 0
0 0
0 0
0 0
0 0
0 0
0 0
0 0
0 0
0 0
0 0
0 0
0 0
0 0
0 0
0 0
0 0
0 0
0 0
0 0
0 0
0 0
0 0
0 0
0 0
0 0
0 0
0 0
0 0
0 0
0 0
0 0
0 0
0 0
0 0
0 0
0 0
0 0
0 0
0 0
0 0
0 0
0 0
0 0
0 0
0 0
0 0
0 0
0 0
0 0
0 0
0 0
0 0
0 0
0 0
0 0
0 0
0 0
0 0
0 0
0 0
0 0
0 0
0 0
0 0
0 0
0 0
0 0
0 0
0 0
0 0
0 0
0 0
0 0
0 0
0 0
0 0
0 0
0 0
0 0
0 0
0 0
0 0
0 0
0 0
0 0
0 0
0 0
0 0
0 0
0 0
0 0
0 0
0 0
0 0
0 0
0 0
0 0
0 0
0 0
0 0
0 0
0 0
0 0
0 0
0 0
0 0
0 0
0 0
0 0
0 0
0 0
0 0
0 0
0 0
0 0
0 0
0 0
0 0
0 0
0 0
0 0
0 0
0 0
0 0
0 0
0 0
0 0
0 0
0 0
0 0
0 0
0 0
0 0
0 0
0 0
0 0
0 0
0 0
0 0
0 0
0 0
0 0
0 0
0 0
0 0
0 0
0 0
0 0
0 0
0 0
0 0
0 0
0 0
0 0
0 0
0 0
0 0
0 0
0 0
0 0
0 0
0 0
0 0
0 0
0 0
0 0
0 0
0 0
0 0
0 0
0 0
0 0
0 0
0 0
0 0
0 0
0 0
0 0
0 0
0 0
0 0
0 0
0 0
0 0
0 0
0 0
0 0
0 0
0 0
0 0
0 0
0 0
0 0
0 0
0 0
0 0
0 0
0 0
0 0
0 0
0 0
0 0
0 0
0 0
0 0
0 0
0 0
0 0
0 0
0 0
0 0
0 0
0 0
0 0
0 0
0 0
0 0
0 0
0 0
0 0
0 0
0 0
0 0
0 0
0 0
0 0
0 0
0 0
0 0
0 0
0 0
0 0
0 0
0 0
0 0
0 0
0 0
0 0
0 0
0 0
0 0
0 0
0 0
0 0
0 0
0 0
0 0
0 0
0 0
0 0
0 0
0 0
0 0
0 0
0 0
0 0
0 0
0 0
0 0
0 0
0 0
0 0
0 0
0 0
0 0
0 0
0 0
0 0
0 0
0 0
0 0
0 0
0 0
0 0
0 0
0 0
0 0
0 0
0 0
0 0
0 0
0 0
0 0
0 0
0 0
0 0
0 0
0 0
0 0
0 0
0 0
0 0
531 744
744 632
511 745
745 688
1739
0 1
3 0
489 0
1 2
3 1
2 3
3 4
488 3
489 3
4 5
487 4
488 4
5 6
487 5
701 5
6 7
701 6
7 8
7 700
7 701
8 9
8 700
8 733
9 10
733 9
10 11
730 10
733 10
734 10
11 12
734 11
12 13
12 731
734 12
13 14
731 13
14 15
16 14
14 731
15 16
16 17
731 16
17 18
17 731
18 19
18 731
18 735
19 20
19 735
20 21
20 735
738 20
21 22
738 21
22 23
22 738
743 22
23 24
23 743
24 25
24 743
25 26
25 27
737 25
25 743
26 27
27 28
27 706
737 27
28 29
28 706
29 30
29 706
30 31
706 30
31 32
705 31
706 31
31 707
32 33
32 707
33 34
33 707
34 35
675 34
707 34
35 36
35 675
36 37
36 671
675 36
37 38
37 671
38 39
671 38
39 40
670 39
39 671
40 41
40 670
41 42
670 41
41 672
42 43
42 659
672 42
43 44
43 659
44 45
659 44
45 46
45 659
46 47
46 659
47 48
659 47
47 678
48 49
678 48
49 50
49 678
49 681
50 51
50 681
51 52
680 51
681 51
52 53
52 680
53 54
680 53
54 55
54 662
680 54
55 56
662 55
55 682
56 57
56 682
57 58
682 57
58 59
58 682
58 686
692 58
59 60
59 692
60 61
692 60
61 62
61 687
692 61
62 63
62 687
62 693
63 64
693 63
64 65
64 693
65 66
65 581
693 65
66 67
66 581
67 68
67 531
557 67
67 581
68 69
68 519
68 531
69 70
69 519
633 69
70 71
633 70
71 72
633 71
72 73
633 72
72 634
73 74
73 634
74 75
74 634
696 74
75 76
696 75
76 77
76 696
77 78
77 696
78 79
78 533
696 78
79 80
79 512
533 79
80 81
80 512
81 82
512 81
81 534
82 83
82 534
83 84
534 83
84 85
534 84
85 86
534 85
86 87
534 86
535 86
87 88
87 139
535 87
88 89
137 88
138 88
88 139
89 90
137 89
90 91
136 90
90 137
91 92
91 135
136 91
92 93
92 134
135 92
93 94
134 93
527 93
94 95
96 94
94 527
95 96
96 97
527 96
97 98
527 97
553 97
98 99
539 98
553 98
99 100
539 99
100 101
100 539
101 102
103 101
101 517
101 539
102 103
103 104
517 103
104 105
121 104
122 104
104 517
105 106
105 120
105 121
106 107
106 119
106 120
107 108
118 107
119 107
108 109
108 110
108 118
109 110
110 111
110 116
117 110
110 118
111 112
111 115
116 111
112 113
114 112
112 115
113 114
114 115
115 116
116 117
117 118
118 119
119 120
120 121
121 122
122 123
122 517
123 124
123 125
123 126
123 517
124 125
125 126
126 127
517 126
126 539
127 128
539 127
128 129
128 539
553 128
129 130
129 553
130 131
132 130
130 527
130 553
131 132
132 133
527 132
133 134
133 527
134 135
527 134
135 136
136 137
137 138
138 139
139 140
139 535
140 141
142 140
140 535
141 142
142 143
142 535
142 639
143 144
639 143
144 145
639 144
145 146
512 145
639 145
146 147
146 512
147 148
147 512
533 147
148 149
533 148
149 150
149 533
149 696
150 151
696 150
151 152
634 151
696 151
152 153
152 634
153 154
153 633
634 153
154 155
633 154
155 156
633 155
156 157
156 519
156 633
157 158
519 157
158 159
519 158
159 160
159 519
159 531
160 161
531 160
161 162
531 161
161 631
162 163
606 162
631 162
162 695
163 164
168 163
163 606
164 165
164 168
165 166
167 165
165 168
166 167
167 168
168 169
606 168
169 170
169 606
169 618
170 171
618 170
171 172
580 171
618 171
172 173
172 550
172 580
172 592
173 174
526 173
173 550
174 175
174 526
175 176
175 526
176 177
176 526
177 178
177 526
178 179
178 526
179 180
179 526
180 181
180 526
180 544
181 182
544 181
182 183
182 544
547 182
183 184
547 183
183 548
183 571
184 185
571 184
589 184
185 186
589 185
186 187
186 192
186 589
187 188
189 187
190 187
187 191
187 192
188 189
189 190
190 191
191 192
192 193
192 589
193 194
589 193
194 195
589 194
195 196
589 195
196 197
196 571
589 196
197 198
571 197
198 199
548 198
571 198
199 200
548 199
200 201
200 548
200 572
201 202
572 201
202 203
202 572
203 204
203 549
572 203
204 205
549 204
574 204
205 206
574 205
206 207
574 206
207 208
574 207
208 209
208 522
574 208
613 208
209 210
613 209
210 211
612 210
613 210
211 212
612 211
211 614
212 213
614 212
213 214
614 213
214 215
214 614
637 214
215 216
637 215
216 217
216 637
217 218
217 636
217 637
218 219
218 636
218 638
219 220
638 219
220 221
558 220
638 220
221 222
226 221
221 558
222 223
225 222
222 226
223 224
223 225
224 225
225 226
226 227
558 226
227 228
558 227
569 227
228 229
569 228
229 230
569 229
230 231
230 567
230 569
231 232
567 231
232 233
567 232
233 234
567 233
568 233
234 235
568 234
235 236
235 241
242 235
568 235
236 237
236 239
240 236
236 241
237 238
237 239
238 239
239 240
240 241
241 242
242 243
242 568
243 244
568 243
244 245
244 568
245 246
566 245
245 568
245 570
246 247
246 523
570 246
247 248
247 523
248 249
248 523
563 248
249 250
563 249
250 251
250 563
251 252
251 563
252 253
252 542
563 252
253 254
253 542
253 564
253 598
254 255
254 598
599 254
255 256
599 255
256 257
256 261
256 262
256 263
599 256
257 258
260 257
261 257
258 259
260 258
259 260
260 261
261 262
262 263
263 264
599 263
264 265
264 585
599 264
264 622
628 264
629 264
265 266
620 265
627 265
265 629
266 267
266 627
267 268
627 267
268 269
268 627
269 270
627 269
269 632
270 271
632 270
271 272
584 271
632 271
272 273
584 272
273 274
584 273
274 275
562 274
584 274
275 276
562 275
276 277
540 276
562 276
277 278
520 277
277 540
278 279
520 278
279 280
520 279
541 279
280 281
280 541
281 282
281 541
282 283
282 513
282 541
283 284
283 513
284 285
284 513
285 286
513 285
285 530
286 287
530 286
286 556
287 288
556 287
288 289
288 325
288 556
289 290
289 324
289 325
290 291
290 324
290 514
291 292
514 291
292 293
292 514
293 294
514 293
294 295
294 319
320 294
294 514
295 296
319 295
528 295
296 297
528 296
297 298
297 528
298 299
298 528
299 300
314 299
315 299
299 528
300 301
312 300
313 300
314 300
301 302
301 312
302 303
302 311
302 312
303 304
310 303
303 311
304 305
309 304
304 310
305 306
305 308
309 305
306 307
306 308
307 308
308 309
309 310
310 311
311 312
312 313
313 314
314 315
315 316
315 528
316 317
316 318
316 528
317 318
318 319
318 528
319 320
528 319
320 321
514 320
321 322
514 321
322 323
322 514
323 324
323 514
324 325
324 514
325 326
556 325
326 327
556 326
327 328
327 556
328 329
328 530
556 328
329 330
530 329
330 331
330 332
513 330
530 330
330 635
331 332
332 333
635 332
333 334
635 333
334 335
334 635
335 336
335 520
335 635
336 337
520 336
540 336
337 338
337 540
338 339
540 338
562 338
339 340
339 562
340 341
562 340
341 342
562 341
584 341
342 343
342 584
343 344
584 343
343 632
344 345
344 632
345 346
345 627
632 345
346 347
619 346
627 346
347 348
347 609
619 347
348 349
609 348
349 350
349 609
350 351
609 350
350 624
351 352
624 351
352 353
610 352
624 352
353 354
353 610
668 353
354 355
354 668
355 356
355 667
668 355
356 357
356 667
357 358
667 357
358 359
663 358
358 667
359 360
359 663
360 361
360 651
360 663
361 362
361 651
361 699
362 363
362 699
363 364
363 699
364 365
694 364
364 699
365 366
538 365
365 694
366 367
366 538
367 368
367 538
368 369
538 368
369 370
369 371
369 538
370 371
371 372
516 371
538 371
371 561
372 373
372 516
373 374
516 373
374 375
374 516
374 536
374 559
375 376
375 536
376 377
376 536
643 376
377 378
643 377
378 379
378 643
379 380
643 379
379 698
380 381
380 698
381 382
381 698
382 383
698 382
722 382
383 384
383 722
384 385
720 384
722 384
385 386
385 719
385 720
386 387
386 719
387 388
387 718
387 719
388 389
388 718
389 390
389 715
389 718
390 391
715 390
391 392
715 391
392 393
392 714
392 715
393 394
714 393
394 395
394 714
394 716
395 396
716 395
396 397
709 396
716 396
397 398
397 399
397 709
398 399
399 400
399 709
400 401
400 709
401 402
709 401
402 403
709 402
710 402
403 404
710 403
404 405
404 555
404 710
405 406
405 554
405 555
406 407
406 554
407 408
529 407
407 554
408 409
420 408
408 421
408 529
409 410
420 409
410 411
418 410
410 419
410 420
411 412
417 411
418 411
412 413
416 412
412 417
413 414
416 413
414 415
416 414
415 416
416 417
417 418
418 419
419 420
420 421
421 422
421 529
422 423
529 422
423 424
423 529
424 425
426 424
424 529
425 426
426 427
529 426
427 428
529 427
554 427
428 429
428 554
429 430
429 554
429 555
430 431
430 555
431 432
555 431
432 433
432 555
713 432
433 434
433 713
434 435
713 434
435 436
713 435
436 437
436 712
713 436
437 438
437 712
438 439
712 438
724 438
439 440
439 724
440 441
440 724
441 442
441 724
441 726
442 443
442 726
443 444
443 723
726 443
444 445
723 444
445 446
721 445
445 723
446 447
721 446
447 448
721 447
725 447
448 449
448 725
449 450
725 449
450 451
450 644
450 725
451 452
644 451
452 453
452 640
452 641
452 644
697 452
453 454
453 674
453 688
453 697
454 455
454 688
455 456
455 688
455 703
456 457
703 456
457 458
702 457
703 457
458 459
702 458
704 458
459 460
704 459
460 461
460 704
741 460
461 462
461 741
462 463
462 741
463 464
739 463
463 741
464 465
464 739
465 466
739 465
466 467
729 466
466 739
467 468
467 729
468 469
468 728
468 729
469 470
469 728
470 471
728 470
471 472
471 727
471 728
730 471
472 473
472 730
473 474
473 730
474 475
730 474
474 733
475 476
475 733
476 477
733 476
477 478
477 700
733 477
478 479
700 478
479 480
482 479
700 479
480 481
482 480
481 482
482 483
700 482
483 484
483 700
483 701
484 485
484 701
485 486
485 701
486 487
701 486
487 488
701 487
488 489
582 490
595 490
490 608
621 490
622 490
490 626
490 630
491 577
578 491
491 586
587 491
491 601
491 603
492 596
597 492
623 492
690 492
492 691
493 727
728 493
493 729
493 731
732 493
493 735
738 493
494 657
669 494
494 670
671 494
494 673
674 494
495 648
495 649
495 650
495 661
679 495
496 702
496 704
496 705
496 706
496 741
496 742
673 497
497 675
688 497
702 497
497 703
497 705
497 707
498 717
718 498
719 498
720 498
721 498
498 723
726 498
499 711
499 712
499 714
715 499
499 717
499 724
500 559
560 500
640 500
500 645
500 654
500 656
501 641
501 644
698 501
501 720
722 501
501 725
502 597
502 607
502 608
609 502
619 502
502 620
502 621
503 576
503 577
603 503
611 503
503 612
613 503
523 504
504 542
504 543
565 504
587 504
504 602
551 505
580 505
505 590
592 505
604 505
605 505
616 505
506 650
661 506
506 662
506 677
680 506
506 681
507 649
651 507
507 663
507 665
507 666
507 684
646 508
508 647
508 648
508 652
508 694
508 699
525 509
509 532
509 565
588 509
611 509
615 509
509 636
564 510
510 585
598 510
510 600
510 601
510 605
616 510
617 510
666 511
511 682
683 511
511 684
685 511
511 686
511 689
533 512
512 534
639 512
513 530
513 541
513 635
555 515
515 710
711 515
515 712
515 713
559 516
560 516
516 561
539 517
518 526
518 544
518 546
518 550
551 518
552 518
531 519
519 633
540 520
520 541
635 520
581 521
594 521
521 596
521 691
521 693
522 573
574 522
575 522
576 522
613 522
523 542
543 523
563 523
523 570
524 532
524 543
524 566
567 524
524 569
588 524
525 611
525 612
525 614
525 636
637 525
526 544
550 526
553 527
529 554
530 556
557 531
531 593
631 531
558 532
532 569
532 588
636 532
532 638
533 696
534 535
534 639
535 639
536 559
640 536
641 536
536 643
537 560
561 537
537 646
537 647
537 654
537 655
538 561
646 538
694 538
539 553
540 562
635 541
563 542
542 564
602 542
543 565
566 543
570 543
588 543
544 546
544 547
545 546
547 545
549 545
552 545
573 545
575 545
546 547
552 546
547 548
547 549
548 549
571 548
548 572
549 572
573 549
549 574
551 550
550 592
551 552
551 590
592 551
575 552
578 552
552 579
552 590
554 555
710 555
713 555
581 557
593 557
557 594
557 595
558 569
558 638
559 560
559 640
560 561
560 654
561 646
584 562
598 564
600 564
602 564
587 565
588 565
615 565
566 567
568 566
566 570
568 567
567 569
589 571
573 574
575 573
575 576
577 575
579 575
577 576
613 576
578 577
577 579
577 603
579 578
578 590
601 578
616 578
580 592
604 580
580 606
580 618
594 581
581 693
593 582
582 595
630 582
582 631
594 583
595 583
583 596
583 597
607 583
608 583
584 632
598 585
599 585
585 617
628 585
586 587
586 600
601 586
586 602
602 587
603 587
587 615
590 616
604 591
605 591
591 606
591 625
626 591
695 591
593 595
593 631
595 594
594 596
608 595
597 596
691 596
607 597
609 597
623 597
597 624
598 599
601 600
600 602
616 601
603 611
615 603
604 605
606 604
605 616
605 617
625 605
618 606
606 695
607 608
608 621
609 619
624 609
623 610
610 624
610 668
690 610
612 611
611 615
612 613
612 614
637 614
625 617
617 626
617 628
620 619
627 619
620 621
620 627
620 629
622 621
629 621
626 622
622 628
629 622
623 624
690 623
625 626
626 628
626 630
626 695
632 627
631 630
630 695
631 695
634 633
696 634
636 637
636 638
640 641
640 645
640 697
641 643
641 644
641 698
642 645
642 656
669 642
674 642
642 697
698 643
644 725
656 645
645 697
646 647
694 646
648 647
655 647
647 679
648 649
652 648
648 679
649 650
651 649
649 652
684 649
650 661
662 650
683 650
684 650
651 652
663 651
651 699
699 652
654 653
655 653
653 656
653 657
660 653
653 676
654 655
654 656
660 655
679 655
657 656
669 656
669 657
657 670
657 672
657 676
659 658
660 658
658 672
676 658
677 658
658 678
672 659
659 678
660 661
676 660
660 677
660 679
677 661
661 679
662 680
682 662
662 683
663 665
663 667
665 664
664 666
664 667
668 664
689 664
664 690
665 666
665 667
684 666
689 666
668 667
668 690
674 669
670 671
670 672
673 671
675 671
672 676
674 673
675 673
688 673
674 688
697 674
675 707
677 678
681 677
681 678
680 681
682 683
682 686
684 683
685 686
687 685
689 685
690 685
691 685
686 687
692 686
687 691
692 687
687 693
688 703
689 690
691 690
691 693
694 699
722 698
700 701
733 700
703 702
704 702
705 702
741 704
706 705
707 705
706 737
742 706
709 708
708 710
711 708
708 714
708 716
709 710
709 716
711 710
712 711
711 714
713 712
712 724
714 715
714 716
717 715
718 715
718 717
724 717
726 717
719 718
719 720
720 721
720 722
725 720
721 723
725 721
726 723
726 724
728 727
730 727
727 731
734 727
729 728
732 729
729 739
729 740
730 733
734 730
731 734
735 731
738 732
740 732
743 732
738 735
736 737
739 736
740 736
741 736
742 736
740 737
742 737
743 737
738 743
740 739
741 739
743 740
742 741
