751
270 499
265 498
261 495
260 490
260 485
260 480
258 476
258 471
258 466
258 461
258 456
259 451
260 446
261 441
264 437
262 432
262 427
262 422
262 417
261 412
262 407
260 402
259 397
258 392
258 387
258 382
256 377
256 372
257 367
258 362
258 357
258 352
257 347
259 343
261 338
260 333
258 328
257 323
255 318
254 313
252 308
251 303
250 298
250 293
249 288
249 283
248 278
248 273
247 268
243 267
243 272
242 277
241 282
240 287
239 292
238 297
237 302
236 307
234 312
232 317
230 322
228 327
227 332
226 337
227 342
228 346
228 351
225 356
226 361
227 366
227 371
227 376
227 381
226 386
224 391
223 396
222 401
221 406
220 411
219 416
218 421
219 426
219 431
216 435
219 440
220 445
220 450
220 455
221 460
221 465
220 470
219 475
216 479
214 484
214 489
211 492
208 495
204 496
199 496
194 496
189 495
184 495
179 493
174 494
171 490
171 485
172 480
173 475
176 471
178 466
181 462
182 457
183 452
185 447
189 443
192 438
191 433
190 429
190 424
190 419
190 414
189 409
188 404
187 399
187 394
187 389
186 384
186 379
187 374
187 369
186 364
187 359
190 354
190 349
190 344
190 339
191 334
190 329
190 324
189 319
187 314
187 309
185 304
185 299
185 294
186 289
187 284
187 279
190 275
190 270
191 265
193 260
194 255
196 250
198 245
201 240
201 235
203 230
204 225
204 220
205 215
206 210
207 205
208 200
208 195
208 190
208 185
206 180
205 175
204 170
204 165
202 160
198 155
196 150
193 145
188 141
183 140
178 140
173 140
168 140
163 138
158 136
153 134
148 132
143 131
138 131
133 133
128 134
123 134
118 132
113 131
108 131
103 131
98 131
93 129
88 127
83 125
78 122
73 119
68 117
63 117
58 114
53 113
48 114
43 114
38 114
33 114
28 114
23 115
18 116
14 114
17 111
22 109
27 109
32 108
32 103
27 102
22 100
17 99
12 97
7 96
3 94
5 91
10 92
15 93
20 94
25 94
30 94
35 93
40 94
45 94
50 94
55 95
60 94
65 94
70 92
75 93
80 94
85 94
90 94
95 91
100 91
105 91
110 91
115 91
120 92
125 92
130 92
135 94
138 99
143 100
148 99
153 98
158 99
160 94
160 89
163 85
168 86
173 85
175 80
180 79
185 80
190 82
195 82
200 84
205 86
208 82
212 78
217 78
222 77
227 76
225 72
224 67
225 62
228 57
229 52
228 47
231 42
233 37
237 34
242 32
247 30
252 28
257 30
262 32
267 34
270 36
272 41
275 46
276 51
277 56
278 61
280 66
280 71
277 76
279 79
284 80
289 81
294 83
295 88
295 93
290 97
293 100
298 101
303 99
308 97
313 97
318 99
323 99
328 101
333 103
338 104
343 104
348 105
353 106
358 107
363 107
367 103
372 101
376 101
381 101
386 101
391 100
396 101
401 101
406 102
411 104
416 106
421 106
426 105
431 104
436 105
441 107
446 108
451 108
456 108
461 108
466 109
471 108
476 108
481 109
486 109
491 108
496 107
501 108
499 111
494 113
489 114
484 115
479 116
474 117
469 119
471 123
476 124
481 126
486 128
484 131
479 131
474 129
469 129
464 128
459 128
454 128
449 127
444 128
439 129
435 128
431 130
426 132
421 134
416 137
411 139
406 140
401 141
396 142
391 141
386 141
381 141
376 142
371 142
366 141
361 139
356 139
351 139
346 140
341 143
336 144
331 145
326 146
321 146
316 146
311 146
306 148
302 153
298 158
296 163
293 167
293 172
291 177
289 182
290 187
290 192
291 196
291 201
291 206
287 209
289 214
290 219
292 224
292 229
292 234
293 239
295 244
295 249
296 254
297 259
298 264
299 269
300 274
301 279
302 284
302 289
303 294
303 299
302 304
302 309
300 314
299 319
297 324
296 329
295 334
294 339
295 344
295 349
294 354
296 358
297 363
298 368
298 373
297 378
297 383
297 388
295 392
295 397
295 402
293 407
292 412
292 417
291 422
292 427
290 432
289 437
288 442
289 446
293 450
295 455
295 460
297 465
297 470
299 475
302 480
303 485
303 490
303 495
300 498
295 499
290 499
285 499
280 499
275 499
271 499
254.149 230.906
113.604 110.98
191.694 112.015
252.557 59.3115
248.648 187.5
212.209 291.642
218.15 262.43
206.355 380.471
201.007 463.401
209.77 316.808
272.365 265.527
309.341 122.102
331.455 123.723
276.605 301.058
277.451 369.51
269.794 218.782
228.538 232.508
228.247 187.5
269.34 188.532
269.66 131.228
237.194 148.822
231.694 112.468
253.841 93.6058
288.521 138.117
216.171 134.498
276.196 349.466
277.523 471.384
200.876 283.625
281.664 384.314
277.569 199.284
71.1395 104.895
153 115.5
186.65 480.752
391 120.688
276.019 429.396
274.432 447.025
276.583 412
125.717 119.417
100.616 116.919
192.214 96.9301
242.678 49.5356
200.184 301.163
276.547 247.491
320.386 113.068
215.143 237.629
171.665 120.677
98.4511 104.004
258.408 46.0463
182.559 91.042
87.8879 112.414
208.694 346.528
204.396 426.199
126.082 105.561
264.781 67.6521
239.438 67.0876
202.824 364.365
220.824 96.7357
214.183 276.833
286.742 374.867
270.182 379.58
267.053 369.663
272.108 359.783
283.426 358.3
271.484 392.714
282.982 396.281
274.863 402.138
279.767 189.077
276.208 210.041
60.9285 104.193
375.479 116.955
279.008 438.551
271.726 420.55
115.579 121.059
195.565 292.198
212.507 304.372
224.225 297.729
220.921 312.743
308.572 109.892
330.864 113.26
320.301 124.234
326.349 134.257
312.738 133.872
299.795 131.233
304.984 138.844
284.729 119.233
290.072 127.983
280.192 131.656
297.404 117.5
289.933 110.076
270.425 105.046
279.498 110.202
269.004 118.106
276.536 123.281
248.776 125.694
254.801 109.954
260.101 125.128
217.673 224.166
227.077 248.765
78.4108 111.111
204.244 438.451
116.915 101.528
263.632 82.4503
263.598 56.2583
237.577 57.669
251.978 73.2887
206.574 104.976
202.79 270.944
228.115 272.923
288.387 365.922
283.637 405.71
384.941 111.748
380.947 128.356
390.796 130.844
367.765 127.666
364.874 117.45
227.072 306.226
237.223 209.947
223.833 240.279
199.547 450.527
192.289 457.87
190.918 469.668
209.703 447.525
202.409 476.914
209.968 457.99
107.358 100.338
273.784 91.7173
253.46 83.3968
237.602 89.1008
197.319 104.657
230.456 260.721
223.985 284.983
229.548 219.944
219.576 210.706
243.171 222.457
209.587 469.34
283.385 89.7759
264.165 96.3807
237.874 78.0404
220.684 197.897
232.743 198.72
228.257 207.018
238.448 189.923
237.943 169.369
246.338 200.455
235.485 179.713
262.063 202.787
220.858 173.374
255.132 195.34
256.002 217.141
247.65 210.837
241.602 235.852
242.055 250.987
218.447 183.631
263.619 211.901
235.496 243.609
138.815 113.676
146.677 108.603
145.039 121.34
134.729 122.165
198.841 312.746
283.633 258.637
284.889 273.349
289.23 265.569
269.61 283.874
274.967 275.298
210.632 250.758
219.3 253.433
207.379 261.111
164.576 110
178.316 108.569
171.872 97.8721
186.552 104.286
248.966 40.6808
204.764 411.171
209.365 418.802
199.221 418.554
197.79 373.909
200.761 353.801
213.028 357.839
243.627 114.7
239.81 102.09
229.482 102.375
218.748 110.016
244.834 94.5532
223.024 122.842
235.812 125.063
241.746 136.638
256.985 140.55
228.696 138.705
247.531 145.741
263.9 164.351
245.795 158.796
257.79 153.221
278.127 169.225
274.256 147.908
275.041 179.474
219.739 154.857
251.812 171.467
262.572 177.949
264.686 146.422
219.831 144.348
208.834 149.507
206.885 121.196
283.925 157.162
273.179 158.712
284.235 147.16
245.104 178.472
202.294 95.7779
348.737 122.302
355.65 116.032
341.441 114.539
196.168 485.56
280.089 99.8941
226.6 87.177
259.691 253.085
283.797 288.116
274.999 291.696
263.533 298.481
267.732 311.627
291.169 281.237
289.616 299.819
292.782 290.946
284.425 314.244
259.789 288.356
292.13 308.87
261.409 273.263
262.384 263.018
231.057 159.333
222.678 163.972
203.644 137.672
193.211 127.063
202.053 128.802
195.047 135.692
183.453 120.446
177.732 129.388
197.845 118.995
357.252 128.527
340.68 130.117
269.827 255.436
250.181 257.85
251.919 243.245
265.281 239.289
264.742 228.42
278.356 229.413
279.911 219.435
274.709 238.177
274.032 325.991
266.15 320.885
275.473 316.795
285.292 325.482
280.183 337.261
270.718 340.924
285.293 345.684
286.479 483.779
287.47 473.63
273.218 483.927
279.917 489.975
281.573 458.495
270.02 461.945
267.787 453.173
160.549 124.519
168.254 130.081
206.016 331.551
200.342 340.294
200.273 322.971
216.401 326.346
215.086 337.657
207.38 395.916
213.993 387.72
211.577 404.487
198.655 402.272
198.448 388.752
214.279 370.507
217.818 379.175
408.292 121.5
400.031 112.891
401.623 130.066
421.515 119.382
432.925 116.388
443.063 117.806
751
268.228 494.779
270.727 492.168
266.448 496.675
270.28 492.593
273.221 489.486
279.242 478.671
278.701 474.671
276.752 468.001
275.895 465.324
274.513 459.88
273.983 456.117
273.62 453.513
273.222 450.512
273.487 447.149
274.373 438.972
275.481 430.007
275.915 426.308
276.341 422.635
276.814 417.621
277.245 413.06
277.581 405.971
277.922 397.703
278.081 393.214
278.186 389.827
278.245 387.599
278.499 378.075
278.608 373.918
278.621 373.493
278.664 371.877
278.585 366.035
278.442 359.058
278.296 353.558
278.223 350.731
278.206 350.102
277.978 340.938
277.757 325.452
277.807 321.896
277.937 317.027
279.019 312.65
280.072 308.344
281.401 303.273
281.725 302.02
282.266 300.053
283.337 296.772
284.559 293.05
284.143 285.612
283.629 277.059
277.331 259.62
268.444 249.778
245.333 208
216.894 255.329
206.737 270.495
205.508 280.066
204.679 288.313
206.063 294.405
207.284 300.229
208.987 303.633
210.034 305.207
209.753 305.467
209.363 307.565
209.025 313.381
208.691 320.416
208.26 329.372
207.771 339.459
207.647 345.135
207.599 347.343
207.578 348.644
207.504 354.89
207.361 365.602
207.282 371.116
207.263 376.039
207.269 377.509
207.299 378.766
207.084 380.246
206.577 384.826
205.789 391.717
205.122 397.975
204.554 403.717
204.661 411.634
204.7 414.374
204.905 421.455
205.197 426.204
205.331 428.789
205.837 440.313
205.974 444.935
206.11 448.004
205.931 451.475
205.116 457.079
204.101 461.156
203.017 463.34
201.945 465.651
201.186 467.288
198.64 472.696
200.073 483.507
202.839 490.105
200.812 485.436
204.145 492.801
203.159 490.741
200.122 484.351
197.45 478.756
193.036 480.071
186.719 483.218
181.968 485.621
169.743 491.831
170.795 491.295
177.055 488.096
183.312 484.938
185.029 484.072
191.422 480.918
194.966 477.635
199.283 471.446
202.998 463.161
204.082 460.31
204.27 459.791
205.923 454.733
205.881 441.183
205.382 430.041
205.197 426.303
205.029 423.396
204.769 419.508
204.668 412.934
204.65 406.604
204.641 401.361
205.066 397.919
205.309 395.876
206.235 387.986
206.692 382.052
206.82 380.421
207.198 375.795
207.315 369.887
207.351 367.425
207.361 366.328
207.398 363.383
207.585 348.362
207.62 345.524
207.683 341.422
208.015 334.504
208.356 327.434
208.679 320.633
208.921 312.954
208.878 307.962
208.405 303.941
207.818 299.99
206.672 297.841
206.298 297.118
205.593 295.057
205.1 290.506
204.865 288.109
204.967 283.386
205.023 276.113
206.184 272.18
207.313 269.45
210.415 262.168
213.459 257.694
217.316 251.673
224.941 243.002
230.315 236.946
236.247 230.13
238.433 227.612
240.615 224.507
241.721 222.324
243.244 219.502
244.991 214.669
245.785 211.252
247.629 199.765
247.671 192.268
247.745 182.666
247.683 175.024
247.632 171.138
247.892 165.348
248.081 160.616
246.583 136.812
243.585 126.085
237.136 123.399
223.034 117.832
194.023 112.476
179.439 116.135
169.159 119.237
165.224 121.271
164.623 123.751
164.956 122.905
164.789 119.976
160.124 119.138
156.122 118.816
142.307 117.545
131.939 115.617
128.076 114.65
126.574 114.095
126.252 113.971
122.56 112.879
114.367 111.529
104.614 110.826
101.945 110.634
99.7567 110.519
98.0522 110.459
96.2148 110.39
90.7784 110.243
85.5321 109.09
77.1524 107.183
63.7574 104.09
65.1588 104.364
60.5248 103.438
45.9048 103.42
42.5363 103.422
39.2553 103.457
37.8056 105.647
34.5846 107.587
23.1178 112.05
19.0971 113.098
15.9398 113.8
14.2625 114.173
17.7265 113.401
22.3429 112.376
26.8159 111.141
36.0319 106.807
26.5252 106.654
24.5889 97.9479
22.1421 97.1316
17.6106 95.9929
12.5563 94.7848
7.2923 93.5318
3.65519 92.6664
4.22173 92.8012
6.25723 93.2856
9.87341 94.1467
14.1853 95.1811
18.7319 96.2995
33.071 100.613
35.6774 101.63
40.0422 103.355
41.5954 103.427
46.5148 103.415
53.3109 103.424
60.5502 103.425
66.7536 104.72
68.0027 104.997
69.9867 105.45
76.6338 107.057
85.2366 109.047
94.4965 110.335
100.235 110.536
101.912 110.617
105.233 110.772
109.225 110.979
113.07 111.196
117.408 111.493
120.782 111.606
120.848 111.391
120.827 111.452
125 113.494
137.689 116.831
150.536 118.318
157.932 118.636
0 0
179.99 111.542
163.773 87.9063
161.378 84.4385
178.169 107.402
178.757 105.862
177.82 80.2245
178.071 86.7174
178.271 91.8333
178.899 107.866
181.356 109.96
190.314 112.595
215.864 115.186
235.375 117.026
236.89 116.942
239.795 117.117
247.311 111.546
252.729 92.7561
252.616 72.1259
252.582 64.7987
252.493 62.1195
252.002 53.9008
251.093 41.4365
247.723 40.3964
247.359 40.2987
246.609 40.097
247.161 40.1868
248.675 40.4231
251.184 40.1439
251.415 39.8997
251.14 40.2464
253.44 39.5634
254.901 38.7579
259.3 36.317
254.347 39.0749
251.077 41.5631
251.393 44.9848
251.86 51.233
252.121 55.9657
252.469 62.2296
252.59 64.6678
253.355 83.0767
255.075 106.11
263.753 105.621
284.762 90.9144
298.102 81.5774
289.576 87.5447
0 0
256.235 111.051
266.287 116.534
292.661 119.116
315.306 119.525
318.768 119.11
318.789 119.108
316.988 119.64
319.232 120.164
322.527 120.833
329.518 122.021
336.567 122.815
341.036 123.188
347.387 122.774
350.086 122.614
358.784 122.104
372.067 121.335
378.342 120.971
378.463 120.771
378.585 120.842
381.949 121.183
387.28 121.626
391.107 121.935
392.85 122.075
397.86 122.478
399.747 122.667
403.897 123.099
413.061 121.327
424.132 118.823
431.133 117.225
433.841 116.601
434.608 116.516
438.727 116.736
445.964 117.127
454.54 117.62
457.902 117.823
461.237 118.108
464.318 116.672
477.176 112.786
476.08 111.918
481.211 111.959
491.743 110.549
495.913 109.667
499.251 108.887
501.003 108.478
498.458 109.072
493.423 110.249
488.608 111.297
485.917 111.236
477.627 111.931
472.752 111.891
467.404 121.763
473.301 125.433
475.668 127.106
480.384 128.692
485.707 129.377
483.962 129.152
483.877 129.138
479.562 128.045
469.862 125.343
464.576 120.614
461.226 118.075
457.44 117.794
450.555 117.385
443.15 116.968
439.673 116.77
435.597 116.538
428.739 117.771
421.871 119.338
413.599 121.206
406.892 122.846
403.463 122.798
402.413 122.785
400.17 122.723
398.203 122.529
394.809 122.242
388.012 121.677
380.872 121.209
375.594 121.287
374.542 121.291
372.826 121.315
366.779 121.633
357.469 122.179
349.252 122.644
339.545 123.196
334.859 122.864
331.979 122.441
331.073 122.305
330.063 122.14
327.209 121.648
321.825 120.777
309.464 119.601
285.314 118.973
263.453 120.159
255.164 133.259
251.575 143.423
250.264 152.769
249.057 160.914
249.101 168.932
250.007 185.192
252.197 199.164
254.384 203.672
256.866 203.16
257.103 203.132
257.269 203.224
253.51 208.132
254.787 217.882
256.247 224.471
257.301 227.175
257.74 228.065
259.638 231.675
264.662 238.825
268.824 244.712
272.01 249.553
276.772 256.511
279.721 263.215
281.904 268.994
284.136 274.53
284.697 280.561
284.792 286.197
284.574 289.699
284.378 293.815
283.501 296.718
283.128 297.761
281.844 301.773
281.179 304.265
280.54 306.74
279.538 310.618
278.476 317.153
277.625 324.442
277.782 331.604
277.969 340.427
278.133 347.126
278.233 350.998
278.331 354.703
278.591 364.675
278.67 367.825
278.664 369.265
278.649 370.194
278.552 375.544
278.419 381.068
278.326 384.629
278.209 388.786
278.007 395.934
277.864 399.416
277.697 403.641
277.376 410.927
276.9 416.668
276.407 421.974
276.067 424.98
275.769 427.674
274.972 434.124
273.78 444.094
274.037 456.615
274.361 459.279
274.488 460.59
276.419 466.937
277.28 469.642
279.152 475.526
282.159 484.068
290.119 488.42
291.98 489.449
297.288 492.382
302.781 496.194
302.422 495.945
291.941 489.51
288.071 487.273
285.523 485.85
278.754 483.832
272.425 490.409
268.413 494.582
254.223 225.02
114.676 111.301
188.904 113.108
251.734 49.529
249.03 189.985
207.823 300.673
209.322 265.106
207.068 378.8
202.194 465.118
208.913 308.746
279.047 261.569
311.45 119.529
332.489 122.478
281.01 305.127
278.673 369.2
254.211 219.087
238.548 227.898
247.973 188.079
248.425 187.814
258.012 122.859
248.341 139.595
243.932 118.474
253.206 103.082
266.833 117.843
233.895 119.03
278.24 351.393
284.196 487.047
204.976 286.392
278.576 374.409
253.926 204.016
68.239 105.053
154.107 118.598
187.026 483.089
392.777 122.071
275.165 432.456
279.779 474.304
277.319 411.875
123.977 113.269
98.3835 110.498
171.208 93.1612
251.972 39.6404
207.922 300.33
269.168 245.356
321.301 120.598
227.484 240.179
169.821 118.921
99.9516 110.525
251.043 41.2484
178.836 107.02
87.9145 109.627
207.619 346.493
205.482 433.756
120.671 111.935
252.155 57.5153
252.575 67.6203
207.3 370.346
228.175 117.992
205.166 283.54
278.61 372.487
278.497 378.161
278.655 371.011
272.889 349.333
278.551 363.127
278.178 389.996
278.151 390.843
276.5 415.78
252.107 198.923
253.286 210.025
60.6508 103.436
381.728 121.177
274.415 438.836
276.756 418.228
112 113.778
206.161 296.621
208.679 302.503
208.17 302.073
209.315 307.927
314.248 119.435
333.325 122.463
322.156 120.752
330.107 122.07
319.77 120.366
298.943 123.846
296.089 119.195
268.194 118.133
275.646 118.555
262.491 118.616
289.117 118.998
271.699 117.945
255.935 112.677
262.185 115.535
260.327 116.492
262.398 118.225
249.867 118.373
252.754 114.061
256.475 122.036
238.647 226.921
228.447 239.14
84.7038 108.9
205.94 445.317
116.337 111.411
253.755 92.6374
251.548 46.7514
251.761 49.9142
252.8 70.7522
211.03 114.736
205.082 275.502
208.862 272.362
278.672 367.996
277.767 401.858
388.584 121.728
384.85 121.447
396.037 122.346
372.418 121.352
370.867 121.398
209.822 305.297
246.47 212.026
232.425 234.726
198.694 472.842
201.112 467.341
197.596 475.191
206.024 450.239
193.065 482.067
204.772 458.702
110.387 111.048
255.58 108.589
253.719 92.1044
253.723 104.83
191.925 112.987
223.119 245.258
205.414 285.536
243.377 220.99
250.438 199.39
247.055 218.981
202.284 464.921
262.227 106.689
255.121 108.008
249.778 57.7778
247.101 206.826
247.835 202.92
246.006 211.805
248.657 191.323
248.503 168.415
249.172 203.324
248.015 180.44
255.092 205.301
248.096 169.844
250.224 198.981
253.072 217.686
247.78 211.803
244.08 224.735
240.594 227.007
247.695 185.676
252.576 212.802
238.003 229.861
123.831 113.002
152.133 118.388
149.756 118.261
130.524 115.292
208.679 306.337
279.466 262.764
284.335 275.639
280.78 266.026
284.424 286.151
284.337 275.855
215.583 254.445
220.299 248.157
210.203 262.606
169.073 119.354
178.521 113.907
180.125 111.861
182.663 112.4
250.786 40.4127
204.656 409.347
204.748 415.99
204.758 418.894
206.956 378.733
207.413 361.941
207.454 358.772
249.092 114.344
249.247 111.521
245.014 119.916
231.088 117.775
251.729 104.909
237.158 119.726
245.369 122.137
248.298 129.196
255.543 126.917
245.023 127.285
249.728 137.504
249.144 158.42
248.591 152.194
251.175 144.182
248.853 163.191
253.457 134.334
249.749 183.457
0 0
248.73 169.945
248.586 175.743
252.697 135.467
244.862 127.543
246.398 128.003
215.162 115.762
251.797 142.094
250.713 147.68
256.428 130.401
248.449 179.138
197.263 113.259
348.482 122.698
357.33 122.188
340.646 123.191
197.394 478.613
248.889 120.889
247.254 122.475
262.247 236.163
284.495 292.939
284.145 294.632
281.821 301.722
279.428 310.957
284.69 284.265
282.614 299.313
284.314 294.142
279.296 312.771
284.35 286.312
280.773 305.841
277.621 260.764
274.659 254.574
248.266 151.725
248.303 157.233
220.695 117.858
199.111 122.667
210.59 114.944
206.412 114.69
179.354 114.347
170.322 118.668
198.526 112.735
365.341 121.74
383.88 121.027
269.874 246.314
258.498 231.447
252.695 225.704
260.728 233.787
256.214 225.908
257.47 227.605
254.894 219.528
260.077 232.416
281.98 299.334
277.903 317.341
278.737 314.465
277.616 323.675
278.07 344.148
278.008 342.255
278.261 352.075
280.609 483.581
277.937 471.708
279.264 483.229
279.857 482.688
275.687 464.48
274.702 461.019
273.827 454.998
164.951 121.624
165.525 120.978
208.509 323.553
207.675 341.625
208.797 316.88
217.778 249.778
210.667 351.111
206.176 388.351
206.819 382.634
204.553 403.745
205.189 399.027
205.751 392.081
207.268 372.108
207.272 377.353
398.887 122.551
398.907 122.581
401.987 122.768
407.96 121.489
467.92 116.281
448.784 117.293
1779
0 0
0 0
0 0
0 0
0 0
0 0
0 0
0 0
0 0
0 0
0 0
0 0
0 0
0 0
0 0
0 0
0 0
0 0
0 0
0 0
0 0
0 0
0 0
0 0
0 0
0 0
0 0
0 0
506 532
0 0
0 0
0 0
0 0
0 0
0 0
0 0
0 0
0 0
0 0
0 0
0 0
0 0
0 0
0 0
0 0
0 0
0 0
0 0
0 0
0 0
0 0
0 0
0 0
0 0
0 0
0 0
0 0
0 0
0 0
0 0
0 0
0 0
0 0
0 0
0 0
0 0
0 0
0 0
0 0
0 0
0 0
0 0
0 0
0 0
0 0
0 0
0 0
0 0
0 0
0 0
0 0
0 0
0 0
0 0
0 0
0 0
0 0
0 0
0 0
0 0
0 0
0 0
0 0
0 0
0 0
0 0
0 0
0 0
0 0
0 0
0 0
0 0
0 0
0 0
0 0
0 0
0 0
0 0
0 0
0 0
0 0
532 48
0 0
0 0
0 0
0 0
0 0
0 0
48 49
0 0
0 0
0 0
49 736
0 0
0 0
0 0
0 0
0 0
0 0
0 0
0 0
0 0
0 0
0 0
0 0
0 0
0 0
0 0
0 0
0 0
0 0
0 0
0 0
0 0
0 0
0 0
0 0
0 0
0 0
0 0
0 0
0 0
0 0
0 0
0 0
0 0
736 737
0 0
0 0
0 0
0 0
0 0
0 0
0 0
0 0
0 0
0 0
0 0
0 0
0 0
0 0
0 0
0 0
0 0
0 0
0 0
0 0
0 0
0 0
0 0
0 0
0 0
0 0
0 0
0 0
0 0
0 0
0 0
0 0
0 0
0 0
0 0
0 0
0 0
0 0
0 0
0 0
0 0
0 0
0 0
0 0
0 0
0 0
0 0
0 0
0 0
0 0
0 0
0 0
0 0
0 0
0 0
0 0
0 0
0 0
0 0
737 589
0 0
0 0
0 0
0 0
0 0
0 0
0 0
0 0
0 0
0 0
0 0
0 0
0 0
0 0
0 0
0 0
0 0
0 0
0 0
0 0
0 0
0 0
0 0
0 0
0 0
0 0
0 0
0 0
0 0
0 0
0 0
0 0
0 0
0 0
0 0
0 0
0 0
0 0
0 0
0 0
0 0
0 0
0 0
0 0
0 0
0 0
0 0
0 0
0 0
0 0
0 0
0 0
0 0
0 0
0 0
0 0
0 0
0 0
0 0
0 0
0 0
0 0
0 0
0 0
0 0
0 0
0 0
0 0
0 0
0 0
0 0
0 0
0 0
0 0
0 0
0 0
0 0
0 0
0 0
0 0
0 0
0 0
0 0
0 0
0 0
0 0
0 0
0 0
0 0
0 0
0 0
0 0
0 0
0 0
0 0
0 0
0 0
0 0
0 0
0 0
0 0
0 0
0 0
0 0
0 0
0 0
0 0
0 0
0 0
0 0
0 0
0 0
0 0
0 0
0 0
0 0
0 0
0 0
0 0
0 0
0 0
0 0
0 0
0 0
0 0
0 0
0 0
0 0
0 0
0 0
0 0
0 0
0 0
0 0
0 0
0 0
0 0
0 0
0 0
0 0
0 0
0 0
0 0
0 0
0 0
0 0
0 0
0 0
0 0
0 0
0 0
0 0
0 0
0 0
0 0
0 0
0 0
0 0
0 0
0 0
0 0
0 0
0 0
0 0
0 0
0 0
0 0
0 0
0 0
0 0
0 0
0 0
0 0
0 0
0 0
0 0
0 0
0 0
0 0
0 0
0 0
0 0
0 0
0 0
0 0
0 0
0 0
0 0
0 0
0 0
0 0
0 0
0 0
0 0
0 0
0 0
0 0
0 0
0 0
0 0
0 0
0 0
0 0
0 0
49 683
0 0
0 0
683 701
0 0
0 0
0 0
0 0
0 0
0 0
0 0
0 0
0 0
0 0
0 0
0 0
0 0
0 0
0 0
0 0
0 0
0 0
0 0
0 0
0 0
0 0
0 0
0 0
0 0
0 0
0 0
0 0
0 0
0 0
701 543
0 0
0 0
0 0
0 0
0 0
0 0
0 0
0 0
0 0
0 0
0 0
0 0
0 0
0 0
0 0
0 0
0 0
0 0
0 0
0 0
0 0
0 0
0 0
0 0
0 0
0 0
0 0
0 0
0 0
0 0
0 0
0 0
0 0
0 0
0 0
0 0
0 0
0 0
0 0
0 0
0 0
543 215
0 0
0 0
0 0
0 0
0 0
0 0
0 0
0 0
0 0
0 0
0 0
0 0
0 0
0 0
0 0
0 0
0 0
0 0
0 0
0 0
0 0
0 0
0 0
0 0
0 0
0 0
0 0
0 0
0 0
0 0
0 0
0 0
0 0
0 0
0 0
0 0
0 0
0 0
0 0
0 0
0 0
0 0
0 0
0 0
0 0
0 0
0 0
0 0
0 0
0 0
0 0
0 0
0 0
0 0
0 0
0 0
0 0
0 0
0 0
0 0
0 0
0 0
0 0
0 0
0 0
0 0
0 0
0 0
0 0
0 0
0 0
0 0
0 0
0 0
0 0
0 0
0 0
0 0
0 0
0 0
0 0
0 0
0 0
0 0
0 0
0 0
0 0
0 0
0 0
0 0
0 0
0 0
0 0
0 0
0 0
0 0
0 0
0 0
0 0
0 0
0 0
0 0
0 0
0 0
0 0
0 0
0 0
0 0
0 0
0 0
0 0
0 0
0 0
0 0
0 0
0 0
0 0
0 0
0 0
0 0
0 0
0 0
0 0
0 0
0 0
0 0
0 0
0 0
0 0
0 0
0 0
0 0
0 0
0 0
0 0
0 0
0 0
0 0
0 0
0 0
0 0
0 0
0 0
0 0
0 0
0 0
0 0
0 0
0 0
0 0
0 0
0 0
683 608
0 0
0 0
0 0
0 0
0 0
0 0
0 0
0 0
0 0
0 0
0 0
0 0
0 0
0 0
0 0
0 0
0 0
0 0
0 0
0 0
0 0
0 0
0 0
0 0
0 0
0 0
0 0
0 0
0 0
0 0
0 0
0 0
0 0
0 0
0 0
0 0
0 0
0 0
0 0
0 0
0 0
0 0
0 0
0 0
0 0
0 0
0 0
0 0
0 0
0 0
0 0
0 0
0 0
0 0
0 0
0 0
0 0
0 0
0 0
0 0
0 0
0 0
0 0
0 0
0 0
0 0
0 0
0 0
0 0
0 0
0 0
0 0
0 0
0 0
683 553
0 0
0 0
0 0
0 0
0 0
0 0
0 0
0 0
0 0
0 0
0 0
0 0
0 0
0 0
0 0
0 0
0 0
0 0
0 0
0 0
0 0
0 0
0 0
0 0
0 0
553 708
0 0
0 0
0 0
0 0
0 0
0 0
0 0
0 0
0 0
0 0
0 0
0 0
0 0
0 0
0 0
0 0
0 0
0 0
0 0
0 0
0 0
0 0
0 0
0 0
0 0
0 0
0 0
0 0
0 0
0 0
0 0
0 0
0 0
0 0
0 0
0 0
0 0
0 0
0 0
0 0
0 0
0 0
0 0
708 749
0 0
0 0
0 0
0 0
0 0
0 0
0 0
0 0
0 0
0 0
0 0
0 0
0 0
0 0
0 0
0 0
0 0
0 0
0 0
0 0
0 0
0 0
0 0
0 0
0 0
0 0
0 0
0 0
0 0
0 0
0 0
0 0
0 0
0 0
0 0
0 0
0 0
0 0
0 0
0 0
0 0
0 0
0 0
0 0
0 0
0 0
0 0
0 0
0 0
0 0
0 0
0 0
0 0
0 0
0 0
0 0
0 0
0 0
0 0
0 0
0 0
0 0
0 0
0 0
0 0
0 0
0 0
0 0
0 0
0 0
0 0
0 0
0 0
0 0
0 0
0 0
0 0
0 0
0 0
0 0
0 0
0 0
0 0
0 0
0 0
0 0
0 0
0 0
0 0
0 0
0 0
0 0
0 0
0 0
0 0
0 0
0 0
0 0
0 0
0 0
0 0
0 0
0 0
0 0
0 0
0 0
0 0
0 0
0 0
0 0
0 0
0 0
0 0
0 0
0 0
0 0
0 0
0 0
0 0
0 0
0 0
0 0
0 0
0 0
0 0
0 0
0 0
0 0
0 0
0 0
0 0
0 0
0 0
0 0
0 0
0 0
0 0
0 0
0 0
0 0
0 0
0 0
0 0
0 0
0 0
0 0
0 0
0 0
0 0
0 0
0 0
0 0
0 0
0 0
0 0
0 0
0 0
0 0
0 0
0 0
0 0
0 0
0 0
0 0
0 0
0 0
0 0
0 0
0 0
0 0
0 0
0 0
0 0
0 0
0 0
0 0
0 0
0 0
0 0
0 0
0 0
0 0
0 0
0 0
0 0
0 0
0 0
0 0
0 0
0 0
0 0
0 0
0 0
0 0
0 0
0 0
0 0
0 0
0 0
0 0
0 0
0 0
0 0
0 0
0 0
0 0
0 0
0 0
0 0
0 0
0 0
0 0
0 0
0 0
0 0
0 0
0 0
0 0
0 0
0 0
0 0
0 0
0 0
0 0
0 0
0 0
0 0
0 0
0 0
0 0
0 0
0 0
0 0
0 0
0 0
0 0
0 0
0 0
0 0
0 0
0 0
0 0
0 0
0 0
0 0
0 0
0 0
0 0
0 0
0 0
0 0
0 0
0 0
0 0
0 0
0 0
0 0
0 0
0 0
0 0
0 0
0 0
0 0
0 0
0 0
0 0
0 0
0 0
0 0
0 0
0 0
0 0
0 0
0 0
0 0
0 0
0 0
0 0
0 0
0 0
0 0
0 0
0 0
0 0
0 0
0 0
0 0
0 0
0 0
0 0
0 0
0 0
0 0
0 0
0 0
0 0
0 0
0 0
0 0
0 0
0 0
0 0
0 0
0 0
0 0
0 0
0 0
0 0
0 0
0 0
0 0
0 0
0 0
0 0
0 0
0 0
0 0
0 0
0 0
0 0
0 0
0 0
0 0
0 0
0 0
0 0
0 0
0 0
0 0
0 0
0 0
0 0
0 0
0 0
0 0
0 0
0 0
0 0
0 0
0 0
0 0
0 0
0 0
0 0
0 0
0 0
0 0
0 0
0 0
0 0
0 0
0 0
0 0
0 0
0 0
0 0
0 0
0 0
0 0
0 0
0 0
0 0
0 0
0 0
0 0
0 0
0 0
0 0
0 0
0 0
0 0
0 0
0 0
0 0
0 0
0 0
0 0
0 0
0 0
0 0
0 0
0 0
0 0
0 0
0 0
0 0
0 0
0 0
0 0
0 0
0 0
0 0
0 0
0 0
0 0
0 0
0 0
0 0
0 0
0 0
0 0
0 0
0 0
0 0
0 0
0 0
0 0
0 0
0 0
0 0
0 0
0 0
0 0
0 0
0 0
0 0
0 0
0 0
0 0
0 0
0 0
0 0
0 0
0 0
0 0
0 0
0 0
0 0
0 0
0 0
0 0
0 0
0 0
0 0
0 0
0 0
0 0
0 0
0 0
0 0
0 0
0 0
0 0
0 0
0 0
0 0
0 0
0 0
0 0
0 0
0 0
0 0
0 0
0 0
0 0
0 0
0 0
0 0
0 0
0 0
0 0
0 0
0 0
0 0
0 0
0 0
0 0
0 0
0 0
0 0
0 0
0 0
0 0
0 0
0 0
0 0
0 0
0 0
0 0
0 0
0 0
0 0
0 0
0 0
0 0
0 0
0 0
0 0
0 0
0 0
0 0
0 0
0 0
0 0
0 0
0 0
0 0
0 0
0 0
0 0
0 0
0 0
0 0
0 0
0 0
0 0
0 0
0 0
0 0
0 0
0 0
0 0
0 0
0 0
0 0
0 0
0 0
0 0
0 0
0 0
0 0
0 0
0 0
0 0
0 0
0 0
0 0
0 0
0 0
0 0
0 0
0 0
0 0
0 0
0 0
0 0
0 0
0 0
0 0
0 0
0 0
0 0
0 0
0 0
0 0
0 0
0 0
0 0
0 0
0 0
0 0
0 0
0 0
0 0
0 0
0 0
0 0
0 0
0 0
0 0
0 0
0 0
0 0
0 0
0 0
0 0
0 0
0 0
0 0
0 0
0 0
0 0
0 0
0 0
0 0
0 0
0 0
0 0
0 0
0 0
0 0
0 0
0 0
0 0
0 0
0 0
0 0
0 0
0 0
0 0
0 0
0 0
0 0
0 0
0 0
0 0
0 0
0 0
0 0
0 0
0 0
0 0
0 0
0 0
0 0
0 0
0 0
0 0
0 0
0 0
0 0
0 0
0 0
0 0
0 0
0 0
0 0
0 0
0 0
0 0
0 0
0 0
0 0
0 0
0 0
0 0
0 0
0 0
0 0
0 0
0 0
0 0
0 0
0 0
0 0
0 0
0 0
0 0
0 0
0 0
0 0
0 0
0 0
0 0
0 0
0 0
0 0
0 0
0 0
0 0
0 0
0 0
0 0
0 0
0 0
0 0
0 0
0 0
0 0
0 0
0 0
0 0
0 0
0 0
0 0
0 0
0 0
0 0
0 0
0 0
0 0
0 0
0 0
0 0
0 0
0 0
0 0
0 0
0 0
0 0
0 0
0 0
0 0
0 0
0 0
0 0
0 0
0 0
0 0
0 0
0 0
0 0
0 0
0 0
0 0
0 0
0 0
0 0
0 0
0 0
0 0
0 0
0 0
0 0
0 0
0 0
0 0
0 0
0 0
0 0
0 0
0 0
0 0
0 0
0 0
0 0
0 0
0 0
0 0
0 0
0 0
0 0
0 0
0 0
0 0
0 0
0 0
0 0
0 0
0 0
0 0
0 0
0 0
0 0
0 0
0 0
0 0
0 0
0 0
0 0
0 0
0 0
0 0
0 0
0 0
0 0
0 0
0 0
0 0
0 0
0 0
0 0
0 0
0 0
0 0
0 0
0 0
0 0
0 0
0 0
0 0
0 0
0 0
0 0
0 0
0 0
0 0
0 0
0 0
0 0
0 0
0 0
0 0
0 0
0 0
0 0
0 0
0 0
0 0
0 0
0 0
0 0
0 0
0 0
0 0
0 0
0 0
0 0
0 0
0 0
0 0
0 0
0 0
0 0
0 0
0 0
0 0
0 0
0 0
0 0
0 0
0 0
0 0
0 0
0 0
0 0
0 0
0 0
0 0
0 0
0 0
0 0
0 0
0 0
0 0
0 0
0 0
0 0
0 0
0 0
0 0
0 0
0 0
0 0
0 0
0 0
0 0
0 0
0 0
0 0
0 0
0 0
0 0
0 0
0 0
0 0
0 0
0 0
0 0
0 0
0 0
0 0
0 0
0 0
0 0
0 0
0 0
0 0
0 0
0 0
0 0
0 0
0 0
0 0
0 0
0 0
0 0
0 0
0 0
0 0
0 0
0 0
0 0
0 0
0 0
0 0
0 0
0 0
0 0
0 0
0 0
0 0
0 0
0 0
0 0
0 0
0 0
0 0
0 0
0 0
0 0
0 0
0 0
0 0
0 0
0 0
0 0
0 0
0 0
0 0
0 0
0 0
0 0
0 0
0 0
0 0
0 0
0 0
0 0
0 0
0 0
0 0
0 0
0 0
0 0
0 0
0 0
0 0
0 0
0 0
0 0
0 0
0 0
0 0
0 0
0 0
0 0
0 0
0 0
0 0
0 0
0 0
0 0
0 0
0 0
0 0
0 0
0 0
0 0
0 0
0 0
0 0
0 0
0 0
0 0
0 0
0 0
0 0
0 0
0 0
0 0
0 0
0 0
0 0
0 0
0 0
0 0
0 0
0 0
0 0
0 0
0 0
0 0
0 0
0 0
0 0
0 0
0 0
0 0
0 0
0 0
0 0
0 0
0 0
0 0
0 0
0 0
0 0
0 0
0 0
0 0
0 0
0 0
0 0
0 0
0 0
0 0
0 0
0 0
0 0
0 0
0 0
0 0
1779
0 1
470 0
0 726
1 2
3 1
726 1
2 3
3 4
3 726
4 5
726 4
5 6
5 497
726 5
6 7
497 6
7 8
497 7
729 7
8 9
729 8
9 10
729 9
9 730
10 11
730 10
11 12
730 11
12 13
12 506
730 12
13 14
506 13
14 15
14 505
506 14
541 14
15 16
15 505
16 17
505 16
16 542
17 18
542 17
18 19
18 507
542 18
19 20
19 507
20 21
507 20
20 536
21 22
21 534
21 536
22 23
22 534
23 24
534 23
24 25
530 24
24 534
25 26
25 530
26 27
26 530
531 26
27 28
531 27
28 29
531 28
29 30
29 531
29 532
30 31
532 30
31 32
33 31
496 31
532 31
722 31
32 33
33 34
722 33
34 35
722 34
35 36
717 35
718 35
35 722
36 37
36 718
37 38
37 718
38 39
689 38
38 718
39 40
39 689
40 41
40 688
689 40
41 42
41 688
42 43
42 688
43 44
688 43
43 694
44 45
44 694
45 46
694 45
45 696
46 47
46 696
47 48
47 696
48 49
48 696
697 48
710 48
49 50
49 578
600 49
49 622
710 49
50 51
50 578
51 52
578 51
52 53
578 52
601 52
53 54
53 601
54 55
546 54
601 54
55 56
546 55
56 57
546 56
56 586
57 58
57 586
58 59
586 58
59 60
59 547
586 59
60 61
60 547
60 736
61 62
61 736
62 63
736 62
62 737
63 64
63 737
64 65
737 64
65 66
521 65
65 737
66 67
66 521
67 68
67 521
67 649
68 69
68 649
743 68
69 70
743 69
70 71
70 743
744 70
71 72
71 744
72 73
744 72
73 74
739 73
744 73
74 75
739 74
75 76
738 75
739 75
76 77
738 76
76 740
77 78
77 740
78 79
78 645
78 740
79 80
645 79
80 81
80 645
81 82
522 81
645 81
82 83
522 82
83 84
522 83
83 570
83 592
84 85
84 592
85 86
85 592
86 87
592 86
87 88
592 87
594 87
88 89
88 594
89 90
594 89
89 605
90 91
90 605
91 92
91 605
92 93
593 92
605 92
93 94
95 93
593 93
94 95
95 96
97 95
593 95
95 682
96 97
97 98
97 682
98 99
98 682
99 100
99 682
100 101
100 503
100 682
101 102
101 503
102 103
104 102
105 102
503 102
103 104
104 105
105 106
503 105
106 107
106 503
107 108
107 503
108 109
108 503
108 591
109 110
591 109
110 111
110 590
110 591
111 112
111 590
112 113
590 112
113 114
589 113
113 590
114 115
114 589
115 116
570 115
589 115
116 117
522 116
116 570
117 118
117 522
118 119
118 522
118 646
119 120
119 646
120 121
644 120
120 646
120 741
121 122
741 121
122 123
122 741
123 124
741 123
124 125
124 741
124 742
125 126
125 742
126 127
647 126
126 742
127 128
647 127
128 129
647 128
129 130
129 526
129 647
130 131
526 130
131 132
131 526
132 133
526 132
132 648
133 134
648 133
734 133
134 135
734 134
135 136
135 734
136 137
733 136
734 136
136 735
137 138
735 137
138 139
735 138
139 140
630 139
735 139
140 141
140 630
141 142
141 512
630 141
142 143
512 142
143 144
512 143
143 544
144 145
544 144
145 146
544 145
146 147
146 498
146 544
147 148
147 498
148 149
148 498
577 148
149 150
577 149
150 151
150 577
151 152
577 151
151 638
152 153
152 638
153 154
636 153
153 638
154 155
636 154
155 156
515 155
155 636
156 157
156 515
157 158
515 157
157 567
158 159
567 158
159 160
159 567
160 161
160 567
160 603
161 162
603 161
162 163
162 603
163 164
163 603
163 609
164 165
609 164
165 166
165 609
623 165
166 167
166 623
167 168
617 167
623 167
168 169
168 617
169 170
169 617
170 171
170 617
667 170
699 170
171 172
667 171
171 672
172 173
672 172
173 174
173 672
173 700
174 175
700 174
703 174
175 176
175 701
703 175
176 177
701 176
705 176
177 178
177 705
178 179
178 705
732 178
179 180
732 179
180 181
732 180
181 182
731 181
181 732
182 183
731 182
183 184
628 183
183 731
184 185
628 184
185 186
185 628
185 629
186 187
629 186
187 188
508 187
629 187
188 189
188 508
189 190
189 508
543 189
190 191
543 190
191 192
191 509
543 191
192 193
509 192
193 194
193 509
194 195
509 194
195 196
509 195
520 195
196 197
196 520
197 198
520 197
197 569
198 199
198 569
199 200
199 501
539 199
569 199
200 201
539 200
201 202
201 539
202 203
202 231
232 202
202 539
203 204
230 203
203 231
204 205
214 204
215 204
204 229
230 204
205 206
214 205
206 207
206 214
207 208
213 207
207 214
208 209
208 211
212 208
208 213
209 210
209 211
210 211
211 212
212 213
213 214
214 215
215 216
227 215
228 215
215 229
216 217
216 226
227 216
217 218
225 217
217 226
218 219
224 218
218 225
219 220
219 223
224 219
220 221
222 220
220 223
221 222
222 223
223 224
224 225
225 226
226 227
227 228
228 229
229 230
230 231
231 232
232 233
232 539
233 234
233 539
234 235
234 501
539 234
235 236
501 235
236 237
501 236
237 238
501 237
237 569
238 239
520 238
238 569
239 240
517 239
239 520
240 241
240 517
241 242
517 241
595 241
242 243
595 242
243 244
243 595
244 245
244 571
595 244
245 246
571 245
246 247
246 523
571 246
247 248
247 523
248 249
523 248
249 250
523 249
249 626
250 251
626 250
250 627
251 252
627 251
252 253
252 627
253 254
502 253
253 627
639 253
253 641
254 255
254 257
254 641
255 256
257 255
256 257
257 258
257 641
258 259
260 258
519 258
258 641
259 260
260 261
519 260
261 262
261 519
262 263
510 262
262 519
263 264
263 510
264 265
510 264
678 264
265 266
265 527
265 678
266 267
268 266
266 527
267 268
268 269
268 527
268 684
269 270
269 684
270 271
525 270
608 270
684 270
271 272
525 271
272 273
272 525
273 274
525 273
574 273
274 275
574 274
275 276
275 511
574 275
276 277
511 276
277 278
511 277
278 279
511 278
279 280
279 511
643 279
280 281
280 643
281 282
281 643
282 283
282 643
283 284
283 643
284 285
284 518
643 284
285 286
287 285
518 285
286 287
287 288
287 518
288 289
288 518
573 288
289 290
573 289
290 291
290 573
291 292
291 524
291 573
292 293
292 524
293 294
293 524
294 295
294 524
294 572
295 296
295 572
596 295
606 295
296 297
606 296
297 298
297 299
297 606
298 299
299 300
606 299
300 301
300 606
301 302
301 606
301 683
302 303
559 302
683 302
303 304
303 548
303 558
559 303
304 305
548 304
305 306
548 305
306 307
548 306
307 308
514 307
307 548
308 309
308 514
309 310
309 514
309 549
310 311
310 549
311 312
311 549
311 681
312 313
312 681
313 314
680 313
313 681
314 315
680 314
315 316
315 680
316 317
540 316
585 316
680 316
317 318
317 540
318 319
540 318
319 320
540 319
319 581
320 321
581 320
321 322
581 321
322 323
581 322
323 324
323 581
323 746
324 325
324 746
325 326
746 325
326 327
326 745
326 746
327 328
745 327
327 748
328 329
328 748
329 330
748 329
749 329
330 331
330 749
331 332
331 749
332 333
749 332
750 332
333 334
750 333
334 335
334 362
363 334
334 750
335 336
361 335
362 335
336 337
351 336
361 336
337 338
337 351
338 339
350 338
351 338
339 340
339 349
339 350
340 341
340 348
349 340
341 342
341 347
348 341
342 343
346 342
342 347
343 344
345 343
346 343
344 345
345 346
346 347
347 348
348 349
349 350
350 351
351 352
351 360
361 351
352 353
358 352
359 352
352 360
353 354
353 357
358 353
354 355
354 356
357 354
355 356
356 357
357 358
358 359
359 360
360 361
361 362
362 363
363 364
363 750
364 365
364 750
365 366
365 750
366 367
366 749
366 750
367 368
748 367
749 367
368 369
748 368
369 370
369 745
748 369
370 371
370 745
747 370
371 372
747 371
372 373
372 747
373 374
373 747
374 375
583 374
374 747
375 376
375 583
376 377
582 376
583 376
377 378
377 582
378 379
378 582
584 378
379 380
379 584
380 381
584 380
381 382
381 584
381 707
382 383
382 707
383 384
707 383
383 708
384 385
384 708
385 386
708 385
386 387
386 551
386 708
387 388
387 551
388 389
551 388
389 390
389 551
389 552
390 391
552 390
391 392
391 552
391 554
392 393
494 392
392 554
393 394
494 393
393 676
394 395
674 394
394 676
395 396
674 395
396 397
664 396
674 396
397 398
397 664
398 399
664 398
666 398
399 400
399 537
666 399
400 401
400 537
401 402
500 401
537 401
402 403
402 500
403 404
403 405
500 403
404 405
405 406
500 405
405 538
405 715
406 407
406 715
407 408
715 407
408 409
408 714
408 715
409 410
409 714
410 411
410 714
410 716
411 412
513 411
716 411
412 413
513 412
413 414
413 513
631 413
414 415
631 414
415 416
415 631
633 415
416 417
416 633
417 418
417 632
633 417
418 419
418 632
690 418
419 420
690 419
420 421
690 420
692 420
421 422
692 421
422 423
422 692
423 424
691 423
692 423
424 425
424 691
424 695
425 426
695 425
426 427
426 695
427 428
693 427
695 427
428 429
693 428
720 428
429 430
720 429
430 431
430 720
721 430
431 432
721 431
723 431
432 433
432 723
433 434
723 433
434 435
533 434
723 434
435 436
533 435
579 435
436 437
579 436
437 438
579 437
438 439
529 438
438 579
439 440
529 439
440 441
499 440
440 529
441 442
499 441
442 443
499 442
535 442
443 444
535 443
444 445
535 444
580 444
445 446
580 445
446 447
507 446
580 446
447 448
447 507
448 449
505 448
507 448
448 542
449 450
449 505
450 451
505 450
450 541
451 452
541 451
452 453
452 506
452 541
453 454
453 506
453 728
454 455
728 454
455 456
728 455
456 457
456 725
728 456
457 458
457 725
458 459
725 458
459 460
459 724
459 725
460 461
460 724
461 462
461 724
462 463
462 464
462 465
462 724
463 464
464 465
465 466
465 724
466 467
724 466
727 466
467 468
467 727
468 469
468 727
469 470
469 727
726 470
470 727
604 471
619 471
621 471
471 711
712 471
713 471
508 472
509 472
472 517
472 523
543 472
472 571
472 595
599 473
640 473
642 473
704 473
706 473
474 511
474 518
524 474
525 474
573 474
474 574
575 474
612 475
614 475
618 475
475 669
475 677
498 476
512 476
476 528
544 476
476 545
476 546
601 476
477 528
477 578
600 477
636 477
477 637
638 477
526 478
478 647
478 738
478 739
742 478
478 743
744 478
589 479
479 590
479 591
479 593
594 479
605 479
545 480
480 547
630 480
480 733
735 480
480 736
631 481
481 632
635 481
481 696
481 697
481 709
482 514
548 482
550 482
482 552
482 553
558 482
483 549
550 483
483 551
681 483
483 708
686 484
687 484
688 484
689 484
691 484
484 693
719 484
485 499
529 485
485 530
485 531
532 485
533 485
579 485
538 486
619 486
624 486
486 713
486 714
715 486
515 487
567 487
487 588
602 487
604 487
621 487
625 487
609 488
610 488
488 612
488 615
617 488
623 488
489 500
537 489
616 489
618 489
489 666
669 489
557 490
490 562
563 490
566 490
658 490
490 665
670 490
491 657
491 659
660 491
491 662
491 667
491 671
698 491
650 492
492 651
492 652
492 653
492 655
656 492
565 493
572 493
597 493
607 493
493 654
553 494
554 494
494 556
557 494
676 494
495 655
659 495
495 671
672 495
673 495
700 495
495 702
496 532
496 533
496 721
722 496
723 496
497 724
497 725
497 726
728 497
497 729
498 528
498 544
577 498
529 499
530 499
499 534
499 535
537 500
500 538
616 500
501 539
501 569
502 627
628 502
502 639
502 731
591 503
503 593
682 503
504 540
504 581
504 582
504 583
504 745
504 746
504 747
505 541
542 505
541 506
728 506
506 730
507 536
542 507
507 580
508 523
508 543
508 626
629 508
517 509
520 509
543 509
519 510
599 510
642 510
678 510
511 518
511 574
643 511
544 512
512 545
512 630
631 513
709 513
712 513
513 716
514 548
514 549
514 550
515 567
588 515
515 636
637 515
516 639
640 516
516 704
705 516
516 731
732 516
520 517
517 595
573 518
518 643
519 641
642 519
520 569
648 521
521 649
734 521
737 521
570 522
522 645
522 646
571 523
523 626
524 572
524 573
575 524
525 574
525 575
525 608
647 526
648 526
649 526
743 526
527 576
527 652
653 527
678 527
684 527
528 577
578 528
601 528
528 638
529 579
530 531
534 530
532 531
533 532
533 579
723 533
535 534
536 534
535 536
535 580
536 580
537 666
538 616
624 538
538 715
540 581
540 582
540 584
585 540
545 546
545 547
586 545
545 630
586 546
546 601
586 547
736 547
558 548
550 549
681 549
551 550
552 550
551 552
708 551
553 552
552 554
554 553
556 553
558 553
555 556
555 557
555 558
555 559
561 555
555 563
556 557
556 558
557 563
557 665
676 557
558 559
559 561
683 559
560 561
562 560
560 565
560 596
607 560
683 560
562 561
563 561
683 561
562 563
565 562
566 562
565 564
566 564
564 650
656 564
657 564
658 564
566 565
565 607
565 650
565 651
565 654
658 566
602 567
603 567
588 568
600 568
568 622
568 625
568 637
589 570
592 570
571 595
575 572
572 596
572 597
572 607
575 597
575 608
599 576
653 576
673 576
576 678
576 706
577 638
600 578
578 601
581 746
582 583
584 582
583 747
585 584
584 707
680 585
707 585
587 602
604 587
587 610
587 611
614 587
620 587
588 625
588 637
589 590
592 589
589 594
591 590
591 593
594 592
605 593
593 682
605 594
606 596
607 596
596 683
597 598
608 597
597 654
598 608
598 651
598 652
598 654
598 684
599 642
599 678
706 599
600 622
600 637
602 603
604 602
611 602
609 603
611 603
604 619
604 620
621 604
683 606
684 608
610 609
609 611
609 623
610 611
612 610
614 610
614 612
612 615
677 612
615 613
613 617
662 613
613 668
613 677
698 613
699 613
614 616
614 618
620 614
615 617
677 615
618 616
616 620
624 616
617 623
699 617
669 618
619 620
619 624
619 713
620 624
621 622
621 625
711 621
625 622
622 710
711 622
626 627
626 628
626 629
627 628
629 628
731 628
735 630
631 632
633 631
709 631
632 633
632 635
632 686
632 690
634 635
686 634
634 687
634 694
634 696
635 686
635 696
636 637
636 638
640 639
639 641
639 731
640 641
640 642
704 640
641 642
644 645
646 644
740 644
644 741
646 645
645 740
742 647
648 649
734 648
743 649
650 651
650 656
652 651
654 651
653 652
684 652
655 653
673 653
655 656
659 655
673 655
656 657
659 656
657 658
659 657
657 660
658 660
663 658
670 658
659 671
662 660
663 660
661 662
661 663
664 661
661 668
669 661
675 661
662 663
662 668
662 698
670 663
663 675
664 666
664 669
664 674
664 675
670 665
665 674
665 675
665 676
669 666
671 667
667 672
698 667
667 699
668 669
677 668
677 669
675 670
671 672
672 700
673 702
706 673
675 674
674 676
679 680
681 679
707 679
708 679
681 680
707 680
708 681
685 697
709 685
685 710
685 711
712 685
687 686
690 686
686 691
686 692
687 688
694 687
688 689
688 694
718 689
689 719
692 690
692 691
693 691
695 691
695 693
719 693
720 693
696 694
697 696
709 697
710 697
699 698
702 700
700 703
701 702
701 703
704 701
705 701
701 706
702 703
702 706
704 705
706 704
705 732
707 708
709 712
711 710
712 711
713 712
712 716
714 713
713 716
715 714
716 714
717 718
717 719
720 717
717 721
717 722
719 718
719 720
720 721
722 721
723 721
725 724
726 724
727 724
728 725
726 727
729 728
730 728
730 729
732 731
733 734
733 735
733 736
737 733
737 734
737 736
739 738
738 740
741 738
742 738
744 739
741 740
742 741
744 743
745 746
745 747
748 745
749 748
750 749
