699
189 480
185 478
185 475
186 470
190 467
194 463
194 458
194 453
195 448
195 443
195 438
195 433
195 428
195 423
195 418
194 413
194 408
192 404
192 399
191 394
191 389
189 385
189 380
189 375
191 371
188 368
186 364
184 360
184 355
184 350
184 345
184 340
186 336
188 332
189 327
191 323
192 318
192 313
194 309
194 304
192 300
191 295
189 291
189 286
191 282
191 277
191 272
191 267
191 262
191 257
191 252
191 247
192 242
193 238
194 233
195 228
195 223
197 219
198 214
201 210
201 205
202 201
203 196
203 191
202 186
201 183
201 178
201 173
201 168
201 163
199 158
197 154
197 149
195 145
194 140
192 136
191 131
186 130
181 129
178 131
173 129
168 129
163 129
158 129
153 129
148 129
143 129
139 132
134 133
129 133
124 132
119 132
115 131
110 130
106 132
102 131
98 132
93 132
88 132
83 132
79 130
74 130
69 130
64 130
60 133
55 134
51 135
47 138
43 141
38 141
37 137
42 135
40 132
35 132
30 132
25 132
20 132
15 132
11 130
7 128
11 126
15 125
20 124
25 124
29 122
33 119
38 119
42 118
46 117
51 116
56 115
60 114
65 113
69 111
74 111
79 109
82 110
86 108
91 108
94 108
99 108
104 107
108 105
111 105
116 105
121 104
126 104
131 104
135 102
139 104
144 104
149 104
154 104
158 102
162 102
167 101
171 99
176 98
180 96
185 95
189 93
194 92
199 92
203 90
207 87
211 84
216 84
221 83
224 80
224 75
221 72
221 67
219 62
220 59
217 56
218 51
218 46
221 42
223 38
224 33
226 29
229 25
233 22
237 19
242 19
247 19
252 20
256 23
259 26
262 30
263 35
264 40
265 44
265 49
265 54
265 59
265 64
266 69
266 74
265 79
270 80
273 84
277 86
281 83
285 85
289 88
293 92
298 93
302 95
307 96
311 97
316 99
320 102
324 103
328 102
332 104
337 104
342 104
347 104
352 105
356 107
360 105
365 105
370 105
375 105
379 107
384 107
389 108
394 108
398 109
403 110
408 111
413 111
417 113
422 113
426 115
431 116
436 117
440 119
445 119
449 121
454 122
458 123
463 124
468 125
473 125
476 128
472 131
468 132
463 132
458 132
454 130
449 131
445 132
445 136
449 138
446 141
442 140
437 138
433 135
429 133
424 132
420 129
415 129
410 129
406 128
402 129
397 129
392 130
387 130
382 130
378 132
373 132
368 132
364 130
359 130
354 130
349 130
344 130
339 129
334 129
329 130
324 130
319 130
314 130
309 130
304 129
299 130
295 132
292 136
291 141
290 145
289 150
287 154
285 159
283 163
283 168
283 173
283 178
283 183
282 188
283 193
283 198
282 203
285 207
287 212
290 216
289 219
289 224
289 229
291 233
291 238
292 243
294 247
294 252
295 257
295 262
295 267
295 272
295 277
295 282
294 287
293 291
292 296
292 301
292 306
294 310
295 315
297 319
298 324
299 329
300 333
300 338
300 343
300 348
298 352
297 357
295 361
297 365
294 368
295 373
295 378
297 382
295 386
295 391
294 396
294 401
292 405
292 410
291 415
291 420
289 424
289 429
289 434
291 438
291 443
291 448
291 453
292 458
292 463
295 467
298 471
301 475
300 480
295 480
290 480
285 480
280 480
275 480
271 478
269 474
270 469
269 464
269 459
270 454
270 449
270 444
270 439
270 434
270 429
270 424
269 419
268 414
266 410
265 405
263 401
262 396
261 392
260 387
260 382
260 377
259 372
258 368
258 363
260 359
260 354
257 350
256 349
255 344
255 340
253 336
252 331
252 326
250 322
249 317
247 313
246 308
246 303
246 298
247 293
247 288
244 284
244 279
242 278
240 282
240 287
240 292
240 297
242 301
240 305
239 310
237 314
237 319
236 324
234 328
234 333
232 337
233 341
233 346
230 349
230 352
226 353
226 358
226 363
228 367
226 371
226 376
225 381
225 386
225 391
224 395
222 400
221 404
219 409
218 413
217 418
216 423
216 428
216 433
216 438
216 443
216 448
216 453
217 458
216 463
216 468
217 473
215 477
211 480
206 480
201 480
196 480
191 480
190 480
217.425 268.212
242.815 131.079
266.7 137.05
243.004 102.004
244.451 77.5
205.286 347.5
216.081 306.5
242.161 180.568
243.377 41.5246
268.935 300.5
257.728 247.254
269.363 274.5
276.119 330.976
224.655 150.638
262.657 180.5
222.252 184.55
177 113.742
208.5 367
277.383 362.055
277.729 382
88.9286 119.929
161.138 115.55
206.679 400.46
291.426 111.722
326.375 116.5
363.043 117.442
259.868 96.1109
196.638 356.914
213.07 328.071
240.793 30.3782
232.674 51.5814
272.883 237.304
228.485 230.719
257.188 279.604
284.4 344.256
210.778 150.661
204.008 381.387
205.74 316.331
211.931 227.04
132.925 118.456
266.812 217.327
209.157 288.5
350.923 118.02
194.627 346.387
218.576 340.929
251.252 33.8262
233.503 37.9408
251.326 263.327
267.645 287.475
250.897 272.675
280.739 282.607
258.583 294.949
258.525 307.484
271.736 315.925
204.331 468.443
281.666 468.44
219.319 108.275
215.16 96.4794
212.531 128.823
229.304 98.123
100.518 119.498
78.8172 119.89
168.548 110.08
169.643 119.686
310.98 114.617
199.078 366.062
248.327 57.5153
287.812 332.906
283.789 320.895
281.307 309.816
270.126 343.935
217.741 166.014
214.422 376.744
201.695 327.015
200.92 337.708
205.042 305.242
145.445 116.578
215.388 351.208
281.725 269.189
264.535 326.186
205.362 457.091
217.699 140.227
205.852 139.88
227.759 128.794
201.76 129.863
194.618 113.757
205.936 106.363
206.1 118.513
216.969 118.894
222.869 91.8149
239.152 89.482
251.163 87.6311
234.405 80.2199
235.881 65.7591
113.17 117.607
69.7053 120.863
319.237 110.987
318.047 120.715
300.431 118.383
302.07 106.749
293.345 101.951
275.813 103.582
281.643 95.1447
241.949 50.7281
280.438 298.097
277.094 351.658
210.145 160.203
210.187 336.914
153.559 120.152
216.341 361.022
269.702 258.248
280.599 250.256
264.095 336.08
259.136 317.604
233.643 140.773
251.219 148.217
243.82 141.216
254.514 135.038
238.387 154.368
254.229 116.615
251.095 125.877
237.325 116.505
226.891 115.521
195.562 102.843
184.975 106.068
245.934 67.4195
254.924 73.8912
229.012 59.8612
123.207 114.326
276.134 290.266
285.054 259.491
270.289 247.623
281.822 240.753
251.764 165.813
228.988 161.829
239.989 166.036
226.961 173.587
245.81 111.466
255.051 105.814
266.227 112.097
266.486 102.736
278.898 116.708
264.092 124.618
275.768 128.659
286.304 125.033
278.469 140.674
267.779 154.466
270.524 145.554
235.986 125.331
234.211 106.923
255.319 64.2154
247.604 157.135
235.942 174.069
283.222 371.929
206 412.453
205.5 422.942
205.5 433.451
205.5 443.999
201.199 391.504
213.059 389.349
224.915 207.695
216.083 247.439
257.871 230.955
338.684 116.693
233.913 262.56
280.681 457.303
253.539 47.1404
201.411 295.472
185.804 119.488
262.015 266.217
252.396 176.727
264.935 167.427
273.295 162.469
272.351 175.455
222.202 219.904
211.419 215.343
213.677 203.596
222.735 196.22
213.623 190.752
233.679 189.922
218.556 236.313
205.922 239.343
203.991 252.192
213.274 258.05
224.668 255.389
204.209 267.682
229.116 243.447
210.445 277.197
243.133 236.372
224.952 281.263
201.286 281.878
203.641 230.61
199.687 259.999
242.274 216.793
232.659 221.062
252.485 239.058
241.471 250.504
227.606 271.036
247.817 226.358
254.565 216.06
247.459 200.324
251.075 188.765
264.902 199.436
261.5 208.846
272.333 207.965
242.762 259.711
260.916 190.307
271.231 187.08
273.749 196.169
268.024 227.869
277.66 221.42
279.671 230.685
263.253 239.153
221.305 294.159
230.266 289.729
227.946 304.246
250.566 253.713
236.849 206.034
270.958 372.142
375.552 119.145
386.674 118.879
396.717 118.961
223.118 318.478
223.538 328.977
212.944 176.998
278.5 397.449
271.199 390.07
284.86 389.388
279.629 409.771
279.5 420.056
200 114.001
280 114.238
232.097 250.667
135.111 118.306
337.778 119.194
699
187.051 477.787
186.666 477.58
186.846 477.669
189.319 476.718
192.29 475.438
206.226 469.815
206.224 460.061
206.082 454.184
205.997 451.458
205.713 442.681
205.498 437.867
205.309 433.323
205.243 428.756
205.156 423.971
205.51 418.006
205.855 412.337
206.753 404.742
206.962 402.964
207.403 399.07
207.817 394.294
207.415 387.961
207 384.255
206.521 380.846
206.103 378.198
205.279 372.912
202.94 358.542
202.13 355.103
201.884 354.937
202.142 352.327
202.085 350.715
201.496 347.77
201.426 347.501
202.394 347.142
204.781 344.045
207.624 338.799
210.523 333.386
213.18 323.728
214.474 317.569
212.896 311.428
209.529 299.06
206.696 290.97
204.719 289.617
204.228 289.121
203.743 288.362
204.378 285.878
205.562 277.694
205.878 273.974
206.503 263.094
206.379 258.793
206.701 255.248
207.437 251.538
208.006 248.783
208.516 247.373
210.368 243.189
212.333 238.197
213.189 233.545
213.705 231.924
214.608 231.209
218.684 227.067
224.157 220.549
227.53 212.689
229.52 208.037
230.452 198.243
230.12 186.567
227.56 179.666
226.919 180.406
227.687 178.685
229.681 173.733
230.961 166.013
229.924 154.607
227.447 144.893
226.238 142.61
226.331 138.753
225.663 133.437
223.669 126.432
219.932 120.224
207.164 112.662
188.787 108.465
174.596 111.107
172.84 111.219
172.021 111.554
165.914 114.07
161.559 115.964
157.245 116.666
152.841 117.177
146.356 117.705
135.948 118.44
133.762 118.586
132.454 118.704
130.625 118.452
128.46 118.153
121.147 117.356
116.905 117.096
105.774 118.222
103.332 118.642
100.511 119.126
96.6056 119.303
94.311 119.384
87.3683 119.611
84.573 119.399
82.9011 119.297
74.4598 119.319
68.0819 119.906
64.0051 120.934
54.9651 123.906
51.0957 125.357
46.4568 126.946
44.7234 134.741
41.432 137.714
39.8413 139.016
38.2115 140.349
42.2277 136.992
35.6375 128.98
36.8523 124.794
29.0372 126.409
24.1762 127.927
19.4249 128.559
15.1764 128.519
11.2792 127.973
7.00714 127.767
9.06785 127.863
12.0855 128.187
15.8464 128.368
23.9938 127.111
30.1828 126.035
34.1883 124.341
39.0315 125.21
44.7518 126.385
46.8433 126.828
51.5731 125.186
58.7805 122.685
61.2976 121.605
67.0553 120.167
70.4067 119.443
75.7475 119.267
80.3151 119.122
82.408 119.288
86.255 119.504
89.657 119.55
91.0293 119.499
99.4613 119.226
107.795 117.875
110.501 117.183
110.911 117.065
115.795 117.094
121.812 117.406
126.992 117.943
132.728 118.674
134.478 118.556
135.16 118.498
141.764 118.05
149.054 117.453
156.687 116.792
160.717 116.241
163.2 115.203
168.977 112.782
173.513 110.941
175.944 109.955
182.758 107.634
188.852 107.735
190.572 107.934
194.384 108.435
205.451 110.489
216.048 111.026
220.012 109.364
219.817 108.976
224.351 110.518
236.254 103.627
241.833 91.3017
243.12 63.4846
242.636 59.1865
241.409 51.7047
238.495 49.6195
237.644 49.358
233.506 50.2276
235.988 49.5979
238.769 48.4946
241.042 45.8783
242.874 36.7933
243.426 33.7184
243.639 31.9563
243.894 30.4605
243.611 28.8489
243.504 28.4065
243.69 28.7409
245.269 29.6361
246.51 28.9158
247.114 28.48
246.746 28.9309
246.654 29.1681
244.712 32.0958
243.433 37.1687
243.176 38.1954
242.461 41.4484
242.427 46.8442
242.901 52.9533
243.45 59.9892
244.019 67.8217
244.592 76.2028
243.964 96.6053
253.569 103.504
260.45 109.129
275.278 107.315
288.105 88.342
285.991 91.4715
279.75 102.36
284.17 107.655
292.441 108.143
298.965 108.22
305.357 109.091
307.914 110.09
309.933 110.783
317.541 114.044
324.137 116.716
326.905 116.968
328.498 117.112
336.927 117.216
342.316 117.255
346.212 117.326
349.843 117.38
359.665 117.72
362.687 117.824
366.269 118.042
370.094 118.49
372.893 118.808
376.494 119.015
382.693 118.936
388.976 118.853
393.966 118.783
396.775 118.732
401.96 119.078
405.812 119.295
412.2 119.543
447.011 131.785
420.317 120.463
423.865 121.437
431.575 124.413
434.538 125.59
438.588 127.198
443.314 126.166
445.227 125.632
453.605 125.926
458.628 127.186
462.827 128.336
471.109 128.392
473.357 127.856
475.51 127.339
473.966 127.71
468.207 129.075
463.274 128.404
459.808 127.527
465.379 127.932
446.847 125.159
442.058 126.439
444.526 137.42
447.319 139.815
446.087 139.429
442.999 138.868
440.544 131.408
438.483 127.127
433.999 125.374
428.47 123.193
421.764 120.833
415.625 119.507
411.495 119.54
406.582 119.394
402.288 119.103
397.054 118.745
391.735 118.814
386.626 118.886
379.433 118.977
375.693 119.05
373.764 118.919
372.602 118.779
370.27 118.512
357.515 117.644
354.39 117.534
349.335 117.375
345.384 117.317
340.339 117.216
330.629 117.265
327.989 117.295
324.979 116.946
322.196 116.154
319.191 114.788
317.284 113.89
307.002 109.971
291.886 108.84
277.396 109.759
266.149 119.873
259.718 128.989
259.187 133.249
258.946 134.64
257.579 138.962
255.235 145.523
254.388 154.946
254.883 165.68
255.604 173.049
256.314 177.964
256.408 180.004
256.717 188.441
257.392 194.756
257.543 198.867
258.886 209.966
264.457 220.095
268.197 232.792
286.458 220.023
277.664 222.668
268.447 226.897
269.676 234.399
271.541 238.735
272.874 242.842
275.567 249.502
277.336 252.392
277.665 254.465
278.545 257.713
278.692 260.107
278.708 261.885
278.457 268.411
278.033 275.011
277.923 276.811
277.387 279.425
276.159 283.326
274.27 292.254
272.367 303.246
271.263 312.756
272.463 320.079
273.198 322.919
275.412 329.493
276.72 332.672
278.32 336.163
278.725 337.08
278.745 337.803
279.082 340.872
279.177 342.214
278.795 344.229
278.538 346.924
277.125 360.925
276.998 362.738
276.807 365.502
276.662 376.441
276.769 383.601
276.92 385.91
276.917 386.236
277.103 390.722
277.46 395.716
277.917 399.715
278.188 401.624
279.314 409.656
279.599 415.135
279.831 419.132
279.814 422.797
279.736 420.841
279.939 434.921
279.966 439.798
280.073 443.429
280.136 447.571
280.24 454.144
280.34 461.188
280.405 468.744
287.396 472.372
294.962 475.74
300.346 478.139
301.126 478.487
296.77 476.545
288.246 472.753
284.056 470.891
277.913 471.965
275.138 474.929
272.042 478.061
276.864 473.067
278.138 471.741
280.406 465.767
280.353 461.595
280.269 455.928
280.224 453.139
280.081 443.827
279.95 439.272
279.82 434.76
279.694 429.749
279.794 424.03
279.729 417.441
279.415 411.208
278.877 406.474
278.509 403.843
277.568 397.161
277.327 393.972
277.152 391.691
277.004 388.645
276.795 384.286
276.68 377.475
276.631 371.37
276.702 369.348
276.751 368.213
277.697 355.137
278.501 345.982
278.077 340.926
277.938 342.133
277.972 341.009
277.312 336.902
276.121 332.835
275.448 330.83
272.48 322.137
270.349 316.107
269.657 312.375
268.773 310.551
268.757 310.321
269.911 309.335
271.142 305.167
273.425 297.537
274.398 272.01
273.376 264.17
261.414 249.856
230.283 243.737
212.683 248.981
208.335 284.483
209.834 296.777
212.088 304.149
223.316 305.316
215.821 304.587
213.026 305.718
213.341 310.786
214.474 316.25
214.226 320.162
213.551 322.949
211.097 332.146
209.286 337.259
211.297 340.752
213.898 341.674
212.331 341.137
214.703 340.882
207.424 340.577
203.814 355.402
204.403 365.806
204.855 369.263
204.87 369.399
205.622 374.987
207.178 385.621
207.703 389.13
208.078 392.457
207.918 393.3
207.749 394.959
207.305 400.017
206.63 405.781
206.031 410.769
205.598 416.533
205.196 422.959
205.244 428.807
205.317 433.604
205.513 438.194
205.724 442.923
205.904 448.449
205.999 451.536
206.241 459.319
206.466 464.55
208.637 471.87
209.461 472.788
211.918 475.575
211.331 474.903
209.049 472.289
202.795 471.142
197.005 473.409
188.6 477.028
187.05 477.787
209.339 261.567
243.03 127.008
256.771 129.359
244.026 105.83
244.613 78.1573
202.859 348.508
212.116 306.866
250.081 174.194
243.149 36.2147
272.384 302.044
262.386 239.54
277.06 267.692
272.741 321.181
227.812 138.12
254.844 178.656
232.485 183.604
174.644 110.412
207.328 345.841
277.023 361.738
276.967 387.636
77.8483 119.45
161.153 116.099
207.151 401.009
288.119 108.521
324.946 116.911
364.353 118.046
253.155 107.617
202.457 354.966
211.425 330.959
243.875 29.6769
240.99 46.5481
269.998 237.669
228.653 229.377
272 252.444
279.057 341.459
226.791 141.23
205.771 376.04
213.692 315.519
216.088 231.211
130.5 118.417
261.021 220.625
206.189 286.699
427.556 126.222
201.992 350.281
208.511 338.556
244.884 29.732
243.131 35.4016
259.24 247.396
274.992 288.533
257.762 245.533
277.673 276.862
275.668 285.991
269.393 310.11
270.137 312.544
207.963 471.252
283.814 470.908
222.764 112.112
221.8 109.842
222.651 120.455
236.679 107.324
97.0867 119.286
78.8786 119.259
168.932 112.825
167.629 113.349
316.031 113.395
203.345 360.815
242.468 48.8538
278.455 336.982
274.49 326.684
271.187 313.71
278.581 341.23
235.025 166.853
205.327 372.783
211.669 338.933
203.732 345.406
212.412 298.799
140.162 118.042
204.125 348.433
278.526 264.362
274.294 327.416
206.346 462.042
226.58 130.861
224.627 128.978
216.37 113.781
220.677 119.369
208.353 111.729
213.703 112.452
213.523 113.548
222.788 115.972
239.959 105.702
242.94 96.2998
244.865 97.216
243.556 111.111
242.845 40.2502
59.5556 125.333
71.7542 119.507
319.323 114.854
321.708 115.934
285.519 105.495
301.402 108.487
286.82 107.988
271.939 108.427
277.994 104.78
241.661 49.5099
272.631 301.027
278.484 346.737
229.895 153.986
207.722 339.478
153.795 116.964
204.077 363.022
273.06 253.748
276.062 250.764
277.104 336.016
269.994 314.169
240.162 136.208
247.55 143.404
243.431 136.588
235.277 134.434
243.787 191.358
249.276 113.621
249.558 122.31
239.204 115.645
230.559 115.241
196.572 108.833
184.396 107.347
243.593 62.343
244.582 76.0665
240.892 50.5366
122.442 117.559
275.064 287.936
277.033 253.513
271.891 244.984
272.995 243.496
247.832 163.276
235.303 158.544
244.5 163.436
236.683 172.224
246.029 111.917
252.579 109.361
262.491 112.33
255.53 106.388
272.077 110.146
262.041 119.211
265.201 118.866
278.641 102.49
271.641 110.857
251.031 144.997
257.98 136.295
240.474 124.545
241.944 109.485
243.586 62.0291
245.563 153.538
238.975 172.52
276.63 373.8
205.942 412.603
210.667 348.444
205.261 429.964
200.889 472
207.874 393.6
206.668 382.602
232.195 209.601
214.564 244.787
257.917 229.835
322.298 115.229
227.101 245.213
280.282 456.982
243.966 33.6952
206.772 290.951
186.182 107.998
274.514 251.727
248.784 175.612
254.34 170.748
254.57 160.934
255.95 177.073
224.099 223.422
221.277 224.278
229.859 204.484
232.558 196.644
242.012 183.977
237.939 189.574
219.115 236.224
214.057 235.215
208.227 249.357
208.377 252.328
216.683 245.747
206.291 268.762
216.934 238.327
206.305 274.603
243.26 231.365
206.619 271.616
204.857 287.328
212.801 236.194
206.609 256.669
249.11 218.551
227.772 224.289
274.898 228.383
240 208.889
210.996 259.994
248.047 224.388
252.715 216.71
236.447 204.011
252.213 184.072
256.768 198.88
256.086 211.225
245.974 211.172
241.359 241.579
255.186 189.374
256.477 187.914
257.387 196.518
264.538 229.768
267.678 226.803
270.533 236.523
264.045 237.616
208.361 294.525
206.72 289.628
212.315 304.764
254.337 242.169
239.382 206.393
276.823 381.538
375.306 118.969
379.67 118.943
402.619 119.101
214.548 317.012
211.477 330.961
228.633 177.402
277.854 399.054
277.084 390.147
277.095 390.59
277.333 349.333
279.693 416.843
202.667 113.778
281.778 113.778
213.333 254.222
136.889 117.333
343.111 118.222
1625
0 0
0 0
0 0
0 0
0 0
0 0
0 0
0 0
0 0
0 0
0 0
0 0
0 0
0 0
0 0
0 0
0 0
0 0
0 0
0 0
0 0
0 0
0 0
0 0
0 0
0 0
0 0
0 0
0 0
0 0
621 619
0 0
0 0
0 0
0 0
0 0
0 0
0 0
0 0
0 0
0 0
0 0
0 0
0 0
0 0
0 0
0 0
0 0
0 0
0 0
0 0
0 0
0 0
0 0
0 0
0 0
0 0
0 0
0 0
0 0
0 0
0 0
0 0
0 0
0 0
0 0
0 0
0 0
0 0
0 0
0 0
0 0
0 0
0 0
0 0
0 0
0 0
0 0
0 0
0 0
0 0
0 0
0 0
0 0
0 0
0 0
0 0
0 0
0 0
0 0
0 0
0 0
0 0
0 0
0 0
0 0
0 0
0 0
0 0
0 0
0 0
0 0
0 0
0 0
0 0
0 0
0 0
0 0
0 0
0 0
0 0
0 0
0 0
0 0
0 0
0 0
0 0
0 0
0 0
0 0
0 0
0 0
0 0
0 0
0 0
0 0
0 0
0 0
0 0
0 0
0 0
0 0
0 0
0 0
0 0
0 0
0 0
0 0
0 0
0 0
0 0
0 0
0 0
0 0
0 0
0 0
0 0
0 0
0 0
0 0
0 0
0 0
0 0
0 0
0 0
0 0
0 0
0 0
0 0
0 0
0 0
0 0
0 0
0 0
0 0
0 0
660 556
0 0
0 0
0 0
0 0
0 0
0 0
0 0
0 0
0 0
0 0
0 0
0 0
0 0
0 0
0 0
0 0
0 0
0 0
0 0
0 0
0 0
0 0
0 0
0 0
0 0
0 0
0 0
0 0
0 0
0 0
0 0
0 0
0 0
0 0
0 0
0 0
0 0
0 0
0 0
0 0
0 0
0 0
0 0
0 0
0 0
0 0
0 0
0 0
0 0
0 0
0 0
0 0
0 0
0 0
0 0
0 0
0 0
0 0
0 0
0 0
0 0
0 0
0 0
0 0
0 0
0 0
0 0
0 0
0 0
0 0
0 0
0 0
0 0
0 0
0 0
0 0
0 0
0 0
0 0
0 0
0 0
0 0
0 0
0 0
0 0
0 0
0 0
0 0
0 0
0 0
0 0
0 0
0 0
0 0
0 0
0 0
0 0
0 0
0 0
0 0
0 0
0 0
0 0
0 0
0 0
0 0
0 0
0 0
0 0
0 0
0 0
0 0
0 0
0 0
0 0
0 0
0 0
0 0
0 0
0 0
0 0
0 0
0 0
0 0
0 0
0 0
0 0
0 0
0 0
0 0
0 0
0 0
0 0
0 0
0 0
0 0
0 0
0 0
0 0
0 0
0 0
0 0
0 0
0 0
0 0
0 0
0 0
0 0
0 0
0 0
0 0
0 0
0 0
0 0
0 0
0 0
0 0
0 0
0 0
0 0
0 0
0 0
0 0
0 0
0 0
0 0
0 0
0 0
0 0
0 0
0 0
0 0
0 0
0 0
0 0
0 0
0 0
0 0
0 0
0 0
0 0
0 0
0 0
0 0
0 0
0 0
0 0
0 0
0 0
0 0
0 0
0 0
0 0
0 0
0 0
0 0
0 0
0 0
0 0
0 0
0 0
0 0
0 0
0 0
0 0
0 0
0 0
0 0
0 0
0 0
0 0
0 0
0 0
0 0
0 0
0 0
0 0
0 0
0 0
0 0
0 0
0 0
0 0
0 0
0 0
0 0
0 0
0 0
0 0
0 0
0 0
0 0
0 0
0 0
556 557
0 0
0 0
0 0
0 0
0 0
0 0
0 0
0 0
0 0
0 0
0 0
0 0
0 0
0 0
0 0
0 0
0 0
0 0
0 0
0 0
0 0
0 0
0 0
0 0
0 0
0 0
0 0
0 0
0 0
0 0
0 0
0 0
0 0
0 0
0 0
0 0
0 0
0 0
0 0
0 0
0 0
0 0
0 0
0 0
0 0
0 0
0 0
0 0
0 0
0 0
0 0
0 0
0 0
0 0
0 0
0 0
0 0
0 0
0 0
0 0
0 0
0 0
0 0
0 0
0 0
0 0
0 0
0 0
0 0
0 0
0 0
0 0
0 0
0 0
0 0
0 0
0 0
0 0
0 0
0 0
0 0
0 0
0 0
0 0
0 0
0 0
0 0
0 0
0 0
0 0
0 0
0 0
0 0
0 0
0 0
0 0
0 0
0 0
0 0
0 0
0 0
0 0
0 0
0 0
0 0
0 0
0 0
0 0
0 0
0 0
0 0
0 0
0 0
0 0
0 0
0 0
0 0
0 0
0 0
0 0
0 0
0 0
0 0
0 0
0 0
0 0
0 0
0 0
0 0
0 0
0 0
0 0
0 0
0 0
0 0
0 0
0 0
0 0
0 0
0 0
0 0
0 0
0 0
0 0
0 0
0 0
0 0
0 0
0 0
0 0
0 0
0 0
0 0
0 0
0 0
0 0
0 0
0 0
0 0
0 0
0 0
0 0
0 0
0 0
0 0
0 0
0 0
0 0
0 0
0 0
0 0
0 0
0 0
0 0
0 0
0 0
0 0
0 0
0 0
0 0
0 0
0 0
0 0
0 0
0 0
0 0
0 0
0 0
0 0
0 0
0 0
0 0
0 0
0 0
0 0
0 0
0 0
0 0
0 0
0 0
0 0
0 0
0 0
0 0
0 0
0 0
0 0
0 0
0 0
0 0
0 0
0 0
0 0
0 0
0 0
0 0
0 0
0 0
0 0
0 0
0 0
0 0
0 0
0 0
0 0
0 0
0 0
0 0
0 0
0 0
0 0
0 0
0 0
0 0
0 0
0 0
0 0
0 0
0 0
0 0
0 0
0 0
0 0
0 0
0 0
0 0
0 0
0 0
0 0
0 0
0 0
0 0
0 0
0 0
0 0
0 0
0 0
0 0
0 0
0 0
0 0
0 0
0 0
0 0
0 0
0 0
0 0
0 0
0 0
0 0
0 0
0 0
0 0
0 0
0 0
0 0
0 0
0 0
0 0
0 0
0 0
0 0
0 0
0 0
0 0
0 0
0 0
0 0
0 0
0 0
0 0
0 0
0 0
0 0
0 0
0 0
0 0
0 0
0 0
0 0
0 0
0 0
0 0
0 0
0 0
0 0
0 0
0 0
0 0
0 0
0 0
0 0
0 0
0 0
0 0
660 497
0 0
0 0
0 0
0 0
0 0
0 0
0 0
0 0
0 0
0 0
0 0
0 0
0 0
0 0
0 0
0 0
0 0
0 0
0 0
0 0
0 0
0 0
0 0
0 0
0 0
0 0
0 0
0 0
0 0
0 0
0 0
0 0
0 0
0 0
0 0
0 0
0 0
0 0
0 0
0 0
0 0
0 0
0 0
0 0
0 0
0 0
0 0
0 0
497 692
0 0
0 0
0 0
0 0
0 0
0 0
0 0
0 0
0 0
0 0
0 0
0 0
0 0
0 0
0 0
0 0
0 0
0 0
0 0
0 0
0 0
0 0
0 0
0 0
0 0
0 0
0 0
0 0
0 0
0 0
0 0
0 0
0 0
0 0
0 0
0 0
0 0
0 0
0 0
0 0
0 0
0 0
0 0
0 0
0 0
0 0
0 0
0 0
0 0
0 0
0 0
0 0
0 0
0 0
0 0
0 0
0 0
0 0
0 0
0 0
0 0
0 0
0 0
0 0
0 0
0 0
0 0
0 0
0 0
0 0
0 0
0 0
0 0
0 0
0 0
0 0
0 0
0 0
0 0
0 0
0 0
0 0
0 0
0 0
0 0
692 519
0 0
0 0
0 0
0 0
0 0
0 0
0 0
0 0
0 0
0 0
0 0
0 0
0 0
0 0
0 0
0 0
0 0
0 0
0 0
0 0
0 0
0 0
0 0
0 0
0 0
0 0
0 0
0 0
0 0
0 0
0 0
0 0
0 0
0 0
0 0
0 0
0 0
0 0
0 0
0 0
0 0
0 0
0 0
0 0
0 0
0 0
0 0
0 0
0 0
0 0
0 0
0 0
0 0
0 0
0 0
0 0
0 0
0 0
0 0
0 0
0 0
0 0
0 0
0 0
0 0
0 0
0 0
0 0
0 0
0 0
0 0
0 0
0 0
0 0
0 0
0 0
0 0
0 0
0 0
0 0
0 0
0 0
0 0
0 0
0 0
0 0
0 0
0 0
0 0
0 0
0 0
0 0
0 0
0 0
0 0
0 0
0 0
0 0
0 0
0 0
0 0
0 0
0 0
0 0
0 0
0 0
0 0
0 0
0 0
0 0
0 0
0 0
0 0
0 0
0 0
0 0
0 0
0 0
0 0
0 0
0 0
0 0
0 0
0 0
0 0
0 0
0 0
0 0
0 0
0 0
0 0
0 0
0 0
0 0
0 0
0 0
0 0
0 0
0 0
0 0
0 0
0 0
0 0
0 0
0 0
0 0
0 0
0 0
0 0
0 0
0 0
0 0
0 0
0 0
0 0
0 0
0 0
0 0
0 0
0 0
0 0
0 0
0 0
0 0
0 0
0 0
0 0
0 0
0 0
0 0
0 0
0 0
0 0
0 0
0 0
0 0
0 0
0 0
0 0
0 0
0 0
0 0
0 0
0 0
0 0
0 0
0 0
0 0
0 0
0 0
0 0
0 0
0 0
0 0
0 0
0 0
0 0
0 0
0 0
0 0
0 0
0 0
0 0
0 0
0 0
0 0
0 0
0 0
0 0
0 0
0 0
0 0
0 0
0 0
0 0
0 0
0 0
0 0
0 0
0 0
0 0
0 0
0 0
0 0
0 0
0 0
0 0
0 0
0 0
0 0
0 0
0 0
0 0
0 0
0 0
0 0
0 0
0 0
0 0
0 0
0 0
0 0
0 0
0 0
0 0
0 0
0 0
0 0
0 0
0 0
0 0
0 0
0 0
0 0
0 0
0 0
0 0
0 0
0 0
0 0
0 0
0 0
0 0
0 0
0 0
0 0
0 0
0 0
0 0
0 0
0 0
0 0
0 0
0 0
0 0
0 0
0 0
0 0
0 0
0 0
0 0
0 0
0 0
0 0
0 0
0 0
0 0
0 0
0 0
0 0
0 0
0 0
0 0
0 0
0 0
0 0
0 0
0 0
0 0
0 0
0 0
0 0
0 0
0 0
0 0
0 0
0 0
0 0
0 0
0 0
0 0
0 0
0 0
0 0
0 0
0 0
0 0
0 0
0 0
0 0
0 0
0 0
0 0
0 0
0 0
0 0
0 0
0 0
0 0
0 0
0 0
0 0
0 0
0 0
0 0
0 0
0 0
0 0
0 0
0 0
0 0
0 0
0 0
0 0
0 0
0 0
0 0
0 0
0 0
0 0
0 0
0 0
0 0
0 0
0 0
0 0
0 0
0 0
0 0
0 0
0 0
0 0
0 0
0 0
0 0
0 0
0 0
0 0
0 0
0 0
0 0
0 0
0 0
0 0
0 0
0 0
0 0
0 0
0 0
0 0
0 0
0 0
0 0
0 0
0 0
0 0
0 0
0 0
0 0
0 0
0 0
0 0
0 0
0 0
0 0
0 0
0 0
0 0
0 0
0 0
0 0
0 0
0 0
0 0
0 0
0 0
0 0
0 0
0 0
0 0
0 0
0 0
0 0
0 0
0 0
0 0
0 0
0 0
0 0
0 0
0 0
0 0
0 0
0 0
0 0
0 0
0 0
0 0
0 0
0 0
0 0
0 0
0 0
0 0
0 0
0 0
0 0
0 0
0 0
0 0
0 0
0 0
0 0
0 0
0 0
0 0
0 0
0 0
0 0
0 0
0 0
0 0
0 0
0 0
0 0
0 0
0 0
0 0
0 0
0 0
0 0
0 0
0 0
0 0
0 0
0 0
0 0
0 0
0 0
0 0
0 0
0 0
0 0
0 0
0 0
0 0
0 0
0 0
0 0
0 0
0 0
0 0
0 0
0 0
0 0
0 0
0 0
0 0
0 0
0 0
0 0
0 0
0 0
0 0
0 0
0 0
0 0
0 0
0 0
0 0
0 0
0 0
0 0
0 0
0 0
0 0
0 0
0 0
0 0
0 0
0 0
0 0
0 0
0 0
0 0
0 0
0 0
0 0
0 0
0 0
0 0
0 0
0 0
0 0
0 0
0 0
0 0
0 0
0 0
0 0
0 0
0 0
0 0
0 0
0 0
0 0
0 0
0 0
0 0
0 0
0 0
0 0
0 0
0 0
0 0
0 0
0 0
0 0
0 0
0 0
0 0
0 0
0 0
0 0
0 0
0 0
0 0
0 0
0 0
0 0
0 0
0 0
0 0
0 0
0 0
0 0
0 0
0 0
0 0
0 0
0 0
0 0
0 0
0 0
0 0
0 0
0 0
0 0
0 0
0 0
0 0
0 0
0 0
0 0
0 0
0 0
0 0
0 0
0 0
0 0
0 0
0 0
0 0
0 0
0 0
0 0
0 0
0 0
0 0
0 0
0 0
0 0
0 0
0 0
0 0
0 0
0 0
0 0
0 0
0 0
0 0
0 0
0 0
0 0
0 0
0 0
0 0
0 0
0 0
0 0
0 0
0 0
0 0
0 0
0 0
0 0
0 0
0 0
0 0
0 0
0 0
0 0
0 0
0 0
0 0
0 0
0 0
0 0
0 0
0 0
0 0
0 0
0 0
0 0
0 0
0 0
0 0
0 0
0 0
0 0
0 0
0 0
0 0
0 0
0 0
0 0
0 0
0 0
0 0
0 0
0 0
0 0
0 0
0 0
0 0
0 0
0 0
0 0
0 0
0 0
0 0
0 0
0 0
0 0
0 0
0 0
0 0
0 0
0 0
0 0
0 0
0 0
0 0
0 0
0 0
0 0
0 0
0 0
0 0
0 0
0 0
0 0
0 0
0 0
0 0
0 0
0 0
0 0
0 0
0 0
0 0
0 0
0 0
0 0
0 0
0 0
0 0
0 0
0 0
0 0
0 0
0 0
0 0
0 0
0 0
0 0
0 0
0 0
0 0
0 0
0 0
0 0
0 0
0 0
0 0
0 0
0 0
0 0
0 0
0 0
0 0
0 0
0 0
0 0
0 0
0 0
0 0
0 0
0 0
0 0
0 0
0 0
0 0
0 0
0 0
0 0
0 0
0 0
0 0
0 0
0 0
0 0
0 0
0 0
0 0
0 0
0 0
0 0
0 0
0 0
0 0
0 0
556 694
0 0
556 695
0 0
660 696
696 619
694 697
697 558
695 698
698 506
1615
0 1
0 2
463 0
1 2
2 3
462 2
2 463
3 4
462 3
4 5
4 461
462 4
4 518
5 6
5 518
544 5
6 7
544 6
7 8
7 544
8 9
8 544
8 621
9 10
621 9
10 11
10 620
621 10
11 12
11 620
12 13
12 619
12 620
13 14
619 13
14 15
618 14
14 619
15 16
15 618
16 17
486 16
16 618
17 18
486 17
18 19
486 18
18 622
19 20
622 19
20 21
500 20
622 20
21 22
21 500
22 23
500 22
23 24
23 500
24 25
24 500
24 529
25 26
529 25
26 27
26 491
26 529
27 28
27 491
28 29
491 28
28 507
29 30
29 507
30 31
507 30
31 32
31 507
32 33
32 507
32 538
33 34
537 33
33 538
34 35
34 537
35 36
537 35
36 37
36 501
537 36
37 38
37 501
38 39
38 501
38 539
39 40
39 539
39 631
40 41
631 40
41 42
631 41
42 43
42 631
654 42
43 44
654 43
44 45
44 654
45 46
45 654
46 47
46 649
46 654
47 48
47 649
47 656
48 49
656 48
49 50
656 49
50 51
50 646
656 50
51 52
646 51
52 53
52 645
52 646
53 54
645 53
54 55
645 54
54 655
55 56
55 655
56 57
56 655
57 58
502 57
57 639
57 655
58 59
58 639
59 60
59 639
640 59
60 61
60 640
61 62
61 640
62 63
640 62
62 642
63 64
63 642
64 65
642 64
688 64
65 66
688 65
66 67
688 66
67 68
688 67
68 69
535 68
68 570
68 688
69 70
570 69
70 71
499 70
570 70
71 72
71 499
72 73
72 499
72 546
73 74
546 73
74 75
74 546
548 74
75 76
75 548
76 77
548 76
549 76
76 632
77 78
632 77
78 79
80 78
480 78
527 78
78 632
79 80
80 81
527 80
81 82
527 81
82 83
82 485
82 527
83 84
485 83
83 572
84 85
84 572
85 86
540 85
85 572
86 87
86 503
86 540
87 88
503 87
88 89
88 503
89 90
503 89
90 91
90 503
592 90
91 92
91 558
592 91
92 93
92 558
93 94
95 93
524 93
93 558
94 95
95 96
524 95
96 97
96 524
97 98
97 484
524 97
98 99
484 98
99 100
484 99
100 101
100 484
100 525
101 102
101 525
559 101
102 103
559 102
103 104
130 103
131 103
103 559
104 105
130 104
105 106
129 105
130 105
106 107
111 106
106 112
106 128
129 106
107 108
111 107
108 109
111 108
109 110
109 111
110 111
111 112
112 113
112 126
112 127
128 112
113 114
113 124
113 125
126 113
114 115
114 123
124 114
115 116
115 122
115 123
116 117
116 121
122 116
117 118
121 117
118 119
120 118
121 118
119 120
120 121
121 122
122 123
123 124
124 125
125 126
126 127
127 128
128 129
129 130
130 131
131 132
131 559
132 133
559 132
133 134
133 559
134 135
134 525
559 134
135 136
525 135
136 137
484 136
136 525
137 138
484 137
138 139
138 484
139 140
139 484
139 524
140 141
524 140
141 142
141 524
558 141
142 143
558 142
143 144
558 143
144 145
558 144
144 592
145 146
592 145
146 147
146 592
147 148
147 149
147 503
147 592
148 149
149 150
149 503
540 149
150 151
540 150
151 152
540 151
152 153
485 152
540 152
572 152
153 154
485 153
154 155
485 154
526 154
155 156
526 155
156 157
526 156
157 158
480 157
526 157
588 157
158 159
588 158
159 160
159 587
159 588
160 161
587 160
161 162
587 161
162 163
162 550
162 587
163 164
163 521
163 550
164 165
521 164
165 166
521 165
166 167
166 521
553 166
167 168
167 553
168 169
168 553
168 556
169 170
171 169
169 556
557 169
170 171
171 172
557 171
591 171
172 173
591 172
173 174
173 175
173 591
174 175
175 176
494 175
175 591
176 177
494 176
177 178
177 494
510 177
178 179
510 178
179 180
510 179
180 181
180 510
181 182
493 181
181 510
182 183
182 493
183 184
183 493
184 185
184 493
185 186
493 185
185 509
186 187
186 509
187 188
509 187
188 189
509 188
189 190
189 509
190 191
509 190
191 192
191 509
630 191
192 193
192 630
193 194
630 193
194 195
530 194
614 194
630 194
195 196
195 614
196 197
196 614
197 198
590 197
197 614
198 199
590 198
199 200
199 201
199 490
555 199
199 590
200 201
201 202
201 490
604 201
202 203
202 204
566 202
604 202
203 204
204 205
204 566
205 206
566 205
206 207
564 206
566 206
207 208
564 207
208 209
563 208
564 208
209 210
563 209
210 211
563 210
211 212
528 211
211 560
211 563
212 213
212 560
213 214
215 213
488 213
213 560
214 215
215 216
488 215
627 215
216 217
216 627
217 218
217 627
218 219
218 506
218 627
219 220
219 506
220 221
489 220
506 220
221 222
221 489
222 223
222 489
223 224
489 223
223 683
224 225
683 224
225 226
225 683
684 225
226 227
226 684
227 228
227 684
228 229
228 684
228 685
229 230
685 229
230 231
230 685
231 232
264 231
265 231
231 685
232 233
232 264
233 234
262 233
233 263
233 264
234 235
262 234
235 236
262 235
236 237
236 260
261 236
262 236
237 238
260 237
238 239
253 238
238 259
238 260
239 240
253 239
240 241
251 240
240 252
253 240
241 242
251 241
242 243
242 250
251 242
243 244
243 249
243 250
244 245
247 244
244 248
244 249
245 246
247 245
246 247
247 248
248 249
249 250
250 251
251 252
252 253
253 254
253 258
259 253
254 255
256 254
254 257
254 258
255 256
256 257
257 258
258 259
259 260
260 261
261 262
262 263
263 264
264 265
265 266
265 685
266 267
266 685
267 268
267 685
268 269
268 684
685 268
269 270
684 269
270 271
683 270
270 684
271 272
683 271
272 273
683 272
273 274
273 683
274 275
274 489
274 683
275 276
489 275
506 275
276 277
506 276
277 278
277 506
278 279
506 278
627 278
279 280
279 627
280 281
280 488
280 627
281 282
488 281
282 283
488 282
282 561
283 284
561 283
284 285
284 561
285 286
528 285
561 285
286 287
528 286
562 286
287 288
562 287
287 608
288 289
288 608
289 290
608 289
609 289
290 291
609 290
291 292
609 291
292 293
609 292
293 294
609 293
610 293
611 293
294 295
610 294
294 636
295 296
636 295
296 297
636 296
637 296
297 298
637 297
298 299
298 637
299 300
637 299
671 299
300 301
671 300
300 672
301 302
672 301
302 303
672 302
303 304
668 303
303 672
304 305
668 304
305 306
307 305
305 668
674 305
306 307
307 308
674 307
308 309
674 308
675 308
309 310
675 309
310 311
596 310
310 675
311 312
311 596
312 313
312 575
596 312
313 314
313 575
314 315
575 314
594 314
315 316
315 594
316 317
316 594
317 318
317 542
594 317
318 319
318 542
319 320
319 514
319 542
320 321
320 514
321 322
514 321
322 323
322 514
568 322
593 322
323 324
568 323
324 325
568 324
325 326
325 533
568 325
326 327
533 326
327 328
532 327
327 533
328 329
532 328
329 330
531 329
329 532
330 331
531 330
331 332
531 331
332 333
332 498
332 531
333 334
333 498
334 335
334 498
335 336
498 335
336 337
336 498
336 569
337 338
337 339
482 337
337 569
338 339
339 340
482 339
339 617
340 341
617 340
341 342
343 341
483 341
341 617
341 691
342 343
343 344
343 691
344 345
691 344
345 346
689 345
691 345
346 347
346 689
347 348
689 347
347 692
348 349
348 692
349 350
349 692
693 349
350 351
693 350
351 352
693 351
352 353
352 378
379 352
693 352
353 354
355 353
353 377
353 378
354 355
355 356
376 355
377 355
356 357
356 375
356 376
356 629
357 358
629 357
358 359
629 358
359 360
519 359
359 629
360 361
360 365
519 360
361 362
364 361
361 365
362 363
364 362
363 364
364 365
365 366
365 519
366 367
366 519
367 368
519 367
368 369
370 368
368 519
369 370
370 371
519 370
371 372
371 519
372 373
519 372
372 629
373 374
629 373
374 375
374 629
375 376
629 375
376 377
377 378
378 379
379 380
693 379
380 381
380 693
381 382
693 381
382 383
382 692
693 382
383 384
692 383
384 385
384 689
384 692
385 386
689 385
690 385
386 387
690 386
387 388
690 387
388 389
388 690
389 390
483 389
389 682
690 389
390 391
390 682
391 392
682 391
392 393
392 682
393 394
682 393
394 395
394 482
394 569
682 394
395 396
534 395
569 395
396 397
396 398
534 396
397 398
398 399
398 534
576 398
399 400
399 576
400 401
576 400
401 402
543 401
576 401
402 403
402 543
402 577
403 404
577 403
404 405
516 404
577 404
405 406
405 516
406 407
516 406
407 408
515 407
407 516
408 409
515 408
409 410
409 515
410 411
497 410
410 515
411 412
497 411
412 413
412 497
513 412
413 414
413 513
413 628
661 413
413 669
414 415
653 414
414 661
414 678
415 416
678 415
416 417
416 678
417 418
417 419
678 417
679 417
418 419
419 420
679 419
420 421
679 420
421 422
421 679
421 686
422 423
686 422
423 424
423 686
424 425
686 424
687 424
425 426
687 425
426 427
508 426
687 426
427 428
429 427
427 508
428 429
429 430
429 431
429 508
430 431
431 432
508 431
431 541
432 433
432 541
573 432
433 434
435 433
573 433
434 435
435 436
536 435
573 435
436 437
436 536
437 438
536 437
623 437
438 439
623 438
439 440
439 623
440 441
440 623
441 442
486 441
623 441
442 443
442 486
443 444
443 486
618 443
444 445
444 618
445 446
445 618
619 445
446 447
619 446
447 448
619 447
447 620
448 449
448 620
449 450
449 620
621 449
450 451
450 621
451 452
451 621
452 453
452 544
452 621
453 454
544 453
454 455
454 518
544 454
455 456
518 455
456 457
518 456
457 458
457 518
458 459
458 518
459 460
459 518
460 461
518 460
461 462
461 518
462 463
464 647
464 648
464 649
464 651
464 653
661 464
465 578
465 580
581 465
584 465
465 612
466 579
581 466
466 606
607 466
466 609
466 611
467 490
467 523
467 554
467 555
467 601
467 602
613 467
468 554
468 555
468 556
468 557
468 589
590 468
481 469
469 491
507 469
508 469
538 469
469 541
571 469
573 469
501 470
470 505
470 539
470 677
470 679
470 686
599 471
616 471
471 634
643 471
665 471
472 493
472 494
472 509
510 472
567 472
630 472
473 512
515 473
473 516
473 517
533 473
568 473
473 593
574 474
474 595
474 633
659 474
474 676
680 474
475 497
512 475
514 475
542 475
475 574
633 475
498 476
517 476
476 531
532 476
476 534
543 476
576 476
499 477
477 535
545 477
570 477
477 578
582 477
598 477
478 634
478 635
637 478
478 665
478 670
671 478
479 600
479 641
479 642
643 479
479 688
480 526
480 527
588 480
632 480
491 481
481 500
481 529
481 536
481 573
482 569
617 482
682 482
617 483
483 682
483 690
483 691
524 484
525 484
485 526
485 527
572 485
486 618
622 486
486 623
487 562
563 487
487 564
487 565
487 605
487 608
560 488
561 488
488 627
506 489
683 489
555 490
490 602
490 604
507 491
491 529
492 501
508 492
492 537
492 571
686 492
492 687
493 509
493 510
510 494
494 557
567 494
494 591
595 495
596 495
495 673
675 495
495 676
496 638
496 644
650 496
652 496
496 658
497 512
513 497
515 497
633 497
531 498
498 534
569 498
499 545
499 546
570 499
529 500
536 500
500 622
623 500
537 501
501 539
501 686
638 502
639 502
502 644
502 645
502 655
503 540
503 592
504 626
504 663
504 667
668 504
673 504
674 504
539 505
505 631
651 505
653 505
505 654
505 677
627 506
538 507
541 508
571 508
687 508
509 630
511 513
633 511
669 511
680 511
514 512
515 512
512 593
513 633
513 669
542 514
593 514
515 516
516 517
577 516
532 517
517 533
543 517
517 577
544 518
519 629
521 520
520 523
550 520
520 552
520 586
613 520
523 521
521 550
521 553
522 545
522 546
547 522
548 522
551 522
552 522
523 553
554 523
523 613
524 558
525 559
526 527
560 528
561 528
562 528
563 528
557 530
530 567
589 530
614 530
530 630
531 532
532 533
533 568
534 569
534 576
570 535
535 598
600 535
535 688
536 573
623 536
538 537
571 537
538 571
631 539
540 572
573 541
574 542
542 594
543 576
577 543
621 544
546 545
547 545
545 578
548 546
547 552
578 547
586 547
612 547
548 549
548 551
549 550
549 551
587 549
549 588
632 549
550 551
550 552
550 587
552 551
586 552
554 553
553 556
555 554
554 556
590 555
556 557
567 557
557 589
591 557
592 558
561 560
563 562
562 608
564 563
565 564
564 566
565 566
565 603
604 565
565 605
566 604
567 630
593 568
574 575
574 594
595 574
574 633
594 575
595 575
575 596
580 578
582 578
612 578
579 580
581 579
582 579
610 579
611 579
615 579
581 580
580 582
581 584
606 581
582 598
599 582
615 582
584 583
583 601
602 583
603 583
606 583
585 584
584 601
584 606
584 612
585 586
601 585
612 585
613 585
586 612
586 613
588 587
588 632
589 590
614 589
590 614
596 595
595 676
596 675
597 599
597 610
597 615
597 634
635 597
598 599
598 600
598 616
599 615
599 616
599 634
600 616
600 643
600 688
601 602
613 601
603 602
604 602
604 603
603 605
603 606
606 605
605 607
608 605
607 606
608 607
607 609
608 609
611 609
610 611
615 610
610 635
636 610
643 616
617 682
618 619
619 620
621 620
623 622
638 624
624 639
624 640
641 624
658 624
624 681
644 625
625 645
646 625
647 625
648 625
625 650
626 659
662 626
626 663
626 673
626 676
628 648
660 628
628 661
669 628
631 654
633 680
634 635
665 634
636 635
637 635
637 636
671 637
638 639
638 644
638 658
640 639
640 641
640 642
642 641
641 643
641 681
688 642
643 664
665 643
643 681
645 644
644 650
646 645
645 655
646 647
656 646
647 648
647 649
647 656
648 650
648 660
648 661
649 651
649 654
649 656
652 650
650 660
651 653
651 654
658 652
652 659
652 660
662 652
661 653
677 653
678 653
658 657
662 657
657 663
657 664
681 657
662 658
681 658
659 660
659 662
659 676
680 659
660 669
660 680
663 662
663 664
667 663
664 665
664 666
667 664
670 664
664 681
670 665
666 667
666 668
670 666
671 666
666 672
667 668
672 668
674 668
680 669
670 671
672 671
673 674
673 675
673 676
675 674
677 678
677 679
678 679
686 679
684 683
685 684
686 687
690 689
691 689
689 692
690 691
693 692
