549
227 481
222 477
220 472
218 467
219 462
221 457
221 452
224 447
226 442
224 437
227 432
227 427
227 422
227 417
227 412
226 407
225 402
225 397
224 392
223 387
222 382
221 377
221 372
221 367
221 362
221 357
220 352
219 347
219 342
220 337
220 332
220 327
220 322
219 317
218 312
218 307
217 302
215 297
214 292
213 287
211 282
210 277
209 272
208 267
207 262
206 257
205 252
204 247
204 242
204 237
203 232
203 227
204 223
204 218
206 213
207 208
208 203
211 198
213 193
214 188
216 183
218 178
218 173
217 168
216 163
214 158
212 153
210 148
208 143
206 138
202 134
197 131
192 129
187 127
182 126
177 125
172 125
167 124
162 124
157 124
152 124
147 124
142 124
137 124
132 123
127 123
122 123
118 121
113 121
108 121
103 120
98 120
93 119
88 119
83 119
78 118
73 118
68 117
63 119
58 119
53 119
48 119
43 122
38 125
33 127
30 126
26 128
21 127
19 123
22 118
27 114
32 112
37 110
42 110
47 110
52 110
57 110
62 110
67 110
72 110
77 110
82 110
87 110
92 110
97 109
102 109
107 109
112 109
117 109
122 108
127 108
132 108
137 108
142 109
147 109
152 109
157 109
162 109
167 108
172 108
177 108
182 108
187 108
192 109
197 109
202 109
207 109
212 110
217 110
222 109
227 105
230 101
230 96
231 91
229 86
225 83
221 80
218 75
216 70
214 66
213 61
212 56
212 51
212 46
213 41
215 36
219 33
224 30
229 28
234 27
239 27
244 27
249 28
254 28
259 30
264 33
268 36
272 40
272 45
272 50
272 55
273 60
272 65
272 70
268 74
266 79
262 82
257 84
254 89
256 94
256 99
258 104
263 108
268 109
273 109
278 108
283 108
288 107
293 107
298 106
303 106
308 106
313 106
318 106
323 106
328 105
333 105
338 105
343 105
348 105
353 105
358 105
363 105
368 105
373 105
378 105
383 105
388 105
393 105
398 105
403 105
408 105
413 105
418 105
423 105
428 105
433 105
438 105
443 105
448 105
453 105
458 105
462 108
466 111
470 116
468 120
463 121
458 119
455 119
452 120
447 116
442 114
437 114
432 113
427 113
422 112
417 112
412 112
407 114
402 114
397 114
392 115
387 116
382 116
377 117
372 118
367 119
362 119
357 120
352 120
347 120
342 121
337 121
332 122
327 122
322 123
317 123
312 124
307 124
302 125
297 127
292 129
287 131
283 134
280 139
278 144
277 149
275 154
273 159
272 164
270 169
269 174
269 179
272 184
273 189
276 193
278 198
280 203
282 208
284 213
285 218
286 223
287 228
286 233
286 238
286 243
286 248
285 253
285 258
284 263
283 268
282 273
280 278
279 283
278 288
278 293
276 298
275 303
274 308
274 313
273 317
273 322
273 327
273 332
273 337
274 342
273 347
273 352
273 357
273 362
272 367
272 372
272 377
272 382
271 387
270 392
269 397
269 402
268 407
268 412
267 417
267 422
267 427
269 432
271 437
270 442
272 447
273 452
275 457
277 462
278 467
276 472
273 476
269 480
264 480
259 476
256 471
255 466
254 461
255 456
254 451
254 446
255 441
254 436
256 431
257 426
256 421
257 416
256 411
256 406
255 401
255 396
254 391
253 386
253 381
253 376
252 371
252 366
251 361
250 356
250 351
250 346
250 341
251 336
252 331
253 326
253 321
253 316
253 311
253 306
253 301
252 296
251 291
251 286
250 281
250 276
249 271
248 266
248 261
247 256
247 251
247 246
247 241
247 236
247 231
243 232
243 237
243 242
243 247
243 252
243 257
243 262
242 267
241 272
241 277
241 282
240 287
239 292
239 297
239 302
239 307
239 312
238 317
239 322
239 327
240 332
242 337
243 342
243 347
243 352
243 357
242 362
242 367
241 372
240 377
240 382
239 387
239 392
239 397
239 402
239 407
238 412
238 417
239 422
238 427
239 432
240 437
239 442
240 447
240 452
240 457
240 462
240 467
239 472
235 477
231 481
228 481
243.5 137.5
243.561 165.288
228.412 214.882
260.649 213.64
235.712 121.015
241.883 56.3723
229.134 466.037
266.361 465.986
269.751 228
249.46 192.616
228.623 46.467
251.08 43.6005
257.138 60
232.689 69.2093
264.571 456.567
239.876 45.2301
233.313 37.3255
250.732 53.0476
230.428 57.8789
246.796 69.6015
262.914 447.654
257.593 70.8607
239.462 79.4981
248.968 78.8771
242.555 90.6377
243.336 104.371
225.108 136.107
253.305 122.786
250.871 112.198
272.405 216.253
257.845 225.482
261.135 239.33
273.633 239.893
266.603 256.926
267.045 247.141
235.404 110.806
234.7 131.575
233.197 151.416
222.107 122.727
214.989 131.35
206.288 121.857
196.134 119.409
261.148 138.636
247.705 151.385
240.463 156.795
230.15 165.369
236.95 181.016
236.894 171.739
240.439 146.006
252.039 142.493
261.469 152.08
268.174 145.194
224.314 156.785
269.06 124.855
260.49 129.097
261.961 117.891
270.649 134.929
251.495 177.876
245.321 184.534
256.995 165.615
259.728 186.523
260.819 200.06
269.736 205.921
232.843 197.99
220.897 146.299
280.658 120.255
245.352 208.292
247.983 219.515
236.976 222.359
221.348 231.617
232.169 232.065
251.704 201.58
221.924 204.153
217.171 214.353
214.215 224.205
227.004 187.593
221.845 195.07
291.255 117.749
300.658 115.403
242.392 199.14
235.361 207.678
265.297 272.552
272.874 265.318
258.6 264.124
264.567 286.099
258.876 278.999
264.28 297.817
224 250.491
226.399 240.531
215.322 243.132
225 267.173
231.91 258.388
217.534 259.25
226.485 281.617
231.735 273.779
219.437 275.044
226.872 293.885
228.5 304.544
228.5 314.395
120 117.351
355.556 113.805
226.905 224
549
228.189 481.207
228.449 471.12
228.509 469.485
228.513 467.785
228.71 466.383
230.445 459.367
230.874 455.861
231.911 450.587
233.545 441.161
233.53 436.805
233.528 435.759
232.882 426.609
232.824 421.835
232.722 417.206
232.688 411.584
232.584 404.337
232.501 402.269
232.096 397.511
231.428 391.192
230.858 385.831
230.392 381.048
230.293 377.112
230.862 372.013
230.222 417.778
231.945 362.28
232.505 355.716
231.899 348.435
231.63 345.595
231.32 343.126
231.485 344.877
229.954 332.776
229.309 327.062
228.95 321.045
228.729 315.365
228.578 311.599
228.392 307.04
227.889 300.17
227.44 294.614
227.023 290.074
226.667 295.111
225.901 279.132
225.473 275.346
224.491 270.735
223.957 268.242
222.329 260.517
220.323 254.546
218.917 250.534
216.684 244.254
215.701 239.63
216.415 231.81
216.715 226.625
216.655 225.597
216.869 224.141
218.175 221.284
219.325 218.825
222.691 212.018
224.497 209.431
227.875 204.983
232.604 200.872
234.965 197.793
237.914 193.76
241.362 184.789
241.535 170.21
241.403 156.791
240.09 149.223
238.134 143.105
236.088 139.211
233.585 136.018
230.117 133.093
224.939 128.835
211.458 123.583
200.446 119.344
193.423 116.965
188.018 116.462
185.007 116.212
179.691 115.996
172.187 115.785
167.486 115.911
164.846 116.103
156.676 116.686
151.853 116.803
146.826 116.916
141.962 116.5
137.629 116.13
124.911 115.469
126.594 115.414
122.907 115.507
120.539 115.402
112.121 114.975
54.8901 116.134
102.363 114.468
98.2266 114.271
93.2257 114.387
87.6169 114.546
83.2752 114.428
78.3307 114.064
73.4399 113.691
57.9674 113.919
62.0717 114.597
58.4098 114.489
51.191 113.91
46.9567 113.557
34.7216 117.885
33.6237 118.344
30.1422 120.338
26.1003 122.405
23.9702 123.555
20.9485 124.852
20.8898 124.878
22.7893 124.053
30.4445 120.168
29.0999 120.811
38.5373 115.438
41.9029 114.6
47.0583 113.547
52.3157 114.018
57.8596 114.455
62.1247 114.587
67.1105 113.29
72.6944 113.635
76.3791 113.914
82.533 114.377
87.1464 114.55
92.7641 114.4
83.7899 114.178
101.566 114.428
106.454 114.68
111.505 114.943
117.532 115.254
122.685 115.506
126.609 115.414
131.562 115.628
136.768 116.057
184.274 118.552
146.778 116.914
151.909 116.802
159.591 116.422
162.64 116.264
167.625 115.903
171.973 115.787
176.444 115.769
181.136 115.917
188.091 116.473
189.629 116.629
194.66 117.139
199.236 118.883
203.164 120.369
215.356 125.134
220.353 127.099
233.384 130.008
240.879 128.522
242.36 114.591
242.761 97.7039
243.234 80.12
244.162 63.7551
241.335 59.5271
239.686 58.6327
239.371 58.1601
237.615 55.2934
237.194 54.6062
236.196 52.5218
233.895 49.5172
231.367 46.7322
227.066 43.4181
224.464 41.5069
225.494 42.2629
225.446 42.2051
229.392 44.6109
230.484 45.2419
232.172 46.3271
235.873 48.6824
240.046 51.1863
244.59 52.0067
248.955 50.749
250.167 50.046
252.381 48.6996
256.856 45.9252
266.779 38.4341
253.736 48.2055
250.55 50.8395
249.057 55.4271
250.379 60.2933
250.735 61.4502
254.968 64.4773
253.192 63.2465
254.429 63.9664
252.425 62.7318
245.983 62.0779
243.5 77.3474
242.822 94.7013
242.658 101.437
242.827 126.027
252.064 130.533
264.07 128.225
275.031 122.335
282.872 118.218
286.858 117.065
291.28 115.614
295.446 114.902
299.768 114.353
303.458 114.298
305.845 114.365
313.192 114.564
317.543 114.58
324.161 114.115
329.243 113.598
333.414 113.173
338.149 112.793
343.164 112.581
348.254 112.509
353.368 112.468
357.564 112.407
362.574 112.198
367.546 111.869
422.222 110.222
379.979 110.702
383.445 110.408
388.344 110.054
393.238 109.81
398.256 109.601
403.338 109.379
408.24 108.975
413.165 108.576
418.02 108.341
422.861 108.608
427.805 109.005
432.752 109.15
437.592 109.109
442.659 108.742
448.979 110.241
453.479 111.413
455.389 112.181
457.609 113.153
465.976 116.951
468.431 118.065
468.369 118.037
464.738 116.389
461.425 114.892
455.711 112.317
455.912 112.41
456.103 112.792
438.091 108.918
437.216 109.134
432.427 109.144
433.595 109.101
422.58 108.59
442.592 110.741
409.754 108.851
407.229 109.06
402.903 109.402
404.991 109.184
394.967 109.762
387.601 110.1
382.689 110.467
376.125 111.042
371.012 111.541
366.651 111.947
361.726 112.244
356.781 112.433
355.207 112.44
344.863 112.563
342.274 112.607
294.509 116.966
332.398 113.273
330.143 113.506
326.499 113.869
316.694 114.608
308.4 114.423
306.885 114.397
300.404 114.297
294.966 114.956
289.719 116.148
283.14 118.133
269.967 125.033
258.443 130.852
254.423 134.719
252.862 136.632
250.352 138.512
246.527 142.888
244.692 148.643
242.313 155.597
241.672 170.734
242.721 186.851
246.831 197.292
250.648 202.137
257.794 207.231
259.65 208.434
262.81 211.375
265.569 215.295
267.684 218.299
268.873 220.561
270.341 223.342
271.093 225.39
271.622 227.037
274.66 234.909
274.3 240.707
273.44 243.272
272.306 246.874
269.219 257.787
267.571 261.52
265.992 265.203
265.432 269.136
264.602 274.726
263.754 281.506
263.132 287.895
263.37 292.005
263.603 296.105
263.755 301.9
263.808 304.586
263.763 312.667
263.766 309.393
263.379 321.701
263.079 327.106
262.02 336.673
261.613 340.307
261.422 342.049
261.034 346.337
261.628 358.475
261.383 355.759
262.186 368.161
262.101 365.758
262.548 374.45
262.68 378.032
262.728 382.12
262.363 386.08
262.49 385.167
262.125 396.979
262.156 402.184
262.185 407.006
262.166 411.756
261.942 416.487
261.66 421.154
261.72 426.872
261.711 425.73
261.796 436.82
261.901 441.363
262.685 448.769
263.994 455.519
265.646 462.862
266.818 467.546
266.912 468.528
266.863 468.972
266.866 470.912
266.974 477.127
266.89 472.789
266.863 472.609
266.784 468.99
266.324 465.498
265.866 463.686
263.539 453.185
262.864 449.671
262.229 445.518
264.125 454.81
261.807 435.93
261.796 432.526
261.705 425.778
261.672 420.729
261.952 416.3
262.065 413.806
262.182 406.492
262.167 404.069
263.139 417.927
262.137 390.181
262.363 386.075
262.734 382.01
262.658 377.176
262.383 370.627
262.044 364.87
261.623 359.04
261.304 354.659
261.089 350.658
261.034 346.328
261.395 342.308
261.795 338.63
262.368 333.563
263.07 327.221
264 292.444
263.675 316.239
263.775 312.131
263.852 306.668
263.738 300.756
263.526 294.887
263.294 290.553
263.14 285.96
263.726 281.235
264.365 276.417
265.082 271.06
265.483 267.069
266.774 263.457
268.48 259.698
270.917 251.197
271.77 247.737
273.973 238.872
267.668 224.331
258.009 209.198
228.634 205.006
217.935 229.747
216.01 241.111
218.721 249.826
220.869 256.111
222.674 261.321
223.239 264.058
224.271 269.251
224.963 272.718
225.817 278.168
226.274 281.819
226.637 285.904
227.185 291.805
227.734 298.258
228.164 303.493
228.416 307.754
228.573 311.537
228.792 316.912
228.988 321.896
229.383 327.848
230.429 335.669
230.966 340.589
231.407 343.755
231.709 346.363
232.162 351.378
232.504 355.777
232.013 361.592
231.533 366.128
230.986 370.96
230.301 376.898
230.418 381.455
230.669 383.932
230.769 383.122
232.143 397.957
232.522 402.627
232.675 406.677
231.689 439.981
232.775 419.639
232.825 421.887
233.207 431.212
233.506 432.913
233.531 436.351
233.567 440.988
232.512 447.15
232.138 449.276
229.934 460.436
229.408 462.996
228.623 466.799
228.548 468.411
228.332 475.717
228.215 480.14
228.199 480.783
242.545 136.237
243.277 152.882
227.043 206.115
259.828 209.141
239.068 130.224
235.325 50.344
228.485 471.283
266.834 470.48
268.795 221.21
243.25 194.483
231.51 47.1066
245.794 53.5228
250.437 51.6485
240.254 58.4516
266.078 465.905
239.575 51.3038
233.402 47.1514
246.125 54.6754
237.372 54.1116
245.146 60.3678
262.5 447.568
249.641 61.1162
244.251 63.8767
245.535 52.3293
0 0
242.497 108.472
236.276 133.742
248.524 131.072
242.667 129.778
266.768 217.207
261.537 211.633
269.906 226.034
274.8 236.052
269.792 254.598
271.539 249.037
241.426 128.411
238.368 131.743
241.207 146.882
229.362 130.824
227.586 130.987
204.553 120.968
194.039 117.052
252.698 135.557
242.673 147.176
241.796 149.96
241.453 157.117
242.667 181.333
241.546 169.679
241.619 142.732
246.737 137.819
250.175 137.29
252.772 136.44
238.789 144.373
266.819 126.723
252.494 134.611
255.122 131.047
256.336 132.834
242.152 179.565
242.179 186.766
242.181 156.146
245.245 195.64
251.409 203.032
259.941 208.935
236.544 196.812
235.265 137.94
273.373 123.363
262.222 225.778
251.163 205.173
225.759 210.912
219.371 220.676
218.72 226.009
247.374 200.847
227.988 204.93
221.364 214.98
216.997 225.073
238.178 193.349
233.98 199.171
292.891 115.374
295.371 114.99
243.208 196.671
234.331 201.734
264.29 277.336
266.021 265.092
266.305 264.6
263.127 286.648
264.585 274.779
263.817 284.457
219.9 253.313
215.805 238.145
217.402 245.361
224.111 268.821
222.66 261.322
221.178 257.044
226.268 281.842
225.376 275.063
224.243 269.567
229.21 318.916
228.417 307.97
228.518 310.199
120 115.556
355.556 113.805
224.889 225.778
1194
0 0
0 0
0 0
0 0
0 0
0 0
0 0
0 0
0 0
0 0
0 0
0 0
0 0
0 0
0 0
0 0
0 0
0 0
0 0
0 0
0 0
0 0
0 0
0 0
0 0
0 0
0 0
0 0
0 0
0 0
0 0
0 0
0 0
0 0
0 0
0 0
0 0
0 0
0 0
0 0
0 0
0 0
0 0
0 0
0 0
0 0
0 0
0 0
0 0
0 0
0 0
0 0
0 0
0 0
0 0
0 0
0 0
0 0
0 0
0 0
0 0
0 0
0 0
0 0
0 0
0 0
0 0
0 0
0 0
0 0
0 0
0 0
0 0
0 0
0 0
0 0
0 0
0 0
0 0
0 0
0 0
0 0
0 0
0 0
0 0
0 0
0 0
0 0
0 0
0 0
0 0
0 0
0 0
0 0
0 0
0 0
0 0
0 0
0 0
0 0
0 0
0 0
0 0
0 0
0 0
0 0
0 0
0 0
0 0
23 39
0 0
0 0
0 0
0 0
0 0
0 0
0 0
0 0
0 0
0 0
0 0
0 0
0 0
0 0
0 0
0 0
0 0
0 0
0 0
0 0
0 0
0 0
0 0
0 0
0 0
0 0
0 0
0 0
0 0
0 0
0 0
0 0
0 0
0 0
0 0
0 0
0 0
0 0
0 0
0 0
0 0
0 0
0 0
0 0
0 0
0 0
0 0
0 0
0 0
0 0
0 0
0 0
0 0
0 0
0 0
0 0
0 0
0 0
0 0
0 0
0 0
0 0
493 475
0 0
0 0
0 0
0 0
0 0
0 0
0 0
0 0
0 0
0 0
0 0
0 0
0 0
0 0
475 133
0 0
0 0
0 0
0 0
0 0
0 0
0 0
0 0
0 0
0 0
0 0
0 0
0 0
0 0
0 0
0 0
0 0
0 0
0 0
0 0
0 0
0 0
0 0
0 0
0 0
0 0
0 0
0 0
0 0
0 0
0 0
0 0
0 0
0 0
0 0
0 0
0 0
0 0
0 0
0 0
0 0
0 0
0 0
0 0
0 0
0 0
0 0
0 0
0 0
0 0
0 0
0 0
0 0
0 0
0 0
0 0
0 0
0 0
0 0
0 0
0 0
0 0
0 0
0 0
0 0
0 0
0 0
0 0
0 0
0 0
0 0
0 0
0 0
0 0
0 0
0 0
0 0
0 0
0 0
0 0
0 0
0 0
0 0
0 0
0 0
0 0
0 0
0 0
0 0
0 0
0 0
0 0
0 0
0 0
0 0
0 0
0 0
0 0
0 0
0 0
0 0
0 0
0 0
0 0
0 0
0 0
0 0
0 0
0 0
0 0
0 0
0 0
0 0
0 0
0 0
0 0
0 0
0 0
0 0
0 0
0 0
0 0
0 0
0 0
0 0
0 0
0 0
0 0
0 0
0 0
0 0
0 0
0 0
0 0
0 0
0 0
0 0
0 0
0 0
0 0
0 0
0 0
0 0
0 0
0 0
0 0
0 0
0 0
0 0
0 0
0 0
0 0
0 0
0 0
0 0
0 0
0 0
0 0
0 0
0 0
0 0
0 0
0 0
0 0
0 0
0 0
475 470
0 0
0 0
0 0
0 0
0 0
0 0
0 0
0 0
0 0
0 0
0 0
0 0
0 0
0 0
0 0
0 0
0 0
0 0
0 0
0 0
0 0
0 0
0 0
0 0
0 0
0 0
0 0
0 0
0 0
0 0
0 0
0 0
0 0
0 0
0 0
0 0
0 0
0 0
0 0
0 0
0 0
0 0
0 0
0 0
0 0
0 0
0 0
0 0
0 0
0 0
0 0
0 0
0 0
0 0
0 0
0 0
0 0
0 0
0 0
0 0
0 0
0 0
0 0
0 0
0 0
0 0
0 0
0 0
0 0
0 0
0 0
0 0
0 0
0 0
0 0
0 0
0 0
0 0
0 0
0 0
0 0
0 0
0 0
0 0
0 0
0 0
0 0
0 0
0 0
0 0
0 0
0 0
0 0
0 0
0 0
0 0
0 0
0 0
0 0
475 262
0 0
0 0
0 0
0 0
0 0
0 0
0 0
0 0
0 0
0 0
0 0
0 0
0 0
0 0
0 0
0 0
0 0
0 0
0 0
0 0
0 0
0 0
0 0
0 0
0 0
0 0
0 0
0 0
0 0
0 0
0 0
0 0
0 0
0 0
0 0
0 0
0 0
0 0
0 0
0 0
0 0
0 0
0 0
0 0
0 0
0 0
0 0
0 0
0 0
0 0
0 0
0 0
0 0
0 0
0 0
0 0
0 0
0 0
0 0
0 0
0 0
0 0
0 0
0 0
0 0
0 0
0 0
0 0
0 0
0 0
0 0
0 0
0 0
0 0
0 0
0 0
0 0
0 0
0 0
0 0
0 0
0 0
0 0
0 0
0 0
0 0
0 0
0 0
0 0
0 0
0 0
0 0
0 0
0 0
0 0
0 0
0 0
0 0
0 0
0 0
0 0
0 0
0 0
0 0
0 0
0 0
0 0
0 0
0 0
0 0
0 0
0 0
0 0
0 0
0 0
0 0
0 0
0 0
0 0
0 0
0 0
0 0
0 0
0 0
0 0
0 0
0 0
0 0
0 0
0 0
0 0
0 0
0 0
0 0
0 0
0 0
0 0
0 0
0 0
0 0
0 0
0 0
0 0
0 0
0 0
0 0
0 0
0 0
0 0
0 0
0 0
0 0
0 0
0 0
0 0
0 0
0 0
0 0
0 0
0 0
0 0
0 0
0 0
0 0
0 0
0 0
0 0
0 0
0 0
0 0
0 0
0 0
0 0
0 0
0 0
0 0
0 0
0 0
0 0
0 0
0 0
0 0
0 0
0 0
0 0
0 0
0 0
0 0
0 0
0 0
0 0
0 0
493 513
0 0
0 0
0 0
0 0
0 0
0 0
0 0
0 0
0 0
0 0
0 0
0 0
0 0
0 0
0 0
0 0
0 0
0 0
0 0
0 0
0 0
0 0
0 0
0 0
0 0
0 0
0 0
0 0
0 0
513 376
0 0
0 0
0 0
0 0
0 0
0 0
0 0
0 0
0 0
0 0
0 0
0 0
0 0
0 0
0 0
0 0
0 0
0 0
0 0
0 0
0 0
0 0
0 0
0 0
0 0
0 0
0 0
0 0
0 0
0 0
0 0
0 0
0 0
0 0
0 0
0 0
0 0
0 0
0 0
0 0
0 0
0 0
0 0
0 0
0 0
0 0
0 0
0 0
0 0
0 0
0 0
0 0
0 0
0 0
0 0
376 361
0 0
0 0
0 0
0 0
0 0
0 0
0 0
0 0
0 0
0 0
0 0
0 0
0 0
0 0
0 0
0 0
0 0
0 0
0 0
0 0
0 0
0 0
0 0
0 0
0 0
0 0
0 0
0 0
0 0
0 0
0 0
0 0
0 0
0 0
0 0
0 0
0 0
0 0
0 0
0 0
0 0
0 0
0 0
0 0
0 0
0 0
0 0
0 0
0 0
0 0
0 0
0 0
0 0
0 0
0 0
0 0
0 0
0 0
0 0
0 0
0 0
0 0
0 0
0 0
0 0
0 0
0 0
0 0
0 0
0 0
0 0
0 0
0 0
0 0
0 0
0 0
0 0
0 0
0 0
0 0
0 0
0 0
0 0
0 0
0 0
0 0
0 0
0 0
0 0
0 0
0 0
0 0
0 0
0 0
0 0
0 0
0 0
0 0
0 0
0 0
0 0
0 0
0 0
0 0
0 0
0 0
0 0
0 0
0 0
0 0
0 0
0 0
0 0
0 0
0 0
0 0
0 0
0 0
0 0
0 0
0 0
0 0
0 0
0 0
0 0
0 0
0 0
0 0
0 0
0 0
0 0
0 0
0 0
0 0
0 0
0 0
0 0
0 0
0 0
0 0
0 0
0 0
0 0
0 0
0 0
0 0
0 0
0 0
0 0
0 0
0 0
0 0
0 0
0 0
0 0
0 0
0 0
0 0
0 0
0 0
0 0
0 0
0 0
0 0
0 0
0 0
0 0
0 0
0 0
0 0
0 0
0 0
0 0
0 0
0 0
0 0
0 0
0 0
0 0
0 0
0 0
0 0
0 0
0 0
0 0
0 0
0 0
0 0
0 0
0 0
0 0
0 0
0 0
0 0
0 0
0 0
0 0
0 0
0 0
0 0
0 0
0 0
0 0
0 0
0 0
0 0
0 0
0 0
0 0
0 0
0 0
0 0
0 0
0 0
0 0
0 0
0 0
0 0
0 0
0 0
0 0
0 0
0 0
0 0
0 0
0 0
0 0
0 0
0 0
0 0
0 0
0 0
0 0
0 0
0 0
0 0
0 0
0 0
0 0
0 0
0 0
0 0
0 0
0 0
0 0
0 0
0 0
0 0
0 0
0 0
0 0
0 0
0 0
0 0
0 0
0 0
0 0
0 0
0 0
0 0
0 0
0 0
0 0
0 0
0 0
0 0
0 0
0 0
0 0
0 0
0 0
0 0
0 0
0 0
0 0
0 0
0 0
0 0
0 0
0 0
0 0
0 0
0 0
0 0
0 0
0 0
0 0
0 0
0 0
0 0
0 0
0 0
0 0
0 0
0 0
0 0
0 0
0 0
0 0
0 0
0 0
0 0
0 0
0 0
0 0
0 0
0 0
0 0
0 0
0 0
0 0
0 0
0 0
0 0
0 0
0 0
0 0
0 0
0 0
0 0
0 0
0 0
0 0
0 0
0 0
0 0
0 0
0 0
0 0
0 0
0 0
0 0
0 0
0 0
0 0
0 0
0 0
0 0
0 0
0 0
0 0
0 0
0 0
0 0
0 0
0 0
0 0
0 0
0 0
0 0
0 0
0 0
0 0
0 0
0 0
0 0
0 0
0 0
0 0
0 0
0 0
0 0
0 0
0 0
0 0
0 0
0 0
0 0
0 0
0 0
0 0
0 0
0 0
0 0
0 0
0 0
0 0
0 0
0 0
0 0
0 0
0 0
0 0
0 0
0 0
0 0
0 0
0 0
0 0
0 0
0 0
0 0
0 0
0 0
0 0
0 0
0 0
0 0
0 0
0 0
0 0
0 0
0 0
0 0
0 0
0 0
0 0
0 0
0 0
0 0
0 0
0 0
0 0
0 0
0 0
0 0
0 0
0 0
0 0
0 0
0 0
0 0
0 0
0 0
0 0
0 0
0 0
0 0
0 0
0 0
0 0
0 0
0 0
0 0
0 0
0 0
0 0
0 0
0 0
0 0
0 0
0 0
0 0
0 0
0 0
0 0
0 0
0 0
0 0
0 0
0 0
0 0
0 0
0 0
89 546
546 133
262 547
547 214
493 548
548 39
1188
0 1
446 0
1 2
444 1
1 446
1 453
2 3
453 2
3 4
453 3
4 5
4 453
5 6
439 5
5 440
453 5
6 7
6 439
7 8
7 438
7 439
8 9
8 10
436 8
437 8
438 8
9 10
10 11
10 434
10 435
436 10
11 12
11 434
12 13
432 12
12 433
12 434
13 14
431 13
13 432
14 15
14 430
431 14
15 16
429 15
15 430
16 17
16 428
429 16
17 18
427 17
17 428
18 19
426 18
18 427
19 20
19 425
19 426
20 21
424 20
425 20
21 22
424 21
22 23
22 423
22 424
23 24
421 23
422 23
23 423
24 25
421 24
25 26
419 25
420 25
421 25
26 27
418 26
419 26
27 28
27 417
27 418
28 29
28 416
28 417
29 30
29 415
29 416
30 31
414 30
30 415
31 32
31 413
31 414
32 33
413 32
32 545
33 34
33 545
34 35
34 545
35 36
35 544
545 35
36 37
36 543
36 544
37 38
37 543
38 39
543 38
39 40
39 540
39 542
543 39
40 41
40 542
41 42
542 41
42 43
42 542
43 44
43 539
43 542
44 45
539 44
45 46
45 539
46 47
536 46
539 46
47 48
47 536
48 49
48 536
49 50
49 516
521 49
536 49
50 51
50 521
51 52
51 521
52 53
521 52
53 54
53 521
54 55
520 54
521 54
55 56
55 519
55 520
56 57
519 56
57 58
519 57
523 57
58 59
58 523
59 60
522 59
523 59
60 61
60 522
61 62
493 61
494 61
61 522
62 63
62 492
494 62
63 64
492 63
64 65
492 64
499 64
65 66
65 499
66 67
66 499
511 66
67 68
511 67
68 69
68 486
511 68
69 70
69 486
70 71
486 70
487 70
71 72
71 487
71 488
72 73
72 488
73 74
142 73
73 488
74 75
141 74
74 142
75 76
75 139
140 75
141 75
76 77
139 76
77 78
77 137
138 77
139 77
78 79
136 78
137 78
79 80
79 136
80 81
80 135
136 80
81 82
133 81
134 81
81 135
82 83
82 133
83 84
83 132
83 133
84 85
84 130
84 131
84 132
85 86
85 129
130 85
86 87
86 129
87 88
128 87
87 129
88 89
88 127
88 128
89 90
126 89
89 127
90 91
90 125
90 126
91 92
124 91
91 125
92 93
123 92
124 92
93 94
122 93
123 93
94 95
94 121
122 94
95 96
95 120
95 121
96 97
119 96
120 96
97 98
97 117
118 97
97 119
98 99
98 117
99 100
99 116
99 117
100 101
100 115
100 116
101 102
113 101
114 101
101 115
102 103
111 102
112 102
113 102
103 104
103 105
103 111
104 105
105 106
109 105
110 105
105 111
106 107
106 109
107 108
107 109
108 109
109 110
110 111
111 112
112 113
113 114
114 115
115 116
116 117
117 118
118 119
119 120
120 121
121 122
122 123
123 124
124 125
125 126
126 127
127 128
128 129
129 130
130 131
131 132
132 133
133 134
134 135
135 136
136 137
137 138
138 139
139 140
140 141
141 142
142 143
142 488
143 144
143 488
144 145
488 144
145 146
145 487
488 145
146 147
487 146
147 148
147 485
487 147
148 149
485 148
149 150
149 482
149 485
150 151
482 150
151 152
472 151
151 482
152 153
152 471
152 472
153 154
153 469
153 471
154 155
469 154
155 156
155 460
155 469
156 157
460 156
157 158
157 460
158 159
158 460
158 465
159 160
159 465
160 161
160 465
161 162
465 161
162 163
162 457
465 162
163 164
163 457
164 165
164 457
165 166
457 165
166 167
457 166
463 166
167 168
463 167
168 169
168 463
169 170
169 463
170 171
170 463
171 172
458 171
171 462
171 463
172 173
458 172
173 174
173 458
174 175
174 458
175 176
175 458
176 177
176 178
458 176
177 178
178 179
458 178
179 180
179 458
459 179
464 179
180 181
459 180
181 182
459 181
182 183
184 182
182 459
182 468
183 184
184 185
184 468
185 186
468 185
186 187
468 186
187 188
468 187
470 187
188 189
188 470
188 471
189 190
471 189
190 191
471 190
190 472
191 192
472 191
191 475
192 193
475 192
192 502
193 194
500 193
502 193
194 195
194 500
512 194
195 196
512 195
196 197
512 196
196 524
197 198
524 197
198 199
524 198
525 198
199 200
525 199
200 201
525 200
201 202
267 201
201 525
202 203
266 202
267 202
203 204
203 265
203 266
204 205
264 204
265 204
205 206
205 263
264 205
206 207
262 206
206 263
207 208
207 261
207 262
208 209
208 260
208 261
209 210
209 259
209 260
210 211
210 258
259 210
211 212
257 211
258 211
212 213
212 256
212 257
213 214
255 213
213 256
214 215
254 214
214 255
215 216
215 253
215 254
216 217
216 252
216 253
217 218
251 217
252 217
218 219
218 250
218 251
219 220
249 219
219 250
220 221
248 220
249 220
221 222
221 247
248 221
222 223
222 246
222 247
223 224
223 245
246 223
224 225
224 244
224 245
225 226
243 225
225 244
226 227
242 226
226 243
227 228
241 227
227 242
228 229
228 241
229 230
240 229
241 229
230 231
230 238
230 240
231 232
231 238
232 233
232 237
232 238
233 234
233 235
236 233
233 237
234 235
235 236
236 237
237 238
238 239
240 238
239 240
240 241
241 242
242 243
243 244
244 245
245 246
246 247
247 248
248 249
249 250
250 251
251 252
252 253
253 254
254 255
255 256
256 257
257 258
258 259
259 260
260 261
261 262
262 263
263 264
264 265
265 266
266 267
267 268
525 267
268 269
525 268
269 270
525 269
270 271
524 270
525 270
271 272
512 271
524 271
272 273
272 512
273 274
500 273
503 273
512 273
274 275
274 503
275 276
498 275
275 503
276 277
276 498
277 278
277 497
498 277
278 279
497 278
279 280
497 279
506 279
280 281
280 506
281 282
504 281
281 506
282 283
282 504
282 507
283 284
283 507
284 285
507 284
508 284
285 286
508 285
285 509
286 287
286 509
287 288
287 509
288 289
288 476
288 509
289 290
476 289
290 291
290 476
291 292
291 455
291 476
292 293
292 455
293 294
455 293
293 479
294 295
294 479
295 296
479 295
296 297
296 479
297 298
479 297
480 297
297 481
298 299
298 480
529 298
299 300
299 529
300 301
300 529
301 302
301 529
302 303
302 528
529 302
303 304
303 528
303 531
304 305
531 304
305 306
531 305
305 533
306 307
306 533
307 308
533 307
308 309
308 378
379 308
308 533
309 310
309 378
310 311
376 310
377 310
378 310
311 312
375 311
311 376
312 313
312 375
313 314
313 374
313 375
314 315
372 314
314 373
314 374
315 316
372 315
316 317
316 370
316 371
372 316
317 318
369 317
317 370
318 319
318 368
318 369
319 320
367 319
368 319
320 321
320 366
320 367
321 322
321 365
321 366
322 323
364 322
322 365
323 324
364 323
324 325
362 324
363 324
364 324
325 326
361 325
362 325
326 327
326 360
361 326
327 328
359 327
360 327
328 329
358 328
359 328
329 330
357 329
358 329
330 331
357 330
331 332
331 355
356 331
357 331
332 333
354 332
355 332
333 334
333 352
333 353
333 354
334 335
352 334
335 336
352 335
335 467
336 337
336 467
337 338
337 461
337 467
338 339
338 454
338 461
339 340
339 454
340 341
454 340
341 342
454 341
342 343
342 344
454 342
343 344
344 345
344 454
345 346
345 454
346 347
454 346
347 348
347 454
348 349
454 348
348 461
349 350
461 349
349 467
350 351
350 467
351 352
467 351
352 353
352 467
353 354
354 355
355 356
356 357
357 358
358 359
359 360
360 361
361 362
362 363
363 364
364 365
365 366
366 367
367 368
368 369
369 370
370 371
371 372
372 373
373 374
374 375
375 376
376 377
377 378
378 379
379 380
379 533
380 381
533 380
381 382
533 381
382 383
531 382
533 382
383 384
383 531
383 532
384 385
384 532
385 386
385 532
386 387
386 530
532 386
387 388
530 387
388 389
530 388
389 390
389 480
389 530
390 391
478 390
390 480
481 390
391 392
478 391
392 393
478 392
393 394
478 393
394 395
477 394
394 478
514 394
394 515
395 396
515 395
517 395
396 397
396 517
397 398
397 517
397 535
398 399
398 534
535 398
398 538
399 400
399 538
400 401
538 400
401 402
401 538
402 403
402 538
541 402
403 404
403 541
404 405
404 541
405 406
540 405
405 541
406 407
406 540
406 543
407 408
407 543
408 409
543 408
544 408
409 410
409 544
410 411
410 544
410 545
411 412
411 545
412 413
545 412
413 414
413 545
414 415
415 416
416 417
417 418
418 419
419 420
420 421
421 422
422 423
423 424
424 425
425 426
426 427
427 428
428 429
429 430
430 431
431 432
432 433
433 434
434 435
435 436
436 437
437 438
438 439
439 440
440 441
440 453
441 442
441 453
442 443
442 453
443 444
443 453
444 445
444 446
453 444
445 446
474 447
447 483
495 447
447 496
501 447
490 448
491 448
448 492
448 494
448 504
506 448
449 515
516 449
517 449
449 519
520 449
449 521
449 527
455 450
476 450
477 450
508 450
450 509
450 513
450 514
450 518
451 474
475 451
482 451
451 483
485 451
452 459
452 460
452 462
464 452
465 452
452 466
454 461
455 476
455 477
455 478
455 479
456 505
507 456
508 456
518 456
456 526
462 457
463 457
465 457
458 462
464 458
459 464
466 459
468 459
465 460
466 460
460 469
461 467
462 463
462 464
462 465
466 468
469 466
466 470
468 470
469 470
471 469
470 471
471 472
475 472
472 482
483 473
473 484
485 473
473 486
473 495
511 473
474 475
474 483
474 501
474 502
482 475
475 502
509 476
478 477
477 514
479 478
481 478
481 479
481 480
480 529
480 530
485 482
485 483
495 483
484 491
492 484
495 484
484 499
484 511
485 486
485 487
487 486
511 486
487 488
496 489
497 489
489 498
501 489
503 489
491 490
495 490
496 490
497 490
506 490
491 492
495 491
494 492
492 499
493 494
493 504
493 505
493 510
522 493
504 494
495 496
496 497
501 496
498 497
506 497
498 503
511 499
501 500
502 500
500 503
512 500
501 502
501 503
504 505
504 506
507 504
505 507
510 505
505 526
507 508
508 509
508 518
519 510
522 510
510 523
510 526
510 527
512 524
514 513
515 513
513 518
513 526
527 513
514 515
515 517
515 527
516 517
516 521
516 535
516 536
517 535
518 526
519 520
523 519
527 519
521 520
523 522
525 524
526 527
529 528
528 530
531 528
532 528
530 529
530 532
531 532
533 531
535 534
536 534
538 534
539 534
536 535
536 539
537 538
537 539
541 537
542 537
538 539
538 541
539 542
540 541
542 540
540 543
541 542
543 544
545 544
