igl::opengl::glfw::Viewer usage:
  [drag]  Rotate scene
  A,a     Toggle animation (tight draw loop)
  F,f     Toggle face based
  I,i     Toggle invert normals
  L,l     Toggle wireframe
  O,o     Toggle orthographic/perspective projection
  T,t     Toggle filled faces
  Z       Snap to canonical view
  [,]     Toggle between rotation control types (trackball, two-axis
          valuator with fixed up, 2D mode with no rotation))
  <,>     Toggle between models
  ;       Toggle vertex labels
  :       Toggle face labels
Total area of original mesh: 17046.1
V:: 307 3
F:: 371 3
Areathreshold: 0.999989
Areathreshold: 0.999943
Areathreshold: 0.999763
Areathreshold: 0.999056
Areathreshold: 0.996392
Areathreshold: 0.987045
Areathreshold: 0.956822
Areathreshold: 0.867182
Areathreshold: 0.65144
Areathreshold: 0.337867
Areathreshold: 0.116067
Areathreshold: 0.0362761
Areathreshold: 0.0168564
Areathreshold: 0
Edges: 677  Faces: 371
250  251  65  483  319  273  336  38  147  255  204  136  526  107  305  346  349  423  394  88  447  261  123  333  335  461  409  545  119  631  632  633  143  504  266  357  361  159  350  298  16  20  334  477  294  300  304  256  365  509  327  421  424  176  105  108  128  133  585  668  610  397  401  33  416  612  481  484  22  472  650  221  516  120  451  310  561  563  565  566  567  341  345  531  475  480  577  600  605  637  240  85  306  309  580  9  391  231  247  249  255  366  194  629  568  571  572  601  620  497  211  152  551  437  521  354  358  198  18  402  408  290  626  343  60  305  312  300  304  28  388  392  384  389  14  17  202  427  432  195  541  63  67  367  573  446  659  662  110  113  78  406  232  487  350  351  356  223  75  534  537  118  122  383  436  438  456  334  4  70  613  615  616  617  181  82  80  102  200  277  413  125  290  301  284  469  474  524  528  628  636  358  218  36  40  177  26  471  279  254  258  556  559  94  92  95  449  452  405  463  120  129  659  662  300  304  531  533  540  591  529  56  374  378  264  267  511  549  135  411  415  237  247  458  166  445  185  190  236  491  31  35  489  492  494  612  357  361  364  365  519  145  514  213  217  334  637  58  103  534  537  596  644  647  477  478  486  487  488  592  593  169  157  160  391  191  200  277  48  51  52  53  399  389  467  185  190  502  201  202  279  280  283  172  598  641  642  601  602  194  282  628  629  632  127  135  495  498  6  331  519  588  654  371  375  468  50  298  594  117  118  45  183  75  77  84  606  534  537  544  547  550  673  674  334  201  202  611  357  361  364  373  575  622  369  14  17  532  164  642  145  586  186  477  478  565  566  593  623  624  188  192  279  280  31  35  517  
0,0     0,0     0,0     0,0     0,0     0,0     0,0     0,0     0,0     0,0     0,0     0,0     0,0     0,0     0,0     0,0     0,0     0,0     0,0     0,0     0,0     0,0     0,0     0,0     0,0     0,0     0,0     0,0     0,0     0,0     0,0     287,285     0,0     0,0     0,0     287,285     0,0     0,0     0,0     0,0     0,0     0,0     0,0     0,0     0,0     285,272     285,272     0,0     272,251     0,0     251,277     0,0     272,251     0,0     0,0     251,277     0,0     0,0     0,0     0,0     0,0     0,0     0,0     0,0     0,0     0,0     0,0     0,0     0,0     0,0     0,0     0,0     0,0     0,0     0,0     0,0     0,0     0,0     0,0     0,0     0,0     0,0     0,0     0,0     0,0     0,0     0,0     0,0     0,0     0,0     0,0     0,0     0,0     0,0     0,0     0,0     0,0     0,0     0,0     0,0     0,0     0,0     0,0     0,0     0,0     0,0     0,0     0,0     0,0     0,0     0,0     0,0     0,0     0,0     0,0     0,0     0,0     0,0     0,0     0,0     0,0     0,0     0,0     0,0     0,0     0,0     0,0     0,0     0,0     0,0     0,0     0,0     0,0     0,0     0,0     0,0     0,0     0,0     0,0     0,0     0,0     0,0     0,0     0,0     0,0     0,0     0,0     0,0     0,0     0,0     0,0     0,0     0,0     0,0     0,0     0,0     0,0     0,0     0,0     0,0     0,0     0,0     0,0     0,0     277,251     0,0     0,0     0,0     251,277     0,0     0,0     0,0     0,0     0,0     0,0     0,0     0,0     0,0     0,0     0,0     0,0     0,0     0,0     251,282     0,0     0,0     282,251     0,0     282,283     0,0     283,282     283,118     118,283     0,0     0,0     0,0     0,0     0,0     0,0     0,0     0,0     0,0     0,0     0,0     0,0     0,0     0,0     0,0     0,0     0,0     0,0     0,0     0,0     0,0     0,0     0,0     0,0     0,0     0,0     0,0     0,0     0,0     0,0     0,0     0,0     0,0     0,0     0,0     0,0     0,0     0,0     0,0     0,0     0,0     0,0     0,0     0,0     0,0     0,0     0,0     0,0     0,0     0,0     0,0     0,0     0,0     0,0     0,0     0,0     0,0     0,0     0,0     0,0     0,0     0,0     0,0     0,0     0,0     0,0     0,0     0,0     0,0     0,0     0,0     0,0     0,0     0,0     0,0     0,0     0,0     0,0     0,0     0,0     0,0     0,0     0,0     0,0     0,0     0,0     118,283     118,283     0,0     0,0     0,0     283,278     0,0     0,0     283,278     278,123     0,0     0,0     0,0     278,123     0,0     0,0     0,0     0,0     0,0     0,0     0,0     0,0     0,0     0,0     0,0     0,0     0,0     0,0     0,0     0,0     0,0     0,0     0,0     0,0     0,0     0,0     0,0     0,0     0,0     0,0     0,0     0,0     0,0     0,0     0,0     0,0     0,0     0,0     0,0     0,0     0,0     0,0     0,0     0,0     0,0     0,0     0,0     0,0     0,0     0,0     0,0     0,0     0,0     0,0     0,0     0,0     0,0     0,0     0,0     0,0     0,0     0,0     0,0     0,0     0,0     0,0     0,0     0,0     0,0     0,0     0,0     0,0     0,0     0,0     0,0     0,0     0,0     0,0     0,0     0,0     123,278     0,0     278,283     0,0     278,123     0,0     278,283     0,0     0,0     0,0     0,0     0,0     0,0     0,0     0,0     0,0     0,0     0,0     0,0     0,0     0,0     0,0     0,0     0,0     0,0     0,0     0,0     0,0     0,0     0,0     0,0     0,0     0,0     0,0     0,0     0,0     0,0     0,0     0,0     0,0     0,0     0,0     0,0     0,0     0,0     0,0     0,0     0,0     0,0     0,0     0,0     0,0     0,0     0,0     0,0     0,0     0,0     0,0     0,0     0,0     0,0     0,0     0,0     0,0     0,0     0,0     0,0     0,0     0,0     0,0     0,0     0,0     0,0     0,0     0,0     0,0     0,0     0,0     0,0     0,0     0,0     0,0     0,0     0,0     0,0     0,0     0,0     0,0     0,0     0,0     0,0     0,0     0,0     0,0     0,0     0,0     0,0     0,0     0,0     0,0     0,0     0,0     283,282     0,0     283,282     0,0     0,0     0,0     282,251     282,251     0,0     282,263     0,0     0,0     0,0     0,0     0,0     0,0     0,0     0,0     0,0     0,0     0,0     0,0     0,0     0,0     251,272     0,0     0,0     251,272     0,0     0,0     0,0     272,285     0,0     0,0     285,272     0,0     0,0     0,0     0,0     0,0     0,0     0,0     0,0     285,287     0,0     0,0     287,285     0,0     0,0     0,0     0,0     0,0     0,0     0,0     0,0     0,0     0,0     0,0     0,0     0,0     0,0     0,0     0,0     0,0     0,0     0,0     0,0     0,0     0,0     0,0     0,0     0,0     0,0     0,0     0,0     0,0     0,0     0,0     0,0     0,0     0,0     0,0     0,0     0,0     0,0     0,0     0,0     0,0     0,0     0,0     0,0     0,0     0,0     0,0     282,251     282,251     0,0     0,0     0,0     0,0     0,0     0,0     0,0     0,0     0,0     0,0     0,0     0,0     0,0     0,0     0,0     0,0     0,0     0,0     0,0     0,0     0,0     0,0     0,0     0,0     0,0     0,0     282,251     0,0     0,0     0,0     0,0     0,0     0,0     0,0     0,0     0,0     0,0     0,0     0,0     0,0     0,0     0,0     0,0     0,0     272,251     0,0     263,282     282,263     0,0     283,282     283,282     0,0     0,0     0,0     0,0     0,0     282,251     282,251     0,0     282,263     263,282     282,283     282,283     0,0     0,0     278,283     0,0     0,0     0,0     0,0     0,0     0,0     0,0     272,285     0,0     277,251     0,0     278,123     123,278     283,278     0,0     283,282     0,0     0,0     0,0     0,0     285,287     0,0     0,0     0,0     0,0     0,0     0,0     0,0     0,0     0,0     0,0     0,0     0,0     0,0     0,0     0,0     0,0     0,0     0,0     0,0     0,0     0,0     0,0     0,0     
0,0,0      0,0,0      0,0,0      0,0,0      0,0,0      0,0,0      0,0,0      0,0,0      0,0,0      0,0,0      0,0,0      0,0,0      0,0,0      0,0,0      0,0,0      0,0,0      0,0,0      0,0,0      0,0,0      0,0,0      0,0,0      0,0,0      0,0,0      0,0,0      0,0,0      0,0,0      0,0,0      0,0,0      0,0,0      0,0,0      0,0,0      0,0,0      0,0,0      0,0,0      0,0,0      0,0,0      0,0,0      0,0,0      0,0,0      0,0,0      0,0,0      0,0,0      0,0,0      0,0,0      0,0,0      0,0,0      0,0,0      0,0,0      0,0,0      0,0,0      0,0,0      0,0,0      0,0,0      0,0,0      0,0,0      0,0,0      0,0,0      0,0,0      0,0,0      0,0,0      0,0,0      0,0,0      0,0,0      0,0,0      0,0,0      0,0,0      0,0,0      0,0,0      0,0,0      0,0,0      0,0,0      0,0,0      0,0,0      0,0,0      0,0,0      0,0,0      0,0,0      0,0,0      0,0,0      0,0,0      0,0,0      0,0,0      0,0,0      0,0,0      0,0,0      0,0,0      0,0,0      0,0,0      0,0,0      0,0,0      0,0,0      0,0,0      0,0,0      0,0,0      0,0,0      0,0,0      0,0,0      0,0,0      0,0,0      0,0,0      0,0,0      0,0,0      0,0,0      0,0,0      0,0,0      0,0,0      0,0,0      0,0,0      0,0,0      0,0,0      0,0,0      0,0,0      0,0,0      0,0,0      0,0,0      0,0,0      0,0,0      0,0,0      0,0,0      0,0,0      0,0,0      0,0,0      0,0,0      0,0,0      0,0,0      0,0,0      0,0,0      0,0,0      0,0,0      0,0,0      0,0,0      0,0,0      0,0,0      0,0,0      0,0,0      0,0,0      0,0,0      0,0,0      0,0,0      0,0,0      0,0,0      0,0,0      0,0,0      0,0,0      0,0,0      0,0,0      0,0,0      0,0,0      0,0,0      0,0,0      0,0,0      0,0,0      0,0,0      0,0,0      0,0,0      0,0,0      0,0,0      0,0,0      0,0,0      0,0,0      0,0,0      0,0,0      0,0,0      0,0,0      0,0,0      0,0,0      0,0,0      0,0,0      0,0,0      0,0,0      0,0,0      0,0,0      0,0,0      0,0,0      0,0,0      0,0,0      0,0,0      0,0,0      0,0,0      0,0,0      0,0,0      0,0,0      0,0,0      0,0,0      0,0,0      0,0,0      0,0,0      0,0,0      0,0,0      0,0,0      0,0,0      0,0,0      0,0,0      0,0,0      0,0,0      0,0,0      0,0,0      0,0,0      0,0,0      0,0,0      0,0,0      0,0,0      0,0,0      0,0,0      0,0,0      0,0,0      0,0,0      0,0,0      0,0,0      0,0,0      0,0,0      0,0,0      0,0,0      0,0,0      0,0,0      0,0,0      0,0,0      0,0,0      0,0,0      0,0,0      0,0,0      0,0,0      0,0,0      0,0,0      0,0,0      0,0,0      0,0,0      0,0,0      0,0,0      0,0,0      0,0,0      0,0,0      0,0,0      0,0,0      0,0,0      0,0,0      0,0,0      0,0,0      0,0,0      0,0,0      0,0,0      0,0,0      0,0,0      0,0,0      0,0,0      0,0,0      0,0,0      0,0,0      0,0,0      0,0,0      0,0,0      0,0,0      0,0,0      0,0,0      0,0,0      0,0,0      0,0,0      0,0,0      0,0,0      0,0,0      0,0,0      0,0,0      0,0,0      0,0,0      0,0,0      0,0,0      0,0,0      0,0,0      0,0,0      0,0,0      0,0,0      0,0,0      0,0,0      0,0,0      0,0,0      0,0,0      0,0,0      0,0,0      0,0,0      0,0,0      0,0,0      0,0,0      0,0,0      0,0,0      0,0,0      0,0,0      0,0,0      0,0,0      0,0,0      0,0,0      0,0,0      0,0,0      0,0,0      0,0,0      0,0,0      0,0,0      0,0,0      0,0,0      0,0,0      0,0,0      0,0,0      0,0,0      0,0,0      0,0,0      0,0,0      0,0,0      0,0,0      0,0,0      0,0,0      0,0,0      0,0,0      0,0,0      0,0,0      0,0,0      0,0,0      0,0,0      0,0,0      0,0,0      0,0,0      0,0,0      0,0,0      0,0,0      0,0,0      0,0,0      0,0,0      0,0,0      0,0,0      0,0,0      0,0,0      0,0,0      0,0,0      0,0,0      0,0,0      0,0,0      0,0,0      0,0,0      0,0,0      0,0,0      0,0,0      0,0,0      0,0,0      0,0,0      0,0,0      0,0,0      0,0,0      0,0,0      0,0,0      0,0,0      0,0,0      0,0,0      0,0,0      0,0,0      0,0,0      0,0,0      0,0,0      0,0,0      0,0,0      0,0,0      0,0,0      0,0,0      0,0,0      0,0,0      0,0,0      0,0,0      0,0,0      0,0,0      0,0,0      0,0,0      0,0,0      0,0,0      0,0,0      
